7.27043000e-03 6.44495811e-03 1.48882371e-02
7.78974585e-03 -5.24639904e-03 9.34427032e-03
8.30906158e-03 -1.24307759e-04 7.91710330e-03
8.82837719e-03 9.36489215e-04 5.27960741e-03
9.34769265e-03 -9.20092370e-04 3.45410967e-03
9.86700798e-03 1.18897034e-03 3.10779109e-03
1.03863231e-02 2.82788065e-03 2.36280441e-03
1.09056382e-02 -1.08519773e-03 2.14109921e-03
1.14249530e-02 -1.88561655e-04 1.99261238e-03
1.19442677e-02 -2.24435623e-03 1.75186487e-03
1.24635822e-02 -1.37921507e-03 1.74077353e-03
1.29828965e-02 2.14696660e-04 1.53911570e-03
1.35022105e-02 1.54914420e-03 1.43708157e-03
1.40215244e-02 1.57674520e-03 1.39810647e-03
1.45408381e-02 -1.60733933e-03 1.46974216e-03
1.50601516e-02 -2.53616677e-03 1.53969384e-03
1.55794648e-02 -1.46757972e-06 1.34622239e-03
1.60987777e-02 3.58709778e-05 1.33889306e-03
1.66180905e-02 4.41992188e-05 1.21117006e-03
1.71374029e-02 6.70799473e-04 1.29319844e-03
1.76567152e-02 1.53156717e-03 1.26418076e-03
1.81760271e-02 -1.76618233e-04 1.19145402e-03
1.86953388e-02 3.29003969e-04 1.23171178e-03
1.92146501e-02 2.59807876e-04 1.26122867e-03
1.97339612e-02 -4.70540459e-04 1.14171534e-03
2.02532720e-02 -1.62257600e-04 1.04758664e-03
2.07725824e-02 1.13045993e-04 1.16086748e-03
2.12918926e-02 6.40742657e-04 1.08368596e-03
2.18112024e-02 -1.10164102e-03 1.12765534e-03
2.23305119e-02 -2.29879780e-04 1.05770496e-03
2.28498210e-02 -4.81789765e-05 1.10642238e-03
2.33691298e-02 -2.59991309e-04 9.97726743e-04
2.38884382e-02 -4.62687946e-04 9.83975004e-04
2.44077463e-02 -3.41841364e-05 1.01787964e-03
2.49270540e-02 -4.15656705e-04 9.96693238e-04
2.54463613e-02 -3.25134755e-04 9.72565480e-04
2.59656682e-02 -1.55952362e-03 9.33942635e-04
2.64849747e-02 -7.13751758e-04 9.64341762e-04
2.70042808e-02 -6.90552145e-04 9.73367675e-04
2.75235865e-02 6.04678889e-04 1.00985751e-03
2.80428918e-02 -6.77485649e-04 9.93394370e-04
2.85621966e-02 -4.01583042e-04 8.93451764e-04
2.90815010e-02 9.91565334e-04 9.93121304e-04
2.96008049e-02 2.59353414e-03 9.11821634e-04
3.01201084e-02 1.50724791e-03 9.30259865e-04
3.06394115e-02 1.23387440e-03 9.15035902e-04
3.11587140e-02 1.18817770e-03 8.94405920e-04
3.16780161e-02 -6.50402698e-04 8.66003107e-04
3.21973177e-02 -3.69178136e-04 8.53699284e-04
3.27166188e-02 7.04148707e-04 9.53814462e-04
3.32359194e-02 -1.49786882e-04 8.58189491e-04
3.37552195e-02 -5.55106006e-04 8.47618381e-04
3.42745190e-02 6.19045026e-04 8.88073358e-04
3.47938181e-02 -2.10360746e-04 8.76466064e-04
3.53131166e-02 -7.56880028e-04 8.28329785e-04
3.58324146e-02 9.78015221e-04 8.19108013e-04
3.63517120e-02 -8.84157499e-04 8.07959905e-04
3.68710088e-02 -5.67729289e-05 8.22131218e-04
3.73903051e-02 -6.11765519e-04 8.06029063e-04
3.79096008e-02 -3.24982107e-05 8.22344429e-04
3.84288959e-02 8.58723512e-04 7.98026308e-04
3.89481905e-02 8.44566640e-04 8.34332633e-04
3.94674844e-02 -1.52409611e-04 7.90320075e-04
3.99867778e-02 -1.08655553e-03 7.78936512e-04
4.05060705e-02 2.84205185e-04 7.97436213e-04
4.10253626e-02 6.46508126e-04 8.18228445e-04
4.15446540e-02 -1.90287719e-03 7.79818772e-04
4.20639449e-02 -2.45608054e-04 7.31230757e-04
4.25832350e-02 1.09847616e-03 7.59281418e-04
4.31025246e-02 3.64357637e-04 8.17577860e-04
4.36218134e-02 -1.15568464e-03 7.24622204e-04
4.41411016e-02 -6.08254048e-04 7.65009782e-04
4.46603891e-02 -6.60917020e-04 7.75776055e-04
4.51796760e-02 -1.90704472e-04 8.06610852e-04
4.56989621e-02 4.95839372e-04 7.95316298e-04
4.62182475e-02 3.78847418e-04 8.05769354e-04
4.67375323e-02 2.52642894e-04 7.64283982e-04
4.72568163e-02 4.67310359e-04 7.58027398e-04
4.77760995e-02 -3.25305324e-04 7.90816513e-04
4.82953821e-02 -6.03584752e-04 7.97964089e-04
4.88146639e-02 8.83589445e-04 7.65035352e-04
4.93339449e-02 -2.11868719e-04 8.07103868e-04
4.98532252e-02 -4.03974915e-04 7.55996094e-04
5.03725048e-02 6.25496208e-05 7.63962134e-04
5.08917835e-02 -7.30651699e-04 7.27037798e-04
5.14110615e-02 6.42683021e-04 7.91866548e-04
5.19303387e-02 -3.16434170e-04 7.18701456e-04
5.24496150e-02 -5.51357169e-04 7.31733332e-04
5.29688906e-02 2.46901556e-05 7.61152404e-04
5.34881654e-02 1.52352495e-04 7.17420416e-04
5.40074393e-02 -8.91386187e-04 7.15621287e-04
5.45267124e-02 -1.06879611e-03 6.96302168e-04
5.50459847e-02 -1.35508375e-04 7.04145880e-04
5.55652561e-02 5.04813604e-04 7.16786819e-04
5.60845267e-02 -2.08401186e-04 6.96815477e-04
5.66037964e-02 6.45724434e-04 7.11747527e-04
5.71230652e-02 4.03841809e-05 6.61250272e-04
5.76423332e-02 -7.29455440e-04 6.71150143e-04
5.81616003e-02 7.47845422e-04 6.82644895e-04
5.86808665e-02 -1.06987939e-04 6.84157191e-04
5.92001317e-02 -8.60587839e-04 6.91897374e-04
5.97193961e-02 -5.04013372e-05 6.91729729e-04
6.02386596e-02 -5.58045355e-04 6.95104150e-04
6.07579221e-02 -1.51686055e-04 6.75934638e-04
6.12771837e-02 2.51335372e-04 7.27723842e-04
6.17964443e-02 7.10164342e-04 6.94125124e-04
6.23157040e-02 6.12224541e-04 6.64162832e-04
6.28349628e-02 6.31637483e-05 6.41761883e-04
6.33542206e-02 -7.63445395e-05 6.53708866e-04
6.38734774e-02 -9.39883422e-04 6.23446982e-04
6.43927332e-02 1.01226983e-03 7.03733955e-04
6.49119880e-02 -6.10243299e-04 7.04218496e-04
6.54312419e-02 1.80238649e-04 6.93485421e-04
6.59504947e-02 -4.87430571e-04 6.73671579e-04
6.64697465e-02 1.37493145e-04 6.98001514e-04
6.69889973e-02 -4.17700591e-04 6.95993258e-04
6.75082471e-02 3.67359504e-05 6.49564831e-04
6.80274958e-02 1.49365801e-04 6.87737264e-04
6.85467435e-02 -3.07914954e-04 6.48588163e-04
6.90659901e-02 -6.67313452e-04 6.79523350e-04
6.95852357e-02 -9.22599618e-04 6.31791561e-04
7.01044802e-02 -5.41339960e-04 6.38365021e-04
7.06237236e-02 9.22850684e-04 6.25916831e-04
7.11429659e-02 -9.90149645e-05 6.35517816e-04
7.16622072e-02 -1.12617622e-03 6.16633133e-04
7.21814473e-02 6.86846087e-04 6.01367238e-04
7.27006863e-02 -9.17717460e-04 6.24085594e-04
7.32199243e-02 2.62740992e-05 5.78648101e-04
7.37391611e-02 6.37147076e-05 6.25268454e-04
7.42583967e-02 1.29169225e-04 6.17728255e-04
7.47776312e-02 1.87166957e-04 6.11068064e-04
7.52968646e-02 -2.37943807e-04 6.00356252e-04
7.58160968e-02 -4.63612171e-04 5.77653047e-04
7.63353279e-02 -9.41977880e-04 6.03102409e-04
7.68545577e-02 4.41842507e-04 5.66620519e-04
7.73737864e-02 2.28178424e-04 5.77307148e-04
7.78930139e-02 -7.25602281e-04 5.83304028e-04
7.84122402e-02 -7.64564734e-04 5.65128731e-04
7.89314653e-02 -1.11370081e-04 5.76260730e-04
7.94506892e-02 -1.11834966e-03 5.64781472e-04
7.99699119e-02 5.50486410e-04 5.76578461e-04
8.04891333e-02 5.32055879e-04 5.98726776e-04
8.10083535e-02 -1.10508215e-04 5.92301935e-04
8.15275725e-02 -8.18384827e-04 5.67050391e-04
8.20467902e-02 -1.85184905e-04 5.73676117e-04
8.25660066e-02 -3.30611122e-04 6.03047842e-04
8.30852218e-02 -3.58939676e-04 5.66160482e-04
8.36044357e-02 4.58948351e-04 5.40633025e-04
8.41236483e-02 8.89231957e-04 5.93727318e-04
8.46428596e-02 -4.58847865e-06 5.53769856e-04
8.51620696e-02 3.13254001e-04 5.49970996e-04
8.56812784e-02 2.38036748e-04 5.46305781e-04
8.62004858e-02 -7.22529396e-04 5.21682767e-04
8.67196918e-02 -1.51793266e-04 5.49362485e-04
8.72388966e-02 -7.56446013e-04 5.46366157e-04
8.77581000e-02 1.41494221e-04 5.32098343e-04
8.82773020e-02 5.04892615e-04 5.25362157e-04
8.87965027e-02 -1.92842751e-04 5.28196205e-04
8.93157020e-02 -1.92338589e-04 5.41523494e-04
8.98349000e-02 -1.25941585e-03 5.18776318e-04
9.03540966e-02 2.58557567e-04 5.17592469e-04
9.08732917e-02 6.60914333e-04 5.25021536e-04
9.13924855e-02 3.32895551e-04 5.31479002e-04
9.19116779e-02 2.83693713e-05 5.31063212e-04
9.24308689e-02 1.33242733e-04 5.36472952e-04
9.29500585e-02 -6.94299571e-04 5.19849753e-04
9.34692466e-02 -7.94044137e-04 5.07252565e-04
9.39884333e-02 -3.84348643e-05 5.23531555e-04
9.45076185e-02 -8.10717587e-04 5.13959873e-04
9.50268023e-02 -2.94115199e-04 5.18839006e-04
9.55459846e-02 -7.94991459e-04 5.19379749e-04
9.60651655e-02 -2.67158925e-04 5.08810102e-04
9.65843449e-02 -2.61773040e-04 5.03724910e-04
9.71035228e-02 -4.22908721e-04 5.07233544e-04
9.76226992e-02 5.00334826e-04 5.22475131e-04
9.81418741e-02 3.50544829e-04 5.08254238e-04
9.86610475e-02 -1.29273660e-04 5.04022007e-04
9.91802194e-02 9.36438983e-05 5.10787662e-04
9.96993898e-02 -1.45356979e-04 4.94954742e-04
1.00218559e-01 -1.50583635e-04 4.93518864e-04
1.00737726e-01 1.31252884e-04 4.95437143e-04
1.01256892e-01 -3.17155695e-04 4.96045967e-04
1.01776056e-01 -8.53171181e-05 4.84100994e-04
1.02295218e-01 4.48923947e-04 4.90169923e-04
1.02814380e-01 3.68391442e-04 4.81685991e-04
1.03333539e-01 -5.54459606e-04 4.75679139e-04
1.03852697e-01 -6.30493236e-04 4.91074489e-04
1.04371853e-01 3.18230245e-04 4.84958224e-04
1.04891008e-01 9.19917530e-05 5.07920950e-04
1.05410161e-01 5.04898129e-04 4.94191512e-04
1.05929312e-01 1.73219885e-04 4.81196962e-04
1.06448462e-01 -3.58353111e-04 4.81514040e-04
1.06967610e-01 5.39276371e-04 4.81339665e-04
1.07486757e-01 2.63836647e-04 4.76261766e-04
1.08005902e-01 -5.12445582e-04 4.93890626e-04
1.08525045e-01 3.39505629e-04 4.68857066e-04
1.09044187e-01 -7.60073134e-04 4.67383861e-04
1.09563327e-01 -1.07193614e-04 4.65961270e-04
1.10082465e-01 4.09113423e-04 4.67894742e-04
1.10601601e-01 -6.91072285e-05 4.88709519e-04
1.11120736e-01 4.70628125e-04 4.66514397e-04
1.11639869e-01 -7.20941858e-05 4.55194512e-04
1.12159001e-01 2.87169988e-04 4.53179000e-04
1.12678130e-01 -1.26785287e-04 4.62112083e-04
1.13197258e-01 2.72376636e-04 4.66364398e-04
1.13716385e-01 -4.37231110e-04 4.64874376e-04
1.14235509e-01 -4.90024593e-04 4.71559094e-04
1.14754632e-01 5.94075912e-04 4.60343593e-04
1.15273753e-01 2.10528979e-04 4.59794428e-04
1.15792872e-01 -2.40419236e-05 4.67156024e-04
1.16311989e-01 2.04674991e-04 4.78351749e-04
1.16831105e-01 -2.62919501e-04 4.77030185e-04
1.17350219e-01 5.39853900e-04 4.71942819e-04
1.17869331e-01 2.55814328e-04 4.66920345e-04
1.18388441e-01 1.64469370e-04 4.65736010e-04
1.18907549e-01 4.14853989e-04 4.66716270e-04
1.19426656e-01 -4.46923705e-04 4.57844949e-04
1.19945761e-01 4.29741521e-04 4.59621671e-04
1.20464864e-01 -3.86363249e-05 4.65932229e-04
1.20983965e-01 1.51818980e-04 4.67809455e-04
1.21503064e-01 3.46302666e-05 4.54541817e-04
1.22022161e-01 -6.98091648e-04 4.40253985e-04
1.22541256e-01 -1.59979112e-04 4.51876001e-04
1.23060350e-01 -5.03315818e-04 4.52006782e-04
1.23579442e-01 -1.23657356e-04 4.48007966e-04
1.24098531e-01 1.71329599e-04 4.48352552e-04
1.24617619e-01 2.54207658e-05 4.47067162e-04
1.25136705e-01 4.61188479e-04 4.42062059e-04
1.25655789e-01 1.35306554e-05 4.42505510e-04
1.26174871e-01 1.17994161e-04 4.46306024e-04
1.26693952e-01 -5.44542734e-04 4.40314882e-04
1.27213030e-01 5.10591887e-05 4.38797306e-04
1.27732106e-01 4.67250142e-04 4.36985587e-04
1.28251180e-01 -1.21268555e-06 4.42157897e-04
1.28770253e-01 -5.90213819e-05 4.37188596e-04
1.29289323e-01 -3.04061046e-04 4.32812212e-04
1.29808391e-01 -3.65575292e-05 4.35395267e-04
1.30327458e-01 4.29860789e-04 4.50102357e-04
1.30846522e-01 2.63538331e-04 4.27593834e-04
1.31365584e-01 -8.11162317e-05 4.14516396e-04
1.31884645e-01 -1.79445322e-04 4.33910919e-04
1.32403703e-01 -4.09252112e-05 4.19811782e-04
1.32922759e-01 -9.27240449e-05 4.28628664e-04
1.33441814e-01 4.09763657e-04 4.34455038e-04
1.33960866e-01 5.29894856e-04 4.30145091e-04
1.34479916e-01 4.74993715e-04 4.22216838e-04
1.34998964e-01 -4.73153125e-04 4.07894377e-04
1.35518010e-01 3.13254636e-04 4.25126156e-04
1.36037054e-01 -7.42730440e-04 4.10874063e-04
1.36556096e-01 4.55264923e-04 4.19332862e-04
1.37075135e-01 5.24005070e-04 4.14697753e-04
1.37594173e-01 2.82239026e-04 4.18233221e-04
1.38113208e-01 2.24631606e-04 4.08646212e-04
1.38632242e-01 -5.03003310e-04 4.26761790e-04
1.39151273e-01 -6.46176315e-05 4.20120816e-04
1.39670302e-01 -4.88483858e-04 4.20498988e-04
1.40189329e-01 -4.11178855e-04 4.19749844e-04
1.40708354e-01 6.47412085e-04 4.22971904e-04
1.41227377e-01 4.85300754e-04 4.26495751e-04
1.41746397e-01 -3.32675312e-05 4.34880371e-04
1.42265415e-01 -3.37625924e-04 4.30825950e-04
1.42784432e-01 -2.14392261e-04 4.20074296e-04
1.43303446e-01 1.73912361e-04 4.18006015e-04
1.43822457e-01 5.75856577e-05 4.15723176e-04
1.44341467e-01 -2.85145878e-04 4.21475326e-04
1.44860474e-01 9.34867876e-05 4.21001465e-04
1.45379479e-01 5.59524292e-04 4.14356339e-04
1.45898482e-01 1.24708411e-04 4.05425421e-04
1.46417483e-01 2.26314156e-04 4.01522989e-04
1.46936481e-01 -9.63847873e-05 4.09188277e-04
1.47455477e-01 -2.73444952e-04 4.11718058e-04
1.47974471e-01 -1.47477295e-04 4.01003540e-04
1.48493463e-01 9.04812910e-05 4.05272835e-04
1.49012452e-01 -7.40981383e-05 3.95513197e-04
1.49531439e-01 -4.13048248e-04 3.97269281e-04
1.50050424e-01 2.46200509e-04 3.83838422e-04
1.50569406e-01 2.48932797e-04 4.06680680e-04
1.51088386e-01 5.24475099e-05 3.95764436e-04
1.51607364e-01 -1.89380613e-04 3.93756022e-04
1.52126339e-01 -2.81733498e-04 3.92032340e-04
1.52645312e-01 1.93499077e-04 3.99145211e-04
1.53164283e-01 5.18623677e-04 4.03763022e-04
1.53683251e-01 1.86854635e-04 3.99123630e-04
1.54202218e-01 -1.56910123e-04 3.96196030e-04
1.54721181e-01 -6.95550445e-04 3.93871135e-04
1.55240143e-01 -4.97864791e-05 4.01685472e-04
1.55759101e-01 3.64126964e-04 4.02517392e-04
1.56278058e-01 -1.88894160e-04 4.02671473e-04
1.56797012e-01 2.08904350e-04 4.18192169e-04
1.57315964e-01 5.83584424e-04 4.11891873e-04
1.57834913e-01 -3.12613684e-04 4.02956198e-04
1.58353860e-01 7.24249914e-05 4.03554625e-04
1.58872805e-01 -7.65694822e-05 4.08663765e-04
1.59391747e-01 -2.36130308e-04 4.00114450e-04
1.59910686e-01 3.08568799e-05 4.08234402e-04
1.60429623e-01 3.46402439e-04 4.09760814e-04
1.60948558e-01 -5.87563648e-05 4.11599727e-04
1.61467490e-01 5.19877674e-04 4.04212885e-04
1.61986420e-01 5.44030999e-04 3.90354572e-04
1.62505347e-01 2.21205349e-05 3.89980182e-04
1.63024272e-01 -4.92706423e-05 3.99559274e-04
1.63543194e-01 1.43411949e-04 3.97473873e-04
1.64062114e-01 -7.41878568e-05 3.94436305e-04
1.64581031e-01 2.92020472e-04 3.94817044e-04
1.65099945e-01 -5.89093834e-05 3.84878256e-04
1.65618858e-01 -5.64827489e-04 3.81772490e-04
1.66137767e-01 1.49501127e-04 3.75604811e-04
1.66656674e-01 3.94693246e-04 3.83589454e-04
1.67175579e-01 2.25154177e-04 3.85645420e-04
1.67694481e-01 8.50847645e-04 3.85280674e-04
1.68213380e-01 8.72772143e-05 3.80797715e-04
1.68732277e-01 2.50548356e-04 3.81912241e-04
1.69251171e-01 -1.52852399e-04 3.96726876e-04
1.69770062e-01 -1.74639354e-04 3.79817382e-04
1.70288951e-01 -1.39487036e-04 3.80922899e-04
1.70807838e-01 2.19925616e-04 3.85884790e-04
1.71326721e-01 2.31683794e-04 3.82576205e-04
1.71845603e-01 -3.56764335e-04 3.72728159e-04
1.72364481e-01 4.81855018e-04 3.82479219e-04
1.72883357e-01 -1.87134800e-04 3.84457948e-04
1.73402230e-01 -4.70257985e-04 3.83125152e-04
1.73921100e-01 7.61942934e-04 3.83841231e-04
1.74439968e-01 -2.94332859e-04 3.87137533e-04
1.74958833e-01 -9.20042650e-04 3.76047318e-04
1.75477696e-01 -9.44814839e-06 3.88358304e-04
1.75996556e-01 9.37638873e-05 3.83290801e-04
1.76515413e-01 -6.06773259e-04 3.76077762e-04
1.77034267e-01 -1.50890921e-04 3.70298317e-04
1.77553119e-01 4.72968168e-04 3.71998202e-04
1.78071968e-01 2.22775064e-04 3.75211091e-04
1.78590814e-01 -3.02221596e-04 3.58188331e-04
1.79109657e-01 -5.84960887e-05 3.66476006e-04
1.79628498e-01 -1.39554743e-04 3.70022948e-04
1.80147336e-01 -1.87538966e-04 3.66671096e-04
1.80666171e-01 -8.43339908e-05 3.70546467e-04
1.81185003e-01 -2.57805788e-04 3.60224631e-04
1.81703833e-01 4.45390242e-04 3.66657085e-04
1.82222660e-01 1.23920651e-04 3.59634909e-04
1.82741484e-01 -9.97377909e-05 3.63680178e-04
1.83260305e-01 -3.72027405e-05 3.53521377e-04
1.83779124e-01 2.55178545e-04 3.56098846e-04
1.84297939e-01 -6.91650607e-04 3.57002313e-04
1.84816752e-01 -2.55276058e-04 3.56657118e-04
1.85335562e-01 4.40977004e-04 3.57979249e-04
1.85854369e-01 -1.88002856e-04 3.49985078e-04
1.86373173e-01 -6.26880734e-04 3.48146553e-04
1.86891975e-01 5.93550993e-04 3.55086627e-04
1.87410773e-01 4.59630881e-04 3.50972023e-04
1.87929569e-01 2.23127808e-04 3.50232577e-04
1.88448361e-01 1.33456789e-04 3.45500072e-04
1.88967151e-01 -2.15831442e-04 3.51291686e-04
1.89485938e-01 -8.94386608e-05 3.43116441e-04
1.90004722e-01 -9.33278617e-05 3.43371032e-04
1.90523503e-01 -4.11704734e-04 3.50003955e-04
1.91042282e-01 2.97619313e-04 3.45699597e-04
1.91561057e-01 1.69880244e-04 3.47076171e-04
1.92079829e-01 -1.03030936e-04 3.50047577e-04
1.92598599e-01 -5.25937009e-04 3.46804071e-04
1.93117365e-01 -4.38094044e-05 3.46107813e-04
1.93636128e-01 1.14945259e-04 3.45478906e-04
1.94154889e-01 -1.15919948e-04 3.39840598e-04
1.94673646e-01 -3.02725456e-04 3.39468860e-04
1.95192401e-01 9.59939128e-05 3.41049146e-04
1.95711153e-01 8.07406515e-05 3.29611646e-04
1.96229901e-01 6.18428815e-04 3.37561537e-04
1.96748647e-01 1.83551335e-04 3.35260196e-04
1.97267389e-01 3.28424094e-04 3.33508564e-04
1.97786129e-01 2.94677698e-05 3.30903183e-04
1.98304865e-01 -3.23140566e-04 3.30619183e-04
1.98823598e-01 -1.42049282e-04 3.27661859e-04
1.99342329e-01 1.15928497e-04 3.36042755e-04
1.99861056e-01 -1.85749919e-05 3.27708945e-04
2.00379780e-01 4.77035638e-04 3.30281549e-04
2.00898501e-01 -4.76277525e-05 3.28946327e-04
2.01417219e-01 3.84382348e-04 3.36283118e-04
2.01935934e-01 2.37826059e-04 3.28502843e-04
2.02454646e-01 2.70777943e-04 3.24068858e-04
2.02973355e-01 1.04717901e-04 3.24562811e-04
2.03492061e-01 1.14641646e-04 3.27110744e-04
2.04010763e-01 2.14138072e-05 3.31846193e-04
2.04529463e-01 -3.97973235e-04 3.37554846e-04
2.05048159e-01 -4.98624674e-05 3.23865153e-04
2.05566852e-01 -4.63737303e-04 3.19903832e-04
2.06085542e-01 -3.98505963e-04 3.17158330e-04
2.06604229e-01 2.79485136e-05 3.24050863e-04
2.07122913e-01 2.85522545e-04 3.23497954e-04
2.07641593e-01 5.31474694e-04 3.22878232e-04
2.08160270e-01 -1.65596977e-04 3.24127632e-04
2.08678944e-01 -8.55009276e-05 3.17160669e-04
2.09197615e-01 -1.24346243e-04 3.08737016e-04
2.09716283e-01 1.56744849e-04 3.21106928e-04
2.10234947e-01 -1.83508582e-05 3.14686135e-04
2.10753609e-01 -2.05462216e-04 3.10482636e-04
2.11272267e-01 -2.65008279e-04 3.07117312e-04
2.11790921e-01 -2.30830301e-04 3.13299441e-04
2.12309573e-01 3.22578459e-04 3.10626767e-04
2.12828221e-01 -1.65927514e-04 3.09846959e-04
2.13346866e-01 1.87265186e-04 3.08249414e-04
2.13865508e-01 5.23038179e-04 3.15008338e-04
2.14384146e-01 7.34109450e-05 3.18102719e-04
2.14902781e-01 3.93072020e-04 3.15839692e-04
2.15421413e-01 1.76258084e-04 3.12153215e-04
2.15940042e-01 3.34480382e-04 3.17105920e-04
2.16458667e-01 3.87849533e-05 3.07747848e-04
2.16977289e-01 -4.14212425e-04 3.08780999e-04
2.17495907e-01 8.61760006e-05 3.10341648e-04
2.18014523e-01 5.90363645e-04 3.10784116e-04
2.18533135e-01 -2.40420671e-04 3.13506848e-04
2.19051743e-01 4.32777694e-05 3.10793404e-04
2.19570348e-01 4.34643893e-04 3.12267202e-04
2.20088950e-01 2.41373327e-04 3.06840852e-04
2.20607549e-01 -3.34496126e-04 3.02136353e-04
2.21126144e-01 -1.78451420e-04 3.02330961e-04
2.21644735e-01 -4.08092057e-04 3.10015509e-04
2.22163324e-01 -1.06451407e-04 3.08158515e-04
2.22681909e-01 -1.57927731e-05 3.00118987e-04
2.23200490e-01 2.51186531e-04 3.04704180e-04
2.23719068e-01 3.23770959e-04 2.98676271e-04
2.24237643e-01 -6.09515204e-04 2.96793811e-04
2.24756214e-01 5.20226319e-06 3.01541191e-04
2.25274781e-01 -4.24918991e-04 3.03809344e-04
2.25793346e-01 -7.71872741e-05 3.00944721e-04
2.26311907e-01 -2.37510996e-04 3.01663879e-04
2.26830464e-01 1.32593640e-04 2.97368565e-04
2.27349018e-01 -1.53962663e-04 3.01061714e-04
2.27867568e-01 2.50423692e-04 3.05952111e-04
2.28386115e-01 -2.22485407e-04 3.05225465e-04
2.28904658e-01 8.29638997e-05 2.96886712e-04
2.29423198e-01 -4.73450521e-05 2.97983331e-04
2.29941734e-01 1.38684040e-04 2.91862093e-04
2.30460267e-01 2.63611924e-06 2.97589936e-04
2.30978797e-01 5.40560928e-05 2.99196527e-04
2.31497322e-01 8.39364107e-05 2.95987513e-04
2.32015844e-01 8.31588791e-05 2.94922028e-04
2.32534363e-01 5.10488348e-05 2.91899800e-04
2.33052878e-01 -4.53075754e-04 2.94531839e-04
2.33571390e-01 -2.22753017e-05 2.94331707e-04
2.34089898e-01 4.62614904e-04 2.93190472e-04
2.34608402e-01 1.52874573e-04 2.89887578e-04
2.35126903e-01 3.06242443e-04 2.95870757e-04
2.35645400e-01 -3.18342886e-04 2.89804129e-04
2.36163893e-01 9.42351419e-05 2.92092975e-04
2.36682383e-01 -2.40972381e-04 2.86701008e-04
2.37200869e-01 -3.48763145e-05 2.88905312e-04
2.37719352e-01 -2.80537260e-05 2.85971911e-04
2.38237831e-01 -4.73296074e-04 2.91796302e-04
2.38756306e-01 -1.49764515e-04 2.91476815e-04
2.39274778e-01 1.78893335e-04 2.85452376e-04
2.39793246e-01 -3.22513614e-04 2.84174151e-04
2.40311710e-01 -3.36081240e-04 2.85098208e-04
2.40830171e-01 -1.41234942e-04 2.87799525e-04
2.41348628e-01 2.95236809e-04 2.90080979e-04
2.41867081e-01 4.14959448e-04 2.91685673e-04
2.42385531e-01 2.51764875e-04 2.81624868e-04
2.42903976e-01 -1.41649420e-05 2.90813148e-04
2.43422418e-01 3.94176665e-04 2.93123926e-04
2.43940857e-01 -1.23083459e-04 2.85032924e-04
2.44459291e-01 -4.27518789e-04 2.76230840e-04
2.44977722e-01 1.54972704e-04 2.79314054e-04
2.45496149e-01 3.33946469e-05 2.84768661e-04
2.46014573e-01 1.50953232e-04 2.75219468e-04
2.46532992e-01 4.64177204e-04 2.84539922e-04
2.47051408e-01 2.75699066e-04 2.81883390e-04
2.47569820e-01 8.04894044e-04 2.77292741e-04
2.48088228e-01 2.24530387e-04 2.84897266e-04
2.48606633e-01 -2.40095945e-04 2.79617134e-04
2.49125033e-01 1.61075255e-04 2.84168761e-04
2.49643430e-01 9.06472526e-05 2.80948815e-04
2.50161823e-01 5.82663942e-05 2.74230934e-04
2.50680212e-01 -1.64608163e-04 2.75727296e-04
2.51198598e-01 -1.42552824e-04 2.76807119e-04
2.51716979e-01 4.65172502e-04 2.76622568e-04
2.52235357e-01 5.72550288e-04 2.81583073e-04
2.52753730e-01 2.80156985e-04 2.75565823e-04
2.53272100e-01 6.48391942e-04 2.82499465e-04
2.53790466e-01 2.33220740e-04 2.74921032e-04
2.54308828e-01 -2.79058891e-04 2.79113408e-04
2.54827186e-01 4.14993636e-04 2.80220207e-04
2.55345541e-01 4.56583651e-04 2.75371907e-04
2.55863891e-01 2.05699891e-04 2.76956952e-04
2.56382237e-01 -3.59313988e-04 2.68084302e-04
2.56900580e-01 -9.91096359e-05 2.72501831e-04
2.57418919e-01 2.93026118e-04 2.71437928e-04
2.57937253e-01 -4.69717614e-06 2.72565924e-04
2.58455584e-01 -3.81924443e-04 2.70202239e-04
2.58973911e-01 2.58579170e-04 2.66026742e-04
2.59492233e-01 -6.76887045e-04 2.72169255e-04
2.60010552e-01 -1.84772843e-04 2.63317952e-04
2.60528867e-01 1.40437010e-04 2.71350414e-04
2.61047178e-01 1.16943423e-04 2.70770552e-04
2.61565484e-01 -1.48757787e-04 2.72099302e-04
2.62083787e-01 -1.02953597e-04 2.61029152e-04
2.62602086e-01 4.15834268e-04 2.71585610e-04
2.63120381e-01 1.04500789e-04 2.69610440e-04
2.63638671e-01 9.83434864e-05 2.74115795e-04
2.64156958e-01 4.27964549e-04 2.71340879e-04
2.64675241e-01 -1.32981944e-04 2.67041440e-04
2.65193519e-01 4.72678592e-04 2.73003703e-04
2.65711794e-01 -1.67437498e-04 2.72739637e-04
2.66230064e-01 -1.59472401e-04 2.76168161e-04
2.66748330e-01 -2.80203225e-04 2.75484976e-04
2.67266593e-01 -3.45572334e-05 2.72915491e-04
2.67784851e-01 1.52986605e-04 2.73694802e-04
2.68303105e-01 2.47670952e-05 2.82201448e-04
2.68821355e-01 -1.74604385e-04 2.71529782e-04
2.69339601e-01 5.23926810e-04 2.71399322e-04
2.69857842e-01 -5.69797737e-05 2.74683042e-04
2.70376080e-01 -2.06452901e-04 2.71865007e-04
2.70894314e-01 9.21049575e-05 2.72734418e-04
2.71412543e-01 1.70012915e-04 2.68175018e-04
2.71930768e-01 -5.62876019e-05 2.71432255e-04
2.72448989e-01 3.31292912e-05 2.70646164e-04
2.72967206e-01 3.19552996e-04 2.68866793e-04
2.73485418e-01 -3.38024030e-04 2.64800578e-04
2.74003627e-01 -6.75929746e-05 2.67211443e-04
2.74521831e-01 1.51286480e-04 2.70174814e-04
2.75040031e-01 -2.99235851e-04 2.64248196e-04
2.75558227e-01 -5.37770440e-04 2.63510767e-04
2.76076418e-01 2.59529867e-04 2.61042507e-04
2.76594606e-01 2.19366118e-04 2.66443089e-04
2.77112789e-01 -1.03731302e-04 2.58407793e-04
2.77630968e-01 1.96353165e-04 2.64475561e-04
2.78149142e-01 -1.32815229e-04 2.63953098e-04
2.78667313e-01 -1.35274624e-04 2.65759654e-04
2.79185479e-01 9.55607659e-05 2.69107172e-04
2.79703640e-01 -2.16382980e-04 2.63856025e-04
2.80221798e-01 9.76670481e-07 2.62740526e-04
2.80739951e-01 9.83410057e-05 2.65640753e-04
2.81258100e-01 3.86769317e-04 2.65997157e-04
2.81776245e-01 5.41334846e-06 2.65546734e-04
2.82294385e-01 -1.43986843e-04 2.61126309e-04
2.82812521e-01 -1.79749711e-04 2.64494887e-04
2.83330653e-01 -3.48333796e-04 2.66428884e-04
2.83848780e-01 -5.56371058e-05 2.57353136e-04
2.84366903e-01 -5.70959379e-05 2.60213690e-04
2.84885022e-01 -2.40999516e-04 2.65375843e-04
2.85403136e-01 2.58188975e-04 2.70113389e-04
2.85921246e-01 4.40555644e-06 2.63272212e-04
2.86439351e-01 9.09268867e-05 2.63545077e-04
2.86957452e-01 -1.58093905e-04 2.70166417e-04
2.87475549e-01 -3.23229003e-05 2.62418780e-04
2.87993641e-01 5.83284002e-05 2.58021554e-04
2.88511729e-01 1.27736745e-04 2.55133502e-04
2.89029813e-01 -1.82113539e-04 2.56445554e-04
2.89547892e-01 -1.91285690e-06 2.66207337e-04
2.90065967e-01 1.02202436e-04 2.63116260e-04
2.90584037e-01 2.42377920e-04 2.54205343e-04
2.91102103e-01 -9.59777634e-05 2.55668764e-04
2.91620164e-01 -4.67523401e-04 2.57518052e-04
2.92138221e-01 1.25634887e-04 2.61470452e-04
2.92656273e-01 -3.48581397e-04 2.53565384e-04
2.93174321e-01 6.99375098e-05 2.63469966e-04
2.93692364e-01 -6.19857503e-05 2.54708623e-04
2.94210403e-01 -2.26776069e-04 2.54514724e-04
2.94728437e-01 8.03521051e-05 2.48692760e-04
2.95246467e-01 2.97468784e-04 2.50963480e-04
2.95764493e-01 2.16650274e-04 2.51117104e-04
2.96282514e-01 -2.63906850e-06 2.52686981e-04
2.96800530e-01 -4.95503225e-05 2.52435631e-04
2.97318542e-01 -1.46529441e-04 2.47271363e-04
2.97836549e-01 -1.53482061e-04 2.48422122e-04
2.98354551e-01 -1.80189017e-04 2.48780423e-04
2.98872549e-01 3.57278103e-04 2.52374007e-04
2.99390543e-01 1.48727334e-04 2.50165223e-04
2.99908532e-01 5.23453067e-05 2.48465832e-04
3.00426516e-01 -9.90068220e-05 2.49542035e-04
3.00944496e-01 2.40138418e-04 2.45600394e-04
3.01462471e-01 1.76455915e-04 2.45572671e-04
3.01980441e-01 1.49761972e-04 2.51728869e-04
3.02498407e-01 -3.31341206e-04 2.47909058e-04
3.03016368e-01 1.35568962e-04 2.47204190e-04
3.03534325e-01 1.64619086e-05 2.46922279e-04
3.04052277e-01 2.31536979e-04 2.43487822e-04
3.04570224e-01 -1.96509695e-04 2.47521915e-04
3.05088167e-01 -1.35236323e-05 2.45542578e-04
3.05606105e-01 -6.34158941e-05 2.47120607e-04
3.06124038e-01 2.28117065e-05 2.44933372e-04
3.06641967e-01 -2.09388746e-04 2.47815255e-04
3.07159891e-01 3.83417465e-04 2.46918174e-04
3.07677810e-01 -4.59008988e-04 2.43566843e-04
3.08195724e-01 1.22844280e-04 2.42012864e-04
3.08713634e-01 1.31128303e-04 2.40240324e-04
3.09231539e-01 3.09729721e-04 2.42177209e-04
3.09749440e-01 5.13838449e-04 2.38150312e-04
3.10267335e-01 -3.30674584e-04 2.40624949e-04
3.10785226e-01 2.85812876e-05 2.42929131e-04
3.11303112e-01 -6.56456267e-05 2.39300315e-04
3.11820993e-01 -1.97233876e-04 2.37738306e-04
3.12338870e-01 7.91787347e-05 2.33994829e-04
3.12856742e-01 3.72929162e-04 2.40875522e-04
3.13374609e-01 -4.66034134e-06 2.37713386e-04
3.13892471e-01 3.48297242e-04 2.36967049e-04
3.14410328e-01 1.49422409e-04 2.41061834e-04
3.14928181e-01 -1.81065253e-04 2.38088446e-04
3.15446029e-01 5.22259330e-05 2.36432590e-04
3.15963871e-01 -4.66185793e-04 2.34959313e-04
3.16481710e-01 -1.10384583e-04 2.37304076e-04
3.16999543e-01 -1.83224832e-04 2.37952386e-04
3.17517371e-01 7.25783228e-05 2.36413909e-04
3.18035195e-01 1.39251716e-04 2.31263610e-04
3.18553013e-01 -2.67307871e-04 2.34652305e-04
3.19070827e-01 -9.09325817e-04 2.31185577e-04
3.19588636e-01 1.11389083e-04 2.34566932e-04
3.20106440e-01 -1.05872097e-04 2.34993897e-04
3.20624239e-01 1.88069753e-04 2.35945560e-04
3.21142033e-01 5.82808242e-04 2.33843266e-04
3.21659823e-01 -1.14348828e-04 2.32697963e-04
3.22177607e-01 -1.01919933e-04 2.32145871e-04
3.22695387e-01 2.25024905e-05 2.32044791e-04
3.23213161e-01 2.04494337e-04 2.33824198e-04
3.23730931e-01 -1.31958636e-04 2.34442574e-04
3.24248695e-01 2.16518817e-04 2.36349914e-04
3.24766455e-01 2.55112453e-04 2.27699497e-04
3.25284210e-01 3.32445097e-04 2.27953076e-04
3.25801959e-01 1.57297816e-05 2.34435842e-04
3.26319704e-01 -2.40102025e-05 2.36655210e-04
3.26837444e-01 3.88344122e-04 2.34706503e-04
3.27355179e-01 1.66824879e-05 2.30596712e-04
3.27872908e-01 -1.96238531e-04 2.32041968e-04
3.28390633e-01 3.29154122e-04 2.33030098e-04
3.28908353e-01 -2.18240726e-05 2.35576281e-04
3.29426067e-01 4.04244409e-04 2.33408341e-04
3.29943777e-01 7.90617797e-05 2.33348194e-04
3.30461482e-01 3.67305437e-04 2.29856805e-04
3.30979181e-01 -8.38423304e-05 2.25273445e-04
3.31496876e-01 -3.44135457e-05 2.29222812e-04
3.32014565e-01 -2.37712130e-04 2.22969805e-04
3.32532249e-01 -3.42529524e-04 2.24427333e-04
3.33049928e-01 -3.20731541e-05 2.24390517e-04
3.33567603e-01 -2.22504196e-04 2.20428632e-04
3.34085272e-01 -7.74797493e-05 2.21663606e-04
3.34602936e-01 -5.78318526e-05 2.22167723e-04
3.35120594e-01 -1.69669130e-04 2.20114999e-04
3.35638248e-01 -3.49474187e-05 2.27570753e-04
3.36155897e-01 2.14413126e-04 2.28264251e-04
3.36673540e-01 1.67502704e-05 2.22237786e-04
3.37191178e-01 1.76709586e-04 2.24431743e-04
3.37708811e-01 6.22619292e-05 2.19608768e-04
3.38226439e-01 1.19246634e-04 2.26312628e-04
3.38744062e-01 -1.37118849e-05 2.25342188e-04
3.39261680e-01 -9.56863461e-05 2.22927139e-04
3.39779292e-01 -1.19307290e-04 2.22690222e-04
3.40296899e-01 -1.61770381e-04 2.20933522e-04
3.40814501e-01 -2.85840445e-04 2.21807110e-04
3.41332098e-01 6.84907700e-05 2.19602451e-04
3.41849690e-01 1.41156624e-05 2.25580005e-04
3.42367276e-01 -3.50182555e-04 2.18218381e-04
3.42884857e-01 1.09831867e-04 2.18424915e-04
3.43402433e-01 3.35289668e-05 2.17175103e-04
3.43920004e-01 -1.73045522e-04 2.17939260e-04
3.44437569e-01 -1.64807226e-04 2.20677120e-04
3.44955129e-01 3.20985767e-04 2.18200081e-04
3.45472684e-01 -3.66229865e-05 2.21373487e-04
3.45990233e-01 1.47184601e-05 2.17248787e-04
3.46507778e-01 1.06171465e-04 2.15116979e-04
3.47025317e-01 2.52511095e-05 2.17819417e-04
3.47542850e-01 6.42014319e-04 2.16964390e-04
3.48060379e-01 1.66635423e-04 2.19917687e-04
3.48577902e-01 2.06928708e-04 2.19313568e-04
3.49095419e-01 8.84028584e-05 2.21805725e-04
3.49612932e-01 2.11275418e-04 2.21429154e-04
3.50130439e-01 3.09135319e-04 2.18901899e-04
3.50647940e-01 -1.67482551e-04 2.16772755e-04
3.51165437e-01 -1.03660919e-04 2.15602253e-04
3.51682928e-01 1.74234700e-04 2.19480411e-04
3.52200413e-01 -1.13180220e-04 2.22902173e-04
3.52717893e-01 3.80252715e-04 2.14499640e-04
3.53235368e-01 2.61527237e-04 2.15310055e-04
3.53752837e-01 3.38368830e-05 2.12028621e-04
3.54270301e-01 4.64886168e-05 2.16229722e-04
3.54787760e-01 5.19540508e-05 2.15124775e-04
3.55305213e-01 1.57429819e-04 2.17768511e-04
3.55822661e-01 -7.19913781e-05 2.14441287e-04
3.56340103e-01 1.82764418e-04 2.12178325e-04
3.56857540e-01 3.22276143e-05 2.09181623e-04
3.57374971e-01 -9.53313319e-05 2.13374174e-04
3.57892397e-01 3.64312521e-04 2.14619529e-04
3.58409818e-01 -1.94321655e-04 2.12367185e-04
3.58927232e-01 -5.46345774e-05 2.09931548e-04
3.59444642e-01 -1.28292564e-04 2.09498540e-04
3.59962046e-01 8.73528098e-06 2.08873444e-04
3.60479444e-01 -6.68515930e-05 2.11774908e-04
3.60996837e-01 1.80355398e-06 2.13027729e-04
3.61514225e-01 2.86847097e-04 2.08697466e-04
3.62031607e-01 1.01117126e-05 2.12131245e-04
3.62548983e-01 -1.89105748e-05 2.05827429e-04
3.63066354e-01 -1.60231579e-04 2.09264787e-04
3.63583719e-01 -1.20296812e-05 2.07246243e-04
3.64101079e-01 -4.03197412e-05 2.11855621e-04
3.64618433e-01 -3.13513000e-04 2.08544323e-04
3.65135782e-01 -2.17104784e-04 2.11604737e-04
3.65653125e-01 2.30088519e-05 2.10881974e-04
3.66170462e-01 4.16759647e-04 2.12169148e-04
3.66687794e-01 6.48635235e-05 2.09196909e-04
3.67205121e-01 9.32211600e-05 2.15686750e-04
3.67722441e-01 6.29923445e-05 2.08638805e-04
3.68239756e-01 8.34330902e-05 2.08521808e-04
3.68757066e-01 3.47716223e-05 2.07534181e-04
3.69274369e-01 -4.28415021e-05 2.03905653e-04
3.69791668e-01 -9.42687538e-05 2.07593589e-04
3.70308960e-01 1.86476874e-04 2.06742678e-04
3.70826247e-01 -2.06851985e-04 2.07904544e-04
3.71343528e-01 2.07509925e-04 2.06878766e-04
3.71860803e-01 -1.26922201e-04 2.09441407e-04
3.72378073e-01 -1.45748100e-04 2.12589803e-04
3.72895337e-01 -1.49508791e-04 2.13255697e-04
3.73412596e-01 2.96168325e-05 2.14631764e-04
3.73929849e-01 5.21809800e-05 2.11093940e-04
3.74447096e-01 2.01659572e-04 2.13684523e-04
3.74964337e-01 -8.34793091e-06 2.16098757e-04
3.75481572e-01 -1.55449729e-04 2.13181969e-04
3.75998802e-01 4.16083273e-04 2.15648354e-04
3.76516026e-01 1.73264767e-04 2.17593462e-04
3.77033245e-01 -1.60092840e-04 2.14612535e-04
3.77550457e-01 1.89421923e-04 2.18816604e-04
3.78067664e-01 1.14405046e-04 2.16264938e-04
3.78584865e-01 9.51517880e-05 2.18945841e-04
3.79102060e-01 -1.09041434e-04 2.12205546e-04
3.79619250e-01 3.52628410e-05 2.19526847e-04
3.80136433e-01 6.94973196e-05 2.18974113e-04
3.80653611e-01 -1.70166778e-04 2.23563855e-04
3.81170783e-01 5.03115218e-05 2.19035472e-04
3.81687950e-01 -1.60815514e-04 2.12405999e-04
3.82205110e-01 1.52497179e-05 2.12818524e-04
3.82722265e-01 9.82156020e-05 2.10563983e-04
3.83239413e-01 -1.68177555e-04 2.10706713e-04
3.83756556e-01 2.19933890e-05 2.13083814e-04
3.84273693e-01 -5.92223962e-05 2.12984362e-04
3.84790824e-01 7.38828725e-05 2.16157229e-04
3.85307950e-01 2.60405925e-04 2.14984106e-04
3.85825069e-01 4.06599220e-04 2.16405979e-04
3.86342183e-01 2.18548916e-04 2.13424748e-04
3.86859290e-01 7.58760836e-05 2.18026233e-04
3.87376392e-01 -1.98687843e-04 2.12949259e-04
3.87893488e-01 -1.32661028e-04 2.16535471e-04
3.88410577e-01 -8.15355270e-05 2.15129864e-04
3.88927661e-01 3.35357230e-04 2.15429812e-04
3.89444739e-01 -2.20372773e-04 2.19001390e-04
3.89961811e-01 -1.20895507e-04 2.16172651e-04
3.90478878e-01 7.35307291e-05 2.19103792e-04
3.90995938e-01 2.15454532e-04 2.20115397e-04
3.91512992e-01 1.59008214e-04 2.19477748e-04
3.92030040e-01 -3.33103853e-04 2.18903898e-04
3.92547082e-01 -3.92582712e-04 2.21652713e-04
3.93064118e-01 -1.17509315e-04 2.18850675e-04
3.93581149e-01 2.34514105e-04 2.18757864e-04
3.94098173e-01 -8.55581038e-05 2.17429505e-04
3.94615191e-01 2.75425912e-04 2.19933009e-04
3.95132203e-01 1.12200474e-04 2.18175898e-04
3.95649209e-01 1.27131507e-04 2.20064322e-04
3.96166209e-01 -3.28104288e-04 2.18834087e-04
3.96683203e-01 -2.89987805e-04 2.21026059e-04
3.97200191e-01 -2.00309260e-04 2.19288772e-04
3.97717173e-01 5.48749140e-05 2.23715031e-04
3.98234149e-01 1.13192265e-04 2.27296147e-04
3.98751119e-01 3.99683827e-04 2.29924079e-04
3.99268083e-01 1.38827496e-04 2.29106016e-04
3.99785040e-01 -2.51614727e-06 2.25895282e-04
4.00301992e-01 4.64803335e-05 2.23672037e-04
4.00818937e-01 7.26400618e-05 2.29133736e-04
4.01335876e-01 1.63738797e-04 2.30797342e-04
4.01852810e-01 -2.10228221e-04 2.31328440e-04
4.02369737e-01 4.31376475e-04 2.55768254e-04
4.02886658e-01 -7.90748276e-05 2.79290410e-04
4.03403572e-01 4.77995629e-04 2.99775431e-04
4.03920481e-01 2.81953582e-04 3.05188289e-04
4.04437383e-01 5.07705797e-04 3.25788963e-04
4.04954280e-01 -8.47896434e-05 3.24564324e-04
4.05471170e-01 3.87264445e-04 3.56603660e-04
4.05988054e-01 2.56247193e-04 4.01516889e-04
4.06504931e-01 -2.68251599e-04 4.60248061e-04
4.07021803e-01 -1.54130572e-05 5.68442603e-04
4.07538668e-01 5.34482034e-03 4.86610860e-03
