7.27043000e-03 2.93452619e-03 1.54871604e-02
7.78974585e-03 -3.03466663e-03 9.14252708e-03
8.30906158e-03 1.54801566e-03 8.92289597e-03
8.82837719e-03 4.03478241e-03 4.69172893e-03
9.34769265e-03 -4.79005220e-04 3.61532363e-03
9.86700798e-03 5.14043479e-03 2.98473062e-03
1.03863231e-02 4.68794340e-03 2.31325305e-03
1.09056382e-02 2.99141579e-03 2.11701550e-03
1.14249530e-02 2.72060277e-03 2.06849084e-03
1.19442677e-02 2.97466277e-06 1.82787015e-03
1.24635822e-02 1.65171677e-03 1.55747075e-03
1.29828965e-02 -7.58318086e-04 1.54244494e-03
1.35022105e-02 -1.37251362e-03 1.46744585e-03
1.40215244e-02 1.74834438e-03 1.46683841e-03
1.45408381e-02 -2.42436695e-03 1.48591859e-03
1.50601516e-02 -4.82528451e-04 1.59789055e-03
1.55794648e-02 1.13215063e-03 1.33697662e-03
1.60987777e-02 1.05078339e-03 1.38942619e-03
1.66180905e-02 -1.08767963e-03 1.25304206e-03
1.71374029e-02 5.74498545e-04 1.20532609e-03
1.76567152e-02 -2.48014007e-04 1.25403083e-03
1.81760271e-02 1.88495964e-03 1.22736569e-03
1.86953388e-02 2.99750768e-04 1.13424388e-03
1.92146501e-02 1.89144467e-03 1.21894210e-03
1.97339612e-02 2.92153994e-03 1.10715784e-03
2.02532720e-02 1.74172089e-03 1.17807221e-03
2.07725824e-02 -4.61962782e-04 1.08577196e-03
2.12918926e-02 1.88966368e-03 1.16052509e-03
2.18112024e-02 6.21395115e-04 1.02841277e-03
2.23305119e-02 2.77777569e-03 1.05922771e-03
2.28498210e-02 3.22126635e-03 1.07781504e-03
2.33691298e-02 3.65055858e-04 9.61258096e-04
2.38884382e-02 1.03964672e-03 9.96037284e-04
2.44077463e-02 1.17670267e-03 9.36966711e-04
2.49270540e-02 -3.18452190e-04 9.76804844e-04
2.54463613e-02 -8.90688289e-04 9.92867213e-04
2.59656682e-02 -1.23404660e-04 9.46356382e-04
2.64849747e-02 1.99046070e-03 9.72665441e-04
2.70042808e-02 1.04491714e-03 9.51391494e-04
2.75235865e-02 1.89390000e-03 1.04178032e-03
2.80428918e-02 7.31234005e-04 9.52498233e-04
2.85621966e-02 1.12853805e-03 9.04160623e-04
2.90815010e-02 4.04716731e-04 9.27355512e-04
2.96008049e-02 1.14565031e-03 9.79618029e-04
3.01201084e-02 -6.10211740e-04 9.31467405e-04
3.06394115e-02 3.57776440e-04 8.79360890e-04
3.11587140e-02 1.68731783e-03 9.02764690e-04
3.16780161e-02 2.62322974e-03 8.72175361e-04
3.21973177e-02 5.97013810e-04 8.71811535e-04
3.27166188e-02 7.42490878e-04 8.41103868e-04
3.32359194e-02 9.85456573e-04 8.64495192e-04
3.37552195e-02 1.29614253e-03 8.98041949e-04
3.42745190e-02 1.79820860e-03 8.82805018e-04
3.47938181e-02 6.27693627e-04 8.91116339e-04
3.53131166e-02 1.18098368e-03 8.71783519e-04
3.58324146e-02 8.98997090e-04 8.43712441e-04
3.63517120e-02 1.31722433e-03 8.29545729e-04
3.68710088e-02 1.58299834e-03 8.41017378e-04
3.73903051e-02 1.04573790e-03 7.92223771e-04
3.79096008e-02 9.15778938e-04 8.23399953e-04
3.84288959e-02 1.22169322e-03 8.24689072e-04
3.89481905e-02 6.44202075e-04 7.62234766e-04
3.94674844e-02 3.70079501e-04 7.70328128e-04
3.99867778e-02 8.03881251e-04 8.11205449e-04
4.05060705e-02 5.71716040e-04 8.18027936e-04
4.10253626e-02 8.28713585e-05 7.91120327e-04
4.15446540e-02 8.40228594e-04 7.89035001e-04
4.20639449e-02 1.06683622e-03 7.61354776e-04
4.25832350e-02 5.95788483e-04 7.57304170e-04
4.31025246e-02 6.37893481e-04 8.07120822e-04
4.36218134e-02 1.22629365e-03 7.57702738e-04
4.41411016e-02 1.77436596e-03 7.64995642e-04
4.46603891e-02 2.31283524e-04 7.80303544e-04
4.51796760e-02 2.15656926e-05 7.86885324e-04
4.56989621e-02 6.10614270e-04 8.28793963e-04
4.62182475e-02 1.26298548e-03 7.88102488e-04
4.67375323e-02 1.54883302e-03 7.86143368e-04
4.72568163e-02 1.60447756e-03 7.57286001e-04
4.77760995e-02 9.47089054e-04 7.69655647e-04
4.82953821e-02 1.81141445e-03 7.85900124e-04
4.88146639e-02 6.64453586e-04 7.59871530e-04
4.93339449e-02 2.29486061e-03 7.70452024e-04
4.98532252e-02 1.73771750e-03 7.98997539e-04
5.03725048e-02 2.50367920e-03 7.68927424e-04
5.08917835e-02 1.60252978e-03 7.80808053e-04
5.14110615e-02 1.40896561e-04 7.17275452e-04
5.19303387e-02 3.34674180e-04 7.40736369e-04
5.24496150e-02 3.28978095e-04 7.51858727e-04
5.29688906e-02 1.15069020e-03 7.20915964e-04
5.34881654e-02 -4.48872897e-04 7.09767586e-04
5.40074393e-02 6.50679458e-04 7.38542440e-04
5.45267124e-02 1.38405174e-03 7.16910392e-04
5.50459847e-02 1.76522816e-03 7.08493107e-04
5.55652561e-02 6.11752465e-04 7.10240017e-04
5.60845267e-02 1.03193861e-03 6.65966523e-04
5.66037964e-02 4.10490787e-04 6.97585328e-04
5.71230652e-02 -1.49959883e-04 6.92957803e-04
5.76423332e-02 1.28812360e-03 6.57461978e-04
5.81616003e-02 9.28837438e-04 6.97625727e-04
5.86808665e-02 -2.36621495e-04 6.82584324e-04
5.92001317e-02 4.30366040e-04 6.79711502e-04
5.97193961e-02 6.77680420e-04 6.95992635e-04
6.02386596e-02 6.78523626e-04 7.00698888e-04
6.07579221e-02 6.06682651e-04 7.01767273e-04
6.12771837e-02 1.49847571e-03 7.26638698e-04
6.17964443e-02 -6.22359906e-04 6.78336249e-04
6.23157040e-02 3.01691560e-04 6.68191830e-04
6.28349628e-02 4.18274483e-04 6.75495945e-04
6.33542206e-02 8.25844946e-04 6.72708295e-04
6.38734774e-02 7.51670000e-04 6.96161485e-04
6.43927332e-02 1.05595404e-03 7.17788707e-04
6.49119880e-02 1.37110127e-03 6.91602506e-04
6.54312419e-02 -4.04344945e-04 7.00479414e-04
6.59504947e-02 1.07076247e-03 7.01564865e-04
6.64697465e-02 -3.92504324e-04 6.79284260e-04
6.69889973e-02 1.03576748e-03 6.71611086e-04
6.75082471e-02 4.59093999e-04 6.58134449e-04
6.80274958e-02 4.53389234e-04 6.35244245e-04
6.85467435e-02 -7.92593403e-05 6.21624348e-04
6.90659901e-02 8.05540134e-04 6.75459433e-04
6.95852357e-02 5.42674675e-04 6.44933058e-04
7.01044802e-02 3.27847735e-04 6.59219816e-04
7.06237236e-02 1.00442680e-03 6.42418985e-04
7.11429659e-02 4.14903559e-05 6.32652615e-04
7.16622072e-02 8.68850653e-04 6.65476674e-04
7.21814473e-02 -2.88940299e-04 6.08719859e-04
7.27006863e-02 3.43663604e-04 6.13221260e-04
7.32199243e-02 -3.56274081e-04 5.96073271e-04
7.37391611e-02 2.52281514e-04 6.06412002e-04
7.42583967e-02 5.31115767e-04 6.08275476e-04
7.47776312e-02 1.05361480e-03 6.08268421e-04
7.52968646e-02 1.11163485e-04 5.89909744e-04
7.58160968e-02 1.50112364e-03 5.52271908e-04
7.63353279e-02 3.24869796e-04 6.03470128e-04
7.68545577e-02 1.17867190e-04 5.93725247e-04
7.73737864e-02 3.24096875e-04 5.98423470e-04
7.78930139e-02 1.61612808e-03 6.11005244e-04
7.84122402e-02 1.10703263e-03 5.86166172e-04
7.89314653e-02 2.84108711e-04 5.80867138e-04
7.94506892e-02 8.67189621e-04 5.69649012e-04
7.99699119e-02 4.68035119e-04 5.63752129e-04
8.04891333e-02 -4.09707907e-04 5.79495343e-04
8.10083535e-02 1.55377905e-03 5.80970143e-04
8.15275725e-02 -5.63566704e-04 5.66813369e-04
8.20467902e-02 1.03516787e-03 5.60193104e-04
8.25660066e-02 7.23287992e-04 5.81533134e-04
8.30852218e-02 8.42325644e-04 5.89948391e-04
8.36044357e-02 -1.29094488e-04 5.68822413e-04
8.41236483e-02 -5.69248479e-04 5.53473751e-04
8.46428596e-02 9.94845774e-05 5.55918546e-04
8.51620696e-02 -4.10470251e-05 5.28296445e-04
8.56812784e-02 2.60187924e-04 5.42861587e-04
8.62004858e-02 -1.81117843e-04 5.29868286e-04
8.67196918e-02 9.54097641e-04 5.48498640e-04
8.72388966e-02 1.74167912e-04 5.33477233e-04
8.77581000e-02 1.12195621e-03 5.42420719e-04
8.82773020e-02 -1.03028859e-04 5.28758885e-04
8.87965027e-02 -1.24141562e-04 5.33877961e-04
8.93157020e-02 -8.11124502e-04 5.24520839e-04
8.98349000e-02 2.16638581e-04 5.22824770e-04
9.03540966e-02 8.65033331e-04 5.41707506e-04
9.08732917e-02 5.67368217e-04 5.38342727e-04
9.13924855e-02 5.69973142e-04 5.43098159e-04
9.19116779e-02 7.30981262e-04 5.20322879e-04
9.24308689e-02 -1.94770644e-04 5.14799881e-04
9.29500585e-02 5.78752488e-04 5.31492263e-04
9.34692466e-02 6.18413413e-04 5.08890683e-04
9.39884333e-02 5.19665527e-04 5.40636024e-04
9.45076185e-02 9.13181534e-04 5.10782102e-04
9.50268023e-02 -1.33756982e-04 5.14969969e-04
9.55459846e-02 1.17113037e-03 5.46549564e-04
9.60651655e-02 1.18477669e-03 5.26048251e-04
9.65843449e-02 -5.56240309e-04 5.21064722e-04
9.71035228e-02 -4.31288511e-05 5.04109364e-04
9.76226992e-02 5.59874075e-04 4.88265359e-04
9.81418741e-02 -1.12060026e-04 5.07381402e-04
9.86610475e-02 1.89729548e-04 4.94511368e-04
9.91802194e-02 -2.20761612e-05 4.93957334e-04
9.96993898e-02 -3.23432389e-04 5.00958899e-04
1.00218559e-01 1.20026850e-03 5.03954574e-04
1.00737726e-01 2.63153835e-04 4.89065609e-04
1.01256892e-01 6.08516820e-04 4.70593561e-04
1.01776056e-01 4.78093342e-04 4.75002180e-04
1.02295218e-01 7.25963254e-04 4.89246851e-04
1.02814380e-01 -1.68282164e-04 4.88640836e-04
1.03333539e-01 5.69490882e-04 4.92868944e-04
1.03852697e-01 1.13645780e-03 5.01762872e-04
1.04371853e-01 8.02442871e-05 4.83046248e-04
1.04891008e-01 4.07153916e-04 4.88778214e-04
1.05410161e-01 -3.68708290e-04 4.96469882e-04
1.05929312e-01 -2.84344876e-04 4.81838347e-04
1.06448462e-01 -2.03756329e-05 4.81619580e-04
1.06967610e-01 1.23340092e-04 4.80504553e-04
1.07486757e-01 8.35898172e-04 4.85422814e-04
1.08005902e-01 4.50640288e-04 4.80219669e-04
1.08525045e-01 5.37616789e-04 4.92985733e-04
1.09044187e-01 3.56538577e-04 5.03121462e-04
1.09563327e-01 7.14299611e-04 4.71739155e-04
1.10082465e-01 3.52596162e-04 4.80298841e-04
1.10601601e-01 4.42117730e-04 4.72914398e-04
1.11120736e-01 2.47228946e-04 4.73017158e-04
1.11639869e-01 3.78717977e-05 4.58370551e-04
1.12159001e-01 -1.74299843e-04 4.62348857e-04
1.12678130e-01 3.79312988e-04 4.65764481e-04
1.13197258e-01 1.01129331e-03 4.71890292e-04
1.13716385e-01 8.37108848e-04 4.62932816e-04
1.14235509e-01 4.84436996e-06 4.70621185e-04
1.14754632e-01 1.43746868e-04 4.62150866e-04
1.15273753e-01 -5.37791955e-05 4.65848705e-04
1.15792872e-01 7.56303366e-05 4.53393082e-04
1.16311989e-01 6.74573731e-04 4.91143326e-04
1.16831105e-01 6.13684516e-04 4.88415775e-04
1.17350219e-01 6.33880095e-04 4.70375243e-04
1.17869331e-01 4.73746337e-04 4.84764397e-04
1.18388441e-01 2.46237582e-04 4.61702063e-04
1.18907549e-01 -1.54204159e-04 4.48870408e-04
1.19426656e-01 -1.26464978e-04 4.54152486e-04
1.19945761e-01 3.46629390e-04 4.58011039e-04
1.20464864e-01 -2.62640152e-04 4.61295047e-04
1.20983965e-01 -3.71859480e-05 4.64073213e-04
1.21503064e-01 -1.30082116e-04 4.47138218e-04
1.22022161e-01 1.18651335e-04 4.51489597e-04
1.22541256e-01 1.97602781e-04 4.58430553e-04
1.23060350e-01 2.38306326e-04 4.48113725e-04
1.23579442e-01 7.97832794e-04 4.36061063e-04
1.24098531e-01 5.06328077e-05 4.44918232e-04
1.24617619e-01 4.27355722e-04 4.53150133e-04
1.25136705e-01 -1.52017402e-04 4.36559528e-04
1.25655789e-01 -6.17191000e-05 4.36731680e-04
1.26174871e-01 3.68431933e-04 4.38161508e-04
1.26693952e-01 3.46725828e-04 4.37543613e-04
1.27213030e-01 2.03353414e-04 4.41660864e-04
1.27732106e-01 1.70101717e-04 4.29718964e-04
1.28251180e-01 -2.59174331e-04 4.29474258e-04
1.28770253e-01 6.90651018e-04 4.37931256e-04
1.29289323e-01 9.56672098e-04 4.30750243e-04
1.29808391e-01 1.11072713e-03 4.34362688e-04
1.30327458e-01 7.90793127e-04 4.32311849e-04
1.30846522e-01 -8.89232409e-05 4.37320704e-04
1.31365584e-01 -1.14520395e-04 4.26561182e-04
1.31884645e-01 -4.02890630e-04 4.25279648e-04
1.32403703e-01 7.70298668e-06 4.40751374e-04
1.32922759e-01 5.82073180e-04 4.26704233e-04
1.33441814e-01 2.46605064e-04 4.17097193e-04
1.33960866e-01 -2.66793456e-04 4.18084518e-04
1.34479916e-01 2.03424619e-04 4.23809577e-04
1.34998964e-01 7.00327644e-04 4.23693398e-04
1.35518010e-01 3.63451664e-04 4.27082895e-04
1.36037054e-01 -1.16668814e-04 4.05412422e-04
1.36556096e-01 6.89313604e-04 4.24428171e-04
1.37075135e-01 9.03578095e-05 4.09295270e-04
1.37594173e-01 -8.04296766e-05 4.24705097e-04
1.38113208e-01 -1.96167327e-04 4.20681105e-04
1.38632242e-01 -2.68493385e-04 4.10783679e-04
1.39151273e-01 -2.96624772e-04 4.26592786e-04
1.39670302e-01 2.21997191e-04 4.16752445e-04
1.40189329e-01 9.98559562e-04 4.27250462e-04
1.40708354e-01 4.13603755e-06 4.25565099e-04
1.41227377e-01 5.19219526e-04 4.24593153e-04
1.41746397e-01 3.94101110e-04 4.35602727e-04
1.42265415e-01 -2.57478491e-04 4.19719739e-04
1.42784432e-01 -2.79481368e-04 4.20027101e-04
1.43303446e-01 -1.89967530e-05 4.12166226e-04
1.43822457e-01 3.50553041e-04 4.22771470e-04
1.44341467e-01 4.85785521e-04 4.33212677e-04
1.44860474e-01 -4.00878933e-04 4.15003558e-04
1.45379479e-01 5.36458599e-05 4.13582516e-04
1.45898482e-01 3.03000006e-04 4.00263302e-04
1.46417483e-01 -9.33076167e-05 4.03192725e-04
1.46936481e-01 -1.17643524e-03 4.14089629e-04
1.47455477e-01 -2.70468326e-04 4.14000561e-04
1.47974471e-01 -6.80522389e-05 4.00448204e-04
1.48493463e-01 -2.60186553e-05 4.08222390e-04
1.49012452e-01 4.23176922e-04 3.99667565e-04
1.49531439e-01 7.04058960e-05 3.93483092e-04
1.50050424e-01 5.42000233e-04 3.88955291e-04
1.50569406e-01 -2.48620140e-04 4.02517840e-04
1.51088386e-01 -7.16357353e-04 3.92134173e-04
1.51607364e-01 -3.84683584e-04 3.89609317e-04
1.52126339e-01 3.37577941e-04 4.00261843e-04
1.52645312e-01 6.49134607e-04 4.06427825e-04
1.53164283e-01 2.44125842e-04 3.97031402e-04
1.53683251e-01 2.37785800e-04 3.92838695e-04
1.54202218e-01 -3.25373877e-05 3.99292887e-04
1.54721181e-01 -7.61539362e-05 4.01651853e-04
1.55240143e-01 4.57095959e-04 4.06723053e-04
1.55759101e-01 -2.29191643e-04 4.14225312e-04
1.56278058e-01 -1.27714518e-04 3.91658071e-04
1.56797012e-01 2.79736022e-04 4.08115116e-04
1.57315964e-01 4.38094971e-04 4.08981154e-04
1.57834913e-01 2.14015082e-04 4.15946234e-04
1.58353860e-01 6.54620829e-04 3.92471953e-04
1.58872805e-01 3.56668763e-04 4.03145027e-04
1.59391747e-01 2.34228733e-04 4.06293774e-04
1.59910686e-01 -2.53077285e-04 3.96148012e-04
1.60429623e-01 1.47779238e-05 4.08095377e-04
1.60948558e-01 3.09800153e-05 3.95138521e-04
1.61467490e-01 -1.17822389e-04 4.01758563e-04
1.61986420e-01 8.55455584e-05 3.95301403e-04
1.62505347e-01 4.24129022e-04 3.92164615e-04
1.63024272e-01 9.85860090e-05 3.91787631e-04
1.63543194e-01 -2.01115065e-04 3.85472924e-04
1.64062114e-01 5.28021504e-04 3.92420465e-04
1.64581031e-01 4.87187838e-04 3.84323724e-04
1.65099945e-01 2.97869134e-04 3.88293521e-04
1.65618858e-01 -2.93302072e-04 3.85403767e-04
1.66137767e-01 1.19178919e-05 3.76515048e-04
1.66656674e-01 5.82577179e-04 3.82275061e-04
1.67175579e-01 -2.07819854e-04 3.79557012e-04
1.67694481e-01 -5.88057713e-04 3.79313443e-04
1.68213380e-01 3.68481381e-04 3.87460441e-04
1.68732277e-01 4.07797823e-05 3.83544068e-04
1.69251171e-01 2.34353551e-04 3.83439587e-04
1.69770062e-01 -7.32359626e-05 3.77743250e-04
1.70288951e-01 1.91852450e-04 3.82873083e-04
1.70807838e-01 -1.02653553e-05 3.74180212e-04
1.71326721e-01 3.08218063e-05 3.79808333e-04
1.71845603e-01 3.06939715e-04 3.90106814e-04
1.72364481e-01 -3.51099982e-04 3.83326024e-04
1.72883357e-01 2.43474707e-04 3.78073589e-04
1.73402230e-01 1.57494503e-06 3.77876353e-04
1.73921100e-01 9.32529186e-04 3.65561537e-04
1.74439968e-01 -1.88373878e-05 3.76174118e-04
1.74958833e-01 -2.62110237e-05 3.78963195e-04
1.75477696e-01 -4.05046531e-04 3.78629543e-04
1.75996556e-01 -5.77702757e-04 3.78270037e-04
1.76515413e-01 -6.09176524e-04 3.79355135e-04
1.77034267e-01 4.75949668e-04 3.82790473e-04
1.77553119e-01 -1.11677226e-04 3.77514225e-04
1.78071968e-01 -3.92850536e-05 3.71499795e-04
1.78590814e-01 1.82389038e-05 3.66577124e-04
1.79109657e-01 1.14720563e-04 3.72261759e-04
1.79628498e-01 8.95740443e-06 3.76141436e-04
1.80147336e-01 1.99610797e-04 3.61926988e-04
1.80666171e-01 -1.84295024e-04 3.64721709e-04
1.81185003e-01 1.67572521e-04 3.56481258e-04
1.81703833e-01 2.67442312e-04 3.58554782e-04
1.82222660e-01 5.77235310e-04 3.60580618e-04
1.82741484e-01 6.23462523e-04 3.65999031e-04
1.83260305e-01 4.49798163e-05 3.61453432e-04
1.83779124e-01 -3.20900119e-05 3.50293053e-04
1.84297939e-01 -3.27652994e-04 3.58499764e-04
1.84816752e-01 -2.52183027e-04 3.61784348e-04
1.85335562e-01 -1.42906115e-04 3.51215021e-04
1.85854369e-01 7.95437059e-04 3.56319312e-04
1.86373173e-01 -3.67783077e-04 3.50835274e-04
1.86891975e-01 5.95774446e-04 3.49631312e-04
1.87410773e-01 4.57312375e-05 3.49457084e-04
1.87929569e-01 1.12517318e-04 3.51005643e-04
1.88448361e-01 5.87765072e-05 3.46091601e-04
1.88967151e-01 2.20046397e-04 3.45868699e-04
1.89485938e-01 5.29400765e-05 3.47498373e-04
1.90004722e-01 -4.08168795e-04 3.53866175e-04
1.90523503e-01 -6.97585110e-05 3.47259877e-04
1.91042282e-01 -2.44095538e-05 3.43702250e-04
1.91561057e-01 1.16401670e-04 3.49719294e-04
1.92079829e-01 4.02913786e-04 3.43205235e-04
1.92598599e-01 -3.01609081e-04 3.43884213e-04
1.93117365e-01 3.79609036e-04 3.42408918e-04
1.93636128e-01 5.78761490e-04 3.48152179e-04
1.94154889e-01 -3.79503568e-04 3.40969852e-04
1.94673646e-01 2.84240089e-04 3.38637586e-04
1.95192401e-01 2.18915844e-04 3.44330735e-04
1.95711153e-01 -4.24719946e-04 3.35242678e-04
1.96229901e-01 8.02742729e-05 3.30760130e-04
1.96748647e-01 2.03778507e-04 3.37913122e-04
1.97267389e-01 2.78418910e-04 3.32460401e-04
1.97786129e-01 4.36376533e-04 3.40132076e-04
1.98304865e-01 -2.48114205e-04 3.29800295e-04
1.98823598e-01 -4.11060016e-04 3.34733230e-04
1.99342329e-01 -2.43149436e-04 3.30632480e-04
1.99861056e-01 1.29219514e-04 3.34087833e-04
2.00379780e-01 7.47988506e-05 3.31759867e-04
2.00898501e-01 -1.31551788e-04 3.23796525e-04
2.01417219e-01 1.54700130e-04 3.29217146e-04
2.01935934e-01 -6.80041422e-05 3.24569601e-04
2.02454646e-01 -2.49956898e-04 3.21336368e-04
2.02973355e-01 -2.78849277e-04 3.23930316e-04
2.03492061e-01 -3.59283113e-04 3.27528144e-04
2.04010763e-01 7.31811592e-06 3.30193541e-04
2.04529463e-01 5.39968890e-04 3.30668038e-04
2.05048159e-01 -2.30674716e-04 3.23162471e-04
2.05566852e-01 -2.62168361e-04 3.21571580e-04
2.06085542e-01 2.32678920e-04 3.25985288e-04
2.06604229e-01 -2.95813234e-04 3.20568123e-04
2.07122913e-01 -3.32289043e-04 3.23809820e-04
2.07641593e-01 8.80917747e-04 3.15720964e-04
2.08160270e-01 -2.57615326e-05 3.15409112e-04
2.08678944e-01 -1.86330707e-04 3.19766772e-04
2.09197615e-01 1.92291072e-05 3.13313532e-04
2.09716283e-01 -1.42741768e-04 3.13308773e-04
2.10234947e-01 2.27731696e-04 3.13618592e-04
2.10753609e-01 -2.56832976e-04 3.07592087e-04
2.11272267e-01 3.62347437e-05 3.14514678e-04
2.11790921e-01 -9.86850407e-05 3.08011434e-04
2.12309573e-01 -1.86809897e-04 3.16064964e-04
2.12828221e-01 -5.37959638e-05 3.11810315e-04
2.13346866e-01 1.41314438e-04 3.09105302e-04
2.13865508e-01 5.16937327e-04 3.07897099e-04
2.14384146e-01 -1.75793098e-04 3.13973150e-04
2.14902781e-01 5.09728201e-05 3.13506292e-04
2.15421413e-01 3.73703111e-04 3.16165126e-04
2.15940042e-01 -7.79357403e-05 3.12614402e-04
2.16458667e-01 -8.23144787e-05 3.07884095e-04
2.16977289e-01 2.79587158e-04 3.12259124e-04
2.17495907e-01 -2.35242904e-04 3.08282290e-04
2.18014523e-01 1.64623113e-04 3.02889609e-04
2.18533135e-01 -3.04666788e-04 3.13350483e-04
2.19051743e-01 -3.34506123e-04 3.11864773e-04
2.19570348e-01 3.55800092e-05 3.11759334e-04
2.20088950e-01 -3.17479620e-04 3.02050620e-04
2.20607549e-01 -3.32936926e-04 2.98511669e-04
2.21126144e-01 -1.20451734e-04 3.07539478e-04
2.21644735e-01 4.61093490e-05 3.08421512e-04
2.22163324e-01 -3.94081736e-04 3.03417476e-04
2.22681909e-01 2.70225922e-04 2.99228723e-04
2.23200490e-01 -2.25256393e-04 3.06508228e-04
2.23719068e-01 5.36677376e-04 3.07450618e-04
2.24237643e-01 -5.67153010e-04 3.00786357e-04
2.24756214e-01 -5.19563773e-05 3.01832931e-04
2.25274781e-01 4.71900809e-04 3.06833212e-04
2.25793346e-01 -4.34965997e-04 3.04464783e-04
2.26311907e-01 4.98023053e-04 2.94481849e-04
2.26830464e-01 2.33659235e-04 3.01789387e-04
2.27349018e-01 -8.35000999e-05 3.01068727e-04
2.27867568e-01 3.60502105e-04 2.96524352e-04
2.28386115e-01 3.54023614e-04 2.97398632e-04
2.28904658e-01 1.44897991e-04 2.90089322e-04
2.29423198e-01 -2.01903285e-04 2.96454402e-04
2.29941734e-01 -1.09322050e-04 2.92724507e-04
2.30460267e-01 1.67149870e-04 2.93019868e-04
2.30978797e-01 1.88085747e-04 2.94126305e-04
2.31497322e-01 -2.26379444e-04 2.90911135e-04
2.32015844e-01 2.88588617e-04 2.94267511e-04
2.32534363e-01 7.05885794e-04 2.92412177e-04
2.33052878e-01 -1.24601619e-04 2.92455728e-04
2.33571390e-01 2.11003654e-04 2.89360706e-04
2.34089898e-01 -1.43042670e-04 2.90086425e-04
2.34608402e-01 -1.21890977e-04 2.90777026e-04
2.35126903e-01 9.37211429e-06 2.84911166e-04
2.35645400e-01 3.81222908e-04 2.93588295e-04
2.36163893e-01 3.24068349e-04 2.91537841e-04
2.36682383e-01 -4.28995692e-05 2.89775623e-04
2.37200869e-01 -3.70417045e-04 2.83814527e-04
2.37719352e-01 -2.54231105e-04 2.89508124e-04
2.38237831e-01 -3.04361902e-04 2.91834918e-04
2.38756306e-01 2.14863212e-04 2.84351978e-04
2.39274778e-01 2.48614744e-04 2.89860003e-04
2.39793246e-01 2.57058562e-04 2.87267278e-04
2.40311710e-01 4.65218321e-04 2.86180847e-04
2.40830171e-01 7.13618240e-05 2.88177288e-04
2.41348628e-01 3.97989417e-04 2.89898502e-04
2.41867081e-01 5.96784775e-04 2.88441883e-04
2.42385531e-01 4.74083594e-05 2.84857696e-04
2.42903976e-01 2.50626490e-04 2.88831403e-04
2.43422418e-01 -3.25702347e-05 2.85721101e-04
2.43940857e-01 -3.91027789e-05 2.79432440e-04
2.44459291e-01 -3.86124287e-04 2.78553655e-04
2.44977722e-01 -3.61304338e-04 2.82507319e-04
2.45496149e-01 -7.56692675e-06 2.84792239e-04
2.46014573e-01 -4.04897500e-05 2.80797835e-04
2.46532992e-01 -6.38218313e-05 2.79419414e-04
2.47051408e-01 -4.16662426e-04 2.79587643e-04
2.47569820e-01 -4.79674274e-04 2.74295451e-04
2.48088228e-01 -4.48066113e-04 2.77352555e-04
2.48606633e-01 -2.16430572e-04 2.76417696e-04
2.49125033e-01 1.58600313e-05 2.79856927e-04
2.49643430e-01 1.89513114e-04 2.81678107e-04
2.50161823e-01 2.08376517e-05 2.79384300e-04
2.50680212e-01 3.65694984e-04 2.75974269e-04
2.51198598e-01 6.67930966e-05 2.78696101e-04
2.51716979e-01 1.53013837e-05 2.73084727e-04
2.52235357e-01 6.31773706e-04 2.77304988e-04
2.52753730e-01 -1.03221393e-04 2.79130612e-04
2.53272100e-01 4.18171101e-04 2.83146599e-04
2.53790466e-01 -1.24887651e-04 2.74656467e-04
2.54308828e-01 -4.56370348e-05 2.74270140e-04
2.54827186e-01 -6.32359978e-05 2.70215175e-04
2.55345541e-01 1.14366921e-04 2.72803787e-04
2.55863891e-01 5.13715422e-05 2.78184938e-04
2.56382237e-01 -1.45847826e-04 2.75062696e-04
2.56900580e-01 4.15213372e-05 2.71294575e-04
2.57418919e-01 2.19418125e-04 2.69833438e-04
2.57937253e-01 3.89861952e-04 2.73776668e-04
2.58455584e-01 1.05626696e-04 2.70089350e-04
2.58973911e-01 -1.69661932e-04 2.67358787e-04
2.59492233e-01 1.41174728e-04 2.69130398e-04
2.60010552e-01 2.56845480e-05 2.65064118e-04
2.60528867e-01 -9.51203600e-05 2.66790809e-04
2.61047178e-01 2.07964197e-04 2.71392268e-04
2.61565484e-01 -5.42562193e-05 2.78562544e-04
2.62083787e-01 -3.21988379e-05 2.69614377e-04
2.62602086e-01 -4.25153142e-04 2.65668202e-04
2.63120381e-01 -9.13463412e-05 2.64877856e-04
2.63638671e-01 -1.85804571e-05 2.67443478e-04
2.64156958e-01 1.24944657e-04 2.74248845e-04
2.64675241e-01 7.93717362e-05 2.73016488e-04
2.65193519e-01 -3.89308817e-05 2.72468130e-04
2.65711794e-01 1.51921178e-04 2.75663611e-04
2.66230064e-01 4.31448078e-05 2.70285841e-04
2.66748330e-01 -5.88904190e-05 2.69220535e-04
2.67266593e-01 3.03686739e-04 2.77649730e-04
2.67784851e-01 3.44328537e-04 2.68905486e-04
2.68303105e-01 -1.28884860e-04 2.75484692e-04
2.68821355e-01 6.27984412e-05 2.70664410e-04
2.69339601e-01 3.47202093e-04 2.73665450e-04
2.69857842e-01 -4.99965337e-04 2.72411792e-04
2.70376080e-01 9.85146661e-05 2.66804049e-04
2.70894314e-01 -1.16214468e-04 2.71602482e-04
2.71412543e-01 -1.47083389e-05 2.69433041e-04
2.71930768e-01 2.59335243e-04 2.73030086e-04
2.72448989e-01 -1.70932139e-05 2.67310179e-04
2.72967206e-01 -2.34738867e-05 2.64784125e-04
2.73485418e-01 9.70970235e-05 2.67667779e-04
2.74003627e-01 3.52732043e-04 2.68576680e-04
2.74521831e-01 9.46654776e-05 2.66649470e-04
2.75040031e-01 -3.56266262e-04 2.62057639e-04
2.75558227e-01 -8.25627488e-06 2.63800268e-04
2.76076418e-01 9.99618379e-05 2.63631047e-04
2.76594606e-01 2.24415283e-04 2.63048559e-04
2.77112789e-01 -1.13693662e-04 2.60702517e-04
2.77630968e-01 -2.01016687e-04 2.64689346e-04
2.78149142e-01 2.33313360e-04 2.63805815e-04
2.78667313e-01 -1.83219995e-04 2.63247891e-04
2.79185479e-01 -2.50254819e-04 2.67104134e-04
2.79703640e-01 -6.45890786e-05 2.65026199e-04
2.80221798e-01 -2.56733460e-05 2.65542263e-04
2.80739951e-01 -5.28538066e-06 2.68956247e-04
2.81258100e-01 -5.69558637e-05 2.65350221e-04
2.81776245e-01 3.64363916e-05 2.67150593e-04
2.82294385e-01 7.54129949e-05 2.62806722e-04
2.82812521e-01 -7.09593564e-05 2.59071243e-04
2.83330653e-01 -2.50087599e-04 2.61825521e-04
2.83848780e-01 2.80452316e-06 2.65306267e-04
2.84366903e-01 -1.23664790e-04 2.63717783e-04
2.84885022e-01 5.32977141e-04 2.68010802e-04
2.85403136e-01 -8.52145011e-05 2.67299179e-04
2.85921246e-01 -1.79315312e-04 2.62736592e-04
2.86439351e-01 2.20150885e-04 2.62170731e-04
2.86957452e-01 -1.38684322e-04 2.71998246e-04
2.87475549e-01 -3.16906237e-04 2.63987234e-04
2.87993641e-01 -2.22650868e-04 2.58878041e-04
2.88511729e-01 1.79006888e-04 2.58939882e-04
2.89029813e-01 3.01144490e-04 2.59149502e-04
2.89547892e-01 2.42423331e-04 2.61229174e-04
2.90065967e-01 -5.11204934e-04 2.58030368e-04
2.90584037e-01 2.98913177e-04 2.61350781e-04
2.91102103e-01 1.42117802e-04 2.56425919e-04
2.91620164e-01 -1.65189752e-04 2.54063543e-04
2.92138221e-01 -2.32888501e-05 2.57529294e-04
2.92656273e-01 2.46105333e-04 2.55937636e-04
2.93174321e-01 -6.47697365e-05 2.58336793e-04
2.93692364e-01 1.76078159e-04 2.55675795e-04
2.94210403e-01 3.36337196e-04 2.55153884e-04
2.94728437e-01 -9.74097036e-05 2.53165965e-04
2.95246467e-01 3.59659821e-04 2.55228808e-04
2.95764493e-01 5.55123119e-05 2.53086301e-04
2.96282514e-01 -4.01066575e-05 2.50667989e-04
2.96800530e-01 9.47776555e-05 2.51080173e-04
2.97318542e-01 2.22299669e-04 2.50997222e-04
2.97836549e-01 -2.55516892e-04 2.49476092e-04
2.98354551e-01 -1.16148006e-04 2.51833918e-04
2.98872549e-01 -2.17182934e-04 2.45998699e-04
2.99390543e-01 8.43209824e-05 2.44962963e-04
2.99908532e-01 -3.57947325e-04 2.45494198e-04
3.00426516e-01 -1.02644817e-04 2.43731909e-04
3.00944496e-01 1.69179600e-04 2.50778628e-04
3.01462471e-01 1.84325117e-04 2.43182557e-04
3.01980441e-01 -2.31147994e-04 2.50568444e-04
3.02498407e-01 -2.05923495e-05 2.49147862e-04
3.03016368e-01 3.03607292e-04 2.49700716e-04
3.03534325e-01 -2.66642299e-04 2.48464665e-04
3.04052277e-01 -1.65410501e-04 2.41140951e-04
3.04570224e-01 2.39588027e-04 2.44652352e-04
3.05088167e-01 1.73751656e-04 2.48438317e-04
3.05606105e-01 1.60613421e-04 2.48238452e-04
3.06124038e-01 2.36387599e-05 2.46478588e-04
3.06641967e-01 -2.36586525e-04 2.42808945e-04
3.07159891e-01 -1.86677049e-04 2.41790805e-04
3.07677810e-01 -1.18019778e-04 2.40148786e-04
3.08195724e-01 4.99857932e-05 2.43651855e-04
3.08713634e-01 -3.00942144e-04 2.41371057e-04
3.09231539e-01 1.83013881e-05 2.38863604e-04
3.09749440e-01 1.70540653e-06 2.40995682e-04
3.10267335e-01 4.81136563e-05 2.38985388e-04
3.10785226e-01 -3.35263745e-04 2.40829397e-04
3.11303112e-01 -1.15330833e-04 2.36664258e-04
3.11820993e-01 1.75171262e-04 2.44580944e-04
3.12338870e-01 -1.12124294e-05 2.41533234e-04
3.12856742e-01 -3.39731365e-04 2.34153327e-04
3.13374609e-01 3.32143249e-04 2.39495018e-04
3.13892471e-01 9.32995128e-05 2.38842256e-04
3.14410328e-01 2.23754167e-04 2.36617630e-04
3.14928181e-01 -2.80233097e-04 2.36465017e-04
3.15446029e-01 -1.38211749e-04 2.36295671e-04
3.15963871e-01 3.66234069e-04 2.33205443e-04
3.16481710e-01 3.39317706e-06 2.34539834e-04
3.16999543e-01 -8.37377187e-05 2.35364138e-04
3.17517371e-01 -1.47422141e-04 2.34099034e-04
3.18035195e-01 1.37868375e-04 2.38121430e-04
3.18553013e-01 1.23707068e-04 2.36720691e-04
3.19070827e-01 -1.96864212e-04 2.33407225e-04
3.19588636e-01 -3.77265134e-05 2.34960377e-04
3.20106440e-01 1.75271986e-05 2.33754368e-04
3.20624239e-01 6.39144976e-05 2.33968617e-04
3.21142033e-01 -3.37737080e-04 2.28859413e-04
3.21659823e-01 -3.30038128e-04 2.26696588e-04
3.22177607e-01 7.23734673e-05 2.33875382e-04
3.22695387e-01 3.04287413e-04 2.28604078e-04
3.23213161e-01 -4.24518573e-05 2.30556564e-04
3.23730931e-01 -1.28301819e-04 2.31383954e-04
3.24248695e-01 2.23866211e-07 2.34887961e-04
3.24766455e-01 2.79684286e-04 2.36650061e-04
3.25284210e-01 1.73812024e-05 2.30304725e-04
3.25801959e-01 -1.92206199e-04 2.32117610e-04
3.26319704e-01 -1.85833024e-04 2.30418324e-04
3.26837444e-01 1.00730234e-05 2.33620207e-04
3.27355179e-01 -3.83509492e-04 2.30073376e-04
3.27872908e-01 -2.27866542e-04 2.27875781e-04
3.28390633e-01 -3.12051153e-04 2.33635097e-04
3.28908353e-01 -1.00088941e-04 2.31451039e-04
3.29426067e-01 5.44162056e-04 2.32231435e-04
3.29943777e-01 1.00514396e-04 2.31661943e-04
3.30461482e-01 -7.90378041e-05 2.30739726e-04
3.30979181e-01 7.34061928e-05 2.25519822e-04
3.31496876e-01 2.85557827e-04 2.25576795e-04
3.32014565e-01 8.90182553e-05 2.28491762e-04
3.32532249e-01 -4.47828304e-05 2.24707409e-04
3.33049928e-01 1.26349518e-04 2.24896136e-04
3.33567603e-01 2.13389072e-05 2.25775750e-04
3.34085272e-01 -1.21016271e-04 2.26018369e-04
3.34602936e-01 5.19789873e-05 2.26221189e-04
3.35120594e-01 -4.07518995e-05 2.24167234e-04
3.35638248e-01 -1.65291804e-05 2.24366024e-04
3.36155897e-01 -1.74189141e-04 2.22391568e-04
3.36673540e-01 -2.68239380e-05 2.24401385e-04
3.37191178e-01 -2.13990528e-04 2.28122421e-04
3.37708811e-01 1.03822856e-05 2.20157531e-04
3.38226439e-01 -2.52346131e-04 2.24616132e-04
3.38744062e-01 -1.06806970e-04 2.21269275e-04
3.39261680e-01 1.04415436e-04 2.21350449e-04
3.39779292e-01 8.20354201e-05 2.22984762e-04
3.40296899e-01 -2.32405300e-05 2.24126519e-04
3.40814501e-01 1.66072775e-04 2.21575994e-04
3.41332098e-01 2.42324231e-04 2.17272827e-04
3.41849690e-01 -2.11277878e-04 2.18422340e-04
3.42367276e-01 9.20071300e-05 2.21227419e-04
3.42884857e-01 2.59722123e-04 2.17935765e-04
3.43402433e-01 4.45008730e-05 2.19377641e-04
3.43920004e-01 4.07775658e-04 2.19044405e-04
3.44437569e-01 2.68284793e-05 2.18625843e-04
3.44955129e-01 4.09939423e-05 2.19867506e-04
3.45472684e-01 2.12413715e-04 2.18572464e-04
3.45990233e-01 -6.53729250e-05 2.18530935e-04
3.46507778e-01 -2.26752193e-04 2.14690729e-04
3.47025317e-01 -2.68705859e-04 2.16968232e-04
3.47542850e-01 -5.24050160e-05 2.17908409e-04
3.48060379e-01 1.69339079e-04 2.15418745e-04
3.48577902e-01 1.21505211e-04 2.19240244e-04
3.49095419e-01 2.70640213e-04 2.20633286e-04
3.49612932e-01 2.90966394e-04 2.18794257e-04
3.50130439e-01 5.01920052e-05 2.18394654e-04
3.50647940e-01 -1.03906825e-04 2.21113506e-04
3.51165437e-01 -2.37646455e-04 2.18946236e-04
3.51682928e-01 4.82338279e-04 2.16820111e-04
3.52200413e-01 -1.94086979e-04 2.13443759e-04
3.52717893e-01 6.38985446e-05 2.14874292e-04
3.53235368e-01 2.93741504e-04 2.17236462e-04
3.53752837e-01 -1.08016638e-04 2.22326233e-04
3.54270301e-01 -3.01733759e-04 2.14079202e-04
3.54787760e-01 -2.85178812e-05 2.15198557e-04
3.55305213e-01 -2.70636619e-04 2.16600418e-04
3.55822661e-01 -2.85013289e-04 2.13565588e-04
3.56340103e-01 1.45255495e-04 2.09771999e-04
3.56857540e-01 -1.23956821e-04 2.11654675e-04
3.57374971e-01 -1.39409338e-04 2.14246672e-04
3.57892397e-01 -5.27865262e-04 2.11236199e-04
3.58409818e-01 -7.58638977e-05 2.13637653e-04
3.58927232e-01 2.61547605e-04 2.11699475e-04
3.59444642e-01 1.06670191e-04 2.12523326e-04
3.59962046e-01 8.24754970e-05 2.11957875e-04
3.60479444e-01 -2.23126395e-04 2.12405417e-04
3.60996837e-01 -1.96880931e-04 2.12313166e-04
3.61514225e-01 8.56742795e-05 2.10307211e-04
3.62031607e-01 1.10621394e-04 2.08355664e-04
3.62548983e-01 8.72348664e-05 2.11439861e-04
3.63066354e-01 3.48650528e-04 2.13857743e-04
3.63583719e-01 -3.58136294e-05 2.10040538e-04
3.64101079e-01 1.17275578e-04 2.08242971e-04
3.64618433e-01 1.29277732e-04 2.11887386e-04
3.65135782e-01 1.28123832e-04 2.10011500e-04
3.65653125e-01 1.76179672e-04 2.12530091e-04
3.66170462e-01 4.20302685e-04 2.10831980e-04
3.66687794e-01 1.89817119e-04 2.08969126e-04
3.67205121e-01 -1.02640035e-04 2.09508750e-04
3.67722441e-01 3.33137747e-06 2.06098827e-04
3.68239756e-01 6.95974091e-05 2.10403804e-04
3.68757066e-01 2.69432030e-04 2.08153687e-04
3.69274369e-01 -1.38353570e-04 2.08185230e-04
3.69791668e-01 -3.20705769e-05 2.05379179e-04
3.70308960e-01 3.26129720e-04 2.10605554e-04
3.70826247e-01 1.07440274e-04 2.05794072e-04
3.71343528e-01 2.78353645e-04 2.08257614e-04
3.71860803e-01 1.24857127e-04 2.10282588e-04
3.72378073e-01 1.05343607e-04 2.10514327e-04
3.72895337e-01 2.19144613e-04 2.11011286e-04
3.73412596e-01 -1.54906307e-04 2.10343475e-04
3.73929849e-01 1.43541739e-04 2.13332966e-04
3.74447096e-01 -7.86788790e-05 2.13865413e-04
3.74964337e-01 -2.09586350e-04 2.11798535e-04
3.75481572e-01 2.28739579e-04 2.17093039e-04
3.75998802e-01 2.07745539e-04 2.17453589e-04
3.76516026e-01 8.15155228e-05 2.14961261e-04
3.77033245e-01 8.66018972e-05 2.16209480e-04
3.77550457e-01 1.31545733e-04 2.15590026e-04
3.78067664e-01 -1.89742100e-04 2.16757195e-04
3.78584865e-01 -4.68506398e-05 2.14680178e-04
3.79102060e-01 -3.27681099e-05 2.19618818e-04
3.79619250e-01 3.57058576e-04 2.16839850e-04
3.80136433e-01 -2.69414202e-04 2.18480900e-04
3.80653611e-01 2.46528468e-04 2.21149571e-04
3.81170783e-01 4.40340050e-04 2.20665579e-04
3.81687950e-01 -1.58549393e-04 2.12445275e-04
3.82205110e-01 1.48881494e-04 2.16308606e-04
3.82722265e-01 -1.19249354e-04 2.15808684e-04
3.83239413e-01 2.80149030e-04 2.16735986e-04
3.83756556e-01 2.05738437e-04 2.12425282e-04
3.84273693e-01 3.59058210e-04 2.16945952e-04
3.84790824e-01 -2.02059497e-04 2.13927820e-04
3.85307950e-01 -7.97571933e-05 2.11754776e-04
3.85825069e-01 -3.74309298e-05 2.13000275e-04
3.86342183e-01 -1.75085972e-04 2.12343000e-04
3.86859290e-01 3.51681647e-05 2.13863381e-04
3.87376392e-01 -1.85487993e-05 2.13866447e-04
3.87893488e-01 1.13265501e-04 2.29981105e-04
3.88410577e-01 1.42890218e-04 2.14332136e-04
3.88927661e-01 1.49086582e-04 2.26350829e-04
3.89444739e-01 -9.18256937e-05 2.19442637e-04
3.89961811e-01 -2.59809745e-04 2.15577395e-04
3.90478878e-01 5.97784334e-05 2.15921418e-04
3.90995938e-01 2.91401908e-04 2.19361090e-04
3.91512992e-01 2.69923880e-04 2.18886821e-04
3.92030040e-01 -6.90781056e-05 2.18912290e-04
3.92547082e-01 1.67225711e-04 2.14193249e-04
3.93064118e-01 -2.24218910e-04 2.16790645e-04
3.93581149e-01 1.70637814e-04 2.18415266e-04
3.94098173e-01 -9.91383235e-05 2.19896741e-04
3.94615191e-01 3.05920128e-05 2.21497533e-04
3.95132203e-01 -3.90435776e-04 2.21219756e-04
3.95649209e-01 5.71204341e-05 2.22823543e-04
3.96166209e-01 7.29661515e-05 2.23256925e-04
3.96683203e-01 2.88437275e-04 2.22573038e-04
3.97200191e-01 1.16356868e-04 2.28602009e-04
3.97717173e-01 -2.14720005e-05 2.23522857e-04
3.98234149e-01 1.05511642e-05 2.26740270e-04
3.98751119e-01 2.65831468e-04 2.26278878e-04
3.99268083e-01 -1.03196571e-04 2.27019372e-04
3.99785040e-01 -8.43402232e-05 2.28101619e-04
4.00301992e-01 7.42845179e-05 2.29890680e-04
4.00818937e-01 4.08132494e-04 2.32915278e-04
4.01335876e-01 -4.38181138e-05 2.28060567e-04
4.01852810e-01 -8.18333405e-05 2.29180582e-04
4.02369737e-01 1.01945919e-04 2.58475645e-04
4.02886658e-01 5.75363727e-04 2.79606325e-04
4.03403572e-01 6.92775167e-04 3.02628469e-04
4.03920481e-01 -1.26249398e-04 3.11663533e-04
4.04437383e-01 4.34671351e-04 3.19730444e-04
4.04954280e-01 2.58423832e-04 3.30184431e-04
4.05471170e-01 7.21170738e-04 3.57211440e-04
4.05988054e-01 3.00043026e-04 4.16655131e-04
4.06504931e-01 9.24317290e-05 4.46632843e-04
4.07021803e-01 6.72118356e-04 5.72584722e-04
4.07538668e-01 -4.98154858e-03 3.04549887e-03
