7.27043000e-03 5.26975873e-02 1.39295646e-02
7.78974585e-03 6.23221539e-02 1.00586834e-02
8.30906158e-03 6.57840182e-02 9.50661273e-03
8.82837719e-03 6.04626883e-02 5.14427034e-03
9.34769265e-03 6.39598022e-02 4.00750986e-03
9.86700798e-03 6.02101394e-02 3.51513738e-03
1.03863231e-02 6.30710302e-02 2.89520756e-03
1.09056382e-02 5.84949848e-02 2.38644038e-03
1.14249530e-02 6.07666670e-02 2.35749476e-03
1.19442677e-02 5.82601707e-02 2.09720461e-03
1.24635822e-02 6.24507506e-02 1.99981374e-03
1.29828965e-02 5.97955670e-02 1.81439785e-03
1.35022105e-02 5.74497631e-02 1.75931132e-03
1.40215244e-02 5.87015316e-02 1.73284343e-03
1.45408381e-02 6.02240007e-02 1.87793182e-03
1.50601516e-02 6.05481754e-02 1.93263421e-03
1.55794648e-02 5.53000663e-02 1.64850717e-03
1.60987777e-02 5.65895909e-02 1.66846871e-03
1.66180905e-02 5.71329835e-02 1.75768851e-03
1.71374029e-02 5.58358282e-02 1.62917460e-03
1.76567152e-02 5.75611692e-02 1.65627677e-03
1.81760271e-02 5.61413589e-02 1.59354798e-03
1.86953388e-02 5.84032805e-02 1.57043952e-03
1.92146501e-02 5.27686907e-02 1.49919183e-03
1.97339612e-02 5.45759507e-02 1.49891592e-03
2.02532720e-02 5.26777272e-02 1.36232219e-03
2.07725824e-02 5.32895104e-02 1.46758686e-03
2.12918926e-02 5.44895399e-02 1.50639552e-03
2.18112024e-02 5.56071143e-02 1.41274140e-03
2.23305119e-02 5.66086081e-02 1.54074370e-03
2.28498210e-02 5.23618735e-02 1.43939802e-03
2.33691298e-02 5.46637911e-02 1.40882501e-03
2.38884382e-02 5.24219401e-02 1.43611991e-03
2.44077463e-02 5.10338005e-02 1.29012924e-03
2.49270540e-02 5.27497236e-02 1.32581764e-03
2.54463613e-02 5.15576689e-02 1.25608248e-03
2.59656682e-02 5.04047132e-02 1.28874391e-03
2.64849747e-02 5.04220228e-02 1.22234572e-03
2.70042808e-02 5.11301027e-02 1.19587646e-03
2.75235865e-02 4.70399219e-02 1.22658423e-03
2.80428918e-02 4.67826260e-02 1.26110373e-03
2.85621966e-02 5.09254997e-02 1.26147025e-03
2.90815010e-02 5.04929108e-02 1.20637520e-03
2.96008049e-02 4.90256241e-02 1.22634915e-03
3.01201084e-02 4.78782016e-02 1.16804477e-03
3.06394115e-02 4.47523505e-02 1.16783734e-03
3.11587140e-02 4.64535076e-02 1.15356584e-03
3.16780161e-02 4.63827545e-02 1.15959329e-03
3.21973177e-02 4.52694649e-02 1.12049292e-03
3.27166188e-02 4.51407609e-02 1.10221979e-03
3.32359194e-02 4.47427625e-02 1.18444400e-03
3.37552195e-02 4.47824083e-02 1.12873366e-03
3.42745190e-02 4.48060766e-02 1.06751524e-03
3.47938181e-02 4.42581217e-02 1.09628754e-03
3.53131166e-02 4.41958031e-02 1.08198704e-03
3.58324146e-02 4.32213154e-02 1.09206504e-03
3.63517120e-02 4.51646956e-02 1.09644750e-03
3.68710088e-02 4.25902149e-02 1.05537727e-03
3.73903051e-02 4.29418098e-02 1.04453582e-03
3.79096008e-02 4.13957126e-02 1.01094437e-03
3.84288959e-02 4.01034832e-02 1.03806755e-03
3.89481905e-02 4.06183464e-02 9.99764766e-04
3.94674844e-02 4.14238523e-02 1.02713935e-03
3.99867778e-02 3.94292415e-02 9.54091290e-04
4.05060705e-02 3.99433414e-02 1.01205773e-03
4.10253626e-02 3.93472280e-02 1.01631765e-03
4.15446540e-02 3.76680282e-02 9.60376698e-04
4.20639449e-02 3.80361143e-02 9.68485244e-04
4.25832350e-02 3.76572900e-02 9.70540760e-04
4.31025246e-02 3.76209469e-02 9.93569795e-04
4.36218134e-02 3.72522151e-02 9.35258512e-04
4.41411016e-02 3.54752670e-02 9.06618880e-04
4.46603891e-02 3.56075646e-02 9.24727987e-04
4.51796760e-02 3.62552548e-02 9.94196431e-04
4.56989621e-02 3.43123625e-02 9.46516734e-04
4.62182475e-02 3.44724031e-02 9.30307367e-04
4.67375323e-02 3.22053664e-02 9.53314493e-04
4.72568163e-02 3.52530750e-02 1.00485995e-03
4.77760995e-02 3.43123213e-02 9.46265488e-04
4.82953821e-02 3.20024408e-02 9.35549291e-04
4.88146639e-02 3.14992969e-02 9.18999660e-04
4.93339449e-02 3.21125464e-02 9.23952239e-04
4.98532252e-02 3.25045567e-02 9.29872775e-04
5.03725048e-02 3.25600052e-02 9.20500345e-04
5.08917835e-02 3.00908299e-02 8.86564059e-04
5.14110615e-02 2.86931836e-02 8.62379049e-04
5.19303387e-02 2.92380417e-02 9.08463215e-04
5.24496150e-02 3.00777474e-02 8.72607276e-04
5.29688906e-02 3.01118943e-02 8.74183893e-04
5.34881654e-02 2.80330203e-02 8.52461492e-04
5.40074393e-02 2.94335831e-02 8.92241401e-04
5.45267124e-02 2.76853684e-02 8.08958313e-04
5.50459847e-02 2.75207726e-02 8.58035545e-04
5.55652561e-02 2.83780795e-02 8.20118033e-04
5.60845267e-02 2.57828656e-02 8.14748049e-04
5.66037964e-02 2.56134263e-02 8.36189460e-04
5.71230652e-02 2.68336804e-02 7.92825067e-04
5.76423332e-02 2.75193671e-02 8.18246748e-04
5.81616003e-02 2.57440059e-02 8.51528922e-04
5.86808665e-02 2.38244672e-02 8.10933407e-04
5.92001317e-02 2.51019070e-02 8.04579257e-04
5.97193961e-02 2.49118744e-02 8.38746844e-04
6.02386596e-02 2.34803785e-02 8.25777599e-04
6.07579221e-02 2.46049180e-02 8.27043336e-04
6.12771837e-02 2.27074245e-02 8.18422416e-04
6.17964443e-02 2.23771359e-02 8.03114221e-04
6.23157040e-02 2.14401831e-02 7.87772315e-04
6.28349628e-02 2.21171694e-02 8.12293207e-04
6.33542206e-02 2.20603787e-02 7.90659397e-04
6.38734774e-02 2.08704869e-02 7.89506660e-04
6.43927332e-02 2.19492002e-02 8.02540252e-04
6.49119880e-02 2.01942714e-02 8.07553704e-04
6.54312419e-02 2.04286255e-02 7.64360019e-04
6.59504947e-02 2.12478037e-02 7.90113765e-04
6.64697465e-02 2.04246650e-02 8.07886551e-04
6.69889973e-02 2.05628267e-02 7.64759044e-04
6.75082471e-02 1.83988101e-02 7.67633181e-04
6.80274958e-02 1.92174444e-02 7.40016771e-04
6.85467435e-02 1.88728335e-02 7.26864499e-04
6.90659901e-02 1.81236073e-02 7.16544867e-04
6.95852357e-02 1.94608100e-02 7.34222907e-04
7.01044802e-02 1.68653310e-02 7.42004927e-04
7.06237236e-02 1.79555487e-02 7.17609785e-04
7.11429659e-02 1.79319475e-02 6.83983074e-04
7.16622072e-02 1.79755652e-02 7.36854958e-04
7.21814473e-02 1.81002187e-02 6.95837325e-04
7.27006863e-02 1.57907913e-02 6.85184509e-04
7.32199243e-02 1.66774617e-02 6.77523659e-04
7.37391611e-02 1.60832210e-02 7.01574746e-04
7.42583967e-02 1.64797767e-02 7.03031087e-04
7.47776312e-02 1.55539949e-02 6.54420176e-04
7.52968646e-02 1.48996796e-02 6.41953198e-04
7.58160968e-02 1.50886780e-02 6.31964917e-04
7.63353279e-02 1.54090041e-02 6.52098374e-04
7.68545577e-02 1.53583030e-02 6.48099783e-04
7.73737864e-02 1.48705168e-02 6.33505604e-04
7.78930139e-02 1.41313780e-02 6.53951145e-04
7.84122402e-02 1.54377657e-02 6.55475223e-04
7.89314653e-02 1.38395984e-02 6.29885118e-04
7.94506892e-02 1.40797601e-02 6.48660918e-04
7.99699119e-02 1.35549054e-02 6.47774327e-04
8.04891333e-02 1.30929134e-02 6.33518337e-04
8.10083535e-02 1.40567367e-02 6.15181155e-04
8.15275725e-02 1.40935840e-02 6.34656048e-04
8.20467902e-02 1.27820052e-02 6.37999804e-04
8.25660066e-02 1.32130082e-02 5.95761835e-04
8.30852218e-02 1.10777502e-02 6.17048100e-04
8.36044357e-02 1.17329964e-02 6.02328218e-04
8.41236483e-02 1.19773467e-02 6.34860490e-04
8.46428596e-02 1.19026903e-02 6.08197465e-04
8.51620696e-02 1.13642227e-02 5.98162657e-04
8.56812784e-02 1.13842645e-02 5.78478675e-04
8.62004858e-02 1.13835565e-02 5.75427904e-04
8.67196918e-02 1.04098159e-02 5.68749049e-04
8.72388966e-02 1.09141533e-02 5.85785395e-04
8.77581000e-02 1.01461238e-02 5.79875633e-04
8.82773020e-02 1.05911525e-02 5.64594075e-04
8.87965027e-02 1.06779340e-02 5.73735790e-04
8.93157020e-02 9.55387288e-03 5.78475070e-04
8.98349000e-02 9.31831340e-03 5.80527910e-04
9.03540966e-02 9.64248102e-03 5.58867830e-04
9.08732917e-02 9.76535143e-03 5.75183940e-04
9.13924855e-02 1.01201004e-02 5.77980051e-04
9.19116779e-02 8.67476900e-03 5.62559369e-04
9.24308689e-02 9.12568148e-03 5.63504236e-04
9.29500585e-02 9.53676055e-03 5.63882415e-04
9.34692466e-02 7.67907001e-03 5.48341702e-04
9.39884333e-02 9.08854894e-03 5.61715063e-04
9.45076185e-02 9.59728947e-03 5.66507755e-04
9.50268023e-02 8.30747162e-03 5.42691992e-04
9.55459846e-02 8.14847191e-03 5.67410460e-04
9.60651655e-02 8.10732013e-03 5.48396297e-04
9.65843449e-02 8.71561372e-03 5.38139556e-04
9.71035228e-02 8.48183991e-03 5.40256858e-04
9.76226992e-02 7.49608915e-03 5.32028608e-04
9.81418741e-02 7.18753821e-03 5.25893328e-04
9.86610475e-02 7.39657608e-03 5.23426498e-04
9.91802194e-02 7.10059771e-03 5.24680349e-04
9.96993898e-02 6.80299818e-03 5.23298058e-04
1.00218559e-01 7.39026867e-03 5.20164401e-04
1.00737726e-01 6.74606573e-03 5.14016524e-04
1.01256892e-01 6.51935481e-03 5.15711391e-04
1.01776056e-01 6.60701548e-03 5.13996224e-04
1.02295218e-01 7.70227589e-03 5.37261012e-04
1.02814380e-01 6.75797567e-03 5.08714074e-04
1.03333539e-01 6.03469022e-03 5.12262556e-04
1.03852697e-01 6.20849994e-03 5.07045144e-04
1.04371853e-01 6.46416830e-03 4.95391508e-04
1.04891008e-01 5.75167631e-03 5.08328868e-04
1.05410161e-01 6.45856226e-03 5.06463347e-04
1.05929312e-01 6.34736228e-03 5.06031455e-04
1.06448462e-01 6.03242335e-03 5.07302729e-04
1.06967610e-01 5.56107132e-03 4.84197323e-04
1.07486757e-01 5.80995094e-03 4.87080393e-04
1.08005902e-01 5.92630982e-03 5.04837439e-04
1.08525045e-01 5.94605510e-03 4.95566775e-04
1.09044187e-01 5.66536193e-03 4.87940718e-04
1.09563327e-01 6.11353557e-03 4.88853520e-04
1.10082465e-01 4.95646287e-03 4.96499624e-04
1.10601601e-01 4.74989600e-03 4.91282899e-04
1.11120736e-01 5.31647738e-03 4.95247308e-04
1.11639869e-01 4.63902379e-03 4.76824160e-04
1.12159001e-01 5.10599216e-03 4.88374996e-04
1.12678130e-01 6.49381452e-03 4.97110044e-04
1.13197258e-01 5.57920278e-03 4.96433157e-04
1.13716385e-01 4.42833310e-03 4.89311754e-04
1.14235509e-01 5.21220799e-03 4.79839535e-04
1.14754632e-01 5.18800678e-03 4.70368805e-04
1.15273753e-01 5.50102560e-03 4.82997566e-04
1.15792872e-01 4.26745986e-03 5.01586941e-04
1.16311989e-01 4.68876750e-03 4.93411168e-04
1.16831105e-01 4.87275663e-03 4.97522591e-04
1.17350219e-01 4.90338773e-03 4.86429823e-04
1.17869331e-01 3.87453161e-03 5.12955705e-04
1.18388441e-01 4.36631861e-03 4.84537889e-04
1.18907549e-01 4.70680077e-03 4.71548367e-04
1.19426656e-01 4.75613513e-03 4.83936294e-04
1.19945761e-01 4.81573772e-03 4.68406048e-04
1.20464864e-01 4.97496953e-03 4.79516658e-04
1.20983965e-01 4.63106450e-03 4.76557680e-04
1.21503064e-01 4.15623205e-03 4.77430046e-04
1.22022161e-01 3.53065948e-03 4.64538218e-04
1.22541256e-01 4.08481676e-03 4.65909268e-04
1.23060350e-01 3.95331529e-03 4.44929831e-04
1.23579442e-01 3.76595153e-03 4.56132451e-04
1.24098531e-01 3.80071420e-03 4.62537324e-04
1.24617619e-01 3.53069367e-03 4.41217038e-04
1.25136705e-01 3.32062146e-03 4.56860114e-04
1.25655789e-01 4.45251019e-03 4.45394842e-04
1.26174871e-01 3.87840903e-03 4.53703856e-04
1.26693952e-01 2.90010723e-03 4.51675460e-04
1.27213030e-01 3.44016588e-03 4.53758884e-04
1.27732106e-01 3.06916246e-03 4.48240507e-04
1.28251180e-01 3.65337150e-03 4.49141225e-04
1.28770253e-01 3.99347642e-03 4.60295818e-04
1.29289323e-01 2.97916032e-03 4.55909832e-04
1.29808391e-01 4.04252099e-03 4.47125105e-04
1.30327458e-01 3.57591392e-03 4.51280434e-04
1.30846522e-01 3.59155368e-03 4.55706984e-04
1.31365584e-01 2.76641776e-03 4.36315660e-04
1.31884645e-01 2.01050624e-03 4.41548285e-04
1.32403703e-01 2.50489188e-03 4.41491107e-04
1.32922759e-01 2.88495193e-03 4.41884305e-04
1.33441814e-01 2.49367556e-03 4.20412957e-04
1.33960866e-01 3.21964428e-03 4.34431117e-04
1.34479916e-01 3.34059124e-03 4.30731818e-04
1.34998964e-01 2.85914676e-03 4.20918788e-04
1.35518010e-01 2.60343238e-03 4.34181190e-04
1.36037054e-01 2.12000096e-03 4.23211675e-04
1.36556096e-01 3.25208924e-03 4.24191891e-04
1.37075135e-01 3.23573645e-03 4.43453701e-04
1.37594173e-01 2.55022667e-03 4.22156741e-04
1.38113208e-01 2.14704240e-03 4.19634580e-04
1.38632242e-01 3.17745689e-03 4.18689984e-04
1.39151273e-01 2.41310563e-03 4.22743604e-04
1.39670302e-01 3.40771775e-03 4.32926986e-04
1.40189329e-01 2.91822248e-03 4.24724158e-04
1.40708354e-01 2.65452051e-03 4.30813601e-04
1.41227377e-01 2.61364605e-03 4.34580166e-04
1.41746397e-01 2.81199587e-03 4.34490945e-04
1.42265415e-01 2.56743478e-03 4.31108717e-04
1.42784432e-01 2.09061863e-03 4.27589652e-04
1.43303446e-01 2.93285930e-03 4.29366091e-04
1.43822457e-01 2.88961519e-03 4.26135298e-04
1.44341467e-01 2.50222080e-03 4.23027129e-04
1.44860474e-01 1.99423053e-03 4.28856814e-04
1.45379479e-01 1.48062467e-03 4.20376599e-04
1.45898482e-01 2.50840451e-03 4.20611320e-04
1.46417483e-01 1.70266172e-03 4.23880741e-04
1.46936481e-01 1.39062635e-03 4.09191516e-04
1.47455477e-01 1.97413018e-03 4.08431308e-04
1.47974471e-01 1.33441279e-03 4.00718151e-04
1.48493463e-01 2.15271840e-03 4.05294883e-04
1.49012452e-01 1.76347425e-03 3.98017859e-04
1.49531439e-01 1.85147720e-03 4.05077188e-04
1.50050424e-01 2.33838808e-03 3.94453602e-04
1.50569406e-01 2.00746165e-03 4.04111917e-04
1.51088386e-01 1.70786576e-03 3.97701101e-04
1.51607364e-01 2.33204432e-03 4.00672487e-04
1.52126339e-01 1.87694696e-03 4.05494702e-04
1.52645312e-01 2.12705204e-03 3.95369646e-04
1.53164283e-01 2.55573968e-03 4.11830090e-04
1.53683251e-01 1.59443510e-03 4.05458799e-04
1.54202218e-01 1.70112490e-03 4.10594965e-04
1.54721181e-01 1.33324459e-03 4.05280085e-04
1.55240143e-01 1.73970139e-03 4.06764961e-04
1.55759101e-01 1.84197201e-03 4.10066082e-04
1.56278058e-01 1.94526969e-03 3.97555649e-04
1.56797012e-01 1.73548268e-03 4.19296767e-04
1.57315964e-01 1.98548777e-03 4.13312634e-04
1.57834913e-01 1.96052534e-03 4.08655343e-04
1.58353860e-01 1.68576211e-03 4.10468834e-04
1.58872805e-01 1.26187782e-03 4.01406456e-04
1.59391747e-01 1.04026638e-03 4.07510243e-04
1.59910686e-01 1.87240611e-03 4.06257682e-04
1.60429623e-01 8.56051822e-04 4.04543415e-04
1.60948558e-01 1.02344080e-03 4.07478397e-04
1.61467490e-01 1.13791218e-03 4.07802966e-04
1.61986420e-01 1.12853037e-03 3.95586605e-04
1.62505347e-01 1.52799278e-03 3.95795957e-04
1.63024272e-01 1.22262372e-03 3.91726031e-04
1.63543194e-01 1.79486346e-03 3.99097209e-04
1.64062114e-01 2.18882338e-03 3.87168297e-04
1.64581031e-01 1.96875948e-03 4.08412985e-04
1.65099945e-01 8.37565721e-04 3.85097068e-04
1.65618858e-01 1.92264569e-03 3.97488460e-04
1.66137767e-01 1.67554638e-03 3.96202967e-04
1.66656674e-01 1.45213864e-03 3.84330388e-04
1.67175579e-01 1.07930151e-03 3.79621508e-04
1.67694481e-01 9.32765011e-04 3.78393921e-04
1.68213380e-01 1.03358063e-03 3.77709167e-04
1.68732277e-01 6.92306112e-04 3.86792759e-04
1.69251171e-01 1.32535128e-03 3.96603619e-04
1.69770062e-01 1.01580962e-03 3.82876904e-04
1.70288951e-01 1.00477641e-03 3.91570038e-04
1.70807838e-01 1.62370799e-03 3.85504879e-04
1.71326721e-01 9.44298984e-04 3.74249184e-04
1.71845603e-01 6.00369670e-04 3.85307776e-04
1.72364481e-01 9.46354782e-04 3.86014812e-04
1.72883357e-01 1.22537294e-03 3.78542554e-04
1.73402230e-01 4.69068788e-04 3.81824495e-04
1.73921100e-01 1.23742620e-03 3.77210850e-04
1.74439968e-01 1.18196801e-03 3.72538500e-04
1.74958833e-01 1.15325194e-03 3.87703337e-04
1.75477696e-01 1.32963224e-03 3.84880353e-04
1.75996556e-01 1.04933880e-03 3.96129623e-04
1.76515413e-01 1.64137211e-03 3.87414135e-04
1.77034267e-01 1.45137730e-03 3.78818631e-04
1.77553119e-01 1.26157304e-03 3.73455101e-04
1.78071968e-01 1.36321965e-03 3.87195050e-04
1.78590814e-01 1.68053665e-03 3.71747139e-04
1.79109657e-01 1.19850210e-03 3.81414250e-04
1.79628498e-01 1.81427792e-03 3.75721618e-04
1.80147336e-01 6.35024128e-04 3.60315946e-04
1.80666171e-01 1.26924564e-03 3.75561419e-04
1.81185003e-01 7.03849552e-04 3.63768297e-04
1.81703833e-01 9.95911761e-04 3.69308341e-04
1.82222660e-01 1.62015923e-03 3.68677722e-04
1.82741484e-01 7.92482679e-04 3.63321808e-04
1.83260305e-01 1.00438202e-03 3.54184535e-04
1.83779124e-01 1.19921518e-03 3.59443114e-04
1.84297939e-01 8.62741521e-04 3.55938735e-04
1.84816752e-01 1.04625125e-03 3.55796126e-04
1.85335562e-01 8.27272998e-04 3.51630686e-04
1.85854369e-01 1.44853581e-03 3.56027066e-04
1.86373173e-01 1.09990910e-03 3.66644821e-04
1.86891975e-01 1.39454727e-03 3.63653915e-04
1.87410773e-01 7.06750924e-04 3.50495184e-04
1.87929569e-01 1.06321166e-03 3.53666727e-04
1.88448361e-01 7.75638050e-04 3.50159897e-04
1.88967151e-01 7.61441642e-04 3.50832613e-04
1.89485938e-01 1.02548876e-03 3.51121638e-04
1.90004722e-01 7.00012516e-04 3.42959684e-04
1.90523503e-01 1.00304461e-03 3.49914567e-04
1.91042282e-01 1.24221176e-03 3.52022813e-04
1.91561057e-01 5.05081639e-04 3.50951845e-04
1.92079829e-01 3.14085238e-04 3.51643642e-04
1.92598599e-01 9.40852334e-04 3.48330406e-04
1.93117365e-01 5.85368788e-04 3.45479999e-04
1.93636128e-01 5.76067223e-04 3.38180165e-04
1.94154889e-01 4.47270557e-04 3.45498361e-04
1.94673646e-01 7.03835649e-04 3.40959321e-04
1.95192401e-01 9.68880728e-04 3.44627446e-04
1.95711153e-01 1.28891877e-03 3.35340521e-04
1.96229901e-01 1.10004449e-03 3.34048402e-04
1.96748647e-01 8.92259710e-04 3.29023490e-04
1.97267389e-01 8.65778359e-04 3.40848199e-04
1.97786129e-01 1.17123547e-03 3.38235318e-04
1.98304865e-01 1.03684019e-03 3.32220843e-04
1.98823598e-01 1.02531048e-03 3.28775840e-04
1.99342329e-01 6.33405287e-04 3.32986079e-04
1.99861056e-01 6.30157413e-04 3.33267003e-04
2.00379780e-01 8.77457894e-04 3.33534572e-04
2.00898501e-01 9.08136134e-05 3.34883226e-04
2.01417219e-01 3.17258291e-04 3.26531173e-04
2.01935934e-01 3.68969424e-04 3.32510776e-04
2.02454646e-01 7.50226512e-04 3.30777454e-04
2.02973355e-01 1.03533454e-03 3.29420476e-04
2.03492061e-01 6.66481211e-04 3.31425817e-04
2.04010763e-01 1.08083700e-03 3.32098318e-04
2.04529463e-01 9.14980548e-04 3.29297999e-04
2.05048159e-01 9.98281410e-04 3.18376824e-04
2.05566852e-01 5.04169678e-04 3.28269454e-04
2.06085542e-01 6.23225038e-04 3.18897501e-04
2.06604229e-01 5.56454773e-04 3.28115664e-04
2.07122913e-01 6.58134532e-04 3.20133237e-04
2.07641593e-01 8.33311799e-04 3.19135827e-04
2.08160270e-01 1.18992837e-03 3.22084121e-04
2.08678944e-01 1.94703686e-04 3.19168056e-04
2.09197615e-01 4.36352164e-04 3.21013091e-04
2.09716283e-01 7.62947314e-04 3.10038273e-04
2.10234947e-01 7.54475113e-04 3.10737539e-04
2.10753609e-01 5.38451403e-04 3.14440755e-04
2.11272267e-01 5.74222837e-04 3.16098506e-04
2.11790921e-01 7.49166452e-04 3.16968537e-04
2.12309573e-01 8.06733462e-04 3.18049007e-04
2.12828221e-01 6.28510312e-04 3.09979092e-04
2.13346866e-01 8.65390792e-04 3.10113418e-04
2.13865508e-01 6.23741365e-04 3.09105546e-04
2.14384146e-01 3.68096495e-04 3.14642025e-04
2.14902781e-01 7.53059840e-04 3.09691157e-04
2.15421413e-01 8.56803182e-04 3.14610592e-04
2.15940042e-01 7.24836514e-04 3.15109651e-04
2.16458667e-01 6.79697873e-04 3.14307115e-04
2.16977289e-01 2.88011008e-04 3.11151337e-04
2.17495907e-01 2.85179877e-04 3.09878583e-04
2.18014523e-01 4.82591774e-04 3.12300246e-04
2.18533135e-01 6.77688201e-04 3.21405294e-04
2.19051743e-01 6.13634419e-04 3.15684971e-04
2.19570348e-01 2.55444627e-04 3.07960862e-04
2.20088950e-01 9.17895803e-04 3.14339641e-04
2.20607549e-01 5.75852706e-04 3.02974917e-04
2.21126144e-01 7.95465350e-04 3.03210422e-04
2.21644735e-01 1.13422883e-03 3.06720582e-04
2.22163324e-01 8.68984163e-04 3.09857073e-04
2.22681909e-01 6.51185511e-04 3.00873412e-04
2.23200490e-01 4.32670547e-04 3.00727460e-04
2.23719068e-01 1.06659713e-03 3.06920677e-04
2.24237643e-01 2.46776644e-04 3.01065544e-04
2.24756214e-01 4.72079276e-04 3.01081704e-04
2.25274781e-01 2.70394368e-04 3.04110659e-04
2.25793346e-01 1.10556050e-04 2.99513511e-04
2.26311907e-01 6.48944469e-04 3.07585939e-04
2.26830464e-01 7.04149606e-04 3.02134649e-04
2.27349018e-01 8.35895568e-04 3.03946423e-04
2.27867568e-01 6.54209656e-04 3.00776014e-04
2.28386115e-01 2.01213026e-04 2.98934367e-04
2.28904658e-01 6.56676530e-04 2.95305045e-04
2.29423198e-01 4.68606386e-04 2.96611681e-04
2.29941734e-01 9.53425883e-04 2.99847689e-04
2.30460267e-01 6.71330850e-04 2.99400735e-04
2.30978797e-01 5.93894877e-04 2.96754679e-04
2.31497322e-01 4.59155487e-04 2.95938840e-04
2.32015844e-01 2.38747569e-04 2.99197330e-04
2.32534363e-01 7.16479857e-04 2.94693457e-04
2.33052878e-01 9.64272543e-04 2.95197696e-04
2.33571390e-01 8.22221046e-04 2.93729499e-04
2.34089898e-01 5.65540063e-04 2.90513024e-04
2.34608402e-01 2.84390810e-05 2.87520591e-04
2.35126903e-01 2.37857721e-04 2.88757397e-04
2.35645400e-01 7.60990644e-04 2.87503533e-04
2.36163893e-01 4.15729505e-04 2.87029043e-04
2.36682383e-01 3.36940175e-04 2.87455711e-04
2.37200869e-01 5.40182839e-04 2.94048420e-04
2.37719352e-01 2.33233965e-04 2.86546089e-04
2.38237831e-01 5.27035215e-04 2.88220125e-04
2.38756306e-01 7.35652674e-05 2.78956779e-04
2.39274778e-01 9.36959432e-04 2.88519540e-04
2.39793246e-01 4.90429130e-04 2.94428639e-04
2.40311710e-01 6.88081613e-04 2.92545608e-04
2.40830171e-01 4.13093400e-04 2.89964241e-04
2.41348628e-01 3.21328943e-04 2.91181493e-04
2.41867081e-01 2.56352342e-04 2.87399192e-04
2.42385531e-01 7.15911908e-04 2.87024348e-04
2.42903976e-01 6.78648575e-04 2.90421039e-04
2.43422418e-01 3.22030453e-04 2.91129640e-04
2.43940857e-01 4.99472251e-04 2.85235986e-04
2.44459291e-01 6.11922812e-04 2.78606096e-04
2.44977722e-01 6.83034529e-04 2.85122342e-04
2.45496149e-01 4.14609612e-04 2.80618167e-04
2.46014573e-01 4.90510858e-04 2.81577144e-04
2.46532992e-01 4.76000972e-04 2.77588607e-04
2.47051408e-01 3.57846524e-04 2.79625349e-04
2.47569820e-01 6.78189317e-04 2.79511582e-04
2.48088228e-01 6.12304935e-04 2.77765384e-04
2.48606633e-01 4.76002939e-04 2.78722790e-04
2.49125033e-01 6.96382691e-04 2.82279479e-04
2.49643430e-01 6.05601064e-04 2.80746057e-04
2.50161823e-01 4.32368171e-04 2.82696754e-04
2.50680212e-01 5.73959667e-04 2.76553785e-04
2.51198598e-01 2.09505419e-04 2.78953075e-04
2.51716979e-01 4.98958244e-04 2.82156038e-04
2.52235357e-01 6.13147801e-04 2.74599639e-04
2.52753730e-01 8.22145113e-04 2.77459655e-04
2.53272100e-01 2.36951529e-04 2.78441195e-04
2.53790466e-01 5.51925173e-04 2.75870203e-04
2.54308828e-01 3.56346681e-04 2.79544318e-04
2.54827186e-01 3.03259979e-04 2.77169603e-04
2.55345541e-01 2.53638834e-04 2.73725674e-04
2.55863891e-01 1.40946579e-04 2.75615617e-04
2.56382237e-01 8.80621787e-04 2.73289112e-04
2.56900580e-01 5.84184112e-04 2.73032169e-04
2.57418919e-01 3.56982493e-04 2.68279933e-04
2.57937253e-01 2.17825530e-04 2.72272158e-04
2.58455584e-01 3.52007177e-04 2.69644730e-04
2.58973911e-01 2.26388065e-04 2.70490824e-04
2.59492233e-01 1.67137874e-04 2.68596593e-04
2.60010552e-01 4.89636947e-04 2.65527550e-04
2.60528867e-01 2.19037246e-04 2.71264040e-04
2.61047178e-01 1.56401148e-04 2.69124808e-04
2.61565484e-01 5.42146784e-04 2.75216580e-04
2.62083787e-01 2.51496240e-04 2.70685258e-04
2.62602086e-01 5.72094967e-04 2.68375716e-04
2.63120381e-01 1.74217766e-04 2.74759464e-04
2.63638671e-01 2.47410655e-04 2.72389336e-04
2.64156958e-01 2.32030427e-04 2.70028641e-04
2.64675241e-01 3.35838704e-04 2.73906517e-04
2.65193519e-01 6.48922385e-04 2.73516447e-04
2.65711794e-01 2.09162261e-04 2.75971227e-04
2.66230064e-01 2.40688897e-04 2.81626271e-04
2.66748330e-01 -1.25726133e-04 2.72201598e-04
2.67266593e-01 3.30018506e-04 2.72666003e-04
2.67784851e-01 4.01399726e-04 2.73025804e-04
2.68303105e-01 2.32200584e-04 2.76645139e-04
2.68821355e-01 -1.61774829e-04 2.67227464e-04
2.69339601e-01 1.51835086e-04 2.75848835e-04
2.69857842e-01 3.36452141e-04 2.71468471e-04
2.70376080e-01 2.76958909e-04 2.65606248e-04
2.70894314e-01 4.25516368e-04 2.70499147e-04
2.71412543e-01 3.86235549e-04 2.73588754e-04
2.71930768e-01 1.39895724e-04 2.74339685e-04
2.72448989e-01 -9.39333158e-05 2.64791882e-04
2.72967206e-01 5.27414957e-04 2.67770027e-04
2.73485418e-01 3.11030875e-04 2.66370625e-04
2.74003627e-01 4.97897517e-04 2.69813965e-04
2.74521831e-01 2.66603500e-04 2.65462413e-04
2.75040031e-01 2.95268384e-04 2.68996819e-04
2.75558227e-01 6.27205330e-04 2.62948721e-04
2.76076418e-01 5.03021299e-04 2.61972950e-04
2.76594606e-01 6.49012236e-04 2.65225295e-04
2.77112789e-01 6.90923294e-05 2.62050252e-04
2.77630968e-01 3.51906715e-04 2.60145158e-04
2.78149142e-01 1.58543493e-04 2.64363048e-04
2.78667313e-01 4.12022752e-04 2.62657715e-04
2.79185479e-01 1.67964410e-04 2.63938944e-04
2.79703640e-01 2.17968850e-05 2.62616218e-04
2.80221798e-01 -3.39909238e-06 2.65776862e-04
2.80739951e-01 -5.67463045e-05 2.64639396e-04
2.81258100e-01 5.63435478e-04 2.66077689e-04
2.81776245e-01 5.31947397e-04 2.64275336e-04
2.82294385e-01 2.56976855e-04 2.58363237e-04
2.82812521e-01 5.04022861e-04 2.64740595e-04
2.83330653e-01 2.13012046e-05 2.65904394e-04
2.83848780e-01 4.22644070e-04 2.58850545e-04
2.84366903e-01 3.49408438e-04 2.64611828e-04
2.84885022e-01 3.76944323e-04 2.66877120e-04
2.85403136e-01 5.03684287e-05 2.66974597e-04
2.85921246e-01 1.44243308e-05 2.63025766e-04
2.86439351e-01 5.13526811e-04 2.64802041e-04
2.86957452e-01 6.80677844e-05 2.68017312e-04
2.87475549e-01 2.93013086e-04 2.65967720e-04
2.87993641e-01 -3.00699050e-04 2.63169989e-04
2.88511729e-01 2.02472165e-04 2.60146763e-04
2.89029813e-01 1.92643840e-04 2.57714378e-04
2.89547892e-01 1.83687676e-04 2.61392596e-04
2.90065967e-01 3.24557327e-04 2.63803420e-04
2.90584037e-01 -1.01953352e-04 2.56447056e-04
2.91102103e-01 2.29034715e-04 2.61899710e-04
2.91620164e-01 -9.48335296e-05 2.57293275e-04
2.92138221e-01 3.82949216e-04 2.57426258e-04
2.92656273e-01 3.83088875e-04 2.55687756e-04
2.93174321e-01 2.72411101e-04 2.55839636e-04
2.93692364e-01 9.99491992e-06 2.56451178e-04
2.94210403e-01 2.33780130e-04 2.52540484e-04
2.94728437e-01 2.10342222e-04 2.53936645e-04
2.95246467e-01 -1.19649093e-05 2.49200654e-04
2.95764493e-01 5.82120086e-04 2.54002513e-04
2.96282514e-01 5.05995834e-04 2.51002271e-04
2.96800530e-01 3.23313243e-04 2.51956817e-04
2.97318542e-01 4.88721240e-04 2.48998379e-04
2.97836549e-01 1.48256162e-04 2.48232445e-04
2.98354551e-01 -8.05753147e-05 2.48625885e-04
2.98872549e-01 3.63542813e-04 2.45508391e-04
2.99390543e-01 3.44559409e-04 2.56543184e-04
2.99908532e-01 2.85584672e-04 2.53444028e-04
3.00426516e-01 -7.02010919e-05 2.47232918e-04
3.00944496e-01 2.03673555e-04 2.46593111e-04
3.01462471e-01 -7.15248261e-05 2.42451675e-04
3.01980441e-01 1.53848446e-04 2.46743518e-04
3.02498407e-01 4.47880443e-04 2.50209578e-04
3.03016368e-01 8.28209945e-05 2.44282251e-04
3.03534325e-01 1.32182828e-05 2.45608201e-04
3.04052277e-01 6.66474056e-05 2.46543399e-04
3.04570224e-01 -7.32791531e-05 2.47421994e-04
3.05088167e-01 1.79196691e-04 2.44676029e-04
3.05606105e-01 3.85906482e-04 2.43273401e-04
3.06124038e-01 1.31011758e-04 2.39224977e-04
3.06641967e-01 2.05173911e-04 2.42353045e-04
3.07159891e-01 1.84756759e-04 2.42293697e-04
3.07677810e-01 1.08055893e-04 2.37960876e-04
3.08195724e-01 2.66569595e-05 2.42922536e-04
3.08713634e-01 2.97891500e-05 2.42616317e-04
3.09231539e-01 1.80382432e-04 2.41201114e-04
3.09749440e-01 5.24608064e-04 2.39255670e-04
3.10267335e-01 3.07441766e-04 2.42200886e-04
3.10785226e-01 4.52881855e-04 2.47698292e-04
3.11303112e-01 3.04075171e-04 2.38274237e-04
3.11820993e-01 -2.09224673e-04 2.35906026e-04
3.12338870e-01 -2.72098044e-04 2.42673174e-04
3.12856742e-01 -1.61152577e-04 2.34954427e-04
3.13374609e-01 2.95408871e-04 2.41445405e-04
3.13892471e-01 1.93403612e-04 2.39503374e-04
3.14410328e-01 1.35756724e-04 2.36053605e-04
3.14928181e-01 2.97619259e-04 2.37603750e-04
3.15446029e-01 1.32973014e-04 2.34898492e-04
3.15963871e-01 3.05744700e-04 2.41234178e-04
3.16481710e-01 -1.91732847e-04 2.37140593e-04
3.16999543e-01 2.48298195e-04 2.37432468e-04
3.17517371e-01 2.99548214e-04 2.40550749e-04
3.18035195e-01 3.94189549e-04 2.35881284e-04
3.18553013e-01 5.47660937e-05 2.35072162e-04
3.19070827e-01 1.30481828e-04 2.41144994e-04
3.19588636e-01 2.01290973e-04 2.36382291e-04
3.20106440e-01 2.23036308e-04 2.31888050e-04
3.20624239e-01 4.88877459e-05 2.38052351e-04
3.21142033e-01 2.23797339e-04 2.33141246e-04
3.21659823e-01 -2.53296124e-04 2.29985010e-04
3.22177607e-01 1.34320774e-04 2.29119363e-04
3.22695387e-01 -8.74870028e-05 2.23790147e-04
3.23213161e-01 3.82029430e-04 2.32692008e-04
3.23730931e-01 6.24983496e-04 2.33419971e-04
3.24248695e-01 3.95472563e-04 2.31994663e-04
3.24766455e-01 -3.13382278e-06 2.29285377e-04
3.25284210e-01 2.11976316e-04 2.30472120e-04
3.25801959e-01 2.64547630e-04 2.29184154e-04
3.26319704e-01 1.28003095e-04 2.32195252e-04
3.26837444e-01 2.38178657e-04 2.35018155e-04
3.27355179e-01 3.75920053e-04 2.26877478e-04
3.27872908e-01 2.87158316e-04 2.31767769e-04
3.28390633e-01 4.70507665e-04 2.29498559e-04
3.28908353e-01 -9.87057757e-05 2.29822882e-04
3.29426067e-01 1.92740703e-04 2.30732163e-04
3.29943777e-01 2.29597136e-04 2.31422336e-04
3.30461482e-01 3.14647997e-04 2.27218246e-04
3.30979181e-01 -1.77751101e-05 2.29505048e-04
3.31496876e-01 3.17352835e-04 2.26237341e-04
3.32014565e-01 1.75983194e-04 2.27244547e-04
3.32532249e-01 2.41179402e-04 2.30433150e-04
3.33049928e-01 6.64553415e-05 2.27473823e-04
3.33567603e-01 -2.86426224e-04 2.25101770e-04
3.34085272e-01 1.07474139e-04 2.26065457e-04
3.34602936e-01 3.04704580e-04 2.26424630e-04
3.35120594e-01 3.08338711e-04 2.27039389e-04
3.35638248e-01 3.98430913e-04 2.27244636e-04
3.36155897e-01 -2.50555393e-04 2.26699214e-04
3.36673540e-01 4.77342091e-04 2.28141462e-04
3.37191178e-01 1.74882195e-04 2.27069604e-04
3.37708811e-01 1.12174627e-04 2.20933603e-04
3.38226439e-01 -5.68026889e-06 2.22668554e-04
3.38744062e-01 -1.14232802e-05 2.23090427e-04
3.39261680e-01 2.88145377e-04 2.25459696e-04
3.39779292e-01 1.35662867e-04 2.23636559e-04
3.40296899e-01 3.41379024e-04 2.21407660e-04
3.40814501e-01 8.26312259e-05 2.21974023e-04
3.41332098e-01 1.17461492e-04 2.20792782e-04
3.41849690e-01 1.23735101e-04 2.21674128e-04
3.42367276e-01 1.38604001e-05 2.23229950e-04
3.42884857e-01 3.47082336e-05 2.21862002e-04
3.43402433e-01 1.16719366e-04 2.15890650e-04
3.43920004e-01 2.23013260e-04 2.18361780e-04
3.44437569e-01 3.38550529e-04 2.21369297e-04
3.44955129e-01 8.67320739e-05 2.17886931e-04
3.45472684e-01 -1.46950028e-04 2.17670483e-04
3.45990233e-01 3.88245471e-04 2.21179751e-04
3.46507778e-01 -1.11131427e-04 2.17250549e-04
3.47025317e-01 -9.60155563e-06 2.18764344e-04
3.47542850e-01 8.35748754e-05 2.14487605e-04
3.48060379e-01 1.33954209e-04 2.18086045e-04
3.48577902e-01 3.62242026e-04 2.19296269e-04
3.49095419e-01 4.26002996e-04 2.16145172e-04
3.49612932e-01 6.03744825e-04 2.19305895e-04
3.50130439e-01 2.04190812e-04 2.16242648e-04
3.50647940e-01 -5.03444467e-06 2.16450940e-04
3.51165437e-01 -1.21921948e-04 2.18265390e-04
3.51682928e-01 -1.50647929e-04 2.14860381e-04
3.52200413e-01 5.25545869e-04 2.19334987e-04
3.52717893e-01 4.82329563e-05 2.14935406e-04
3.53235368e-01 3.03795797e-05 2.17428537e-04
3.53752837e-01 1.75490634e-04 2.16118687e-04
3.54270301e-01 3.78055858e-04 2.17774721e-04
3.54787760e-01 2.80217635e-04 2.20708441e-04
3.55305213e-01 7.63516844e-05 2.10765082e-04
3.55822661e-01 4.29425372e-05 2.15141663e-04
3.56340103e-01 4.33222448e-04 2.12880067e-04
3.56857540e-01 3.88175459e-04 2.13463893e-04
3.57374971e-01 6.54895485e-05 2.12168821e-04
3.57892397e-01 3.67283344e-04 2.16602894e-04
3.58409818e-01 1.32416164e-04 2.12792320e-04
3.58927232e-01 1.02639602e-04 2.11371527e-04
3.59444642e-01 3.65772173e-04 2.12948046e-04
3.59962046e-01 1.61436409e-04 2.10587157e-04
3.60479444e-01 2.94694704e-04 2.12240671e-04
3.60996837e-01 2.35134073e-04 2.14013494e-04
3.61514225e-01 1.77283293e-04 2.11839956e-04
3.62031607e-01 5.18194094e-05 2.13008765e-04
3.62548983e-01 3.67963115e-04 2.10600171e-04
3.63066354e-01 5.05202368e-04 2.11784273e-04
3.63583719e-01 2.17228981e-04 2.09106515e-04
3.64101079e-01 4.08556132e-04 2.15064087e-04
3.64618433e-01 2.44004518e-04 2.11340529e-04
3.65135782e-01 1.20574142e-05 2.11269087e-04
3.65653125e-01 5.89707144e-04 2.15666792e-04
3.66170462e-01 2.67924750e-04 2.09733474e-04
3.66687794e-01 -2.37523605e-04 2.08649545e-04
3.67205121e-01 7.70390376e-05 2.08124192e-04
3.67722441e-01 1.97406640e-04 2.09992729e-04
3.68239756e-01 3.45742428e-05 2.04696334e-04
3.68757066e-01 1.34730134e-04 2.10001987e-04
3.69274369e-01 1.18212979e-04 2.05498913e-04
3.69791668e-01 -1.34888129e-04 2.05141719e-04
3.70308960e-01 -6.09492803e-05 2.04665420e-04
3.70826247e-01 -1.86858178e-05 2.06942885e-04
3.71343528e-01 -2.87035523e-04 2.06413250e-04
3.71860803e-01 1.72262611e-04 2.09627317e-04
3.72378073e-01 -9.18874200e-05 2.11498753e-04
3.72895337e-01 1.31227448e-04 2.16027625e-04
3.73412596e-01 1.18178132e-04 2.15238956e-04
3.73929849e-01 2.68151130e-05 2.13084686e-04
3.74447096e-01 6.33200413e-05 2.10127733e-04
3.74964337e-01 1.93492485e-04 2.16319639e-04
3.75481572e-01 2.64150206e-04 2.18419397e-04
3.75998802e-01 1.42134041e-04 2.17968028e-04
3.76516026e-01 8.91692457e-05 2.16695808e-04
3.77033245e-01 1.14588102e-04 2.18004519e-04
3.77550457e-01 2.28451492e-04 2.19530459e-04
3.78067664e-01 6.41484932e-05 2.19308596e-04
3.78584865e-01 2.32175589e-04 2.16938919e-04
3.79102060e-01 4.81084522e-04 2.18052442e-04
3.79619250e-01 1.20546702e-04 2.18208430e-04
3.80136433e-01 5.87375059e-05 2.18920025e-04
3.80653611e-01 4.32454414e-05 2.20828903e-04
3.81170783e-01 3.82641603e-04 2.21171213e-04
3.81687950e-01 1.85782730e-04 2.18769592e-04
3.82205110e-01 1.09719976e-04 2.10934123e-04
3.82722265e-01 2.41941744e-04 2.14347158e-04
3.83239413e-01 2.08816969e-04 2.17180439e-04
3.83756556e-01 3.80030472e-05 2.15225082e-04
3.84273693e-01 -3.89515022e-05 2.13808163e-04
3.84790824e-01 1.95169470e-04 2.14987585e-04
3.85307950e-01 4.53273026e-04 2.13679771e-04
3.85825069e-01 4.35054132e-04 2.18250577e-04
3.86342183e-01 4.07855478e-05 2.15727925e-04
3.86859290e-01 -2.26966957e-04 2.16839864e-04
3.87376392e-01 3.62963821e-04 2.12813448e-04
3.87893488e-01 1.34499253e-04 2.18744081e-04
3.88410577e-01 2.44028416e-04 2.18380732e-04
3.88927661e-01 1.08127265e-04 2.18175272e-04
3.89444739e-01 2.44741860e-05 2.16001093e-04
3.89961811e-01 9.71778314e-06 2.19285068e-04
3.90478878e-01 1.60448651e-04 2.15497964e-04
3.90995938e-01 3.04109804e-04 2.20912138e-04
3.91512992e-01 1.12921126e-04 2.18310559e-04
3.92030040e-01 3.27510958e-05 2.18229912e-04
3.92547082e-01 8.38918519e-04 2.23127430e-04
3.93064118e-01 2.20428933e-04 2.22296909e-04
3.93581149e-01 4.27792405e-04 2.21725986e-04
3.94098173e-01 2.83025695e-04 2.15712862e-04
3.94615191e-01 4.60610911e-04 2.20223855e-04
3.95132203e-01 -4.50201958e-05 2.19522298e-04
3.95649209e-01 -9.12282720e-05 2.18750340e-04
3.96166209e-01 3.54128622e-04 2.26405456e-04
3.96683203e-01 4.35882915e-05 2.25454069e-04
3.97200191e-01 -7.13109696e-05 2.23977186e-04
3.97717173e-01 2.65969714e-04 2.19133836e-04
3.98234149e-01 2.49698397e-04 2.27516548e-04
3.98751119e-01 -4.47431559e-05 2.24854182e-04
3.99268083e-01 -2.84978912e-04 2.28306112e-04
3.99785040e-01 7.35501343e-05 2.28195286e-04
4.00301992e-01 2.98245139e-04 2.30859841e-04
4.00818937e-01 3.47824477e-04 2.33868260e-04
4.01335876e-01 8.51351440e-05 2.25954684e-04
4.01852810e-01 3.57582044e-04 2.33104356e-04
4.02369737e-01 -2.17048145e-04 2.56144896e-04
4.02886658e-01 -1.64244087e-05 2.74033732e-04
4.03403572e-01 6.99387766e-04 2.95664458e-04
4.03920481e-01 3.48670158e-04 3.02464016e-04
4.04437383e-01 5.23758880e-04 3.17667676e-04
4.04954280e-01 -2.72127396e-05 3.30676131e-04
4.05471170e-01 8.11064862e-04 3.63006151e-04
4.05988054e-01 -2.89068860e-04 4.17650090e-04
4.06504931e-01 -4.38819753e-04 4.61337679e-04
4.07021803e-01 -8.18009189e-05 5.41323270e-04
4.07538668e-01 1.51916323e-03 2.90932897e-03
