7.27043000e-03 -3.44544220e-03 1.39244149e-02
7.78974585e-03 5.03932076e-03 9.40814163e-03
8.30906158e-03 7.58114853e-03 7.39179411e-03
8.82837719e-03 -3.88520106e-05 4.73864323e-03
9.34769265e-03 2.48796494e-03 3.45028620e-03
9.86700798e-03 -1.44518270e-03 3.03515482e-03
1.03863231e-02 2.85862263e-03 2.37060735e-03
1.09056382e-02 3.51298743e-03 2.21604101e-03
1.14249530e-02 5.35818784e-04 1.90958003e-03
1.19442677e-02 -2.10181298e-03 1.69938698e-03
1.24635822e-02 -2.98072803e-03 1.54243823e-03
1.29828965e-02 1.35533922e-03 1.51062788e-03
1.35022105e-02 9.56465660e-04 1.50683306e-03
1.40215244e-02 3.90125927e-04 1.51268234e-03
1.45408381e-02 -2.66300601e-03 1.45264429e-03
1.50601516e-02 -7.52351205e-04 1.37824165e-03
1.55794648e-02 -1.41119077e-03 1.30986733e-03
1.60987777e-02 3.59575722e-04 1.37116220e-03
1.66180905e-02 7.24973896e-04 1.21282934e-03
1.71374029e-02 3.03099886e-05 1.26586496e-03
1.76567152e-02 3.76747922e-04 1.35595862e-03
1.81760271e-02 1.64765632e-03 1.22818524e-03
1.86953388e-02 2.27895046e-04 1.15139264e-03
1.92146501e-02 3.44164003e-03 1.25668262e-03
1.97339612e-02 -9.57050291e-05 1.15985354e-03
2.02532720e-02 -1.49629860e-03 1.19092270e-03
2.07725824e-02 -8.51691022e-04 1.00281650e-03
2.12918926e-02 1.05805649e-03 1.06812492e-03
2.18112024e-02 -1.15794506e-03 1.12786437e-03
2.23305119e-02 5.68783876e-04 1.10398291e-03
2.28498210e-02 5.23386277e-04 1.09276982e-03
2.33691298e-02 3.24098562e-04 1.05700048e-03
2.38884382e-02 -2.90876370e-04 9.32462188e-04
2.44077463e-02 -6.68229476e-04 9.97320472e-04
2.49270540e-02 1.78288970e-04 9.68594205e-04
2.54463613e-02 2.40807076e-04 1.01258013e-03
2.59656682e-02 -2.28108425e-04 9.38503547e-04
2.64849747e-02 7.90496415e-04 9.84934163e-04
2.70042808e-02 -5.55216446e-04 9.28449749e-04
2.75235865e-02 -9.00037278e-04 9.63009221e-04
2.80428918e-02 -1.88897229e-03 9.37828229e-04
2.85621966e-02 -4.67742234e-05 9.04131201e-04
2.90815010e-02 1.63141888e-03 8.96516690e-04
2.96008049e-02 4.88458092e-04 9.10275853e-04
3.01201084e-02 1.27441773e-03 9.80719287e-04
3.06394115e-02 2.23659149e-04 9.05990270e-04
3.11587140e-02 -1.56572956e-04 8.36629553e-04
3.16780161e-02 -5.45742727e-04 8.67148246e-04
3.21973177e-02 -1.41352785e-03 8.35827046e-04
3.27166188e-02 -1.40961542e-03 9.21617189e-04
3.32359194e-02 1.55702440e-05 8.11565236e-04
3.37552195e-02 4.20414087e-05 8.88907978e-04
3.42745190e-02 2.26076179e-04 8.98859060e-04
3.47938181e-02 -2.20430285e-04 8.34071596e-04
3.53131166e-02 -5.37043106e-04 8.28706673e-04
3.58324146e-02 -5.11201068e-04 8.22742583e-04
3.63517120e-02 -3.81612022e-04 8.37348646e-04
3.68710088e-02 -9.99591671e-04 7.82984039e-04
3.73903051e-02 7.14040912e-04 8.04352792e-04
3.79096008e-02 2.25201884e-04 7.64333321e-04
3.84288959e-02 3.07786025e-04 8.05754607e-04
3.89481905e-02 1.46656442e-04 7.66424691e-04
3.94674844e-02 1.44267655e-03 8.06555301e-04
3.99867778e-02 1.37621573e-04 8.06715339e-04
4.05060705e-02 9.28554052e-06 7.69646327e-04
4.10253626e-02 5.06544817e-04 7.91819347e-04
4.15446540e-02 -4.56852984e-04 7.92419853e-04
4.20639449e-02 -2.29751009e-04 7.27616042e-04
4.25832350e-02 1.05042273e-04 7.15506921e-04
4.31025246e-02 2.80985941e-04 7.66031782e-04
4.36218134e-02 -4.55311946e-04 7.35489906e-04
4.41411016e-02 -6.81196369e-04 7.88362503e-04
4.46603891e-02 1.24228314e-03 7.92587717e-04
4.51796760e-02 4.05360897e-04 7.95373084e-04
4.56989621e-02 8.58289217e-04 8.23148975e-04
4.62182475e-02 -8.36335820e-04 7.63910836e-04
4.67375323e-02 -2.49317320e-04 7.62103295e-04
4.72568163e-02 -9.15176021e-04 7.42244007e-04
4.77760995e-02 -4.07794472e-04 7.75699252e-04
4.82953821e-02 -6.32370979e-05 8.11719071e-04
4.88146639e-02 -3.70638593e-04 7.55510100e-04
4.93339449e-02 -8.72306318e-04 7.78971423e-04
4.98532252e-02 -1.18084367e-04 7.57160746e-04
5.03725048e-02 1.33255761e-04 7.65244463e-04
5.08917835e-02 -2.26124461e-04 7.51673739e-04
5.14110615e-02 -4.89590713e-04 7.41753786e-04
5.19303387e-02 -1.04990622e-03 7.36713051e-04
5.24496150e-02 -2.14597785e-05 7.25382119e-04
5.29688906e-02 -4.63038861e-05 7.45430359e-04
5.34881654e-02 1.21674522e-04 7.21701116e-04
5.40074393e-02 8.54841154e-04 7.16298637e-04
5.45267124e-02 -5.28455583e-04 7.12047323e-04
5.50459847e-02 1.06115133e-04 7.07618760e-04
5.55652561e-02 -5.22401602e-04 7.22335682e-04
5.60845267e-02 -7.21302518e-05 7.06007728e-04
5.66037964e-02 -1.87521021e-04 6.80664226e-04
5.71230652e-02 1.52432179e-05 6.59783023e-04
5.76423332e-02 -2.07192617e-04 6.86237337e-04
5.81616003e-02 -1.50384271e-04 6.85129850e-04
5.86808665e-02 -1.23403005e-03 6.86841357e-04
5.92001317e-02 -7.64567330e-04 6.88152849e-04
5.97193961e-02 3.96561995e-04 7.20964696e-04
6.02386596e-02 -1.28190319e-03 6.72174088e-04
6.07579221e-02 1.00378634e-03 6.93079463e-04
6.12771837e-02 4.62313416e-05 6.78807854e-04
6.17964443e-02 9.43738897e-04 6.96813653e-04
6.23157040e-02 -9.71065224e-04 6.77231750e-04
6.28349628e-02 -4.93096388e-05 7.04370666e-04
6.33542206e-02 1.95489728e-04 6.76735798e-04
6.38734774e-02 4.63621752e-04 7.04180814e-04
6.43927332e-02 9.57646936e-04 6.90847009e-04
6.49119880e-02 -2.04335975e-04 6.85776271e-04
6.54312419e-02 4.13879783e-04 6.74976722e-04
6.59504947e-02 2.49242177e-05 6.59908533e-04
6.64697465e-02 -1.17685985e-04 6.96029513e-04
6.69889973e-02 6.50940376e-04 6.86704316e-04
6.75082471e-02 -7.05262018e-04 6.59434650e-04
6.80274958e-02 5.45465179e-05 6.25503846e-04
6.85467435e-02 3.63485982e-05 6.39570845e-04
6.90659901e-02 1.35407394e-04 6.85055292e-04
6.95852357e-02 -3.83943352e-05 6.44728332e-04
7.01044802e-02 2.87306957e-04 6.53788830e-04
7.06237236e-02 -1.24776910e-03 6.08835618e-04
7.11429659e-02 7.20136520e-04 6.49966523e-04
7.16622072e-02 -8.41252815e-05 6.27870431e-04
7.21814473e-02 -2.61653134e-04 6.15914744e-04
7.27006863e-02 1.26515867e-03 6.22524621e-04
7.32199243e-02 4.28904015e-05 6.24525696e-04
7.37391611e-02 9.15704738e-04 6.29885595e-04
7.42583967e-02 1.22816404e-03 6.13153212e-04
7.47776312e-02 1.28365562e-04 5.97550004e-04
7.52968646e-02 1.02935668e-04 5.74900744e-04
7.58160968e-02 9.11416666e-05 5.67454913e-04
7.63353279e-02 1.61729672e-04 5.92970537e-04
7.68545577e-02 2.51743511e-04 6.01544269e-04
7.73737864e-02 1.50584417e-03 5.82356784e-04
7.78930139e-02 1.16752982e-04 5.77805743e-04
7.84122402e-02 6.69381295e-04 5.99109278e-04
7.89314653e-02 2.91966661e-04 5.83884570e-04
7.94506892e-02 -4.63310606e-04 5.76800153e-04
7.99699119e-02 4.59743681e-04 5.66675242e-04
8.04891333e-02 -4.44358788e-04 5.71387507e-04
8.10083535e-02 -1.00766149e-04 5.71202756e-04
8.15275725e-02 -4.37810273e-04 5.76873394e-04
8.20467902e-02 -7.15591411e-05 5.74631886e-04
8.25660066e-02 5.63430725e-04 5.90157820e-04
8.30852218e-02 4.90676562e-04 5.37762686e-04
8.36044357e-02 2.91284565e-04 5.46437635e-04
8.41236483e-02 -2.57723663e-04 5.59210727e-04
8.46428596e-02 4.17760598e-04 5.69676761e-04
8.51620696e-02 -3.05606484e-04 5.43760584e-04
8.56812784e-02 3.75546665e-04 5.39717548e-04
8.62004858e-02 1.46980523e-04 5.26375161e-04
8.67196918e-02 7.25279935e-04 5.31673336e-04
8.72388966e-02 4.59624810e-04 5.36379617e-04
8.77581000e-02 2.13961437e-04 5.43051296e-04
8.82773020e-02 1.15169972e-03 5.34630158e-04
8.87965027e-02 -4.69594417e-04 5.50193826e-04
8.93157020e-02 4.73721574e-04 5.23649878e-04
8.98349000e-02 1.08510456e-04 5.29144880e-04
9.03540966e-02 8.00929173e-05 5.51660715e-04
9.08732917e-02 -5.97715253e-05 5.48822824e-04
9.13924855e-02 -4.99024358e-04 5.29913601e-04
9.19116779e-02 3.01863005e-05 5.27745007e-04
9.24308689e-02 -3.60652329e-04 5.33879200e-04
9.29500585e-02 6.95561295e-04 5.29808206e-04
9.34692466e-02 1.14840284e-03 5.18083476e-04
9.39884333e-02 -8.00697144e-04 5.29264165e-04
9.45076185e-02 -1.54764609e-04 5.19781725e-04
9.50268023e-02 -3.36456111e-04 5.15008661e-04
9.55459846e-02 7.21622942e-04 5.34814883e-04
9.60651655e-02 -1.52862181e-04 5.03937474e-04
9.65843449e-02 -2.48759668e-04 5.15706836e-04
9.71035228e-02 4.07921146e-04 4.92439911e-04
9.76226992e-02 -2.23102751e-04 5.09333798e-04
9.81418741e-02 3.48385379e-04 5.07130457e-04
9.86610475e-02 8.97354075e-04 5.10906559e-04
9.91802194e-02 6.69311376e-05 4.96511401e-04
9.96993898e-02 3.45096570e-04 5.12574004e-04
1.00218559e-01 -4.54569987e-04 5.07161997e-04
1.00737726e-01 3.06898659e-04 5.03175067e-04
1.01256892e-01 -1.43147109e-04 4.98063683e-04
1.01776056e-01 2.08314974e-04 5.03072849e-04
1.02295218e-01 1.49506698e-04 5.02710992e-04
1.02814380e-01 7.03947346e-04 4.78404600e-04
1.03333539e-01 3.56405823e-05 4.93218350e-04
1.03852697e-01 1.15961503e-03 4.90294737e-04
1.04371853e-01 7.36965779e-04 5.01554688e-04
1.04891008e-01 3.37148056e-04 4.86551206e-04
1.05410161e-01 2.07454140e-04 4.88115356e-04
1.05929312e-01 6.46025246e-04 4.86401600e-04
1.06448462e-01 -1.26846953e-04 4.74468117e-04
1.06967610e-01 -4.84651591e-04 4.72456042e-04
1.07486757e-01 -9.32875106e-05 4.62652853e-04
1.08005902e-01 2.96041268e-04 4.71189454e-04
1.08525045e-01 -1.75759891e-05 4.79198945e-04
1.09044187e-01 4.68304793e-04 4.90904517e-04
1.09563327e-01 5.41260557e-04 4.83393642e-04
1.10082465e-01 -3.60531857e-04 4.62082458e-04
1.10601601e-01 -2.32324320e-05 4.70871785e-04
1.11120736e-01 4.81309420e-04 4.80319554e-04
1.11639869e-01 -1.98580204e-04 4.69370870e-04
1.12159001e-01 2.27377452e-04 4.62836082e-04
1.12678130e-01 3.33002442e-04 4.69959789e-04
1.13197258e-01 2.36100985e-05 4.62286826e-04
1.13716385e-01 6.22432428e-04 4.60022823e-04
1.14235509e-01 3.41350152e-04 4.75800847e-04
1.14754632e-01 1.95517975e-04 4.70935225e-04
1.15273753e-01 1.58002726e-04 4.69716162e-04
1.15792872e-01 -4.16809915e-04 4.84048188e-04
1.16311989e-01 3.50884685e-04 4.82229715e-04
1.16831105e-01 4.38323133e-04 4.70435291e-04
1.17350219e-01 5.86091712e-04 4.76827372e-04
1.17869331e-01 2.45870517e-05 4.81843179e-04
1.18388441e-01 -3.77644400e-04 4.74587986e-04
1.18907549e-01 -5.78185500e-04 4.63393889e-04
1.19426656e-01 -1.47919314e-04 4.63473414e-04
1.19945761e-01 6.26717096e-04 4.77048790e-04
1.20464864e-01 4.14489263e-04 4.77398457e-04
1.20983965e-01 -5.41117758e-04 4.47610238e-04
1.21503064e-01 -5.92615329e-04 4.51075961e-04
1.22022161e-01 -1.17189839e-04 4.50331581e-04
1.22541256e-01 -6.42156388e-04 4.46119076e-04
1.23060350e-01 1.00627692e-04 4.50127882e-04
1.23579442e-01 -6.80015536e-05 4.37276734e-04
1.24098531e-01 1.75505511e-05 4.40669250e-04
1.24617619e-01 -4.26145993e-04 4.39201189e-04
1.25136705e-01 7.47411689e-05 4.35972339e-04
1.25655789e-01 4.98625789e-04 4.26453756e-04
1.26174871e-01 9.00411495e-04 4.45154943e-04
1.26693952e-01 -8.13729283e-05 4.44091220e-04
1.27213030e-01 1.95980757e-04 4.41921751e-04
1.27732106e-01 1.03252740e-04 4.36699500e-04
1.28251180e-01 -9.96913708e-05 4.44520509e-04
1.28770253e-01 3.90411768e-04 4.31797154e-04
1.29289323e-01 1.64005395e-04 4.41426229e-04
1.29808391e-01 1.53178482e-04 4.38732931e-04
1.30327458e-01 7.81867777e-05 4.37541019e-04
1.30846522e-01 3.85132814e-04 4.31911983e-04
1.31365584e-01 5.75914753e-04 4.31176681e-04
1.31884645e-01 -3.47760710e-04 4.22072678e-04
1.32403703e-01 -6.03737511e-04 4.22120227e-04
1.32922759e-01 3.81735623e-04 4.34357081e-04
1.33441814e-01 -3.16207608e-05 4.30833680e-04
1.33960866e-01 2.87602361e-04 4.31356221e-04
1.34479916e-01 6.77908798e-04 4.29455527e-04
1.34998964e-01 -4.86966478e-04 4.12530338e-04
1.35518010e-01 2.36785606e-04 4.30516428e-04
1.36037054e-01 -1.20966908e-04 4.18893824e-04
1.36556096e-01 7.43746487e-06 4.05309476e-04
1.37075135e-01 -3.47711790e-05 4.11411893e-04
1.37594173e-01 -7.89307817e-05 4.16669670e-04
1.38113208e-01 -8.97680524e-05 4.20973031e-04
1.38632242e-01 2.08444015e-04 4.22634750e-04
1.39151273e-01 1.44246961e-04 4.20888139e-04
1.39670302e-01 1.42423782e-04 4.26001960e-04
1.40189329e-01 -7.85571044e-05 4.21855673e-04
1.40708354e-01 -1.19857664e-03 4.17266661e-04
1.41227377e-01 -7.46559874e-04 4.22930621e-04
1.41746397e-01 -8.06918095e-04 4.13460240e-04
1.42265415e-01 -2.43260529e-04 4.23314628e-04
1.42784432e-01 2.34690587e-04 4.24082910e-04
1.43303446e-01 2.09787152e-04 4.24557396e-04
1.43822457e-01 -8.31426188e-06 4.29406986e-04
1.44341467e-01 3.71653022e-05 4.18301377e-04
1.44860474e-01 -4.07882352e-04 3.99817227e-04
1.45379479e-01 -1.52725627e-04 4.18551512e-04
1.45898482e-01 5.20894714e-04 4.08565377e-04
1.46417483e-01 6.54514952e-06 4.01473436e-04
1.46936481e-01 2.94656751e-04 4.07706696e-04
1.47455477e-01 -9.58340998e-04 4.07625563e-04
1.47974471e-01 -2.25365979e-04 4.06520584e-04
1.48493463e-01 3.39342055e-04 3.99397205e-04
1.49012452e-01 7.59632094e-04 3.99838690e-04
1.49531439e-01 1.21183805e-05 3.97668132e-04
1.50050424e-01 1.30478694e-05 3.86678397e-04
1.50569406e-01 6.10898401e-04 4.01164579e-04
1.51088386e-01 -7.36498544e-04 3.99899193e-04
1.51607364e-01 2.09294644e-04 3.96999924e-04
1.52126339e-01 -6.28159731e-04 3.85355395e-04
1.52645312e-01 -3.74008923e-04 3.88786838e-04
1.53164283e-01 -5.66553187e-05 3.96844538e-04
1.53683251e-01 -3.04892046e-04 4.05061063e-04
1.54202218e-01 1.58228989e-04 3.99621094e-04
1.54721181e-01 -3.01922547e-04 4.08594415e-04
1.55240143e-01 -2.05603318e-04 3.90491044e-04
1.55759101e-01 -3.67855228e-04 4.01574506e-04
1.56278058e-01 1.91563788e-04 4.07115415e-04
1.56797012e-01 -3.97273246e-04 4.11009223e-04
1.57315964e-01 4.36762554e-04 3.98611745e-04
1.57834913e-01 2.18478432e-04 4.01450144e-04
1.58353860e-01 -1.46470222e-04 4.01561124e-04
1.58872805e-01 8.94860350e-05 3.97861802e-04
1.59391747e-01 -4.96403076e-04 4.04782216e-04
1.59910686e-01 4.62664271e-04 3.96148364e-04
1.60429623e-01 -9.04478421e-06 3.94073270e-04
1.60948558e-01 5.16020678e-04 3.97391593e-04
1.61467490e-01 4.91766760e-04 3.97242977e-04
1.61986420e-01 1.87938189e-04 4.01367316e-04
1.62505347e-01 1.09237534e-04 3.93577654e-04
1.63024272e-01 -1.62809134e-04 3.88630337e-04
1.63543194e-01 -6.28914971e-04 3.79384131e-04
1.64062114e-01 4.36981826e-04 3.92557794e-04
1.64581031e-01 -9.40743349e-05 3.93205350e-04
1.65099945e-01 3.35343574e-04 3.92753677e-04
1.65618858e-01 -2.35341207e-04 3.85247604e-04
1.66137767e-01 -6.70324249e-05 3.76624841e-04
1.66656674e-01 -1.82674696e-05 3.72030497e-04
1.67175579e-01 -5.92610085e-04 3.74518546e-04
1.67694481e-01 5.55995557e-04 3.78647934e-04
1.68213380e-01 7.92691140e-05 3.78309677e-04
1.68732277e-01 -5.35941295e-05 3.86791164e-04
1.69251171e-01 5.12184515e-06 3.90816708e-04
1.69770062e-01 2.03972361e-04 3.75263660e-04
1.70288951e-01 -9.61853112e-05 3.84256238e-04
1.70807838e-01 4.32068468e-04 3.91312924e-04
1.71326721e-01 -1.47501837e-04 3.81333707e-04
1.71845603e-01 4.67324974e-04 3.81991008e-04
1.72364481e-01 -5.13601060e-05 3.82975969e-04
1.72883357e-01 7.13830042e-05 3.82660040e-04
1.73402230e-01 -1.96426559e-04 3.77302892e-04
1.73921100e-01 -2.68100631e-04 3.67995039e-04
1.74439968e-01 5.90462650e-04 3.75341175e-04
1.74958833e-01 -9.57525238e-04 3.66496131e-04
1.75477696e-01 -4.69762395e-04 3.81632021e-04
1.75996556e-01 -1.90934171e-04 3.70508025e-04
1.76515413e-01 -3.69416896e-04 3.80407751e-04
1.77034267e-01 -5.76810519e-05 3.84440998e-04
1.77553119e-01 4.14271510e-05 3.78247181e-04
1.78071968e-01 -5.10910488e-05 3.76119096e-04
1.78590814e-01 -1.45463644e-04 3.67577091e-04
1.79109657e-01 3.62921295e-04 3.65956286e-04
1.79628498e-01 3.54261623e-04 3.69804563e-04
1.80147336e-01 -3.72032769e-04 3.75196212e-04
1.80666171e-01 -4.59943276e-05 3.64008210e-04
1.81185003e-01 1.46585202e-04 3.50349783e-04
1.81703833e-01 2.26638751e-04 3.61393853e-04
1.82222660e-01 6.94666195e-04 3.54552147e-04
1.82741484e-01 1.51461690e-04 3.58842459e-04
1.83260305e-01 -7.48514489e-04 3.58876631e-04
1.83779124e-01 -3.92985892e-04 3.55804864e-04
1.84297939e-01 -3.94889263e-04 3.53008476e-04
1.84816752e-01 -4.94168115e-04 3.52861452e-04
1.85335562e-01 -5.32179289e-05 3.48919759e-04
1.85854369e-01 3.87257499e-04 3.55020868e-04
1.86373173e-01 -6.16237950e-04 3.51946182e-04
1.86891975e-01 1.18073550e-04 3.53322916e-04
1.87410773e-01 4.95578998e-04 3.48002990e-04
1.87929569e-01 1.57883503e-04 3.48774061e-04
1.88448361e-01 -3.45677685e-04 3.51336514e-04
1.88967151e-01 3.53421914e-05 3.49292210e-04
1.89485938e-01 -5.39005103e-04 3.49875665e-04
1.90004722e-01 7.46931889e-05 3.49959307e-04
1.90523503e-01 -3.27735376e-04 3.45873634e-04
1.91042282e-01 1.83666482e-04 3.51524077e-04
1.91561057e-01 1.83550587e-05 3.46370723e-04
1.92079829e-01 -3.52881493e-04 3.42777393e-04
1.92598599e-01 -4.47541496e-04 3.44257085e-04
1.93117365e-01 3.99635848e-04 3.39930648e-04
1.93636128e-01 -1.64889339e-06 3.44666627e-04
1.94154889e-01 6.30128722e-04 3.40714833e-04
1.94673646e-01 1.66080299e-04 3.44451972e-04
1.95192401e-01 1.07632832e-04 3.29966482e-04
1.95711153e-01 -3.19007336e-04 3.29959550e-04
1.96229901e-01 -7.96297907e-05 3.39439207e-04
1.96748647e-01 7.51893457e-06 3.38120447e-04
1.97267389e-01 3.17888230e-04 3.32296201e-04
1.97786129e-01 -1.23113735e-04 3.28439033e-04
1.98304865e-01 -4.51488906e-05 3.32676598e-04
1.98823598e-01 -1.93858183e-04 3.29261970e-04
1.99342329e-01 2.87505800e-04 3.34916272e-04
1.99861056e-01 -3.14707203e-04 3.28862113e-04
2.00379780e-01 3.25446307e-04 3.34236544e-04
2.00898501e-01 5.12378374e-04 3.28801545e-04
2.01417219e-01 4.17303866e-04 3.35473304e-04
2.01935934e-01 -8.47205067e-05 3.34587714e-04
2.02454646e-01 -1.28891325e-04 3.26252040e-04
2.02973355e-01 -9.96711292e-05 3.30845091e-04
2.03492061e-01 3.11279884e-04 3.27799595e-04
2.04010763e-01 2.14846664e-04 3.27677203e-04
2.04529463e-01 -4.69532732e-04 3.23012209e-04
2.05048159e-01 -2.12997828e-04 3.24464404e-04
2.05566852e-01 -1.79052314e-04 3.27123405e-04
2.06085542e-01 1.34411955e-04 3.17579340e-04
2.06604229e-01 -1.59613492e-04 3.19214029e-04
2.07122913e-01 1.98185300e-04 3.27355497e-04
2.07641593e-01 3.66571896e-04 3.24689411e-04
2.08160270e-01 4.71196156e-05 3.13356389e-04
2.08678944e-01 5.08400514e-04 3.18103067e-04
2.09197615e-01 -3.08321296e-04 3.19371462e-04
2.09716283e-01 -7.27112260e-04 3.14488396e-04
2.10234947e-01 1.98337485e-04 3.16922041e-04
2.10753609e-01 -8.08995007e-05 3.13052363e-04
2.11272267e-01 -2.44866231e-04 3.09448819e-04
2.11790921e-01 3.22979038e-05 3.16650478e-04
2.12309573e-01 -4.92676073e-04 3.12662907e-04
2.12828221e-01 -5.08516650e-04 3.07192234e-04
2.13346866e-01 5.99809814e-05 3.05844332e-04
2.13865508e-01 -2.40062334e-04 3.09622947e-04
2.14384146e-01 1.34669158e-05 3.15764824e-04
2.14902781e-01 3.59795903e-04 3.17258706e-04
2.15421413e-01 -1.54841207e-05 3.12419088e-04
2.15940042e-01 2.05474565e-04 3.10838365e-04
2.16458667e-01 2.83853533e-04 3.06252956e-04
2.16977289e-01 -6.99706672e-05 3.21768317e-04
2.17495907e-01 -6.19401186e-05 3.15855466e-04
2.18014523e-01 -1.05579499e-04 3.08635373e-04
2.18533135e-01 3.81971617e-06 3.09826964e-04
2.19051743e-01 2.63496380e-04 3.11033446e-04
2.19570348e-01 3.12550082e-05 3.10761024e-04
2.20088950e-01 -8.09403008e-05 3.00450323e-04
2.20607549e-01 1.56406481e-04 3.09268627e-04
2.21126144e-01 -5.19533504e-08 3.07781546e-04
2.21644735e-01 8.00724940e-05 3.01498747e-04
2.22163324e-01 -1.01130606e-04 3.07715598e-04
2.22681909e-01 4.10273717e-04 3.01277754e-04
2.23200490e-01 -8.93704202e-05 3.01430868e-04
2.23719068e-01 -3.88878654e-04 2.95799395e-04
2.24237643e-01 3.03440875e-04 3.03642665e-04
2.24756214e-01 4.43634466e-04 2.98278483e-04
2.25274781e-01 -1.73761216e-04 3.02734278e-04
2.25793346e-01 -2.39007981e-04 3.09251575e-04
2.26311907e-01 1.90914073e-05 2.97231570e-04
2.26830464e-01 -1.75202548e-04 3.04381983e-04
2.27349018e-01 3.64362624e-04 2.96656178e-04
2.27867568e-01 3.39742009e-04 3.00197518e-04
2.28386115e-01 6.35493074e-04 2.90767965e-04
2.28904658e-01 2.02589926e-05 2.97777266e-04
2.29423198e-01 -5.31969170e-05 3.02457890e-04
2.29941734e-01 2.32800676e-05 2.98252464e-04
2.30460267e-01 1.12847024e-04 2.93615856e-04
2.30978797e-01 1.90839885e-04 2.94687458e-04
2.31497322e-01 -2.48241366e-04 2.95186308e-04
2.32015844e-01 -4.65760426e-04 2.98612482e-04
2.32534363e-01 2.47327465e-04 2.86901018e-04
2.33052878e-01 -2.45366646e-04 2.91854308e-04
2.33571390e-01 -2.57495778e-04 2.85447704e-04
2.34089898e-01 2.29374701e-04 2.90073515e-04
2.34608402e-01 1.28784703e-04 2.89302900e-04
2.35126903e-01 2.93661426e-04 2.85380051e-04
2.35645400e-01 1.99272368e-04 2.89329873e-04
2.36163893e-01 5.01664460e-04 2.89417617e-04
2.36682383e-01 4.72397917e-04 2.90840966e-04
2.37200869e-01 5.18766085e-04 2.88616771e-04
2.37719352e-01 -2.65336723e-04 2.86739210e-04
2.38237831e-01 -5.95424022e-04 2.88916809e-04
2.38756306e-01 1.26902173e-04 2.90717228e-04
2.39274778e-01 -7.11030418e-05 2.85328597e-04
2.39793246e-01 4.06138629e-04 2.88297249e-04
2.40311710e-01 -1.25736725e-04 2.93997890e-04
2.40830171e-01 2.23877219e-05 2.96294273e-04
2.41348628e-01 2.69566073e-04 2.87124922e-04
2.41867081e-01 -1.01664615e-04 2.96438217e-04
2.42385531e-01 1.67278171e-04 2.86845725e-04
2.42903976e-01 -1.34556744e-04 2.93593015e-04
2.43422418e-01 2.73566098e-04 2.85769181e-04
2.43940857e-01 4.98644799e-05 2.83031255e-04
2.44459291e-01 -4.05196729e-04 2.73634392e-04
2.44977722e-01 1.48809179e-04 2.78799211e-04
2.45496149e-01 -1.79000398e-04 2.77823676e-04
2.46014573e-01 -2.01832464e-04 2.79631783e-04
2.46532992e-01 6.41621559e-04 2.79672948e-04
2.47051408e-01 3.28730445e-04 2.78106014e-04
2.47569820e-01 -2.16325196e-04 2.74259685e-04
2.48088228e-01 4.63693168e-04 2.79517610e-04
2.48606633e-01 -7.81287613e-05 2.75996660e-04
2.49125033e-01 3.63741898e-04 2.80471616e-04
2.49643430e-01 1.47833028e-04 2.80207001e-04
2.50161823e-01 -1.59198175e-04 2.74422023e-04
2.50680212e-01 -2.96902745e-04 2.76994357e-04
2.51198598e-01 -1.50236382e-04 2.74429934e-04
2.51716979e-01 -1.06566918e-04 2.77844628e-04
2.52235357e-01 1.75467378e-04 2.75523091e-04
2.52753730e-01 7.49887468e-05 2.84602990e-04
2.53272100e-01 1.12800015e-04 2.74137567e-04
2.53790466e-01 -1.67498777e-04 2.73029905e-04
2.54308828e-01 -5.63525022e-05 2.75428827e-04
2.54827186e-01 3.38320742e-04 2.77129476e-04
2.55345541e-01 2.78882814e-05 2.73006709e-04
2.55863891e-01 1.43333757e-04 2.81477062e-04
2.56382237e-01 -1.88100310e-05 2.70879098e-04
2.56900580e-01 -2.53279015e-04 2.64326617e-04
2.57418919e-01 -3.57259334e-05 2.67895949e-04
2.57937253e-01 -4.18469926e-04 2.68092807e-04
2.58455584e-01 -5.11380707e-04 2.67275075e-04
2.58973911e-01 -5.04145717e-04 2.68693778e-04
2.59492233e-01 2.36203423e-04 2.70566995e-04
2.60010552e-01 2.63598568e-04 2.65403997e-04
2.60528867e-01 -7.62917993e-06 2.69686880e-04
2.61047178e-01 7.08248427e-04 2.75827771e-04
2.61565484e-01 1.36285502e-04 2.76148906e-04
2.62083787e-01 -4.41748768e-05 2.64650842e-04
2.62602086e-01 -2.08362448e-04 2.65473311e-04
2.63120381e-01 1.49401112e-04 2.71076213e-04
2.63638671e-01 1.24865125e-04 2.72418142e-04
2.64156958e-01 -1.39185148e-05 2.69250922e-04
2.64675241e-01 2.56251120e-05 2.74832188e-04
2.65193519e-01 -5.90454560e-05 2.75866004e-04
2.65711794e-01 -1.04489724e-04 2.74635324e-04
2.66230064e-01 -7.34746450e-04 2.76340922e-04
2.66748330e-01 -7.76258461e-05 2.72516408e-04
2.67266593e-01 -2.70885303e-04 2.81737445e-04
2.67784851e-01 2.31659881e-04 2.77637907e-04
2.68303105e-01 -8.60290869e-05 2.71438211e-04
2.68821355e-01 1.27835199e-04 2.73027649e-04
2.69339601e-01 -7.90128000e-05 2.73377511e-04
2.69857842e-01 3.69150339e-04 2.71966204e-04
2.70376080e-01 2.27887731e-04 2.71613781e-04
2.70894314e-01 5.92165041e-05 2.68138593e-04
2.71412543e-01 4.60244071e-04 2.75193208e-04
2.71930768e-01 -1.73466523e-04 2.72747915e-04
2.72448989e-01 -2.63549439e-04 2.64827143e-04
2.72967206e-01 -4.10861071e-04 2.66537534e-04
2.73485418e-01 -6.82836512e-05 2.63957962e-04
2.74003627e-01 -2.50340021e-04 2.64656602e-04
2.74521831e-01 3.27725679e-05 2.70902601e-04
2.75040031e-01 1.96306488e-04 2.66509273e-04
2.75558227e-01 -9.46799849e-06 2.63910797e-04
2.76076418e-01 5.36017820e-04 2.62707723e-04
2.76594606e-01 7.56955473e-04 2.66930772e-04
2.77112789e-01 1.51841384e-04 2.65152268e-04
2.77630968e-01 1.89184854e-04 2.63348632e-04
2.78149142e-01 2.12313255e-04 2.61427157e-04
2.78667313e-01 -1.90459925e-04 2.62803254e-04
2.79185479e-01 4.48732999e-06 2.65420706e-04
2.79703640e-01 2.13204396e-04 2.68933274e-04
2.80221798e-01 -1.45220077e-04 2.62498226e-04
2.80739951e-01 1.63247721e-04 2.71412896e-04
2.81258100e-01 2.27416694e-04 2.67673280e-04
2.81776245e-01 1.64515092e-04 2.63088651e-04
2.82294385e-01 -6.09772913e-05 2.63633385e-04
2.82812521e-01 -1.53567985e-04 2.62438748e-04
2.83330653e-01 5.94193611e-05 2.67300484e-04
2.83848780e-01 -1.37928753e-04 2.64789956e-04
2.84366903e-01 1.23119914e-04 2.68444443e-04
2.84885022e-01 -1.91893754e-04 2.66864944e-04
2.85403136e-01 8.20931042e-05 2.65079375e-04
2.85921246e-01 2.24933117e-04 2.68966208e-04
2.86439351e-01 2.45251405e-04 2.64871277e-04
2.86957452e-01 3.05428057e-04 2.70908479e-04
2.87475549e-01 -4.82253654e-06 2.63816166e-04
2.87993641e-01 3.35427917e-06 2.67016434e-04
2.88511729e-01 2.57050760e-04 2.61760145e-04
2.89029813e-01 -8.37484872e-05 2.61835473e-04
2.89547892e-01 1.27883744e-04 2.63734111e-04
2.90065967e-01 2.24635230e-04 2.55270058e-04
2.90584037e-01 6.32851719e-05 2.58087500e-04
2.91102103e-01 9.82955444e-05 2.57358674e-04
2.91620164e-01 1.31189401e-04 2.57935560e-04
2.92138221e-01 3.91723630e-04 2.58822420e-04
2.92656273e-01 3.30707198e-05 2.56779294e-04
2.93174321e-01 2.53355350e-04 2.56572368e-04
2.93692364e-01 -1.14483612e-05 2.51636989e-04
2.94210403e-01 6.47017771e-05 2.55980840e-04
2.94728437e-01 2.02732694e-04 2.53043307e-04
2.95246467e-01 2.07577982e-04 2.50481117e-04
2.95764493e-01 1.84505142e-04 2.53166473e-04
2.96282514e-01 3.94507513e-05 2.51925223e-04
2.96800530e-01 -1.68040969e-04 2.44881867e-04
2.97318542e-01 3.14701332e-07 2.50157186e-04
2.97836549e-01 3.71687566e-05 2.50549107e-04
2.98354551e-01 2.65144642e-04 2.54497711e-04
2.98872549e-01 6.02959505e-05 2.51970351e-04
2.99390543e-01 -1.22684833e-04 2.53383675e-04
2.99908532e-01 -1.10656601e-04 2.46193572e-04
3.00426516e-01 6.13044793e-05 2.47387363e-04
3.00944496e-01 4.36619862e-05 2.47309605e-04
3.01462471e-01 -3.84364251e-04 2.43843684e-04
3.01980441e-01 -2.45002341e-04 2.45002248e-04
3.02498407e-01 -1.32751026e-04 2.46158049e-04
3.03016368e-01 -1.55429222e-04 2.47651502e-04
3.03534325e-01 6.73681101e-05 2.48570934e-04
3.04052277e-01 -2.82226767e-04 2.41724614e-04
3.04570224e-01 4.51138553e-04 2.45428079e-04
3.05088167e-01 7.58547928e-05 2.43209624e-04
3.05606105e-01 2.54778337e-04 2.43304871e-04
3.06124038e-01 3.95528813e-04 2.45050826e-04
3.06641967e-01 4.85890073e-04 2.44916061e-04
3.07159891e-01 3.92169496e-04 2.44147225e-04
3.07677810e-01 -2.25623446e-05 2.44662436e-04
3.08195724e-01 4.84704712e-05 2.42554678e-04
3.08713634e-01 4.68267002e-05 2.35143546e-04
3.09231539e-01 -1.88562063e-05 2.38887173e-04
3.09749440e-01 -1.20594085e-04 2.40707230e-04
3.10267335e-01 -1.45741043e-04 2.41905270e-04
3.10785226e-01 4.09710260e-04 2.39312469e-04
3.11303112e-01 1.61687545e-04 2.39773875e-04
3.11820993e-01 -5.27740846e-04 2.36877099e-04
3.12338870e-01 2.46086114e-04 2.36528917e-04
3.12856742e-01 -2.92750044e-04 2.36913492e-04
3.13374609e-01 3.98599013e-04 2.34254882e-04
3.13892471e-01 -9.51227878e-05 2.36670841e-04
3.14410328e-01 4.28224010e-05 2.39375519e-04
3.14928181e-01 4.18207048e-04 2.36681339e-04
3.15446029e-01 -3.35511775e-04 2.40544662e-04
3.15963871e-01 -1.05040042e-04 2.37354790e-04
3.16481710e-01 4.04737790e-04 2.37980168e-04
3.16999543e-01 5.23361616e-04 2.38017004e-04
3.17517371e-01 1.01839651e-05 2.38671272e-04
3.18035195e-01 -3.33021582e-04 2.35448375e-04
3.18553013e-01 1.80140325e-04 2.36349060e-04
3.19070827e-01 3.45981350e-04 2.39510255e-04
3.19588636e-01 4.66290918e-04 2.33017342e-04
3.20106440e-01 9.55891371e-06 2.31717335e-04
3.20624239e-01 -1.63414093e-04 2.34379369e-04
3.21142033e-01 3.41333552e-04 2.34207270e-04
3.21659823e-01 1.55095273e-04 2.34771361e-04
3.22177607e-01 3.17399090e-04 2.30512275e-04
3.22695387e-01 2.43607247e-04 2.28693885e-04
3.23213161e-01 1.98819369e-05 2.36584980e-04
3.23730931e-01 2.87617562e-04 2.31516730e-04
3.24248695e-01 8.68644790e-05 2.36421895e-04
3.24766455e-01 2.57815503e-04 2.34373599e-04
3.25284210e-01 5.82802243e-05 2.27516464e-04
3.25801959e-01 3.32771481e-04 2.31108851e-04
3.26319704e-01 -4.93790567e-04 2.29714028e-04
3.26837444e-01 -3.96278063e-07 2.33830848e-04
3.27355179e-01 -1.13331145e-04 2.32681098e-04
3.27872908e-01 -1.03932844e-04 2.27143560e-04
3.28390633e-01 -2.26608102e-04 2.29486138e-04
3.28908353e-01 2.37774114e-05 2.32679816e-04
3.29426067e-01 2.74352117e-04 2.27919646e-04
3.29943777e-01 5.90240435e-04 2.33896116e-04
3.30461482e-01 2.55232626e-04 2.29292060e-04
3.30979181e-01 -2.76948952e-05 2.28143400e-04
3.31496876e-01 1.20338589e-04 2.26264622e-04
3.32014565e-01 2.11211496e-04 2.26079502e-04
3.32532249e-01 -4.64810100e-05 2.24705943e-04
3.33049928e-01 2.39875988e-04 2.26086218e-04
3.33567603e-01 4.40990832e-04 2.25446755e-04
3.34085272e-01 2.74005151e-04 2.25274128e-04
3.34602936e-01 2.07216205e-04 2.24652538e-04
3.35120594e-01 -1.83684111e-06 2.28655334e-04
3.35638248e-01 -4.55630351e-04 2.24512079e-04
3.36155897e-01 3.18909497e-05 2.26904720e-04
3.36673540e-01 4.25300401e-04 2.28188017e-04
3.37191178e-01 -6.73178969e-05 2.27109894e-04
3.37708811e-01 5.89759984e-04 2.20923940e-04
3.38226439e-01 3.45179089e-06 2.27309126e-04
3.38744062e-01 5.10983430e-05 2.25106792e-04
3.39261680e-01 2.39690087e-05 2.20437583e-04
3.39779292e-01 -3.43547782e-04 2.21619987e-04
3.40296899e-01 3.70703826e-04 2.24111387e-04
3.40814501e-01 5.35549925e-05 2.25724236e-04
3.41332098e-01 1.33225854e-04 2.20954003e-04
3.41849690e-01 -1.28530296e-04 2.22852471e-04
3.42367276e-01 -1.91469617e-04 2.20482935e-04
3.42884857e-01 -2.23381528e-04 2.18945612e-04
3.43402433e-01 3.68540972e-04 2.18962635e-04
3.43920004e-01 3.15548305e-04 2.20190759e-04
3.44437569e-01 1.13416544e-04 2.21527415e-04
3.44955129e-01 -1.14131963e-04 2.19028940e-04
3.45472684e-01 -1.31972553e-04 2.19059972e-04
3.45990233e-01 6.22364203e-05 2.19908593e-04
3.46507778e-01 2.44578002e-05 2.17910037e-04
3.47025317e-01 -2.11784418e-04 2.20090912e-04
3.47542850e-01 -9.21729723e-05 2.16868800e-04
3.48060379e-01 -9.85352899e-05 2.15922694e-04
3.48577902e-01 -2.30008495e-05 2.19904725e-04
3.49095419e-01 4.87872278e-04 2.19063195e-04
3.49612932e-01 2.35510214e-04 2.16416418e-04
3.50130439e-01 1.88253258e-04 2.16472983e-04
3.50647940e-01 1.95145599e-04 2.21212680e-04
3.51165437e-01 1.19902471e-04 2.16998834e-04
3.51682928e-01 1.14705591e-04 2.17684179e-04
3.52200413e-01 2.56696731e-05 2.16967260e-04
3.52717893e-01 1.18449896e-04 2.17172965e-04
3.53235368e-01 -9.80313902e-06 2.14614407e-04
3.53752837e-01 1.77248802e-04 2.16193607e-04
3.54270301e-01 4.28066154e-04 2.19282447e-04
3.54787760e-01 1.02517872e-04 2.15586126e-04
3.55305213e-01 -5.39430385e-05 2.16849703e-04
3.55822661e-01 1.82453259e-04 2.13895392e-04
3.56340103e-01 1.89892000e-05 2.13686718e-04
3.56857540e-01 -8.39638400e-05 2.11405390e-04
3.57374971e-01 1.36166127e-04 2.15169959e-04
3.57892397e-01 2.28094133e-04 2.12767698e-04
3.58409818e-01 -4.38709320e-04 2.11196758e-04
3.58927232e-01 -1.92427719e-05 2.10272888e-04
3.59444642e-01 -1.39155699e-04 2.17128075e-04
3.59962046e-01 -7.30092305e-05 2.11658418e-04
3.60479444e-01 3.58797914e-04 2.13992623e-04
3.60996837e-01 -3.06282394e-04 2.13761745e-04
3.61514225e-01 -3.98280768e-05 2.10674009e-04
3.62031607e-01 1.32526827e-04 2.13443240e-04
3.62548983e-01 1.13130437e-04 2.11001943e-04
3.63066354e-01 -2.79306612e-05 2.10918432e-04
3.63583719e-01 3.11915990e-04 2.11920868e-04
3.64101079e-01 -4.68957311e-06 2.09049415e-04
3.64618433e-01 3.84062539e-05 2.11249957e-04
3.65135782e-01 1.10809136e-05 2.13354231e-04
3.65653125e-01 1.10916365e-04 2.10018547e-04
3.66170462e-01 2.23168971e-04 2.08846329e-04
3.66687794e-01 1.04151477e-04 2.09290998e-04
3.67205121e-01 -2.76466449e-04 2.11404005e-04
3.67722441e-01 3.19071028e-05 2.07049257e-04
3.68239756e-01 3.25720421e-04 2.04673518e-04
3.68757066e-01 -3.04320863e-04 2.05170890e-04
3.69274369e-01 -9.96001717e-05 2.07836137e-04
3.69791668e-01 9.58827488e-05 2.07570416e-04
3.70308960e-01 -1.72867810e-04 2.05265274e-04
3.70826247e-01 -1.59693207e-04 2.07886523e-04
3.71343528e-01 -2.12965705e-04 2.08328174e-04
3.71860803e-01 -2.11664473e-04 2.06784895e-04
3.72378073e-01 6.87374656e-05 2.09551896e-04
3.72895337e-01 -9.23794717e-06 2.10556861e-04
3.73412596e-01 -2.16404853e-04 2.16797081e-04
3.73929849e-01 3.24219040e-04 2.16101533e-04
3.74447096e-01 2.73814992e-04 2.13712276e-04
3.74964337e-01 2.66802372e-04 2.15691143e-04
3.75481572e-01 7.17893755e-05 2.12075571e-04
3.75998802e-01 3.96965441e-04 2.14707551e-04
3.76516026e-01 1.30687500e-04 2.16871541e-04
3.77033245e-01 -2.19367852e-04 2.14733000e-04
3.77550457e-01 -4.14051146e-07 2.16639737e-04
3.78067664e-01 -8.70279079e-05 2.16059433e-04
3.78584865e-01 3.46468303e-04 2.18138388e-04
3.79102060e-01 -2.21470206e-05 2.15867618e-04
3.79619250e-01 -1.72388061e-05 2.18570591e-04
3.80136433e-01 3.06106970e-04 2.17744562e-04
3.80653611e-01 7.82067557e-05 2.17831551e-04
3.81170783e-01 1.35249809e-04 2.19884572e-04
3.81687950e-01 2.37811913e-04 2.18924092e-04
3.82205110e-01 8.33178084e-05 2.13426212e-04
3.82722265e-01 -2.15026842e-04 2.16397476e-04
3.83239413e-01 1.21343921e-05 2.17056905e-04
3.83756556e-01 4.80446458e-04 2.14857351e-04
3.84273693e-01 3.40907461e-04 2.15289084e-04
3.84790824e-01 -3.09011800e-05 2.10698855e-04
3.85307950e-01 -7.16720702e-05 2.16617395e-04
3.85825069e-01 2.42103641e-04 2.16660872e-04
3.86342183e-01 -5.22044402e-05 2.10946339e-04
3.86859290e-01 1.60965202e-04 2.19464705e-04
3.87376392e-01 3.21118400e-05 2.13340044e-04
3.87893488e-01 -1.12238847e-04 2.15044030e-04
3.88410577e-01 1.26887667e-04 2.14554160e-04
3.88927661e-01 -3.26593713e-05 2.09982868e-04
3.89444739e-01 4.15669561e-04 2.15770079e-04
3.89961811e-01 -3.04034450e-04 2.16280068e-04
3.90478878e-01 -1.36162740e-04 2.18074922e-04
3.90995938e-01 -2.75909912e-04 2.17976997e-04
3.91512992e-01 -4.91247734e-05 2.16355436e-04
3.92030040e-01 4.89532837e-04 2.20687174e-04
3.92547082e-01 1.63417853e-04 2.14988930e-04
3.93064118e-01 2.90055555e-05 2.16767223e-04
3.93581149e-01 4.03278586e-05 2.19129424e-04
3.94098173e-01 3.02156210e-05 2.18788025e-04
3.94615191e-01 2.83897264e-04 2.16421467e-04
3.95132203e-01 3.43103278e-04 2.21915574e-04
3.95649209e-01 -1.89719724e-05 2.24449176e-04
3.96166209e-01 3.60233002e-04 2.25743839e-04
3.96683203e-01 5.31187618e-06 2.25512979e-04
3.97200191e-01 8.32912337e-05 2.21079477e-04
3.97717173e-01 2.38222026e-04 2.24516564e-04
3.98234149e-01 -1.52203311e-04 2.23024895e-04
3.98751119e-01 1.32565654e-04 2.25999274e-04
3.99268083e-01 1.02521395e-04 2.27478797e-04
3.99785040e-01 -1.34453282e-04 2.25823168e-04
4.00301992e-01 3.09074094e-05 2.25168487e-04
4.00818937e-01 -5.49249545e-05 2.30558491e-04
4.01335876e-01 -1.76010869e-04 2.31932313e-04
4.01852810e-01 2.06616472e-04 2.32984170e-04
4.02369737e-01 2.89030792e-05 2.54846308e-04
4.02886658e-01 2.33599273e-04 2.76942147e-04
4.03403572e-01 2.19837937e-05 2.94048835e-04
4.03920481e-01 1.38506663e-04 3.06725715e-04
4.04437383e-01 1.33351840e-04 3.14807367e-04
4.04954280e-01 -2.08239351e-04 3.23388703e-04
4.05471170e-01 9.58995637e-05 3.53932877e-04
4.05988054e-01 -1.35127027e-04 4.09991600e-04
4.06504931e-01 -3.56289283e-04 4.49299178e-04
4.07021803e-01 -7.98483251e-05 5.03837000e-04
4.07538668e-01 -1.24267571e-03 4.18370461e-03
