7.27043000e-03 3.35229767e-03 1.28820936e-02
7.78974585e-03 4.59356345e-03 1.04978567e-02
8.30906158e-03 3.12248840e-03 8.33650243e-03
8.82837719e-03 4.32047380e-03 4.96788828e-03
9.34769265e-03 6.00149654e-03 3.61881820e-03
9.86700798e-03 6.01120576e-04 2.90945466e-03
1.03863231e-02 -1.96370156e-04 2.28142769e-03
1.09056382e-02 1.15501956e-03 2.02521108e-03
1.14249530e-02 9.82784384e-04 1.83924223e-03
1.19442677e-02 3.12329821e-04 1.60769137e-03
1.24635822e-02 -1.32212755e-03 1.66443628e-03
1.29828965e-02 1.34262585e-03 1.58662094e-03
1.35022105e-02 8.22600512e-04 1.52794394e-03
1.40215244e-02 1.82827721e-03 1.44639204e-03
1.45408381e-02 -8.96234543e-04 1.47045836e-03
1.50601516e-02 -1.10547488e-03 1.35961387e-03
1.55794648e-02 3.55751400e-03 1.27243880e-03
1.60987777e-02 1.32788718e-03 1.23477945e-03
1.66180905e-02 7.16206556e-04 1.26479046e-03
1.71374029e-02 2.43927416e-04 1.25409902e-03
1.76567152e-02 1.76830560e-03 1.28094983e-03
1.81760271e-02 -3.25845628e-04 1.25964519e-03
1.86953388e-02 1.11928813e-03 1.19412473e-03
1.92146501e-02 2.89010924e-03 1.22503678e-03
1.97339612e-02 5.61253363e-05 1.11445687e-03
2.02532720e-02 -4.76695976e-04 1.14780966e-03
2.07725824e-02 8.14616759e-04 1.12774937e-03
2.12918926e-02 3.19506067e-03 1.15451025e-03
2.18112024e-02 7.90822133e-04 1.08374864e-03
2.23305119e-02 5.84868478e-04 1.14130127e-03
2.28498210e-02 1.53632625e-05 1.12590146e-03
2.33691298e-02 1.09506080e-03 1.03361132e-03
2.38884382e-02 2.17385355e-03 9.79537519e-04
2.44077463e-02 1.14216803e-03 1.01784856e-03
2.49270540e-02 1.07815090e-03 9.53025803e-04
2.54463613e-02 -7.78151051e-04 9.66634611e-04
2.59656682e-02 2.23438040e-03 9.61395346e-04
2.64849747e-02 9.37124582e-04 9.63467963e-04
2.70042808e-02 3.88762541e-04 9.48526085e-04
2.75235865e-02 -3.38550647e-04 9.65805704e-04
2.80428918e-02 1.00049781e-03 9.48891577e-04
2.85621966e-02 7.55270045e-04 9.28786398e-04
2.90815010e-02 -1.23629268e-04 9.34719637e-04
2.96008049e-02 1.64843281e-04 8.88591706e-04
3.01201084e-02 1.28044115e-03 9.61309362e-04
3.06394115e-02 4.69566601e-04 8.92355267e-04
3.11587140e-02 1.15236201e-03 8.92470165e-04
3.16780161e-02 1.70432868e-03 9.03388315e-04
3.21973177e-02 5.16161237e-04 8.33920593e-04
3.27166188e-02 1.90623268e-03 8.69691841e-04
3.32359194e-02 1.49602380e-03 9.15713470e-04
3.37552195e-02 8.19537648e-04 8.37748561e-04
3.42745190e-02 7.19605949e-04 8.36196607e-04
3.47938181e-02 -2.44491046e-04 8.47762630e-04
3.53131166e-02 -9.43955242e-04 8.19282342e-04
3.58324146e-02 1.73482388e-03 8.48832242e-04
3.63517120e-02 1.38250259e-03 8.28995731e-04
3.68710088e-02 5.89043693e-04 7.77323000e-04
3.73903051e-02 1.53000673e-03 8.07296695e-04
3.79096008e-02 1.90966990e-04 7.72323931e-04
3.84288959e-02 1.05484685e-03 7.94381566e-04
3.89481905e-02 1.30101167e-03 8.12405157e-04
3.94674844e-02 1.54071515e-03 8.10822322e-04
3.99867778e-02 -4.22693892e-04 7.79028726e-04
4.05060705e-02 1.42669382e-03 7.99025804e-04
4.10253626e-02 1.39420037e-03 7.72169082e-04
4.15446540e-02 7.90784804e-04 7.84823500e-04
4.20639449e-02 1.14319602e-03 7.65946351e-04
4.25832350e-02 -3.45445611e-04 7.62625455e-04
4.31025246e-02 1.62237742e-03 8.14442178e-04
4.36218134e-02 1.17657468e-03 7.35689289e-04
4.41411016e-02 7.52032475e-04 7.38403977e-04
4.46603891e-02 1.60269337e-03 7.89293536e-04
4.51796760e-02 4.08777287e-04 8.19440321e-04
4.56989621e-02 3.49341653e-04 8.24934122e-04
4.62182475e-02 1.73832339e-03 7.64128593e-04
4.67375323e-02 1.66599323e-03 8.24766815e-04
4.72568163e-02 1.36627619e-03 7.53993131e-04
4.77760995e-02 9.99324170e-04 7.88236379e-04
4.82953821e-02 1.12022535e-03 7.79780618e-04
4.88146639e-02 1.85144053e-03 7.64400543e-04
4.93339449e-02 8.06863164e-04 7.82758406e-04
4.98532252e-02 1.53503293e-03 7.44552278e-04
5.03725048e-02 9.34496561e-05 7.27210446e-04
5.08917835e-02 1.05985719e-04 7.41195810e-04
5.14110615e-02 -1.04318548e-03 7.64076787e-04
5.19303387e-02 -9.32822358e-04 7.05827248e-04
5.24496150e-02 1.54574137e-03 7.19457937e-04
5.29688906e-02 2.59732594e-04 7.40184135e-04
5.34881654e-02 2.88275385e-04 6.92292531e-04
5.40074393e-02 -9.87328214e-04 6.67569428e-04
5.45267124e-02 -3.12054591e-04 6.97434946e-04
5.50459847e-02 3.48153123e-04 7.13053090e-04
5.55652561e-02 9.11698921e-05 7.28003546e-04
5.60845267e-02 5.30282290e-04 6.89751447e-04
5.66037964e-02 2.74944780e-04 7.11936728e-04
5.71230652e-02 2.20380255e-04 6.69250686e-04
5.76423332e-02 -7.37227973e-04 6.57143434e-04
5.81616003e-02 -3.82399460e-05 6.88949052e-04
5.86808665e-02 -4.59792589e-05 6.79575396e-04
5.92001317e-02 -1.06950571e-03 6.80444853e-04
5.97193961e-02 3.39854075e-04 6.89508402e-04
6.02386596e-02 3.58947130e-04 6.84337730e-04
6.07579221e-02 5.02194412e-04 6.86948775e-04
6.12771837e-02 -3.83825962e-04 7.27870834e-04
6.17964443e-02 2.21360758e-04 7.10823129e-04
6.23157040e-02 1.34699575e-03 6.93066770e-04
6.28349628e-02 1.13435347e-04 7.14336540e-04
6.33542206e-02 6.89954098e-04 6.71912086e-04
6.38734774e-02 2.42871554e-05 6.97166037e-04
6.43927332e-02 4.05172585e-04 6.89612049e-04
6.49119880e-02 3.37359501e-04 6.88834586e-04
6.54312419e-02 -5.43905263e-04 6.86130258e-04
6.59504947e-02 -4.29936969e-04 6.70060269e-04
6.64697465e-02 -6.60384711e-04 6.66279681e-04
6.69889973e-02 1.31015363e-03 7.17690850e-04
6.75082471e-02 3.51527280e-04 6.85519866e-04
6.80274958e-02 5.86150779e-04 6.81963664e-04
6.85467435e-02 1.72356747e-04 6.42773691e-04
6.90659901e-02 6.01373969e-04 6.49803768e-04
6.95852357e-02 -5.86578439e-04 6.61198136e-04
7.01044802e-02 2.22108430e-04 6.64459711e-04
7.06237236e-02 1.73017956e-04 6.53045371e-04
7.11429659e-02 2.50180119e-04 6.57635548e-04
7.16622072e-02 -5.91328976e-05 6.46031281e-04
7.21814473e-02 -9.53623538e-04 6.22003977e-04
7.27006863e-02 1.03446767e-03 6.13818925e-04
7.32199243e-02 5.86307207e-04 6.07662542e-04
7.37391611e-02 -7.88545592e-04 6.03602519e-04
7.42583967e-02 1.18747712e-04 5.99212800e-04
7.47776312e-02 4.76267085e-04 5.76641077e-04
7.52968646e-02 8.39226537e-05 5.77429574e-04
7.58160968e-02 5.00770981e-04 5.77678750e-04
7.63353279e-02 -9.47182289e-04 5.54369036e-04
7.68545577e-02 -1.00072755e-04 5.91123552e-04
7.73737864e-02 1.05576131e-03 5.79866967e-04
7.78930139e-02 5.43666576e-04 5.89923614e-04
7.84122402e-02 -7.91803547e-04 5.64650339e-04
7.89314653e-02 6.61157727e-04 5.60514016e-04
7.94506892e-02 6.47258416e-04 5.87409895e-04
7.99699119e-02 1.18917474e-04 5.76411623e-04
8.04891333e-02 1.16790798e-03 5.88875597e-04
8.10083535e-02 1.37700473e-04 5.84409478e-04
8.15275725e-02 5.61031881e-05 5.65497747e-04
8.20467902e-02 3.01075260e-04 5.80462864e-04
8.25660066e-02 3.32812806e-04 5.47340577e-04
8.30852218e-02 5.50401788e-05 5.48102122e-04
8.36044357e-02 -8.79458716e-04 5.45040601e-04
8.41236483e-02 2.77330433e-04 5.61326886e-04
8.46428596e-02 -5.95629687e-04 5.52614662e-04
8.51620696e-02 9.54452708e-04 5.52322998e-04
8.56812784e-02 -2.82959498e-04 5.40674261e-04
8.62004858e-02 2.92699091e-04 5.32206337e-04
8.67196918e-02 1.03789718e-03 5.41091173e-04
8.72388966e-02 1.82589428e-04 5.43912065e-04
8.77581000e-02 3.87485702e-04 5.44810502e-04
8.82773020e-02 -5.80350906e-05 5.27599676e-04
8.87965027e-02 4.78724620e-04 5.15175952e-04
8.93157020e-02 1.28675360e-03 5.35570943e-04
8.98349000e-02 2.07110752e-04 5.45897957e-04
9.03540966e-02 5.98320803e-04 5.34650047e-04
9.08732917e-02 3.65247788e-04 5.19905714e-04
9.13924855e-02 1.02425315e-04 5.22177961e-04
9.19116779e-02 -7.82488815e-05 5.12830149e-04
9.24308689e-02 3.86996059e-04 5.35202735e-04
9.29500585e-02 6.63496999e-04 5.39857053e-04
9.34692466e-02 1.60942472e-05 5.26734425e-04
9.39884333e-02 -1.95999392e-04 5.38550209e-04
9.45076185e-02 -9.90325506e-05 5.21893519e-04
9.50268023e-02 4.38115453e-04 5.15143816e-04
9.55459846e-02 2.43943163e-04 5.23157570e-04
9.60651655e-02 3.72511945e-04 5.23830258e-04
9.65843449e-02 2.75489869e-04 5.21309494e-04
9.71035228e-02 7.26367826e-04 5.05863881e-04
9.76226992e-02 1.01913522e-03 5.20443084e-04
9.81418741e-02 6.02964390e-05 5.09942548e-04
9.86610475e-02 2.71173321e-04 5.06415384e-04
9.91802194e-02 3.19544788e-05 5.10301336e-04
9.96993898e-02 -5.12864171e-04 5.02247312e-04
1.00218559e-01 -3.46411072e-05 5.17344989e-04
1.00737726e-01 -2.83406125e-04 5.06861247e-04
1.01256892e-01 -7.31920993e-04 4.87367745e-04
1.01776056e-01 1.47856718e-04 4.93004064e-04
1.02295218e-01 9.53177151e-04 5.03209039e-04
1.02814380e-01 -2.66385590e-04 4.89740848e-04
1.03333539e-01 -8.43023595e-05 4.93041638e-04
1.03852697e-01 -3.90453705e-04 4.85735591e-04
1.04371853e-01 -7.70529706e-04 4.94051683e-04
1.04891008e-01 8.99226807e-04 4.96137025e-04
1.05410161e-01 -3.38076074e-05 4.82836903e-04
1.05929312e-01 3.86950159e-04 4.92169459e-04
1.06448462e-01 -2.19460562e-04 4.74293272e-04
1.06967610e-01 -6.29116804e-04 5.01632648e-04
1.07486757e-01 8.15791426e-04 4.86761292e-04
1.08005902e-01 -3.55194926e-04 4.77636314e-04
1.08525045e-01 4.36986115e-04 4.75208894e-04
1.09044187e-01 -2.53603759e-04 4.78899012e-04
1.09563327e-01 6.84293047e-04 4.63648419e-04
1.10082465e-01 -3.46369500e-04 4.64186627e-04
1.10601601e-01 3.16889359e-04 4.63438017e-04
1.11120736e-01 8.69669632e-05 4.72642716e-04
1.11639869e-01 6.08404392e-04 4.71013209e-04
1.12159001e-01 7.66256687e-04 4.60842889e-04
1.12678130e-01 2.12413828e-05 4.74043581e-04
1.13197258e-01 -7.14463758e-04 4.59208766e-04
1.13716385e-01 -1.20666371e-04 4.60577338e-04
1.14235509e-01 3.87747616e-04 4.82057154e-04
1.14754632e-01 3.77774597e-04 4.55756243e-04
1.15273753e-01 8.04549837e-04 4.71283417e-04
1.15792872e-01 4.45593591e-05 4.80955415e-04
1.16311989e-01 -2.52611282e-05 4.77333888e-04
1.16831105e-01 7.88099110e-05 4.76183840e-04
1.17350219e-01 7.24268391e-04 4.69769471e-04
1.17869331e-01 3.04104743e-04 4.77204411e-04
1.18388441e-01 7.93585715e-05 4.61188835e-04
1.18907549e-01 1.93300197e-04 4.58695169e-04
1.19426656e-01 4.82442602e-05 4.54496342e-04
1.19945761e-01 6.05975178e-04 4.64696550e-04
1.20464864e-01 -1.25752061e-04 4.63459107e-04
1.20983965e-01 -4.72067126e-04 4.52995502e-04
1.21503064e-01 -5.65030280e-04 4.65021636e-04
1.22022161e-01 -9.66517789e-04 4.46750097e-04
1.22541256e-01 3.90191206e-05 4.53272904e-04
1.23060350e-01 -4.48136025e-04 4.39321351e-04
1.23579442e-01 1.53477486e-04 4.49418136e-04
1.24098531e-01 2.86292224e-04 4.42650317e-04
1.24617619e-01 -1.53619854e-04 4.42003669e-04
1.25136705e-01 1.11939603e-04 4.39807442e-04
1.25655789e-01 -2.22955175e-05 4.41011482e-04
1.26174871e-01 -8.09563888e-07 4.36164136e-04
1.26693952e-01 6.09581613e-05 4.40078614e-04
1.27213030e-01 -4.92437395e-04 4.41410607e-04
1.27732106e-01 -2.32678103e-04 4.32297235e-04
1.28251180e-01 2.06885825e-04 4.37953404e-04
1.28770253e-01 2.90720107e-04 4.34707151e-04
1.29289323e-01 1.87167465e-05 4.31432226e-04
1.29808391e-01 2.77295590e-04 4.28530051e-04
1.30327458e-01 6.19561502e-05 4.20735469e-04
1.30846522e-01 4.00177221e-04 4.47018512e-04
1.31365584e-01 1.71832758e-04 4.36219126e-04
1.31884645e-01 -5.61635183e-06 4.32637351e-04
1.32403703e-01 2.34250383e-04 4.33308450e-04
1.32922759e-01 2.40439347e-04 4.23254184e-04
1.33441814e-01 6.17516255e-05 4.19922429e-04
1.33960866e-01 9.55343327e-05 4.29923654e-04
1.34479916e-01 -4.96626246e-04 4.16105842e-04
1.34998964e-01 -2.45721611e-04 4.12649837e-04
1.35518010e-01 8.16466791e-05 4.19469174e-04
1.36037054e-01 -4.10472451e-04 4.23512097e-04
1.36556096e-01 3.33968259e-04 4.10208202e-04
1.37075135e-01 6.60001557e-04 4.20146650e-04
1.37594173e-01 -5.08342565e-04 4.09672640e-04
1.38113208e-01 -8.61519770e-05 4.10066998e-04
1.38632242e-01 5.61097914e-04 4.27487899e-04
1.39151273e-01 -2.67952198e-04 4.19749670e-04
1.39670302e-01 3.77563597e-04 4.21892480e-04
1.40189329e-01 4.93977964e-04 4.26265843e-04
1.40708354e-01 2.25135399e-04 4.33452642e-04
1.41227377e-01 -1.18076233e-04 4.20122344e-04
1.41746397e-01 1.02836303e-05 4.15906587e-04
1.42265415e-01 -5.59611095e-05 4.31950609e-04
1.42784432e-01 -3.66527272e-05 4.27020451e-04
1.43303446e-01 5.18980417e-04 4.20468891e-04
1.43822457e-01 7.89538655e-04 4.23454795e-04
1.44341467e-01 1.61478768e-04 4.18885798e-04
1.44860474e-01 3.37264343e-05 4.25431746e-04
1.45379479e-01 -1.24468710e-05 4.21019743e-04
1.45898482e-01 -2.59961312e-04 4.14639511e-04
1.46417483e-01 4.13218532e-05 4.13067485e-04
1.46936481e-01 1.14301601e-05 4.07297705e-04
1.47455477e-01 4.97501948e-05 3.98099558e-04
1.47974471e-01 -8.00748560e-04 3.96420393e-04
1.48493463e-01 -2.47020830e-04 4.01118628e-04
1.49012452e-01 -5.67211033e-04 3.97064395e-04
1.49531439e-01 -5.72168982e-04 3.85760687e-04
1.50050424e-01 -1.65216682e-05 3.95265071e-04
1.50569406e-01 -1.38732991e-04 3.97836322e-04
1.51088386e-01 -7.61258767e-04 3.87649854e-04
1.51607364e-01 3.24497638e-05 3.87714212e-04
1.52126339e-01 -3.13766316e-04 3.89412549e-04
1.52645312e-01 -7.22762762e-05 3.93759690e-04
1.53164283e-01 1.88678545e-05 3.94319271e-04
1.53683251e-01 3.16244308e-04 3.94946400e-04
1.54202218e-01 -3.54213730e-05 3.99974254e-04
1.54721181e-01 -1.59610665e-04 4.09532161e-04
1.55240143e-01 -1.90790079e-04 4.06960129e-04
1.55759101e-01 4.35001585e-04 4.17528994e-04
1.56278058e-01 -3.00699042e-04 4.08612946e-04
1.56797012e-01 4.59425486e-04 4.01853347e-04
1.57315964e-01 -1.24681080e-04 4.01689264e-04
1.57834913e-01 -8.03223615e-05 4.08387409e-04
1.58353860e-01 1.72829998e-04 3.98927173e-04
1.58872805e-01 -1.39435171e-04 4.10228454e-04
1.59391747e-01 -2.26580763e-04 4.08605259e-04
1.59910686e-01 3.19791065e-04 4.02989197e-04
1.60429623e-01 -2.84766499e-05 4.07890818e-04
1.60948558e-01 -6.89686210e-05 3.91486682e-04
1.61467490e-01 -4.68494089e-04 3.93604775e-04
1.61986420e-01 2.82098313e-04 4.00336340e-04
1.62505347e-01 -1.86587418e-04 3.92375332e-04
1.63024272e-01 -2.90160245e-04 3.90639370e-04
1.63543194e-01 -2.72471812e-04 3.77483974e-04
1.64062114e-01 -4.39850354e-04 3.87502404e-04
1.64581031e-01 4.38181775e-04 3.84253618e-04
1.65099945e-01 -3.98237034e-04 3.80213942e-04
1.65618858e-01 -2.22951392e-04 3.85360913e-04
1.66137767e-01 -2.50567493e-04 3.76251533e-04
1.66656674e-01 -1.21923336e-04 3.79071952e-04
1.67175579e-01 2.72810359e-04 3.86018622e-04
1.67694481e-01 1.54058100e-04 3.77619310e-04
1.68213380e-01 -1.52440440e-04 3.79135709e-04
1.68732277e-01 -5.41203082e-04 3.72444806e-04
1.69251171e-01 1.85044897e-04 3.88538986e-04
1.69770062e-01 -1.35444544e-04 3.84397991e-04
1.70288951e-01 1.36920409e-04 3.78702921e-04
1.70807838e-01 -2.71215232e-04 3.85582803e-04
1.71326721e-01 2.00596123e-04 3.81601923e-04
1.71845603e-01 1.79320961e-04 3.91561899e-04
1.72364481e-01 -1.75508839e-04 3.83548062e-04
1.72883357e-01 4.42189401e-05 3.85705096e-04
1.73402230e-01 2.29923985e-04 3.73266169e-04
1.73921100e-01 2.76865105e-04 3.70518694e-04
1.74439968e-01 -5.23046915e-04 3.81892360e-04
1.74958833e-01 -9.81045344e-04 3.75322657e-04
1.75477696e-01 -1.75448490e-04 3.85763368e-04
1.75996556e-01 -1.09880296e-05 3.91245825e-04
1.76515413e-01 -6.09075362e-04 3.81328174e-04
1.77034267e-01 3.30422022e-05 3.83111166e-04
1.77553119e-01 -2.17658818e-04 3.77131421e-04
1.78071968e-01 -2.15603820e-04 3.69270710e-04
1.78590814e-01 -6.01897949e-04 3.68846071e-04
1.79109657e-01 -1.69872435e-04 3.76051370e-04
1.79628498e-01 -1.59881635e-04 3.63139063e-04
1.80147336e-01 3.69089203e-05 3.64888161e-04
1.80666171e-01 -4.46243053e-04 3.68604364e-04
1.81185003e-01 -5.64866838e-04 3.53204075e-04
1.81703833e-01 -8.01085282e-05 3.68821104e-04
1.82222660e-01 -1.09897466e-05 3.66304595e-04
1.82741484e-01 -3.24445770e-04 3.60134986e-04
1.83260305e-01 -6.25314658e-07 3.65215162e-04
1.83779124e-01 -2.39320850e-04 3.51846819e-04
1.84297939e-01 -4.98865868e-04 3.58972527e-04
1.84816752e-01 -2.95843324e-04 3.51760557e-04
1.85335562e-01 1.54836084e-04 3.56131619e-04
1.85854369e-01 4.33010890e-04 3.50738398e-04
1.86373173e-01 -5.51877628e-05 3.57540660e-04
1.86891975e-01 -1.69913782e-04 3.51694404e-04
1.87410773e-01 -1.76899271e-04 3.43784832e-04
1.87929569e-01 -4.70604562e-04 3.45248439e-04
1.88448361e-01 -9.93409982e-05 3.48237007e-04
1.88967151e-01 1.97556594e-04 3.38667568e-04
1.89485938e-01 -2.57959066e-04 3.47232714e-04
1.90004722e-01 1.68570395e-04 3.62474324e-04
1.90523503e-01 -3.66263157e-04 3.50179802e-04
1.91042282e-01 -6.90529105e-05 3.50413853e-04
1.91561057e-01 -1.93944799e-04 3.46185017e-04
1.92079829e-01 5.19490014e-04 3.44511711e-04
1.92598599e-01 -3.51387272e-04 3.43274117e-04
1.93117365e-01 -1.96624033e-04 3.43115586e-04
1.93636128e-01 -1.97346031e-04 3.42797098e-04
1.94154889e-01 -2.57955943e-05 3.44642865e-04
1.94673646e-01 1.53190860e-04 3.38069059e-04
1.95192401e-01 -1.82529342e-04 3.40976212e-04
1.95711153e-01 1.36286080e-05 3.35526104e-04
1.96229901e-01 4.38811059e-04 3.31191142e-04
1.96748647e-01 -8.77996117e-05 3.38131225e-04
1.97267389e-01 3.71313537e-05 3.35464865e-04
1.97786129e-01 -4.26039946e-04 3.27111807e-04
1.98304865e-01 1.80246661e-04 3.31077940e-04
1.98823598e-01 -6.20235542e-05 3.39332785e-04
1.99342329e-01 -4.82726039e-04 3.28069283e-04
1.99861056e-01 -5.08583384e-04 3.20705439e-04
2.00379780e-01 -3.45213441e-04 3.35540975e-04
2.00898501e-01 -3.70922400e-04 3.25231180e-04
2.01417219e-01 2.42765321e-04 3.32591584e-04
2.01935934e-01 7.77978673e-05 3.28319060e-04
2.02454646e-01 -3.25499319e-04 3.17270163e-04
2.02973355e-01 -5.12612908e-05 3.23946751e-04
2.03492061e-01 4.68861117e-04 3.31382362e-04
2.04010763e-01 -1.70652050e-04 3.28870698e-04
2.04529463e-01 2.78687371e-04 3.27616109e-04
2.05048159e-01 -1.11084195e-04 3.23578764e-04
2.05566852e-01 2.83992970e-04 3.29106478e-04
2.06085542e-01 -4.76054938e-05 3.18687755e-04
2.06604229e-01 5.49746152e-05 3.14969652e-04
2.07122913e-01 4.20577534e-04 3.24426081e-04
2.07641593e-01 4.18036610e-04 3.22386904e-04
2.08160270e-01 -5.51326915e-04 3.23890304e-04
2.08678944e-01 -3.40909887e-04 3.19695772e-04
2.09197615e-01 -2.76929228e-04 3.16990795e-04
2.09716283e-01 -7.31583758e-05 3.18607887e-04
2.10234947e-01 4.96984527e-04 3.20902223e-04
2.10753609e-01 1.02340407e-04 3.10667584e-04
2.11272267e-01 9.34937957e-05 3.06227230e-04
2.11790921e-01 -4.04423215e-04 3.11093663e-04
2.12309573e-01 -3.05784802e-04 3.21446270e-04
2.12828221e-01 -2.73340977e-04 3.09083100e-04
2.13346866e-01 2.97190618e-05 3.10897112e-04
2.13865508e-01 2.13079169e-04 3.13115179e-04
2.14384146e-01 4.67564849e-05 3.13581967e-04
2.14902781e-01 -8.16363375e-05 3.16264684e-04
2.15421413e-01 5.09864038e-04 3.14889857e-04
2.15940042e-01 1.06295960e-04 3.17572053e-04
2.16458667e-01 -6.43921116e-04 3.06420397e-04
2.16977289e-01 -3.62621314e-04 3.13139812e-04
2.17495907e-01 -3.03201377e-04 3.08156116e-04
2.18014523e-01 3.16788749e-04 3.16145308e-04
2.18533135e-01 -5.11382312e-04 3.06397307e-04
2.19051743e-01 -2.96650990e-04 3.06355537e-04
2.19570348e-01 5.22006218e-06 3.08030044e-04
2.20088950e-01 -8.93636200e-05 3.10257454e-04
2.20607549e-01 -3.56744594e-04 3.05862383e-04
2.21126144e-01 4.47415135e-04 3.11053426e-04
2.21644735e-01 2.03940000e-04 3.05284233e-04
2.22163324e-01 -1.92101807e-04 3.01304484e-04
2.22681909e-01 5.09613431e-04 3.04636171e-04
2.23200490e-01 5.80264448e-05 3.08392153e-04
2.23719068e-01 -6.52586521e-05 2.97606750e-04
2.24237643e-01 5.49185452e-05 3.06453574e-04
2.24756214e-01 2.73129769e-04 3.01412392e-04
2.25274781e-01 4.37917153e-04 3.04050211e-04
2.25793346e-01 -6.02078871e-04 2.98264043e-04
2.26311907e-01 -1.30762852e-05 2.96706924e-04
2.26830464e-01 -3.90923103e-04 3.04642680e-04
2.27349018e-01 -1.65056329e-04 2.96660229e-04
2.27867568e-01 3.79418440e-04 3.00216150e-04
2.28386115e-01 -5.97405865e-05 2.97949938e-04
2.28904658e-01 3.42367491e-04 2.96278752e-04
2.29423198e-01 3.02902078e-04 2.99413295e-04
2.29941734e-01 3.43798970e-04 2.98508759e-04
2.30460267e-01 -1.44148569e-04 2.95530817e-04
2.30978797e-01 7.22931892e-06 3.00730260e-04
2.31497322e-01 1.07672376e-04 2.97306466e-04
2.32015844e-01 -4.86959801e-04 2.98279111e-04
2.32534363e-01 1.88316676e-04 2.89292370e-04
2.33052878e-01 -9.90983687e-05 2.93408641e-04
2.33571390e-01 7.82581941e-05 2.89818649e-04
2.34089898e-01 -9.54905534e-05 2.95156541e-04
2.34608402e-01 1.44939040e-04 2.92837113e-04
2.35126903e-01 -3.00034586e-04 2.90179161e-04
2.35645400e-01 2.97364108e-04 2.89335059e-04
2.36163893e-01 3.73668065e-05 2.82684367e-04
2.36682383e-01 3.91866633e-04 2.87109996e-04
2.37200869e-01 6.56655796e-05 2.90370621e-04
2.37719352e-01 1.11541679e-04 2.86932034e-04
2.38237831e-01 -2.56443954e-04 2.94873288e-04
2.38756306e-01 3.10153146e-04 2.86223727e-04
2.39274778e-01 5.58636827e-04 2.87772264e-04
2.39793246e-01 1.88519926e-04 2.87469429e-04
2.40311710e-01 4.32590006e-04 2.90003878e-04
2.40830171e-01 -9.73938884e-05 2.92026179e-04
2.41348628e-01 2.90720189e-04 2.94046584e-04
2.41867081e-01 -2.49006698e-05 2.84182200e-04
2.42385531e-01 -8.54472616e-05 2.87666844e-04
2.42903976e-01 -1.29048481e-04 2.87737799e-04
2.43422418e-01 -2.62143517e-04 2.81774451e-04
2.43940857e-01 -8.08958509e-05 2.84425241e-04
2.44459291e-01 -3.98883651e-05 2.84025298e-04
2.44977722e-01 -2.92650322e-04 2.78515147e-04
2.45496149e-01 1.57933840e-04 2.82273029e-04
2.46014573e-01 -3.54533460e-04 2.73904202e-04
2.46532992e-01 1.72549876e-04 2.84093413e-04
2.47051408e-01 -2.71300485e-04 2.78365239e-04
2.47569820e-01 1.68961158e-04 2.78646397e-04
2.48088228e-01 2.00258809e-04 2.80320134e-04
2.48606633e-01 -3.23508019e-04 2.80147598e-04
2.49125033e-01 -4.19936239e-04 2.79047789e-04
2.49643430e-01 -6.99354965e-05 2.77255489e-04
2.50161823e-01 -4.35207013e-04 2.76711446e-04
2.50680212e-01 7.56306861e-06 2.79110462e-04
2.51198598e-01 -1.19874076e-04 2.77595974e-04
2.51716979e-01 -1.92235738e-04 2.72540867e-04
2.52235357e-01 5.22417478e-04 2.77455070e-04
2.52753730e-01 3.71345905e-04 2.78814476e-04
2.53272100e-01 2.26099469e-06 2.77767467e-04
2.53790466e-01 2.10743153e-04 2.76436781e-04
2.54308828e-01 -9.01217031e-05 2.76268325e-04
2.54827186e-01 3.06832381e-04 2.75463846e-04
2.55345541e-01 3.14027613e-04 2.71165872e-04
2.55863891e-01 -1.09974373e-05 2.74059220e-04
2.56382237e-01 -1.70824270e-04 2.75017614e-04
2.56900580e-01 -3.93057852e-04 2.74853240e-04
2.57418919e-01 1.71472036e-04 2.74392351e-04
2.57937253e-01 -2.68684451e-04 2.68511102e-04
2.58455584e-01 -1.61204674e-04 2.69189506e-04
2.58973911e-01 -1.27519151e-04 2.66262707e-04
2.59492233e-01 -1.25331885e-04 2.69078571e-04
2.60010552e-01 2.43672586e-04 2.64827952e-04
2.60528867e-01 2.96707120e-05 2.65583969e-04
2.61047178e-01 -4.82392735e-04 2.65558594e-04
2.61565484e-01 2.58962889e-05 2.70798719e-04
2.62083787e-01 -3.59819980e-05 2.70029602e-04
2.62602086e-01 4.31671064e-04 2.74742230e-04
2.63120381e-01 -2.03321110e-04 2.68704784e-04
2.63638671e-01 3.16804363e-04 2.70389855e-04
2.64156958e-01 -2.88233196e-04 2.73136134e-04
2.64675241e-01 -5.77199610e-05 2.72277549e-04
2.65193519e-01 -1.88014428e-04 2.70875146e-04
2.65711794e-01 -3.46580140e-05 2.65181993e-04
2.66230064e-01 2.50411189e-04 2.74756928e-04
2.66748330e-01 3.53804039e-04 2.77792440e-04
2.67266593e-01 1.27538766e-04 2.74684544e-04
2.67784851e-01 -2.15719930e-04 2.70310429e-04
2.68303105e-01 -1.38794169e-04 2.75727238e-04
2.68821355e-01 2.33696052e-04 2.72314026e-04
2.69339601e-01 -1.44824342e-04 2.76059751e-04
2.69857842e-01 1.93586254e-04 2.75440020e-04
2.70376080e-01 1.58639767e-04 2.75446259e-04
2.70894314e-01 4.61354947e-05 2.72022164e-04
2.71412543e-01 2.38669629e-04 2.74009888e-04
2.71930768e-01 -2.21813698e-04 2.72980197e-04
2.72448989e-01 1.12674844e-05 2.68149007e-04
2.72967206e-01 -1.51719766e-05 2.67807485e-04
2.73485418e-01 -4.75963819e-04 2.65651311e-04
2.74003627e-01 6.85243401e-05 2.67404979e-04
2.74521831e-01 -7.48511780e-05 2.62866038e-04
2.75040031e-01 -1.06721572e-04 2.63021585e-04
2.75558227e-01 6.10173182e-05 2.63665995e-04
2.76076418e-01 -4.87828430e-05 2.59592780e-04
2.76594606e-01 2.60212734e-04 2.66113849e-04
2.77112789e-01 2.26011923e-05 2.61169527e-04
2.77630968e-01 -9.33778834e-05 2.62117646e-04
2.78149142e-01 4.66931004e-05 2.61994403e-04
2.78667313e-01 4.39629637e-05 2.63553552e-04
2.79185479e-01 -1.51268429e-04 2.65927110e-04
2.79703640e-01 -2.62747305e-04 2.62193118e-04
2.80221798e-01 -5.75829269e-05 2.64834051e-04
2.80739951e-01 -2.34531065e-04 2.69500139e-04
2.81258100e-01 -1.05998842e-04 2.63060774e-04
2.81776245e-01 -1.26801727e-04 2.65167424e-04
2.82294385e-01 -2.39521604e-05 2.62337000e-04
2.82812521e-01 -1.81314221e-04 2.62030403e-04
2.83330653e-01 -2.09545935e-06 2.62244718e-04
2.83848780e-01 -6.19067238e-05 2.61092400e-04
2.84366903e-01 6.61354150e-05 2.63623372e-04
2.84885022e-01 -3.96427174e-04 2.68346013e-04
2.85403136e-01 -4.94281140e-05 2.69675596e-04
2.85921246e-01 4.14600867e-04 2.64330865e-04
2.86439351e-01 -2.20514366e-04 2.66713209e-04
2.86957452e-01 2.37324472e-04 2.66773538e-04
2.87475549e-01 -1.40882637e-04 2.59923416e-04
2.87993641e-01 -3.26736529e-04 2.61903914e-04
2.88511729e-01 -2.42187969e-04 2.58667767e-04
2.89029813e-01 -3.21841574e-04 2.50823774e-04
2.89547892e-01 2.47537947e-04 2.61430059e-04
2.90065967e-01 -5.38970952e-04 2.60598044e-04
2.90584037e-01 -1.54589636e-06 2.55182992e-04
2.91102103e-01 4.70586714e-04 2.59582246e-04
2.91620164e-01 2.07942181e-04 2.53782648e-04
2.92138221e-01 -5.20694828e-05 2.58161592e-04
2.92656273e-01 -1.86828332e-04 2.55929044e-04
2.93174321e-01 1.50028416e-04 2.58862693e-04
2.93692364e-01 -5.13643584e-07 2.56026790e-04
2.94210403e-01 9.72796144e-05 2.54401341e-04
2.94728437e-01 1.26685496e-04 2.53891427e-04
2.95246467e-01 -1.96749223e-04 2.52453285e-04
2.95764493e-01 1.87254595e-04 2.52040215e-04
2.96282514e-01 -6.52087232e-05 2.47911404e-04
2.96800530e-01 -6.04125844e-05 2.49936586e-04
2.97318542e-01 -7.99613019e-05 2.49165650e-04
2.97836549e-01 2.72104154e-04 2.54740495e-04
2.98354551e-01 -4.03103746e-05 2.46343319e-04
2.98872549e-01 -1.14049109e-04 2.52036080e-04
2.99390543e-01 -2.90598563e-04 2.49479283e-04
2.99908532e-01 3.25212663e-04 2.47710816e-04
3.00426516e-01 2.54660799e-04 2.50172115e-04
3.00944496e-01 -1.65667810e-04 2.46724701e-04
3.01462471e-01 -3.66422456e-04 2.44748813e-04
3.01980441e-01 -4.60893617e-04 2.41688755e-04
3.02498407e-01 -4.55602726e-04 2.51316311e-04
3.03016368e-01 -7.92238719e-05 2.49391208e-04
3.03534325e-01 -1.74498912e-04 2.45060009e-04
3.04052277e-01 -2.52070508e-04 2.41090041e-04
3.04570224e-01 -2.11378610e-04 2.48581150e-04
3.05088167e-01 3.56185224e-04 2.46453306e-04
3.05606105e-01 -1.35715738e-04 2.42824974e-04
3.06124038e-01 9.42006058e-05 2.44537622e-04
3.06641967e-01 1.99717380e-04 2.45084003e-04
3.07159891e-01 6.99225470e-05 2.45536127e-04
3.07677810e-01 1.54531233e-05 2.42761239e-04
3.08195724e-01 1.44577144e-05 2.43323318e-04
3.08713634e-01 3.05402208e-04 2.40920979e-04
3.09231539e-01 -1.38046860e-04 2.40407368e-04
3.09749440e-01 7.20073476e-05 2.41007122e-04
3.10267335e-01 -1.52896916e-04 2.37085323e-04
3.10785226e-01 6.18483071e-05 2.40978996e-04
3.11303112e-01 7.48718277e-05 2.39507168e-04
3.11820993e-01 -3.87395284e-04 2.38576304e-04
3.12338870e-01 -2.84024435e-04 2.35118777e-04
3.12856742e-01 1.88953797e-04 2.41289192e-04
3.13374609e-01 4.03391991e-04 2.46546880e-04
3.13892471e-01 -3.50396956e-04 2.35712788e-04
3.14410328e-01 2.33623393e-04 2.40852745e-04
3.14928181e-01 2.41851115e-04 2.36425148e-04
3.15446029e-01 2.56869303e-05 2.36974328e-04
3.15963871e-01 -6.87751878e-05 2.38798776e-04
3.16481710e-01 5.97568043e-05 2.35993331e-04
3.16999543e-01 -3.89544512e-04 2.37628661e-04
3.17517371e-01 1.95087216e-04 2.33434960e-04
3.18035195e-01 -3.82600156e-04 2.32553703e-04
3.18553013e-01 -2.74145152e-04 2.31576963e-04
3.19070827e-01 9.55541921e-05 2.31852984e-04
3.19588636e-01 -5.48467307e-05 2.32699575e-04
3.20106440e-01 -5.97910972e-05 2.31724911e-04
3.20624239e-01 9.80561037e-05 2.36000455e-04
3.21142033e-01 -3.73455794e-05 2.32890577e-04
3.21659823e-01 1.35329698e-04 2.35098579e-04
3.22177607e-01 2.78418906e-04 2.36373797e-04
3.22695387e-01 -6.74454726e-05 2.30050526e-04
3.23213161e-01 -3.17845761e-04 2.34239659e-04
3.23730931e-01 -1.54094114e-04 2.33597876e-04
3.24248695e-01 -2.34317007e-04 2.33961142e-04
3.24766455e-01 7.23961666e-05 2.32518653e-04
3.25284210e-01 8.23515950e-05 2.28008995e-04
3.25801959e-01 -2.45025519e-04 2.28208745e-04
3.26319704e-01 9.37257643e-06 2.30766741e-04
3.26837444e-01 1.81467372e-04 2.33530941e-04
3.27355179e-01 -4.17669358e-04 2.29004237e-04
3.27872908e-01 7.66550589e-05 2.28752985e-04
3.28390633e-01 8.61564718e-05 2.27906582e-04
3.28908353e-01 8.41906602e-05 2.27135926e-04
3.29426067e-01 -4.63434472e-04 2.28373927e-04
3.29943777e-01 1.95845523e-04 2.33123592e-04
3.30461482e-01 1.38595392e-04 2.27652638e-04
3.30979181e-01 -5.90840174e-04 2.27251604e-04
3.31496876e-01 1.68854189e-04 2.25066823e-04
3.32014565e-01 -5.93861489e-05 2.27522263e-04
3.32532249e-01 -3.80011657e-04 2.23233842e-04
3.33049928e-01 -3.21231299e-04 2.29866931e-04
3.33567603e-01 1.99385976e-04 2.23029894e-04
3.34085272e-01 9.63685115e-05 2.25573647e-04
3.34602936e-01 -2.13564369e-04 2.24428820e-04
3.35120594e-01 -1.99564213e-04 2.24049840e-04
3.35638248e-01 1.85600105e-06 2.24405605e-04
3.36155897e-01 -4.18747862e-04 2.23721868e-04
3.36673540e-01 -4.12824414e-04 2.25804023e-04
3.37191178e-01 4.21018533e-04 2.26423579e-04
3.37708811e-01 1.81526688e-04 2.26090886e-04
3.38226439e-01 -1.07784026e-04 2.21480363e-04
3.38744062e-01 5.87675800e-04 2.25023242e-04
3.39261680e-01 -6.94917220e-06 2.24609137e-04
3.39779292e-01 -1.11674461e-04 2.22257979e-04
3.40296899e-01 -7.55715709e-05 2.21003068e-04
3.40814501e-01 -1.18071346e-04 2.21294281e-04
3.41332098e-01 2.79145018e-05 2.19745884e-04
3.41849690e-01 -6.16815753e-05 2.26937074e-04
3.42367276e-01 -1.68084458e-04 2.20192821e-04
3.42884857e-01 -3.59015208e-04 2.17103452e-04
3.43402433e-01 -3.40790856e-04 2.16150171e-04
3.43920004e-01 1.76977040e-04 2.19860385e-04
3.44437569e-01 4.26827973e-04 2.21263870e-04
3.44955129e-01 -2.46319549e-05 2.17254035e-04
3.45472684e-01 -2.11799346e-04 2.17380692e-04
3.45990233e-01 4.71236840e-05 2.16120016e-04
3.46507778e-01 -3.87636494e-04 2.16151080e-04
3.47025317e-01 1.55339126e-04 2.19597542e-04
3.47542850e-01 -4.48494217e-05 2.16006166e-04
3.48060379e-01 5.89596864e-05 2.17144545e-04
3.48577902e-01 -3.40056276e-05 2.19196495e-04
3.49095419e-01 -2.71767088e-06 2.17021623e-04
3.49612932e-01 1.26077860e-05 2.19622821e-04
3.50130439e-01 1.14421683e-04 2.16981968e-04
3.50647940e-01 5.75475041e-05 2.20242840e-04
3.51165437e-01 8.05396546e-05 2.17601309e-04
3.51682928e-01 1.27491569e-04 2.17131390e-04
3.52200413e-01 -5.72754736e-05 2.16220063e-04
3.52717893e-01 -8.96335220e-05 2.14323056e-04
3.53235368e-01 2.31133378e-04 2.20673346e-04
3.53752837e-01 6.77438635e-05 2.17974112e-04
3.54270301e-01 -1.61601389e-04 2.19763736e-04
3.54787760e-01 -2.80040213e-05 2.17405822e-04
3.55305213e-01 1.07973590e-04 2.15943743e-04
3.55822661e-01 -1.59019998e-04 2.14962083e-04
3.56340103e-01 7.19491069e-05 2.11939464e-04
3.56857540e-01 7.57896264e-05 2.13829070e-04
3.57374971e-01 -1.23967495e-04 2.13682670e-04
3.57892397e-01 4.99256643e-05 2.14046823e-04
3.58409818e-01 -9.54005885e-05 2.13850455e-04
3.58927232e-01 -1.55355468e-04 2.11591421e-04
3.59444642e-01 -2.58697892e-04 2.09514693e-04
3.59962046e-01 1.78749961e-04 2.13668851e-04
3.60479444e-01 1.31442047e-04 2.10576964e-04
3.60996837e-01 1.80969427e-05 2.09827807e-04
3.61514225e-01 2.30748275e-05 2.11153571e-04
3.62031607e-01 5.15013353e-05 2.12894778e-04
3.62548983e-01 -4.95567883e-05 2.10955603e-04
3.63066354e-01 -3.31118401e-05 2.11298407e-04
3.63583719e-01 -1.32594329e-04 2.10062769e-04
3.64101079e-01 1.22683316e-04 2.12012817e-04
3.64618433e-01 4.89693801e-05 2.11294506e-04
3.65135782e-01 -5.25714357e-05 2.12869044e-04
3.65653125e-01 2.68763450e-05 2.10407197e-04
3.66170462e-01 -1.02773196e-04 2.10520111e-04
3.66687794e-01 1.94244429e-04 2.10122773e-04
3.67205121e-01 -9.01046472e-06 2.08274537e-04
3.67722441e-01 -2.46981526e-04 2.06030383e-04
3.68239756e-01 -3.76387850e-05 2.06958245e-04
3.68757066e-01 -5.24097191e-05 2.06526895e-04
3.69274369e-01 7.82252544e-05 2.05597196e-04
3.69791668e-01 1.24946821e-04 2.07923107e-04
3.70308960e-01 -2.12403181e-05 2.07609195e-04
3.70826247e-01 -2.14129446e-04 2.05887622e-04
3.71343528e-01 -7.95583750e-05 2.10381715e-04
3.71860803e-01 3.47263269e-04 2.09414247e-04
3.72378073e-01 -5.93642420e-05 2.11169772e-04
3.72895337e-01 -4.25355328e-04 2.10261787e-04
3.73412596e-01 1.91987674e-04 2.13765765e-04
3.73929849e-01 9.57389727e-05 2.13416087e-04
3.74447096e-01 2.68853319e-04 2.11279226e-04
3.74964337e-01 3.29706117e-05 2.13278782e-04
3.75481572e-01 -2.46885054e-04 2.13213682e-04
3.75998802e-01 7.72331159e-05 2.12971697e-04
3.76516026e-01 -1.32301082e-04 2.17993813e-04
3.77033245e-01 -1.11193869e-04 2.20406240e-04
3.77550457e-01 -3.42853127e-04 2.12692267e-04
3.78067664e-01 -3.29649958e-04 2.14178486e-04
3.78584865e-01 1.17954951e-06 2.20947230e-04
3.79102060e-01 1.17928775e-04 2.19937725e-04
3.79619250e-01 -1.24514722e-04 2.21996512e-04
3.80136433e-01 -4.67923786e-05 2.19060968e-04
3.80653611e-01 8.87629727e-05 2.20461611e-04
3.81170783e-01 -1.31099437e-04 2.15926888e-04
3.81687950e-01 -5.16696501e-05 2.13060185e-04
3.82205110e-01 2.73257742e-04 2.15991034e-04
3.82722265e-01 5.03021188e-05 2.10927341e-04
3.83239413e-01 9.59832380e-06 2.17197695e-04
3.83756556e-01 7.80273812e-05 2.17011277e-04
3.84273693e-01 1.15763598e-04 2.13240745e-04
3.84790824e-01 8.17134506e-06 2.12447470e-04
3.85307950e-01 -5.75382560e-05 2.16130394e-04
3.85825069e-01 -9.17325491e-05 2.12014722e-04
3.86342183e-01 1.68131632e-04 2.12658651e-04
3.86859290e-01 -2.17515980e-04 2.13946611e-04
3.87376392e-01 2.28846554e-04 2.17201126e-04
3.87893488e-01 2.72238557e-04 2.14641704e-04
3.88410577e-01 -1.11077455e-05 2.15309329e-04
3.88927661e-01 1.16450804e-05 2.14043849e-04
3.89444739e-01 2.22552959e-04 2.17601588e-04
3.89961811e-01 7.90539477e-05 2.12928121e-04
3.90478878e-01 3.05593135e-04 2.18812224e-04
3.90995938e-01 -1.07531790e-04 2.17801396e-04
3.91512992e-01 8.84803526e-05 2.16697245e-04
3.92030040e-01 -2.53562694e-04 2.14925775e-04
3.92547082e-01 -1.93017814e-04 2.17074123e-04
3.93064118e-01 -2.45265947e-04 2.13989185e-04
3.93581149e-01 -1.85177648e-05 2.19586473e-04
3.94098173e-01 1.44925556e-04 2.17879277e-04
3.94615191e-01 2.20916509e-04 2.22494119e-04
3.95132203e-01 -1.82810708e-05 2.23266787e-04
3.95649209e-01 2.83014264e-04 2.22164776e-04
3.96166209e-01 8.01355426e-05 2.24497959e-04
3.96683203e-01 -1.31022373e-04 2.22233988e-04
3.97200191e-01 1.98338174e-04 2.23103703e-04
3.97717173e-01 1.35061558e-05 2.24614363e-04
3.98234149e-01 -4.16556236e-05 2.28863133e-04
3.98751119e-01 -1.16300410e-04 2.26845572e-04
3.99268083e-01 -3.58210588e-05 2.28689519e-04
3.99785040e-01 -1.62425248e-04 2.26805229e-04
4.00301992e-01 3.95423881e-04 2.29719105e-04
4.00818937e-01 4.23802085e-05 2.29435514e-04
4.01335876e-01 2.90223339e-04 2.30100624e-04
4.01852810e-01 -2.57728288e-04 2.32836158e-04
4.02369737e-01 3.44416240e-04 2.58557703e-04
4.02886658e-01 -4.53898316e-04 2.72225617e-04
4.03403572e-01 4.00816093e-04 2.93301075e-04
4.03920481e-01 -1.37752121e-04 3.07903148e-04
4.04437383e-01 -1.60604623e-05 3.18763293e-04
4.04954280e-01 -2.92158533e-04 3.22642707e-04
4.05471170e-01 3.61620864e-05 3.54433516e-04
4.05988054e-01 1.76240998e-04 4.10452031e-04
4.06504931e-01 -7.42426804e-04 4.50239257e-04
4.07021803e-01 3.90249967e-04 5.37248732e-04
4.07538668e-01 -4.50203017e-03 2.48833802e-03
