7.27043000e-03 -7.95865608e-03 1.43013480e-02
7.78974585e-03 2.12338909e-03 1.09150994e-02
8.30906158e-03 -6.61179211e-03 8.09836859e-03
8.82837719e-03 2.01749266e-03 5.26102671e-03
9.34769265e-03 2.93339681e-03 3.73242801e-03
9.86700798e-03 5.31769479e-04 3.22418420e-03
1.03863231e-02 -1.58161533e-03 2.41499031e-03
1.09056382e-02 1.41557536e-03 2.00026616e-03
1.14249530e-02 2.04489168e-03 1.97194017e-03
1.19442677e-02 -5.87892847e-04 1.74549208e-03
1.24635822e-02 2.03667347e-04 1.66465669e-03
1.29828965e-02 1.71498543e-03 1.54744758e-03
1.35022105e-02 4.21206514e-04 1.51379095e-03
1.40215244e-02 1.06095526e-03 1.39341885e-03
1.45408381e-02 2.35673729e-03 1.39319190e-03
1.50601516e-02 1.75052518e-03 1.19790129e-03
1.55794648e-02 -1.10429391e-03 1.25375951e-03
1.60987777e-02 1.12085796e-03 1.24281589e-03
1.66180905e-02 1.11878146e-03 1.30188185e-03
1.71374029e-02 -1.47614820e-03 1.28680126e-03
1.76567152e-02 2.46641791e-03 1.21667678e-03
1.81760271e-02 3.63022528e-03 1.32443402e-03
1.86953388e-02 -7.01338625e-04 1.25448220e-03
1.92146501e-02 2.94487310e-04 1.15236199e-03
1.97339612e-02 5.66587627e-04 1.01602716e-03
2.02532720e-02 9.15651290e-04 1.08231482e-03
2.07725824e-02 2.30360142e-03 1.11901121e-03
2.12918926e-02 3.10457721e-03 1.12308266e-03
2.18112024e-02 2.18357316e-03 1.09791720e-03
2.23305119e-02 1.16240060e-03 1.21137457e-03
2.28498210e-02 6.10168427e-04 1.09864285e-03
2.33691298e-02 1.25795451e-03 1.04772591e-03
2.38884382e-02 8.24138770e-04 1.01286593e-03
2.44077463e-02 1.39770702e-03 1.01081862e-03
2.49270540e-02 1.23934068e-05 9.42774310e-04
2.54463613e-02 2.21832022e-03 9.71894518e-04
2.59656682e-02 5.77471590e-04 9.37545660e-04
2.64849747e-02 1.59389987e-03 9.58000684e-04
2.70042808e-02 9.10369580e-04 9.21140549e-04
2.75235865e-02 1.46318686e-03 9.93058631e-04
2.80428918e-02 8.82562846e-04 9.78739506e-04
2.85621966e-02 1.27367999e-03 9.11167481e-04
2.90815010e-02 4.33412762e-04 9.27387604e-04
2.96008049e-02 1.68420726e-03 9.40876948e-04
3.01201084e-02 1.19025782e-03 9.75910553e-04
3.06394115e-02 1.20309148e-03 8.85278547e-04
3.11587140e-02 1.20686576e-03 9.11149019e-04
3.16780161e-02 9.86920878e-04 9.07843266e-04
3.21973177e-02 1.30286124e-03 8.95891626e-04
3.27166188e-02 1.11537723e-03 8.89866752e-04
3.32359194e-02 3.54802766e-04 9.01838542e-04
3.37552195e-02 9.07286735e-04 8.56611880e-04
3.42745190e-02 1.19889418e-03 8.88944028e-04
3.47938181e-02 8.82124030e-04 8.74485596e-04
3.53131166e-02 1.73830548e-03 8.57378720e-04
3.58324146e-02 1.17282720e-03 8.72172365e-04
3.63517120e-02 -1.25056795e-03 7.73921555e-04
3.68710088e-02 1.76313544e-05 8.09728718e-04
3.73903051e-02 5.48695491e-04 8.00770935e-04
3.79096008e-02 9.47950160e-04 8.18232877e-04
3.84288959e-02 1.63530447e-03 8.32743493e-04
3.89481905e-02 1.06934650e-03 8.07324213e-04
3.94674844e-02 -1.48522402e-04 7.62478557e-04
3.99867778e-02 2.99870805e-04 7.52177125e-04
4.05060705e-02 6.32314053e-04 8.40336934e-04
4.10253626e-02 1.09294162e-05 8.01922784e-04
4.15446540e-02 9.27346375e-04 7.52530885e-04
4.20639449e-02 1.52398608e-04 7.27203137e-04
4.25832350e-02 6.46043352e-04 7.82765463e-04
4.31025246e-02 2.90664477e-05 7.87423371e-04
4.36218134e-02 7.61917931e-04 7.86525245e-04
4.41411016e-02 -5.20188225e-04 7.76932469e-04
4.46603891e-02 1.80281892e-03 7.65934635e-04
4.51796760e-02 1.29471412e-04 7.60956456e-04
4.56989621e-02 1.16478666e-03 7.65353444e-04
4.62182475e-02 -3.22287289e-05 7.52877740e-04
4.67375323e-02 9.56196364e-04 7.95551257e-04
4.72568163e-02 5.34180138e-04 7.71055617e-04
4.77760995e-02 2.14096136e-04 7.85750896e-04
4.82953821e-02 -1.26866785e-03 7.75250321e-04
4.88146639e-02 4.15127917e-05 7.74203167e-04
4.93339449e-02 1.63183564e-04 7.63963276e-04
4.98532252e-02 9.85988490e-04 7.32485086e-04
5.03725048e-02 5.29930820e-04 7.44982457e-04
5.08917835e-02 -5.71488878e-05 6.95355724e-04
5.14110615e-02 -8.40247758e-04 7.24812130e-04
5.19303387e-02 6.59565613e-04 7.32452586e-04
5.24496150e-02 1.52830197e-04 7.28723842e-04
5.29688906e-02 1.10769396e-04 7.44989284e-04
5.34881654e-02 1.99236855e-05 7.17265339e-04
5.40074393e-02 -4.87336336e-04 7.04146903e-04
5.45267124e-02 -6.34111960e-05 7.02428947e-04
5.50459847e-02 6.61682898e-04 7.07252329e-04
5.55652561e-02 1.85109417e-04 6.94983247e-04
5.60845267e-02 9.28443162e-04 7.41899344e-04
5.66037964e-02 9.27762744e-04 6.90220464e-04
5.71230652e-02 5.48905155e-04 6.77028940e-04
5.76423332e-02 1.40981149e-03 6.84875873e-04
5.81616003e-02 7.35034339e-04 6.83839183e-04
5.86808665e-02 -1.65709687e-04 6.78322093e-04
5.92001317e-02 8.37052189e-04 7.02844049e-04
5.97193961e-02 -1.29478415e-03 6.74809128e-04
6.02386596e-02 -9.35607393e-05 6.99261912e-04
6.07579221e-02 -2.47237271e-04 6.97676195e-04
6.12771837e-02 4.72926887e-04 6.94488099e-04
6.17964443e-02 6.15933667e-04 7.03119633e-04
6.23157040e-02 6.92572951e-04 6.89585535e-04
6.28349628e-02 1.30709319e-04 6.95124305e-04
6.33542206e-02 -5.99710426e-05 6.75203375e-04
6.38734774e-02 3.28686953e-04 6.74680231e-04
6.43927332e-02 7.76979619e-05 7.04680961e-04
6.49119880e-02 4.56749938e-04 7.20347133e-04
6.54312419e-02 4.03823433e-04 7.05185292e-04
6.59504947e-02 -1.20429895e-03 6.67019350e-04
6.64697465e-02 5.00792124e-05 7.18843599e-04
6.69889973e-02 9.58301372e-04 7.17136712e-04
6.75082471e-02 5.75424330e-04 6.77607508e-04
6.80274958e-02 4.79987515e-04 6.81204147e-04
6.85467435e-02 1.63524221e-04 6.46969394e-04
6.90659901e-02 9.59815947e-04 6.67686324e-04
6.95852357e-02 3.61086743e-05 6.55682352e-04
7.01044802e-02 6.70849742e-04 6.26896151e-04
7.06237236e-02 1.13522260e-04 6.21855976e-04
7.11429659e-02 9.48732838e-04 6.16656435e-04
7.16622072e-02 -7.33370228e-05 6.28609639e-04
7.21814473e-02 -9.30966396e-04 5.92820013e-04
7.27006863e-02 -3.26346920e-04 6.27441131e-04
7.32199243e-02 6.61692020e-04 6.32640654e-04
7.37391611e-02 -4.68449893e-05 6.04955825e-04
7.42583967e-02 -5.85016799e-05 6.17052541e-04
7.47776312e-02 -1.68248713e-06 5.91309536e-04
7.52968646e-02 4.44840119e-04 5.90271150e-04
7.58160968e-02 1.28062595e-03 5.76551148e-04
7.63353279e-02 6.96890327e-04 5.99178505e-04
7.68545577e-02 3.81805052e-04 5.81200775e-04
7.73737864e-02 7.64300399e-04 5.77569850e-04
7.78930139e-02 -5.79143882e-05 5.78161475e-04
7.84122402e-02 6.31928814e-04 5.89506420e-04
7.89314653e-02 1.35788109e-04 5.83524859e-04
7.94506892e-02 -9.07463115e-04 5.94535119e-04
7.99699119e-02 -1.45889578e-04 5.73371377e-04
8.04891333e-02 1.23200749e-04 5.91308484e-04
8.10083535e-02 1.96111429e-04 5.73814079e-04
8.15275725e-02 6.34447857e-04 5.79528284e-04
8.20467902e-02 3.69718921e-04 5.87155285e-04
8.25660066e-02 7.10691933e-04 5.84433566e-04
8.30852218e-02 1.07746433e-04 5.54691132e-04
8.36044357e-02 5.08519615e-04 5.72622124e-04
8.41236483e-02 -4.20563471e-04 5.61044211e-04
8.46428596e-02 -4.30602640e-04 5.54614537e-04
8.51620696e-02 -3.65171147e-04 5.29166697e-04
8.56812784e-02 3.31189941e-05 5.41220737e-04
8.62004858e-02 4.20064849e-04 5.53782063e-04
8.67196918e-02 -1.47592871e-04 5.37644574e-04
8.72388966e-02 2.36613167e-04 5.56867249e-04
8.77581000e-02 5.01156185e-04 5.48187434e-04
8.82773020e-02 -2.36929101e-04 5.21523791e-04
8.87965027e-02 7.66743138e-05 5.17036520e-04
8.93157020e-02 7.00454939e-04 5.46632897e-04
8.98349000e-02 -2.49570762e-04 5.20707393e-04
9.03540966e-02 1.22977202e-03 5.19107302e-04
9.08732917e-02 9.44480303e-05 5.32188723e-04
9.13924855e-02 8.94935083e-04 5.44191695e-04
9.19116779e-02 -5.80632965e-04 5.28843625e-04
9.24308689e-02 1.97012085e-05 5.21601060e-04
9.29500585e-02 4.12260682e-04 5.36506673e-04
9.34692466e-02 -7.04289046e-04 5.09018611e-04
9.39884333e-02 8.38594473e-05 5.09212098e-04
9.45076185e-02 -6.43271407e-04 5.07545473e-04
9.50268023e-02 1.03695144e-04 5.21692473e-04
9.55459846e-02 -8.87068218e-05 5.32759686e-04
9.60651655e-02 2.91440881e-04 5.14075573e-04
9.65843449e-02 5.60585639e-04 5.23442630e-04
9.71035228e-02 2.14357847e-04 5.08109961e-04
9.76226992e-02 -2.84628930e-04 5.10899273e-04
9.81418741e-02 2.68018403e-04 4.96396361e-04
9.86610475e-02 7.65575723e-05 4.86385735e-04
9.91802194e-02 -7.30588330e-05 5.17333447e-04
9.96993898e-02 4.78788495e-04 4.92962140e-04
1.00218559e-01 2.11149168e-04 5.01009703e-04
1.00737726e-01 -3.58812395e-04 5.00199235e-04
1.01256892e-01 9.10640723e-04 5.01637972e-04
1.01776056e-01 8.56457366e-04 4.90903680e-04
1.02295218e-01 -1.64732671e-04 4.89266659e-04
1.02814380e-01 2.45612173e-05 4.84703283e-04
1.03333539e-01 7.96014042e-04 4.95012750e-04
1.03852697e-01 -5.65355927e-04 4.91427305e-04
1.04371853e-01 1.58754474e-05 4.85577847e-04
1.04891008e-01 7.05438929e-04 4.86579646e-04
1.05410161e-01 7.19499506e-04 5.07553325e-04
1.05929312e-01 3.18305955e-04 4.91284704e-04
1.06448462e-01 3.39935578e-04 4.87738898e-04
1.06967610e-01 -2.32150206e-04 4.89160844e-04
1.07486757e-01 -6.17806516e-04 4.72232424e-04
1.08005902e-01 -2.23449573e-04 4.75570476e-04
1.08525045e-01 9.75803538e-05 4.81540529e-04
1.09044187e-01 -9.21899203e-04 4.70674119e-04
1.09563327e-01 -4.83375825e-04 4.79953097e-04
1.10082465e-01 4.14952563e-04 4.45219757e-04
1.10601601e-01 2.19129128e-04 4.57510206e-04
1.11120736e-01 1.95215551e-04 4.78151815e-04
1.11639869e-01 -1.79171629e-04 4.59100235e-04
1.12159001e-01 3.51677612e-04 4.72636215e-04
1.12678130e-01 -6.14208854e-05 4.77230698e-04
1.13197258e-01 -4.53006180e-04 4.66824674e-04
1.13716385e-01 -1.96340239e-04 4.61094534e-04
1.14235509e-01 3.06308172e-05 4.76822875e-04
1.14754632e-01 -6.78800508e-05 4.66559862e-04
1.15273753e-01 6.37380655e-04 4.80421783e-04
1.15792872e-01 -1.06683654e-04 4.73306794e-04
1.16311989e-01 -1.05507602e-04 4.71940986e-04
1.16831105e-01 5.15911812e-04 4.83592576e-04
1.17350219e-01 5.71576214e-04 4.71028637e-04
1.17869331e-01 4.49126175e-04 4.74831308e-04
1.18388441e-01 4.51487627e-06 4.58996403e-04
1.18907549e-01 -5.13679012e-04 4.51900442e-04
1.19426656e-01 -1.11662971e-04 4.76708331e-04
1.19945761e-01 3.40649719e-04 4.70649166e-04
1.20464864e-01 3.30952699e-04 4.67632553e-04
1.20983965e-01 2.29841210e-04 4.61485801e-04
1.21503064e-01 4.19815690e-04 4.70311159e-04
1.22022161e-01 4.63777374e-04 4.50402750e-04
1.22541256e-01 -1.58105287e-04 4.47953547e-04
1.23060350e-01 3.62921977e-06 4.41343699e-04
1.23579442e-01 4.82015654e-04 4.44743729e-04
1.24098531e-01 4.68699364e-04 4.31265799e-04
1.24617619e-01 7.47950267e-05 4.54230809e-04
1.25136705e-01 -3.00360697e-04 4.40554687e-04
1.25655789e-01 1.58831462e-04 4.45616977e-04
1.26174871e-01 9.18279433e-04 4.31622897e-04
1.26693952e-01 2.83416555e-04 4.40258492e-04
1.27213030e-01 -3.89156001e-04 4.38910374e-04
1.27732106e-01 -5.37443291e-04 4.32070417e-04
1.28251180e-01 -2.01712506e-04 4.27670095e-04
1.28770253e-01 -7.00866308e-05 4.38463357e-04
1.29289323e-01 -7.39115379e-05 4.52901203e-04
1.29808391e-01 9.34662506e-04 4.34177713e-04
1.30327458e-01 9.78668160e-04 4.47707822e-04
1.30846522e-01 3.12017039e-04 4.39850372e-04
1.31365584e-01 -7.35269098e-05 4.32262609e-04
1.31884645e-01 -1.56261054e-05 4.33635948e-04
1.32403703e-01 1.52033528e-05 4.26544852e-04
1.32922759e-01 -7.58834504e-05 4.34876808e-04
1.33441814e-01 -2.21742834e-04 4.26816435e-04
1.33960866e-01 1.88546234e-04 4.29862492e-04
1.34479916e-01 8.45728065e-05 4.34012513e-04
1.34998964e-01 7.75248585e-05 4.13254747e-04
1.35518010e-01 1.62168098e-04 4.24373968e-04
1.36037054e-01 1.21343635e-04 4.14573973e-04
1.36556096e-01 1.71211150e-04 4.18503509e-04
1.37075135e-01 4.79039085e-04 4.20540231e-04
1.37594173e-01 3.49823333e-04 4.22208167e-04
1.38113208e-01 -4.81132338e-05 4.08144578e-04
1.38632242e-01 8.78319725e-04 4.22088842e-04
1.39151273e-01 -3.63986205e-04 4.08672014e-04
1.39670302e-01 -1.75751872e-04 4.08909264e-04
1.40189329e-01 1.82274337e-04 4.21464761e-04
1.40708354e-01 -6.39424899e-04 4.14021047e-04
1.41227377e-01 3.52890149e-04 4.16056417e-04
1.41746397e-01 4.18939139e-04 4.35498865e-04
1.42265415e-01 -1.56873551e-04 4.26798080e-04
1.42784432e-01 -5.37871094e-04 4.13595325e-04
1.43303446e-01 7.98826745e-04 4.24559019e-04
1.43822457e-01 6.22311113e-04 4.15498315e-04
1.44341467e-01 -1.44315579e-04 4.17644631e-04
1.44860474e-01 7.58864659e-06 4.20911524e-04
1.45379479e-01 2.47874696e-05 4.13081182e-04
1.45898482e-01 4.42092441e-05 4.02410609e-04
1.46417483e-01 4.01903733e-04 4.12213164e-04
1.46936481e-01 -1.85433202e-04 4.01747442e-04
1.47455477e-01 1.32625359e-04 4.10641468e-04
1.47974471e-01 1.35250476e-04 4.13208458e-04
1.48493463e-01 1.64292701e-04 4.08165938e-04
1.49012452e-01 -2.89153253e-04 3.92706701e-04
1.49531439e-01 2.20250828e-04 3.96311033e-04
1.50050424e-01 1.62155568e-04 3.89899573e-04
1.50569406e-01 1.92125306e-04 3.94108790e-04
1.51088386e-01 -3.69557031e-04 3.92061516e-04
1.51607364e-01 7.88167468e-05 3.85882917e-04
1.52126339e-01 4.97004492e-04 3.97497128e-04
1.52645312e-01 2.12663204e-04 3.97183881e-04
1.53164283e-01 -4.25814852e-04 3.98995293e-04
1.53683251e-01 2.49745229e-04 3.84725235e-04
1.54202218e-01 -4.86710481e-05 4.04251342e-04
1.54721181e-01 1.73460572e-04 3.97690047e-04
1.55240143e-01 -9.31736822e-05 4.08853065e-04
1.55759101e-01 1.74433009e-04 4.05892045e-04
1.56278058e-01 -6.76264057e-06 3.91894560e-04
1.56797012e-01 8.57878645e-04 4.18366429e-04
1.57315964e-01 -3.13887818e-05 4.05478514e-04
1.57834913e-01 7.86065796e-04 4.06944760e-04
1.58353860e-01 5.47091514e-04 4.01341137e-04
1.58872805e-01 2.79248091e-04 3.99997870e-04
1.59391747e-01 -2.15276465e-04 3.94689883e-04
1.59910686e-01 1.34505274e-04 4.06758634e-04
1.60429623e-01 -3.79178926e-04 3.98682208e-04
1.60948558e-01 4.92828236e-04 4.09641709e-04
1.61467490e-01 4.79284059e-04 4.02145249e-04
1.61986420e-01 -8.92145065e-05 3.95603715e-04
1.62505347e-01 5.24366561e-04 3.89416849e-04
1.63024272e-01 9.22672935e-04 3.90676689e-04
1.63543194e-01 7.01009738e-05 3.87313255e-04
1.64062114e-01 2.50504549e-04 3.90709530e-04
1.64581031e-01 8.02455216e-04 3.91039523e-04
1.65099945e-01 -2.01636891e-04 3.87890703e-04
1.65618858e-01 1.40588046e-04 3.91739235e-04
1.66137767e-01 2.68983665e-04 3.83515683e-04
1.66656674e-01 5.04167018e-04 3.85299124e-04
1.67175579e-01 -1.28683143e-05 3.73280506e-04
1.67694481e-01 5.60365398e-04 3.84231462e-04
1.68213380e-01 -3.24519057e-04 3.74772328e-04
1.68732277e-01 3.95740078e-04 3.73795153e-04
1.69251171e-01 -6.99361006e-04 3.78033839e-04
1.69770062e-01 -1.00741360e-04 3.81798007e-04
1.70288951e-01 2.00837950e-04 3.79154781e-04
1.70807838e-01 4.19407195e-04 3.81804486e-04
1.71326721e-01 -9.13329652e-04 3.86551156e-04
1.71845603e-01 -1.59190774e-05 3.87029032e-04
1.72364481e-01 -1.15325250e-04 3.84417359e-04
1.72883357e-01 6.75308012e-04 3.81662318e-04
1.73402230e-01 -1.62527391e-04 3.75358164e-04
1.73921100e-01 -4.66483846e-05 3.74927566e-04
1.74439968e-01 2.63337275e-04 3.80732372e-04
1.74958833e-01 2.91143540e-05 3.75338000e-04
1.75477696e-01 -5.36757129e-04 3.87064357e-04
1.75996556e-01 -2.25570758e-04 3.87921797e-04
1.76515413e-01 -2.76156289e-04 3.78624263e-04
1.77034267e-01 2.25233662e-04 3.80867918e-04
1.77553119e-01 -3.69000306e-04 3.73484737e-04
1.78071968e-01 -1.94236685e-04 3.76268061e-04
1.78590814e-01 5.46813572e-04 3.68183389e-04
1.79109657e-01 4.52517669e-04 3.79566763e-04
1.79628498e-01 -5.75914654e-05 3.73180442e-04
1.80147336e-01 -5.90819801e-04 3.68355538e-04
1.80666171e-01 9.82409617e-05 3.71520753e-04
1.81185003e-01 -3.38574685e-04 3.53827111e-04
1.81703833e-01 -3.03234273e-04 3.66448786e-04
1.82222660e-01 1.26827975e-04 3.51644340e-04
1.82741484e-01 1.14769849e-04 3.51042350e-04
1.83260305e-01 2.63663602e-04 3.59207808e-04
1.83779124e-01 8.88600178e-05 3.50489884e-04
1.84297939e-01 1.10407845e-04 3.55015717e-04
1.84816752e-01 -1.03925641e-04 3.51022791e-04
1.85335562e-01 3.54146866e-04 3.61275011e-04
1.85854369e-01 4.46618794e-04 3.51900869e-04
1.86373173e-01 -2.10715735e-04 3.58127422e-04
1.86891975e-01 6.71749292e-06 3.58499735e-04
1.87410773e-01 1.67317928e-04 3.55358918e-04
1.87929569e-01 -5.02155564e-05 3.44346649e-04
1.88448361e-01 2.59701811e-04 3.50869945e-04
1.88967151e-01 3.03591029e-04 3.48342451e-04
1.89485938e-01 8.44102245e-05 3.51262780e-04
1.90004722e-01 5.24214188e-04 3.44926318e-04
1.90523503e-01 7.17686398e-05 3.47202190e-04
1.91042282e-01 -7.35600651e-05 3.47656748e-04
1.91561057e-01 -3.83959559e-04 3.51074201e-04
1.92079829e-01 -4.87761097e-04 3.46447704e-04
1.92598599e-01 5.21282690e-04 3.45010293e-04
1.93117365e-01 -1.76658676e-04 3.42046133e-04
1.93636128e-01 -3.64577623e-04 3.45015226e-04
1.94154889e-01 -1.35461544e-04 3.41399791e-04
1.94673646e-01 1.70888413e-04 3.33863411e-04
1.95192401e-01 5.99089623e-04 3.39731800e-04
1.95711153e-01 -1.21975690e-04 3.42510284e-04
1.96229901e-01 1.05090447e-04 3.26882414e-04
1.96748647e-01 -2.00545319e-04 3.33452705e-04
1.97267389e-01 5.54224369e-04 3.29280677e-04
1.97786129e-01 5.41299594e-05 3.31128395e-04
1.98304865e-01 1.92596513e-05 3.42334157e-04
1.98823598e-01 4.54746828e-04 3.30513366e-04
1.99342329e-01 -2.41696001e-04 3.34306492e-04
1.99861056e-01 6.77480559e-05 3.30554551e-04
2.00379780e-01 -8.11274109e-05 3.31206202e-04
2.00898501e-01 4.31859510e-04 3.28239530e-04
2.01417219e-01 -3.69554873e-04 3.23532589e-04
2.01935934e-01 2.01735412e-06 3.33527422e-04
2.02454646e-01 -1.88926559e-04 3.27374126e-04
2.02973355e-01 4.51578866e-04 3.22574904e-04
2.03492061e-01 3.13780866e-04 3.28811082e-04
2.04010763e-01 1.96414962e-04 3.25101944e-04
2.04529463e-01 -2.41898382e-04 3.28093007e-04
2.05048159e-01 5.82142591e-05 3.18089819e-04
2.05566852e-01 -1.00441540e-05 3.27734683e-04
2.06085542e-01 4.31302767e-04 3.18481869e-04
2.06604229e-01 1.54446157e-04 3.16848916e-04
2.07122913e-01 2.48003898e-05 3.18619343e-04
2.07641593e-01 3.50704661e-04 3.18935764e-04
2.08160270e-01 -1.31996088e-04 3.13648903e-04
2.08678944e-01 2.18477069e-05 3.23090010e-04
2.09197615e-01 -1.36159107e-04 3.18953049e-04
2.09716283e-01 2.49459671e-05 3.14674467e-04
2.10234947e-01 3.67852273e-04 3.15578574e-04
2.10753609e-01 2.41737588e-05 3.15978890e-04
2.11272267e-01 -1.11614134e-04 3.09431671e-04
2.11790921e-01 1.50239389e-04 3.13134334e-04
2.12309573e-01 -1.83777180e-05 3.13039453e-04
2.12828221e-01 -3.85714863e-04 3.13184487e-04
2.13346866e-01 -9.02306288e-05 3.08798572e-04
2.13865508e-01 3.77111234e-05 3.07650313e-04
2.14384146e-01 -5.85142123e-05 3.15764337e-04
2.14902781e-01 1.97259731e-05 3.10295999e-04
2.15421413e-01 1.85633474e-04 3.14120759e-04
2.15940042e-01 -2.28796004e-05 3.08670671e-04
2.16458667e-01 -3.60702146e-04 3.02821657e-04
2.16977289e-01 -3.18638889e-04 3.14136688e-04
2.17495907e-01 -1.14557138e-04 3.10413443e-04
2.18014523e-01 8.50731672e-06 3.11125241e-04
2.18533135e-01 2.28064191e-04 3.06548322e-04
2.19051743e-01 2.98168782e-04 3.15518436e-04
2.19570348e-01 2.51870743e-04 3.12396168e-04
2.20088950e-01 1.06533922e-04 3.03813471e-04
2.20607549e-01 -3.77482494e-04 3.09163810e-04
2.21126144e-01 -9.79534673e-05 3.08325905e-04
2.21644735e-01 3.13638951e-04 3.10891273e-04
2.22163324e-01 4.68371533e-04 3.09845309e-04
2.22681909e-01 5.42354274e-04 3.05620067e-04
2.23200490e-01 -1.82981559e-04 3.06542081e-04
2.23719068e-01 -3.46178579e-04 2.97470413e-04
2.24237643e-01 -2.56664885e-04 3.00423450e-04
2.24756214e-01 4.69004254e-04 2.97959626e-04
2.25274781e-01 -2.99006625e-04 2.95216020e-04
2.25793346e-01 -6.47592137e-05 2.95985162e-04
2.26311907e-01 -1.53963727e-04 3.00093400e-04
2.26830464e-01 -6.28726157e-05 2.99427027e-04
2.27349018e-01 1.24971659e-04 2.96853450e-04
2.27867568e-01 -7.96025798e-05 3.03335216e-04
2.28386115e-01 5.52291374e-04 3.08592496e-04
2.28904658e-01 -2.01084772e-05 2.98946224e-04
2.29423198e-01 1.21489387e-04 2.99377656e-04
2.29941734e-01 1.94230982e-04 2.98049197e-04
2.30460267e-01 1.71809732e-04 2.92638757e-04
2.30978797e-01 7.32897661e-05 3.04283225e-04
2.31497322e-01 -4.23216550e-04 2.92314766e-04
2.32015844e-01 -2.81161842e-04 2.93841620e-04
2.32534363e-01 2.04439131e-04 3.00845645e-04
2.33052878e-01 -1.94375671e-04 2.94849079e-04
2.33571390e-01 3.23064099e-04 2.91003677e-04
2.34089898e-01 1.94674112e-04 2.93065550e-04
2.34608402e-01 7.48553248e-06 2.91480412e-04
2.35126903e-01 -5.47647572e-04 2.86657982e-04
2.35645400e-01 -1.49653279e-04 2.89888262e-04
2.36163893e-01 -1.94775497e-04 2.82881380e-04
2.36682383e-01 -4.76036707e-04 2.87914272e-04
2.37200869e-01 -1.93563383e-04 2.89012538e-04
2.37719352e-01 2.10512998e-04 2.87788282e-04
2.38237831e-01 -3.35469554e-05 2.88063517e-04
2.38756306e-01 -1.92908683e-04 2.90293850e-04
2.39274778e-01 -1.70215676e-06 2.85532373e-04
2.39793246e-01 6.15716472e-04 2.90825758e-04
2.40311710e-01 -6.17416715e-05 2.90082659e-04
2.40830171e-01 -2.80830237e-04 2.90253970e-04
2.41348628e-01 -1.57601464e-04 2.91098783e-04
2.41867081e-01 3.16162999e-04 2.89171016e-04
2.42385531e-01 6.64584947e-04 2.89149182e-04
2.42903976e-01 4.68657203e-04 2.85873425e-04
2.43422418e-01 -2.02333050e-04 2.83781354e-04
2.43940857e-01 -4.62159223e-04 2.81795217e-04
2.44459291e-01 -5.62659355e-04 2.83279478e-04
2.44977722e-01 -1.48027359e-04 2.84346346e-04
2.45496149e-01 -6.81635581e-05 2.89838787e-04
2.46014573e-01 1.63454516e-04 2.79389241e-04
2.46532992e-01 8.06155266e-05 2.81229452e-04
2.47051408e-01 2.33074072e-05 2.78804236e-04
2.47569820e-01 -3.33376840e-05 2.82022600e-04
2.48088228e-01 -1.31855279e-04 2.80333972e-04
2.48606633e-01 6.09038718e-05 2.78397643e-04
2.49125033e-01 2.97286986e-04 2.78157042e-04
2.49643430e-01 3.12517556e-04 2.78761113e-04
2.50161823e-01 1.78637854e-04 2.76700621e-04
2.50680212e-01 -4.67204036e-05 2.76500517e-04
2.51198598e-01 -4.57609217e-04 2.72607030e-04
2.51716979e-01 2.59861891e-04 2.72987731e-04
2.52235357e-01 6.46725646e-05 2.79101078e-04
2.52753730e-01 -2.20533013e-04 2.80289291e-04
2.53272100e-01 7.57921649e-04 2.81896148e-04
2.53790466e-01 -2.93678442e-05 2.74360929e-04
2.54308828e-01 3.62166250e-04 2.75962562e-04
2.54827186e-01 -7.60509244e-05 2.72913735e-04
2.55345541e-01 2.94636229e-04 2.72766691e-04
2.55863891e-01 3.56058331e-04 2.77163002e-04
2.56382237e-01 4.31966502e-04 2.72861043e-04
2.56900580e-01 8.56850486e-05 2.71667227e-04
2.57418919e-01 -1.53404165e-05 2.72844072e-04
2.57937253e-01 -1.98089987e-04 2.65995362e-04
2.58455584e-01 -2.34716755e-04 2.71341799e-04
2.58973911e-01 1.35435682e-04 2.68903288e-04
2.59492233e-01 -2.64048872e-04 2.67297174e-04
2.60010552e-01 -1.64431212e-04 2.64279535e-04
2.60528867e-01 1.87195497e-04 2.68703536e-04
2.61047178e-01 2.47137967e-04 2.68599668e-04
2.61565484e-01 -3.04914195e-04 2.70204969e-04
2.62083787e-01 3.48422010e-04 2.65366525e-04
2.62602086e-01 5.43509838e-05 2.69228940e-04
2.63120381e-01 2.78808049e-04 2.72352312e-04
2.63638671e-01 -4.54413049e-05 2.67316216e-04
2.64156958e-01 8.50149881e-05 2.65961036e-04
2.64675241e-01 -1.65487274e-04 2.71699823e-04
2.65193519e-01 -6.80592680e-05 2.74585240e-04
2.65711794e-01 -2.15906647e-04 2.69029114e-04
2.66230064e-01 4.07107591e-04 2.77335936e-04
2.66748330e-01 -1.62416819e-05 2.72417875e-04
2.67266593e-01 1.75149846e-04 2.74049842e-04
2.67784851e-01 4.18026247e-04 2.71460027e-04
2.68303105e-01 6.81095551e-05 2.71950097e-04
2.68821355e-01 1.90950502e-04 2.71326775e-04
2.69339601e-01 1.31893164e-04 2.75589589e-04
2.69857842e-01 1.57795465e-04 2.73775916e-04
2.70376080e-01 1.45466877e-04 2.68652448e-04
2.70894314e-01 1.79053383e-04 2.74076635e-04
2.71412543e-01 1.80645677e-05 2.70603054e-04
2.71930768e-01 1.96689018e-04 2.75181377e-04
2.72448989e-01 2.88789407e-04 2.66939426e-04
2.72967206e-01 -2.62500102e-04 2.68340596e-04
2.73485418e-01 8.31770557e-05 2.68132351e-04
2.74003627e-01 -1.67328032e-04 2.61331249e-04
2.74521831e-01 1.99011364e-04 2.61494265e-04
2.75040031e-01 -1.57142739e-04 2.62994875e-04
2.75558227e-01 2.46705947e-04 2.61141922e-04
2.76076418e-01 1.46010052e-04 2.65999549e-04
2.76594606e-01 9.35291721e-05 2.66197280e-04
2.77112789e-01 -4.64376315e-04 2.63624417e-04
2.77630968e-01 -4.75191766e-06 2.62740132e-04
2.78149142e-01 9.50713125e-05 2.59809844e-04
2.78667313e-01 5.88343914e-05 2.66395941e-04
2.79185479e-01 3.55630453e-04 2.68299173e-04
2.79703640e-01 1.70730120e-04 2.63150625e-04
2.80221798e-01 3.51369405e-04 2.65498214e-04
2.80739951e-01 -1.45802840e-04 2.68018913e-04
2.81258100e-01 -6.74985533e-04 2.65073983e-04
2.81776245e-01 -1.05730254e-04 2.65503672e-04
2.82294385e-01 3.34982224e-04 2.65129550e-04
2.82812521e-01 -3.26548377e-04 2.59159130e-04
2.83330653e-01 -9.49730909e-05 2.62689580e-04
2.83848780e-01 -7.67376787e-06 2.62094455e-04
2.84366903e-01 3.46053521e-04 2.64906188e-04
2.84885022e-01 2.61685224e-04 2.67378739e-04
2.85403136e-01 5.50477150e-05 2.66503686e-04
2.85921246e-01 1.27220730e-04 2.63491627e-04
2.86439351e-01 -1.30234191e-04 2.64792130e-04
2.86957452e-01 2.63279279e-04 2.63586711e-04
2.87475549e-01 -8.94891248e-05 2.65095978e-04
2.87993641e-01 -6.20389181e-05 2.64126894e-04
2.88511729e-01 -4.50422469e-05 2.60093185e-04
2.89029813e-01 2.64256408e-04 2.63732520e-04
2.89547892e-01 5.34611855e-05 2.60755574e-04
2.90065967e-01 7.92261996e-05 2.54398980e-04
2.90584037e-01 5.60892807e-05 2.58226531e-04
2.91102103e-01 2.91282920e-04 2.59695280e-04
2.91620164e-01 -1.55684308e-04 2.53333845e-04
2.92138221e-01 -2.11875469e-04 2.61331800e-04
2.92656273e-01 2.01793338e-04 2.56493869e-04
2.93174321e-01 2.23314972e-05 2.59394178e-04
2.93692364e-01 4.13444719e-05 2.54288858e-04
2.94210403e-01 -2.51831307e-04 2.51840150e-04
2.94728437e-01 -3.10773600e-04 2.49023600e-04
2.95246467e-01 9.79491105e-05 2.53893645e-04
2.95764493e-01 1.25090037e-04 2.47325859e-04
2.96282514e-01 -1.43151526e-04 2.49934533e-04
2.96800530e-01 4.22585300e-04 2.54569080e-04
2.97318542e-01 3.78966002e-07 2.46834191e-04
2.97836549e-01 -1.73950073e-04 2.49213669e-04
2.98354551e-01 2.10560229e-06 2.48805441e-04
2.98872549e-01 3.56452776e-04 2.49910993e-04
2.99390543e-01 1.94458406e-04 2.50441949e-04
2.99908532e-01 1.78774390e-04 2.46740891e-04
3.00426516e-01 -3.94801554e-05 2.46175957e-04
3.00944496e-01 2.60269241e-04 2.42672356e-04
3.01462471e-01 2.51024479e-04 2.45314193e-04
3.01980441e-01 7.51820745e-05 2.49277898e-04
3.02498407e-01 -4.24377126e-05 2.51461999e-04
3.03016368e-01 2.19439684e-04 2.50191510e-04
3.03534325e-01 1.69741684e-04 2.48881908e-04
3.04052277e-01 -2.82883843e-04 2.47965340e-04
3.04570224e-01 -1.22533550e-04 2.47818749e-04
3.05088167e-01 -3.88194824e-05 2.46863197e-04
3.05606105e-01 3.28489575e-05 2.43651898e-04
3.06124038e-01 -9.08155070e-06 2.42489094e-04
3.06641967e-01 -6.12826525e-05 2.42906946e-04
3.07159891e-01 3.40476310e-04 2.43655311e-04
3.07677810e-01 2.20938094e-04 2.39385508e-04
3.08195724e-01 2.60876571e-04 2.42095531e-04
3.08713634e-01 1.65684867e-04 2.42328332e-04
3.09231539e-01 2.90318518e-04 2.41976658e-04
3.09749440e-01 5.44221096e-05 2.40772768e-04
3.10267335e-01 2.98683726e-04 2.38939620e-04
3.10785226e-01 -1.25979194e-04 2.41863905e-04
3.11303112e-01 1.14023108e-04 2.38970811e-04
3.11820993e-01 -3.55130745e-04 2.37204512e-04
3.12338870e-01 -9.66322315e-05 2.37631501e-04
3.12856742e-01 -1.38003670e-04 2.35543344e-04
3.13374609e-01 1.47925243e-04 2.38241624e-04
3.13892471e-01 -2.42454743e-04 2.36691696e-04
3.14410328e-01 2.02669480e-04 2.38021338e-04
3.14928181e-01 1.29582465e-04 2.41267272e-04
3.15446029e-01 -3.14451681e-04 2.36067847e-04
3.15963871e-01 1.72202658e-04 2.38261107e-04
3.16481710e-01 8.38933419e-05 2.35808645e-04
3.16999543e-01 2.28114889e-04 2.35352844e-04
3.17517371e-01 -4.74921688e-05 2.35499597e-04
3.18035195e-01 1.81024284e-04 2.37094375e-04
3.18553013e-01 -2.63038847e-04 2.33998556e-04
3.19070827e-01 -4.56064669e-04 2.31995620e-04
3.19588636e-01 -2.80023926e-04 2.33292965e-04
3.20106440e-01 2.57497846e-04 2.33388266e-04
3.20624239e-01 1.01591980e-04 2.30450533e-04
3.21142033e-01 -8.50137896e-06 2.28768809e-04
3.21659823e-01 2.28366572e-04 2.28619832e-04
3.22177607e-01 5.41359319e-05 2.30348419e-04
3.22695387e-01 2.65586806e-05 2.27053160e-04
3.23213161e-01 -1.77642214e-04 2.30773010e-04
3.23730931e-01 3.35811733e-04 2.32033719e-04
3.24248695e-01 -2.24102265e-05 2.32746569e-04
3.24766455e-01 3.93127357e-05 2.30562442e-04
3.25284210e-01 -4.66397544e-04 2.32871336e-04
3.25801959e-01 -1.32621460e-05 2.30916554e-04
3.26319704e-01 -7.28915031e-06 2.26645374e-04
3.26837444e-01 1.81121576e-04 2.34100970e-04
3.27355179e-01 3.20125817e-05 2.31668962e-04
3.27872908e-01 -3.91764206e-05 2.27902736e-04
3.28390633e-01 -5.04022080e-05 2.33574331e-04
3.28908353e-01 3.15054968e-04 2.31669022e-04
3.29426067e-01 -6.91358748e-06 2.32329897e-04
3.29943777e-01 -1.20741340e-06 2.34326007e-04
3.30461482e-01 -8.69308324e-05 2.31035916e-04
3.30979181e-01 9.31156656e-05 2.28387545e-04
3.31496876e-01 1.52861352e-04 2.25166453e-04
3.32014565e-01 -5.45055676e-05 2.24736870e-04
3.32532249e-01 5.17375505e-05 2.22255533e-04
3.33049928e-01 3.01887712e-04 2.25677658e-04
3.33567603e-01 -6.50253248e-05 2.27790047e-04
3.34085272e-01 7.72070582e-05 2.25594510e-04
3.34602936e-01 -2.09910712e-04 2.26136704e-04
3.35120594e-01 -2.78433157e-04 2.20953129e-04
3.35638248e-01 -1.01797731e-04 2.22988617e-04
3.36155897e-01 -1.02146344e-04 2.29818367e-04
3.36673540e-01 8.74126024e-05 2.24229906e-04
3.37191178e-01 7.02397892e-05 2.25727810e-04
3.37708811e-01 -1.42260695e-04 2.23576692e-04
3.38226439e-01 2.56805304e-04 2.28720348e-04
3.38744062e-01 1.58331404e-04 2.24959882e-04
3.39261680e-01 1.11898369e-04 2.16830194e-04
3.39779292e-01 -1.05648658e-04 2.19782480e-04
3.40296899e-01 -8.62044594e-05 2.24570985e-04
3.40814501e-01 -2.02432679e-04 2.23077675e-04
3.41332098e-01 1.13572629e-05 2.22823926e-04
3.41849690e-01 1.92919568e-04 2.21765320e-04
3.42367276e-01 -8.82294728e-05 2.20072080e-04
3.42884857e-01 -9.38223306e-05 2.17944254e-04
3.43402433e-01 -2.56119462e-04 2.13747199e-04
3.43920004e-01 8.91687736e-05 2.19350638e-04
3.44437569e-01 3.94885524e-06 2.20422729e-04
3.44955129e-01 7.57301969e-05 2.14689026e-04
3.45472684e-01 -2.29978683e-04 2.16127219e-04
3.45990233e-01 6.84897280e-05 2.20947008e-04
3.46507778e-01 -3.15365282e-04 2.15606173e-04
3.47025317e-01 -2.66955060e-04 2.18555266e-04
3.47542850e-01 2.68850716e-04 2.21280500e-04
3.48060379e-01 7.56259888e-05 2.22216029e-04
3.48577902e-01 2.07078089e-04 2.18443946e-04
3.49095419e-01 -1.17881589e-04 2.17897255e-04
3.49612932e-01 5.95967082e-05 2.20548918e-04
3.50130439e-01 -1.09597683e-04 2.13710111e-04
3.50647940e-01 -2.46703327e-04 2.15966368e-04
3.51165437e-01 -4.32204435e-05 2.15620335e-04
3.51682928e-01 1.76659119e-04 2.16763923e-04
3.52200413e-01 1.12136025e-04 2.15674732e-04
3.52717893e-01 9.37236497e-05 2.13435702e-04
3.53235368e-01 -3.46388037e-05 2.17324123e-04
3.53752837e-01 -1.07483653e-05 2.18775005e-04
3.54270301e-01 2.52155575e-04 2.20881297e-04
3.54787760e-01 5.89937798e-05 2.17089839e-04
3.55305213e-01 -7.37238137e-05 2.14596139e-04
3.55822661e-01 2.23327450e-04 2.13046056e-04
3.56340103e-01 1.28267319e-04 2.13054017e-04
3.56857540e-01 2.46001929e-04 2.14088467e-04
3.57374971e-01 1.48609353e-05 2.12442192e-04
3.57892397e-01 -1.49701283e-05 2.12683139e-04
3.58409818e-01 5.41760982e-05 2.12719511e-04
3.58927232e-01 6.65830126e-05 2.11897403e-04
3.59444642e-01 -5.51093833e-04 2.11208472e-04
3.59962046e-01 2.39997757e-04 2.12452594e-04
3.60479444e-01 1.62394103e-04 2.07490170e-04
3.60996837e-01 -4.52885244e-05 2.12299898e-04
3.61514225e-01 3.37228324e-05 2.09637780e-04
3.62031607e-01 1.44713329e-04 2.11958743e-04
3.62548983e-01 -1.43405582e-04 2.13665142e-04
3.63066354e-01 2.77559835e-04 2.11711024e-04
3.63583719e-01 1.72365134e-04 2.09353476e-04
3.64101079e-01 -7.03573958e-05 2.08252603e-04
3.64618433e-01 1.81014279e-04 2.09975147e-04
3.65135782e-01 -1.72747876e-04 2.10513906e-04
3.65653125e-01 -4.93477772e-05 2.12100421e-04
3.66170462e-01 2.86446015e-04 2.10791575e-04
3.66687794e-01 5.60125666e-05 2.10369356e-04
3.67205121e-01 -1.72736969e-04 2.06970596e-04
3.67722441e-01 -2.20154970e-04 2.09407499e-04
3.68239756e-01 2.79265782e-04 2.12252788e-04
3.68757066e-01 -2.24362882e-05 2.06549823e-04
3.69274369e-01 -2.26147506e-04 2.06983998e-04
3.69791668e-01 4.49461233e-06 2.06977466e-04
3.70308960e-01 -3.32908732e-05 2.05883519e-04
3.70826247e-01 -2.82734231e-04 2.05662975e-04
3.71343528e-01 -6.90446491e-05 2.07002849e-04
3.71860803e-01 -7.51165072e-05 2.07295178e-04
3.72378073e-01 1.63786173e-04 2.12485316e-04
3.72895337e-01 -1.27703178e-04 2.12680146e-04
3.73412596e-01 -2.31741736e-04 2.13918887e-04
3.73929849e-01 1.56805642e-04 2.11534213e-04
3.74447096e-01 2.27312794e-04 2.13025971e-04
3.74964337e-01 1.87699346e-04 2.12837084e-04
3.75481572e-01 -1.25741903e-04 2.19803261e-04
3.75998802e-01 1.48238402e-04 2.15694477e-04
3.76516026e-01 1.30975373e-04 2.17558420e-04
3.77033245e-01 -4.17078838e-05 2.15804872e-04
3.77550457e-01 1.60972232e-04 2.16822638e-04
3.78067664e-01 1.22018173e-04 2.20179833e-04
3.78584865e-01 7.12037442e-05 2.18880961e-04
3.79102060e-01 1.50217204e-04 2.15031450e-04
3.79619250e-01 4.60399990e-04 2.17722438e-04
3.80136433e-01 -6.31943219e-05 2.17139425e-04
3.80653611e-01 -1.23062600e-04 2.15034975e-04
3.81170783e-01 -1.00031558e-04 2.18423636e-04
3.81687950e-01 -6.74901407e-05 2.12485867e-04
3.82205110e-01 2.39853494e-04 2.19069696e-04
3.82722265e-01 1.22068096e-04 2.12469313e-04
3.83239413e-01 1.18070446e-04 2.16565855e-04
3.83756556e-01 1.85356354e-04 2.13763913e-04
3.84273693e-01 3.30264275e-04 2.12904694e-04
3.84790824e-01 -4.41717845e-05 2.13616787e-04
3.85307950e-01 -1.40282698e-04 2.13649456e-04
3.85825069e-01 -6.10477340e-05 2.14797916e-04
3.86342183e-01 -1.04743328e-04 2.11072190e-04
3.86859290e-01 1.23819165e-04 2.12773610e-04
3.87376392e-01 1.03752019e-05 2.15722110e-04
3.87893488e-01 2.57476009e-04 2.15750980e-04
3.88410577e-01 -2.44235070e-04 2.15092065e-04
3.88927661e-01 -8.21941821e-05 2.15596881e-04
3.89444739e-01 2.66083720e-04 2.19809183e-04
3.89961811e-01 2.69821708e-04 2.19940009e-04
3.90478878e-01 4.63660341e-04 2.23404766e-04
3.90995938e-01 -1.00999080e-04 2.14470355e-04
3.91512992e-01 7.40979081e-05 2.13413069e-04
3.92030040e-01 -8.21241007e-05 2.17115266e-04
3.92547082e-01 -5.47499450e-05 2.19152323e-04
3.93064118e-01 -2.85980009e-04 2.18079537e-04
3.93581149e-01 5.57381567e-06 2.21703348e-04
3.94098173e-01 -1.34845700e-04 2.19236804e-04
3.94615191e-01 4.18122268e-05 2.20239791e-04
3.95132203e-01 -4.27170621e-05 2.23920617e-04
3.95649209e-01 1.44603973e-04 2.23187017e-04
3.96166209e-01 3.09129834e-04 2.23069241e-04
3.96683203e-01 1.03175765e-04 2.22675390e-04
3.97200191e-01 5.13696066e-04 2.27345405e-04
3.97717173e-01 8.09607495e-05 2.25699049e-04
3.98234149e-01 -1.37213692e-04 2.26504983e-04
3.98751119e-01 4.06011218e-04 2.24041760e-04
3.99268083e-01 1.29610210e-05 2.29328625e-04
3.99785040e-01 3.05218260e-04 2.27389238e-04
4.00301992e-01 2.46482401e-04 2.28307437e-04
4.00818937e-01 -3.00418485e-04 2.28775873e-04
4.01335876e-01 5.27667795e-05 2.29636045e-04
4.01852810e-01 -1.53523059e-04 2.30116691e-04
4.02369737e-01 -2.00481091e-04 2.49573423e-04
4.02886658e-01 4.73237393e-04 2.83607048e-04
4.03403572e-01 2.08687936e-04 2.99186838e-04
4.03920481e-01 -4.93077416e-05 3.06566687e-04
4.04437383e-01 -2.64941523e-04 3.20374511e-04
4.04954280e-01 -8.80062184e-05 3.16414609e-04
4.05471170e-01 1.93028914e-04 3.66156148e-04
4.05988054e-01 7.90155883e-04 4.20444266e-04
4.06504931e-01 1.52918827e-05 4.74412807e-04
4.07021803e-01 8.60544946e-04 5.49993568e-04
4.07538668e-01 -1.68354259e-03 4.32895262e-03
