7.45980241e-03 1.80954317e-02 3.24952439e-02
7.99264482e-03 1.59082292e-02 1.99310970e-02
8.52548709e-03 1.84329878e-03 1.45263279e-02
9.05832923e-03 6.64830586e-04 1.21046388e-02
9.59117122e-03 2.56528937e-03 1.04811524e-02
1.01240131e-02 9.17826822e-03 8.77190596e-03
1.06568547e-02 1.12740909e-02 7.81485370e-03
1.11896962e-02 1.62171377e-03 5.50352732e-03
1.17225375e-02 5.18351721e-03 4.45329052e-03
1.22553787e-02 3.61077824e-03 3.57793569e-03
1.27882196e-02 6.19594627e-03 2.96701484e-03
1.33210603e-02 9.57367112e-03 2.55516081e-03
1.38539008e-02 1.91517048e-03 2.17047103e-03
1.43867411e-02 7.85473914e-03 2.23256086e-03
1.49195812e-02 6.57125944e-03 1.96142278e-03
1.54524210e-02 6.97674024e-03 1.76590784e-03
1.59852605e-02 5.99296691e-03 1.62452534e-03
1.65180998e-02 5.14796418e-03 1.48411980e-03
1.70509389e-02 4.48667043e-03 1.59111935e-03
1.75837776e-02 6.88831611e-03 1.45653273e-03
1.81166161e-02 5.98522602e-03 1.24558039e-03
1.86494543e-02 5.89802206e-03 1.29744373e-03
1.91822922e-02 5.16463568e-03 1.33832371e-03
1.97151297e-02 5.67187417e-03 1.26790561e-03
2.02479670e-02 4.90642163e-03 1.30206617e-03
2.07808039e-02 4.48146628e-03 1.11790860e-03
2.13136405e-02 5.54356344e-03 1.09014254e-03
2.18464767e-02 4.42693826e-03 1.14991799e-03
2.23793126e-02 4.96337414e-03 1.15857415e-03
2.29121481e-02 5.10288044e-03 1.12585851e-03
2.34449833e-02 5.78543649e-03 1.07273311e-03
2.39778181e-02 5.97878391e-03 1.19803088e-03
2.45106524e-02 5.23023476e-03 1.05469692e-03
2.50434864e-02 4.75275129e-03 1.05843257e-03
2.55763200e-02 5.25030988e-03 1.06757853e-03
2.61091532e-02 5.13087575e-03 1.07034578e-03
2.66419859e-02 6.25575488e-03 9.60120796e-04
2.71748182e-02 4.99297779e-03 1.00244812e-03
2.77076501e-02 5.69131646e-03 9.41634946e-04
2.82404815e-02 6.60513944e-03 9.83801168e-04
2.87733125e-02 6.10151273e-03 9.51571139e-04
2.93061430e-02 4.28723830e-03 8.67987107e-04
2.98389731e-02 3.76448544e-03 9.09152207e-04
3.03718026e-02 3.99668107e-03 8.78006688e-04
3.09046317e-02 4.33495490e-03 9.05183070e-04
3.14374602e-02 2.82136161e-03 8.26427781e-04
3.19702883e-02 3.77547530e-03 8.73072846e-04
3.25031158e-02 3.79418042e-03 8.47926921e-04
3.30359428e-02 4.02971889e-03 8.60762424e-04
3.35687693e-02 3.70441418e-03 7.92139829e-04
3.41015952e-02 3.16686687e-03 8.05889637e-04
3.46344206e-02 4.37731252e-03 7.84604674e-04
3.51672454e-02 2.23159848e-03 7.99072085e-04
3.57000696e-02 2.79003170e-03 8.33981272e-04
3.62328933e-02 3.33306053e-03 7.71428577e-04
3.67657164e-02 4.19350992e-03 8.04026632e-04
3.72985389e-02 4.05595682e-03 7.61223642e-04
3.78313608e-02 3.56081578e-03 7.66822472e-04
3.83641820e-02 2.77911300e-03 7.26646139e-04
3.88970027e-02 2.73090288e-03 7.42028697e-04
3.94298227e-02 3.61328283e-03 7.40627271e-04
3.99626421e-02 2.90887668e-03 7.19752129e-04
4.04954608e-02 2.24537029e-03 7.14824107e-04
4.10282789e-02 3.54052392e-03 7.60717084e-04
4.15610963e-02 3.13472494e-03 7.53595523e-04
4.20939131e-02 3.28735712e-03 7.48797673e-04
4.26267291e-02 2.19352616e-03 7.41288847e-04
4.31595445e-02 3.48967562e-03 7.29277166e-04
4.36923592e-02 2.72762123e-03 7.78867882e-04
4.42251732e-02 2.45875735e-03 7.66694661e-04
4.47579864e-02 4.29547835e-03 7.78293649e-04
4.52907989e-02 3.33274022e-03 7.73841599e-04
4.58236107e-02 2.06471423e-03 7.07336833e-04
4.63564218e-02 2.66128842e-03 7.70171495e-04
4.68892321e-02 2.93326494e-03 7.60342728e-04
4.74220417e-02 3.02751933e-03 7.86188096e-04
4.79548504e-02 2.83667642e-03 7.13587657e-04
4.84876584e-02 2.67130801e-03 7.31505065e-04
4.90204657e-02 2.29968038e-03 7.53850134e-04
4.95532721e-02 2.26761061e-03 7.43875249e-04
5.00860777e-02 1.65090276e-03 7.00881897e-04
5.06188825e-02 2.60431435e-03 7.06095335e-04
5.11516865e-02 1.97305296e-03 6.84218268e-04
5.16844897e-02 2.07945348e-03 7.03306591e-04
5.22172920e-02 2.43046113e-03 6.90760555e-04
5.27500935e-02 1.89548043e-03 6.88228193e-04
5.32828941e-02 2.40295393e-03 6.96625484e-04
5.38156939e-02 2.13782958e-03 6.71819912e-04
5.43484928e-02 2.02826096e-03 6.29303174e-04
5.48812908e-02 3.88546378e-04 6.19294723e-04
5.54140880e-02 1.33230210e-03 6.65780681e-04
5.59468842e-02 1.24656811e-03 6.44564533e-04
5.64796795e-02 1.45843048e-03 6.46508464e-04
5.70124739e-02 1.52036231e-03 6.36826825e-04
5.75452674e-02 9.17280968e-04 6.34506384e-04
5.80780600e-02 1.39132860e-03 6.29859240e-04
5.86108516e-02 1.15679454e-03 6.29077716e-04
5.91436423e-02 2.90889279e-03 6.51798580e-04
5.96764320e-02 7.35194784e-04 6.32156823e-04
6.02092208e-02 2.36116902e-03 6.11661521e-04
6.07420086e-02 1.00515441e-03 6.00767516e-04
6.12747953e-02 1.20295848e-03 5.89162110e-04
6.18075812e-02 2.29340526e-03 5.95411778e-04
6.23403660e-02 1.02409636e-03 6.14367869e-04
6.28731498e-02 6.50386516e-04 6.00225316e-04
6.34059325e-02 1.14677329e-03 5.87055454e-04
6.39387143e-02 1.25379985e-03 6.13696254e-04
6.44714950e-02 2.40647437e-03 6.26105971e-04
6.50042747e-02 9.03290370e-04 6.02124755e-04
6.55370533e-02 -6.70488812e-05 5.84291467e-04
6.60698309e-02 -1.56841518e-04 6.02736727e-04
6.66026074e-02 3.03909150e-04 6.11159071e-04
6.71353828e-02 8.66165945e-04 6.01248666e-04
6.76681571e-02 3.52003330e-04 5.97767172e-04
6.82009304e-02 1.41841548e-03 6.20659933e-04
6.87337025e-02 7.16045920e-04 6.11456491e-04
6.92664735e-02 6.96080928e-04 6.04112014e-04
6.97992434e-02 1.17243841e-03 6.23868590e-04
7.03320122e-02 6.65092559e-04 6.25118975e-04
7.08647798e-02 1.03129384e-03 6.20820201e-04
7.13975463e-02 3.51222494e-04 6.17967816e-04
7.19303116e-02 2.26079092e-04 5.91501076e-04
7.24630758e-02 5.26437908e-04 5.85962660e-04
7.29958388e-02 5.70101983e-04 5.80268218e-04
7.35286006e-02 -1.14472919e-05 5.51660692e-04
7.40613612e-02 9.42765760e-04 5.55264658e-04
7.45941207e-02 2.61157832e-04 5.59785079e-04
7.51268789e-02 1.08423118e-03 5.62981321e-04
7.56596359e-02 4.86876169e-04 5.62716502e-04
7.61923917e-02 1.81753071e-03 5.58840126e-04
7.67251462e-02 1.75217591e-03 5.47878920e-04
7.72578995e-02 7.47317758e-05 5.49625440e-04
7.77906516e-02 -4.38585028e-04 5.39608222e-04
7.83234024e-02 6.97990512e-05 5.47914333e-04
7.88561519e-02 1.06795301e-03 5.43920031e-04
7.93889002e-02 1.38837061e-04 5.30438168e-04
7.99216472e-02 1.34355200e-03 5.38680924e-04
8.04543928e-02 1.70491196e-04 5.40602854e-04
8.09871372e-02 8.02227481e-04 5.52292263e-04
8.15198803e-02 1.30664471e-03 5.31781321e-04
8.20526220e-02 1.43637323e-03 5.31425509e-04
8.25853624e-02 1.37893296e-03 5.36561474e-04
8.31181015e-02 -2.04712132e-05 5.29275173e-04
8.36508393e-02 1.10127834e-03 5.32625553e-04
8.41835757e-02 3.39404347e-04 5.16792103e-04
8.47163107e-02 -3.73396170e-04 5.24132347e-04
8.52490443e-02 3.68574521e-04 5.18811209e-04
8.57817766e-02 -2.69324773e-04 5.28803181e-04
8.63145075e-02 -3.53711303e-04 5.02520990e-04
8.68472370e-02 -2.26814755e-04 4.98606400e-04
8.73799651e-02 1.09161930e-03 5.01419052e-04
8.79126918e-02 5.65053455e-04 4.90444366e-04
8.84454170e-02 7.36788586e-04 5.02565990e-04
8.89781408e-02 1.16213410e-03 4.97225181e-04
8.95108632e-02 6.31472698e-04 5.13892670e-04
9.00435842e-02 5.69882300e-04 4.78098756e-04
9.05763036e-02 6.42037330e-04 4.91768597e-04
9.11090217e-02 -5.57721865e-04 4.72341156e-04
9.16417382e-02 -1.43378702e-04 4.91573800e-04
9.21744532e-02 5.63317523e-04 4.90307945e-04
9.27071668e-02 1.08100147e-04 4.80518690e-04
9.32398789e-02 6.55653813e-04 4.81946848e-04
9.37725894e-02 8.89370168e-04 4.84767508e-04
9.43052985e-02 4.70481551e-04 5.00469357e-04
9.48380060e-02 1.36946957e-03 4.95259687e-04
9.53707120e-02 3.47417965e-04 4.67736164e-04
9.59034164e-02 6.93106920e-05 4.89763444e-04
9.64361193e-02 -2.96640819e-04 4.49545999e-04
9.69688206e-02 -2.14206591e-04 4.72390523e-04
9.75015204e-02 -1.56399178e-04 4.83762533e-04
9.80342186e-02 4.73397966e-06 4.62175157e-04
9.85669152e-02 -4.22850535e-04 4.42567439e-04
9.90996102e-02 5.76172293e-04 4.69527924e-04
9.96323036e-02 2.69240494e-04 4.77677034e-04
1.00164995e-01 7.92633198e-04 4.68369145e-04
1.00697686e-01 8.71822720e-04 4.67647076e-04
1.01230374e-01 -4.24184059e-04 4.71007501e-04
1.01763061e-01 -8.63451091e-05 4.63018940e-04
1.02295746e-01 -7.32558421e-05 4.64184031e-04
1.02828430e-01 8.19407556e-05 4.46192143e-04
1.03361112e-01 5.16131440e-05 4.47514102e-04
1.03893792e-01 -2.54244183e-05 4.61546912e-04
1.04426471e-01 4.36282387e-04 4.57551275e-04
1.04959148e-01 1.47740994e-04 4.41088930e-04
1.05491823e-01 -2.22679976e-04 4.58907599e-04
1.06024496e-01 1.15806652e-03 4.45917476e-04
1.06557168e-01 5.40678119e-04 4.27045153e-04
1.07089838e-01 -1.15272956e-03 4.55872977e-04
1.07622506e-01 3.18696997e-04 4.40357974e-04
1.08155173e-01 5.53275791e-04 4.32172408e-04
1.08687838e-01 -5.86622340e-04 4.42364308e-04
1.09220501e-01 -2.06211593e-04 4.45423272e-04
1.09753162e-01 -1.67971869e-04 4.27029100e-04
1.10285822e-01 -8.48132975e-04 4.40829955e-04
1.10818479e-01 -5.58604101e-04 4.31073853e-04
1.11351135e-01 -5.89569961e-04 4.27778526e-04
1.11883790e-01 -2.27319067e-04 4.31355434e-04
1.12416442e-01 -2.29622027e-04 4.37566305e-04
1.12949092e-01 -1.08058803e-04 4.21205976e-04
1.13481741e-01 2.62817012e-04 4.36634939e-04
1.14014388e-01 -9.78501825e-05 4.24259851e-04
1.14547033e-01 -1.21042021e-04 4.29089936e-04
1.15079676e-01 -1.37581261e-04 4.25533109e-04
1.15612318e-01 -4.00046424e-04 4.41072932e-04
1.16144957e-01 7.82614390e-05 4.23651267e-04
1.16677595e-01 2.65868098e-04 4.16537345e-04
1.17210230e-01 4.72949137e-06 4.16780831e-04
1.17742864e-01 -3.99252315e-05 4.31735290e-04
1.18275496e-01 7.42533594e-06 4.32282629e-04
1.18808126e-01 3.45560278e-04 4.26844097e-04
1.19340754e-01 -3.77029879e-05 4.19086175e-04
1.19873380e-01 -7.26708527e-05 4.07609331e-04
1.20406004e-01 2.96741106e-04 4.11002803e-04
1.20938626e-01 6.29004467e-05 4.25454273e-04
1.21471247e-01 -9.11657912e-05 4.08227375e-04
1.22003865e-01 1.01019503e-04 4.06465397e-04
1.22536481e-01 -1.03821216e-04 4.13314942e-04
1.23069096e-01 -1.91511742e-04 4.06938097e-04
1.23601708e-01 8.01482718e-05 3.99770384e-04
1.24134318e-01 3.93994529e-04 4.14765859e-04
1.24666927e-01 -3.19028596e-04 4.00589000e-04
1.25199533e-01 -6.13099653e-05 4.09340757e-04
1.25732137e-01 -4.47119596e-04 3.98117447e-04
1.26264740e-01 -8.80851800e-06 3.95110589e-04
1.26797340e-01 -6.15737654e-04 4.03949100e-04
1.27329938e-01 2.86432556e-04 4.03911784e-04
1.27862534e-01 -6.91920261e-05 3.91106489e-04
1.28395128e-01 5.83578148e-05 3.82175504e-04
1.28927720e-01 -1.32503749e-04 3.98520418e-04
1.29460310e-01 2.77872720e-04 4.00422680e-04
1.29992898e-01 -5.90562815e-04 4.05921868e-04
1.30525484e-01 5.48233805e-04 4.07232544e-04
1.31058067e-01 4.78458547e-04 4.08482800e-04
1.31590649e-01 -1.30910418e-04 4.11875344e-04
1.32123228e-01 4.76896630e-05 4.08969242e-04
1.32655805e-01 -6.27971439e-05 4.18597748e-04
1.33188380e-01 7.98643242e-04 4.14295547e-04
1.33720953e-01 6.52012295e-04 4.13933159e-04
1.34253524e-01 -1.85475017e-04 4.21412763e-04
1.34786093e-01 -5.25232215e-04 4.05845550e-04
1.35318659e-01 8.03599530e-05 3.98421121e-04
1.35851223e-01 7.39035736e-05 4.01648672e-04
1.36383785e-01 2.60160694e-04 3.97364273e-04
1.36916345e-01 3.76169964e-04 4.02294757e-04
1.37448903e-01 3.05972878e-04 3.96079178e-04
1.37981458e-01 -5.25024556e-04 3.92152779e-04
1.38514011e-01 8.80400589e-05 3.80325513e-04
1.39046562e-01 -5.83735947e-04 3.78444672e-04
1.39579111e-01 3.10796917e-04 3.85646853e-04
1.40111657e-01 -5.92903538e-04 3.75349004e-04
1.40644201e-01 -1.83366604e-04 3.77012008e-04
1.41176743e-01 5.75694840e-05 3.83310063e-04
1.41709283e-01 -3.86074108e-04 3.89953075e-04
1.42241820e-01 -4.25648690e-04 3.79979217e-04
1.42774355e-01 1.28295946e-05 3.83800365e-04
1.43306888e-01 1.62919588e-06 3.71093859e-04
1.43839418e-01 4.51814881e-04 3.76835307e-04
1.44371946e-01 4.39545996e-04 3.88556971e-04
1.44904472e-01 2.33540662e-04 3.85320013e-04
1.45436995e-01 3.88345396e-04 3.78264784e-04
1.45969516e-01 -5.22903806e-04 3.66542758e-04
1.46502035e-01 4.26461990e-04 3.69511068e-04
1.47034551e-01 -1.25779764e-04 3.67274325e-04
1.47567065e-01 2.35160198e-04 3.67742781e-04
1.48099577e-01 -5.99253004e-04 3.61543988e-04
1.48632086e-01 1.52881877e-05 3.71384096e-04
1.49164593e-01 -3.92454001e-04 3.72485267e-04
1.49697097e-01 -1.21693439e-04 3.69500398e-04
1.50229599e-01 9.42285616e-05 3.62872354e-04
1.50762098e-01 1.00562682e-04 3.64413477e-04
1.51294595e-01 1.00863544e-04 3.53740895e-04
1.51827090e-01 -5.62819169e-05 3.57131205e-04
1.52359582e-01 5.67954580e-04 3.59690318e-04
1.52892072e-01 9.07393918e-05 3.69948553e-04
1.53424559e-01 -3.51903060e-05 3.75664324e-04
1.53957044e-01 -4.75004272e-04 3.54539756e-04
1.54489526e-01 -2.14765416e-04 3.70513045e-04
1.55022006e-01 4.19126511e-04 3.71926745e-04
1.55554483e-01 2.77966566e-05 3.78032500e-04
1.56086958e-01 -8.17672100e-04 3.71127288e-04
1.56619430e-01 8.08766272e-05 3.79835562e-04
1.57151899e-01 4.59751362e-04 3.65675157e-04
1.57684366e-01 6.50635847e-05 3.85733328e-04
1.58216831e-01 -3.01679491e-04 3.68689757e-04
1.58749293e-01 -1.82300612e-04 3.69061292e-04
1.59281752e-01 -4.77190759e-04 3.63242668e-04
1.59814209e-01 -1.48315501e-04 3.71003539e-04
1.60346664e-01 -1.35809564e-04 3.78485246e-04
1.60879115e-01 -1.46818543e-04 3.70422765e-04
1.61411564e-01 -2.76338978e-04 3.78137173e-04
1.61944011e-01 3.22793038e-04 3.66527738e-04
1.62476455e-01 2.65219781e-04 3.65489014e-04
1.63008896e-01 -3.04570092e-04 3.71341606e-04
1.63541335e-01 2.88606796e-05 3.65716037e-04
1.64073771e-01 -5.39831621e-05 3.65135495e-04
1.64606204e-01 4.64318670e-04 3.51634201e-04
1.65138635e-01 -4.61003837e-05 3.50912824e-04
1.65671063e-01 -6.29535267e-04 3.51341821e-04
1.66203488e-01 -2.38438771e-06 3.62264321e-04
1.66735910e-01 -7.70609288e-04 3.52171039e-04
1.67268330e-01 5.72092279e-04 3.53561290e-04
1.67800748e-01 -2.63623267e-04 3.45363077e-04
1.68333162e-01 8.11961608e-05 3.56879352e-04
1.68865574e-01 6.55338308e-04 3.53062479e-04
1.69397983e-01 -4.68754618e-04 3.49742615e-04
1.69930389e-01 -1.24240912e-04 3.53354876e-04
1.70462793e-01 -8.24426470e-05 3.43668486e-04
1.70995194e-01 6.38756776e-04 3.52410032e-04
1.71527592e-01 -3.73741537e-04 3.44537399e-04
1.72059987e-01 -1.41817548e-04 3.49565252e-04
1.72592380e-01 4.73551743e-04 3.39426927e-04
1.73124769e-01 2.74536138e-04 3.48966409e-04
1.73657156e-01 -1.18394293e-04 3.54378291e-04
1.74189540e-01 -6.60806667e-04 3.52950557e-04
1.74721922e-01 6.71051622e-05 3.30896259e-04
1.75254300e-01 2.96589702e-04 3.39429383e-04
1.75786676e-01 9.47751949e-05 3.40693631e-04
1.76319049e-01 -3.34419849e-04 3.41424122e-04
1.76851418e-01 -1.38797222e-04 3.54322228e-04
1.77383786e-01 5.45426959e-04 3.57100980e-04
1.77916150e-01 -5.57314955e-04 3.51232479e-04
1.78448511e-01 -4.34482585e-04 3.51153164e-04
1.78980870e-01 -2.67798726e-04 3.59934368e-04
1.79513225e-01 6.92245164e-04 3.55962521e-04
1.80045578e-01 2.05143007e-05 3.57327984e-04
1.80577928e-01 2.60300584e-04 3.63196598e-04
1.81110275e-01 1.02622696e-04 3.55408790e-04
1.81642618e-01 2.00576386e-04 3.56865244e-04
1.82174959e-01 -6.45592355e-04 3.52659525e-04
1.82707297e-01 -3.86682549e-04 3.54293378e-04
1.83239633e-01 -2.95721225e-04 3.47462204e-04
1.83771965e-01 -7.38850988e-05 3.61057417e-04
1.84304294e-01 3.44652084e-04 3.58915433e-04
1.84836620e-01 5.46881437e-04 3.53565758e-04
1.85368943e-01 -4.72823018e-04 3.35025663e-04
1.85901263e-01 5.64751419e-04 3.42907621e-04
1.86433581e-01 2.35525800e-04 3.48042681e-04
1.86965895e-01 9.24511787e-05 3.42300759e-04
1.87498206e-01 -2.35213076e-04 3.38241972e-04
1.88030514e-01 -4.94857449e-04 3.39318104e-04
1.88562819e-01 4.51580053e-04 3.45078294e-04
1.89095121e-01 -5.69156925e-04 3.33711511e-04
1.89627420e-01 -3.07276731e-04 3.39139871e-04
1.90159716e-01 7.68845681e-05 3.27399969e-04
1.90692009e-01 -2.18222503e-04 3.23628779e-04
1.91224299e-01 -4.40343174e-04 3.35943537e-04
1.91756586e-01 -3.53856255e-04 3.22062620e-04
1.92288869e-01 1.41417964e-04 3.35613581e-04
1.92821150e-01 -4.05946273e-04 3.24674830e-04
1.93353427e-01 5.56290628e-05 3.28490472e-04
1.93885701e-01 3.87124667e-04 3.32281568e-04
1.94417972e-01 -3.17824582e-04 3.27504465e-04
1.94950240e-01 2.16429359e-04 3.40024313e-04
1.95482505e-01 -5.54832043e-04 3.22557852e-04
1.96014767e-01 -2.64882684e-04 3.25727341e-04
1.96547025e-01 -1.02749149e-03 3.19574463e-04
1.97079281e-01 -1.42163688e-04 3.25155347e-04
1.97611533e-01 -1.27250655e-04 3.23383690e-04
1.98143782e-01 1.24245598e-04 3.13075075e-04
1.98676028e-01 4.60233446e-04 3.21105044e-04
1.99208270e-01 -1.50254043e-04 3.16699924e-04
1.99740510e-01 2.08439579e-04 3.26090690e-04
2.00272746e-01 2.00509250e-04 3.18452163e-04
2.00804978e-01 -3.58579076e-04 3.16139481e-04
2.01337208e-01 1.74338682e-04 3.21114277e-04
2.01869434e-01 2.33858143e-04 3.18523050e-04
2.02401658e-01 -3.74722628e-05 3.20648636e-04
2.02933877e-01 1.37129150e-04 3.17780020e-04
2.03466094e-01 -2.74084402e-04 3.16727090e-04
2.03998307e-01 3.04944595e-04 3.09103957e-04
2.04530517e-01 3.48471975e-04 3.10912234e-04
2.05062724e-01 -1.65716483e-04 3.16832250e-04
2.05594927e-01 -4.69976264e-04 3.23621505e-04
2.06127127e-01 -3.16161798e-04 3.14162484e-04
2.06659324e-01 -4.30599260e-04 3.09648258e-04
2.07191517e-01 -3.30423751e-04 3.08374391e-04
2.07723707e-01 -1.78079807e-04 3.15652108e-04
2.08255894e-01 -7.74546532e-04 3.03445874e-04
2.08788077e-01 7.83958673e-05 3.12021948e-04
2.09320257e-01 -1.12761958e-04 2.98116933e-04
2.09852434e-01 -1.63871150e-04 3.08028986e-04
2.10384607e-01 4.47112875e-04 3.06047887e-04
2.10916777e-01 5.47894632e-04 3.10677019e-04
2.11448943e-01 4.36910495e-05 3.05997035e-04
2.11981106e-01 5.20008107e-04 3.07312344e-04
2.12513266e-01 3.32358174e-04 3.05073116e-04
2.13045422e-01 5.40176252e-04 3.03248443e-04
2.13577575e-01 1.10675060e-04 3.10752486e-04
2.14109724e-01 1.67067598e-04 3.12032170e-04
2.14641870e-01 3.32071348e-04 3.09796869e-04
2.15174012e-01 -1.28504717e-05 2.99197504e-04
2.15706151e-01 3.53688968e-04 3.04755321e-04
2.16238286e-01 -1.28588339e-04 2.96089928e-04
2.16770418e-01 7.44334794e-05 3.06054901e-04
2.17302546e-01 2.01357477e-04 3.01802429e-04
2.17834671e-01 -2.31825671e-04 3.05324526e-04
2.18366792e-01 1.95126716e-04 3.00253835e-04
2.18898910e-01 3.13428453e-04 3.01775593e-04
2.19431024e-01 1.96271431e-04 3.02737019e-04
2.19963135e-01 -9.51024127e-05 2.89003391e-04
2.20495242e-01 5.05948594e-04 2.93451376e-04
2.21027346e-01 7.28808149e-05 2.95101492e-04
2.21559446e-01 4.20063065e-05 3.00366413e-04
2.22091542e-01 9.13636896e-05 2.97048767e-04
2.22623635e-01 -9.10386516e-05 2.99983653e-04
2.23155724e-01 3.53168827e-04 2.92070641e-04
2.23687810e-01 -8.21001879e-05 2.96154275e-04
2.24219892e-01 3.90506612e-04 2.97313190e-04
2.24751971e-01 3.40404836e-05 2.91129483e-04
2.25284045e-01 2.05172966e-04 2.85778771e-04
2.25816117e-01 2.80704244e-06 2.89461485e-04
2.26348184e-01 7.41434598e-04 2.91038238e-04
2.26880248e-01 -1.92530586e-04 2.95876348e-04
2.27412308e-01 -2.44117827e-04 2.87364104e-04
2.27944365e-01 -1.64883970e-04 2.88608809e-04
2.28476418e-01 1.03747188e-04 2.89776084e-04
2.29008467e-01 2.02612812e-04 2.94443081e-04
2.29540512e-01 1.89875005e-04 2.90317081e-04
2.30072554e-01 1.93206047e-04 2.89446419e-04
2.30604592e-01 8.77472268e-05 2.92573583e-04
2.31136626e-01 -3.42692990e-04 2.88316239e-04
2.31668657e-01 -2.26406131e-04 2.88259165e-04
2.32200684e-01 1.95092261e-04 2.89879307e-04
2.32732707e-01 5.67908337e-06 2.81692952e-04
2.33264726e-01 -5.34040741e-05 2.86490125e-04
2.33796742e-01 2.77032767e-04 2.86535598e-04
2.34328754e-01 -2.59505092e-04 2.80926313e-04
2.34860762e-01 1.83583292e-04 2.84156617e-04
2.35392766e-01 1.74765668e-04 2.83396338e-04
2.35924766e-01 -2.94819632e-04 2.82303401e-04
2.36456763e-01 1.85205358e-04 2.81935670e-04
2.36988756e-01 1.64531603e-04 2.84519520e-04
2.37520745e-01 -1.51792832e-04 2.78824417e-04
2.38052730e-01 -4.89916001e-04 2.85182862e-04
2.38584711e-01 -6.35830300e-05 2.83193697e-04
2.39116689e-01 -2.30100887e-04 2.80372536e-04
2.39648662e-01 -8.98581325e-05 2.78748850e-04
2.40180632e-01 2.36264096e-05 2.78482321e-04
2.40712598e-01 -9.25169289e-05 2.78313435e-04
2.41244560e-01 -1.18781708e-05 2.88447127e-04
2.41776518e-01 -3.39453386e-04 2.75081128e-04
2.42308472e-01 -1.54773939e-04 2.79943014e-04
2.42840423e-01 -3.80677882e-04 2.84193878e-04
2.43372369e-01 -2.21080954e-04 2.79345316e-04
2.43904311e-01 2.80767434e-04 2.82759695e-04
2.44436250e-01 -3.17756747e-04 2.74268531e-04
2.44968184e-01 1.96641031e-04 2.84204723e-04
2.45500115e-01 1.22919222e-04 2.75486207e-04
2.46032042e-01 -2.30613067e-04 2.78677765e-04
2.46563964e-01 -3.70764029e-04 2.78941593e-04
2.47095883e-01 -2.12455110e-04 2.70772855e-04
2.47627798e-01 6.94146355e-05 2.77168153e-04
2.48159708e-01 1.26921160e-04 2.70706146e-04
2.48691615e-01 2.92328728e-04 2.69499344e-04
2.49223518e-01 1.87604830e-04 2.75356679e-04
2.49755416e-01 -2.54806792e-04 2.68708625e-04
2.50287311e-01 -2.83688460e-04 2.78851496e-04
2.50819201e-01 7.97046533e-05 2.72242346e-04
2.51351088e-01 4.52718450e-04 2.80254975e-04
2.51882971e-01 1.60332216e-05 2.74030658e-04
2.52414849e-01 6.08185765e-05 2.76407395e-04
2.52946723e-01 -2.02169092e-04 2.70058071e-04
2.53478594e-01 -2.86213509e-04 2.70400522e-04
2.54010460e-01 8.92235700e-05 2.75303874e-04
2.54542322e-01 -2.45171693e-04 2.73728143e-04
2.55074180e-01 -7.06888949e-05 2.73800446e-04
2.55606034e-01 3.15624082e-04 2.73948842e-04
2.56137883e-01 -7.12608765e-05 2.69369318e-04
2.56669729e-01 -1.72314401e-04 2.71724333e-04
2.57201570e-01 -2.32432327e-04 2.69877669e-04
2.57733408e-01 -1.09408562e-04 2.70759709e-04
2.58265241e-01 -3.53454800e-05 2.65103331e-04
2.58797070e-01 2.72074523e-05 2.66165650e-04
2.59328895e-01 8.18519745e-05 2.66533741e-04
2.59860715e-01 -3.19727838e-04 2.71242997e-04
2.60392532e-01 -4.54137947e-05 2.67302537e-04
2.60924344e-01 -4.10535860e-04 2.65542596e-04
2.61456152e-01 9.28982485e-05 2.68331258e-04
2.61987956e-01 2.21000070e-04 2.61561191e-04
2.62519755e-01 7.07915101e-04 2.68186155e-04
2.63051551e-01 3.66468031e-05 2.66098755e-04
2.63583342e-01 4.09610037e-05 2.63483628e-04
2.64115129e-01 1.13546858e-04 2.62560096e-04
2.64646911e-01 -2.53757674e-04 2.63709512e-04
2.65178690e-01 -1.36992755e-04 2.58631246e-04
2.65710464e-01 1.07798009e-04 2.59852724e-04
2.66242233e-01 2.88710235e-04 2.65358024e-04
2.66773999e-01 1.89403178e-04 2.64050255e-04
2.67305760e-01 -2.59219128e-04 2.61974161e-04
2.67837517e-01 3.16794047e-04 2.59905339e-04
2.68369269e-01 3.17325169e-04 2.68318861e-04
2.68901018e-01 -1.27974320e-04 2.61826574e-04
2.69432761e-01 4.31224054e-05 2.65417141e-04
2.69964501e-01 1.95105555e-04 2.69544299e-04
2.70496236e-01 1.53339294e-04 2.66325773e-04
2.71027967e-01 -1.50489003e-04 2.69257952e-04
2.71559693e-01 -6.54887763e-05 2.66604725e-04
2.72091415e-01 1.56348507e-04 2.67678025e-04
2.72623133e-01 3.68196951e-05 2.64357747e-04
2.73154846e-01 -4.84013313e-04 2.66996438e-04
2.73686555e-01 2.50423073e-04 2.69063056e-04
2.74218260e-01 2.02105963e-04 2.65656860e-04
2.74749960e-01 -2.52603284e-05 2.71638205e-04
2.75281655e-01 6.44014184e-06 2.70421192e-04
2.75813346e-01 4.29497549e-04 2.76554465e-04
2.76345033e-01 2.15567619e-04 2.68522024e-04
2.76876715e-01 3.03995173e-04 2.64378258e-04
2.77408393e-01 -3.04417333e-04 2.61864875e-04
2.77940066e-01 3.61032392e-04 2.62972815e-04
2.78471735e-01 -1.03347251e-05 2.58751799e-04
2.79003400e-01 8.93491178e-05 2.61378511e-04
2.79535059e-01 8.79611648e-05 2.63955071e-04
2.80066715e-01 4.44645848e-05 2.63143417e-04
2.80598366e-01 -5.57621984e-04 2.56523474e-04
2.81130012e-01 1.72389109e-04 2.58140601e-04
2.81661654e-01 2.48517348e-04 2.62606788e-04
2.82193291e-01 -7.55389681e-05 2.61637664e-04
2.82724923e-01 -7.34662822e-05 2.59990583e-04
2.83256552e-01 1.53903946e-04 2.55448671e-04
2.83788175e-01 2.98691601e-04 2.54502914e-04
2.84319794e-01 4.10788140e-04 2.56466109e-04
2.84851408e-01 3.36033211e-04 2.55670822e-04
2.85383018e-01 -4.02027763e-05 2.57042406e-04
2.85914623e-01 2.75559621e-04 2.55170983e-04
2.86446224e-01 2.72314887e-04 2.55820768e-04
2.86977820e-01 -5.53704968e-05 2.55815462e-04
2.87509411e-01 9.04406991e-05 2.53247559e-04
2.88040998e-01 3.17122504e-05 2.55577373e-04
2.88572580e-01 -2.42507837e-04 2.59377831e-04
2.89104157e-01 -2.47282012e-04 2.58786652e-04
2.89635730e-01 -8.01923535e-05 2.56605720e-04
2.90167298e-01 -2.55730677e-04 2.56708541e-04
2.90698862e-01 2.04644208e-04 2.61473660e-04
2.91230420e-01 4.96062804e-05 2.65049307e-04
2.91761974e-01 1.33884038e-04 2.58631376e-04
2.92293524e-01 -4.44324329e-05 2.53110880e-04
2.92825068e-01 1.64926308e-05 2.54878842e-04
2.93356608e-01 -1.14002229e-04 2.58926003e-04
2.93888143e-01 -5.62649110e-05 2.61121787e-04
2.94419674e-01 -1.83422657e-04 2.57555631e-04
2.94951199e-01 -5.83870806e-05 2.57825693e-04
2.95482720e-01 9.10510324e-05 2.56168650e-04
2.96014236e-01 3.68327037e-04 2.61948515e-04
2.96545748e-01 3.02336368e-04 2.62905409e-04
2.97077254e-01 1.30315180e-04 2.58196260e-04
2.97608756e-01 3.79109828e-05 2.50499762e-04
2.98140253e-01 2.08331859e-04 2.60118452e-04
2.98671745e-01 4.86457847e-04 2.55337872e-04
2.99203233e-01 1.10700762e-04 2.53266897e-04
2.99734715e-01 2.54206392e-05 2.49904832e-04
3.00266193e-01 4.67954811e-05 2.49204877e-04
3.00797666e-01 -4.67524600e-04 2.52289086e-04
3.01329134e-01 2.13084565e-05 2.48996749e-04
3.01860597e-01 5.50651711e-04 2.54625987e-04
3.02392056e-01 -5.96797783e-05 2.49856414e-04
3.02923509e-01 -2.61893109e-04 2.44779261e-04
3.03454958e-01 -2.68861604e-04 2.44216202e-04
3.03986401e-01 1.74630161e-05 2.42277143e-04
3.04517840e-01 -2.25738378e-04 2.44077194e-04
3.05049274e-01 2.56196849e-04 2.44487534e-04
3.05580703e-01 -1.82250277e-04 2.43438826e-04
3.06112127e-01 1.92792162e-04 2.41989622e-04
3.06643546e-01 -7.05174296e-05 2.48341349e-04
3.07174960e-01 -2.67386427e-05 2.42654220e-04
3.07706370e-01 -1.24814199e-04 2.48247454e-04
3.08237774e-01 1.16561770e-04 2.39307814e-04
3.08769173e-01 1.65530426e-04 2.44931784e-04
3.09300568e-01 1.66848573e-04 2.42435941e-04
3.09831957e-01 -1.92896408e-05 2.40143144e-04
3.10363341e-01 -1.74511608e-04 2.43917393e-04
3.10894721e-01 -1.74842142e-05 2.41784462e-04
3.11426095e-01 -2.08625179e-04 2.42664831e-04
3.11957464e-01 -2.80461761e-04 2.42747251e-04
3.12488829e-01 -2.92028898e-05 2.42356912e-04
3.13020188e-01 -2.52065677e-04 2.39328742e-04
3.13551542e-01 1.15920505e-04 2.41842722e-04
3.14082891e-01 1.92884749e-04 2.43256955e-04
3.14614235e-01 4.01392802e-05 2.41942377e-04
3.15145574e-01 1.86234898e-04 2.39652577e-04
3.15676908e-01 -7.52302814e-05 2.40556977e-04
3.16208237e-01 4.52759262e-04 2.39267984e-04
3.16739561e-01 3.73223011e-04 2.37140381e-04
3.17270880e-01 4.90679652e-06 2.43355260e-04
3.17802193e-01 -7.77067924e-05 2.33924035e-04
3.18333502e-01 -1.57242124e-04 2.34881948e-04
3.18864805e-01 -1.72760222e-04 2.38792245e-04
3.19396103e-01 -2.64440852e-05 2.37957363e-04
3.19927396e-01 -1.44513559e-04 2.35869613e-04
3.20458684e-01 -1.13995222e-04 2.37555710e-04
3.20989967e-01 -3.32004984e-04 2.32349093e-04
3.21521244e-01 2.44947451e-04 2.35341651e-04
3.22052517e-01 -1.64089074e-04 2.35389546e-04
3.22583784e-01 2.46304386e-04 2.30037790e-04
3.23115046e-01 9.67962732e-06 2.32537319e-04
3.23646303e-01 -4.49899432e-05 2.40273205e-04
3.24177554e-01 -5.76003963e-05 2.30239019e-04
3.24708801e-01 -1.95428137e-04 2.32723425e-04
3.25240042e-01 3.26584673e-04 2.34328168e-04
3.25771278e-01 -6.87504433e-05 2.31016168e-04
3.26302508e-01 2.88311229e-05 2.31703658e-04
3.26833734e-01 3.32918802e-04 2.26926363e-04
3.27364954e-01 1.50503586e-05 2.31818316e-04
3.27896169e-01 1.66779457e-04 2.32543551e-04
3.28427378e-01 3.35271633e-05 2.26808867e-04
3.28958583e-01 -1.18791180e-05 2.29657165e-04
3.29489782e-01 -3.11624254e-04 2.26966439e-04
3.30020975e-01 -3.01140730e-04 2.24148886e-04
3.30552164e-01 -2.71563131e-04 2.28311560e-04
3.31083347e-01 6.76185344e-05 2.31190099e-04
3.31614524e-01 2.35661488e-04 2.34716957e-04
3.32145697e-01 7.27471333e-05 2.27254691e-04
3.32676864e-01 2.89729174e-04 2.29007469e-04
3.33208025e-01 -3.48765130e-04 2.27914088e-04
3.33739182e-01 -2.34055799e-05 2.26081310e-04
3.34270333e-01 4.49039229e-04 2.28710037e-04
3.34801478e-01 -2.46864641e-04 2.28265406e-04
3.35332618e-01 -8.78882274e-06 2.25988931e-04
3.35863753e-01 2.19785554e-04 2.24841787e-04
3.36394883e-01 2.30191736e-04 2.30963783e-04
3.36926007e-01 -1.60333730e-04 2.24926407e-04
3.37457125e-01 6.06351456e-05 2.24744449e-04
3.37988238e-01 -1.88679783e-04 2.26948198e-04
3.38519346e-01 -1.69943949e-04 2.21986721e-04
3.39050448e-01 4.27141972e-05 2.26799819e-04
3.39581545e-01 2.63426492e-04 2.28363376e-04
3.40112636e-01 -6.66890146e-05 2.18778350e-04
3.40643722e-01 -1.55650855e-04 2.21007494e-04
3.41174802e-01 -4.34055770e-05 2.25771125e-04
3.41705877e-01 2.34995087e-05 2.21613492e-04
3.42236946e-01 5.68350241e-04 2.23439992e-04
3.42768010e-01 -1.24626040e-04 2.23297732e-04
3.43299068e-01 2.96963780e-05 2.22223262e-04
3.43830121e-01 3.43961183e-06 2.23545200e-04
3.44361168e-01 -7.84494687e-05 2.17719509e-04
3.44892210e-01 -1.62136632e-05 2.27008022e-04
3.45423246e-01 2.54930401e-04 2.23183179e-04
3.45954277e-01 -2.32538073e-04 2.24076714e-04
3.46485302e-01 -5.02385057e-05 2.22635061e-04
3.47016321e-01 1.35240499e-04 2.19525096e-04
3.47547335e-01 -1.26320939e-04 2.22378417e-04
3.48078343e-01 2.12794028e-04 2.17346543e-04
3.48609346e-01 4.62345661e-05 2.20776111e-04
3.49140343e-01 3.52640812e-04 2.21089010e-04
3.49671334e-01 2.23117846e-05 2.19866392e-04
3.50202320e-01 2.15013725e-04 2.20605323e-04
3.50733300e-01 2.20654432e-05 2.22311274e-04
3.51264275e-01 2.56018247e-04 2.21884459e-04
3.51795244e-01 -3.31558539e-04 2.19672546e-04
3.52326207e-01 6.02265865e-05 2.21782652e-04
3.52857164e-01 -4.03775914e-04 2.19221376e-04
3.53388116e-01 -2.34684084e-04 2.19846865e-04
3.53919062e-01 -1.83428923e-04 2.19113768e-04
3.54450003e-01 -5.39437274e-04 2.16676042e-04
3.54980938e-01 3.86180447e-04 2.21412588e-04
3.55511867e-01 1.13564470e-04 2.20148853e-04
3.56042790e-01 -2.01377276e-04 2.16325013e-04
3.56573708e-01 6.81837847e-05 2.19959703e-04
3.57104620e-01 1.05338627e-04 2.16848306e-04
3.57635526e-01 2.69502171e-04 2.12528000e-04
3.58166426e-01 5.19750829e-06 2.14319713e-04
3.58697321e-01 2.99367247e-04 2.19188355e-04
3.59228210e-01 -9.40005206e-05 2.13547208e-04
3.59759093e-01 1.24417016e-04 2.13553244e-04
3.60289970e-01 3.31030876e-04 2.10660091e-04
3.60820841e-01 1.21059073e-04 2.13295283e-04
3.61351707e-01 4.65585606e-05 2.17344371e-04
3.61882567e-01 -4.73340174e-05 2.16575830e-04
3.62413421e-01 -2.75080918e-04 2.09798612e-04
3.62944269e-01 2.49308037e-04 2.13024977e-04
3.63475112e-01 -2.03892505e-04 2.13131922e-04
3.64005948e-01 6.18975070e-05 2.10186006e-04
3.64536779e-01 3.64904647e-05 2.12819672e-04
3.65067604e-01 -8.07463435e-05 2.11989256e-04
3.65598423e-01 2.52522972e-04 2.10740257e-04
3.66129236e-01 4.63110401e-04 2.10634315e-04
3.66660043e-01 1.69105082e-05 2.11191523e-04
3.67190844e-01 1.04760747e-04 2.09635637e-04
3.67721639e-01 -5.79314579e-05 2.14741871e-04
3.68252429e-01 2.99936036e-05 2.08582256e-04
3.68783212e-01 -1.32769764e-04 2.12181354e-04
3.69313990e-01 3.39700659e-04 2.12666265e-04
3.69844762e-01 -2.20904427e-04 2.09450909e-04
3.70375527e-01 3.21418703e-04 2.12355004e-04
3.70906287e-01 -3.71499950e-05 2.10712113e-04
3.71437041e-01 -7.17408154e-05 2.10975205e-04
3.71967789e-01 4.73113661e-04 2.06920275e-04
3.72498531e-01 -3.49096393e-04 2.07009856e-04
3.73029266e-01 -4.12515834e-04 2.11508031e-04
3.73559996e-01 -3.72316386e-04 2.08624851e-04
3.74090720e-01 2.35161964e-06 2.10532752e-04
3.74621438e-01 -7.34381416e-05 2.08412574e-04
3.75152150e-01 -2.41773707e-05 2.07691209e-04
3.75682855e-01 1.62621831e-04 2.08566250e-04
3.76213555e-01 -2.69290585e-04 2.05079686e-04
3.76744249e-01 3.08905130e-04 2.10084476e-04
3.77274936e-01 1.18110851e-04 2.05659829e-04
3.77805618e-01 -1.36923900e-04 2.06721003e-04
3.78336293e-01 1.50143611e-04 2.06196461e-04
3.78866963e-01 2.19764214e-04 2.08437637e-04
3.79397626e-01 -2.28197084e-05 2.05401075e-04
3.79928283e-01 2.28441888e-05 2.07482057e-04
3.80458934e-01 -3.47931599e-05 2.06650113e-04
3.80989579e-01 -2.13011241e-04 2.11020849e-04
3.81520218e-01 8.90607211e-06 2.09999113e-04
3.82050851e-01 -7.96935165e-05 2.11601909e-04
3.82581478e-01 -2.33444540e-04 2.07230884e-04
3.83112098e-01 4.87106178e-05 2.13857237e-04
3.83642712e-01 -3.30540645e-04 2.08206670e-04
3.84173320e-01 1.26535836e-04 2.10550542e-04
3.84703922e-01 1.51369820e-04 2.10690573e-04
3.85234518e-01 -1.93474906e-04 2.07988293e-04
3.85765108e-01 9.25077498e-05 2.08177390e-04
3.86295691e-01 -2.65462829e-04 2.11678335e-04
3.86826268e-01 2.71416174e-04 2.09750274e-04
3.87356839e-01 -2.46383234e-05 2.12104720e-04
3.87887404e-01 8.92775395e-05 2.11326475e-04
3.88417962e-01 1.15561864e-04 2.10888392e-04
3.88948514e-01 3.52966692e-04 2.15308793e-04
3.89479060e-01 4.99554665e-05 2.08413256e-04
3.90009600e-01 -1.13278566e-04 2.05738886e-04
3.90540134e-01 2.21730840e-04 2.10574952e-04
3.91070661e-01 6.74212607e-04 2.06202683e-04
3.91601182e-01 2.55171891e-04 2.09116214e-04
3.92131696e-01 2.56756680e-04 2.10242463e-04
3.92662205e-01 1.81672864e-05 2.09401576e-04
3.93192707e-01 -2.20358820e-04 2.08116481e-04
3.93723202e-01 1.51875695e-04 2.09801023e-04
3.94253692e-01 1.77933295e-04 2.08600531e-04
3.94784175e-01 -1.55118703e-04 2.11094738e-04
3.95314651e-01 3.41892130e-04 2.13458236e-04
3.95845122e-01 3.87648073e-05 2.13113251e-04
3.96375585e-01 1.20356971e-04 2.14692108e-04
3.96906043e-01 1.06017796e-04 2.12399242e-04
3.97436494e-01 -2.19033473e-04 2.13287854e-04
3.97966939e-01 2.84435950e-04 2.07902298e-04
3.98497377e-01 1.68746711e-04 2.10651278e-04
3.99027809e-01 2.95319036e-04 2.12550185e-04
3.99558235e-01 -8.31720664e-05 2.13855140e-04
4.00088654e-01 -1.20794655e-04 2.13650003e-04
4.00619067e-01 3.62428577e-04 2.13962770e-04
4.01149473e-01 1.13399444e-04 2.22227337e-04
4.01679873e-01 1.38035055e-04 2.17980782e-04
4.02210267e-01 7.23351748e-05 2.18820870e-04
4.02740654e-01 -1.32102584e-04 2.18555516e-04
4.03271034e-01 2.01141313e-04 2.17075315e-04
4.03801408e-01 -1.65264036e-04 2.16701494e-04
4.04331776e-01 -8.33432762e-05 2.20880211e-04
4.04862137e-01 -4.86462933e-05 2.19697089e-04
4.05392491e-01 -1.82070690e-04 2.20451173e-04
4.05922839e-01 5.72549302e-05 2.19837032e-04
4.06453181e-01 1.81797567e-04 2.20718001e-04
4.06983516e-01 2.16789999e-04 2.25307397e-04
4.07513844e-01 9.68653862e-05 2.25554221e-04
4.08044166e-01 -2.80839638e-04 2.24350232e-04
4.08574481e-01 9.92064600e-05 2.27204934e-04
4.09104790e-01 9.82754382e-05 2.26071727e-04
4.09635092e-01 2.06215041e-04 2.26797024e-04
4.10165388e-01 1.01290430e-04 2.28874056e-04
4.10695677e-01 -1.85501636e-04 2.27901873e-04
4.11225960e-01 2.24535141e-04 2.47064931e-04
4.11756235e-01 -2.65533249e-04 2.61595896e-04
4.12286505e-01 7.83140389e-04 2.76785032e-04
4.12816767e-01 1.07215540e-04 2.85332645e-04
4.13347023e-01 -1.92744896e-04 2.98311981e-04
4.13877273e-01 1.82370258e-05 3.16291671e-04
4.14407515e-01 2.90727098e-04 3.27240347e-04
4.14937751e-01 3.73800189e-04 3.30830991e-04
4.15467981e-01 -1.47276955e-04 3.49389503e-04
4.15998203e-01 7.87730910e-05 3.46922151e-04
4.16528419e-01 2.84156069e-04 3.51655658e-04
4.17058629e-01 6.41832052e-04 3.48703628e-04
4.17588831e-01 1.55212610e-04 3.55188952e-04
4.18119027e-01 4.65766287e-04 3.98229539e-04
4.18649217e-01 2.42939316e-04 5.21633866e-04
4.19179399e-01 -5.11497132e-04 1.46264375e-03
