7.45980241e-03 1.57880569e-02 3.52158870e-02
7.99264482e-03 9.63104943e-03 2.03431655e-02
8.52548709e-03 1.52242618e-02 1.41285057e-02
9.05832923e-03 1.11470712e-02 1.20148840e-02
9.59117122e-03 3.49769184e-03 1.06865950e-02
1.01240131e-02 9.90239450e-03 8.78294038e-03
1.06568547e-02 1.31359515e-02 7.50080739e-03
1.11896962e-02 1.03140507e-02 5.45762304e-03
1.17225375e-02 9.11908517e-03 4.42301519e-03
1.22553787e-02 1.22037044e-02 3.43559557e-03
1.27882196e-02 9.40973720e-03 3.15668276e-03
1.33210603e-02 7.67992888e-03 2.67513118e-03
1.38539008e-02 8.67920199e-03 2.31501471e-03
1.43867411e-02 7.08488139e-03 2.11596270e-03
1.49195812e-02 1.12401668e-02 1.95460294e-03
1.54524210e-02 1.17614970e-02 1.77315560e-03
1.59852605e-02 8.96781731e-03 1.78351839e-03
1.65180998e-02 8.89558488e-03 1.60860208e-03
1.70509389e-02 1.02059186e-02 1.55850231e-03
1.75837776e-02 7.30208992e-03 1.51292601e-03
1.81166161e-02 8.26957181e-03 1.36129254e-03
1.86494543e-02 6.51407067e-03 1.38540262e-03
1.91822922e-02 5.20508808e-03 1.30443118e-03
1.97151297e-02 9.03287751e-03 1.21333429e-03
2.02479670e-02 7.97917611e-03 1.24471800e-03
2.07808039e-02 6.94734851e-03 1.14392415e-03
2.13136405e-02 7.10223500e-03 1.21088160e-03
2.18464767e-02 8.41078294e-03 1.21291443e-03
2.23793126e-02 8.18046895e-03 1.13753598e-03
2.29121481e-02 4.81191548e-03 1.08002297e-03
2.34449833e-02 7.98822276e-03 1.04677268e-03
2.39778181e-02 4.65110916e-03 1.02858149e-03
2.45106524e-02 7.16738739e-03 1.03985304e-03
2.50434864e-02 9.82069752e-03 1.03515527e-03
2.55763200e-02 8.21936639e-03 1.03079964e-03
2.61091532e-02 7.44728656e-03 9.88723108e-04
2.66419859e-02 7.33018233e-03 1.06619075e-03
2.71748182e-02 6.68163521e-03 9.40070470e-04
2.77076501e-02 7.60768892e-03 8.82008455e-04
2.82404815e-02 7.39152485e-03 9.29152839e-04
2.87733125e-02 6.20968957e-03 8.72338094e-04
2.93061430e-02 4.59950429e-03 8.76726148e-04
2.98389731e-02 5.10952255e-03 9.29801149e-04
3.03718026e-02 6.32936743e-03 9.14759086e-04
3.09046317e-02 7.68814695e-03 8.81652359e-04
3.14374602e-02 5.80656784e-03 9.08473061e-04
3.19702883e-02 4.61987536e-03 8.17199806e-04
3.25031158e-02 6.29468448e-03 8.98321575e-04
3.30359428e-02 6.54893004e-03 8.35841761e-04
3.35687693e-02 6.44140781e-03 8.16507228e-04
3.41015952e-02 4.35106573e-03 8.10923613e-04
3.46344206e-02 5.88959314e-03 7.98009381e-04
3.51672454e-02 5.52325572e-03 8.33364520e-04
3.57000696e-02 4.34399630e-03 7.96495640e-04
3.62328933e-02 4.87698560e-03 7.85632389e-04
3.67657164e-02 3.47073831e-03 7.60580111e-04
3.72985389e-02 4.04044117e-03 7.64163441e-04
3.78313608e-02 2.68653154e-03 7.45199222e-04
3.83641820e-02 3.33304918e-03 7.22575164e-04
3.88970027e-02 4.52704154e-03 7.24695323e-04
3.94298227e-02 4.77615249e-03 8.05854818e-04
3.99626421e-02 5.30568408e-03 7.56864560e-04
4.04954608e-02 4.62751977e-03 7.63180883e-04
4.10282789e-02 3.69275067e-03 7.60988104e-04
4.15610963e-02 3.13539023e-03 7.31629249e-04
4.20939131e-02 3.34245939e-03 7.49569113e-04
4.26267291e-02 4.47696432e-03 7.49458948e-04
4.31595445e-02 3.46100981e-03 7.43024619e-04
4.36923592e-02 5.66730940e-03 7.66422482e-04
4.42251732e-02 4.34302814e-03 7.93958830e-04
4.47579864e-02 4.26483329e-03 7.59780123e-04
4.52907989e-02 4.36116976e-03 7.93345177e-04
4.58236107e-02 2.03057608e-03 7.02514414e-04
4.63564218e-02 3.36426772e-03 7.64169694e-04
4.68892321e-02 4.25882108e-03 7.33482800e-04
4.74220417e-02 3.74553185e-03 7.42588226e-04
4.79548504e-02 4.54824172e-03 7.28163799e-04
4.84876584e-02 3.64035172e-03 7.28359974e-04
4.90204657e-02 3.17707399e-03 7.02943441e-04
4.95532721e-02 3.60795756e-03 7.41082217e-04
5.00860777e-02 2.43496709e-03 7.32083436e-04
5.06188825e-02 4.35234860e-03 7.34909231e-04
5.11516865e-02 3.59068970e-03 6.71154611e-04
5.16844897e-02 2.28760143e-03 7.21166413e-04
5.22172920e-02 2.65669714e-03 6.85061382e-04
5.27500935e-02 2.12792552e-03 6.66453390e-04
5.32828941e-02 2.79659690e-03 6.84145314e-04
5.38156939e-02 2.23889300e-03 6.65173615e-04
5.43484928e-02 2.19509224e-03 6.81821820e-04
5.48812908e-02 3.41261953e-03 6.56461841e-04
5.54140880e-02 3.11101206e-03 6.48434737e-04
5.59468842e-02 2.96981016e-03 6.38773313e-04
5.64796795e-02 2.39792417e-03 6.30036192e-04
5.70124739e-02 2.64712681e-03 6.36600236e-04
5.75452674e-02 2.90290200e-03 6.23455487e-04
5.80780600e-02 2.35490960e-03 6.49492862e-04
5.86108516e-02 2.49508816e-03 6.47699874e-04
5.91436423e-02 3.17570304e-03 6.33831321e-04
5.96764320e-02 2.97061397e-03 6.26440826e-04
6.02092208e-02 2.65431006e-03 6.03231677e-04
6.07420086e-02 2.54394745e-03 6.04986017e-04
6.12747953e-02 2.33463539e-03 6.20939184e-04
6.18075812e-02 2.59419145e-03 6.02652176e-04
6.23403660e-02 3.07195081e-03 5.85370951e-04
6.28731498e-02 2.86525753e-03 6.11485264e-04
6.34059325e-02 1.39611657e-03 6.11562464e-04
6.39387143e-02 2.00363953e-03 6.02479136e-04
6.44714950e-02 1.94044380e-03 5.93392528e-04
6.50042747e-02 2.30892311e-03 5.79653491e-04
6.55370533e-02 1.52000324e-03 6.12017582e-04
6.60698309e-02 1.03381337e-03 5.75655465e-04
6.66026074e-02 8.13317002e-04 6.01945913e-04
6.71353828e-02 1.79459951e-03 5.91886947e-04
6.76681571e-02 8.72268930e-04 6.08862320e-04
6.82009304e-02 1.11998163e-03 6.20532770e-04
6.87337025e-02 1.28946260e-03 6.04501770e-04
6.92664735e-02 1.68840319e-03 5.91226913e-04
6.97992434e-02 3.21739146e-04 6.18116081e-04
7.03320122e-02 1.41999832e-04 5.78665782e-04
7.08647798e-02 1.59209282e-03 6.20447906e-04
7.13975463e-02 6.13966494e-04 6.33716254e-04
7.19303116e-02 1.45483404e-03 6.12275650e-04
7.24630758e-02 4.90920769e-04 6.00867683e-04
7.29958388e-02 9.24190109e-04 5.71411269e-04
7.35286006e-02 4.77211167e-04 5.78835740e-04
7.40613612e-02 7.05459917e-04 5.67764328e-04
7.45941207e-02 1.90682882e-03 5.82280393e-04
7.51268789e-02 9.05218144e-04 5.71921642e-04
7.56596359e-02 2.46546344e-03 5.65257302e-04
7.61923917e-02 7.25456467e-04 5.63750736e-04
7.67251462e-02 1.13493552e-03 5.81771592e-04
7.72578995e-02 4.74722536e-04 5.30410112e-04
7.77906516e-02 5.33676080e-04 5.40563168e-04
7.83234024e-02 8.55045865e-04 5.47358195e-04
7.88561519e-02 1.29644463e-03 5.58307149e-04
7.93889002e-02 1.55451743e-04 5.45120824e-04
7.99216472e-02 1.08778307e-03 5.39097684e-04
8.04543928e-02 6.73815510e-04 5.37322273e-04
8.09871372e-02 1.86483307e-04 5.17465404e-04
8.15198803e-02 1.13818828e-03 5.10115422e-04
8.20526220e-02 2.21694029e-04 5.31698905e-04
8.25853624e-02 6.10546912e-04 5.40279576e-04
8.31181015e-02 3.46694644e-04 5.20273632e-04
8.36508393e-02 6.02493884e-04 5.00794026e-04
8.41835757e-02 2.32417499e-04 4.98893387e-04
8.47163107e-02 -5.46946756e-04 5.10492862e-04
8.52490443e-02 3.34731227e-04 5.04375902e-04
8.57817766e-02 -3.01448294e-04 4.93913628e-04
8.63145075e-02 1.20464256e-04 4.86259233e-04
8.68472370e-02 6.32158376e-04 5.23453231e-04
8.73799651e-02 7.20341152e-04 5.01701269e-04
8.79126918e-02 1.61714255e-04 5.24796296e-04
8.84454170e-02 7.46449033e-04 5.15195820e-04
8.89781408e-02 3.98299243e-04 4.84700173e-04
8.95108632e-02 -1.58718675e-04 4.98075294e-04
9.00435842e-02 -2.72091895e-04 4.85420408e-04
9.05763036e-02 4.45736372e-04 4.86581134e-04
9.11090217e-02 -5.07157194e-04 5.01030107e-04
9.16417382e-02 2.65194894e-04 4.97532511e-04
9.21744532e-02 2.87518828e-04 4.88859140e-04
9.27071668e-02 5.44285803e-04 4.81869290e-04
9.32398789e-02 -1.16337842e-04 4.79232488e-04
9.37725894e-02 6.70320616e-04 4.94132479e-04
9.43052985e-02 6.22057684e-06 4.76372361e-04
9.48380060e-02 -1.92862481e-04 4.66851343e-04
9.53707120e-02 2.37397678e-04 4.82504634e-04
9.59034164e-02 7.84304621e-04 4.85341660e-04
9.64361193e-02 5.49654642e-04 4.85560578e-04
9.69688206e-02 7.41780236e-04 4.71567373e-04
9.75015204e-02 -3.73034858e-05 4.66024514e-04
9.80342186e-02 -3.84661746e-04 4.76766587e-04
9.85669152e-02 -1.98036040e-04 4.77518732e-04
9.90996102e-02 -2.27909885e-04 4.60239512e-04
9.96323036e-02 -1.07031946e-03 4.48328770e-04
1.00164995e-01 2.69896152e-04 4.71685584e-04
1.00697686e-01 9.03757471e-05 4.66306992e-04
1.01230374e-01 3.94888378e-04 4.65765036e-04
1.01763061e-01 -3.05720209e-04 4.50105136e-04
1.02295746e-01 2.68026373e-04 4.62830139e-04
1.02828430e-01 7.09530643e-04 4.56542954e-04
1.03361112e-01 3.61261818e-04 4.54937419e-04
1.03893792e-01 -4.99064575e-04 4.43707723e-04
1.04426471e-01 -4.89543165e-04 4.54799321e-04
1.04959148e-01 -1.09923421e-03 4.56131093e-04
1.05491823e-01 -1.34318550e-04 4.38122130e-04
1.06024496e-01 3.67827487e-05 4.49647992e-04
1.06557168e-01 4.00056352e-04 4.42568435e-04
1.07089838e-01 3.64665731e-04 4.43838930e-04
1.07622506e-01 8.64923531e-04 4.48955794e-04
1.08155173e-01 -7.72775801e-04 4.34353696e-04
1.08687838e-01 -3.67652403e-07 4.42324377e-04
1.09220501e-01 -1.12936600e-04 4.29307732e-04
1.09753162e-01 4.06533114e-04 4.30396440e-04
1.10285822e-01 9.51170565e-04 4.31268165e-04
1.10818479e-01 2.58411359e-04 4.38626882e-04
1.11351135e-01 2.30421150e-04 4.38147057e-04
1.11883790e-01 1.00074719e-04 4.29623809e-04
1.12416442e-01 -1.99311204e-04 4.33268330e-04
1.12949092e-01 -3.57616903e-04 4.27536387e-04
1.13481741e-01 1.60623171e-05 4.08722819e-04
1.14014388e-01 1.85612567e-04 4.19268666e-04
1.14547033e-01 8.09484175e-06 4.33501570e-04
1.15079676e-01 7.35160235e-04 4.47628590e-04
1.15612318e-01 -2.79283567e-04 4.33660008e-04
1.16144957e-01 3.55017762e-04 4.38228456e-04
1.16677595e-01 -3.72488102e-05 4.14218127e-04
1.17210230e-01 -2.82467199e-04 4.16859444e-04
1.17742864e-01 2.00682860e-04 4.11327105e-04
1.18275496e-01 8.68900758e-04 4.25248066e-04
1.18808126e-01 -4.27846473e-04 4.20505044e-04
1.19340754e-01 -8.23973918e-04 4.04845803e-04
1.19873380e-01 7.98580268e-04 4.16832961e-04
1.20406004e-01 -5.09600283e-05 4.07390262e-04
1.20938626e-01 -2.08282860e-04 4.24717119e-04
1.21471247e-01 -3.82617571e-04 4.01239177e-04
1.22003865e-01 -5.50226388e-04 4.12552063e-04
1.22536481e-01 -8.21034130e-05 4.10708113e-04
1.23069096e-01 -3.39538572e-04 4.05781561e-04
1.23601708e-01 -3.01270464e-04 3.95260922e-04
1.24134318e-01 3.38083234e-06 4.03679814e-04
1.24666927e-01 3.59661475e-04 3.99439497e-04
1.25199533e-01 3.58147789e-04 4.16359183e-04
1.25732137e-01 3.78014489e-04 4.07180989e-04
1.26264740e-01 1.21350582e-04 3.93079295e-04
1.26797340e-01 3.50393356e-04 3.91336909e-04
1.27329938e-01 -6.60775656e-05 3.98093567e-04
1.27862534e-01 -1.15305404e-04 4.00703401e-04
1.28395128e-01 1.20189244e-05 3.94022279e-04
1.28927720e-01 3.18122764e-04 4.14353842e-04
1.29460310e-01 6.03555645e-05 4.18307841e-04
1.29992898e-01 -7.08430569e-04 4.05464172e-04
1.30525484e-01 -1.14417176e-04 4.05777330e-04
1.31058067e-01 -6.31121554e-05 4.22410317e-04
1.31590649e-01 1.07231797e-04 4.20621482e-04
1.32123228e-01 8.09772970e-05 4.26080751e-04
1.32655805e-01 5.15324135e-04 4.10563801e-04
1.33188380e-01 2.76906970e-04 4.06280262e-04
1.33720953e-01 4.87641389e-05 4.10301372e-04
1.34253524e-01 2.53807544e-05 4.18667059e-04
1.34786093e-01 -1.42508216e-04 4.11845208e-04
1.35318659e-01 -5.55582252e-04 3.91761443e-04
1.35851223e-01 5.89657301e-04 3.98353711e-04
1.36383785e-01 -5.79983986e-04 3.88243540e-04
1.36916345e-01 -2.67347871e-04 3.87101560e-04
1.37448903e-01 -4.89029750e-04 3.95353734e-04
1.37981458e-01 4.23957487e-04 4.05525313e-04
1.38514011e-01 4.32637867e-04 3.83350431e-04
1.39046562e-01 -4.36230583e-05 3.99481305e-04
1.39579111e-01 -5.35195810e-04 3.91017995e-04
1.40111657e-01 -2.51824624e-04 3.80287649e-04
1.40644201e-01 -1.63724936e-04 3.97167708e-04
1.41176743e-01 -1.20876287e-04 3.81404605e-04
1.41709283e-01 -1.03301430e-04 3.86933389e-04
1.42241820e-01 -3.01225631e-04 3.75632522e-04
1.42774355e-01 3.00711816e-04 3.84057501e-04
1.43306888e-01 2.97026049e-04 3.75258682e-04
1.43839418e-01 3.64696895e-04 3.86072159e-04
1.44371946e-01 2.30424966e-04 3.72303497e-04
1.44904472e-01 -1.71481019e-04 3.79319211e-04
1.45436995e-01 -2.15340001e-04 3.75507131e-04
1.45969516e-01 3.30628799e-04 3.83209282e-04
1.46502035e-01 -4.64098494e-05 3.66025463e-04
1.47034551e-01 3.45288250e-04 3.80241080e-04
1.47567065e-01 2.71996622e-04 3.72328083e-04
1.48099577e-01 1.57901234e-04 3.68428121e-04
1.48632086e-01 1.22089042e-04 3.77510656e-04
1.49164593e-01 4.36217301e-04 3.62791677e-04
1.49697097e-01 2.13599703e-04 3.73622099e-04
1.50229599e-01 1.58834036e-04 3.74579871e-04
1.50762098e-01 3.68791991e-04 3.73912682e-04
1.51294595e-01 3.91950932e-04 3.67677276e-04
1.51827090e-01 -2.50520730e-04 3.70269108e-04
1.52359582e-01 -3.97993680e-04 3.69559492e-04
1.52892072e-01 9.31025751e-04 3.69584118e-04
1.53424559e-01 5.65259689e-04 3.61460375e-04
1.53957044e-01 2.25685121e-04 3.62634757e-04
1.54489526e-01 -1.10998098e-04 3.66051815e-04
1.55022006e-01 1.19037754e-03 3.68527125e-04
1.55554483e-01 1.96318746e-04 3.79031672e-04
1.56086958e-01 2.61791605e-04 3.79895075e-04
1.56619430e-01 4.96695524e-04 3.80274191e-04
1.57151899e-01 -1.08622150e-04 3.80296510e-04
1.57684366e-01 -5.37195819e-05 3.75330282e-04
1.58216831e-01 2.15121332e-04 3.68808138e-04
1.58749293e-01 -5.21450441e-05 3.67294983e-04
1.59281752e-01 3.43380086e-05 3.79795207e-04
1.59814209e-01 -1.90590521e-04 3.86662522e-04
1.60346664e-01 -7.78849878e-07 3.67194135e-04
1.60879115e-01 6.64545459e-05 3.76947139e-04
1.61411564e-01 -2.86035987e-04 3.65108258e-04
1.61944011e-01 4.01609142e-05 3.77642603e-04
1.62476455e-01 2.27530985e-04 3.76836840e-04
1.63008896e-01 -5.27337724e-04 3.70201720e-04
1.63541335e-01 4.66643804e-05 3.63306055e-04
1.64073771e-01 3.06910538e-04 3.73061892e-04
1.64606204e-01 -3.37738094e-05 3.58244275e-04
1.65138635e-01 1.66356393e-04 3.60946566e-04
1.65671063e-01 9.91894483e-05 3.60733716e-04
1.66203488e-01 -1.49782548e-04 3.56965976e-04
1.66735910e-01 8.57665108e-05 3.60459253e-04
1.67268330e-01 2.11933961e-06 3.57108825e-04
1.67800748e-01 4.21288697e-05 3.49324065e-04
1.68333162e-01 3.68350717e-04 3.60986524e-04
1.68865574e-01 6.56108817e-05 3.50860540e-04
1.69397983e-01 2.92646032e-04 3.46436141e-04
1.69930389e-01 3.39437640e-04 3.53207799e-04
1.70462793e-01 3.96879267e-04 3.41304918e-04
1.70995194e-01 1.24593634e-04 3.44768215e-04
1.71527592e-01 -5.99671632e-04 3.51948361e-04
1.72059987e-01 1.98237145e-04 3.51025008e-04
1.72592380e-01 -1.98095580e-04 3.40861571e-04
1.73124769e-01 2.40980439e-05 3.48524097e-04
1.73657156e-01 1.12508548e-04 3.50208725e-04
1.74189540e-01 6.79752642e-04 3.54637467e-04
1.74721922e-01 4.28849538e-04 3.56578507e-04
1.75254300e-01 1.72342131e-04 3.37286806e-04
1.75786676e-01 4.76376567e-04 3.38476987e-04
1.76319049e-01 -2.22579395e-04 3.50402815e-04
1.76851418e-01 -1.97964291e-04 3.40283507e-04
1.77383786e-01 3.08364372e-04 3.48105400e-04
1.77916150e-01 6.79306004e-04 3.46467188e-04
1.78448511e-01 6.18820377e-04 3.56653314e-04
1.78980870e-01 -4.67742368e-04 3.51769531e-04
1.79513225e-01 9.66095240e-05 3.47350782e-04
1.80045578e-01 7.77547432e-04 3.56819805e-04
1.80577928e-01 4.31926574e-05 3.52191246e-04
1.81110275e-01 2.74415841e-05 3.51597605e-04
1.81642618e-01 -6.27501311e-05 3.53116393e-04
1.82174959e-01 6.35148761e-05 3.59604858e-04
1.82707297e-01 2.45619805e-04 3.54565627e-04
1.83239633e-01 2.55336401e-04 3.49759525e-04
1.83771965e-01 -3.87883468e-04 3.40783669e-04
1.84304294e-01 -4.16321584e-05 3.48356372e-04
1.84836620e-01 2.82151543e-04 3.53417785e-04
1.85368943e-01 1.89338372e-04 3.52573384e-04
1.85901263e-01 8.29616724e-04 3.50780767e-04
1.86433581e-01 6.76685105e-04 3.43487691e-04
1.86965895e-01 -9.97767925e-05 3.30572171e-04
1.87498206e-01 1.15914088e-04 3.38616256e-04
1.88030514e-01 -6.21903374e-04 3.33540968e-04
1.88562819e-01 -1.52544468e-04 3.39007163e-04
1.89095121e-01 2.82315041e-04 3.33739341e-04
1.89627420e-01 -1.08471058e-04 3.32980674e-04
1.90159716e-01 2.97944691e-04 3.37592238e-04
1.90692009e-01 3.83661924e-04 3.38801923e-04
1.91224299e-01 -4.49362312e-04 3.27782187e-04
1.91756586e-01 -6.74185287e-06 3.31675437e-04
1.92288869e-01 3.93576921e-04 3.39812999e-04
1.92821150e-01 -4.92559985e-04 3.32423227e-04
1.93353427e-01 -1.39803715e-04 3.33794254e-04
1.93885701e-01 9.72464216e-05 3.19212256e-04
1.94417972e-01 -1.93419577e-04 3.29149690e-04
1.94950240e-01 -1.62159023e-05 3.28533192e-04
1.95482505e-01 -2.88926556e-05 3.29902284e-04
1.96014767e-01 -9.22943081e-05 3.26808500e-04
1.96547025e-01 1.23299282e-04 3.23612999e-04
1.97079281e-01 3.39022735e-04 3.23930743e-04
1.97611533e-01 2.11580652e-04 3.18001779e-04
1.98143782e-01 -9.17448239e-05 3.16586923e-04
1.98676028e-01 -2.44978912e-04 3.25417003e-04
1.99208270e-01 -7.65652700e-05 3.19254138e-04
1.99740510e-01 2.99886090e-04 3.18882148e-04
2.00272746e-01 -4.79414877e-05 3.11798197e-04
2.00804978e-01 3.72557301e-04 3.21149886e-04
2.01337208e-01 -1.79589035e-04 3.20067826e-04
2.01869434e-01 -5.50042293e-05 3.19038476e-04
2.02401658e-01 -1.28600664e-04 3.16816616e-04
2.02933877e-01 -5.82969124e-04 3.04933789e-04
2.03466094e-01 -6.63286388e-04 3.13265660e-04
2.03998307e-01 -7.83504668e-05 3.10805038e-04
2.04530517e-01 -1.10700916e-04 3.19287043e-04
2.05062724e-01 1.90549750e-04 3.08803373e-04
2.05594927e-01 -1.02361583e-04 3.12251731e-04
2.06127127e-01 -1.56322736e-04 3.12475660e-04
2.06659324e-01 -2.13157147e-07 3.15285864e-04
2.07191517e-01 -1.16663773e-06 3.13435177e-04
2.07723707e-01 2.26736752e-05 3.07301286e-04
2.08255894e-01 1.67210508e-04 3.12714843e-04
2.08788077e-01 6.66927637e-04 3.03027595e-04
2.09320257e-01 1.80409056e-04 3.07271221e-04
2.09852434e-01 -4.30700384e-04 3.02940573e-04
2.10384607e-01 3.74678298e-04 3.12010126e-04
2.10916777e-01 4.09673145e-04 3.11595717e-04
2.11448943e-01 -7.66080614e-04 3.08653995e-04
2.11981106e-01 -5.74004213e-05 3.02988954e-04
2.12513266e-01 4.24088107e-04 3.07504804e-04
2.13045422e-01 2.29062882e-04 3.04778568e-04
2.13577575e-01 3.24216768e-05 3.01978622e-04
2.14109724e-01 -1.33344916e-04 3.05090367e-04
2.14641870e-01 2.75009925e-04 3.08038256e-04
2.15174012e-01 -1.10144625e-04 2.97621555e-04
2.15706151e-01 -1.19423111e-04 3.04054646e-04
2.16238286e-01 5.72625839e-04 3.01060432e-04
2.16770418e-01 -1.65780885e-04 3.04522637e-04
2.17302546e-01 1.58467880e-05 3.06253186e-04
2.17834671e-01 -8.02419871e-05 3.03470141e-04
2.18366792e-01 -1.69951790e-04 2.95309746e-04
2.18898910e-01 1.10313025e-04 2.96570337e-04
2.19431024e-01 -7.07662212e-05 2.94674582e-04
2.19963135e-01 -3.40002579e-04 2.98767336e-04
2.20495242e-01 3.05249864e-04 2.93828660e-04
2.21027346e-01 -2.76592477e-04 2.97538001e-04
2.21559446e-01 -9.76576412e-05 2.91883847e-04
2.22091542e-01 -2.68837332e-05 2.91272243e-04
2.22623635e-01 -3.98477287e-04 2.93722669e-04
2.23155724e-01 3.18525017e-04 2.96315359e-04
2.23687810e-01 -1.45841200e-05 3.00686494e-04
2.24219892e-01 5.92569432e-04 2.92413543e-04
2.24751971e-01 5.24319728e-05 2.92036029e-04
2.25284045e-01 5.75925789e-05 2.94877751e-04
2.25816117e-01 -5.30854597e-04 2.80681717e-04
2.26348184e-01 -1.36877264e-05 2.89847984e-04
2.26880248e-01 -4.13312455e-05 2.89632926e-04
2.27412308e-01 -1.11290425e-04 2.92718242e-04
2.27944365e-01 -2.24617729e-04 2.89572837e-04
2.28476418e-01 -2.57736538e-05 2.88248309e-04
2.29008467e-01 8.55932707e-04 2.89769721e-04
2.29540512e-01 1.09346534e-04 2.85189629e-04
2.30072554e-01 -5.25568953e-06 2.91783733e-04
2.30604592e-01 -2.52752520e-04 2.89825015e-04
2.31136626e-01 -5.51897788e-06 2.85833075e-04
2.31668657e-01 2.61495546e-04 2.83036118e-04
2.32200684e-01 8.04615267e-05 2.88933043e-04
2.32732707e-01 1.24605292e-04 2.84332697e-04
2.33264726e-01 -1.87923928e-04 2.78789293e-04
2.33796742e-01 2.73232622e-04 2.86325050e-04
2.34328754e-01 -9.45638204e-05 2.76760124e-04
2.34860762e-01 -2.73400703e-04 2.80664471e-04
2.35392766e-01 -2.15187712e-05 2.85643209e-04
2.35924766e-01 -7.92830770e-05 2.82492583e-04
2.36456763e-01 -1.06981907e-04 2.80375693e-04
2.36988756e-01 -3.99227222e-04 2.77735957e-04
2.37520745e-01 1.17644888e-04 2.73852608e-04
2.38052730e-01 4.42232108e-04 2.83232473e-04
2.38584711e-01 3.56413323e-04 2.86730819e-04
2.39116689e-01 6.78393824e-05 2.81733468e-04
2.39648662e-01 2.21667064e-04 2.82244197e-04
2.40180632e-01 -2.28676381e-04 2.79089729e-04
2.40712598e-01 4.21845099e-04 2.83262559e-04
2.41244560e-01 -2.49864853e-04 2.73171253e-04
2.41776518e-01 -7.66624715e-07 2.79857136e-04
2.42308472e-01 -4.28333783e-05 2.83203118e-04
2.42840423e-01 -5.63529036e-04 2.71755224e-04
2.43372369e-01 -5.08048228e-04 2.76294027e-04
2.43904311e-01 2.04853346e-04 2.74930769e-04
2.44436250e-01 1.97739218e-04 2.81660349e-04
2.44968184e-01 5.70912846e-05 2.80168231e-04
2.45500115e-01 2.42382988e-05 2.75779356e-04
2.46032042e-01 2.85903439e-04 2.81005071e-04
2.46563964e-01 -2.17571003e-06 2.77756304e-04
2.47095883e-01 -2.20627740e-05 2.76030845e-04
2.47627798e-01 -2.07297459e-04 2.74714404e-04
2.48159708e-01 9.90198879e-05 2.74428011e-04
2.48691615e-01 4.16594769e-04 2.73776202e-04
2.49223518e-01 6.40285374e-05 2.71356475e-04
2.49755416e-01 -3.97483776e-04 2.70102797e-04
2.50287311e-01 5.59553208e-05 2.79251491e-04
2.50819201e-01 -7.63750665e-05 2.75002372e-04
2.51351088e-01 1.78485009e-04 2.75446599e-04
2.51882971e-01 -4.52680525e-05 2.75137728e-04
2.52414849e-01 -2.04769209e-04 2.67015610e-04
2.52946723e-01 1.25216814e-04 2.71777226e-04
2.53478594e-01 1.56163608e-04 2.74456651e-04
2.54010460e-01 -8.13619670e-05 2.72537765e-04
2.54542322e-01 2.06114715e-05 2.71078584e-04
2.55074180e-01 1.58334087e-05 2.71050301e-04
2.55606034e-01 -2.68742919e-04 2.62098216e-04
2.56137883e-01 -2.82061935e-05 2.67169854e-04
2.56669729e-01 6.64031357e-05 2.67112171e-04
2.57201570e-01 -4.84985314e-05 2.67149804e-04
2.57733408e-01 2.57550775e-04 2.67819417e-04
2.58265241e-01 -2.21100274e-04 2.67332026e-04
2.58797070e-01 1.35428204e-04 2.69376331e-04
2.59328895e-01 -1.45075947e-04 2.65567612e-04
2.59860715e-01 2.09065378e-04 2.65080484e-04
2.60392532e-01 2.81884357e-05 2.64218037e-04
2.60924344e-01 -2.52159016e-04 2.66571581e-04
2.61456152e-01 -8.64117332e-05 2.64624530e-04
2.61987956e-01 5.66425178e-06 2.58928400e-04
2.62519755e-01 6.63790537e-05 2.63168490e-04
2.63051551e-01 1.79950260e-04 2.67634449e-04
2.63583342e-01 6.05018702e-05 2.60071658e-04
2.64115129e-01 4.19633054e-04 2.63331157e-04
2.64646911e-01 3.68038649e-04 2.59162683e-04
2.65178690e-01 3.32607374e-04 2.60457022e-04
2.65710464e-01 3.04344057e-05 2.60155969e-04
2.66242233e-01 2.48929812e-04 2.63184174e-04
2.66773999e-01 2.26257598e-04 2.61862818e-04
2.67305760e-01 -2.04838331e-04 2.61033766e-04
2.67837517e-01 -1.25398542e-04 2.61823355e-04
2.68369269e-01 -3.78573665e-04 2.64428568e-04
2.68901018e-01 -2.38843502e-04 2.62068296e-04
2.69432761e-01 3.93010870e-05 2.70964152e-04
2.69964501e-01 1.64064518e-04 2.69016472e-04
2.70496236e-01 -3.01986402e-04 2.73391657e-04
2.71027967e-01 -4.26259108e-04 2.68652233e-04
2.71559693e-01 2.21315862e-04 2.64827775e-04
2.72091415e-01 2.61911237e-04 2.64476105e-04
2.72623133e-01 4.84789765e-05 2.68074332e-04
2.73154846e-01 3.40831168e-04 2.67975549e-04
2.73686555e-01 5.11668368e-04 2.69793046e-04
2.74218260e-01 4.51653831e-05 2.68394985e-04
2.74749960e-01 5.76084523e-04 2.66893564e-04
2.75281655e-01 -1.87016119e-04 2.71981872e-04
2.75813346e-01 1.67538812e-04 2.64370977e-04
2.76345033e-01 -2.95399407e-04 2.64712747e-04
2.76876715e-01 4.64789245e-04 2.69360190e-04
2.77408393e-01 -2.99036103e-05 2.63073526e-04
2.77940066e-01 -6.71476746e-05 2.62400031e-04
2.78471735e-01 -2.52786972e-04 2.64712735e-04
2.79003400e-01 -2.86248942e-05 2.58113652e-04
2.79535059e-01 6.99799634e-05 2.61840976e-04
2.80066715e-01 2.60894407e-04 2.61011687e-04
2.80598366e-01 2.45237371e-04 2.62388535e-04
2.81130012e-01 -1.03644123e-04 2.54545336e-04
2.81661654e-01 -3.08754379e-05 2.52761921e-04
2.82193291e-01 1.86624633e-04 2.59769303e-04
2.82724923e-01 -7.74760669e-05 2.58824112e-04
2.83256552e-01 1.71836198e-04 2.61879956e-04
2.83788175e-01 5.66093670e-04 2.50772580e-04
2.84319794e-01 6.04526662e-06 2.51620462e-04
2.84851408e-01 2.07908281e-04 2.53265031e-04
2.85383018e-01 2.34157643e-04 2.58498291e-04
2.85914623e-01 -5.25665601e-05 2.48619641e-04
2.86446224e-01 -1.30837064e-04 2.52473661e-04
2.86977820e-01 3.26435613e-04 2.52286472e-04
2.87509411e-01 -4.36836266e-04 2.50748748e-04
2.88040998e-01 3.60179265e-04 2.57065226e-04
2.88572580e-01 -1.97941678e-04 2.56614359e-04
2.89104157e-01 2.82059916e-04 2.59211163e-04
2.89635730e-01 -5.13361385e-04 2.55938292e-04
2.90167298e-01 3.97888442e-05 2.54575216e-04
2.90698862e-01 4.41778911e-05 2.61345742e-04
2.91230420e-01 -4.84209633e-05 2.58240706e-04
2.91761974e-01 7.56219982e-05 2.59504147e-04
2.92293524e-01 3.09212820e-04 2.60242734e-04
2.92825068e-01 1.27925765e-04 2.59679453e-04
2.93356608e-01 5.64406717e-04 2.69072443e-04
2.93888143e-01 4.09976227e-04 2.62619279e-04
2.94419674e-01 -1.99446211e-04 2.55528034e-04
2.94951199e-01 1.15458478e-04 2.55121834e-04
2.95482720e-01 -2.16513953e-04 2.61720672e-04
2.96014236e-01 -3.49647975e-04 2.57854488e-04
2.96545748e-01 3.60768443e-04 2.59446312e-04
2.97077254e-01 -5.63435335e-06 2.56750860e-04
2.97608756e-01 -1.24104836e-04 2.53211608e-04
2.98140253e-01 2.98245960e-04 2.55792849e-04
2.98671745e-01 -5.66895989e-04 2.49244575e-04
2.99203233e-01 2.71756189e-04 2.46523604e-04
2.99734715e-01 1.54979626e-05 2.50487490e-04
3.00266193e-01 1.54805778e-04 2.54666029e-04
3.00797666e-01 4.33727409e-04 2.55478165e-04
3.01329134e-01 2.00143537e-04 2.52021125e-04
3.01860597e-01 1.33650844e-04 2.45272756e-04
3.02392056e-01 -2.99289170e-04 2.47054000e-04
3.02923509e-01 -3.38936880e-04 2.42145305e-04
3.03454958e-01 3.35807129e-04 2.46627015e-04
3.03986401e-01 1.32629732e-04 2.45326666e-04
3.04517840e-01 3.01253600e-04 2.49772253e-04
3.05049274e-01 -2.32710200e-04 2.44588858e-04
3.05580703e-01 1.73570068e-04 2.43617131e-04
3.06112127e-01 2.20302520e-04 2.48003664e-04
3.06643546e-01 3.42593398e-04 2.44224123e-04
3.07174960e-01 2.39632638e-05 2.44389516e-04
3.07706370e-01 1.11649167e-04 2.45460729e-04
3.08237774e-01 -1.52597443e-05 2.41797861e-04
3.08769173e-01 -5.01252049e-05 2.43971368e-04
3.09300568e-01 -8.31902704e-05 2.43815196e-04
3.09831957e-01 5.88321739e-06 2.43562831e-04
3.10363341e-01 -4.37647399e-04 2.44388999e-04
3.10894721e-01 3.27184266e-04 2.41908723e-04
3.11426095e-01 9.62545803e-05 2.39529219e-04
3.11957464e-01 2.44551601e-04 2.42268546e-04
3.12488829e-01 2.74349558e-04 2.43088651e-04
3.13020188e-01 -3.07378191e-04 2.38806643e-04
3.13551542e-01 -3.55306996e-04 2.42677426e-04
3.14082891e-01 -3.24794197e-04 2.37714832e-04
3.14614235e-01 1.57310418e-05 2.37915764e-04
3.15145574e-01 -1.40157874e-04 2.38167552e-04
3.15676908e-01 8.12174700e-05 2.44233793e-04
3.16208237e-01 3.23636815e-05 2.36612606e-04
3.16739561e-01 2.19342719e-04 2.36169818e-04
3.17270880e-01 9.71025860e-05 2.35675007e-04
3.17802193e-01 3.30854394e-05 2.36797456e-04
3.18333502e-01 1.04376641e-04 2.37802220e-04
3.18864805e-01 6.21506824e-05 2.37887115e-04
3.19396103e-01 2.80884988e-04 2.40336435e-04
3.19927396e-01 4.16611322e-04 2.35450431e-04
3.20458684e-01 2.47507099e-04 2.32981179e-04
3.20989967e-01 1.47147240e-04 2.32857555e-04
3.21521244e-01 -8.76239268e-05 2.33329911e-04
3.22052517e-01 -5.34270390e-05 2.32696641e-04
3.22583784e-01 1.74354243e-04 2.33464094e-04
3.23115046e-01 6.43770146e-05 2.35107936e-04
3.23646303e-01 -1.77759297e-05 2.31467772e-04
3.24177554e-01 -3.16835668e-04 2.38041617e-04
3.24708801e-01 5.47956492e-05 2.33760730e-04
3.25240042e-01 -1.13798194e-04 2.30560647e-04
3.25771278e-01 2.99166407e-05 2.31215766e-04
3.26302508e-01 5.04382425e-05 2.31583814e-04
3.26833734e-01 1.72805325e-04 2.33854212e-04
3.27364954e-01 -8.76707455e-05 2.28561124e-04
3.27896169e-01 6.92771623e-05 2.28799794e-04
3.28427378e-01 1.16624541e-04 2.34566486e-04
3.28958583e-01 -2.38201558e-05 2.24193994e-04
3.29489782e-01 4.23615557e-04 2.34329111e-04
3.30020975e-01 -1.52057951e-04 2.28762643e-04
3.30552164e-01 3.48071609e-04 2.28376357e-04
3.31083347e-01 -6.69349782e-05 2.26844148e-04
3.31614524e-01 6.74686894e-05 2.26453874e-04
3.32145697e-01 -2.33144132e-05 2.31945721e-04
3.32676864e-01 1.83555312e-04 2.31744005e-04
3.33208025e-01 3.42030066e-04 2.30968318e-04
3.33739182e-01 -5.76263646e-05 2.23532909e-04
3.34270333e-01 2.26386949e-04 2.31108907e-04
3.34801478e-01 7.55645645e-05 2.26771908e-04
3.35332618e-01 -3.79305510e-04 2.24715344e-04
3.35863753e-01 7.42348736e-06 2.27146851e-04
3.36394883e-01 1.76340283e-04 2.28257213e-04
3.36926007e-01 8.75150885e-05 2.28469057e-04
3.37457125e-01 1.34814650e-04 2.29691808e-04
3.37988238e-01 -1.53952727e-04 2.20640462e-04
3.38519346e-01 -1.18349794e-04 2.26353855e-04
3.39050448e-01 -1.63908766e-04 2.19985872e-04
3.39581545e-01 4.31451208e-04 2.26695390e-04
3.40112636e-01 4.46723123e-04 2.25873281e-04
3.40643722e-01 -6.92656873e-05 2.24083615e-04
3.41174802e-01 4.01108275e-05 2.25692495e-04
3.41705877e-01 -1.84930003e-04 2.21189905e-04
3.42236946e-01 5.22716123e-05 2.20002555e-04
3.42768010e-01 1.11984153e-04 2.23562111e-04
3.43299068e-01 -3.09836044e-04 2.22017144e-04
3.43830121e-01 -4.29909917e-04 2.23932817e-04
3.44361168e-01 2.49883664e-04 2.20792840e-04
3.44892210e-01 -3.10776569e-04 2.23249323e-04
3.45423246e-01 -4.14067093e-04 2.22516432e-04
3.45954277e-01 -5.10093105e-05 2.22758078e-04
3.46485302e-01 2.41369549e-04 2.19550129e-04
3.47016321e-01 -1.62569480e-04 2.18283526e-04
3.47547335e-01 5.16035151e-05 2.20495089e-04
3.48078343e-01 2.51019910e-04 2.22943894e-04
3.48609346e-01 -1.45888528e-04 2.20780210e-04
3.49140343e-01 4.78921949e-05 2.22709286e-04
3.49671334e-01 4.82667201e-04 2.20999774e-04
3.50202320e-01 -6.09305784e-05 2.17121753e-04
3.50733300e-01 8.08916029e-05 2.22009231e-04
3.51264275e-01 3.37610453e-05 2.18518849e-04
3.51795244e-01 -3.17892902e-05 2.16567453e-04
3.52326207e-01 1.75894215e-04 2.17866094e-04
3.52857164e-01 -4.49798153e-05 2.18191464e-04
3.53388116e-01 -2.27239896e-04 2.19770277e-04
3.53919062e-01 1.59954080e-04 2.15269812e-04
3.54450003e-01 -1.07097906e-04 2.14893129e-04
3.54980938e-01 2.75269888e-04 2.19308640e-04
3.55511867e-01 1.50207050e-04 2.17098865e-04
3.56042790e-01 6.21826400e-05 2.17618580e-04
3.56573708e-01 -2.23778336e-04 2.17011486e-04
3.57104620e-01 -2.67812809e-04 2.18209094e-04
3.57635526e-01 2.33317217e-04 2.19489127e-04
3.58166426e-01 -3.21748851e-04 2.18757260e-04
3.58697321e-01 -8.75988888e-05 2.15491609e-04
3.59228210e-01 -1.59537402e-04 2.12423867e-04
3.59759093e-01 -2.67403148e-04 2.14580184e-04
3.60289970e-01 1.51110501e-04 2.14113160e-04
3.60820841e-01 -2.75208484e-04 2.15497841e-04
3.61351707e-01 -1.97360736e-05 2.11837842e-04
3.61882567e-01 -1.77341975e-05 2.10929386e-04
3.62413421e-01 2.83887551e-05 2.11218521e-04
3.62944269e-01 4.35778221e-04 2.17705303e-04
3.63475112e-01 -2.07041485e-04 2.09027935e-04
3.64005948e-01 -1.29354327e-04 2.14963927e-04
3.64536779e-01 2.12004416e-04 2.14723675e-04
3.65067604e-01 2.03535507e-04 2.14303647e-04
3.65598423e-01 -1.71952830e-04 2.11986170e-04
3.66129236e-01 1.29352342e-04 2.12768732e-04
3.66660043e-01 -4.14534129e-05 2.15783195e-04
3.67190844e-01 -2.34518424e-04 2.09053547e-04
3.67721639e-01 1.54683657e-04 2.11617497e-04
3.68252429e-01 -1.39691689e-04 2.09707989e-04
3.68783212e-01 2.98508318e-04 2.11080954e-04
3.69313990e-01 1.68998175e-04 2.16009734e-04
3.69844762e-01 5.80963111e-05 2.08384564e-04
3.70375527e-01 1.11681614e-04 2.13899900e-04
3.70906287e-01 1.05142550e-04 2.10952337e-04
3.71437041e-01 -5.83978671e-06 2.10881487e-04
3.71967789e-01 8.74104134e-05 2.11087561e-04
3.72498531e-01 9.56387643e-05 2.10769197e-04
3.73029266e-01 -7.57253286e-04 2.08515097e-04
3.73559996e-01 -9.05458387e-05 2.08721519e-04
3.74090720e-01 -1.70433350e-04 2.11003751e-04
3.74621438e-01 -2.71619594e-05 2.10797541e-04
3.75152150e-01 -8.76423738e-05 2.06825698e-04
3.75682855e-01 8.01815918e-05 2.09210216e-04
3.76213555e-01 -8.47779669e-05 2.08042493e-04
3.76744249e-01 -2.31325523e-04 2.03485749e-04
3.77274936e-01 6.58674910e-05 2.07286976e-04
3.77805618e-01 -4.84636477e-05 2.06306880e-04
3.78336293e-01 9.49575144e-05 2.08354841e-04
3.78866963e-01 -3.88204243e-05 2.03701929e-04
3.79397626e-01 -2.18637893e-04 2.05639038e-04
3.79928283e-01 -1.15872307e-04 2.10212142e-04
3.80458934e-01 5.19683325e-04 2.13191221e-04
3.80989579e-01 -2.36970642e-04 2.09131373e-04
3.81520218e-01 1.72085878e-04 2.07324551e-04
3.82050851e-01 3.15671281e-04 2.14106739e-04
3.82581478e-01 3.92189588e-04 2.13441599e-04
3.83112098e-01 3.65750368e-04 2.12311144e-04
3.83642712e-01 2.57594879e-04 2.12400942e-04
3.84173320e-01 2.50183712e-04 2.11519686e-04
3.84703922e-01 7.13172805e-05 2.14286227e-04
3.85234518e-01 7.76703642e-06 2.11140594e-04
3.85765108e-01 3.49724111e-04 2.14103277e-04
3.86295691e-01 -1.96685809e-04 2.10094796e-04
3.86826268e-01 3.12115847e-04 2.12391345e-04
3.87356839e-01 1.91578801e-04 2.13319592e-04
3.87887404e-01 -1.87452458e-04 2.11243162e-04
3.88417962e-01 3.39522538e-04 2.10143629e-04
3.88948514e-01 2.05417202e-04 2.09645500e-04
3.89479060e-01 -3.53932254e-04 2.08206311e-04
3.90009600e-01 -2.32112200e-04 2.05674510e-04
3.90540134e-01 -1.10472446e-04 2.04318692e-04
3.91070661e-01 1.23717233e-04 2.05292121e-04
3.91601182e-01 -9.08715300e-05 2.06312188e-04
3.92131696e-01 -5.96973070e-05 2.09360919e-04
3.92662205e-01 -9.33243981e-05 2.10525974e-04
3.93192707e-01 3.96147658e-04 2.11086528e-04
3.93723202e-01 8.10683094e-05 2.11071192e-04
3.94253692e-01 1.36727855e-04 2.10406553e-04
3.94784175e-01 8.27946115e-06 2.11277234e-04
3.95314651e-01 -1.13272293e-04 2.08046864e-04
3.95845122e-01 7.23979483e-05 2.14163926e-04
3.96375585e-01 -4.75654246e-05 2.12406412e-04
3.96906043e-01 -1.59910508e-04 2.10036677e-04
3.97436494e-01 -1.60192667e-04 2.09314655e-04
3.97966939e-01 8.25626348e-05 2.16893518e-04
3.98497377e-01 -3.49792350e-04 2.11288033e-04
3.99027809e-01 -2.88484001e-04 2.09647097e-04
3.99558235e-01 -2.54071679e-04 2.10560302e-04
4.00088654e-01 2.16571641e-04 2.15759236e-04
4.00619067e-01 2.49992956e-04 2.13794990e-04
4.01149473e-01 -4.64046747e-05 2.14219531e-04
4.01679873e-01 -2.17169227e-04 2.13408244e-04
4.02210267e-01 -2.43348666e-04 2.14772811e-04
4.02740654e-01 1.67172097e-04 2.17039172e-04
4.03271034e-01 1.99178073e-04 2.17211384e-04
4.03801408e-01 7.63814652e-05 2.20449931e-04
4.04331776e-01 2.84254340e-05 2.23975052e-04
4.04862137e-01 2.91097821e-05 2.20018935e-04
4.05392491e-01 1.69890532e-04 2.20455209e-04
4.05922839e-01 7.10479758e-05 2.20905359e-04
4.06453181e-01 2.70682311e-04 2.19214270e-04
4.06983516e-01 1.34864905e-04 2.27281083e-04
4.07513844e-01 -1.21552641e-04 2.24508263e-04
4.08044166e-01 3.21177458e-04 2.27771966e-04
4.08574481e-01 1.79329157e-04 2.25460879e-04
4.09104790e-01 -3.13015126e-04 2.25097772e-04
4.09635092e-01 5.65514306e-04 2.26696832e-04
4.10165388e-01 3.32901077e-04 2.25550199e-04
4.10695677e-01 -8.45933446e-06 2.30021553e-04
4.11225960e-01 -2.27571532e-04 2.47997360e-04
4.11756235e-01 1.13006122e-04 2.58066386e-04
4.12286505e-01 3.47288507e-04 2.71755563e-04
4.12816767e-01 1.00039469e-04 2.94668519e-04
4.13347023e-01 -2.50140483e-04 2.98472670e-04
4.13877273e-01 3.20598469e-04 3.16650801e-04
4.14407515e-01 3.05859745e-04 3.29208665e-04
4.14937751e-01 8.37101493e-04 3.51719584e-04
4.15467981e-01 3.31306865e-04 3.50819289e-04
4.15998203e-01 3.13333241e-04 3.51019303e-04
4.16528419e-01 1.65026358e-04 3.43879339e-04
4.17058629e-01 1.85855945e-04 3.45824411e-04
4.17588831e-01 -3.35036313e-04 3.54657101e-04
4.18119027e-01 2.90093481e-04 3.96202998e-04
4.18649217e-01 1.41056321e-03 5.36479339e-04
4.19179399e-01 -1.20763547e-03 1.19886464e-03
