7.45980241e-03 7.68895976e-03 3.40790583e-02
7.99264482e-03 1.63642655e-02 2.09571026e-02
8.52548709e-03 1.83216959e-02 1.48821248e-02
9.05832923e-03 5.29394322e-03 1.22978326e-02
9.59117122e-03 4.05595453e-03 1.08497000e-02
1.01240131e-02 3.22416106e-03 8.48574395e-03
1.06568547e-02 4.19506615e-03 7.51223356e-03
1.11896962e-02 6.10456437e-04 5.38850962e-03
1.17225375e-02 7.90250593e-03 4.54373684e-03
1.22553787e-02 4.61501099e-03 3.39719270e-03
1.27882196e-02 4.60291742e-03 3.02363264e-03
1.33210603e-02 3.85865181e-03 2.52069625e-03
1.38539008e-02 8.22516178e-04 2.28585205e-03
1.43867411e-02 3.32303110e-03 2.09322947e-03
1.49195812e-02 7.95394637e-04 1.95101326e-03
1.54524210e-02 1.29240458e-03 1.71173105e-03
1.59852605e-02 3.07156737e-03 1.78544337e-03
1.65180998e-02 3.21900478e-03 1.52466643e-03
1.70509389e-02 2.35367502e-03 1.59564801e-03
1.75837776e-02 2.10400384e-03 1.43618760e-03
1.81166161e-02 8.09898050e-04 1.31692479e-03
1.86494543e-02 5.89112887e-04 1.30085099e-03
1.91822922e-02 3.04371104e-03 1.28007959e-03
1.97151297e-02 1.87893878e-03 1.25924051e-03
2.02479670e-02 3.22780957e-03 1.15772082e-03
2.07808039e-02 4.39821794e-03 1.16244753e-03
2.13136405e-02 2.65299166e-03 1.13150284e-03
2.18464767e-02 1.60637922e-03 1.13840433e-03
2.23793126e-02 1.07387349e-03 1.13592889e-03
2.29121481e-02 7.29671419e-04 1.08028689e-03
2.34449833e-02 1.74914220e-03 1.09389095e-03
2.39778181e-02 1.83759937e-03 1.03022194e-03
2.45106524e-02 1.87668319e-03 1.00856695e-03
2.50434864e-02 1.22640274e-03 9.34972052e-04
2.55763200e-02 3.80952824e-03 9.86323893e-04
2.61091532e-02 2.76929886e-03 9.86756966e-04
2.66419859e-02 1.45317816e-03 9.85193931e-04
2.71748182e-02 1.09898982e-03 9.31350991e-04
2.77076501e-02 1.09055008e-04 9.66963176e-04
2.82404815e-02 2.10279502e-03 8.92737389e-04
2.87733125e-02 1.16107551e-03 9.20803602e-04
2.93061430e-02 6.21583745e-04 8.49757683e-04
2.98389731e-02 2.40579682e-03 8.83491163e-04
3.03718026e-02 2.07924446e-03 8.65990420e-04
3.09046317e-02 6.92980815e-04 8.70570806e-04
3.14374602e-02 1.12100277e-03 8.32338679e-04
3.19702883e-02 1.42261303e-03 8.24084779e-04
3.25031158e-02 1.16996244e-03 8.12349136e-04
3.30359428e-02 2.75788748e-03 8.02683522e-04
3.35687693e-02 2.44513582e-03 7.87586824e-04
3.41015952e-02 2.18215532e-03 7.72021459e-04
3.46344206e-02 3.16623146e-03 8.41136015e-04
3.51672454e-02 2.52597316e-03 8.06292357e-04
3.57000696e-02 1.74774691e-03 7.54052903e-04
3.62328933e-02 -9.07262716e-05 7.75849865e-04
3.67657164e-02 8.30690212e-04 7.65152826e-04
3.72985389e-02 2.39321792e-03 8.00004156e-04
3.78313608e-02 -1.17821627e-04 7.08829239e-04
3.83641820e-02 2.10539043e-04 7.47669154e-04
3.88970027e-02 1.44262792e-04 7.63125726e-04
3.94298227e-02 1.21412772e-03 7.57403694e-04
3.99626421e-02 1.14897500e-03 7.53774234e-04
4.04954608e-02 1.82303938e-03 7.12359521e-04
4.10282789e-02 2.96837107e-03 7.18519019e-04
4.15610963e-02 9.04183931e-04 7.14182646e-04
4.20939131e-02 2.07442549e-03 7.50418553e-04
4.26267291e-02 -1.41289738e-05 7.71893158e-04
4.31595445e-02 1.11333296e-03 7.12825185e-04
4.36923592e-02 -7.57282089e-05 7.08973332e-04
4.42251732e-02 7.16344114e-05 6.99112748e-04
4.47579864e-02 -1.33886800e-05 7.18607096e-04
4.52907989e-02 2.65301530e-03 7.53600791e-04
4.58236107e-02 1.55100595e-03 7.41631093e-04
4.63564218e-02 4.55214656e-04 7.09759695e-04
4.68892321e-02 3.90036867e-04 7.36871237e-04
4.74220417e-02 1.60515190e-03 7.23399840e-04
4.79548504e-02 1.35747167e-03 7.29548977e-04
4.84876584e-02 3.91663231e-04 7.39191967e-04
4.90204657e-02 9.94936625e-04 7.67872168e-04
4.95532721e-02 1.23770808e-03 7.58964021e-04
5.00860777e-02 1.75607994e-04 7.14407301e-04
5.06188825e-02 4.55344463e-04 7.09471982e-04
5.11516865e-02 2.59482464e-03 7.02251305e-04
5.16844897e-02 7.44120418e-04 6.58615818e-04
5.22172920e-02 5.09023393e-04 6.64098129e-04
5.27500935e-02 6.44673063e-04 7.06585044e-04
5.32828941e-02 7.70767312e-04 7.00078342e-04
5.38156939e-02 2.47583308e-05 6.40680534e-04
5.43484928e-02 1.36426040e-03 6.67147907e-04
5.48812908e-02 1.18011111e-03 6.51990492e-04
5.54140880e-02 1.48575279e-03 6.59301023e-04
5.59468842e-02 1.51377183e-03 6.55138092e-04
5.64796795e-02 1.30127077e-03 6.26257051e-04
5.70124739e-02 -2.38942088e-05 6.24231357e-04
5.75452674e-02 4.98532971e-04 6.37129267e-04
5.80780600e-02 6.67621596e-04 5.96133479e-04
5.86108516e-02 4.87336915e-04 6.33277839e-04
5.91436423e-02 1.15989355e-03 6.09916471e-04
5.96764320e-02 -1.86802285e-04 5.97566677e-04
6.02092208e-02 1.41102514e-03 6.10732685e-04
6.07420086e-02 1.67541976e-03 6.27775103e-04
6.12747953e-02 1.30634486e-03 6.13443313e-04
6.18075812e-02 1.21131402e-03 6.12784937e-04
6.23403660e-02 7.34149660e-04 5.92521908e-04
6.28731498e-02 2.35032936e-04 5.92273014e-04
6.34059325e-02 5.84130513e-04 5.88759936e-04
6.39387143e-02 -1.07522985e-04 5.94244475e-04
6.44714950e-02 -6.78293043e-04 5.86057382e-04
6.50042747e-02 7.80710622e-04 5.92436468e-04
6.55370533e-02 7.06036199e-04 6.14571460e-04
6.60698309e-02 7.86094239e-04 6.04349854e-04
6.66026074e-02 1.15326855e-03 6.07985493e-04
6.71353828e-02 9.73592808e-05 6.17455246e-04
6.76681571e-02 -2.26160704e-05 5.93067318e-04
6.82009304e-02 6.98979020e-04 6.15814594e-04
6.87337025e-02 -1.30032434e-04 5.95347380e-04
6.92664735e-02 3.37164678e-04 5.85616590e-04
6.97992434e-02 -1.38841418e-04 5.83309931e-04
7.03320122e-02 1.42056938e-03 6.38189210e-04
7.08647798e-02 9.58853972e-04 6.30779758e-04
7.13975463e-02 1.21660578e-03 5.99922267e-04
7.19303116e-02 5.93316324e-04 5.95439184e-04
7.24630758e-02 -1.86782996e-04 6.06097103e-04
7.29958388e-02 -2.42448484e-04 6.14783317e-04
7.35286006e-02 3.59263443e-06 5.69599649e-04
7.40613612e-02 -5.67595036e-04 5.72521483e-04
7.45941207e-02 1.11995076e-05 5.60726004e-04
7.51268789e-02 4.75676685e-04 5.64635277e-04
7.56596359e-02 1.51321675e-03 5.74642237e-04
7.61923917e-02 3.61572290e-04 5.73147508e-04
7.67251462e-02 2.18428198e-04 5.53299636e-04
7.72578995e-02 -1.80637728e-04 5.60196191e-04
7.77906516e-02 -5.75804464e-04 5.50666480e-04
7.83234024e-02 4.79429240e-04 5.39868127e-04
7.88561519e-02 1.61455047e-04 5.52796346e-04
7.93889002e-02 6.67686975e-04 5.57714749e-04
7.99216472e-02 1.98989417e-05 5.30778500e-04
8.04543928e-02 3.28839516e-04 5.33497104e-04
8.09871372e-02 -1.99264028e-04 5.27092072e-04
8.15198803e-02 8.56852257e-04 5.21435488e-04
8.20526220e-02 -3.47019209e-04 5.19253500e-04
8.25853624e-02 6.44086010e-04 5.20532854e-04
8.31181015e-02 8.35545774e-04 5.32113336e-04
8.36508393e-02 3.06654438e-04 5.27215689e-04
8.41835757e-02 1.56813850e-04 5.19902837e-04
8.47163107e-02 4.00888242e-04 5.15147549e-04
8.52490443e-02 -8.42814380e-04 5.14758477e-04
8.57817766e-02 -8.98393785e-04 5.09324147e-04
8.63145075e-02 6.06386406e-04 5.33312957e-04
8.68472370e-02 -2.66401247e-04 5.07006968e-04
8.73799651e-02 -5.88914227e-04 5.13983174e-04
8.79126918e-02 -5.33182118e-04 5.27934297e-04
8.84454170e-02 -8.77404838e-05 5.08288839e-04
8.89781408e-02 6.69369227e-04 4.98098433e-04
8.95108632e-02 1.19617508e-03 5.01553250e-04
9.00435842e-02 -3.06714624e-04 4.94028469e-04
9.05763036e-02 8.57018701e-04 5.15895610e-04
9.11090217e-02 4.21759537e-04 4.98911169e-04
9.16417382e-02 -3.42831798e-05 5.00896666e-04
9.21744532e-02 -3.69141278e-04 4.85998573e-04
9.27071668e-02 -5.21395270e-04 4.95080271e-04
9.32398789e-02 9.79847008e-04 5.02051995e-04
9.37725894e-02 4.02410627e-04 4.87546655e-04
9.43052985e-02 2.11149428e-04 4.89988252e-04
9.48380060e-02 4.78577530e-04 4.78588826e-04
9.53707120e-02 -1.19217731e-04 4.92988558e-04
9.59034164e-02 -6.81139823e-05 4.67989880e-04
9.64361193e-02 1.04598950e-03 4.67290741e-04
9.69688206e-02 1.11852225e-03 4.67803155e-04
9.75015204e-02 6.18069280e-04 4.68097614e-04
9.80342186e-02 -9.86114655e-05 4.75395110e-04
9.85669152e-02 5.45159111e-04 4.72564950e-04
9.90996102e-02 8.96571744e-04 4.64885308e-04
9.96323036e-02 -9.56672487e-05 4.63860573e-04
1.00164995e-01 9.30596384e-04 4.69265694e-04
1.00697686e-01 5.83657835e-04 4.55337403e-04
1.01230374e-01 -2.31930529e-04 4.63857026e-04
1.01763061e-01 1.04512174e-04 4.51893391e-04
1.02295746e-01 3.78505848e-05 4.63025407e-04
1.02828430e-01 3.39063483e-04 4.50365007e-04
1.03361112e-01 1.08902715e-03 4.47802485e-04
1.03893792e-01 -2.22874750e-04 4.41470241e-04
1.04426471e-01 2.31624793e-04 4.32074660e-04
1.04959148e-01 -2.09029501e-04 4.51363862e-04
1.05491823e-01 -3.01492173e-05 4.34455346e-04
1.06024496e-01 -3.71268970e-04 4.29223582e-04
1.06557168e-01 4.40719809e-04 4.45689800e-04
1.07089838e-01 8.20824346e-05 4.45933461e-04
1.07622506e-01 -3.08627833e-04 4.43936791e-04
1.08155173e-01 -3.68253230e-04 4.33727121e-04
1.08687838e-01 4.12277710e-04 4.60193612e-04
1.09220501e-01 -3.10944976e-04 4.30405571e-04
1.09753162e-01 2.16764113e-05 4.45464866e-04
1.10285822e-01 1.10777346e-04 4.38853992e-04
1.10818479e-01 6.82473327e-04 4.48723465e-04
1.11351135e-01 7.13818847e-04 4.37260592e-04
1.11883790e-01 1.35484119e-03 4.47112941e-04
1.12416442e-01 3.63884209e-04 4.39235004e-04
1.12949092e-01 2.03094057e-04 4.25620893e-04
1.13481741e-01 -3.87636170e-05 4.37762838e-04
1.14014388e-01 -2.02036637e-05 4.29387970e-04
1.14547033e-01 1.09189452e-04 4.18133446e-04
1.15079676e-01 3.36762687e-04 4.42058938e-04
1.15612318e-01 4.12234727e-04 4.35531852e-04
1.16144957e-01 -8.13285838e-04 4.23913981e-04
1.16677595e-01 -7.08295724e-04 4.24772937e-04
1.17210230e-01 2.58671872e-04 4.14730524e-04
1.17742864e-01 3.19440183e-04 4.18456238e-04
1.18275496e-01 5.72139948e-04 4.17049483e-04
1.18808126e-01 -4.70460736e-04 4.23916826e-04
1.19340754e-01 -2.93295453e-04 4.30012803e-04
1.19873380e-01 -4.14163719e-04 4.30100141e-04
1.20406004e-01 -2.55259815e-04 4.01433002e-04
1.20938626e-01 5.30985326e-04 4.15989614e-04
1.21471247e-01 5.29659620e-04 4.31659389e-04
1.22003865e-01 9.28807013e-05 4.07532890e-04
1.22536481e-01 6.20626720e-05 3.99641002e-04
1.23069096e-01 -4.12381715e-04 4.05143304e-04
1.23601708e-01 6.44509622e-05 4.12316451e-04
1.24134318e-01 -6.80689450e-05 4.13794178e-04
1.24666927e-01 2.56504808e-04 4.07019812e-04
1.25199533e-01 1.64718306e-04 4.18118998e-04
1.25732137e-01 6.74181048e-04 4.14913725e-04
1.26264740e-01 4.94434098e-04 4.11441751e-04
1.26797340e-01 -4.18988387e-04 3.92750139e-04
1.27329938e-01 5.80524180e-04 4.00730997e-04
1.27862534e-01 4.48376223e-05 4.00384689e-04
1.28395128e-01 -2.75907468e-04 3.95124997e-04
1.28927720e-01 -7.25725075e-06 4.08581297e-04
1.29460310e-01 9.78959031e-04 4.21823961e-04
1.29992898e-01 -3.52713661e-04 4.11478402e-04
1.30525484e-01 3.99738444e-05 4.00443452e-04
1.31058067e-01 -1.06389347e-04 4.04592719e-04
1.31590649e-01 8.60353381e-04 4.14361288e-04
1.32123228e-01 -2.88897977e-04 4.21653933e-04
1.32655805e-01 -6.32193054e-04 4.08496081e-04
1.33188380e-01 7.82513138e-04 4.10465868e-04
1.33720953e-01 -1.61310374e-04 4.21009588e-04
1.34253524e-01 5.29039236e-04 4.24486809e-04
1.34786093e-01 6.45952628e-05 4.22241712e-04
1.35318659e-01 -2.56833070e-04 4.10051384e-04
1.35851223e-01 5.52319246e-04 4.17043830e-04
1.36383785e-01 3.02676973e-05 4.09596141e-04
1.36916345e-01 -5.83908005e-04 4.03898676e-04
1.37448903e-01 3.02813207e-04 3.93947706e-04
1.37981458e-01 1.99193469e-04 4.03240680e-04
1.38514011e-01 5.47700106e-04 3.94381636e-04
1.39046562e-01 8.92771091e-04 3.96116101e-04
1.39579111e-01 -1.03238731e-04 3.90192923e-04
1.40111657e-01 3.42347037e-04 3.90451527e-04
1.40644201e-01 3.01044003e-05 3.97426504e-04
1.41176743e-01 4.59982436e-04 3.87946842e-04
1.41709283e-01 3.38859992e-04 3.96393406e-04
1.42241820e-01 4.62146674e-05 3.95020030e-04
1.42774355e-01 6.08123063e-05 3.88626443e-04
1.43306888e-01 -1.05425936e-04 3.73462914e-04
1.43839418e-01 -1.25327904e-04 3.86510864e-04
1.44371946e-01 6.70387095e-04 3.86574972e-04
1.44904472e-01 6.63795759e-04 3.80206458e-04
1.45436995e-01 -9.27752133e-05 3.80349936e-04
1.45969516e-01 3.01843944e-04 3.88115981e-04
1.46502035e-01 2.73211185e-04 3.65376088e-04
1.47034551e-01 -2.49593263e-04 3.83458931e-04
1.47567065e-01 5.65291274e-04 3.74201592e-04
1.48099577e-01 8.08987743e-05 3.80283620e-04
1.48632086e-01 -8.47206046e-04 3.67417477e-04
1.49164593e-01 -2.61784157e-04 3.66700749e-04
1.49697097e-01 -1.07911500e-04 3.78435544e-04
1.50229599e-01 1.70907029e-04 3.69057934e-04
1.50762098e-01 6.23535689e-04 3.82017430e-04
1.51294595e-01 4.73322236e-04 3.65610287e-04
1.51827090e-01 5.75251901e-04 3.71059349e-04
1.52359582e-01 -8.12950988e-05 3.72030024e-04
1.52892072e-01 4.94867987e-04 3.65057538e-04
1.53424559e-01 -2.00332010e-04 3.74828076e-04
1.53957044e-01 -3.28496047e-04 3.72343262e-04
1.54489526e-01 -4.39669378e-04 3.71527382e-04
1.55022006e-01 1.56590594e-04 3.79301909e-04
1.55554483e-01 9.79411058e-05 3.71725093e-04
1.56086958e-01 -1.24725846e-04 3.74506187e-04
1.56619430e-01 2.15506001e-04 3.62064379e-04
1.57151899e-01 3.69323791e-04 3.73595413e-04
1.57684366e-01 -4.44045291e-04 3.68039329e-04
1.58216831e-01 3.12266671e-06 3.78042312e-04
1.58749293e-01 -7.45441809e-04 3.65979910e-04
1.59281752e-01 1.42588119e-04 3.79251042e-04
1.59814209e-01 1.85422423e-05 3.78002841e-04
1.60346664e-01 9.04909131e-04 3.79111066e-04
1.60879115e-01 -6.27639257e-04 3.79262092e-04
1.61411564e-01 -1.02775357e-04 3.88555804e-04
1.61944011e-01 -5.91757435e-04 3.71398284e-04
1.62476455e-01 1.64772714e-04 3.75848274e-04
1.63008896e-01 2.87233969e-04 3.71025417e-04
1.63541335e-01 1.35478250e-06 3.69789489e-04
1.64073771e-01 1.01005416e-04 3.65961165e-04
1.64606204e-01 1.10694527e-04 3.71964802e-04
1.65138635e-01 -3.30894816e-04 3.62321858e-04
1.65671063e-01 5.43197070e-04 3.62369553e-04
1.66203488e-01 -4.40025101e-04 3.68255238e-04
1.66735910e-01 -1.98411298e-04 3.53208563e-04
1.67268330e-01 -4.48086150e-04 3.59643320e-04
1.67800748e-01 -5.53096503e-04 3.65175655e-04
1.68333162e-01 -4.38536148e-04 3.54248019e-04
1.68865574e-01 -2.11374895e-04 3.52894496e-04
1.69397983e-01 -1.08228869e-04 3.47025397e-04
1.69930389e-01 2.12276992e-05 3.50481185e-04
1.70462793e-01 9.73139801e-05 3.55138594e-04
1.70995194e-01 -2.97848818e-04 3.53331773e-04
1.71527592e-01 1.81443550e-04 3.57609212e-04
1.72059987e-01 -1.59412779e-04 3.53553726e-04
1.72592380e-01 4.40745839e-05 3.41390619e-04
1.73124769e-01 3.81465748e-04 3.47868622e-04
1.73657156e-01 -1.04935741e-04 3.57461617e-04
1.74189540e-01 -4.15612840e-04 3.43070867e-04
1.74721922e-01 -5.48177609e-04 3.35190983e-04
1.75254300e-01 1.51512568e-04 3.58205473e-04
1.75786676e-01 1.20821998e-04 3.51050331e-04
1.76319049e-01 8.50016635e-05 3.40531225e-04
1.76851418e-01 -5.45627988e-04 3.49852296e-04
1.77383786e-01 -1.09598760e-04 3.54358830e-04
1.77916150e-01 -1.11320193e-04 3.52307417e-04
1.78448511e-01 4.42765402e-04 3.49139519e-04
1.78980870e-01 5.97258957e-04 3.56065386e-04
1.79513225e-01 2.07096319e-04 3.53168108e-04
1.80045578e-01 -4.47836354e-04 3.58139641e-04
1.80577928e-01 -2.28229900e-04 3.56511052e-04
1.81110275e-01 2.00736604e-04 3.62672401e-04
1.81642618e-01 5.39027203e-04 3.61897606e-04
1.82174959e-01 -4.80194482e-05 3.55431728e-04
1.82707297e-01 4.51094653e-04 3.36980571e-04
1.83239633e-01 1.77854660e-04 3.50508468e-04
1.83771965e-01 1.23025407e-04 3.46810816e-04
1.84304294e-01 1.70259844e-04 3.57723841e-04
1.84836620e-01 6.82115654e-04 3.50839320e-04
1.85368943e-01 1.01176746e-04 3.41297281e-04
1.85901263e-01 3.70818567e-04 3.52179098e-04
1.86433581e-01 6.07999679e-04 3.45315431e-04
1.86965895e-01 4.07331853e-04 3.44996982e-04
1.87498206e-01 4.70890622e-04 3.36816661e-04
1.88030514e-01 9.24339191e-06 3.45372378e-04
1.88562819e-01 -3.22064821e-04 3.35452358e-04
1.89095121e-01 1.25900933e-04 3.40484314e-04
1.89627420e-01 -7.70848456e-04 3.31077444e-04
1.90159716e-01 4.67371345e-05 3.42328743e-04
1.90692009e-01 -1.37452013e-04 3.36535447e-04
1.91224299e-01 3.09389234e-05 3.39186456e-04
1.91756586e-01 -3.42994046e-04 3.33821438e-04
1.92288869e-01 -2.94837381e-04 3.36151055e-04
1.92821150e-01 4.85586513e-04 3.33043157e-04
1.93353427e-01 2.49628558e-04 3.33425426e-04
1.93885701e-01 -2.16757820e-04 3.34842193e-04
1.94417972e-01 8.21359900e-04 3.35904146e-04
1.94950240e-01 -1.56013393e-04 3.30036613e-04
1.95482505e-01 6.79452806e-05 3.36559053e-04
1.96014767e-01 3.37475856e-05 3.30469068e-04
1.96547025e-01 6.01908853e-04 3.25662829e-04
1.97079281e-01 4.08662001e-04 3.26357733e-04
1.97611533e-01 -6.00575205e-05 3.28751253e-04
1.98143782e-01 -4.08918932e-04 3.31189400e-04
1.98676028e-01 3.35561890e-04 3.21170679e-04
1.99208270e-01 5.76519974e-04 3.33052011e-04
1.99740510e-01 6.21760856e-04 3.28618341e-04
2.00272746e-01 -4.35496887e-04 3.17272998e-04
2.00804978e-01 2.14730181e-04 3.28883273e-04
2.01337208e-01 1.33028756e-04 3.19857049e-04
2.01869434e-01 1.10864814e-04 3.16899238e-04
2.02401658e-01 2.39447888e-04 3.24207360e-04
2.02933877e-01 2.39173622e-04 3.11163091e-04
2.03466094e-01 -1.34771106e-04 3.17375369e-04
2.03998307e-01 5.66599505e-05 3.10277406e-04
2.04530517e-01 -5.80652923e-05 3.25250932e-04
2.05062724e-01 2.01028128e-04 3.11441106e-04
2.05594927e-01 -1.02016617e-04 3.11789952e-04
2.06127127e-01 -5.41971973e-04 3.12678649e-04
2.06659324e-01 3.30102472e-04 3.19571398e-04
2.07191517e-01 4.12921889e-04 3.08004179e-04
2.07723707e-01 1.16859019e-04 3.18923588e-04
2.08255894e-01 1.91692231e-05 3.13809654e-04
2.08788077e-01 1.31502231e-04 3.05496570e-04
2.09320257e-01 2.55065545e-04 3.09228925e-04
2.09852434e-01 1.94388491e-04 3.16393227e-04
2.10384607e-01 -8.04420135e-06 2.99987702e-04
2.10916777e-01 1.29364924e-05 3.10501311e-04
2.11448943e-01 -7.32820004e-05 3.09439838e-04
2.11981106e-01 5.90551528e-04 3.11139961e-04
2.12513266e-01 4.62718610e-04 3.12537729e-04
2.13045422e-01 -5.30928997e-04 3.06109806e-04
2.13577575e-01 -3.34624614e-04 2.98997204e-04
2.14109724e-01 6.06555521e-06 3.09537890e-04
2.14641870e-01 5.16558422e-04 3.04494185e-04
2.15174012e-01 4.50469832e-04 3.02969808e-04
2.15706151e-01 6.40905721e-05 3.10786116e-04
2.16238286e-01 -2.02966817e-04 2.97775940e-04
2.16770418e-01 1.23277149e-04 3.06645169e-04
2.17302546e-01 2.74638280e-04 2.98704409e-04
2.17834671e-01 -4.58525141e-04 3.02648648e-04
2.18366792e-01 -1.78720621e-05 3.02772503e-04
2.18898910e-01 4.41345250e-05 3.03984038e-04
2.19431024e-01 -6.43462967e-05 2.96920030e-04
2.19963135e-01 3.00424749e-04 3.03406955e-04
2.20495242e-01 -3.71429980e-04 2.98429388e-04
2.21027346e-01 9.70408651e-05 2.99259553e-04
2.21559446e-01 1.07404190e-04 2.96502575e-04
2.22091542e-01 -3.52088519e-04 2.96607532e-04
2.22623635e-01 1.57343601e-05 3.02753751e-04
2.23155724e-01 5.10569320e-04 2.95798811e-04
2.23687810e-01 -1.24591336e-04 2.96213795e-04
2.24219892e-01 5.46750725e-05 2.97419710e-04
2.24751971e-01 5.95692023e-04 2.90875173e-04
2.25284045e-01 -1.79092403e-04 2.91373135e-04
2.25816117e-01 2.48665351e-04 3.02804355e-04
2.26348184e-01 -1.64063052e-04 2.93257162e-04
2.26880248e-01 -1.73539592e-04 2.89443016e-04
2.27412308e-01 1.13098091e-04 2.95904629e-04
2.27944365e-01 1.97635499e-04 2.93275846e-04
2.28476418e-01 -1.70759078e-04 2.92500169e-04
2.29008467e-01 1.90637804e-04 2.85258400e-04
2.29540512e-01 -2.02919149e-04 2.90600975e-04
2.30072554e-01 -1.97288903e-04 2.91430609e-04
2.30604592e-01 -3.90275749e-05 2.84955553e-04
2.31136626e-01 1.25969580e-04 2.88989893e-04
2.31668657e-01 3.93828321e-05 2.86465771e-04
2.32200684e-01 1.18009971e-04 2.90121518e-04
2.32732707e-01 4.11087002e-04 2.88983051e-04
2.33264726e-01 -7.48176639e-06 2.89058722e-04
2.33796742e-01 -1.55699835e-05 2.86085418e-04
2.34328754e-01 3.72429016e-04 2.89433477e-04
2.34860762e-01 -3.08887980e-04 2.79007716e-04
2.35392766e-01 -2.39310905e-04 2.86656401e-04
2.35924766e-01 6.28178119e-05 2.85612224e-04
2.36456763e-01 3.19678237e-04 2.78071268e-04
2.36988756e-01 5.40309905e-04 2.87639104e-04
2.37520745e-01 -6.89573290e-05 2.81748468e-04
2.38052730e-01 2.27351623e-04 2.83625728e-04
2.38584711e-01 6.82701146e-04 2.85055672e-04
2.39116689e-01 -1.90200429e-04 2.85169605e-04
2.39648662e-01 -2.24485714e-04 2.74539422e-04
2.40180632e-01 7.15418814e-04 2.92201541e-04
2.40712598e-01 1.92926571e-05 2.83151799e-04
2.41244560e-01 6.93656221e-06 2.78354099e-04
2.41776518e-01 -5.63288103e-05 2.85533028e-04
2.42308472e-01 -1.10494737e-04 2.80213949e-04
2.42840423e-01 -6.85831626e-05 2.70229542e-04
2.43372369e-01 4.13842936e-04 2.86581495e-04
2.43904311e-01 -2.11759166e-04 2.82450135e-04
2.44436250e-01 -6.71548070e-05 2.75861805e-04
2.44968184e-01 2.62657156e-04 2.81036054e-04
2.45500115e-01 -2.34523703e-04 2.81334410e-04
2.46032042e-01 -1.52215495e-04 2.79172849e-04
2.46563964e-01 2.12359562e-04 2.80194155e-04
2.47095883e-01 -3.92149585e-05 2.80961465e-04
2.47627798e-01 4.31020397e-04 2.72826992e-04
2.48159708e-01 1.25995271e-04 2.72699934e-04
2.48691615e-01 1.19621594e-04 2.76556022e-04
2.49223518e-01 4.02912098e-04 2.72596321e-04
2.49755416e-01 1.11384188e-04 2.74529680e-04
2.50287311e-01 -1.08832411e-04 2.80009769e-04
2.50819201e-01 -2.78020997e-04 2.78519751e-04
2.51351088e-01 2.07877890e-04 2.77453352e-04
2.51882971e-01 4.63472250e-04 2.76590417e-04
2.52414849e-01 -6.44917908e-05 2.72823464e-04
2.52946723e-01 6.30675747e-05 2.72962152e-04
2.53478594e-01 2.69307859e-04 2.74724497e-04
2.54010460e-01 1.61584810e-04 2.77318287e-04
2.54542322e-01 -5.41656118e-04 2.69896813e-04
2.55074180e-01 3.23915604e-04 2.80241889e-04
2.55606034e-01 8.20216646e-06 2.74050654e-04
2.56137883e-01 -7.37429276e-06 2.64117164e-04
2.56669729e-01 -1.46279804e-04 2.70648875e-04
2.57201570e-01 7.48390703e-05 2.70871869e-04
2.57733408e-01 -8.83424856e-06 2.73187807e-04
2.58265241e-01 6.38328122e-04 2.71451403e-04
2.58797070e-01 2.09411101e-04 2.62746540e-04
2.59328895e-01 -3.20657152e-04 2.58276045e-04
2.59860715e-01 1.93589791e-06 2.72156789e-04
2.60392532e-01 -1.94140880e-06 2.68633514e-04
2.60924344e-01 6.69035212e-04 2.69616040e-04
2.61456152e-01 8.22566202e-05 2.66069320e-04
2.61987956e-01 -3.74493378e-04 2.66556037e-04
2.62519755e-01 4.64416617e-04 2.67915836e-04
2.63051551e-01 -2.87785159e-04 2.68051339e-04
2.63583342e-01 7.52553179e-05 2.67506768e-04
2.64115129e-01 1.09548726e-04 2.63066815e-04
2.64646911e-01 3.64501831e-04 2.58777343e-04
2.65178690e-01 -2.64842164e-04 2.60778595e-04
2.65710464e-01 2.68006962e-06 2.64801861e-04
2.66242233e-01 -4.08888273e-04 2.69359338e-04
2.66773999e-01 -1.93445438e-04 2.64174264e-04
2.67305760e-01 -3.64896849e-04 2.66442534e-04
2.67837517e-01 -2.09468812e-04 2.67550333e-04
2.68369269e-01 -4.72582819e-05 2.68528725e-04
2.68901018e-01 -2.34240656e-04 2.59551822e-04
2.69432761e-01 -1.47576562e-04 2.63026973e-04
2.69964501e-01 -1.15582276e-05 2.71368100e-04
2.70496236e-01 -8.32480619e-05 2.66784192e-04
2.71027967e-01 2.87628040e-04 2.67556256e-04
2.71559693e-01 -7.08729384e-05 2.69948391e-04
2.72091415e-01 -5.89857828e-05 2.68246365e-04
2.72623133e-01 3.11800147e-05 2.67292185e-04
2.73154846e-01 4.75437663e-04 2.70038665e-04
2.73686555e-01 1.56036863e-04 2.71035040e-04
2.74218260e-01 9.31632176e-05 2.70842182e-04
2.74749960e-01 -1.00454297e-04 2.63763961e-04
2.75281655e-01 -1.36859809e-04 2.66089509e-04
2.75813346e-01 9.36376175e-06 2.69711584e-04
2.76345033e-01 1.25413822e-04 2.63396589e-04
2.76876715e-01 -1.23547244e-04 2.63457494e-04
2.77408393e-01 2.76053019e-06 2.68569598e-04
2.77940066e-01 1.94505277e-05 2.67832218e-04
2.78471735e-01 -1.24191767e-04 2.64696141e-04
2.79003400e-01 -3.03958102e-04 2.62771067e-04
2.79535059e-01 7.02416743e-05 2.59863236e-04
2.80066715e-01 -1.55531367e-04 2.65158736e-04
2.80598366e-01 -2.30603914e-04 2.66310244e-04
2.81130012e-01 -2.33958169e-04 2.62298117e-04
2.81661654e-01 -1.72438938e-04 2.63374132e-04
2.82193291e-01 -9.51769891e-05 2.63586473e-04
2.82724923e-01 6.67570867e-06 2.62249130e-04
2.83256552e-01 5.59731723e-04 2.62370505e-04
2.83788175e-01 3.06795710e-04 2.58759822e-04
2.84319794e-01 4.91739054e-04 2.63184630e-04
2.84851408e-01 9.75051561e-05 2.55672497e-04
2.85383018e-01 1.37192490e-04 2.56315705e-04
2.85914623e-01 1.83847848e-05 2.56377559e-04
2.86446224e-01 3.11038876e-04 2.57867507e-04
2.86977820e-01 -3.79789617e-04 2.55414255e-04
2.87509411e-01 3.29663679e-05 2.59115434e-04
2.88040998e-01 6.18328934e-04 2.61873708e-04
2.88572580e-01 -4.40587040e-04 2.56740227e-04
2.89104157e-01 1.31477998e-05 2.55983047e-04
2.89635730e-01 -3.60039835e-04 2.54534731e-04
2.90167298e-01 -3.44808365e-04 2.54119707e-04
2.90698862e-01 -8.40317102e-05 2.56638786e-04
2.91230420e-01 1.57305796e-04 2.55431909e-04
2.91761974e-01 -5.09940126e-05 2.59272151e-04
2.92293524e-01 4.20805690e-05 2.56298626e-04
2.92825068e-01 -7.07275149e-05 2.52237064e-04
2.93356608e-01 4.25254929e-04 2.56939147e-04
2.93888143e-01 -3.07761676e-04 2.58502007e-04
2.94419674e-01 1.13911958e-04 2.64792548e-04
2.94951199e-01 -2.93128068e-04 2.63575204e-04
2.95482720e-01 1.63835120e-04 2.57035935e-04
2.96014236e-01 -1.44887105e-04 2.50155457e-04
2.96545748e-01 7.95992927e-06 2.63852234e-04
2.97077254e-01 4.13923001e-04 2.54769824e-04
2.97608756e-01 3.89676053e-04 2.56259677e-04
2.98140253e-01 1.63328248e-04 2.58602958e-04
2.98671745e-01 2.05577247e-04 2.58067625e-04
2.99203233e-01 2.04512802e-04 2.53219260e-04
2.99734715e-01 2.00844946e-04 2.54829825e-04
3.00266193e-01 -1.94702994e-04 2.50735173e-04
3.00797666e-01 -4.10536523e-04 2.51505238e-04
3.01329134e-01 1.91748338e-05 2.51847492e-04
3.01860597e-01 -4.28435782e-05 2.47152017e-04
3.02392056e-01 -2.84072242e-04 2.50520350e-04
3.02923509e-01 -5.86849897e-06 2.49200797e-04
3.03454958e-01 3.21169526e-04 2.47779755e-04
3.03986401e-01 2.13150105e-04 2.51763598e-04
3.04517840e-01 -1.19763204e-04 2.49068019e-04
3.05049274e-01 -9.85853497e-06 2.45043148e-04
3.05580703e-01 3.75216656e-05 2.49425089e-04
3.06112127e-01 -7.77247240e-05 2.50227192e-04
3.06643546e-01 -1.43809352e-04 2.45162916e-04
3.07174960e-01 1.31019922e-04 2.48104978e-04
3.07706370e-01 2.51886546e-04 2.48011986e-04
3.08237774e-01 1.36627084e-04 2.47563255e-04
3.08769173e-01 5.33709667e-04 2.40882486e-04
3.09300568e-01 -3.86898397e-04 2.46008257e-04
3.09831957e-01 -1.25602531e-06 2.48776328e-04
3.10363341e-01 -1.95566167e-06 2.44177266e-04
3.10894721e-01 6.20116166e-05 2.43222953e-04
3.11426095e-01 2.60905020e-04 2.48525613e-04
3.11957464e-01 1.29698566e-04 2.44351711e-04
3.12488829e-01 4.47738936e-05 2.44946409e-04
3.13020188e-01 -1.27158537e-04 2.41211721e-04
3.13551542e-01 8.11364181e-05 2.41206191e-04
3.14082891e-01 1.52639145e-04 2.43203171e-04
3.14614235e-01 -2.70087055e-04 2.43054129e-04
3.15145574e-01 5.90984783e-05 2.44844489e-04
3.15676908e-01 -9.51123200e-06 2.43942732e-04
3.16208237e-01 -1.14978131e-04 2.42339452e-04
3.16739561e-01 -2.41301543e-04 2.41659734e-04
3.17270880e-01 1.09179768e-04 2.38143880e-04
3.17802193e-01 -9.30691058e-05 2.39956320e-04
3.18333502e-01 2.47190458e-04 2.41038209e-04
3.18864805e-01 2.89558294e-04 2.40430977e-04
3.19396103e-01 2.01307981e-04 2.39724009e-04
3.19927396e-01 -6.46934830e-05 2.39751753e-04
3.20458684e-01 1.03592221e-04 2.41478744e-04
3.20989967e-01 -4.16924485e-05 2.40130880e-04
3.21521244e-01 4.06037229e-05 2.33339361e-04
3.22052517e-01 -1.34582175e-04 2.37285915e-04
3.22583784e-01 -1.15130715e-04 2.32286632e-04
3.23115046e-01 2.73177997e-04 2.39108059e-04
3.23646303e-01 3.71513855e-04 2.37354489e-04
3.24177554e-01 -8.42804253e-06 2.39756738e-04
3.24708801e-01 3.37800008e-04 2.35119847e-04
3.25240042e-01 1.00729714e-04 2.35568458e-04
3.25771278e-01 2.08118032e-04 2.37421319e-04
3.26302508e-01 1.90677700e-04 2.34580627e-04
3.26833734e-01 -1.85954640e-05 2.37033225e-04
3.27364954e-01 -4.07423310e-05 2.30757657e-04
3.27896169e-01 1.27781061e-04 2.35195532e-04
3.28427378e-01 5.38068648e-04 2.30883691e-04
3.28958583e-01 4.91915527e-05 2.30705372e-04
3.29489782e-01 -2.40499638e-05 2.28412396e-04
3.30020975e-01 -6.46676777e-05 2.30356622e-04
3.30552164e-01 3.42518238e-04 2.32258262e-04
3.31083347e-01 6.87967779e-05 2.31842076e-04
3.31614524e-01 -9.05203237e-05 2.31748758e-04
3.32145697e-01 -1.12144033e-04 2.29695141e-04
3.32676864e-01 5.49849358e-05 2.35301064e-04
3.33208025e-01 1.73564254e-04 2.31627577e-04
3.33739182e-01 4.05919387e-04 2.35471475e-04
3.34270333e-01 3.95761202e-04 2.30019302e-04
3.34801478e-01 -1.33156589e-04 2.29644126e-04
3.35332618e-01 -4.33320767e-05 2.31603688e-04
3.35863753e-01 -2.99843390e-04 2.24577866e-04
3.36394883e-01 1.12409948e-04 2.27188870e-04
3.36926007e-01 1.14672810e-04 2.28918840e-04
3.37457125e-01 -1.44878183e-04 2.28223637e-04
3.37988238e-01 7.54772873e-05 2.29772100e-04
3.38519346e-01 1.14786602e-04 2.24205507e-04
3.39050448e-01 1.63999578e-04 2.26859758e-04
3.39581545e-01 5.44893352e-05 2.21635901e-04
3.40112636e-01 3.64717318e-04 2.29264706e-04
3.40643722e-01 3.89772653e-04 2.26565239e-04
3.41174802e-01 1.78520662e-04 2.25285013e-04
3.41705877e-01 1.95045576e-05 2.28195139e-04
3.42236946e-01 3.68280026e-06 2.23035164e-04
3.42768010e-01 -2.79620253e-05 2.21567681e-04
3.43299068e-01 -1.36456740e-04 2.24369679e-04
3.43830121e-01 2.53517354e-04 2.21531042e-04
3.44361168e-01 1.80945910e-05 2.24118888e-04
3.44892210e-01 -2.85257919e-04 2.25727794e-04
3.45423246e-01 1.69928527e-04 2.20795289e-04
3.45954277e-01 1.99537764e-04 2.21815460e-04
3.46485302e-01 -3.99626429e-05 2.25638454e-04
3.47016321e-01 -1.23031138e-04 2.23469712e-04
3.47547335e-01 2.02289871e-04 2.23830677e-04
3.48078343e-01 2.58377752e-04 2.19568701e-04
3.48609346e-01 -1.14655342e-04 2.21240436e-04
3.49140343e-01 2.18692904e-04 2.21498848e-04
3.49671334e-01 3.24635675e-04 2.24238151e-04
3.50202320e-01 3.18354056e-04 2.20279475e-04
3.50733300e-01 4.88351416e-04 2.22805798e-04
3.51264275e-01 -1.89590143e-04 2.22174457e-04
3.51795244e-01 6.70056469e-05 2.21784381e-04
3.52326207e-01 1.02056950e-04 2.22340400e-04
3.52857164e-01 -1.18008113e-04 2.18652412e-04
3.53388116e-01 -2.11698021e-05 2.18306401e-04
3.53919062e-01 1.39839156e-04 2.19054449e-04
3.54450003e-01 6.08969419e-05 2.18973555e-04
3.54980938e-01 -6.00597380e-05 2.23389491e-04
3.55511867e-01 7.29619608e-05 2.20516936e-04
3.56042790e-01 2.34628508e-04 2.20381347e-04
3.56573708e-01 -2.21906430e-04 2.19608482e-04
3.57104620e-01 1.49503976e-04 2.17808543e-04
3.57635526e-01 -4.27364016e-04 2.14854357e-04
3.58166426e-01 4.09131058e-05 2.13261141e-04
3.58697321e-01 2.59421127e-04 2.15412237e-04
3.59228210e-01 2.99233875e-05 2.18465840e-04
3.59759093e-01 9.13822706e-05 2.14207222e-04
3.60289970e-01 -2.69645024e-04 2.14866735e-04
3.60820841e-01 2.27792699e-04 2.16481058e-04
3.61351707e-01 2.32130852e-04 2.17619595e-04
3.61882567e-01 1.03571565e-05 2.18091532e-04
3.62413421e-01 1.19438066e-04 2.14849753e-04
3.62944269e-01 -1.88948173e-04 2.17011090e-04
3.63475112e-01 -3.23433049e-05 2.15253471e-04
3.64005948e-01 -1.37761247e-04 2.14695401e-04
3.64536779e-01 1.64799007e-04 2.16748271e-04
3.65067604e-01 -3.47668868e-04 2.13421961e-04
3.65598423e-01 2.00530976e-04 2.13160289e-04
3.66129236e-01 -1.02070066e-04 2.10394438e-04
3.66660043e-01 -2.78317394e-04 2.14525248e-04
3.67190844e-01 2.22527748e-06 2.14824671e-04
3.67721639e-01 2.38518028e-05 2.16025057e-04
3.68252429e-01 -3.51349197e-04 2.07628352e-04
3.68783212e-01 8.34552853e-05 2.10730087e-04
3.69313990e-01 2.47570343e-04 2.09723001e-04
3.69844762e-01 -4.83183183e-04 2.09993026e-04
3.70375527e-01 2.61167683e-04 2.11330052e-04
3.70906287e-01 -4.99330205e-05 2.13905467e-04
3.71437041e-01 1.65783903e-04 2.08648183e-04
3.71967789e-01 5.94177477e-05 2.16015438e-04
3.72498531e-01 -4.66867415e-05 2.12104611e-04
3.73029266e-01 1.74298997e-04 2.11633403e-04
3.73559996e-01 -1.25273547e-04 2.08512309e-04
3.74090720e-01 -1.91000102e-04 2.10916654e-04
3.74621438e-01 -1.65735736e-04 2.10963394e-04
3.75152150e-01 -7.59704811e-06 2.08331871e-04
3.75682855e-01 4.28227265e-04 2.12626413e-04
3.76213555e-01 -3.28628489e-04 2.09608974e-04
3.76744249e-01 -7.78355634e-05 2.06431671e-04
3.77274936e-01 -9.15426140e-05 2.07805980e-04
3.77805618e-01 -2.33200037e-05 2.08851957e-04
3.78336293e-01 -7.00584073e-06 2.12281862e-04
3.78866963e-01 -9.28481369e-05 2.10254212e-04
3.79397626e-01 1.50706146e-04 2.07534052e-04
3.79928283e-01 1.64202712e-05 2.12610067e-04
3.80458934e-01 -4.83877774e-06 2.10443111e-04
3.80989579e-01 1.47975464e-04 2.08021140e-04
3.81520218e-01 2.49502478e-04 2.14555113e-04
3.82050851e-01 3.07550138e-04 2.09735758e-04
3.82581478e-01 2.69356466e-04 2.10730609e-04
3.83112098e-01 -1.70520915e-04 2.12732772e-04
3.83642712e-01 -2.19391335e-04 2.10435932e-04
3.84173320e-01 -1.30003988e-04 2.13401074e-04
3.84703922e-01 -9.73636662e-05 2.10029665e-04
3.85234518e-01 -6.97856746e-05 2.14028746e-04
3.85765108e-01 4.03156405e-04 2.13384264e-04
3.86295691e-01 -1.91355865e-04 2.09326526e-04
3.86826268e-01 1.37376205e-04 2.14271042e-04
3.87356839e-01 -1.37723507e-04 2.12899898e-04
3.87887404e-01 -2.09450209e-05 2.14532813e-04
3.88417962e-01 -1.39186723e-04 2.09682809e-04
3.88948514e-01 -2.77388339e-05 2.12701191e-04
3.89479060e-01 4.24335543e-04 2.13534292e-04
3.90009600e-01 7.98265543e-05 2.10142434e-04
3.90540134e-01 -2.36737101e-04 2.12680941e-04
3.91070661e-01 1.59067008e-04 2.08808807e-04
3.91601182e-01 3.18703065e-04 2.13112118e-04
3.92131696e-01 8.05374789e-05 2.09185924e-04
3.92662205e-01 -2.74602263e-04 2.09409178e-04
3.93192707e-01 -2.96129104e-04 2.11361601e-04
3.93723202e-01 3.05154213e-05 2.13002996e-04
3.94253692e-01 -2.76573560e-04 2.12406049e-04
3.94784175e-01 4.63383564e-05 2.12931420e-04
3.95314651e-01 1.34441048e-04 2.15511078e-04
3.95845122e-01 7.94296056e-05 2.08846090e-04
3.96375585e-01 -6.26992437e-05 2.14241138e-04
3.96906043e-01 7.89376416e-06 2.13527866e-04
3.97436494e-01 -1.17105989e-04 2.16671007e-04
3.97966939e-01 -3.56064961e-04 2.11566460e-04
3.98497377e-01 1.91704462e-04 2.14122773e-04
3.99027809e-01 5.22338809e-04 2.17480421e-04
3.99558235e-01 -1.60848688e-04 2.10929995e-04
4.00088654e-01 -9.06822869e-05 2.13892219e-04
4.00619067e-01 4.66874885e-04 2.15049318e-04
4.01149473e-01 4.68523002e-04 2.17787995e-04
4.01679873e-01 1.46773910e-04 2.15703331e-04
4.02210267e-01 2.81828373e-04 2.18019400e-04
4.02740654e-01 -1.43524829e-04 2.18064973e-04
4.03271034e-01 1.36093459e-04 2.22475223e-04
4.03801408e-01 1.57738562e-04 2.27067496e-04
4.04331776e-01 -1.86659681e-04 2.18485820e-04
4.04862137e-01 -1.15960185e-04 2.23797927e-04
4.05392491e-01 2.93720406e-04 2.21898507e-04
4.05922839e-01 -7.60503347e-05 2.21876125e-04
4.06453181e-01 2.46299554e-04 2.24916680e-04
4.06983516e-01 -1.23524885e-04 2.21802699e-04
4.07513844e-01 3.67819276e-05 2.26463219e-04
4.08044166e-01 -3.72062208e-04 2.24824583e-04
4.08574481e-01 1.09546358e-04 2.27589898e-04
4.09104790e-01 9.26803199e-05 2.29639676e-04
4.09635092e-01 1.22161308e-05 2.28879503e-04
4.10165388e-01 -1.34047695e-04 2.25615901e-04
4.10695677e-01 -2.45624000e-04 2.30012768e-04
4.11225960e-01 -6.10761481e-05 2.46737084e-04
4.11756235e-01 2.91545785e-05 2.59464623e-04
4.12286505e-01 2.94730054e-05 2.76301658e-04
4.12816767e-01 1.99896882e-04 2.84387325e-04
4.13347023e-01 2.47803588e-04 2.95506956e-04
4.13877273e-01 5.26761029e-04 3.26272460e-04
4.14407515e-01 -1.76930271e-04 3.40858776e-04
4.14937751e-01 3.92543316e-04 3.52599340e-04
4.15467981e-01 4.69993389e-05 3.52235309e-04
4.15998203e-01 -2.91761816e-04 3.51762213e-04
4.16528419e-01 2.94722646e-04 3.61606529e-04
4.17058629e-01 3.44462597e-04 3.49342154e-04
4.17588831e-01 -7.16981470e-05 3.54452054e-04
4.18119027e-01 -2.30310961e-04 4.06054920e-04
4.18649217e-01 1.27555371e-03 5.22338595e-04
4.19179399e-01 2.06462945e-03 1.52162320e-03
