7.45980241e-03 2.11017015e-02 3.27518708e-02
7.99264482e-03 2.26622405e-02 1.96186131e-02
8.52548709e-03 1.49248196e-02 1.43762651e-02
9.05832923e-03 1.21502885e-02 1.19789090e-02
9.59117122e-03 5.31846920e-03 1.12030054e-02
1.01240131e-02 -3.94965323e-03 8.43776793e-03
1.06568547e-02 7.29942927e-03 8.02571744e-03
1.11896962e-02 -9.10557719e-04 5.54449443e-03
1.17225375e-02 3.69564593e-03 4.12599013e-03
1.22553787e-02 3.86050526e-03 3.33590600e-03
1.27882196e-02 2.80264709e-03 3.00350685e-03
1.33210603e-02 5.08609617e-03 2.51785963e-03
1.38539008e-02 4.49145538e-03 2.19781015e-03
1.43867411e-02 7.06590401e-03 2.15762188e-03
1.49195812e-02 4.87914983e-03 2.08300981e-03
1.54524210e-02 1.73886801e-03 1.71511978e-03
1.59852605e-02 3.26218571e-04 1.62096562e-03
1.65180998e-02 3.28520652e-03 1.57879461e-03
1.70509389e-02 1.16629989e-03 1.54663810e-03
1.75837776e-02 1.02552709e-03 1.37870861e-03
1.81166161e-02 1.17861236e-03 1.37416644e-03
1.86494543e-02 1.01521035e-03 1.28571001e-03
1.91822922e-02 7.23137951e-04 1.24287634e-03
1.97151297e-02 2.93866706e-03 1.26739770e-03
2.02479670e-02 2.76043788e-03 1.16258678e-03
2.07808039e-02 -1.97993698e-04 1.11653874e-03
2.13136405e-02 2.50973591e-03 1.20652756e-03
2.18464767e-02 2.37453944e-03 1.14935679e-03
2.23793126e-02 1.02526455e-03 1.01755058e-03
2.29121481e-02 2.71972353e-03 1.16451546e-03
2.34449833e-02 2.30511115e-03 1.02782409e-03
2.39778181e-02 2.26418294e-03 9.80529150e-04
2.45106524e-02 1.12105194e-03 1.03386513e-03
2.50434864e-02 3.91871937e-04 9.73912178e-04
2.55763200e-02 1.19079146e-03 9.72398708e-04
2.61091532e-02 2.15063781e-03 9.87368637e-04
2.66419859e-02 1.07101080e-03 8.99449028e-04
2.71748182e-02 7.10808742e-04 9.51179171e-04
2.77076501e-02 1.91785772e-03 9.47956350e-04
2.82404815e-02 3.00812156e-03 9.18868327e-04
2.87733125e-02 1.31344226e-03 9.13138666e-04
2.93061430e-02 1.08196558e-03 9.03120429e-04
2.98389731e-02 1.38680799e-03 9.45937572e-04
3.03718026e-02 2.62619327e-03 8.52189921e-04
3.09046317e-02 5.59289713e-04 8.91806054e-04
3.14374602e-02 1.29538001e-03 8.20931684e-04
3.19702883e-02 1.48027757e-03 8.46689822e-04
3.25031158e-02 1.10178445e-03 8.47564916e-04
3.30359428e-02 3.84872452e-04 8.24163676e-04
3.35687693e-02 5.13535635e-04 7.78713074e-04
3.41015952e-02 6.52072656e-04 8.20617099e-04
3.46344206e-02 6.01729502e-04 7.80951123e-04
3.51672454e-02 2.01043128e-03 7.90908025e-04
3.57000696e-02 1.20309883e-03 8.15296003e-04
3.62328933e-02 1.32321382e-03 7.66040313e-04
3.67657164e-02 1.36949732e-03 8.17554770e-04
3.72985389e-02 -6.73528137e-04 7.35786395e-04
3.78313608e-02 1.46641237e-03 7.44520094e-04
3.83641820e-02 1.50743513e-03 7.18445876e-04
3.88970027e-02 1.79923652e-03 7.60436721e-04
3.94298227e-02 1.58434834e-03 8.05866118e-04
3.99626421e-02 8.94300025e-04 7.33537520e-04
4.04954608e-02 1.43911014e-03 7.67335098e-04
4.10282789e-02 7.87867142e-04 7.36146123e-04
4.15610963e-02 6.98404989e-04 7.74325837e-04
4.20939131e-02 -1.74450868e-04 7.34997246e-04
4.26267291e-02 9.09440620e-04 7.41475137e-04
4.31595445e-02 1.11458137e-03 7.29231437e-04
4.36923592e-02 1.80057887e-03 7.35036314e-04
4.42251732e-02 1.01389571e-03 7.32114112e-04
4.47579864e-02 1.04457440e-03 7.49961559e-04
4.52907989e-02 -8.98419608e-05 7.26369881e-04
4.58236107e-02 -1.20078203e-03 7.00970078e-04
4.63564218e-02 -2.17817584e-04 6.95133449e-04
4.68892321e-02 1.05681214e-03 7.37535388e-04
4.74220417e-02 1.26369806e-03 7.18945754e-04
4.79548504e-02 1.78801643e-03 7.59159050e-04
4.84876584e-02 8.05229078e-04 7.15415036e-04
4.90204657e-02 -2.75601988e-04 7.11583749e-04
4.95532721e-02 6.04658944e-04 7.13890681e-04
5.00860777e-02 1.00759007e-03 6.91762251e-04
5.06188825e-02 1.93287727e-03 6.91702011e-04
5.11516865e-02 1.74778878e-03 7.16542552e-04
5.16844897e-02 8.88392656e-04 6.47894119e-04
5.22172920e-02 1.36423419e-03 6.53963547e-04
5.27500935e-02 1.49955106e-03 6.71931690e-04
5.32828941e-02 1.55242272e-03 6.70674827e-04
5.38156939e-02 1.28194076e-03 6.44255397e-04
5.43484928e-02 -3.47366352e-04 6.43387302e-04
5.48812908e-02 2.15164805e-04 6.83652880e-04
5.54140880e-02 8.37271444e-04 6.54326051e-04
5.59468842e-02 1.19455770e-03 6.28507680e-04
5.64796795e-02 5.93148218e-04 6.37671009e-04
5.70124739e-02 8.12087194e-04 6.36077358e-04
5.75452674e-02 9.11705241e-04 6.26511295e-04
5.80780600e-02 -3.95088080e-04 6.08036393e-04
5.86108516e-02 1.18588920e-03 6.27203130e-04
5.91436423e-02 1.19399911e-03 6.30087020e-04
5.96764320e-02 5.02946261e-04 6.21945492e-04
6.02092208e-02 6.30626559e-04 6.06675593e-04
6.07420086e-02 1.07773125e-03 6.05457848e-04
6.12747953e-02 -6.71553252e-04 5.97971299e-04
6.18075812e-02 1.61704936e-04 6.12216120e-04
6.23403660e-02 5.59851561e-04 6.00712296e-04
6.28731498e-02 -5.12823166e-04 6.06870637e-04
6.34059325e-02 -3.30111769e-05 6.10327907e-04
6.39387143e-02 1.29771468e-03 6.13818177e-04
6.44714950e-02 2.78126133e-04 5.97396114e-04
6.50042747e-02 4.44464558e-04 6.27356990e-04
6.55370533e-02 4.80331820e-04 5.92626349e-04
6.60698309e-02 8.21011680e-04 6.08108677e-04
6.66026074e-02 -2.03064331e-04 5.87966012e-04
6.71353828e-02 9.25777127e-04 5.94310667e-04
6.76681571e-02 3.25405456e-04 6.25296384e-04
6.82009304e-02 9.27175241e-04 5.83928702e-04
6.87337025e-02 -1.40877853e-04 6.20537470e-04
6.92664735e-02 -5.80953467e-04 5.94674278e-04
6.97992434e-02 -3.32510656e-04 6.00678769e-04
7.03320122e-02 -2.15276606e-06 5.79806272e-04
7.08647798e-02 8.92112921e-04 5.92143087e-04
7.13975463e-02 -5.34369655e-05 6.13355171e-04
7.19303116e-02 2.95227488e-04 5.70811778e-04
7.24630758e-02 6.28737825e-04 5.91731989e-04
7.29958388e-02 -6.72028008e-04 5.74669714e-04
7.35286006e-02 -1.62665195e-03 5.45915304e-04
7.40613612e-02 -2.20533375e-05 5.54224565e-04
7.45941207e-02 2.30096477e-04 5.71692489e-04
7.51268789e-02 6.42523294e-04 5.58813194e-04
7.56596359e-02 3.05121345e-04 5.63169378e-04
7.61923917e-02 5.46595895e-04 5.43794832e-04
7.67251462e-02 -3.21479615e-04 5.73002239e-04
7.72578995e-02 3.47294866e-04 5.65523982e-04
7.77906516e-02 -8.36036760e-04 5.34248916e-04
7.83234024e-02 6.30073756e-05 5.50767785e-04
7.88561519e-02 -4.48644018e-04 5.44309468e-04
7.93889002e-02 -5.51976310e-04 5.34151496e-04
7.99216472e-02 -5.63525500e-04 5.24950246e-04
8.04543928e-02 3.09319384e-05 5.35877539e-04
8.09871372e-02 2.13834644e-04 5.49837951e-04
8.15198803e-02 -3.15212181e-05 5.31697978e-04
8.20526220e-02 5.54738490e-04 5.41321527e-04
8.25853624e-02 2.20190396e-04 5.17355337e-04
8.31181015e-02 1.56302153e-05 5.33239497e-04
8.36508393e-02 2.92304386e-04 5.14553505e-04
8.41835757e-02 5.48563065e-04 5.38770243e-04
8.47163107e-02 5.06737206e-04 5.22250085e-04
8.52490443e-02 6.41271572e-04 4.91935936e-04
8.57817766e-02 3.62944080e-04 5.40875077e-04
8.63145075e-02 5.80400540e-04 5.02726202e-04
8.68472370e-02 -6.14068220e-04 4.83204957e-04
8.73799651e-02 -1.01950908e-03 5.02979219e-04
8.79126918e-02 -9.44307252e-05 4.99699321e-04
8.84454170e-02 2.85470201e-04 5.06255751e-04
8.89781408e-02 2.95918156e-04 5.06947990e-04
8.95108632e-02 4.59534872e-04 4.99600061e-04
9.00435842e-02 4.93386422e-04 5.10812795e-04
9.05763036e-02 1.30973858e-04 4.80560366e-04
9.11090217e-02 3.45550860e-04 5.24593481e-04
9.16417382e-02 -1.01039961e-04 4.97936245e-04
9.21744532e-02 1.30608760e-04 4.92537766e-04
9.27071668e-02 9.51653077e-04 5.08368219e-04
9.32398789e-02 1.37916839e-04 4.85153643e-04
9.37725894e-02 -2.34368614e-04 4.90367413e-04
9.43052985e-02 1.59057363e-03 4.86233209e-04
9.48380060e-02 3.97015145e-04 4.87218198e-04
9.53707120e-02 8.68734574e-04 4.80062881e-04
9.59034164e-02 -3.26152172e-05 4.72663240e-04
9.64361193e-02 -3.66697990e-04 4.71489937e-04
9.69688206e-02 1.02877756e-03 4.64237381e-04
9.75015204e-02 3.03902482e-04 4.72123068e-04
9.80342186e-02 -2.18265814e-04 4.66187675e-04
9.85669152e-02 7.04540903e-05 4.81205612e-04
9.90996102e-02 2.26695837e-04 4.62533929e-04
9.96323036e-02 3.53924173e-04 4.54378676e-04
1.00164995e-01 -1.99160446e-04 4.53815849e-04
1.00697686e-01 1.38042288e-04 4.47450689e-04
1.01230374e-01 5.34881042e-04 4.58111778e-04
1.01763061e-01 6.78910542e-04 4.57975121e-04
1.02295746e-01 3.75759413e-04 4.56514137e-04
1.02828430e-01 -1.16313140e-04 4.62263030e-04
1.03361112e-01 -8.42958937e-04 4.50565707e-04
1.03893792e-01 2.42276380e-05 4.42370862e-04
1.04426471e-01 4.80829642e-05 4.39367900e-04
1.04959148e-01 -7.32749979e-05 4.65788341e-04
1.05491823e-01 2.61336403e-04 4.49127689e-04
1.06024496e-01 4.29461328e-04 4.51757870e-04
1.06557168e-01 -1.84334353e-04 4.47830553e-04
1.07089838e-01 1.88618369e-04 4.31274934e-04
1.07622506e-01 -2.64970089e-05 4.50915762e-04
1.08155173e-01 2.51295846e-04 4.38669020e-04
1.08687838e-01 2.65149792e-04 4.49991066e-04
1.09220501e-01 6.02346010e-04 4.47334154e-04
1.09753162e-01 -4.21932119e-04 4.37920020e-04
1.10285822e-01 7.28477055e-05 4.40984673e-04
1.10818479e-01 -2.98320343e-05 4.38692902e-04
1.11351135e-01 3.91004318e-05 4.49610967e-04
1.11883790e-01 7.00066350e-04 4.51537016e-04
1.12416442e-01 -6.37982877e-05 4.21465290e-04
1.12949092e-01 3.75754921e-04 4.20129871e-04
1.13481741e-01 3.25689842e-04 4.38055437e-04
1.14014388e-01 -4.78810020e-05 4.32928881e-04
1.14547033e-01 1.72523783e-05 4.09528047e-04
1.15079676e-01 -1.53379269e-04 4.27589963e-04
1.15612318e-01 -1.72095579e-04 4.43965033e-04
1.16144957e-01 -1.45924369e-04 4.25567808e-04
1.16677595e-01 2.76093664e-04 4.20092390e-04
1.17210230e-01 -6.74403942e-05 4.22044593e-04
1.17742864e-01 1.33496691e-04 4.16439710e-04
1.18275496e-01 2.28957881e-04 4.27601346e-04
1.18808126e-01 -2.44294540e-04 4.26868276e-04
1.19340754e-01 -2.57243309e-04 4.14328496e-04
1.19873380e-01 2.93800616e-04 4.28023727e-04
1.20406004e-01 3.51995647e-04 4.13263527e-04
1.20938626e-01 7.92985435e-04 4.05640124e-04
1.21471247e-01 -4.60893486e-04 4.14462511e-04
1.22003865e-01 7.70434571e-04 4.12451038e-04
1.22536481e-01 3.81510225e-04 4.17203403e-04
1.23069096e-01 -6.03457429e-04 3.96842926e-04
1.23601708e-01 2.49243789e-04 3.95002124e-04
1.24134318e-01 -5.75767812e-04 3.98332292e-04
1.24666927e-01 -1.13188502e-03 3.99545224e-04
1.25199533e-01 -3.12017398e-04 4.09428508e-04
1.25732137e-01 1.36368207e-04 3.99436888e-04
1.26264740e-01 -4.41199139e-04 3.97452090e-04
1.26797340e-01 4.86067128e-04 4.10721297e-04
1.27329938e-01 9.43476910e-04 3.98514065e-04
1.27862534e-01 -1.06825880e-05 4.09311430e-04
1.28395128e-01 -1.46348788e-04 4.17620166e-04
1.28927720e-01 -7.15525892e-05 4.02113752e-04
1.29460310e-01 3.63447263e-04 4.10738809e-04
1.29992898e-01 8.90730864e-04 4.19633997e-04
1.30525484e-01 -7.19107507e-04 4.11896531e-04
1.31058067e-01 -1.55725432e-05 4.14890583e-04
1.31590649e-01 5.49777011e-04 4.21389893e-04
1.32123228e-01 4.13321432e-04 4.11972539e-04
1.32655805e-01 3.45139076e-04 4.17348969e-04
1.33188380e-01 4.57370363e-04 4.14495016e-04
1.33720953e-01 2.31455768e-05 4.16358720e-04
1.34253524e-01 -6.69149577e-05 4.15974976e-04
1.34786093e-01 -2.11905353e-04 4.09004547e-04
1.35318659e-01 -4.06337236e-05 4.07301252e-04
1.35851223e-01 3.80376053e-04 3.99595901e-04
1.36383785e-01 -5.77981584e-04 3.93381941e-04
1.36916345e-01 5.82663715e-04 4.03411053e-04
1.37448903e-01 1.81548341e-04 3.97635963e-04
1.37981458e-01 7.16202523e-05 3.98042484e-04
1.38514011e-01 -1.99893769e-04 3.93717527e-04
1.39046562e-01 -8.37777225e-05 3.89641849e-04
1.39579111e-01 7.60451444e-05 3.81360333e-04
1.40111657e-01 4.77130595e-04 3.97015475e-04
1.40644201e-01 4.57770362e-04 4.02920801e-04
1.41176743e-01 -6.75158748e-05 3.99260030e-04
1.41709283e-01 4.73142410e-04 3.90060553e-04
1.42241820e-01 2.30805667e-04 3.85335710e-04
1.42774355e-01 8.44679185e-04 3.84737059e-04
1.43306888e-01 1.12995738e-04 3.95175829e-04
1.43839418e-01 2.85736513e-04 3.89621871e-04
1.44371946e-01 2.98768612e-04 3.85218503e-04
1.44904472e-01 3.62093605e-04 3.92160794e-04
1.45436995e-01 -5.14611812e-04 3.73853602e-04
1.45969516e-01 -3.06187707e-04 3.88601078e-04
1.46502035e-01 5.59562813e-04 3.80002680e-04
1.47034551e-01 -3.66705986e-04 3.70179029e-04
1.47567065e-01 4.23370569e-04 3.72537341e-04
1.48099577e-01 1.34840725e-04 3.73729676e-04
1.48632086e-01 1.48950312e-04 3.79965536e-04
1.49164593e-01 2.80200868e-04 3.69268068e-04
1.49697097e-01 2.39241863e-04 3.73510056e-04
1.50229599e-01 -4.36924646e-05 3.69003092e-04
1.50762098e-01 3.76148465e-04 3.75762463e-04
1.51294595e-01 2.23451548e-04 3.67720778e-04
1.51827090e-01 3.24827122e-04 3.72791952e-04
1.52359582e-01 1.68673651e-04 3.65984533e-04
1.52892072e-01 1.09941711e-03 3.65528516e-04
1.53424559e-01 2.84590384e-04 3.67482912e-04
1.53957044e-01 5.48356319e-04 3.64690180e-04
1.54489526e-01 8.35903415e-04 3.70340474e-04
1.55022006e-01 2.33528671e-04 3.70719520e-04
1.55554483e-01 3.76922388e-04 3.71401510e-04
1.56086958e-01 -1.38435212e-04 3.64367555e-04
1.56619430e-01 -2.11531852e-04 3.71761655e-04
1.57151899e-01 -2.40848960e-04 3.67791133e-04
1.57684366e-01 3.60006891e-04 3.90191573e-04
1.58216831e-01 2.51640686e-04 3.78302853e-04
1.58749293e-01 2.82337587e-04 3.75822900e-04
1.59281752e-01 -1.36813874e-04 3.71758745e-04
1.59814209e-01 1.18681840e-04 3.75803576e-04
1.60346664e-01 8.26488102e-05 3.67788330e-04
1.60879115e-01 -1.49140977e-04 3.69841936e-04
1.61411564e-01 -3.22044645e-04 3.87322950e-04
1.61944011e-01 1.54587787e-04 3.82208533e-04
1.62476455e-01 5.93295166e-04 3.79538074e-04
1.63008896e-01 -6.56802455e-04 3.79830897e-04
1.63541335e-01 -7.57757586e-04 3.68166760e-04
1.64073771e-01 -2.45232284e-05 3.68138296e-04
1.64606204e-01 2.22733504e-05 3.61808810e-04
1.65138635e-01 6.08272388e-04 3.61358266e-04
1.65671063e-01 3.74393746e-04 3.63830521e-04
1.66203488e-01 6.73306487e-04 3.65481500e-04
1.66735910e-01 -3.80550710e-04 3.54724383e-04
1.67268330e-01 -3.90856902e-04 3.55178125e-04
1.67800748e-01 -5.23808739e-05 3.56644403e-04
1.68333162e-01 -9.13935031e-04 3.49547010e-04
1.68865574e-01 -2.39452429e-04 3.55771078e-04
1.69397983e-01 1.52464226e-05 3.62770548e-04
1.69930389e-01 -1.07635248e-04 3.47541001e-04
1.70462793e-01 1.50981233e-04 3.56129548e-04
1.70995194e-01 6.42910934e-05 3.59470196e-04
1.71527592e-01 8.09846038e-04 3.53573727e-04
1.72059987e-01 3.69118057e-04 3.43973546e-04
1.72592380e-01 -1.44715942e-04 3.51171508e-04
1.73124769e-01 2.35770780e-04 3.58306910e-04
1.73657156e-01 5.57784571e-04 3.47114500e-04
1.74189540e-01 -8.60243968e-05 3.48601014e-04
1.74721922e-01 6.52819533e-04 3.49142634e-04
1.75254300e-01 -2.96903570e-04 3.44015849e-04
1.75786676e-01 -5.83496102e-05 3.51794698e-04
1.76319049e-01 1.58102035e-04 3.57932672e-04
1.76851418e-01 4.80666445e-04 3.61282288e-04
1.77383786e-01 8.45724749e-04 3.59407234e-04
1.77916150e-01 -3.82025640e-04 3.51173472e-04
1.78448511e-01 -2.35663099e-04 3.40789062e-04
1.78980870e-01 -2.06289505e-04 3.54491579e-04
1.79513225e-01 -2.77212056e-04 3.51189675e-04
1.80045578e-01 -6.11758935e-05 3.48456899e-04
1.80577928e-01 -2.91051733e-04 3.56844415e-04
1.81110275e-01 -8.52541477e-05 3.65533694e-04
1.81642618e-01 2.07830377e-04 3.53711353e-04
1.82174959e-01 4.64970659e-04 3.58142759e-04
1.82707297e-01 -5.43316973e-04 3.53609791e-04
1.83239633e-01 5.14005947e-04 3.57500628e-04
1.83771965e-01 -2.50810672e-05 3.51360152e-04
1.84304294e-01 2.00851325e-04 3.56852249e-04
1.84836620e-01 -2.70389028e-04 3.53059267e-04
1.85368943e-01 3.80887631e-04 3.53461581e-04
1.85901263e-01 1.25934212e-04 3.45401664e-04
1.86433581e-01 1.11414514e-04 3.48447987e-04
1.86965895e-01 -1.12812891e-04 3.41790880e-04
1.87498206e-01 5.34085770e-04 3.44905916e-04
1.88030514e-01 7.16585867e-05 3.44238988e-04
1.88562819e-01 5.86660010e-04 3.41211695e-04
1.89095121e-01 9.90618034e-05 3.37874651e-04
1.89627420e-01 -3.28294382e-04 3.35697265e-04
1.90159716e-01 -2.38110819e-04 3.40330968e-04
1.90692009e-01 4.69367001e-04 3.39265221e-04
1.91224299e-01 -1.40148882e-04 3.39702649e-04
1.91756586e-01 4.15314701e-04 3.41322972e-04
1.92288869e-01 1.89110715e-04 3.21602210e-04
1.92821150e-01 1.77504760e-04 3.37657132e-04
1.93353427e-01 -3.11540683e-04 3.35909098e-04
1.93885701e-01 -4.72008840e-04 3.28852533e-04
1.94417972e-01 8.20940477e-06 3.24789488e-04
1.94950240e-01 -1.76342939e-04 3.28173739e-04
1.95482505e-01 5.35119244e-05 3.27169656e-04
1.96014767e-01 -4.23029526e-04 3.22788698e-04
1.96547025e-01 -2.42994316e-04 3.23065489e-04
1.97079281e-01 -1.19910731e-05 3.23456269e-04
1.97611533e-01 4.77075772e-04 3.32023057e-04
1.98143782e-01 5.01809111e-04 3.23795344e-04
1.98676028e-01 1.77976084e-04 3.26168710e-04
1.99208270e-01 4.04256367e-05 3.25365622e-04
1.99740510e-01 4.22963336e-04 3.25593584e-04
2.00272746e-01 1.30796042e-04 3.21623130e-04
2.00804978e-01 4.28587146e-04 3.19012611e-04
2.01337208e-01 -1.42193501e-04 3.22971618e-04
2.01869434e-01 1.10223880e-04 3.11608580e-04
2.02401658e-01 -5.19976867e-04 3.20523075e-04
2.02933877e-01 1.36540846e-04 3.15095957e-04
2.03466094e-01 -4.07178295e-05 3.13900054e-04
2.03998307e-01 -1.75312938e-04 3.18792741e-04
2.04530517e-01 -1.20155628e-04 3.10743791e-04
2.05062724e-01 3.24437194e-04 3.04392563e-04
2.05594927e-01 4.23145252e-04 3.18670871e-04
2.06127127e-01 3.59214321e-04 3.17153368e-04
2.06659324e-01 -9.60410934e-05 3.10515275e-04
2.07191517e-01 -9.35833826e-05 3.07862368e-04
2.07723707e-01 2.17196908e-05 3.11377962e-04
2.08255894e-01 -3.60597951e-04 3.14903935e-04
2.08788077e-01 -1.37342851e-04 3.05854713e-04
2.09320257e-01 -4.52372825e-04 3.10424676e-04
2.09852434e-01 -2.56747367e-07 3.09888298e-04
2.10384607e-01 2.25691855e-04 3.13963981e-04
2.10916777e-01 4.41728245e-04 3.12255792e-04
2.11448943e-01 7.36266069e-04 3.09793131e-04
2.11981106e-01 2.25419467e-04 3.09370182e-04
2.12513266e-01 4.88631189e-04 3.02361085e-04
2.13045422e-01 5.68475160e-04 3.05404290e-04
2.13577575e-01 -4.66931995e-04 2.96033716e-04
2.14109724e-01 -2.30721128e-04 3.05618938e-04
2.14641870e-01 -6.00919963e-05 3.06161766e-04
2.15174012e-01 4.40423156e-05 2.99735786e-04
2.15706151e-01 -1.98921580e-04 3.03570159e-04
2.16238286e-01 2.42335551e-04 3.07725962e-04
2.16770418e-01 3.71289217e-04 3.04380579e-04
2.17302546e-01 2.43929657e-04 3.01663124e-04
2.17834671e-01 3.58406035e-04 3.00041787e-04
2.18366792e-01 -1.06525811e-04 3.04687951e-04
2.18898910e-01 -6.61284193e-05 3.05638379e-04
2.19431024e-01 -1.18596444e-04 3.03168494e-04
2.19963135e-01 2.20323317e-04 2.96848366e-04
2.20495242e-01 -2.93316641e-04 3.06327170e-04
2.21027346e-01 -4.54054671e-04 2.99982028e-04
2.21559446e-01 1.69025444e-04 2.93800796e-04
2.22091542e-01 2.43457853e-04 2.96228161e-04
2.22623635e-01 -4.29095850e-05 2.97739719e-04
2.23155724e-01 6.24774244e-04 2.99235346e-04
2.23687810e-01 -4.60160826e-04 2.96184228e-04
2.24219892e-01 -1.09328527e-04 3.01117306e-04
2.24751971e-01 1.07791462e-04 2.93276477e-04
2.25284045e-01 -2.32862038e-04 2.96388180e-04
2.25816117e-01 4.92593173e-04 2.95197422e-04
2.26348184e-01 -8.33047161e-05 2.89451500e-04
2.26880248e-01 -9.85516051e-05 2.96497143e-04
2.27412308e-01 -5.07939796e-05 3.02837426e-04
2.27944365e-01 -1.15168616e-05 2.92779628e-04
2.28476418e-01 7.15574180e-06 2.96283021e-04
2.29008467e-01 -2.25814912e-04 2.93722942e-04
2.29540512e-01 -1.08596330e-04 2.92598881e-04
2.30072554e-01 -1.37949252e-04 2.93874707e-04
2.30604592e-01 2.18834036e-04 2.87803950e-04
2.31136626e-01 1.93779568e-04 2.86479285e-04
2.31668657e-01 -1.58552898e-04 2.91087983e-04
2.32200684e-01 -1.58343253e-04 2.80447192e-04
2.32732707e-01 1.10262848e-04 2.89529208e-04
2.33264726e-01 5.47858133e-05 2.88906681e-04
2.33796742e-01 3.63610807e-04 2.84588374e-04
2.34328754e-01 1.07873929e-04 2.94366723e-04
2.34860762e-01 -1.96298139e-04 2.85688675e-04
2.35392766e-01 -1.35964429e-04 2.80996798e-04
2.35924766e-01 -2.27420039e-04 2.87078813e-04
2.36456763e-01 2.54717799e-04 2.82964973e-04
2.36988756e-01 8.85270644e-05 2.88963709e-04
2.37520745e-01 -4.69439667e-06 2.83043558e-04
2.38052730e-01 2.47436827e-04 2.82777849e-04
2.38584711e-01 1.28475070e-04 2.78910516e-04
2.39116689e-01 4.09622402e-04 2.86826597e-04
2.39648662e-01 -2.10514536e-04 2.83962958e-04
2.40180632e-01 4.22873437e-04 2.86121701e-04
2.40712598e-01 -1.62202512e-04 2.84048545e-04
2.41244560e-01 2.75137170e-04 2.86001998e-04
2.41776518e-01 -5.46622415e-04 2.76497946e-04
2.42308472e-01 -2.16205864e-04 2.77329558e-04
2.42840423e-01 -3.85297385e-05 2.80072434e-04
2.43372369e-01 -4.99652168e-05 2.81610678e-04
2.43904311e-01 2.95857603e-04 2.81725250e-04
2.44436250e-01 -2.29985872e-04 2.82300994e-04
2.44968184e-01 2.24470375e-04 2.85173730e-04
2.45500115e-01 2.33476993e-04 2.82521569e-04
2.46032042e-01 2.35278106e-05 2.82058205e-04
2.46563964e-01 -4.79063844e-04 2.79131176e-04
2.47095883e-01 2.65026978e-04 2.74206310e-04
2.47627798e-01 2.36497012e-04 2.79139971e-04
2.48159708e-01 -9.84664167e-05 2.72148098e-04
2.48691615e-01 -1.00926900e-04 2.74468481e-04
2.49223518e-01 4.05013399e-04 2.76380643e-04
2.49755416e-01 7.54692961e-05 2.78437796e-04
2.50287311e-01 9.11650431e-06 2.80071453e-04
2.50819201e-01 1.89083108e-04 2.80164543e-04
2.51351088e-01 9.30037451e-04 2.72715252e-04
2.51882971e-01 1.87926941e-04 2.76698017e-04
2.52414849e-01 2.23673662e-04 2.71608869e-04
2.52946723e-01 -1.17586013e-04 2.71897096e-04
2.53478594e-01 6.97592950e-04 2.79443930e-04
2.54010460e-01 -4.97930504e-05 2.77661938e-04
2.54542322e-01 -8.67771099e-05 2.71770340e-04
2.55074180e-01 -1.83588567e-04 2.70716376e-04
2.55606034e-01 8.42970903e-04 2.75525268e-04
2.56137883e-01 5.10701105e-04 2.72607212e-04
2.56669729e-01 -8.36799884e-09 2.67942730e-04
2.57201570e-01 -4.70465983e-04 2.64107251e-04
2.57733408e-01 3.66467031e-04 2.67571064e-04
2.58265241e-01 -2.85009321e-05 2.65990036e-04
2.58797070e-01 4.70724471e-04 2.69897577e-04
2.59328895e-01 4.44165179e-04 2.65745518e-04
2.59860715e-01 5.42551235e-05 2.71396865e-04
2.60392532e-01 7.09153167e-04 2.68887218e-04
2.60924344e-01 -1.45292667e-04 2.70161599e-04
2.61456152e-01 -3.98190813e-04 2.68032565e-04
2.61987956e-01 -3.02990802e-04 2.65175079e-04
2.62519755e-01 -2.39049700e-04 2.59674120e-04
2.63051551e-01 1.67478618e-05 2.66291097e-04
2.63583342e-01 3.61360590e-04 2.65978341e-04
2.64115129e-01 2.25584173e-04 2.67843595e-04
2.64646911e-01 -7.31186445e-05 2.62837244e-04
2.65178690e-01 5.45716418e-04 2.61695394e-04
2.65710464e-01 -2.46092223e-04 2.66946599e-04
2.66242233e-01 -9.43695395e-05 2.64919145e-04
2.66773999e-01 -7.17960114e-05 2.64181786e-04
2.67305760e-01 -3.55507749e-04 2.64606083e-04
2.67837517e-01 8.44584943e-06 2.65754360e-04
2.68369269e-01 9.22974846e-05 2.70125563e-04
2.68901018e-01 -2.82403815e-04 2.67817725e-04
2.69432761e-01 2.88948021e-04 2.70426716e-04
2.69964501e-01 -2.26978374e-04 2.66729342e-04
2.70496236e-01 6.95760805e-04 2.69265746e-04
2.71027967e-01 1.20569286e-04 2.71062628e-04
2.71559693e-01 1.37767882e-04 2.73409373e-04
2.72091415e-01 2.21901143e-04 2.70140442e-04
2.72623133e-01 2.26456032e-04 2.67794574e-04
2.73154846e-01 -1.40639261e-04 2.73216655e-04
2.73686555e-01 -1.96568071e-04 2.68177286e-04
2.74218260e-01 -2.37344304e-04 2.66594491e-04
2.74749960e-01 4.58550723e-04 2.70779583e-04
2.75281655e-01 3.15941660e-04 2.71006967e-04
2.75813346e-01 5.36884317e-05 2.71934854e-04
2.76345033e-01 -1.36221069e-04 2.70001631e-04
2.76876715e-01 -3.90207063e-04 2.69335450e-04
2.77408393e-01 -5.10762540e-04 2.65220211e-04
2.77940066e-01 -9.97375334e-05 2.64959770e-04
2.78471735e-01 1.36197387e-04 2.65087183e-04
2.79003400e-01 3.19987081e-04 2.61010531e-04
2.79535059e-01 7.13396788e-05 2.60047762e-04
2.80066715e-01 4.28412878e-04 2.61757153e-04
2.80598366e-01 -2.01881921e-04 2.60012174e-04
2.81130012e-01 -1.07357586e-04 2.62724457e-04
2.81661654e-01 -8.47009279e-05 2.61418365e-04
2.82193291e-01 -1.49449911e-04 2.59783289e-04
2.82724923e-01 -1.43857438e-04 2.61362434e-04
2.83256552e-01 4.61950996e-04 2.62283057e-04
2.83788175e-01 6.41379695e-04 2.61067654e-04
2.84319794e-01 -2.70888060e-04 2.58342309e-04
2.84851408e-01 2.28673324e-04 2.60556100e-04
2.85383018e-01 -1.40328767e-04 2.54474345e-04
2.85914623e-01 2.90527234e-04 2.56670751e-04
2.86446224e-01 -1.73621157e-04 2.54056738e-04
2.86977820e-01 -1.88935556e-04 2.56898608e-04
2.87509411e-01 4.82693792e-04 2.54907819e-04
2.88040998e-01 -1.31709857e-05 2.56118966e-04
2.88572580e-01 -8.27959997e-05 2.58956755e-04
2.89104157e-01 2.09235531e-06 2.61622499e-04
2.89635730e-01 5.16637515e-05 2.55936596e-04
2.90167298e-01 1.72510120e-05 2.56849825e-04
2.90698862e-01 -5.77822175e-05 2.61720515e-04
2.91230420e-01 1.76863427e-05 2.59401966e-04
2.91761974e-01 4.10273004e-05 2.62664988e-04
2.92293524e-01 5.31463886e-04 2.54632081e-04
2.92825068e-01 4.91786469e-04 2.58238839e-04
2.93356608e-01 1.66621275e-04 2.52915360e-04
2.93888143e-01 -3.35650154e-05 2.60440445e-04
2.94419674e-01 1.90105140e-04 2.61392447e-04
2.94951199e-01 1.49459374e-04 2.64046055e-04
2.95482720e-01 2.94208275e-04 2.57760573e-04
2.96014236e-01 1.07012116e-05 2.59301417e-04
2.96545748e-01 3.71528571e-04 2.58712449e-04
2.97077254e-01 1.53281185e-04 2.56658475e-04
2.97608756e-01 4.53407921e-04 2.59175003e-04
2.98140253e-01 2.62038601e-04 2.62535746e-04
2.98671745e-01 -1.75535829e-04 2.53493815e-04
2.99203233e-01 -4.98948021e-05 2.50121164e-04
2.99734715e-01 2.48053975e-04 2.54217993e-04
3.00266193e-01 4.93156837e-04 2.59812208e-04
3.00797666e-01 2.60013092e-04 2.51847340e-04
3.01329134e-01 5.28965369e-04 2.48336937e-04
3.01860597e-01 3.25890173e-04 2.54222336e-04
3.02392056e-01 -2.89670346e-04 2.48991130e-04
3.02923509e-01 -9.08539970e-05 2.54529150e-04
3.03454958e-01 -2.41645492e-05 2.49088626e-04
3.03986401e-01 -2.68816182e-05 2.46883876e-04
3.04517840e-01 2.00353486e-04 2.53076643e-04
3.05049274e-01 6.07197560e-04 2.50924178e-04
3.05580703e-01 2.81237074e-04 2.45538746e-04
3.06112127e-01 3.01759485e-04 2.50265477e-04
3.06643546e-01 3.96598919e-04 2.51119638e-04
3.07174960e-01 1.16349573e-04 2.46121768e-04
3.07706370e-01 3.58966679e-04 2.49779237e-04
3.08237774e-01 -3.61424264e-04 2.45643347e-04
3.08769173e-01 8.44334030e-05 2.39975879e-04
3.09300568e-01 2.41433338e-04 2.45463408e-04
3.09831957e-01 8.70643366e-05 2.42566867e-04
3.10363341e-01 2.13112729e-04 2.49660813e-04
3.10894721e-01 1.57761499e-04 2.44357408e-04
3.11426095e-01 6.75694364e-05 2.40600171e-04
3.11957464e-01 4.01133320e-04 2.44872204e-04
3.12488829e-01 1.89129679e-07 2.43463882e-04
3.13020188e-01 1.10783926e-04 2.42375416e-04
3.13551542e-01 -1.13581618e-05 2.41355321e-04
3.14082891e-01 1.88574142e-04 2.40162909e-04
3.14614235e-01 1.93232113e-04 2.39826593e-04
3.15145574e-01 3.17808563e-04 2.41158337e-04
3.15676908e-01 2.41437674e-04 2.46313331e-04
3.16208237e-01 1.95795028e-04 2.48048928e-04
3.16739561e-01 -1.71056180e-05 2.42826190e-04
3.17270880e-01 -3.00166513e-05 2.38850659e-04
3.17802193e-01 2.68530440e-04 2.36741701e-04
3.18333502e-01 2.86972634e-04 2.40777682e-04
3.18864805e-01 3.65218160e-04 2.40295868e-04
3.19396103e-01 -4.59781685e-04 2.40757573e-04
3.19927396e-01 -6.10433939e-05 2.40620862e-04
3.20458684e-01 7.73591225e-05 2.43791772e-04
3.20989967e-01 1.25914066e-04 2.39527817e-04
3.21521244e-01 -1.29743353e-04 2.34800915e-04
3.22052517e-01 -1.12809320e-04 2.37550863e-04
3.22583784e-01 7.04870109e-04 2.40278718e-04
3.23115046e-01 1.67392145e-04 2.34874836e-04
3.23646303e-01 1.52114508e-04 2.34370008e-04
3.24177554e-01 1.96507910e-04 2.35202678e-04
3.24708801e-01 2.18559717e-04 2.35702113e-04
3.25240042e-01 4.19659625e-05 2.36038706e-04
3.25771278e-01 -3.29668147e-04 2.35939410e-04
3.26302508e-01 -6.57814222e-05 2.35241577e-04
3.26833734e-01 -3.29065226e-05 2.31570730e-04
3.27364954e-01 1.01429805e-04 2.32453327e-04
3.27896169e-01 -1.44363668e-04 2.30548999e-04
3.28427378e-01 2.81174157e-04 2.31481817e-04
3.28958583e-01 4.26483674e-04 2.28496253e-04
3.29489782e-01 2.96923700e-04 2.33957990e-04
3.30020975e-01 -8.20343395e-05 2.32265270e-04
3.30552164e-01 -4.23232998e-05 2.36081753e-04
3.31083347e-01 4.40746330e-04 2.32881110e-04
3.31614524e-01 -2.38825698e-04 2.27666546e-04
3.32145697e-01 -1.37815853e-04 2.27601255e-04
3.32676864e-01 2.58102730e-05 2.32356163e-04
3.33208025e-01 1.89669817e-04 2.28928662e-04
3.33739182e-01 1.92757207e-04 2.29816342e-04
3.34270333e-01 4.34811558e-05 2.29307729e-04
3.34801478e-01 -2.26904602e-05 2.28491427e-04
3.35332618e-01 3.41573478e-05 2.30692211e-04
3.35863753e-01 3.27639327e-05 2.28336631e-04
3.36394883e-01 -3.95387183e-04 2.26855514e-04
3.36926007e-01 4.88168907e-05 2.27666488e-04
3.37457125e-01 2.90177289e-05 2.30345048e-04
3.37988238e-01 5.68677834e-04 2.30700850e-04
3.38519346e-01 -8.31263586e-05 2.27375745e-04
3.39050448e-01 2.20759314e-04 2.29509658e-04
3.39581545e-01 -4.02548348e-05 2.26747308e-04
3.40112636e-01 2.97823289e-04 2.27187542e-04
3.40643722e-01 5.74007234e-05 2.26251628e-04
3.41174802e-01 3.07140788e-04 2.28938712e-04
3.41705877e-01 5.40445577e-05 2.27754192e-04
3.42236946e-01 4.67683463e-05 2.23519884e-04
3.42768010e-01 -1.76266777e-04 2.22757591e-04
3.43299068e-01 1.52894766e-04 2.32871615e-04
3.43830121e-01 -7.23063588e-07 2.28498925e-04
3.44361168e-01 1.12181540e-04 2.25440122e-04
3.44892210e-01 -2.65476533e-05 2.25931661e-04
3.45423246e-01 8.97183184e-05 2.23251480e-04
3.45954277e-01 2.09953481e-04 2.27610402e-04
3.46485302e-01 4.60101269e-05 2.24096424e-04
3.47016321e-01 3.86819937e-04 2.23867772e-04
3.47547335e-01 2.86205908e-04 2.26598605e-04
3.48078343e-01 2.42810511e-04 2.21352941e-04
3.48609346e-01 2.06259764e-04 2.23594737e-04
3.49140343e-01 -1.08009180e-04 2.22090850e-04
3.49671334e-01 -9.64051280e-05 2.22132553e-04
3.50202320e-01 -5.32934236e-05 2.17821514e-04
3.50733300e-01 -9.39091620e-05 2.19197612e-04
3.51264275e-01 2.98751545e-04 2.24235092e-04
3.51795244e-01 1.51740227e-04 2.21025934e-04
3.52326207e-01 2.34366443e-04 2.21927128e-04
3.52857164e-01 -5.89679898e-05 2.21173949e-04
3.53388116e-01 3.94994563e-04 2.18451071e-04
3.53919062e-01 5.90522287e-04 2.22608625e-04
3.54450003e-01 -3.07211226e-04 2.23284496e-04
3.54980938e-01 2.35081077e-04 2.19587214e-04
3.55511867e-01 -2.20696302e-04 2.15881000e-04
3.56042790e-01 -7.33459855e-05 2.21008679e-04
3.56573708e-01 -1.82896187e-04 2.18199870e-04
3.57104620e-01 5.18206366e-04 2.20757336e-04
3.57635526e-01 6.56557480e-04 2.21771798e-04
3.58166426e-01 3.69906653e-04 2.18534930e-04
3.58697321e-01 -2.34494523e-05 2.19489140e-04
3.59228210e-01 7.21430495e-07 2.15547417e-04
3.59759093e-01 1.67194448e-04 2.17335577e-04
3.60289970e-01 1.35654895e-04 2.16623920e-04
3.60820841e-01 3.15832734e-05 2.11711492e-04
3.61351707e-01 -5.59845870e-05 2.14356716e-04
3.61882567e-01 -1.31595030e-04 2.17425753e-04
3.62413421e-01 1.19445608e-04 2.17891232e-04
3.62944269e-01 3.09368894e-04 2.16564667e-04
3.63475112e-01 -4.38074240e-05 2.16193298e-04
3.64005948e-01 -1.11948064e-04 2.15878483e-04
3.64536779e-01 2.37693354e-04 2.14124066e-04
3.65067604e-01 -1.03133588e-04 2.10265224e-04
3.65598423e-01 4.75185900e-05 2.12275399e-04
3.66129236e-01 2.06918460e-04 2.10835038e-04
3.66660043e-01 3.88887930e-04 2.15400514e-04
3.67190844e-01 9.89238120e-05 2.13433679e-04
3.67721639e-01 3.36862377e-04 2.13544159e-04
3.68252429e-01 3.95105193e-04 2.13706201e-04
3.68783212e-01 2.11266505e-04 2.14746986e-04
3.69313990e-01 -9.03036841e-05 2.12945776e-04
3.69844762e-01 2.44168197e-05 2.10347026e-04
3.70375527e-01 2.31560168e-04 2.11795755e-04
3.70906287e-01 7.11746388e-05 2.12767136e-04
3.71437041e-01 9.99416347e-05 2.13157598e-04
3.71967789e-01 2.51068769e-04 2.06898629e-04
3.72498531e-01 2.47640024e-04 2.12159411e-04
3.73029266e-01 1.30766363e-04 2.15602531e-04
3.73559996e-01 5.27370869e-04 2.14579616e-04
3.74090720e-01 2.43172590e-05 2.10483182e-04
3.74621438e-01 3.81546239e-04 2.15788670e-04
3.75152150e-01 2.20483536e-04 2.11151761e-04
3.75682855e-01 -2.75760367e-05 2.09615404e-04
3.76213555e-01 -1.24242611e-04 2.09848866e-04
3.76744249e-01 2.32614137e-04 2.10504463e-04
3.77274936e-01 -2.85073978e-04 2.06391579e-04
3.77805618e-01 -5.12702289e-05 2.08848524e-04
3.78336293e-01 5.47685778e-04 2.09507360e-04
3.78866963e-01 1.37963038e-04 2.08880221e-04
3.79397626e-01 1.76232906e-04 2.10644560e-04
3.79928283e-01 1.63467901e-04 2.11754794e-04
3.80458934e-01 1.54442009e-04 2.08508581e-04
3.80989579e-01 3.25270004e-05 2.10604142e-04
3.81520218e-01 -1.08835258e-04 2.10201141e-04
3.82050851e-01 2.37446526e-04 2.09306326e-04
3.82581478e-01 1.16967762e-04 2.11084166e-04
3.83112098e-01 4.89910216e-04 2.12323268e-04
3.83642712e-01 5.89048093e-04 2.17285928e-04
3.84173320e-01 3.44879447e-04 2.09443873e-04
3.84703922e-01 -5.93794575e-06 2.09978230e-04
3.85234518e-01 -3.84382251e-05 2.13019266e-04
3.85765108e-01 3.85781520e-07 2.15766469e-04
3.86295691e-01 2.97293629e-04 2.14779178e-04
3.86826268e-01 -1.51999259e-04 2.14158510e-04
3.87356839e-01 1.52409387e-05 2.16522250e-04
3.87887404e-01 4.99777972e-05 2.14270874e-04
3.88417962e-01 9.95473018e-05 2.12517983e-04
3.88948514e-01 3.23762662e-05 2.14587558e-04
3.89479060e-01 1.42567634e-04 2.12521350e-04
3.90009600e-01 -1.17829042e-04 2.08168000e-04
3.90540134e-01 -2.32150828e-04 2.07942009e-04
3.91070661e-01 -1.71357889e-04 2.08813246e-04
3.91601182e-01 1.19748996e-04 2.12845921e-04
3.92131696e-01 -7.28812163e-06 2.09628814e-04
3.92662205e-01 -1.20030653e-04 2.11670888e-04
3.93192707e-01 -5.17658288e-04 2.09083305e-04
3.93723202e-01 2.12138469e-04 2.10984167e-04
3.94253692e-01 -1.28837835e-04 2.10820214e-04
3.94784175e-01 2.53663946e-04 2.10999260e-04
3.95314651e-01 2.25808119e-05 2.14229287e-04
3.95845122e-01 -3.04041314e-06 2.15000581e-04
3.96375585e-01 1.28979486e-04 2.13954632e-04
3.96906043e-01 1.05252199e-05 2.13395678e-04
3.97436494e-01 1.66834796e-04 2.14930576e-04
3.97966939e-01 -1.49241726e-04 2.14223313e-04
3.98497377e-01 2.26666300e-04 2.13471080e-04
3.99027809e-01 4.00748964e-04 2.18229481e-04
3.99558235e-01 2.53867445e-04 2.14276796e-04
4.00088654e-01 3.16036358e-04 2.15008269e-04
4.00619067e-01 2.22098457e-04 2.11165058e-04
4.01149473e-01 -4.51699608e-05 2.17051247e-04
4.01679873e-01 -1.15977584e-04 2.19641711e-04
4.02210267e-01 -3.62763784e-05 2.21352598e-04
4.02740654e-01 -1.03861592e-04 2.20194194e-04
4.03271034e-01 3.43783085e-04 2.19170698e-04
4.03801408e-01 -2.42696454e-04 2.15539136e-04
4.04331776e-01 8.77736562e-05 2.19078825e-04
4.04862137e-01 -8.14511467e-05 2.21301583e-04
4.05392491e-01 7.03574126e-04 2.27984761e-04
4.05922839e-01 2.14621879e-04 2.29925698e-04
4.06453181e-01 1.40743133e-04 2.28255267e-04
4.06983516e-01 3.68479991e-05 2.26059265e-04
4.07513844e-01 -4.67117359e-05 2.28831046e-04
4.08044166e-01 2.19038383e-04 2.22938280e-04
4.08574481e-01 -5.84266257e-05 2.24100821e-04
4.09104790e-01 2.81356997e-04 2.25627691e-04
4.09635092e-01 3.44070058e-04 2.28045986e-04
4.10165388e-01 3.73170062e-04 2.23445620e-04
4.10695677e-01 -2.02728209e-04 2.27420197e-04
4.11225960e-01 3.29246491e-04 2.46953301e-04
4.11756235e-01 3.66048928e-05 2.55356644e-04
4.12286505e-01 1.33568314e-04 2.75985492e-04
4.12816767e-01 -3.49492625e-05 2.98112645e-04
4.13347023e-01 8.92543735e-04 3.07510636e-04
4.13877273e-01 2.14559059e-04 3.18970933e-04
4.14407515e-01 4.46392115e-05 3.37205496e-04
4.14937751e-01 -1.82507763e-04 3.41741898e-04
4.15467981e-01 -1.06105343e-04 3.49691458e-04
4.15998203e-01 4.62578500e-04 3.63198198e-04
4.16528419e-01 -2.07889398e-04 3.54194419e-04
4.17058629e-01 3.29547448e-04 3.52149945e-04
4.17588831e-01 -5.43200054e-05 3.67363379e-04
4.18119027e-01 2.42619117e-04 4.17707571e-04
4.18649217e-01 5.50982706e-04 5.33921512e-04
4.19179399e-01 -1.11491372e-03 1.51198960e-03
