7.45980241e-03 5.56651926e-03 3.32617772e-02
7.99264482e-03 1.19113880e-02 1.98970646e-02
8.52548709e-03 3.81487962e-03 1.52488865e-02
9.05832923e-03 -8.51629267e-04 1.21406460e-02
9.59117122e-03 9.07832392e-03 1.07031977e-02
1.01240131e-02 -7.55143064e-04 8.47802700e-03
1.06568547e-02 1.09545578e-03 7.95872739e-03
1.11896962e-02 7.47355698e-04 5.48001085e-03
1.17225375e-02 5.23433447e-03 4.50007813e-03
1.22553787e-02 8.52903516e-03 3.48007243e-03
1.27882196e-02 2.06675667e-03 3.06158239e-03
1.33210603e-02 1.88525264e-03 2.40811760e-03
1.38539008e-02 2.92054029e-03 2.33113334e-03
1.43867411e-02 2.45764357e-03 2.12756004e-03
1.49195812e-02 3.12101974e-03 1.97785563e-03
1.54524210e-02 2.75302915e-03 1.76575042e-03
1.59852605e-02 4.13028524e-03 1.71341871e-03
1.65180998e-02 1.79789374e-03 1.56752245e-03
1.70509389e-02 3.81354913e-03 1.54127714e-03
1.75837776e-02 4.71091049e-03 1.48979094e-03
1.81166161e-02 4.36635816e-03 1.43798866e-03
1.86494543e-02 2.59016866e-03 1.31853447e-03
1.91822922e-02 3.29181647e-03 1.29111831e-03
1.97151297e-02 6.00962811e-04 1.26944395e-03
2.02479670e-02 2.46767902e-03 1.12589028e-03
2.07808039e-02 3.08401111e-03 1.22406523e-03
2.13136405e-02 2.59409672e-03 1.16448417e-03
2.18464767e-02 2.31137112e-03 1.13497282e-03
2.23793126e-02 3.50948166e-03 1.12599889e-03
2.29121481e-02 2.94851430e-03 1.07810034e-03
2.34449833e-02 1.06334601e-03 9.93771286e-04
2.39778181e-02 2.58505099e-03 1.05398181e-03
2.45106524e-02 2.76419918e-03 1.09600835e-03
2.50434864e-02 2.49678974e-03 1.02793276e-03
2.55763200e-02 2.66963791e-03 1.03187368e-03
2.61091532e-02 4.26798347e-03 9.35426997e-04
2.66419859e-02 2.02681308e-03 9.03529868e-04
2.71748182e-02 2.52313854e-03 9.79503002e-04
2.77076501e-02 2.48974354e-03 8.96164648e-04
2.82404815e-02 3.27151444e-03 9.00131665e-04
2.87733125e-02 2.53449047e-04 8.83952967e-04
2.93061430e-02 2.22226597e-03 8.60334452e-04
2.98389731e-02 4.19854391e-03 8.42171822e-04
3.03718026e-02 2.22493210e-03 9.10940459e-04
3.09046317e-02 1.91251977e-03 8.65351489e-04
3.14374602e-02 2.92974137e-03 8.38208088e-04
3.19702883e-02 1.78517923e-03 7.94064948e-04
3.25031158e-02 3.75155896e-03 8.59643211e-04
3.30359428e-02 1.64799130e-03 7.77465044e-04
3.35687693e-02 2.00100847e-03 7.90733786e-04
3.41015952e-02 1.84620823e-03 8.26741054e-04
3.46344206e-02 2.39523506e-03 7.74570438e-04
3.51672454e-02 3.38103818e-03 7.89717430e-04
3.57000696e-02 3.18284989e-03 7.90019712e-04
3.62328933e-02 9.09915336e-04 7.89623324e-04
3.67657164e-02 7.97208555e-04 7.83433816e-04
3.72985389e-02 2.37006585e-03 7.50830095e-04
3.78313608e-02 1.23292941e-03 7.33670535e-04
3.83641820e-02 1.97576986e-03 7.21057500e-04
3.88970027e-02 1.73739249e-03 7.04693360e-04
3.94298227e-02 2.10978632e-03 7.47413992e-04
3.99626421e-02 1.27816344e-03 7.42166618e-04
4.04954608e-02 1.39966914e-03 7.38410354e-04
4.10282789e-02 3.45203066e-03 6.78929109e-04
4.15610963e-02 3.13369573e-03 7.20379221e-04
4.20939131e-02 2.41006032e-03 7.41067193e-04
4.26267291e-02 1.85401329e-03 7.54811393e-04
4.31595445e-02 1.41577160e-03 7.78500273e-04
4.36923592e-02 -2.51230864e-05 7.40524226e-04
4.42251732e-02 9.06679533e-04 7.47562188e-04
4.47579864e-02 2.20860228e-03 7.31749278e-04
4.52907989e-02 1.83595713e-03 7.33610827e-04
4.58236107e-02 1.35609016e-03 7.23229817e-04
4.63564218e-02 8.20488655e-04 7.39567029e-04
4.68892321e-02 1.62330768e-03 7.43641235e-04
4.74220417e-02 2.01063311e-03 7.57518945e-04
4.79548504e-02 1.08352134e-03 7.29036484e-04
4.84876584e-02 1.31427132e-03 7.68472898e-04
4.90204657e-02 1.78717510e-03 7.22375039e-04
4.95532721e-02 1.06348821e-03 6.94991855e-04
5.00860777e-02 -4.02453762e-04 7.48750545e-04
5.06188825e-02 3.08938140e-03 7.06466041e-04
5.11516865e-02 2.20093922e-04 6.93376826e-04
5.16844897e-02 5.02213847e-04 6.70051262e-04
5.22172920e-02 1.00565022e-03 6.78203183e-04
5.27500935e-02 1.97484321e-03 6.56359753e-04
5.32828941e-02 1.02164909e-03 6.51634369e-04
5.38156939e-02 1.63599851e-03 6.68124840e-04
5.43484928e-02 7.83719603e-04 6.54804496e-04
5.48812908e-02 2.44295637e-04 6.64058634e-04
5.54140880e-02 1.54775735e-03 6.75788986e-04
5.59468842e-02 1.90456373e-03 6.56293967e-04
5.64796795e-02 9.71122873e-04 6.38518263e-04
5.70124739e-02 8.94537635e-04 6.35346313e-04
5.75452674e-02 -1.74888654e-04 6.08889936e-04
5.80780600e-02 9.43826489e-06 6.42990032e-04
5.86108516e-02 9.47018546e-04 6.29284654e-04
5.91436423e-02 1.38565418e-03 6.02626515e-04
5.96764320e-02 7.35530511e-04 6.28844172e-04
6.02092208e-02 1.74802492e-04 6.07928438e-04
6.07420086e-02 9.33874274e-04 6.25362312e-04
6.12747953e-02 8.68879613e-04 6.24399598e-04
6.18075812e-02 1.04437459e-03 6.38690870e-04
6.23403660e-02 1.26501281e-03 6.12985265e-04
6.28731498e-02 1.12824950e-04 5.83686843e-04
6.34059325e-02 -4.38249349e-05 5.72660990e-04
6.39387143e-02 8.05976162e-04 5.85684724e-04
6.44714950e-02 -5.63182356e-04 6.00080937e-04
6.50042747e-02 -1.90904873e-04 6.16385658e-04
6.55370533e-02 6.19105826e-04 6.00507574e-04
6.60698309e-02 1.20193936e-03 6.16099289e-04
6.66026074e-02 1.11120167e-03 6.54834302e-04
6.71353828e-02 9.01070258e-04 6.23150607e-04
6.76681571e-02 1.07404511e-03 6.14897154e-04
6.82009304e-02 2.44480127e-05 6.17597305e-04
6.87337025e-02 1.18604016e-03 6.12558502e-04
6.92664735e-02 1.40825048e-03 6.14976861e-04
6.97992434e-02 6.55931331e-04 6.14901648e-04
7.03320122e-02 2.80137692e-04 6.00035148e-04
7.08647798e-02 8.74946127e-04 5.78582314e-04
7.13975463e-02 2.11042142e-04 5.90826803e-04
7.19303116e-02 5.73008968e-04 5.95869803e-04
7.24630758e-02 9.11973780e-05 5.73648672e-04
7.29958388e-02 8.29095158e-05 5.78589666e-04
7.35286006e-02 -1.16919693e-04 5.69726204e-04
7.40613612e-02 3.20697618e-04 5.69415482e-04
7.45941207e-02 7.31600423e-04 5.56378873e-04
7.51268789e-02 1.54954041e-03 5.44051738e-04
7.56596359e-02 1.76130307e-04 5.53893644e-04
7.61923917e-02 2.39002465e-04 5.76301259e-04
7.67251462e-02 -8.07349384e-05 5.51525790e-04
7.72578995e-02 -1.14141321e-04 5.25910032e-04
7.77906516e-02 -5.08626935e-04 5.21886145e-04
7.83234024e-02 -2.73957766e-04 5.50755478e-04
7.88561519e-02 3.29476110e-04 5.41708831e-04
7.93889002e-02 5.60127407e-04 5.64314614e-04
7.99216472e-02 5.69011924e-04 5.48112311e-04
8.04543928e-02 7.95330456e-04 5.60098383e-04
8.09871372e-02 5.38045817e-04 5.33140698e-04
8.15198803e-02 8.28550615e-04 5.39924775e-04
8.20526220e-02 1.95233309e-04 5.13903004e-04
8.25853624e-02 1.20892754e-03 5.35689093e-04
8.31181015e-02 6.00534789e-04 5.15593141e-04
8.36508393e-02 3.49383744e-04 5.10365882e-04
8.41835757e-02 3.11042349e-04 5.31833469e-04
8.47163107e-02 3.85276595e-05 5.19873029e-04
8.52490443e-02 -5.08295077e-05 4.98021660e-04
8.57817766e-02 -5.40801765e-04 5.15754935e-04
8.63145075e-02 5.46112736e-04 5.11586285e-04
8.68472370e-02 4.85540464e-04 4.92328755e-04
8.73799651e-02 1.84679903e-04 5.15208693e-04
8.79126918e-02 9.91971182e-04 4.99512229e-04
8.84454170e-02 9.90354499e-05 4.99745118e-04
8.89781408e-02 1.03176242e-05 4.90682403e-04
8.95108632e-02 -1.54448848e-04 4.89488770e-04
9.00435842e-02 1.91483172e-04 5.11323108e-04
9.05763036e-02 1.82186546e-04 4.72091603e-04
9.11090217e-02 3.25862384e-05 5.10905969e-04
9.16417382e-02 9.19371589e-05 4.87507639e-04
9.21744532e-02 7.62045516e-06 4.80667142e-04
9.27071668e-02 1.96762360e-04 4.93636138e-04
9.32398789e-02 1.94093709e-05 4.87720659e-04
9.37725894e-02 1.01010000e-03 4.77104574e-04
9.43052985e-02 -1.32359370e-04 4.85525501e-04
9.48380060e-02 8.53954385e-04 4.69779823e-04
9.53707120e-02 8.14527525e-04 4.80271324e-04
9.59034164e-02 1.18707117e-03 4.71208518e-04
9.64361193e-02 6.03191820e-04 4.59269393e-04
9.69688206e-02 1.00999043e-04 4.65384224e-04
9.75015204e-02 -1.79914331e-04 4.51852370e-04
9.80342186e-02 1.22406646e-04 4.63083142e-04
9.85669152e-02 -5.62909696e-04 4.53314882e-04
9.90996102e-02 2.91488361e-05 4.46803204e-04
9.96323036e-02 -6.25158117e-04 4.57115948e-04
1.00164995e-01 9.20615692e-04 4.64910790e-04
1.00697686e-01 -2.65939047e-05 4.66869551e-04
1.01230374e-01 4.94756109e-04 4.63036170e-04
1.01763061e-01 1.21109554e-04 4.65767944e-04
1.02295746e-01 2.12857699e-05 4.54420618e-04
1.02828430e-01 -2.22665402e-04 4.51152902e-04
1.03361112e-01 2.11083513e-04 4.66935640e-04
1.03893792e-01 -1.11285187e-04 4.53539938e-04
1.04426471e-01 -7.44937794e-04 4.48900274e-04
1.04959148e-01 1.87554301e-04 4.56717626e-04
1.05491823e-01 -4.17488792e-04 4.44445443e-04
1.06024496e-01 6.23520606e-04 4.50434618e-04
1.06557168e-01 3.38856146e-04 4.42570449e-04
1.07089838e-01 2.72757877e-04 4.47781502e-04
1.07622506e-01 3.94741565e-04 4.32574163e-04
1.08155173e-01 3.85266659e-04 4.42074746e-04
1.08687838e-01 -3.79512373e-05 4.38583048e-04
1.09220501e-01 6.44925384e-04 4.30935518e-04
1.09753162e-01 3.29968538e-05 4.29695671e-04
1.10285822e-01 4.18262503e-04 4.40614295e-04
1.10818479e-01 7.97864499e-04 4.59982429e-04
1.11351135e-01 -9.67900496e-04 4.36546353e-04
1.11883790e-01 9.95455314e-04 4.46351772e-04
1.12416442e-01 -1.31370034e-05 4.38514321e-04
1.12949092e-01 -5.85354359e-04 4.24088209e-04
1.13481741e-01 5.48368054e-04 4.28407761e-04
1.14014388e-01 -3.33274371e-04 4.34909232e-04
1.14547033e-01 -3.06247125e-04 4.31711684e-04
1.15079676e-01 -3.89081792e-04 4.28036553e-04
1.15612318e-01 5.94146702e-05 4.29600632e-04
1.16144957e-01 9.15654464e-04 4.24243902e-04
1.16677595e-01 3.57190919e-04 4.23764201e-04
1.17210230e-01 3.14663908e-04 4.20197644e-04
1.17742864e-01 5.77942140e-04 4.29033737e-04
1.18275496e-01 -3.48406534e-04 4.10407557e-04
1.18808126e-01 -4.95371096e-04 4.15180474e-04
1.19340754e-01 -8.59491757e-04 4.11526032e-04
1.19873380e-01 -3.13615792e-04 4.21064735e-04
1.20406004e-01 2.70866253e-06 4.05515529e-04
1.20938626e-01 9.74476224e-05 4.12010573e-04
1.21471247e-01 -8.81579368e-05 3.97285251e-04
1.22003865e-01 -2.97225813e-04 3.99569149e-04
1.22536481e-01 -2.97665874e-04 4.04887912e-04
1.23069096e-01 -2.26958037e-04 3.99275647e-04
1.23601708e-01 -4.53032366e-04 4.07931571e-04
1.24134318e-01 -6.07259136e-04 4.09117165e-04
1.24666927e-01 4.32495116e-04 4.11013187e-04
1.25199533e-01 2.92748482e-04 4.23545497e-04
1.25732137e-01 2.34280949e-04 4.08382026e-04
1.26264740e-01 6.68634080e-05 4.01290680e-04
1.26797340e-01 -2.48443354e-04 3.99330997e-04
1.27329938e-01 -1.47455606e-05 3.92603904e-04
1.27862534e-01 -6.05665425e-04 3.93994897e-04
1.28395128e-01 -5.48850701e-04 3.93084416e-04
1.28927720e-01 -2.38823264e-05 4.03271367e-04
1.29460310e-01 5.26587544e-04 4.16030724e-04
1.29992898e-01 2.76086254e-04 4.08075301e-04
1.30525484e-01 1.07559174e-04 4.06764793e-04
1.31058067e-01 4.00666652e-04 3.94382858e-04
1.31590649e-01 -5.14257986e-05 4.20567613e-04
1.32123228e-01 6.53181728e-04 4.03388969e-04
1.32655805e-01 2.11563524e-04 4.14451882e-04
1.33188380e-01 -2.58989886e-05 4.10947620e-04
1.33720953e-01 6.77661077e-04 4.05507581e-04
1.34253524e-01 -2.78089752e-04 4.19703203e-04
1.34786093e-01 -2.34340343e-04 4.15537067e-04
1.35318659e-01 -2.38455572e-05 4.08118047e-04
1.35851223e-01 9.14062280e-04 4.12432345e-04
1.36383785e-01 -1.12926186e-04 3.92742527e-04
1.36916345e-01 3.91080409e-04 3.98128564e-04
1.37448903e-01 1.80619121e-04 4.12548982e-04
1.37981458e-01 5.28386969e-04 3.99424987e-04
1.38514011e-01 6.04466719e-04 3.99071774e-04
1.39046562e-01 -5.02152723e-04 3.89722592e-04
1.39579111e-01 6.52547714e-04 3.87787651e-04
1.40111657e-01 -2.90061352e-04 3.89911781e-04
1.40644201e-01 7.40780504e-04 3.86969452e-04
1.41176743e-01 2.00133175e-04 3.80064112e-04
1.41709283e-01 8.03395451e-04 3.90762541e-04
1.42241820e-01 1.51881525e-04 3.77426910e-04
1.42774355e-01 -2.58365785e-04 3.84572410e-04
1.43306888e-01 -1.39264676e-04 3.92667361e-04
1.43839418e-01 2.12499017e-04 3.87944083e-04
1.44371946e-01 4.34236604e-04 3.87174523e-04
1.44904472e-01 4.26928953e-04 3.80084454e-04
1.45436995e-01 4.02002093e-04 3.69907529e-04
1.45969516e-01 6.36547710e-04 3.89735411e-04
1.46502035e-01 -1.56178386e-04 3.74166476e-04
1.47034551e-01 6.76564938e-05 3.78288952e-04
1.47567065e-01 1.96064651e-05 3.64997573e-04
1.48099577e-01 7.92206159e-05 3.65533498e-04
1.48632086e-01 3.33137868e-04 3.70301920e-04
1.49164593e-01 6.80401627e-05 3.70416118e-04
1.49697097e-01 -1.42475946e-04 3.74322887e-04
1.50229599e-01 6.65827128e-04 3.74160729e-04
1.50762098e-01 -1.93792546e-04 3.70481745e-04
1.51294595e-01 -1.18198931e-04 3.64817045e-04
1.51827090e-01 -2.99874469e-04 3.76662229e-04
1.52359582e-01 -1.99783979e-04 3.68793327e-04
1.52892072e-01 4.06675405e-05 3.63604601e-04
1.53424559e-01 7.59057293e-04 3.70582904e-04
1.53957044e-01 9.91048273e-04 3.69074706e-04
1.54489526e-01 -2.30892442e-04 3.67904693e-04
1.55022006e-01 9.10298134e-05 3.68615347e-04
1.55554483e-01 3.43282928e-04 3.86635112e-04
1.56086958e-01 -9.89883562e-05 3.80976545e-04
1.56619430e-01 2.53235940e-04 3.79573423e-04
1.57151899e-01 -4.50177958e-04 3.76082794e-04
1.57684366e-01 -5.44915210e-04 3.82297235e-04
1.58216831e-01 1.21949685e-04 3.77019722e-04
1.58749293e-01 8.43434824e-05 3.79154648e-04
1.59281752e-01 3.17222737e-04 3.81590513e-04
1.59814209e-01 2.14057015e-04 3.77147144e-04
1.60346664e-01 7.62113756e-04 3.78811394e-04
1.60879115e-01 4.16471719e-04 3.77065437e-04
1.61411564e-01 -4.70320120e-05 3.86106335e-04
1.61944011e-01 5.06133658e-04 3.91015671e-04
1.62476455e-01 1.35917387e-04 3.77741823e-04
1.63008896e-01 -1.90322060e-04 3.79359104e-04
1.63541335e-01 3.89338244e-04 3.76642815e-04
1.64073771e-01 -2.31947667e-05 3.71676487e-04
1.64606204e-01 1.21989182e-04 3.73498134e-04
1.65138635e-01 4.62835077e-04 3.66574325e-04
1.65671063e-01 -4.10898517e-04 3.58355579e-04
1.66203488e-01 3.05661536e-04 3.65377696e-04
1.66735910e-01 6.11110224e-05 3.52361210e-04
1.67268330e-01 -4.90912629e-05 3.49071417e-04
1.67800748e-01 1.89938350e-04 3.49867499e-04
1.68333162e-01 5.11195564e-04 3.52505448e-04
1.68865574e-01 -1.28035973e-04 3.44217801e-04
1.69397983e-01 -9.28398339e-05 3.52963920e-04
1.69930389e-01 7.52275846e-04 3.63553085e-04
1.70462793e-01 -2.68934062e-04 3.46625890e-04
1.70995194e-01 -1.65081520e-04 3.50991228e-04
1.71527592e-01 1.22680311e-04 3.47075127e-04
1.72059987e-01 7.05865469e-05 3.38914336e-04
1.72592380e-01 1.15168482e-04 3.49126712e-04
1.73124769e-01 -3.23551553e-04 3.45044769e-04
1.73657156e-01 -4.10836098e-04 3.46151805e-04
1.74189540e-01 -5.03359754e-04 3.44992335e-04
1.74721922e-01 7.68755671e-04 3.47942253e-04
1.75254300e-01 -2.19141834e-04 3.45695729e-04
1.75786676e-01 -4.96947767e-04 3.38343855e-04
1.76319049e-01 2.19831404e-04 3.45636123e-04
1.76851418e-01 2.63206239e-04 3.54357199e-04
1.77383786e-01 -4.61435960e-05 3.54124193e-04
1.77916150e-01 -7.70266765e-04 3.46842099e-04
1.78448511e-01 -1.74670644e-04 3.52549498e-04
1.78980870e-01 -1.01585971e-05 3.53293419e-04
1.79513225e-01 -2.16763875e-04 3.53351472e-04
1.80045578e-01 5.11742503e-04 3.52818180e-04
1.80577928e-01 3.61305734e-04 3.48719244e-04
1.81110275e-01 3.82575168e-04 3.56276394e-04
1.81642618e-01 -3.89189150e-04 3.54981234e-04
1.82174959e-01 2.68275930e-05 3.48946574e-04
1.82707297e-01 4.27019299e-04 3.55794706e-04
1.83239633e-01 3.46229585e-04 3.48042698e-04
1.83771965e-01 4.46518888e-04 3.58667037e-04
1.84304294e-01 -4.40774167e-05 3.51723536e-04
1.84836620e-01 -9.38234252e-04 3.42577503e-04
1.85368943e-01 2.20550796e-04 3.47792225e-04
1.85901263e-01 -1.63104987e-04 3.40227149e-04
1.86433581e-01 3.70076984e-04 3.51070140e-04
1.86965895e-01 -1.03560609e-04 3.41899279e-04
1.87498206e-01 -1.80401983e-04 3.46155828e-04
1.88030514e-01 1.02848292e-04 3.43011514e-04
1.88562819e-01 2.74830672e-04 3.37054242e-04
1.89095121e-01 3.33134734e-04 3.38290053e-04
1.89627420e-01 -2.44824994e-04 3.35558987e-04
1.90159716e-01 6.42572492e-04 3.32386086e-04
1.90692009e-01 4.72988836e-04 3.31379930e-04
1.91224299e-01 -6.53319176e-05 3.25913024e-04
1.91756586e-01 -6.35888701e-04 3.29303088e-04
1.92288869e-01 -4.40669672e-04 3.33924741e-04
1.92821150e-01 -1.48761574e-04 3.30304433e-04
1.93353427e-01 -1.95339496e-05 3.39732719e-04
1.93885701e-01 3.19653462e-04 3.28113931e-04
1.94417972e-01 2.47052924e-04 3.28001609e-04
1.94950240e-01 5.83840912e-04 3.31453638e-04
1.95482505e-01 4.63986461e-04 3.39007921e-04
1.96014767e-01 3.14241862e-04 3.34123812e-04
1.96547025e-01 -2.43314878e-05 3.31161441e-04
1.97079281e-01 2.31600246e-04 3.22943792e-04
1.97611533e-01 4.45912239e-04 3.20291719e-04
1.98143782e-01 6.67503142e-04 3.28385385e-04
1.98676028e-01 -4.65574220e-04 3.15196288e-04
1.99208270e-01 -3.97827221e-05 3.21014356e-04
1.99740510e-01 -2.12102081e-04 3.19670029e-04
2.00272746e-01 -9.35294484e-05 3.19569666e-04
2.00804978e-01 5.52253339e-04 3.23298645e-04
2.01337208e-01 2.15462420e-04 3.18372106e-04
2.01869434e-01 4.11500324e-04 3.17654016e-04
2.02401658e-01 -4.16329597e-04 3.13502979e-04
2.02933877e-01 3.14943117e-04 3.11830779e-04
2.03466094e-01 4.45815420e-04 3.10833418e-04
2.03998307e-01 -5.30641820e-04 3.10540691e-04
2.04530517e-01 6.89368061e-05 3.21443767e-04
2.05062724e-01 9.99550509e-05 3.10250283e-04
2.05594927e-01 -2.08991571e-04 3.06643657e-04
2.06127127e-01 1.31194124e-04 3.16038071e-04
2.06659324e-01 4.30647241e-04 3.13506079e-04
2.07191517e-01 8.76136438e-05 3.05508636e-04
2.07723707e-01 5.36178215e-04 3.11976489e-04
2.08255894e-01 8.55542601e-05 3.12282367e-04
2.08788077e-01 -2.70827370e-04 3.11706754e-04
2.09320257e-01 -7.83537730e-05 3.08361494e-04
2.09852434e-01 -1.55203073e-04 3.09029095e-04
2.10384607e-01 -3.03679871e-04 3.07407169e-04
2.10916777e-01 -2.32503161e-04 3.11745063e-04
2.11448943e-01 -3.28724052e-04 3.05667030e-04
2.11981106e-01 -2.08896851e-04 3.09465396e-04
2.12513266e-01 3.65337227e-04 3.04913522e-04
2.13045422e-01 4.74334695e-04 3.06806174e-04
2.13577575e-01 3.67282754e-04 3.08438883e-04
2.14109724e-01 2.00093084e-05 3.13180487e-04
2.14641870e-01 2.53686467e-04 3.08450132e-04
2.15174012e-01 3.27660741e-04 3.04449396e-04
2.15706151e-01 3.27749820e-04 3.04728672e-04
2.16238286e-01 -9.89115140e-05 3.01710047e-04
2.16770418e-01 4.84941653e-04 2.97303590e-04
2.17302546e-01 -1.05900697e-04 2.96740297e-04
2.17834671e-01 3.61425920e-05 3.06996809e-04
2.18366792e-01 9.35725594e-05 3.10570585e-04
2.18898910e-01 2.87375152e-04 3.05414450e-04
2.19431024e-01 -6.61255689e-05 3.00856815e-04
2.19963135e-01 2.57816808e-04 2.96971642e-04
2.20495242e-01 2.41786708e-04 2.95270864e-04
2.21027346e-01 5.40742882e-05 2.95863683e-04
2.21559446e-01 -2.64600597e-04 2.97532162e-04
2.22091542e-01 2.07400926e-04 2.98881729e-04
2.22623635e-01 -4.87956242e-04 2.98140030e-04
2.23155724e-01 -1.14450618e-04 2.94976746e-04
2.23687810e-01 -2.28487169e-04 2.89977912e-04
2.24219892e-01 1.94773264e-04 2.95954174e-04
2.24751971e-01 1.16585767e-04 2.98531842e-04
2.25284045e-01 1.58746808e-04 2.99423593e-04
2.25816117e-01 -4.29883989e-04 2.90107550e-04
2.26348184e-01 2.28058215e-04 2.91448673e-04
2.26880248e-01 -4.51783054e-05 3.00116564e-04
2.27412308e-01 2.22617436e-04 2.97885312e-04
2.27944365e-01 2.11863292e-04 2.96309191e-04
2.28476418e-01 2.85725448e-04 2.91685952e-04
2.29008467e-01 3.41001227e-04 2.91402383e-04
2.29540512e-01 6.12560899e-05 2.85267433e-04
2.30072554e-01 1.30062227e-04 2.92555095e-04
2.30604592e-01 1.10248718e-04 2.88182693e-04
2.31136626e-01 4.66945662e-04 2.84737235e-04
2.31668657e-01 -1.50959656e-04 2.88544643e-04
2.32200684e-01 3.87361113e-04 2.89813608e-04
2.32732707e-01 1.12550124e-04 2.85303704e-04
2.33264726e-01 4.00937850e-05 2.76376266e-04
2.33796742e-01 -1.11200690e-04 2.91731849e-04
2.34328754e-01 -5.46690134e-05 2.87050210e-04
2.34860762e-01 8.89901128e-07 2.86977244e-04
2.35392766e-01 1.99294135e-04 2.79763168e-04
2.35924766e-01 -2.67403078e-06 2.82383059e-04
2.36456763e-01 -3.38526787e-05 2.85804579e-04
2.36988756e-01 6.76861927e-04 2.82980057e-04
2.37520745e-01 -7.57641038e-05 2.78794248e-04
2.38052730e-01 -2.47966282e-04 2.83086965e-04
2.38584711e-01 2.18174774e-04 2.79231088e-04
2.39116689e-01 1.49782687e-04 2.86238015e-04
2.39648662e-01 -1.60873959e-04 2.83469910e-04
2.40180632e-01 4.54127260e-04 2.85284665e-04
2.40712598e-01 7.29127939e-05 2.83730833e-04
2.41244560e-01 3.54110202e-04 2.81292505e-04
2.41776518e-01 1.23289204e-04 2.78427176e-04
2.42308472e-01 1.27722025e-05 2.81290619e-04
2.42840423e-01 4.24885042e-05 2.85365470e-04
2.43372369e-01 1.32344582e-04 2.78160990e-04
2.43904311e-01 1.96649739e-04 2.82061108e-04
2.44436250e-01 -1.47721588e-04 2.77667531e-04
2.44968184e-01 1.93759538e-04 2.84366648e-04
2.45500115e-01 -1.08491258e-04 2.74302487e-04
2.46032042e-01 -2.58840341e-04 2.72383271e-04
2.46563964e-01 -7.08507495e-05 2.77958467e-04
2.47095883e-01 1.12603857e-04 2.79587975e-04
2.47627798e-01 2.77604565e-04 2.79842379e-04
2.48159708e-01 -1.31770213e-04 2.78560578e-04
2.48691615e-01 7.82593542e-05 2.74132180e-04
2.49223518e-01 -9.54245875e-06 2.79997852e-04
2.49755416e-01 7.95389328e-05 2.73247375e-04
2.50287311e-01 -1.37451582e-04 2.73738127e-04
2.50819201e-01 -1.47932656e-04 2.77154905e-04
2.51351088e-01 -4.36059463e-04 2.68629610e-04
2.51882971e-01 3.76091473e-05 2.75944989e-04
2.52414849e-01 4.13119815e-04 2.77752013e-04
2.52946723e-01 5.76271965e-04 2.76789574e-04
2.53478594e-01 1.27966329e-04 2.75114893e-04
2.54010460e-01 2.90406094e-04 2.73395390e-04
2.54542322e-01 5.98611161e-04 2.77866403e-04
2.55074180e-01 3.19302456e-04 2.71248734e-04
2.55606034e-01 -1.60555239e-04 2.68280664e-04
2.56137883e-01 5.06474069e-04 2.68579691e-04
2.56669729e-01 -3.01759893e-05 2.65195364e-04
2.57201570e-01 -3.45998950e-05 2.72421635e-04
2.57733408e-01 2.63157176e-04 2.72005251e-04
2.58265241e-01 -3.33818403e-04 2.68215413e-04
2.58797070e-01 5.85349437e-04 2.72941507e-04
2.59328895e-01 -5.60393860e-05 2.65235563e-04
2.59860715e-01 3.06547862e-05 2.64904113e-04
2.60392532e-01 9.90425273e-05 2.67111592e-04
2.60924344e-01 -6.56850911e-05 2.69597103e-04
2.61456152e-01 -1.36854728e-04 2.69968363e-04
2.61987956e-01 -1.11242808e-04 2.65783174e-04
2.62519755e-01 3.65896051e-04 2.62413951e-04
2.63051551e-01 4.65864387e-04 2.65811898e-04
2.63583342e-01 2.61670857e-04 2.68872474e-04
2.64115129e-01 -3.12039272e-05 2.60685193e-04
2.64646911e-01 -3.78757074e-04 2.55119322e-04
2.65178690e-01 2.47932522e-04 2.62661583e-04
2.65710464e-01 8.99901465e-05 2.60778251e-04
2.66242233e-01 -3.30040489e-04 2.65836039e-04
2.66773999e-01 -2.21593531e-04 2.67702886e-04
2.67305760e-01 -3.50545418e-04 2.61535951e-04
2.67837517e-01 8.29325308e-05 2.66730942e-04
2.68369269e-01 9.87586258e-05 2.65149920e-04
2.68901018e-01 3.53060645e-04 2.66538216e-04
2.69432761e-01 3.06308642e-04 2.68945760e-04
2.69964501e-01 -3.23562216e-04 2.64802356e-04
2.70496236e-01 1.39139130e-04 2.64127618e-04
2.71027967e-01 -1.58050382e-05 2.66890874e-04
2.71559693e-01 5.01907381e-05 2.71399833e-04
2.72091415e-01 -3.26146009e-04 2.69388265e-04
2.72623133e-01 2.33651965e-04 2.69592547e-04
2.73154846e-01 4.16087660e-04 2.65030931e-04
2.73686555e-01 -1.21506325e-05 2.66686618e-04
2.74218260e-01 -3.83326979e-04 2.72207820e-04
2.74749960e-01 2.27805478e-04 2.67312582e-04
2.75281655e-01 2.80559989e-04 2.68574091e-04
2.75813346e-01 3.81500290e-04 2.70509398e-04
2.76345033e-01 -2.71174247e-04 2.59241090e-04
2.76876715e-01 2.36450142e-04 2.60843011e-04
2.77408393e-01 2.50525608e-04 2.67262814e-04
2.77940066e-01 6.04987716e-04 2.62010960e-04
2.78471735e-01 2.94440201e-04 2.65123722e-04
2.79003400e-01 2.09817655e-04 2.62034797e-04
2.79535059e-01 3.25912422e-04 2.64059267e-04
2.80066715e-01 2.71000542e-04 2.69615017e-04
2.80598366e-01 -2.81573344e-04 2.63764016e-04
2.81130012e-01 2.57497432e-04 2.56207352e-04
2.81661654e-01 -4.82609701e-05 2.62555099e-04
2.82193291e-01 4.30357162e-05 2.58092236e-04
2.82724923e-01 -2.56095298e-04 2.59942441e-04
2.83256552e-01 3.22406363e-04 2.58557505e-04
2.83788175e-01 -1.41067043e-05 2.60557562e-04
2.84319794e-01 -1.60733741e-04 2.55132746e-04
2.84851408e-01 1.43453803e-05 2.54391052e-04
2.85383018e-01 1.75933165e-04 2.60620416e-04
2.85914623e-01 5.13654358e-04 2.57597788e-04
2.86446224e-01 2.85179968e-04 2.56193074e-04
2.86977820e-01 -5.31249379e-05 2.53725598e-04
2.87509411e-01 3.64504935e-04 2.56100866e-04
2.88040998e-01 -5.25736303e-05 2.57950697e-04
2.88572580e-01 -1.34680881e-04 2.55032360e-04
2.89104157e-01 4.35941641e-05 2.54430796e-04
2.89635730e-01 2.35806649e-05 2.54038301e-04
2.90167298e-01 1.40421937e-04 2.60629699e-04
2.90698862e-01 2.09245220e-04 2.62549487e-04
2.91230420e-01 2.21571160e-04 2.64583671e-04
2.91761974e-01 -1.33279229e-04 2.59636004e-04
2.92293524e-01 2.72229970e-04 2.63007714e-04
2.92825068e-01 -9.68179656e-05 2.59672176e-04
2.93356608e-01 4.12631775e-04 2.64029206e-04
2.93888143e-01 -1.70622622e-04 2.64484827e-04
2.94419674e-01 -4.14012286e-04 2.59695654e-04
2.94951199e-01 -9.02499018e-05 2.58453838e-04
2.95482720e-01 2.70075618e-04 2.59637611e-04
2.96014236e-01 1.02630571e-04 2.54409911e-04
2.96545748e-01 1.38655412e-04 2.54637929e-04
2.97077254e-01 6.22467705e-04 2.57459128e-04
2.97608756e-01 5.47675677e-05 2.55293626e-04
2.98140253e-01 4.12823112e-05 2.50661478e-04
2.98671745e-01 3.96535592e-04 2.51266599e-04
2.99203233e-01 7.69517034e-05 2.53272110e-04
2.99734715e-01 -2.06074480e-04 2.49467906e-04
3.00266193e-01 1.96064995e-04 2.54394018e-04
3.00797666e-01 2.93792967e-04 2.48778711e-04
3.01329134e-01 4.49186356e-04 2.54242789e-04
3.01860597e-01 -9.12560333e-05 2.50438842e-04
3.02392056e-01 1.38951002e-04 2.48259261e-04
3.02923509e-01 3.84213620e-04 2.49918348e-04
3.03454958e-01 -1.58195715e-04 2.45157321e-04
3.03986401e-01 -7.59797799e-05 2.47305836e-04
3.04517840e-01 2.47581071e-04 2.50136187e-04
3.05049274e-01 3.82923971e-05 2.50266694e-04
3.05580703e-01 -5.46516915e-05 2.45110378e-04
3.06112127e-01 -1.93716926e-04 2.52099682e-04
3.06643546e-01 -5.93770858e-06 2.46886765e-04
3.07174960e-01 2.90485947e-04 2.48287690e-04
3.07706370e-01 -6.14176181e-04 2.44830295e-04
3.08237774e-01 -2.88555694e-04 2.43730837e-04
3.08769173e-01 6.97453474e-05 2.42162764e-04
3.09300568e-01 1.38340688e-04 2.37698710e-04
3.09831957e-01 1.85419862e-04 2.47385642e-04
3.10363341e-01 3.60000919e-04 2.43042752e-04
3.10894721e-01 1.22989746e-04 2.41770194e-04
3.11426095e-01 -1.58325731e-04 2.41625161e-04
3.11957464e-01 2.94101057e-04 2.41975315e-04
3.12488829e-01 2.43038489e-04 2.40346980e-04
3.13020188e-01 1.42318180e-04 2.43104835e-04
3.13551542e-01 9.64401898e-06 2.37828764e-04
3.14082891e-01 -2.30858960e-04 2.38649831e-04
3.14614235e-01 -1.88740072e-05 2.40334671e-04
3.15145574e-01 2.24538338e-04 2.41486845e-04
3.15676908e-01 -9.82486378e-05 2.40554165e-04
3.16208237e-01 5.83255978e-04 2.40749618e-04
3.16739561e-01 2.20373229e-05 2.38586385e-04
3.17270880e-01 2.68071401e-04 2.38120747e-04
3.17802193e-01 4.10787827e-04 2.41133045e-04
3.18333502e-01 1.22361277e-04 2.37266177e-04
3.18864805e-01 -1.52564007e-04 2.41723522e-04
3.19396103e-01 -9.86720691e-05 2.37071973e-04
3.19927396e-01 3.82527932e-04 2.38286097e-04
3.20458684e-01 1.13174397e-05 2.42225996e-04
3.20989967e-01 7.54343676e-05 2.33605130e-04
3.21521244e-01 4.65107772e-05 2.39479049e-04
3.22052517e-01 -1.66277493e-04 2.32375121e-04
3.22583784e-01 -7.83639414e-05 2.38633021e-04
3.23115046e-01 3.28689601e-04 2.35984425e-04
3.23646303e-01 6.04284224e-05 2.37311767e-04
3.24177554e-01 1.07616348e-04 2.36193719e-04
3.24708801e-01 -7.10444983e-05 2.34919559e-04
3.25240042e-01 7.90592560e-05 2.31930726e-04
3.25771278e-01 -9.87999952e-06 2.32969079e-04
3.26302508e-01 4.48495501e-04 2.30254404e-04
3.26833734e-01 -7.72126532e-05 2.35920716e-04
3.27364954e-01 -2.58344861e-04 2.34346254e-04
3.27896169e-01 3.03206833e-04 2.32420645e-04
3.28427378e-01 -2.09639259e-04 2.32817186e-04
3.28958583e-01 -1.96032202e-04 2.30171297e-04
3.29489782e-01 -2.81354702e-05 2.30592286e-04
3.30020975e-01 8.76055440e-05 2.29896349e-04
3.30552164e-01 6.23031395e-04 2.27379445e-04
3.31083347e-01 -2.19545323e-05 2.26328878e-04
3.31614524e-01 -3.77835720e-05 2.29910994e-04
3.32145697e-01 -2.59180044e-04 2.28921750e-04
3.32676864e-01 -6.15669681e-05 2.31958689e-04
3.33208025e-01 -2.31828500e-04 2.31280278e-04
3.33739182e-01 -2.44467547e-05 2.32497332e-04
3.34270333e-01 1.62849154e-04 2.32230385e-04
3.34801478e-01 2.03020194e-05 2.29286250e-04
3.35332618e-01 1.26008286e-04 2.26608214e-04
3.35863753e-01 -3.06656629e-05 2.28374892e-04
3.36394883e-01 6.15341833e-05 2.30087003e-04
3.36926007e-01 2.46722409e-04 2.26123795e-04
3.37457125e-01 1.50627054e-04 2.25960109e-04
3.37988238e-01 2.33352415e-04 2.30015671e-04
3.38519346e-01 -2.01552104e-04 2.25548464e-04
3.39050448e-01 8.31805095e-05 2.28302153e-04
3.39581545e-01 3.08820643e-05 2.25424757e-04
3.40112636e-01 2.72386451e-04 2.28794272e-04
3.40643722e-01 -3.07496267e-04 2.24387754e-04
3.41174802e-01 -7.76143351e-07 2.30462930e-04
3.41705877e-01 -1.71327154e-04 2.25348328e-04
3.42236946e-01 2.39992325e-04 2.23442466e-04
3.42768010e-01 4.64824061e-04 2.23767386e-04
3.43299068e-01 -7.81486232e-05 2.23664759e-04
3.43830121e-01 -1.48687842e-04 2.20490171e-04
3.44361168e-01 8.85382532e-05 2.23952419e-04
3.44892210e-01 -2.91938674e-04 2.23725577e-04
3.45423246e-01 2.62492727e-04 2.23195374e-04
3.45954277e-01 -2.15049379e-04 2.23591302e-04
3.46485302e-01 3.50034682e-04 2.24992919e-04
3.47016321e-01 2.43031668e-04 2.24323006e-04
3.47547335e-01 1.67610954e-04 2.23470326e-04
3.48078343e-01 -1.23208172e-04 2.18506959e-04
3.48609346e-01 5.96716688e-05 2.18585659e-04
3.49140343e-01 3.32359943e-04 2.20844365e-04
3.49671334e-01 3.66867876e-04 2.18629781e-04
3.50202320e-01 2.68690420e-04 2.21063310e-04
3.50733300e-01 2.08167165e-04 2.23440893e-04
3.51264275e-01 -3.87767981e-04 2.24216590e-04
3.51795244e-01 -3.02515578e-05 2.18736670e-04
3.52326207e-01 1.12009220e-04 2.20344332e-04
3.52857164e-01 1.05022117e-04 2.16801388e-04
3.53388116e-01 -2.31567949e-04 2.20019146e-04
3.53919062e-01 3.16335300e-04 2.20275178e-04
3.54450003e-01 -4.43295967e-05 2.18847243e-04
3.54980938e-01 -9.05559919e-06 2.19471848e-04
3.55511867e-01 2.80621556e-04 2.16735624e-04
3.56042790e-01 -4.25775693e-05 2.17757770e-04
3.56573708e-01 1.99487517e-04 2.18667763e-04
3.57104620e-01 5.28541806e-04 2.17843616e-04
3.57635526e-01 2.87663655e-04 2.14901942e-04
3.58166426e-01 1.00129869e-04 2.15815356e-04
3.58697321e-01 2.16454291e-04 2.14987778e-04
3.59228210e-01 8.63229128e-05 2.15321491e-04
3.59759093e-01 2.74986541e-04 2.19708924e-04
3.60289970e-01 -1.55433526e-04 2.12320135e-04
3.60820841e-01 3.60061509e-05 2.13034166e-04
3.61351707e-01 1.79335180e-04 2.12009973e-04
3.61882567e-01 2.57420041e-05 2.09595519e-04
3.62413421e-01 -1.08165896e-05 2.13947257e-04
3.62944269e-01 2.65847854e-04 2.16907583e-04
3.63475112e-01 -8.14658891e-05 2.15752106e-04
3.64005948e-01 2.10772430e-04 2.15053718e-04
3.64536779e-01 2.66812230e-04 2.09907891e-04
3.65067604e-01 7.45019069e-05 2.11248991e-04
3.65598423e-01 -9.61337568e-05 2.13990021e-04
3.66129236e-01 1.02910338e-04 2.10558667e-04
3.66660043e-01 2.93456747e-04 2.15403401e-04
3.67190844e-01 1.64006601e-05 2.14190213e-04
3.67721639e-01 3.02294234e-04 2.13200883e-04
3.68252429e-01 -3.44055937e-05 2.12954281e-04
3.68783212e-01 3.31811154e-04 2.13913534e-04
3.69313990e-01 4.66467863e-05 2.08625961e-04
3.69844762e-01 -2.81758730e-04 2.07572573e-04
3.70375527e-01 1.93845907e-04 2.08690472e-04
3.70906287e-01 -5.55349701e-05 2.08704560e-04
3.71437041e-01 3.27975847e-05 2.07911726e-04
3.71967789e-01 -5.67702577e-05 2.09000835e-04
3.72498531e-01 -2.82189114e-04 2.10454580e-04
3.73029266e-01 1.14736910e-04 2.07324669e-04
3.73559996e-01 -2.23776971e-04 2.09287529e-04
3.74090720e-01 -1.37065820e-04 2.10399296e-04
3.74621438e-01 -1.93342870e-04 2.08745529e-04
3.75152150e-01 3.65409680e-06 2.08612115e-04
3.75682855e-01 1.71882062e-04 2.06041669e-04
3.76213555e-01 -1.45257190e-05 2.10183682e-04
3.76744249e-01 -7.78413094e-05 2.05959367e-04
3.77274936e-01 3.12899408e-04 2.09840048e-04
3.77805618e-01 -8.75586418e-05 2.10772450e-04
3.78336293e-01 1.57224206e-04 2.08916588e-04
3.78866963e-01 8.59474044e-05 2.09567024e-04
3.79397626e-01 2.72591271e-04 2.09273288e-04
3.79928283e-01 1.51805760e-04 2.07467358e-04
3.80458934e-01 3.83835319e-04 2.14257797e-04
3.80989579e-01 1.81437427e-04 2.11999137e-04
3.81520218e-01 9.53389099e-05 2.10146985e-04
3.82050851e-01 1.57022239e-04 2.10081289e-04
3.82581478e-01 -2.06528832e-04 2.12422174e-04
3.83112098e-01 -2.20334429e-04 2.12760399e-04
3.83642712e-01 -9.65986141e-05 2.08920682e-04
3.84173320e-01 -4.70623400e-05 2.10634795e-04
3.84703922e-01 8.10304678e-05 2.13612249e-04
3.85234518e-01 3.71784711e-05 2.12180324e-04
3.85765108e-01 1.99423196e-04 2.14208036e-04
3.86295691e-01 -2.58710425e-04 2.13459047e-04
3.86826268e-01 1.45157710e-04 2.10874976e-04
3.87356839e-01 2.20075160e-04 2.11526361e-04
3.87887404e-01 -2.84673489e-04 2.10960149e-04
3.88417962e-01 2.43547448e-04 2.13212000e-04
3.88948514e-01 -1.85518803e-04 2.11544330e-04
3.89479060e-01 -2.75469996e-04 2.08501228e-04
3.90009600e-01 -3.01396625e-05 2.14955528e-04
3.90540134e-01 3.14687984e-04 2.05146152e-04
3.91070661e-01 9.38191339e-05 2.09159344e-04
3.91601182e-01 1.93170871e-05 2.11355840e-04
3.92131696e-01 3.43613952e-04 2.10918937e-04
3.92662205e-01 -9.49814741e-05 2.10684121e-04
3.93192707e-01 -1.18219311e-04 2.11690046e-04
3.93723202e-01 4.01501265e-04 2.14603469e-04
3.94253692e-01 2.57708878e-04 2.10669957e-04
3.94784175e-01 3.00423635e-04 2.13676024e-04
3.95314651e-01 -1.36448600e-04 2.09109335e-04
3.95845122e-01 -6.90973269e-05 2.18091259e-04
3.96375585e-01 -9.28187686e-05 2.11319552e-04
3.96906043e-01 2.09379695e-04 2.13900689e-04
3.97436494e-01 -2.89347295e-05 2.11811215e-04
3.97966939e-01 2.98305515e-04 2.16066370e-04
3.98497377e-01 8.93583849e-05 2.14569249e-04
3.99027809e-01 2.24051430e-05 2.16372503e-04
3.99558235e-01 5.85754334e-05 2.14048149e-04
4.00088654e-01 6.93995407e-05 2.11130096e-04
4.00619067e-01 2.12405882e-04 2.15932106e-04
4.01149473e-01 -2.72353485e-05 2.19863250e-04
4.01679873e-01 4.94297150e-05 2.20149411e-04
4.02210267e-01 -2.91354442e-04 2.15895495e-04
4.02740654e-01 1.18993758e-04 2.18710730e-04
4.03271034e-01 -1.43116742e-05 2.18714190e-04
4.03801408e-01 -1.23699770e-04 2.19655731e-04
4.04331776e-01 8.84018168e-05 2.21829817e-04
4.04862137e-01 -3.18115733e-04 2.18739707e-04
4.05392491e-01 -5.60759202e-05 2.27023825e-04
4.05922839e-01 3.75022180e-05 2.24924019e-04
4.06453181e-01 -1.38596822e-04 2.24827303e-04
4.06983516e-01 4.82154391e-04 2.25460692e-04
4.07513844e-01 -2.81155857e-04 2.27612198e-04
4.08044166e-01 -3.22514486e-05 2.28200341e-04
4.08574481e-01 -4.66274773e-04 2.26387696e-04
4.09104790e-01 2.58994052e-04 2.26953012e-04
4.09635092e-01 -1.77599933e-04 2.26269084e-04
4.10165388e-01 -2.20998333e-04 2.21811766e-04
4.10695677e-01 1.64365028e-04 2.30825767e-04
4.11225960e-01 3.47199814e-04 2.46770345e-04
4.11756235e-01 1.28281024e-04 2.62007464e-04
4.12286505e-01 5.93903751e-05 2.75335854e-04
4.12816767e-01 3.63060595e-04 2.94933662e-04
4.13347023e-01 -1.30096608e-04 2.94721919e-04
4.13877273e-01 4.91303841e-04 3.18561114e-04
4.14407515e-01 -3.79631159e-05 3.32275166e-04
4.14937751e-01 7.54863449e-05 3.43946277e-04
4.15467981e-01 5.14186811e-04 3.45780041e-04
4.15998203e-01 1.23293253e-04 3.51694200e-04
4.16528419e-01 3.81083789e-04 3.55966506e-04
4.17058629e-01 5.03387198e-04 3.53466279e-04
4.17588831e-01 3.35992770e-04 3.63729540e-04
4.18119027e-01 -1.67744896e-04 4.07407448e-04
4.18649217e-01 -1.54362399e-04 5.32939840e-04
4.19179399e-01 4.14839654e-03 1.51920929e-03
