7.45980241e-03 1.39401692e-02 3.23838073e-02
7.99264482e-03 1.21614620e-02 1.99181517e-02
8.52548709e-03 6.19534788e-03 1.47696157e-02
9.05832923e-03 7.86204319e-03 1.28752188e-02
9.59117122e-03 1.27900987e-02 1.08409099e-02
1.01240131e-02 1.48711128e-02 8.60609161e-03
1.06568547e-02 5.19111663e-03 7.74778385e-03
1.11896962e-02 6.27805528e-03 5.40883267e-03
1.17225375e-02 8.78791994e-03 4.63440920e-03
1.22553787e-02 6.83126797e-03 3.38675480e-03
1.27882196e-02 8.57041184e-03 2.99470570e-03
1.33210603e-02 9.56819818e-03 2.68649978e-03
1.38539008e-02 8.72292770e-03 2.30887644e-03
1.43867411e-02 8.90548572e-03 2.17827592e-03
1.49195812e-02 4.60408688e-03 2.00066157e-03
1.54524210e-02 5.12679290e-03 1.81715932e-03
1.59852605e-02 7.69311184e-03 1.68547416e-03
1.65180998e-02 6.69921768e-03 1.60355365e-03
1.70509389e-02 7.67969135e-03 1.56782019e-03
1.75837776e-02 4.22426385e-03 1.42971143e-03
1.81166161e-02 6.52669414e-03 1.44682326e-03
1.86494543e-02 6.01069236e-03 1.33592094e-03
1.91822922e-02 4.91698248e-03 1.25152654e-03
1.97151297e-02 3.97544518e-03 1.19766125e-03
2.02479670e-02 6.40149108e-03 1.23537574e-03
2.07808039e-02 3.52422098e-03 1.15433604e-03
2.13136405e-02 5.58284922e-03 1.20823131e-03
2.18464767e-02 7.47268419e-03 1.17324364e-03
2.23793126e-02 6.40696117e-03 1.12473313e-03
2.29121481e-02 5.76456308e-03 1.14864298e-03
2.34449833e-02 5.52718816e-03 1.07057433e-03
2.39778181e-02 4.27451198e-03 1.01717088e-03
2.45106524e-02 5.04844362e-03 1.07422193e-03
2.50434864e-02 3.69355005e-03 1.02727937e-03
2.55763200e-02 3.56080798e-03 9.42737420e-04
2.61091532e-02 3.94846452e-03 9.76474074e-04
2.66419859e-02 4.07241330e-03 9.52446436e-04
2.71748182e-02 4.27933638e-03 9.04038120e-04
2.77076501e-02 4.47689896e-03 9.78441589e-04
2.82404815e-02 5.25977628e-03 9.27842984e-04
2.87733125e-02 5.41557847e-03 9.20260341e-04
2.93061430e-02 3.99388142e-03 8.78181040e-04
2.98389731e-02 4.45233649e-03 8.99908967e-04
3.03718026e-02 5.54824531e-03 8.98167973e-04
3.09046317e-02 4.09354088e-03 8.37625216e-04
3.14374602e-02 4.16584974e-03 8.46363042e-04
3.19702883e-02 3.93582149e-03 8.44026107e-04
3.25031158e-02 4.18566434e-03 8.17860592e-04
3.30359428e-02 4.36425438e-03 8.20730455e-04
3.35687693e-02 4.42404479e-03 8.25838072e-04
3.41015952e-02 3.49065085e-03 7.86931684e-04
3.46344206e-02 2.66197697e-03 7.46437544e-04
3.51672454e-02 4.28321295e-03 7.77611612e-04
3.57000696e-02 4.27711020e-03 7.82571267e-04
3.62328933e-02 5.38958368e-03 8.14711118e-04
3.67657164e-02 3.84108270e-03 7.74375757e-04
3.72985389e-02 4.16816512e-03 7.63711104e-04
3.78313608e-02 4.56955080e-03 7.77510588e-04
3.83641820e-02 3.13667516e-03 7.83565700e-04
3.88970027e-02 2.93022172e-03 7.33031931e-04
3.94298227e-02 3.27691719e-03 7.34287763e-04
3.99626421e-02 3.30868859e-03 7.53097673e-04
4.04954608e-02 3.02761645e-03 7.08275566e-04
4.10282789e-02 3.06368336e-03 7.43992402e-04
4.15610963e-02 3.55688114e-03 7.32785279e-04
4.20939131e-02 2.06989160e-03 7.54806258e-04
4.26267291e-02 2.35111493e-03 7.30327448e-04
4.31595445e-02 2.24083149e-03 7.46646805e-04
4.36923592e-02 1.71480381e-03 7.71479014e-04
4.42251732e-02 2.44135530e-03 7.55795298e-04
4.47579864e-02 3.53820191e-03 7.87763740e-04
4.52907989e-02 2.83081200e-03 7.68186741e-04
4.58236107e-02 3.95691732e-03 7.29044724e-04
4.63564218e-02 3.05130617e-03 7.21590159e-04
4.68892321e-02 3.00750731e-03 7.57507239e-04
4.74220417e-02 4.06421662e-03 7.46629446e-04
4.79548504e-02 2.58336147e-03 7.36309261e-04
4.84876584e-02 2.23936435e-03 7.83817231e-04
4.90204657e-02 1.83848898e-03 6.80204476e-04
4.95532721e-02 3.47080167e-03 7.08107426e-04
5.00860777e-02 1.72312408e-03 7.13681577e-04
5.06188825e-02 2.83270262e-03 6.79349880e-04
5.11516865e-02 2.00979046e-03 7.11021477e-04
5.16844897e-02 1.90804341e-03 6.80060811e-04
5.22172920e-02 2.10224394e-03 6.85059046e-04
5.27500935e-02 2.89052844e-03 6.82107608e-04
5.32828941e-02 1.12247301e-03 6.58482980e-04
5.38156939e-02 2.16155927e-03 6.94735287e-04
5.43484928e-02 8.62429550e-04 6.64468041e-04
5.48812908e-02 1.45867709e-03 6.68029049e-04
5.54140880e-02 1.96976153e-03 6.48787824e-04
5.59468842e-02 1.13227294e-03 6.25892017e-04
5.64796795e-02 1.16385021e-03 6.52510368e-04
5.70124739e-02 2.05360728e-03 6.32000860e-04
5.75452674e-02 2.13104645e-03 6.02994146e-04
5.80780600e-02 2.78193109e-03 6.40674940e-04
5.86108516e-02 2.02447139e-03 6.63061503e-04
5.91436423e-02 1.70708406e-03 6.34533283e-04
5.96764320e-02 1.51441193e-03 5.92516813e-04
6.02092208e-02 1.09990317e-03 6.17420067e-04
6.07420086e-02 1.57570420e-03 6.20648375e-04
6.12747953e-02 2.72174707e-03 6.33821225e-04
6.18075812e-02 1.17599280e-03 6.13143538e-04
6.23403660e-02 1.71749627e-03 6.01290340e-04
6.28731498e-02 1.37997018e-03 6.30545230e-04
6.34059325e-02 1.17073875e-03 6.28250628e-04
6.39387143e-02 1.78116446e-03 6.00209408e-04
6.44714950e-02 6.67077542e-04 5.95752988e-04
6.50042747e-02 8.91507056e-04 6.35631111e-04
6.55370533e-02 1.54517002e-03 6.14684757e-04
6.60698309e-02 2.17912507e-03 6.33327282e-04
6.66026074e-02 1.28744382e-03 6.22703931e-04
6.71353828e-02 9.20896230e-04 5.95115757e-04
6.76681571e-02 1.43279247e-03 5.72092632e-04
6.82009304e-02 5.81405530e-04 6.16529123e-04
6.87337025e-02 2.02757690e-04 5.91699328e-04
6.92664735e-02 1.26134969e-03 6.08938867e-04
6.97992434e-02 4.96539829e-04 6.08971719e-04
7.03320122e-02 1.06925506e-03 6.32988751e-04
7.08647798e-02 1.65344250e-05 5.87398078e-04
7.13975463e-02 1.47039148e-03 6.12015731e-04
7.19303116e-02 1.28109559e-03 6.09411389e-04
7.24630758e-02 6.57177513e-04 6.03312832e-04
7.29958388e-02 1.02106374e-05 5.71571365e-04
7.35286006e-02 1.70254806e-03 5.81860651e-04
7.40613612e-02 6.08403583e-04 5.57969637e-04
7.45941207e-02 5.06844229e-05 5.81180014e-04
7.51268789e-02 1.33928739e-03 5.59732277e-04
7.56596359e-02 1.18323924e-04 5.70271225e-04
7.61923917e-02 -2.75656120e-05 5.47930673e-04
7.67251462e-02 3.35761954e-04 5.28544384e-04
7.72578995e-02 4.36367229e-04 5.32417772e-04
7.77906516e-02 6.21139845e-04 5.45261832e-04
7.83234024e-02 2.32246693e-04 5.46191733e-04
7.88561519e-02 2.75136247e-06 5.38187874e-04
7.93889002e-02 4.52972720e-04 5.44804543e-04
7.99216472e-02 5.38352526e-04 5.36547388e-04
8.04543928e-02 9.11636566e-04 5.42638954e-04
8.09871372e-02 -2.19089025e-04 5.21761197e-04
8.15198803e-02 -3.83498998e-04 5.48906079e-04
8.20526220e-02 9.68412626e-04 5.33744146e-04
8.25853624e-02 -1.67183182e-06 5.15164420e-04
8.31181015e-02 6.21413748e-04 5.10517199e-04
8.36508393e-02 2.99931045e-04 5.18906846e-04
8.41835757e-02 1.86291590e-04 5.16560647e-04
8.47163107e-02 5.16903877e-04 5.11783443e-04
8.52490443e-02 -3.32563015e-04 5.02230996e-04
8.57817766e-02 8.32747400e-04 5.11614350e-04
8.63145075e-02 -6.21265255e-05 4.98367041e-04
8.68472370e-02 5.80140192e-04 4.88462144e-04
8.73799651e-02 -3.13954005e-04 4.81595290e-04
8.79126918e-02 7.01223145e-04 5.06447306e-04
8.84454170e-02 1.53898434e-04 5.12834600e-04
8.89781408e-02 3.43317608e-04 5.07705401e-04
8.95108632e-02 -5.76278096e-04 4.99306936e-04
9.00435842e-02 8.74141278e-05 4.80600165e-04
9.05763036e-02 -6.19006297e-04 4.89350075e-04
9.11090217e-02 5.78372021e-05 5.05193281e-04
9.16417382e-02 5.64044742e-04 4.96956046e-04
9.21744532e-02 3.46282986e-05 4.78465667e-04
9.27071668e-02 6.56591324e-04 4.86192550e-04
9.32398789e-02 6.77699113e-04 4.88606478e-04
9.37725894e-02 6.32879440e-04 4.90488743e-04
9.43052985e-02 1.15187028e-03 4.92535470e-04
9.48380060e-02 -4.05757161e-06 4.85741498e-04
9.53707120e-02 3.08295990e-04 4.69870638e-04
9.59034164e-02 -2.39090724e-04 4.86582328e-04
9.64361193e-02 4.08993327e-04 4.69110230e-04
9.69688206e-02 4.26005144e-04 4.59909671e-04
9.75015204e-02 -5.55321146e-05 4.64622367e-04
9.80342186e-02 -7.70374581e-04 4.77625345e-04
9.85669152e-02 -1.39817374e-04 4.75342867e-04
9.90996102e-02 3.52012346e-04 4.65495688e-04
9.96323036e-02 -4.78763988e-04 4.46752864e-04
1.00164995e-01 7.14793049e-04 4.66388210e-04
1.00697686e-01 3.59160034e-04 4.85209629e-04
1.01230374e-01 -1.95447439e-04 4.50864024e-04
1.01763061e-01 1.03430909e-03 4.55735680e-04
1.02295746e-01 4.85283073e-04 4.77496697e-04
1.02828430e-01 -3.84843871e-04 4.42835837e-04
1.03361112e-01 -6.80889234e-04 4.42447569e-04
1.03893792e-01 1.80181545e-04 4.52593567e-04
1.04426471e-01 7.42129294e-04 4.55152665e-04
1.04959148e-01 2.97233731e-04 4.36735238e-04
1.05491823e-01 3.88676010e-04 4.52382303e-04
1.06024496e-01 1.02472386e-04 4.37975679e-04
1.06557168e-01 8.21695416e-04 4.33069058e-04
1.07089838e-01 -2.75500291e-04 4.39484599e-04
1.07622506e-01 4.90965499e-04 4.52702071e-04
1.08155173e-01 -2.83620060e-05 4.41318981e-04
1.08687838e-01 7.05973035e-04 4.41588841e-04
1.09220501e-01 7.23719508e-04 4.38888777e-04
1.09753162e-01 -5.99863957e-04 4.31980345e-04
1.10285822e-01 5.49349058e-04 4.21265989e-04
1.10818479e-01 3.04425493e-04 4.49566003e-04
1.11351135e-01 1.00597251e-03 4.32940604e-04
1.11883790e-01 1.96814538e-04 4.30430054e-04
1.12416442e-01 2.36229720e-05 4.04399901e-04
1.12949092e-01 -5.31360820e-04 4.43451917e-04
1.13481741e-01 6.75815336e-05 4.21049801e-04
1.14014388e-01 -3.61574016e-05 4.27640013e-04
1.14547033e-01 9.81738251e-04 4.23542391e-04
1.15079676e-01 4.46413059e-04 4.22288611e-04
1.15612318e-01 9.43137903e-05 4.35435447e-04
1.16144957e-01 4.31704121e-04 4.26499068e-04
1.16677595e-01 -8.39152679e-05 4.24896322e-04
1.17210230e-01 -1.63108742e-04 4.07694283e-04
1.17742864e-01 2.12339882e-04 4.27690340e-04
1.18275496e-01 -3.11575589e-04 4.16646605e-04
1.18808126e-01 -4.02395399e-04 4.07833942e-04
1.19340754e-01 9.84338764e-04 4.25150941e-04
1.19873380e-01 2.73196226e-04 4.15823703e-04
1.20406004e-01 -6.19473171e-07 4.24666821e-04
1.20938626e-01 1.75676186e-04 4.08853150e-04
1.21471247e-01 -3.68650765e-04 3.96237450e-04
1.22003865e-01 -4.07249055e-04 4.09286779e-04
1.22536481e-01 3.41258875e-04 4.18886786e-04
1.23069096e-01 -1.03435112e-03 4.07445150e-04
1.23601708e-01 -2.64928251e-04 4.03575497e-04
1.24134318e-01 3.00186338e-04 4.01560087e-04
1.24666927e-01 1.14511381e-03 4.08693619e-04
1.25199533e-01 -6.65413053e-04 3.89624165e-04
1.25732137e-01 2.13748249e-04 4.02443832e-04
1.26264740e-01 -1.10899464e-04 4.00529137e-04
1.26797340e-01 -3.08117241e-04 3.99693854e-04
1.27329938e-01 3.25177160e-04 3.92130593e-04
1.27862534e-01 4.40585476e-04 4.11835130e-04
1.28395128e-01 -3.81695074e-04 3.95988824e-04
1.28927720e-01 -4.10799182e-05 3.94748629e-04
1.29460310e-01 -6.07684259e-05 4.04817464e-04
1.29992898e-01 -4.03740640e-04 4.04110284e-04
1.30525484e-01 -2.52486901e-04 4.14501793e-04
1.31058067e-01 5.10029158e-04 4.03661425e-04
1.31590649e-01 -1.98425705e-04 4.11375076e-04
1.32123228e-01 9.27288861e-05 4.18255527e-04
1.32655805e-01 -7.27143107e-05 4.12544985e-04
1.33188380e-01 -7.44022639e-04 4.00942897e-04
1.33720953e-01 -9.25028817e-05 4.03435724e-04
1.34253524e-01 7.93672689e-04 4.11446174e-04
1.34786093e-01 1.05927012e-04 3.95892785e-04
1.35318659e-01 7.66633494e-04 4.04576143e-04
1.35851223e-01 1.23791644e-04 3.92809666e-04
1.36383785e-01 -4.08166253e-04 4.00947463e-04
1.36916345e-01 -6.32052493e-04 3.96627785e-04
1.37448903e-01 4.58614764e-04 3.88937540e-04
1.37981458e-01 4.68131277e-04 3.94465473e-04
1.38514011e-01 5.34592838e-04 3.89346168e-04
1.39046562e-01 -4.97378286e-07 3.95714018e-04
1.39579111e-01 5.52438506e-05 3.81361813e-04
1.40111657e-01 1.53546162e-04 3.77951905e-04
1.40644201e-01 1.65787958e-04 3.77829736e-04
1.41176743e-01 7.65464642e-04 3.90182378e-04
1.41709283e-01 -1.34322298e-04 4.01304446e-04
1.42241820e-01 2.40889732e-04 3.78148276e-04
1.42774355e-01 3.56182416e-04 3.99237126e-04
1.43306888e-01 1.07815592e-04 4.00761308e-04
1.43839418e-01 1.14270645e-04 3.96121126e-04
1.44371946e-01 -6.51548911e-04 3.85133486e-04
1.44904472e-01 7.07369362e-04 3.86900718e-04
1.45436995e-01 -8.49914903e-04 3.63110557e-04
1.45969516e-01 3.17153380e-05 3.71861951e-04
1.46502035e-01 5.50343078e-04 3.76043922e-04
1.47034551e-01 1.87987488e-04 3.78499983e-04
1.47567065e-01 -5.85252079e-05 3.66212778e-04
1.48099577e-01 2.19852652e-04 3.79290477e-04
1.48632086e-01 3.51008749e-04 3.69450994e-04
1.49164593e-01 2.78609512e-04 3.58865827e-04
1.49697097e-01 -1.80410599e-04 3.65870625e-04
1.50229599e-01 3.40324862e-04 3.74238964e-04
1.50762098e-01 -1.45986664e-04 3.65945206e-04
1.51294595e-01 -7.11345549e-05 3.76074636e-04
1.51827090e-01 2.17290934e-04 3.68216824e-04
1.52359582e-01 -2.33689446e-04 3.64219013e-04
1.52892072e-01 -2.57997161e-04 3.59845606e-04
1.53424559e-01 7.01120250e-04 3.75908723e-04
1.53957044e-01 -5.48009852e-05 3.62901350e-04
1.54489526e-01 2.02373670e-04 3.71541262e-04
1.55022006e-01 2.77528768e-04 3.74583205e-04
1.55554483e-01 7.13120416e-04 3.88474052e-04
1.56086958e-01 7.48303523e-04 3.79361539e-04
1.56619430e-01 -1.68798129e-05 3.65498013e-04
1.57151899e-01 3.14469229e-04 3.77566794e-04
1.57684366e-01 4.78782320e-04 3.70335541e-04
1.58216831e-01 -3.70625745e-05 3.75142883e-04
1.58749293e-01 -1.17089118e-04 3.73275365e-04
1.59281752e-01 1.79180941e-04 3.78977454e-04
1.59814209e-01 -1.71892177e-04 3.86416360e-04
1.60346664e-01 3.96563592e-04 3.84023359e-04
1.60879115e-01 -1.81532193e-05 3.69222011e-04
1.61411564e-01 1.35906545e-04 3.70914874e-04
1.61944011e-01 2.48012729e-04 3.78217794e-04
1.62476455e-01 -6.21097992e-04 3.72145739e-04
1.63008896e-01 3.82355531e-04 3.78399890e-04
1.63541335e-01 4.12440188e-04 3.65436049e-04
1.64073771e-01 -2.09852215e-04 3.61451777e-04
1.64606204e-01 -4.09553437e-05 3.49786900e-04
1.65138635e-01 3.21724990e-04 3.68596703e-04
1.65671063e-01 3.91075644e-05 3.56003004e-04
1.66203488e-01 2.64489685e-04 3.56821893e-04
1.66735910e-01 2.21591552e-05 3.59495087e-04
1.67268330e-01 -2.02214678e-04 3.57193795e-04
1.67800748e-01 1.26238218e-06 3.53150271e-04
1.68333162e-01 1.55789354e-04 3.61267409e-04
1.68865574e-01 3.76611301e-04 3.54561868e-04
1.69397983e-01 -9.89465132e-05 3.45168494e-04
1.69930389e-01 -2.51589682e-04 3.50519635e-04
1.70462793e-01 2.29192833e-04 3.49997598e-04
1.70995194e-01 -3.89122514e-04 3.58579706e-04
1.71527592e-01 -8.15806290e-04 3.42039778e-04
1.72059987e-01 -3.50871912e-04 3.43524517e-04
1.72592380e-01 -7.79469693e-04 3.49369874e-04
1.73124769e-01 1.88912815e-04 3.54067681e-04
1.73657156e-01 -1.38883195e-04 3.41358361e-04
1.74189540e-01 4.85244117e-04 3.50011747e-04
1.74721922e-01 -2.09482539e-04 3.43324102e-04
1.75254300e-01 -2.47038646e-04 3.53304579e-04
1.75786676e-01 -8.96095749e-05 3.51349258e-04
1.76319049e-01 -6.87524328e-04 3.35621711e-04
1.76851418e-01 -4.91864444e-04 3.40114084e-04
1.77383786e-01 -2.50145178e-04 3.51043886e-04
1.77916150e-01 -3.78958078e-04 3.56210397e-04
1.78448511e-01 -2.73640732e-04 3.51669960e-04
1.78980870e-01 6.57820582e-04 3.55745159e-04
1.79513225e-01 8.37399666e-04 3.69589356e-04
1.80045578e-01 -3.20393581e-05 3.54855090e-04
1.80577928e-01 1.08055151e-03 3.49628979e-04
1.81110275e-01 3.40796102e-05 3.53919219e-04
1.81642618e-01 -1.91607126e-04 3.52114219e-04
1.82174959e-01 7.87807860e-05 3.52243222e-04
1.82707297e-01 2.65953209e-04 3.52231880e-04
1.83239633e-01 -6.69520268e-04 3.40221483e-04
1.83771965e-01 -4.05591242e-04 3.48064640e-04
1.84304294e-01 4.06643562e-04 3.51188116e-04
1.84836620e-01 2.12581793e-04 3.52992286e-04
1.85368943e-01 -8.54224966e-05 3.42850783e-04
1.85901263e-01 2.89454217e-05 3.43571543e-04
1.86433581e-01 4.83390794e-04 3.47367989e-04
1.86965895e-01 -2.19361065e-05 3.46725374e-04
1.87498206e-01 -2.89711927e-05 3.40146151e-04
1.88030514e-01 2.70954051e-04 3.30202082e-04
1.88562819e-01 -7.12151126e-04 3.32500441e-04
1.89095121e-01 -7.63399811e-05 3.36877474e-04
1.89627420e-01 -2.14838513e-04 3.35012410e-04
1.90159716e-01 1.63924425e-04 3.29466533e-04
1.90692009e-01 -9.78750381e-06 3.26838492e-04
1.91224299e-01 -1.50359068e-04 3.33465569e-04
1.91756586e-01 3.98159790e-04 3.36549334e-04
1.92288869e-01 -3.45099352e-04 3.35850269e-04
1.92821150e-01 1.71850177e-04 3.32433614e-04
1.93353427e-01 2.78095458e-04 3.24034623e-04
1.93885701e-01 -1.43910945e-04 3.21037896e-04
1.94417972e-01 -9.50205951e-05 3.25708644e-04
1.94950240e-01 -8.11345645e-05 3.27864591e-04
1.95482505e-01 -5.81721775e-04 3.28907978e-04
1.96014767e-01 -1.09821130e-04 3.28276752e-04
1.96547025e-01 1.26306828e-04 3.23143752e-04
1.97079281e-01 5.69089397e-04 3.21451273e-04
1.97611533e-01 3.55590994e-05 3.16137100e-04
1.98143782e-01 1.06330070e-04 3.28895939e-04
1.98676028e-01 2.82575265e-04 3.21476883e-04
1.99208270e-01 1.45712152e-04 3.15917593e-04
1.99740510e-01 1.49587330e-04 3.13757470e-04
2.00272746e-01 -1.22178079e-05 3.14923510e-04
2.00804978e-01 2.71027410e-04 3.20788149e-04
2.01337208e-01 -2.76210169e-04 3.15881018e-04
2.01869434e-01 2.87148786e-04 3.16614216e-04
2.02401658e-01 2.40495767e-04 3.10015741e-04
2.02933877e-01 -9.02267683e-05 3.13835825e-04
2.03466094e-01 4.78336440e-04 3.17942757e-04
2.03998307e-01 2.10126753e-04 3.10076017e-04
2.04530517e-01 -9.21761306e-05 3.03564973e-04
2.05062724e-01 1.55126081e-06 3.02276031e-04
2.05594927e-01 -7.40083638e-06 3.14733688e-04
2.06127127e-01 5.75705865e-06 3.10570996e-04
2.06659324e-01 -1.85972960e-04 3.07872031e-04
2.07191517e-01 1.72109765e-04 3.07784183e-04
2.07723707e-01 4.27152444e-04 3.15114978e-04
2.08255894e-01 -2.75790175e-04 3.12211994e-04
2.08788077e-01 -3.70116541e-04 3.10234655e-04
2.09320257e-01 6.80203553e-04 3.08792535e-04
2.09852434e-01 2.14415993e-04 3.10532311e-04
2.10384607e-01 4.92578833e-04 3.07606851e-04
2.10916777e-01 4.56473888e-04 3.09517029e-04
2.11448943e-01 2.82558193e-04 3.09702698e-04
2.11981106e-01 7.97923906e-05 3.13001468e-04
2.12513266e-01 8.40500711e-04 3.10509772e-04
2.13045422e-01 3.52444956e-04 2.97636072e-04
2.13577575e-01 -2.53025834e-04 3.01719628e-04
2.14109724e-01 -3.10294515e-04 3.05408500e-04
2.14641870e-01 3.60268836e-05 3.05235597e-04
2.15174012e-01 9.02885437e-05 2.99951836e-04
2.15706151e-01 -2.42598308e-04 2.96412199e-04
2.16238286e-01 3.79173077e-05 3.00385634e-04
2.16770418e-01 1.26080547e-04 2.97901484e-04
2.17302546e-01 -6.48246972e-04 2.97655658e-04
2.17834671e-01 1.50030675e-04 3.04407875e-04
2.18366792e-01 1.20393371e-04 3.06012044e-04
2.18898910e-01 -1.14074894e-05 3.00490125e-04
2.19431024e-01 1.12996333e-05 3.00428449e-04
2.19963135e-01 -4.91387002e-04 2.94238384e-04
2.20495242e-01 -2.22624278e-04 2.96063275e-04
2.21027346e-01 2.32752952e-05 2.96284921e-04
2.21559446e-01 -3.19126541e-04 2.94610875e-04
2.22091542e-01 4.98707699e-05 2.91707794e-04
2.22623635e-01 2.91649513e-04 2.94855931e-04
2.23155724e-01 2.39108068e-04 3.00583260e-04
2.23687810e-01 3.30595262e-04 2.95589267e-04
2.24219892e-01 4.19094349e-04 3.04223858e-04
2.24751971e-01 1.70395649e-04 2.99744798e-04
2.25284045e-01 -3.11656414e-04 2.90872362e-04
2.25816117e-01 -1.49961937e-05 2.89240624e-04
2.26348184e-01 -9.46909563e-05 2.98092056e-04
2.26880248e-01 -2.10250634e-04 2.91851142e-04
2.27412308e-01 1.62111403e-04 2.97680644e-04
2.27944365e-01 1.85575172e-05 2.86273151e-04
2.28476418e-01 1.24083069e-04 2.89605754e-04
2.29008467e-01 6.37433096e-04 2.86615197e-04
2.29540512e-01 -1.41065039e-04 2.87565727e-04
2.30072554e-01 -1.85311955e-04 2.82889650e-04
2.30604592e-01 -6.55003150e-05 2.90535921e-04
2.31136626e-01 -2.06081485e-04 2.88691742e-04
2.31668657e-01 4.74244248e-04 2.88591056e-04
2.32200684e-01 2.33861159e-04 2.89603623e-04
2.32732707e-01 -1.58106841e-04 2.83517538e-04
2.33264726e-01 4.35026468e-04 2.88012639e-04
2.33796742e-01 7.09316608e-05 2.79634331e-04
2.34328754e-01 -3.90564302e-05 2.79290459e-04
2.34860762e-01 6.01657236e-04 2.87793532e-04
2.35392766e-01 -2.60852129e-04 2.83134923e-04
2.35924766e-01 -2.27257043e-04 2.83160239e-04
2.36456763e-01 -2.36361785e-04 2.80681443e-04
2.36988756e-01 3.03412223e-05 2.83546011e-04
2.37520745e-01 1.80894651e-05 2.77334138e-04
2.38052730e-01 -8.29448810e-06 2.86173012e-04
2.38584711e-01 2.47022973e-04 2.86992428e-04
2.39116689e-01 -5.41963619e-05 2.75285562e-04
2.39648662e-01 1.78950921e-04 2.85492852e-04
2.40180632e-01 3.23374528e-04 2.85900933e-04
2.40712598e-01 9.31669581e-05 2.81572474e-04
2.41244560e-01 -1.01589346e-04 2.75965693e-04
2.41776518e-01 1.82172443e-04 2.72119273e-04
2.42308472e-01 4.97667319e-04 2.79668872e-04
2.42840423e-01 3.76997776e-04 2.76926456e-04
2.43372369e-01 -3.17647982e-04 2.74852600e-04
2.43904311e-01 4.40210498e-04 2.76952228e-04
2.44436250e-01 -1.42427846e-04 2.76923664e-04
2.44968184e-01 -2.56184250e-04 2.75833348e-04
2.45500115e-01 2.41364570e-04 2.75836534e-04
2.46032042e-01 -5.93302167e-06 2.81141466e-04
2.46563964e-01 1.58259731e-05 2.75473040e-04
2.47095883e-01 1.32619252e-04 2.79251411e-04
2.47627798e-01 -9.02518099e-05 2.73661802e-04
2.48159708e-01 -4.95438367e-04 2.77520280e-04
2.48691615e-01 1.13070538e-04 2.78507990e-04
2.49223518e-01 4.14299293e-04 2.72119135e-04
2.49755416e-01 1.81082236e-04 2.80661690e-04
2.50287311e-01 1.21523122e-04 2.73899820e-04
2.50819201e-01 6.47307096e-06 2.72032200e-04
2.51351088e-01 1.63563082e-04 2.75588819e-04
2.51882971e-01 2.75911239e-04 2.66010061e-04
2.52414849e-01 1.18961836e-04 2.78761148e-04
2.52946723e-01 3.80365779e-04 2.75094068e-04
2.53478594e-01 -1.02049782e-04 2.71931036e-04
2.54010460e-01 2.15187405e-04 2.71728899e-04
2.54542322e-01 -9.80697829e-05 2.71686432e-04
2.55074180e-01 6.22728288e-04 2.74670259e-04
2.55606034e-01 3.48597047e-04 2.70457521e-04
2.56137883e-01 -3.98566447e-05 2.67615115e-04
2.56669729e-01 -8.92980201e-06 2.66551860e-04
2.57201570e-01 1.35906729e-04 2.67157424e-04
2.57733408e-01 -2.04289011e-04 2.67130316e-04
2.58265241e-01 -2.11231751e-04 2.60389576e-04
2.58797070e-01 -2.45225661e-04 2.62535025e-04
2.59328895e-01 1.00653181e-04 2.65909394e-04
2.59860715e-01 -3.85202536e-04 2.62343214e-04
2.60392532e-01 -7.63165655e-05 2.66361230e-04
2.60924344e-01 3.27408823e-04 2.74869691e-04
2.61456152e-01 -3.26849055e-04 2.61030138e-04
2.61987956e-01 2.01586932e-04 2.63843878e-04
2.62519755e-01 1.26897491e-04 2.67048988e-04
2.63051551e-01 2.62380092e-04 2.63514503e-04
2.63583342e-01 -5.35929564e-05 2.62076517e-04
2.64115129e-01 2.35953189e-04 2.63813172e-04
2.64646911e-01 -2.04657124e-04 2.58019667e-04
2.65178690e-01 2.69281125e-06 2.60626341e-04
2.65710464e-01 1.38886983e-04 2.62162903e-04
2.66242233e-01 -1.53562688e-04 2.59340818e-04
2.66773999e-01 6.10367197e-04 2.61891403e-04
2.67305760e-01 4.49674575e-04 2.61945971e-04
2.67837517e-01 2.92452839e-04 2.62219785e-04
2.68369269e-01 2.19844862e-04 2.62418425e-04
2.68901018e-01 3.41288779e-04 2.69171106e-04
2.69432761e-01 6.90809914e-04 2.73454547e-04
2.69964501e-01 5.43348882e-04 2.67757249e-04
2.70496236e-01 1.47569788e-04 2.65510059e-04
2.71027967e-01 7.04437405e-05 2.67441250e-04
2.71559693e-01 1.38341460e-04 2.69669161e-04
2.72091415e-01 2.26570271e-04 2.70507299e-04
2.72623133e-01 -1.17354195e-04 2.70170410e-04
2.73154846e-01 5.38586332e-04 2.69407595e-04
2.73686555e-01 4.29217919e-04 2.69241185e-04
2.74218260e-01 2.45795268e-04 2.64025320e-04
2.74749960e-01 -6.47653373e-05 2.72119949e-04
2.75281655e-01 2.14325251e-04 2.72124140e-04
2.75813346e-01 3.77626168e-04 2.70142514e-04
2.76345033e-01 -4.51326326e-05 2.67660357e-04
2.76876715e-01 -1.32677882e-04 2.68145658e-04
2.77408393e-01 -1.80554801e-04 2.65121640e-04
2.77940066e-01 -7.75041506e-05 2.64962350e-04
2.78471735e-01 4.00401168e-04 2.59908450e-04
2.79003400e-01 2.55513999e-04 2.58976825e-04
2.79535059e-01 4.68060604e-04 2.64694360e-04
2.80066715e-01 1.02773973e-04 2.58486521e-04
2.80598366e-01 -3.78575021e-04 2.61690602e-04
2.81130012e-01 1.56474111e-04 2.62492778e-04
2.81661654e-01 4.14612511e-04 2.60979976e-04
2.82193291e-01 -5.32808968e-05 2.54423678e-04
2.82724923e-01 3.68656799e-04 2.61026745e-04
2.83256552e-01 2.59043620e-04 2.61244587e-04
2.83788175e-01 5.85505348e-05 2.52036536e-04
2.84319794e-01 -2.53600000e-04 2.53983129e-04
2.84851408e-01 -1.76865972e-04 2.53712680e-04
2.85383018e-01 -4.74221391e-04 2.61184426e-04
2.85914623e-01 4.17149819e-05 2.53491317e-04
2.86446224e-01 1.56020012e-04 2.58159934e-04
2.86977820e-01 1.68883325e-05 2.53902347e-04
2.87509411e-01 -1.04563852e-04 2.51516666e-04
2.88040998e-01 -6.42357754e-05 2.54212296e-04
2.88572580e-01 -2.49167388e-05 2.54205657e-04
2.89104157e-01 1.37554749e-04 2.61486936e-04
2.89635730e-01 5.21675835e-04 2.62186036e-04
2.90167298e-01 -1.65383507e-04 2.56161572e-04
2.90698862e-01 1.28616180e-04 2.58792010e-04
2.91230420e-01 6.67541138e-04 2.65109866e-04
2.91761974e-01 7.83833726e-05 2.58776910e-04
2.92293524e-01 3.68121503e-04 2.60273394e-04
2.92825068e-01 1.50510320e-04 2.63642447e-04
2.93356608e-01 8.88820810e-05 2.61463588e-04
2.93888143e-01 8.95528137e-05 2.57424139e-04
2.94419674e-01 -2.76419449e-04 2.57029925e-04
2.94951199e-01 -6.90177525e-04 2.53703837e-04
2.95482720e-01 2.38645839e-05 2.59137007e-04
2.96014236e-01 3.36433416e-04 2.55317876e-04
2.96545748e-01 -1.67245977e-05 2.52191692e-04
2.97077254e-01 2.17529465e-05 2.55873530e-04
2.97608756e-01 2.36640942e-04 2.54069134e-04
2.98140253e-01 5.03938156e-05 2.53002064e-04
2.98671745e-01 -1.77493806e-04 2.54695597e-04
2.99203233e-01 1.45756667e-04 2.47955606e-04
2.99734715e-01 3.11474499e-04 2.51880948e-04
3.00266193e-01 -3.38423824e-04 2.55687813e-04
3.00797666e-01 4.51251382e-04 2.57934227e-04
3.01329134e-01 1.56873826e-04 2.52263282e-04
3.01860597e-01 2.53553537e-04 2.51519970e-04
3.02392056e-01 2.24203527e-04 2.49511683e-04
3.02923509e-01 1.97905013e-04 2.47783385e-04
3.03454958e-01 -5.49294260e-04 2.45296073e-04
3.03986401e-01 -3.36239113e-04 2.45230054e-04
3.04517840e-01 6.27157555e-05 2.40677739e-04
3.05049274e-01 2.15139739e-04 2.47513645e-04
3.05580703e-01 -8.84969790e-05 2.47837880e-04
3.06112127e-01 -1.29761933e-04 2.43962469e-04
3.06643546e-01 -4.91966580e-04 2.45773363e-04
3.07174960e-01 1.84066473e-04 2.47349842e-04
3.07706370e-01 1.42809098e-04 2.43366277e-04
3.08237774e-01 1.31290017e-04 2.40971351e-04
3.08769173e-01 -7.56296109e-05 2.41862415e-04
3.09300568e-01 2.42084078e-04 2.47564679e-04
3.09831957e-01 4.13204847e-04 2.48451528e-04
3.10363341e-01 5.83120351e-05 2.49364916e-04
3.10894721e-01 -3.00720663e-04 2.42216758e-04
3.11426095e-01 1.11652426e-04 2.40665185e-04
3.11957464e-01 1.99722767e-04 2.40930855e-04
3.12488829e-01 2.93181547e-04 2.41211813e-04
3.13020188e-01 4.21347807e-04 2.41897024e-04
3.13551542e-01 -1.18557000e-04 2.39723402e-04
3.14082891e-01 7.89498256e-05 2.39078914e-04
3.14614235e-01 1.75300789e-04 2.41067368e-04
3.15145574e-01 -5.10611460e-05 2.38152910e-04
3.15676908e-01 -3.43298721e-05 2.39966046e-04
3.16208237e-01 1.48636118e-04 2.36925907e-04
3.16739561e-01 2.92754984e-04 2.38422673e-04
3.17270880e-01 1.88465783e-04 2.37408213e-04
3.17802193e-01 2.13357649e-04 2.34292397e-04
3.18333502e-01 7.28244091e-04 2.40120794e-04
3.18864805e-01 1.29595855e-04 2.37309869e-04
3.19396103e-01 6.50356891e-05 2.41472522e-04
3.19927396e-01 6.27995589e-05 2.34656587e-04
3.20458684e-01 -1.72640884e-04 2.35764119e-04
3.20989967e-01 2.85709425e-04 2.34049118e-04
3.21521244e-01 -3.30824561e-04 2.35181857e-04
3.22052517e-01 2.79584871e-04 2.36636836e-04
3.22583784e-01 7.09624146e-05 2.34413494e-04
3.23115046e-01 3.60282568e-05 2.30483838e-04
3.23646303e-01 1.08608138e-04 2.33156218e-04
3.24177554e-01 -1.54798896e-04 2.33249405e-04
3.24708801e-01 -1.82595228e-04 2.35050328e-04
3.25240042e-01 -1.21935909e-05 2.33274928e-04
3.25771278e-01 -7.50455065e-05 2.32893984e-04
3.26302508e-01 3.31906901e-04 2.33282964e-04
3.26833734e-01 2.65760927e-04 2.30283664e-04
3.27364954e-01 -4.92538157e-05 2.32066423e-04
3.27896169e-01 3.48983405e-04 2.30429455e-04
3.28427378e-01 8.47459943e-05 2.24179355e-04
3.28958583e-01 -1.06510114e-04 2.27481295e-04
3.29489782e-01 8.24197702e-05 2.25547540e-04
3.30020975e-01 -1.26659160e-04 2.21742342e-04
3.30552164e-01 2.60540054e-04 2.28638823e-04
3.31083347e-01 -2.64732321e-04 2.25905556e-04
3.31614524e-01 -1.75545954e-04 2.29104299e-04
3.32145697e-01 -2.80724632e-04 2.30867260e-04
3.32676864e-01 -3.01196248e-04 2.30060211e-04
3.33208025e-01 -8.85246700e-05 2.29854139e-04
3.33739182e-01 3.35143527e-04 2.31349756e-04
3.34270333e-01 1.87014078e-04 2.31707701e-04
3.34801478e-01 -1.26387387e-04 2.29541903e-04
3.35332618e-01 -1.22420295e-04 2.26284593e-04
3.35863753e-01 2.22108345e-04 2.26654349e-04
3.36394883e-01 -2.48303598e-04 2.28442969e-04
3.36926007e-01 -7.56359804e-05 2.29752759e-04
3.37457125e-01 -5.94180397e-05 2.30410421e-04
3.37988238e-01 5.83552520e-04 2.27852007e-04
3.38519346e-01 3.58440108e-05 2.24864295e-04
3.39050448e-01 -1.98585579e-04 2.27217644e-04
3.39581545e-01 1.66195916e-05 2.25785567e-04
3.40112636e-01 3.04084783e-04 2.24228553e-04
3.40643722e-01 4.56498649e-05 2.24818929e-04
3.41174802e-01 3.14458178e-04 2.20289104e-04
3.41705877e-01 3.73119340e-04 2.22883822e-04
3.42236946e-01 -3.44664555e-04 2.29777524e-04
3.42768010e-01 -8.55938557e-05 2.20910331e-04
3.43299068e-01 2.20020086e-04 2.23615216e-04
3.43830121e-01 -3.00830456e-05 2.24450962e-04
3.44361168e-01 -3.25277192e-04 2.19835992e-04
3.44892210e-01 2.12850290e-04 2.25614861e-04
3.45423246e-01 1.09821344e-04 2.18760980e-04
3.45954277e-01 -1.36672986e-04 2.25908346e-04
3.46485302e-01 6.99352199e-05 2.20292869e-04
3.47016321e-01 -4.08499602e-04 2.21595050e-04
3.47547335e-01 1.53635442e-04 2.19729904e-04
3.48078343e-01 2.63376183e-04 2.21369700e-04
3.48609346e-01 -4.18897968e-05 2.17716785e-04
3.49140343e-01 -5.15583545e-05 2.20384997e-04
3.49671334e-01 2.62054204e-04 2.19754018e-04
3.50202320e-01 3.33822333e-04 2.18276969e-04
3.50733300e-01 -3.24004797e-04 2.23741668e-04
3.51264275e-01 -3.00895671e-04 2.17881710e-04
3.51795244e-01 -6.37423677e-05 2.20878959e-04
3.52326207e-01 -1.18389095e-04 2.19705180e-04
3.52857164e-01 8.61176271e-05 2.17217883e-04
3.53388116e-01 1.36727186e-04 2.17940474e-04
3.53919062e-01 -1.38920557e-04 2.18486023e-04
3.54450003e-01 -1.57204874e-04 2.17880372e-04
3.54980938e-01 -2.76744752e-04 2.16912132e-04
3.55511867e-01 -1.16569047e-04 2.17803670e-04
3.56042790e-01 5.88577597e-05 2.17672477e-04
3.56573708e-01 1.19508161e-04 2.17519702e-04
3.57104620e-01 4.23414416e-04 2.19152476e-04
3.57635526e-01 5.32541964e-04 2.20138463e-04
3.58166426e-01 2.70067690e-04 2.16147229e-04
3.58697321e-01 3.16165138e-05 2.16524920e-04
3.59228210e-01 2.54529236e-04 2.12912896e-04
3.59759093e-01 -1.88870410e-05 2.13654433e-04
3.60289970e-01 5.55900256e-05 2.13462199e-04
3.60820841e-01 4.30576918e-05 2.09164853e-04
3.61351707e-01 -1.32203325e-04 2.13427056e-04
3.61882567e-01 6.89226120e-05 2.12697332e-04
3.62413421e-01 2.03579137e-04 2.14702080e-04
3.62944269e-01 -4.02789302e-04 2.12692331e-04
3.63475112e-01 -1.49920773e-04 2.10855445e-04
3.64005948e-01 -3.39610216e-05 2.13821500e-04
3.64536779e-01 3.89458739e-04 2.13552271e-04
3.65067604e-01 -6.55347356e-05 2.14070884e-04
3.65598423e-01 2.88787320e-04 2.09819265e-04
3.66129236e-01 -6.53867494e-05 2.13728098e-04
3.66660043e-01 -2.66075019e-04 2.10436625e-04
3.67190844e-01 7.38172173e-05 2.11714491e-04
3.67721639e-01 3.62565751e-05 2.13473458e-04
3.68252429e-01 7.31241420e-05 2.09729141e-04
3.68783212e-01 1.65210155e-04 2.13119847e-04
3.69313990e-01 2.38116713e-04 2.15293861e-04
3.69844762e-01 -7.91992999e-05 2.08927074e-04
3.70375527e-01 3.64445079e-05 2.09784455e-04
3.70906287e-01 1.95359804e-04 2.13904908e-04
3.71437041e-01 3.04424933e-05 2.12105436e-04
3.71967789e-01 1.21935613e-04 2.09628677e-04
3.72498531e-01 1.29044105e-04 2.07743402e-04
3.73029266e-01 -6.80124132e-05 2.11452449e-04
3.73559996e-01 1.24121450e-04 2.09249992e-04
3.74090720e-01 2.60075457e-04 2.08090190e-04
3.74621438e-01 -3.95594586e-05 2.10492114e-04
3.75152150e-01 -3.12024868e-04 2.07792229e-04
3.75682855e-01 1.78071211e-04 2.10390625e-04
3.76213555e-01 -6.44541447e-05 2.05322133e-04
3.76744249e-01 6.84804236e-05 2.05979761e-04
3.77274936e-01 1.64578645e-04 2.08663590e-04
3.77805618e-01 2.94397615e-04 2.06572105e-04
3.78336293e-01 2.01765185e-04 2.03041966e-04
3.78866963e-01 3.73543582e-04 2.05777511e-04
3.79397626e-01 -5.52385228e-05 2.03539811e-04
3.79928283e-01 2.68519439e-04 2.10533461e-04
3.80458934e-01 -7.21082849e-06 2.09162811e-04
3.80989579e-01 -1.23413300e-04 2.06198228e-04
3.81520218e-01 1.64971419e-04 2.11024764e-04
3.82050851e-01 1.89095710e-04 2.11135007e-04
3.82581478e-01 -3.40479219e-04 2.09036866e-04
3.83112098e-01 -1.17464719e-04 2.09885488e-04
3.83642712e-01 -1.40072786e-04 2.06439179e-04
3.84173320e-01 3.85101196e-04 2.10502875e-04
3.84703922e-01 4.73719657e-06 2.10170423e-04
3.85234518e-01 1.74485140e-04 2.10012246e-04
3.85765108e-01 2.68656828e-04 2.16540262e-04
3.86295691e-01 1.25032034e-04 2.11862992e-04
3.86826268e-01 1.05139682e-04 2.10093000e-04
3.87356839e-01 -3.05673423e-04 2.10028724e-04
3.87887404e-01 3.22523223e-05 2.09606158e-04
3.88417962e-01 5.72247115e-05 2.14621160e-04
3.88948514e-01 -2.75129380e-04 2.06531607e-04
3.89479060e-01 3.77451030e-04 2.10028213e-04
3.90009600e-01 -5.51713628e-05 2.10682895e-04
3.90540134e-01 8.60497535e-05 2.09043280e-04
3.91070661e-01 4.94522927e-04 2.09663612e-04
3.91601182e-01 1.36204261e-04 2.06770445e-04
3.92131696e-01 3.46813870e-04 2.09411066e-04
3.92662205e-01 2.32764021e-04 2.06217426e-04
3.93192707e-01 8.46732447e-05 2.09466621e-04
3.93723202e-01 -1.81103906e-05 2.11825847e-04
3.94253692e-01 -5.83655135e-05 2.09150318e-04
3.94784175e-01 7.24102918e-05 2.12675350e-04
3.95314651e-01 1.67231196e-04 2.16519663e-04
3.95845122e-01 -3.30513453e-04 2.12937604e-04
3.96375585e-01 3.64811969e-04 2.14773424e-04
3.96906043e-01 3.11386415e-04 2.12201376e-04
3.97436494e-01 2.02722568e-04 2.16669050e-04
3.97966939e-01 -1.48980500e-04 2.10922275e-04
3.98497377e-01 6.82059677e-05 2.11999481e-04
3.99027809e-01 4.91954679e-04 2.11087795e-04
3.99558235e-01 5.18108525e-04 2.18652236e-04
4.00088654e-01 -1.31575779e-04 2.14818048e-04
4.00619067e-01 2.40666145e-04 2.12944324e-04
4.01149473e-01 -3.89321492e-04 2.09432939e-04
4.01679873e-01 -4.22018885e-05 2.16196796e-04
4.02210267e-01 -4.01210228e-04 2.16000646e-04
4.02740654e-01 2.03391164e-05 2.17191650e-04
4.03271034e-01 1.93339193e-04 2.16814065e-04
4.03801408e-01 -3.36946661e-05 2.18594747e-04
4.04331776e-01 2.88536278e-05 2.18474104e-04
4.04862137e-01 1.18263926e-04 2.20523149e-04
4.05392491e-01 4.36271493e-04 2.22265002e-04
4.05922839e-01 3.75595087e-05 2.21674126e-04
4.06453181e-01 5.40952610e-05 2.21460568e-04
4.06983516e-01 3.01475503e-04 2.28167757e-04
4.07513844e-01 1.86784816e-04 2.26542843e-04
4.08044166e-01 -6.57802885e-06 2.26548770e-04
4.08574481e-01 2.22279135e-04 2.27866735e-04
4.09104790e-01 -1.10971032e-04 2.26792878e-04
4.09635092e-01 3.34485184e-04 2.33162477e-04
4.10165388e-01 5.10346039e-04 2.28770646e-04
4.10695677e-01 -7.79334335e-05 2.28422194e-04
4.11225960e-01 8.75570309e-05 2.48254752e-04
4.11756235e-01 -3.78785800e-04 2.53607620e-04
4.12286505e-01 1.75239352e-04 2.72133887e-04
4.12816767e-01 2.76827011e-04 2.92002601e-04
4.13347023e-01 -2.98762336e-04 3.01964884e-04
4.13877273e-01 -2.25852391e-04 3.14854227e-04
4.14407515e-01 6.39417939e-05 3.27821941e-04
4.14937751e-01 4.07675746e-04 3.47679662e-04
4.15467981e-01 -1.08273261e-04 3.39372569e-04
4.15998203e-01 5.02825948e-04 3.52333877e-04
4.16528419e-01 -1.28177244e-04 3.55741000e-04
4.17058629e-01 -3.37129990e-04 3.53245231e-04
4.17588831e-01 5.55024811e-05 3.61540182e-04
4.18119027e-01 -2.54601364e-04 4.02709693e-04
4.18649217e-01 -6.27051049e-04 5.13614466e-04
4.19179399e-01 -1.42315075e-03 1.28023415e-03
