7.45980241e-03 1.93808838e-01 3.33679440e-02
7.99264482e-03 2.04250047e-01 2.22976410e-02
8.52548709e-03 2.06890839e-01 1.52585165e-02
9.05832923e-03 2.03028788e-01 1.23948197e-02
9.59117122e-03 2.06841671e-01 1.14729007e-02
1.01240131e-02 2.18784816e-01 9.36126491e-03
1.06568547e-02 2.19480917e-01 8.89821271e-03
1.11896962e-02 2.28339281e-01 6.32537627e-03
1.17225375e-02 2.34828787e-01 5.14788410e-03
1.22553787e-02 2.40847918e-01 4.44983220e-03
1.27882196e-02 2.44127119e-01 3.97049702e-03
1.33210603e-02 2.51637808e-01 3.79457439e-03
1.38539008e-02 2.52391842e-01 3.50792933e-03
1.43867411e-02 2.51926276e-01 3.05490750e-03
1.49195812e-02 2.60089816e-01 3.21435913e-03
1.54524210e-02 2.56397352e-01 3.05598411e-03
1.59852605e-02 2.60013637e-01 2.82097678e-03
1.65180998e-02 2.59955064e-01 2.90579036e-03
1.70509389e-02 2.72015826e-01 2.84101898e-03
1.75837776e-02 2.74143244e-01 2.93803363e-03
1.81166161e-02 2.74034081e-01 2.75451541e-03
1.86494543e-02 2.71408988e-01 2.54549307e-03
1.91822922e-02 2.73586771e-01 2.71129128e-03
1.97151297e-02 2.69166824e-01 2.71121645e-03
2.02479670e-02 2.68210176e-01 2.30958260e-03
2.07808039e-02 2.66720659e-01 2.36421811e-03
2.13136405e-02 2.71777821e-01 2.52815304e-03
2.18464767e-02 2.67154171e-01 2.55896578e-03
2.23793126e-02 2.60141910e-01 2.32909927e-03
2.29121481e-02 2.59879099e-01 2.41897603e-03
2.34449833e-02 2.60869551e-01 2.21804118e-03
2.39778181e-02 2.55246950e-01 2.21227381e-03
2.45106524e-02 2.54301988e-01 2.16811463e-03
2.50434864e-02 2.51810819e-01 2.24190820e-03
2.55763200e-02 2.44259150e-01 2.16657219e-03
2.61091532e-02 2.46562510e-01 2.16902944e-03
2.66419859e-02 2.43020848e-01 2.18523626e-03
2.71748182e-02 2.41574148e-01 2.13454616e-03
2.77076501e-02 2.35082604e-01 2.08140109e-03
2.82404815e-02 2.29192133e-01 2.03216093e-03
2.87733125e-02 2.29082212e-01 1.97879519e-03
2.93061430e-02 2.23936712e-01 1.98067168e-03
2.98389731e-02 2.20440938e-01 1.83278692e-03
3.03718026e-02 2.21620426e-01 1.86043085e-03
3.09046317e-02 2.15863020e-01 1.95163159e-03
3.14374602e-02 2.11700129e-01 1.84999322e-03
3.19702883e-02 2.09098654e-01 1.81208862e-03
3.25031158e-02 2.09775916e-01 1.83855004e-03
3.30359428e-02 2.07586012e-01 1.71634283e-03
3.35687693e-02 2.01531164e-01 1.63864213e-03
3.41015952e-02 2.00703602e-01 1.68903935e-03
3.46344206e-02 1.96939748e-01 1.77490917e-03
3.51672454e-02 1.94070339e-01 1.58042092e-03
3.57000696e-02 1.89533407e-01 1.63036381e-03
3.62328933e-02 1.85882583e-01 1.49437602e-03
3.67657164e-02 1.86061780e-01 1.61027761e-03
3.72985389e-02 1.81600231e-01 1.61494513e-03
3.78313608e-02 1.77125537e-01 1.47216719e-03
3.83641820e-02 1.76740757e-01 1.50569219e-03
3.88970027e-02 1.74400933e-01 1.47893928e-03
3.94298227e-02 1.70121266e-01 1.47754155e-03
3.99626421e-02 1.68497748e-01 1.41118835e-03
4.04954608e-02 1.65207570e-01 1.43167084e-03
4.10282789e-02 1.64077446e-01 1.37694942e-03
4.15610963e-02 1.59367904e-01 1.46245948e-03
4.20939131e-02 1.55965595e-01 1.42411844e-03
4.26267291e-02 1.55070844e-01 1.46946421e-03
4.31595445e-02 1.51780804e-01 1.46404443e-03
4.36923592e-02 1.48252796e-01 1.40014190e-03
4.42251732e-02 1.48501922e-01 1.43426953e-03
4.47579864e-02 1.42931247e-01 1.49716612e-03
4.52907989e-02 1.39644831e-01 1.34332111e-03
4.58236107e-02 1.40963545e-01 1.37221455e-03
4.63564218e-02 1.34693036e-01 1.36516133e-03
4.68892321e-02 1.32184543e-01 1.24078534e-03
4.74220417e-02 1.29867151e-01 1.31547679e-03
4.79548504e-02 1.24695602e-01 1.35783193e-03
4.84876584e-02 1.25707586e-01 1.34690610e-03
4.90204657e-02 1.22098382e-01 1.28767689e-03
4.95532721e-02 1.19994410e-01 1.33443031e-03
5.00860777e-02 1.19128556e-01 1.26786337e-03
5.06188825e-02 1.14032102e-01 1.24708797e-03
5.11516865e-02 1.13915030e-01 1.18170625e-03
5.16844897e-02 1.09420219e-01 1.19225788e-03
5.22172920e-02 1.08609653e-01 1.08738756e-03
5.27500935e-02 1.07729130e-01 1.20356159e-03
5.32828941e-02 1.04164746e-01 1.10388795e-03
5.38156939e-02 1.01758794e-01 1.11712562e-03
5.43484928e-02 9.87282556e-02 1.06954580e-03
5.48812908e-02 9.82991212e-02 1.07551551e-03
5.54140880e-02 9.15710091e-02 1.03516820e-03
5.59468842e-02 9.09606705e-02 1.02706571e-03
5.64796795e-02 8.79159906e-02 1.03298949e-03
5.70124739e-02 8.62936709e-02 9.91667919e-04
5.75452674e-02 8.39011781e-02 9.61411608e-04
5.80780600e-02 8.29522903e-02 9.68345727e-04
5.86108516e-02 8.13677148e-02 9.26917222e-04
5.91436423e-02 7.96296620e-02 1.00099310e-03
5.96764320e-02 7.61841376e-02 8.95035368e-04
6.02092208e-02 7.41708209e-02 9.60557829e-04
6.07420086e-02 7.17877258e-02 9.42476631e-04
6.12747953e-02 7.19792296e-02 9.33519367e-04
6.18075812e-02 6.94183039e-02 9.62585624e-04
6.23403660e-02 6.70639404e-02 9.26952581e-04
6.28731498e-02 6.59471629e-02 9.00164256e-04
6.34059325e-02 6.21007392e-02 9.04829549e-04
6.39387143e-02 6.25664905e-02 8.30131327e-04
6.44714950e-02 5.86421679e-02 8.45223093e-04
6.50042747e-02 5.77844874e-02 8.50729746e-04
6.55370533e-02 5.49184497e-02 8.74938039e-04
6.60698309e-02 5.53002456e-02 8.52870188e-04
6.66026074e-02 5.30243839e-02 8.55118354e-04
6.71353828e-02 5.21630885e-02 8.29243446e-04
6.76681571e-02 4.82097719e-02 8.11804910e-04
6.82009304e-02 4.69456261e-02 8.14861391e-04
6.87337025e-02 4.64796893e-02 8.33294402e-04
6.92664735e-02 4.39340167e-02 8.24147631e-04
6.97992434e-02 4.26667789e-02 8.03522738e-04
7.03320122e-02 4.22296527e-02 7.86318044e-04
7.08647798e-02 4.15672150e-02 8.06470919e-04
7.13975463e-02 3.88821896e-02 8.08069469e-04
7.19303116e-02 3.79232495e-02 7.85485354e-04
7.24630758e-02 3.66494981e-02 7.61067771e-04
7.29958388e-02 3.38536480e-02 7.20176429e-04
7.35286006e-02 3.17128185e-02 7.04498971e-04
7.40613612e-02 3.22768322e-02 6.97055344e-04
7.45941207e-02 3.26289149e-02 7.25001266e-04
7.51268789e-02 3.05570393e-02 6.83682133e-04
7.56596359e-02 2.96768698e-02 6.71294145e-04
7.61923917e-02 2.74450542e-02 6.78076714e-04
7.67251462e-02 2.72128855e-02 6.96606525e-04
7.72578995e-02 2.56543835e-02 6.76310621e-04
7.77906516e-02 2.49015568e-02 6.45434725e-04
7.83234024e-02 2.37955953e-02 6.57329416e-04
7.88561519e-02 2.25402406e-02 6.25092391e-04
7.93889002e-02 2.18654398e-02 6.30308122e-04
7.99216472e-02 2.04749832e-02 6.30720646e-04
8.04543928e-02 2.03338681e-02 6.36305094e-04
8.09871372e-02 1.95067515e-02 6.21086492e-04
8.15198803e-02 1.90198759e-02 5.80665325e-04
8.20526220e-02 1.84527078e-02 6.09109099e-04
8.25853624e-02 1.72345897e-02 5.98775023e-04
8.31181015e-02 1.68696224e-02 5.88034888e-04
8.36508393e-02 1.49449016e-02 5.43460470e-04
8.41835757e-02 1.47954714e-02 5.80949171e-04
8.47163107e-02 1.51285845e-02 5.86920131e-04
8.52490443e-02 1.30559428e-02 5.47136932e-04
8.57817766e-02 1.36144431e-02 5.52682379e-04
8.63145075e-02 1.29429399e-02 5.73562894e-04
8.68472370e-02 1.14742478e-02 5.53075942e-04
8.73799651e-02 1.12205381e-02 5.60166064e-04
8.79126918e-02 1.03809894e-02 5.50889274e-04
8.84454170e-02 9.27071872e-03 5.37576093e-04
8.89781408e-02 9.78147513e-03 5.11572090e-04
8.95108632e-02 9.00720233e-03 5.33907562e-04
9.00435842e-02 8.17074667e-03 5.17642954e-04
9.05763036e-02 7.84824917e-03 5.19722328e-04
9.11090217e-02 8.43825106e-03 5.28457721e-04
9.16417382e-02 7.96899024e-03 4.86682973e-04
9.21744532e-02 8.04647850e-03 5.09600683e-04
9.27071668e-02 6.55912257e-03 5.23200743e-04
9.32398789e-02 6.12413539e-03 5.11566110e-04
9.37725894e-02 6.38633635e-03 5.20518960e-04
9.43052985e-02 5.39393832e-03 4.97234900e-04
9.48380060e-02 4.33434482e-03 4.85021505e-04
9.53707120e-02 5.88884671e-03 4.95325870e-04
9.59034164e-02 5.08575054e-03 4.84456246e-04
9.64361193e-02 4.75079317e-03 5.07613592e-04
9.69688206e-02 3.58765695e-03 4.93441111e-04
9.75015204e-02 4.12633313e-03 4.92946970e-04
9.80342186e-02 3.76066528e-03 4.67435932e-04
9.85669152e-02 3.16267163e-03 4.80541751e-04
9.90996102e-02 2.47608142e-03 4.47880599e-04
9.96323036e-02 3.13167341e-03 4.51660599e-04
1.00164995e-01 2.14168353e-03 4.58002465e-04
1.00697686e-01 3.10802662e-03 4.54392850e-04
1.01230374e-01 3.04752181e-03 4.77004908e-04
1.01763061e-01 2.30813292e-03 4.69392108e-04
1.02295746e-01 2.16014034e-03 4.65530755e-04
1.02828430e-01 2.02451796e-03 4.57621289e-04
1.03361112e-01 1.46723780e-03 4.53498761e-04
1.03893792e-01 2.10000417e-03 4.46556797e-04
1.04426471e-01 1.29626927e-03 4.45258145e-04
1.04959148e-01 1.17107108e-03 4.43009649e-04
1.05491823e-01 1.64476276e-03 4.53737214e-04
1.06024496e-01 1.97406504e-03 4.37167810e-04
1.06557168e-01 2.09583589e-03 4.45931698e-04
1.07089838e-01 1.45692092e-03 4.57630460e-04
1.07622506e-01 1.21206529e-03 4.38709282e-04
1.08155173e-01 1.92968235e-03 4.29132843e-04
1.08687838e-01 4.31202666e-04 4.31718867e-04
1.09220501e-01 1.36514832e-03 4.36346883e-04
1.09753162e-01 6.38662178e-04 4.24352493e-04
1.10285822e-01 7.43399179e-04 4.29485063e-04
1.10818479e-01 1.16740252e-03 4.29928916e-04
1.11351135e-01 7.16003333e-04 4.26319341e-04
1.11883790e-01 4.46579414e-04 4.26011580e-04
1.12416442e-01 1.38408822e-03 4.27571568e-04
1.12949092e-01 1.41574424e-03 4.15958046e-04
1.13481741e-01 1.26842154e-03 4.30713538e-04
1.14014388e-01 1.55557400e-03 4.30598218e-04
1.14547033e-01 1.05753764e-03 4.26362764e-04
1.15079676e-01 1.46741422e-03 4.21588833e-04
1.15612318e-01 8.33197157e-04 4.19436343e-04
1.16144957e-01 5.97807584e-04 4.21235511e-04
1.16677595e-01 1.72779620e-03 4.20620029e-04
1.17210230e-01 1.21932632e-03 4.22897870e-04
1.17742864e-01 1.35758594e-03 4.27937829e-04
1.18275496e-01 1.79373175e-03 4.16387485e-04
1.18808126e-01 1.38306237e-03 4.15764030e-04
1.19340754e-01 1.53238130e-03 4.13642327e-04
1.19873380e-01 1.61887161e-03 4.24432678e-04
1.20406004e-01 1.23998941e-03 4.13974583e-04
1.20938626e-01 1.17435990e-03 4.29107925e-04
1.21471247e-01 1.68920261e-03 4.11693421e-04
1.22003865e-01 2.07483480e-03 4.14980977e-04
1.22536481e-01 1.63181370e-03 4.15555394e-04
1.23069096e-01 1.14026349e-03 3.95518143e-04
1.23601708e-01 2.16971858e-03 4.01517776e-04
1.24134318e-01 1.90087802e-03 3.93670557e-04
1.24666927e-01 1.76978015e-03 4.03226975e-04
1.25199533e-01 1.45404025e-03 4.12076025e-04
1.25732137e-01 2.10075224e-03 4.01770195e-04
1.26264740e-01 2.16637285e-03 4.02525487e-04
1.26797340e-01 1.56912146e-03 3.97194897e-04
1.27329938e-01 1.39205246e-03 4.01070738e-04
1.27862534e-01 1.61135426e-03 3.91959937e-04
1.28395128e-01 1.72388066e-03 4.07268434e-04
1.28927720e-01 2.87920997e-03 4.02666810e-04
1.29460310e-01 1.82872189e-03 4.09087756e-04
1.29992898e-01 1.70829175e-03 4.04043281e-04
1.30525484e-01 1.54686866e-03 4.17979615e-04
1.31058067e-01 1.67311921e-03 4.04857364e-04
1.31590649e-01 2.01751496e-03 4.22642707e-04
1.32123228e-01 2.08248545e-03 4.18976588e-04
1.32655805e-01 1.95778507e-03 4.19486111e-04
1.33188380e-01 1.61653312e-03 4.23751382e-04
1.33720953e-01 1.83583852e-03 4.33043202e-04
1.34253524e-01 1.48342470e-03 4.13222389e-04
1.34786093e-01 1.92001516e-03 4.14811556e-04
1.35318659e-01 1.91432146e-03 3.96833386e-04
1.35851223e-01 1.76263261e-03 3.95127247e-04
1.36383785e-01 1.52299799e-03 3.87565133e-04
1.36916345e-01 1.83099567e-03 3.86844030e-04
1.37448903e-01 2.19920264e-03 3.92351757e-04
1.37981458e-01 2.84919520e-03 4.08025440e-04
1.38514011e-01 2.02605213e-03 3.89020369e-04
1.39046562e-01 2.05182828e-03 3.94232171e-04
1.39579111e-01 2.15923802e-03 3.96663010e-04
1.40111657e-01 1.60444980e-03 3.86318914e-04
1.40644201e-01 1.76121323e-03 3.83617374e-04
1.41176743e-01 1.15181423e-03 3.83008660e-04
1.41709283e-01 2.22487594e-03 3.94823031e-04
1.42241820e-01 2.55252830e-03 3.95668485e-04
1.42774355e-01 1.87782745e-03 3.92975544e-04
1.43306888e-01 2.19374321e-03 3.87271054e-04
1.43839418e-01 1.87675237e-03 3.82166052e-04
1.44371946e-01 1.67085475e-03 3.87642623e-04
1.44904472e-01 1.84857042e-03 3.68589220e-04
1.45436995e-01 2.28498988e-03 3.80913626e-04
1.45969516e-01 2.26963348e-03 3.76137580e-04
1.46502035e-01 2.36039195e-03 3.78216712e-04
1.47034551e-01 2.47318108e-03 3.80432942e-04
1.47567065e-01 1.86265012e-03 3.69377894e-04
1.48099577e-01 2.43160237e-03 3.78758963e-04
1.48632086e-01 1.53407736e-03 3.67526714e-04
1.49164593e-01 1.91229360e-03 3.71351071e-04
1.49697097e-01 1.22188949e-03 3.73483557e-04
1.50229599e-01 1.40347873e-03 3.61923377e-04
1.50762098e-01 1.95193900e-03 3.57568183e-04
1.51294595e-01 2.27584357e-03 3.85593984e-04
1.51827090e-01 1.85614790e-03 3.58925775e-04
1.52359582e-01 1.23969748e-03 3.64087639e-04
1.52892072e-01 1.21420663e-03 3.68761654e-04
1.53424559e-01 1.19571904e-03 3.64282015e-04
1.53957044e-01 1.64169959e-03 3.62796011e-04
1.54489526e-01 1.61029043e-03 3.68904093e-04
1.55022006e-01 1.72234226e-03 3.78781204e-04
1.55554483e-01 1.43664249e-03 3.77100361e-04
1.56086958e-01 1.77803254e-03 3.77153675e-04
1.56619430e-01 1.87169064e-03 3.77069505e-04
1.57151899e-01 1.85200713e-03 3.70391231e-04
1.57684366e-01 1.02469965e-03 3.83359679e-04
1.58216831e-01 1.29685536e-03 3.79417712e-04
1.58749293e-01 1.54946847e-03 3.66904753e-04
1.59281752e-01 2.15927060e-03 3.86646545e-04
1.59814209e-01 1.44938313e-03 3.76095261e-04
1.60346664e-01 1.95797174e-03 3.66643634e-04
1.60879115e-01 1.01113707e-03 3.90777276e-04
1.61411564e-01 1.30471796e-03 3.82505877e-04
1.61944011e-01 1.63022101e-03 3.72930203e-04
1.62476455e-01 1.19490747e-03 3.68025707e-04
1.63008896e-01 1.61587796e-03 3.76458707e-04
1.63541335e-01 1.63158368e-03 3.71194660e-04
1.64073771e-01 1.11862067e-03 3.69243891e-04
1.64606204e-01 7.93842937e-04 3.63362962e-04
1.65138635e-01 1.75787965e-03 3.59047595e-04
1.65671063e-01 1.35855099e-03 3.61308657e-04
1.66203488e-01 7.55418776e-04 3.56955125e-04
1.66735910e-01 4.77706990e-04 3.51894496e-04
1.67268330e-01 2.54670892e-04 3.57890795e-04
1.67800748e-01 1.25559497e-03 3.58659437e-04
1.68333162e-01 2.59438764e-04 3.43435341e-04
1.68865574e-01 6.87392530e-04 3.53723329e-04
1.69397983e-01 1.33560104e-03 3.58672189e-04
1.69930389e-01 9.68824351e-04 3.52959734e-04
1.70462793e-01 7.13421953e-04 3.49579164e-04
1.70995194e-01 7.66400360e-04 3.49729855e-04
1.71527592e-01 1.50714577e-03 3.51645083e-04
1.72059987e-01 1.07448239e-03 3.46066194e-04
1.72592380e-01 8.20871307e-04 3.42005915e-04
1.73124769e-01 5.10610027e-04 3.38780481e-04
1.73657156e-01 8.96687744e-04 3.45005554e-04
1.74189540e-01 6.14919792e-04 3.56394418e-04
1.74721922e-01 7.93251304e-04 3.45496317e-04
1.75254300e-01 5.51559121e-04 3.32922863e-04
1.75786676e-01 3.61618557e-04 3.43353419e-04
1.76319049e-01 6.70826119e-04 3.47443140e-04
1.76851418e-01 5.32304739e-04 3.39937718e-04
1.77383786e-01 5.04041732e-04 3.50099998e-04
1.77916150e-01 6.76232987e-04 3.42464950e-04
1.78448511e-01 -1.64464074e-04 3.48929073e-04
1.78980870e-01 1.95769185e-04 3.52937805e-04
1.79513225e-01 3.75135960e-04 3.42168020e-04
1.80045578e-01 9.06586894e-05 3.44451933e-04
1.80577928e-01 6.69245062e-04 3.42569253e-04
1.81110275e-01 6.56679836e-04 3.46646003e-04
1.81642618e-01 1.39525054e-05 3.47987228e-04
1.82174959e-01 6.20845097e-04 3.45307746e-04
1.82707297e-01 7.37517197e-04 3.50234338e-04
1.83239633e-01 3.17662549e-04 3.48299893e-04
1.83771965e-01 4.21618540e-04 3.44807552e-04
1.84304294e-01 4.30552646e-04 3.51561905e-04
1.84836620e-01 -1.15660645e-04 3.48313205e-04
1.85368943e-01 3.18287179e-04 3.38168219e-04
1.85901263e-01 -2.27425379e-04 3.31992436e-04
1.86433581e-01 -2.27445648e-05 3.44320982e-04
1.86965895e-01 -3.98103326e-05 3.29407371e-04
1.87498206e-01 -1.98582270e-04 3.30270004e-04
1.88030514e-01 7.65648938e-05 3.36121933e-04
1.88562819e-01 -2.08372068e-05 3.36500718e-04
1.89095121e-01 5.40405165e-04 3.29238803e-04
1.89627420e-01 2.10830494e-04 3.24236759e-04
1.90159716e-01 2.04441983e-05 3.32135925e-04
1.90692009e-01 3.31262162e-04 3.26430069e-04
1.91224299e-01 8.03402671e-05 3.30147252e-04
1.91756586e-01 2.51627811e-04 3.31496158e-04
1.92288869e-01 2.93781720e-04 3.33485560e-04
1.92821150e-01 6.08851919e-04 3.29699718e-04
1.93353427e-01 2.85217548e-04 3.23286232e-04
1.93885701e-01 4.02907274e-04 3.28008227e-04
1.94417972e-01 6.22963644e-04 3.31708057e-04
1.94950240e-01 -1.32902825e-04 3.16367566e-04
1.95482505e-01 -1.85893476e-05 3.23371271e-04
1.96014767e-01 4.04311419e-04 3.27804013e-04
1.96547025e-01 -7.12795241e-05 3.24266454e-04
1.97079281e-01 4.28791403e-04 3.15999886e-04
1.97611533e-01 7.28088131e-05 3.13370909e-04
1.98143782e-01 3.20668067e-04 3.25392569e-04
1.98676028e-01 2.92352555e-04 3.20314954e-04
1.99208270e-01 1.74502419e-04 3.07566469e-04
1.99740510e-01 3.90239153e-04 3.18903241e-04
2.00272746e-01 6.64221908e-04 3.23810140e-04
2.00804978e-01 5.91753966e-04 3.19346755e-04
2.01337208e-01 -3.66323854e-04 3.15472656e-04
2.01869434e-01 2.24217028e-04 3.08764928e-04
2.02401658e-01 3.45884711e-04 3.16878460e-04
2.02933877e-01 -2.14895971e-04 3.13859940e-04
2.03466094e-01 3.63161381e-04 3.13171015e-04
2.03998307e-01 -1.11027473e-04 3.04535111e-04
2.04530517e-01 2.38570245e-04 3.11682099e-04
2.05062724e-01 6.58977980e-04 3.11183574e-04
2.05594927e-01 4.60635552e-04 3.10881559e-04
2.06127127e-01 7.84590819e-04 3.13086327e-04
2.06659324e-01 8.11499822e-05 3.05170482e-04
2.07191517e-01 -6.93367882e-05 3.06856962e-04
2.07723707e-01 -5.99675992e-05 2.98505980e-04
2.08255894e-01 1.48025896e-04 3.09764263e-04
2.08788077e-01 1.49410767e-04 3.10395515e-04
2.09320257e-01 5.80783014e-04 3.10745667e-04
2.09852434e-01 5.76828773e-05 3.09673515e-04
2.10384607e-01 -4.22891798e-05 3.08577671e-04
2.10916777e-01 2.59703138e-04 3.00545048e-04
2.11448943e-01 6.88860717e-04 3.02633029e-04
2.11981106e-01 7.54998512e-04 3.05719859e-04
2.12513266e-01 5.29946240e-04 3.09387769e-04
2.13045422e-01 2.05964641e-04 3.01606230e-04
2.13577575e-01 2.78116787e-04 3.06164624e-04
2.14109724e-01 -1.84299049e-05 3.01896151e-04
2.14641870e-01 4.86125268e-04 3.01300118e-04
2.15174012e-01 5.11119984e-05 2.96463504e-04
2.15706151e-01 -1.94373454e-04 2.97686898e-04
2.16238286e-01 4.30173336e-04 3.04764442e-04
2.16770418e-01 1.46347734e-04 3.06087499e-04
2.17302546e-01 1.53028826e-04 2.97942539e-04
2.17834671e-01 5.14346352e-04 2.99799013e-04
2.18366792e-01 3.36183396e-04 2.98290520e-04
2.18898910e-01 -5.78473800e-06 2.96542504e-04
2.19431024e-01 2.01065835e-04 2.98809757e-04
2.19963135e-01 3.30041916e-04 2.90616595e-04
2.20495242e-01 6.10876015e-04 2.97190222e-04
2.21027346e-01 4.31163920e-04 2.94944474e-04
2.21559446e-01 2.91358038e-04 2.87543504e-04
2.22091542e-01 1.15706693e-05 2.97314859e-04
2.22623635e-01 6.58445726e-04 2.99526203e-04
2.23155724e-01 9.44850946e-04 2.96170435e-04
2.23687810e-01 6.78549930e-04 2.96638794e-04
2.24219892e-01 2.74091094e-04 3.00157665e-04
2.24751971e-01 7.89365124e-05 2.93080192e-04
2.25284045e-01 3.97438956e-04 2.88482062e-04
2.25816117e-01 2.94460834e-04 2.92516699e-04
2.26348184e-01 6.52203281e-04 2.89845272e-04
2.26880248e-01 5.52813250e-04 2.85950912e-04
2.27412308e-01 3.33620915e-04 2.91819608e-04
2.27944365e-01 5.30665093e-04 2.89044743e-04
2.28476418e-01 3.40020933e-04 2.91892186e-04
2.29008467e-01 4.61591677e-04 2.89530252e-04
2.29540512e-01 3.07546905e-04 2.83580690e-04
2.30072554e-01 3.03049397e-04 2.86190065e-04
2.30604592e-01 1.22623031e-04 2.81804627e-04
2.31136626e-01 2.05478717e-04 2.87733660e-04
2.31668657e-01 1.99493761e-04 2.87200108e-04
2.32200684e-01 2.61711245e-04 2.86332141e-04
2.32732707e-01 -2.38302432e-05 2.80916998e-04
2.33264726e-01 3.32361511e-04 2.76115829e-04
2.33796742e-01 5.05201481e-05 2.83388709e-04
2.34328754e-01 3.94649191e-06 2.86427195e-04
2.34860762e-01 4.34515992e-04 2.78739533e-04
2.35392766e-01 -2.59369628e-04 2.72404121e-04
2.35924766e-01 -7.81663478e-05 2.76252203e-04
2.36456763e-01 3.88256187e-04 2.84974072e-04
2.36988756e-01 7.67420805e-04 2.84362266e-04
2.37520745e-01 4.04855106e-04 2.86453615e-04
2.38052730e-01 4.92190462e-04 2.79985974e-04
2.38584711e-01 3.18376376e-04 2.82363065e-04
2.39116689e-01 5.27300781e-04 2.85425227e-04
2.39648662e-01 5.43961439e-04 2.85036751e-04
2.40180632e-01 2.91619047e-04 2.74944420e-04
2.40712598e-01 3.83423295e-04 2.76968041e-04
2.41244560e-01 4.46618357e-04 2.77804296e-04
2.41776518e-01 5.08737089e-04 2.77296599e-04
2.42308472e-01 1.59211809e-04 2.76852725e-04
2.42840423e-01 1.93468413e-04 2.71994031e-04
2.43372369e-01 3.53987918e-04 2.78319937e-04
2.43904311e-01 3.21187068e-04 2.78821062e-04
2.44436250e-01 7.32583506e-05 2.69200464e-04
2.44968184e-01 4.83553019e-04 2.72954519e-04
2.45500115e-01 2.61086923e-04 2.70481931e-04
2.46032042e-01 2.15342069e-04 2.69068460e-04
2.46563964e-01 1.78835160e-04 2.70316403e-04
2.47095883e-01 3.52753999e-04 2.71864088e-04
2.47627798e-01 4.67043857e-04 2.77670153e-04
2.48159708e-01 -9.33384977e-05 2.70032717e-04
2.48691615e-01 6.86259149e-04 2.72324609e-04
2.49223518e-01 6.94967586e-04 2.72060715e-04
2.49755416e-01 2.06478614e-04 2.66129934e-04
2.50287311e-01 3.58830407e-04 2.75015933e-04
2.50819201e-01 -9.54012887e-05 2.72089032e-04
2.51351088e-01 2.03559056e-04 2.74516949e-04
2.51882971e-01 7.67227475e-04 2.77955516e-04
2.52414849e-01 1.58561754e-05 2.74542032e-04
2.52946723e-01 1.24436512e-06 2.64857236e-04
2.53478594e-01 5.10931469e-04 2.66610956e-04
2.54010460e-01 5.72105366e-04 2.65276488e-04
2.54542322e-01 -5.73805085e-05 2.64814950e-04
2.55074180e-01 4.10420814e-04 2.68253132e-04
2.55606034e-01 3.75873332e-04 2.72406712e-04
2.56137883e-01 7.40715559e-04 2.69920060e-04
2.56669729e-01 3.75152774e-04 2.70154861e-04
2.57201570e-01 2.15162314e-04 2.66602648e-04
2.57733408e-01 -2.12744395e-04 2.65886730e-04
2.58265241e-01 3.86064215e-04 2.65298722e-04
2.58797070e-01 4.87319205e-04 2.65842456e-04
2.59328895e-01 6.97774849e-04 2.69113971e-04
2.59860715e-01 2.49584844e-04 2.58770509e-04
2.60392532e-01 6.68117391e-04 2.63916835e-04
2.60924344e-01 6.23966594e-04 2.62581490e-04
2.61456152e-01 8.80160778e-05 2.62086337e-04
2.61987956e-01 3.74228201e-05 2.55957853e-04
2.62519755e-01 5.79791129e-04 2.59112627e-04
2.63051551e-01 9.76372244e-05 2.58715916e-04
2.63583342e-01 -5.64323375e-05 2.55813495e-04
2.64115129e-01 -3.79982982e-05 2.54821574e-04
2.64646911e-01 3.53226096e-04 2.56938001e-04
2.65178690e-01 -1.56122625e-04 2.59563587e-04
2.65710464e-01 -1.31446291e-04 2.57495174e-04
2.66242233e-01 -1.68174523e-04 2.59126484e-04
2.66773999e-01 -1.65683482e-04 2.54924402e-04
2.67305760e-01 6.98565167e-05 2.60891105e-04
2.67837517e-01 -9.65313083e-05 2.61789663e-04
2.68369269e-01 2.31560529e-04 2.63085702e-04
2.68901018e-01 1.71086212e-04 2.66247256e-04
2.69432761e-01 3.53395507e-04 2.64031540e-04
2.69964501e-01 3.01164248e-05 2.59376152e-04
2.70496236e-01 -7.92444433e-05 2.65904204e-04
2.71027967e-01 1.46547829e-04 2.64386961e-04
2.71559693e-01 2.48309343e-04 2.72015356e-04
2.72091415e-01 2.07704628e-04 2.61382589e-04
2.72623133e-01 -1.34873836e-05 2.64195290e-04
2.73154846e-01 8.48626412e-05 2.64756159e-04
2.73686555e-01 -4.05243534e-04 2.62863531e-04
2.74218260e-01 3.05717444e-05 2.61223279e-04
2.74749960e-01 3.08983247e-04 2.66212408e-04
2.75281655e-01 -6.73611176e-05 2.65725172e-04
2.75813346e-01 3.73871967e-04 2.64184884e-04
2.76345033e-01 1.31077853e-04 2.57060977e-04
2.76876715e-01 3.88962159e-04 2.60521932e-04
2.77408393e-01 1.01462910e-04 2.52777032e-04
2.77940066e-01 4.84667651e-04 2.59627520e-04
2.78471735e-01 6.83546099e-04 2.60074753e-04
2.79003400e-01 4.90735989e-04 2.56870655e-04
2.79535059e-01 -7.91430965e-05 2.54455773e-04
2.80066715e-01 5.69072949e-04 2.61137922e-04
2.80598366e-01 2.71368641e-05 2.54952328e-04
2.81130012e-01 2.77528105e-04 2.59006446e-04
2.81661654e-01 -1.38154830e-04 2.58151766e-04
2.82193291e-01 -1.60625632e-04 2.58914958e-04
2.82724923e-01 -3.29339821e-04 2.54892499e-04
2.83256552e-01 2.31008090e-04 2.53919542e-04
2.83788175e-01 7.29050686e-05 2.62148991e-04
2.84319794e-01 3.13355536e-04 2.55457088e-04
2.84851408e-01 -2.89679211e-05 2.53765771e-04
2.85383018e-01 -2.35847855e-04 2.51391975e-04
2.85914623e-01 3.68276665e-04 2.49164377e-04
2.86446224e-01 -1.24851608e-05 2.51824705e-04
2.86977820e-01 -1.60942368e-04 2.47963455e-04
2.87509411e-01 3.80370602e-04 2.48852997e-04
2.88040998e-01 -2.16975431e-04 2.47195163e-04
2.88572580e-01 7.10496138e-04 2.51270620e-04
2.89104157e-01 4.82500156e-06 2.45381689e-04
2.89635730e-01 3.08008273e-05 2.58768971e-04
2.90167298e-01 4.23105089e-06 2.54180009e-04
2.90698862e-01 2.89753644e-04 2.49196339e-04
2.91230420e-01 -2.75375383e-04 2.52390650e-04
2.91761974e-01 -6.79201481e-05 2.52677049e-04
2.92293524e-01 5.15580566e-04 2.49936514e-04
2.92825068e-01 4.37486201e-04 2.53367859e-04
2.93356608e-01 3.31331458e-04 2.59411560e-04
2.93888143e-01 -6.41583411e-05 2.55087501e-04
2.94419674e-01 1.67796095e-04 2.49367474e-04
2.94951199e-01 1.92200507e-04 2.51422392e-04
2.95482720e-01 7.67129945e-05 2.56477636e-04
2.96014236e-01 5.31476755e-05 2.45265185e-04
2.96545748e-01 4.14726320e-04 2.51518209e-04
2.97077254e-01 3.82658987e-04 2.49187779e-04
2.97608756e-01 6.96915841e-05 2.52075592e-04
2.98140253e-01 1.29836903e-04 2.47545472e-04
2.98671745e-01 4.48844126e-04 2.49083163e-04
2.99203233e-01 2.97996808e-04 2.52183880e-04
2.99734715e-01 2.04359179e-04 2.45545068e-04
3.00266193e-01 4.96734390e-04 2.48833831e-04
3.00797666e-01 -3.61232219e-04 2.46378805e-04
3.01329134e-01 -2.88011529e-05 2.45401925e-04
3.01860597e-01 3.78488652e-04 2.49144750e-04
3.02392056e-01 2.66539233e-05 2.48021517e-04
3.02923509e-01 -8.04564738e-05 2.42607321e-04
3.03454958e-01 4.68163247e-04 2.45353489e-04
3.03986401e-01 2.20127006e-05 2.48113323e-04
3.04517840e-01 4.41826123e-04 2.48852501e-04
3.05049274e-01 1.85724716e-04 2.45605339e-04
3.05580703e-01 1.10530600e-04 2.45449561e-04
3.06112127e-01 1.88225562e-04 2.43755840e-04
3.06643546e-01 1.40755657e-04 2.42324793e-04
3.07174960e-01 2.60789493e-04 2.43730997e-04
3.07706370e-01 -8.97855567e-05 2.41648818e-04
3.08237774e-01 3.05457402e-04 2.44636602e-04
3.08769173e-01 3.22098832e-04 2.42087395e-04
3.09300568e-01 -3.02907974e-04 2.39452173e-04
3.09831957e-01 -3.21476356e-04 2.38660008e-04
3.10363341e-01 -1.40855651e-04 2.33337988e-04
3.10894721e-01 1.47015650e-05 2.39198912e-04
3.11426095e-01 6.10401320e-05 2.41963723e-04
3.11957464e-01 2.11292862e-04 2.34864384e-04
3.12488829e-01 3.35729429e-04 2.40114475e-04
3.13020188e-01 -8.54499601e-06 2.44681217e-04
3.13551542e-01 2.42841863e-04 2.37159160e-04
3.14082891e-01 -3.92972964e-05 2.35533124e-04
3.14614235e-01 -4.83633970e-05 2.38369628e-04
3.15145574e-01 6.25029292e-05 2.35004151e-04
3.15676908e-01 6.59818632e-04 2.40740782e-04
3.16208237e-01 2.52605513e-05 2.35296887e-04
3.16739561e-01 7.56953244e-04 2.40319662e-04
3.17270880e-01 1.57267412e-04 2.38627142e-04
3.17802193e-01 4.09835795e-04 2.37956714e-04
3.18333502e-01 4.97889446e-04 2.32910259e-04
3.18864805e-01 2.42406050e-04 2.38167319e-04
3.19396103e-01 1.03488094e-04 2.37905700e-04
3.19927396e-01 2.63075542e-04 2.34352797e-04
3.20458684e-01 -5.84737878e-05 2.31529004e-04
3.20989967e-01 -1.03066475e-04 2.34286872e-04
3.21521244e-01 2.68366136e-04 2.33127241e-04
3.22052517e-01 3.51974348e-04 2.31173946e-04
3.22583784e-01 3.22066856e-04 2.35132973e-04
3.23115046e-01 1.58495801e-04 2.34432072e-04
3.23646303e-01 -7.16259204e-05 2.29741938e-04
3.24177554e-01 4.82539369e-04 2.27684683e-04
3.24708801e-01 1.05013957e-04 2.31547178e-04
3.25240042e-01 -1.97553453e-04 2.27809012e-04
3.25771278e-01 -6.79522251e-06 2.27963424e-04
3.26302508e-01 2.48974361e-04 2.32550338e-04
3.26833734e-01 4.59116879e-04 2.30246272e-04
3.27364954e-01 -1.36480515e-05 2.24713394e-04
3.27896169e-01 -3.14132153e-06 2.27449063e-04
3.28427378e-01 3.60487655e-04 2.26129197e-04
3.28958583e-01 -1.29902656e-06 2.22834354e-04
3.29489782e-01 -1.16362831e-04 2.19999746e-04
3.30020975e-01 3.72043379e-04 2.23958584e-04
3.30552164e-01 3.66317698e-04 2.25576477e-04
3.31083347e-01 7.72071427e-05 2.28027881e-04
3.31614524e-01 7.43279521e-04 2.26022268e-04
3.32145697e-01 -1.45711848e-04 2.24208392e-04
3.32676864e-01 2.49146769e-05 2.23516470e-04
3.33208025e-01 6.84250223e-04 2.29484382e-04
3.33739182e-01 3.79869347e-04 2.25423027e-04
3.34270333e-01 4.85145319e-04 2.20223215e-04
3.34801478e-01 6.58183337e-05 2.24209896e-04
3.35332618e-01 7.44466394e-05 2.24955111e-04
3.35863753e-01 2.66876267e-04 2.26814604e-04
3.36394883e-01 3.17629054e-04 2.23768375e-04
3.36926007e-01 4.83561749e-04 2.26403217e-04
3.37457125e-01 3.70251306e-04 2.28883094e-04
3.37988238e-01 4.74894918e-04 2.27702112e-04
3.38519346e-01 7.97521758e-05 2.24127528e-04
3.39050448e-01 -3.37849284e-05 2.21894945e-04
3.39581545e-01 1.90100602e-04 2.22040921e-04
3.40112636e-01 6.31889789e-04 2.23422909e-04
3.40643722e-01 5.77252688e-04 2.23195984e-04
3.41174802e-01 4.34587675e-04 2.22143398e-04
3.41705877e-01 1.89723636e-04 2.19016494e-04
3.42236946e-01 6.11933656e-04 2.20765271e-04
3.42768010e-01 2.04489891e-04 2.22402159e-04
3.43299068e-01 4.68148107e-04 2.23225710e-04
3.43830121e-01 6.40673546e-04 2.20248349e-04
3.44361168e-01 3.01218469e-04 2.17726815e-04
3.44892210e-01 1.24989615e-04 2.20786102e-04
3.45423246e-01 3.88588617e-04 2.23851267e-04
3.45954277e-01 1.89565768e-04 2.20780004e-04
3.46485302e-01 7.00600591e-05 2.22990261e-04
3.47016321e-01 -2.67960093e-05 2.14607349e-04
3.47547335e-01 4.35101404e-04 2.16774916e-04
3.48078343e-01 3.44122350e-04 2.23017052e-04
3.48609346e-01 1.64353214e-04 2.18007239e-04
3.49140343e-01 4.49188352e-04 2.19573084e-04
3.49671334e-01 4.84757688e-04 2.19107507e-04
3.50202320e-01 1.79585542e-04 2.17577585e-04
3.50733300e-01 3.15210060e-04 2.18015606e-04
3.51264275e-01 1.17053229e-04 2.19837923e-04
3.51795244e-01 -2.43846552e-05 2.14706134e-04
3.52326207e-01 4.97400891e-04 2.15452257e-04
3.52857164e-01 2.56454845e-04 2.16268228e-04
3.53388116e-01 3.43568706e-04 2.17007361e-04
3.53919062e-01 2.91147395e-04 2.20780547e-04
3.54450003e-01 1.46487326e-04 2.19456063e-04
3.54980938e-01 1.31393745e-04 2.15821368e-04
3.55511867e-01 -1.02259310e-04 2.14612803e-04
3.56042790e-01 -2.20395042e-04 2.13881052e-04
3.56573708e-01 3.52145268e-04 2.16452798e-04
3.57104620e-01 -1.23775771e-04 2.14389424e-04
3.57635526e-01 -1.72531948e-04 2.15860097e-04
3.58166426e-01 -2.20502017e-04 2.17715796e-04
3.58697321e-01 4.19503625e-04 2.10040934e-04
3.59228210e-01 2.67899755e-04 2.14173252e-04
3.59759093e-01 3.46143933e-04 2.12220636e-04
3.60289970e-01 4.20350952e-04 2.13089689e-04
3.60820841e-01 5.26164038e-04 2.13760954e-04
3.61351707e-01 5.40212792e-04 2.11181344e-04
3.61882567e-01 6.10726472e-05 2.13147134e-04
3.62413421e-01 3.70727973e-05 2.09426564e-04
3.62944269e-01 3.14807277e-04 2.14052023e-04
3.63475112e-01 2.17430121e-04 2.10248899e-04
3.64005948e-01 3.94103466e-04 2.14893579e-04
3.64536779e-01 1.63070798e-04 2.12985663e-04
3.65067604e-01 2.94744025e-04 2.12828082e-04
3.65598423e-01 3.07169573e-04 2.08372254e-04
3.66129236e-01 3.50191311e-04 2.12748742e-04
3.66660043e-01 1.10500117e-04 2.10306347e-04
3.67190844e-01 1.98687438e-04 2.08021355e-04
3.67721639e-01 2.89536635e-04 2.08767464e-04
3.68252429e-01 3.90262896e-04 2.09437680e-04
3.68783212e-01 4.80537156e-04 2.06803490e-04
3.69313990e-01 2.38034466e-04 2.09189601e-04
3.69844762e-01 4.69694726e-04 2.10092382e-04
3.70375527e-01 3.86017387e-04 2.12110213e-04
3.70906287e-01 2.11225050e-06 2.07107892e-04
3.71437041e-01 2.36843763e-04 2.07656800e-04
3.71967789e-01 5.13185373e-04 2.10950284e-04
3.72498531e-01 3.04267412e-04 2.06898287e-04
3.73029266e-01 4.20154536e-04 2.10052296e-04
3.73559996e-01 3.56255056e-04 2.07239591e-04
3.74090720e-01 2.01456013e-04 2.07478611e-04
3.74621438e-01 3.70558519e-04 2.06263378e-04
3.75152150e-01 2.93684579e-04 2.06757074e-04
3.75682855e-01 4.40431051e-04 2.09260325e-04
3.76213555e-01 2.41409296e-04 2.10501749e-04
3.76744249e-01 9.01077268e-05 2.06323976e-04
3.77274936e-01 -1.87491424e-04 2.05457429e-04
3.77805618e-01 1.57448385e-04 2.03670175e-04
3.78336293e-01 8.70942473e-05 2.00979821e-04
3.78866963e-01 9.60244828e-05 2.05124832e-04
3.79397626e-01 1.90284014e-04 2.04388554e-04
3.79928283e-01 1.21103552e-04 2.06609392e-04
3.80458934e-01 3.34534615e-04 2.08967712e-04
3.80989579e-01 2.11616442e-04 2.09847569e-04
3.81520218e-01 2.65837515e-04 2.07390910e-04
3.82050851e-01 1.28659455e-05 2.09810533e-04
3.82581478e-01 3.26171484e-06 2.05521410e-04
3.83112098e-01 1.44673863e-04 2.02289065e-04
3.83642712e-01 -1.26228517e-04 2.09042533e-04
3.84173320e-01 4.72838354e-04 2.09060308e-04
3.84703922e-01 2.09075778e-04 2.06449283e-04
3.85234518e-01 8.59764036e-05 2.11132753e-04
3.85765108e-01 8.68761009e-06 2.07483276e-04
3.86295691e-01 1.61626876e-04 2.09916057e-04
3.86826268e-01 3.75510130e-04 2.08009955e-04
3.87356839e-01 6.92272023e-04 2.12237830e-04
3.87887404e-01 2.28347094e-04 2.12259253e-04
3.88417962e-01 2.31327114e-04 2.08223285e-04
3.88948514e-01 -4.35036159e-06 2.06442572e-04
3.89479060e-01 -9.68498496e-06 2.06558782e-04
3.90009600e-01 2.71291435e-04 2.02352743e-04
3.90540134e-01 1.45867842e-04 2.07926309e-04
3.91070661e-01 1.68632289e-04 2.05355760e-04
3.91601182e-01 -2.86622089e-05 2.07035727e-04
3.92131696e-01 4.86105561e-04 2.08258400e-04
3.92662205e-01 5.41823621e-04 2.10584272e-04
3.93192707e-01 2.20196326e-04 2.07090496e-04
3.93723202e-01 2.37797888e-04 2.04741890e-04
3.94253692e-01 4.21268243e-05 2.09173119e-04
3.94784175e-01 4.24588722e-04 2.12922585e-04
3.95314651e-01 -2.33281160e-05 2.06412817e-04
3.95845122e-01 3.07400814e-04 2.10401161e-04
3.96375585e-01 3.31994061e-04 2.11503491e-04
3.96906043e-01 3.48547456e-04 2.12004743e-04
3.97436494e-01 -8.38832485e-05 2.09907295e-04
3.97966939e-01 1.26365084e-04 2.11476663e-04
3.98497377e-01 4.74695263e-04 2.11552626e-04
3.99027809e-01 1.74673991e-04 2.09075829e-04
3.99558235e-01 3.16013261e-04 2.15816755e-04
4.00088654e-01 4.85121612e-04 2.11304484e-04
4.00619067e-01 1.92312600e-04 2.09674901e-04
4.01149473e-01 -5.67020974e-05 2.13251782e-04
4.01679873e-01 3.05489065e-04 2.15809133e-04
4.02210267e-01 2.04524374e-05 2.13054404e-04
4.02740654e-01 5.35486331e-04 2.14010111e-04
4.03271034e-01 1.67635237e-04 2.14550686e-04
4.03801408e-01 2.05427852e-04 2.18438082e-04
4.04331776e-01 3.58422804e-04 2.21595220e-04
4.04862137e-01 -7.07726315e-05 2.15593671e-04
4.05392491e-01 2.46663406e-04 2.16674911e-04
4.05922839e-01 3.35327224e-04 2.21649999e-04
4.06453181e-01 4.92641173e-04 2.21705143e-04
4.06983516e-01 4.69919280e-04 2.18108827e-04
4.07513844e-01 1.37129243e-04 2.26561357e-04
4.08044166e-01 4.33725966e-04 2.24865173e-04
4.08574481e-01 2.88189392e-04 2.25966812e-04
4.09104790e-01 -8.39067373e-07 2.22332666e-04
4.09635092e-01 2.46923420e-04 2.26824859e-04
4.10165388e-01 1.29472554e-04 2.24872272e-04
4.10695677e-01 1.96943955e-04 2.27771607e-04
4.11225960e-01 4.86874684e-06 2.41819740e-04
4.11756235e-01 5.34456923e-04 2.58728619e-04
4.12286505e-01 1.30128632e-04 2.76989257e-04
4.12816767e-01 2.68572417e-04 2.96698374e-04
4.13347023e-01 3.97247629e-04 2.95917436e-04
4.13877273e-01 1.03287893e-03 3.19062699e-04
4.14407515e-01 1.98309703e-04 3.26907694e-04
4.14937751e-01 7.06355284e-05 3.38459264e-04
4.15467981e-01 7.15647323e-04 3.47246243e-04
4.15998203e-01 4.44665436e-04 3.44564608e-04
4.16528419e-01 9.68518541e-05 3.54573807e-04
4.17058629e-01 2.86045793e-04 3.52945895e-04
4.17588831e-01 2.48084038e-04 3.58887460e-04
4.18119027e-01 8.34170128e-04 4.00099469e-04
4.18649217e-01 1.40530351e-03 5.09339833e-04
4.19179399e-01 5.75512216e-04 1.33566382e-03
