7.45980241e-03 -2.74337236e-03 3.26411364e-02
7.99264482e-03 -1.18076832e-03 2.06882650e-02
8.52548709e-03 -2.75587877e-03 1.42330894e-02
9.05832923e-03 5.01543826e-03 1.25623350e-02
9.59117122e-03 1.72288769e-05 1.06542621e-02
1.01240131e-02 4.37502354e-03 8.44275570e-03
1.06568547e-02 3.30480746e-03 7.61989780e-03
1.11896962e-02 1.90182145e-03 5.66322228e-03
1.17225375e-02 1.42562974e-03 4.50785343e-03
1.22553787e-02 1.01230877e-03 3.57330455e-03
1.27882196e-02 5.70704783e-04 2.91695144e-03
1.33210603e-02 3.33588538e-03 2.63197916e-03
1.38539008e-02 -1.91101762e-03 2.22948008e-03
1.43867411e-02 1.38459829e-03 2.14462378e-03
1.49195812e-02 1.76000692e-03 1.93810734e-03
1.54524210e-02 1.60925310e-03 1.75959990e-03
1.59852605e-02 3.57898443e-04 1.57878480e-03
1.65180998e-02 1.17302978e-03 1.55864380e-03
1.70509389e-02 1.31715042e-04 1.36605143e-03
1.75837776e-02 2.82000370e-03 1.36048237e-03
1.81166161e-02 2.40729466e-03 1.35614396e-03
1.86494543e-02 -3.50765770e-04 1.28642251e-03
1.91822922e-02 2.00021458e-03 1.31765395e-03
1.97151297e-02 8.25096187e-04 1.21262033e-03
2.02479670e-02 2.21194853e-04 1.15509131e-03
2.07808039e-02 -2.47750510e-04 1.12737292e-03
2.13136405e-02 1.22866998e-03 1.09134313e-03
2.18464767e-02 6.81196734e-06 1.08920902e-03
2.23793126e-02 -4.21306668e-04 1.07037124e-03
2.29121481e-02 1.14803530e-03 1.12372842e-03
2.34449833e-02 -1.39400286e-03 1.00585458e-03
2.39778181e-02 3.13733700e-04 9.89830015e-04
2.45106524e-02 4.26336483e-04 9.69156589e-04
2.50434864e-02 6.56669461e-04 9.54991160e-04
2.55763200e-02 8.23230592e-04 9.79265645e-04
2.61091532e-02 3.10862239e-04 9.96722914e-04
2.66419859e-02 1.39895987e-03 9.34154763e-04
2.71748182e-02 1.34859732e-03 9.31370644e-04
2.77076501e-02 2.19190377e-03 9.06289777e-04
2.82404815e-02 2.11038376e-03 8.88058451e-04
2.87733125e-02 9.08445288e-05 9.56537735e-04
2.93061430e-02 -3.60042119e-04 9.49643789e-04
2.98389731e-02 -7.82388741e-04 8.43043355e-04
3.03718026e-02 5.02498502e-04 8.32696671e-04
3.09046317e-02 1.47359119e-03 8.12113319e-04
3.14374602e-02 6.42906476e-04 7.91412624e-04
3.19702883e-02 -2.63328811e-04 7.49476417e-04
3.25031158e-02 7.49331829e-04 7.97192125e-04
3.30359428e-02 3.32906316e-04 7.61721251e-04
3.35687693e-02 7.93107761e-04 8.00624778e-04
3.41015952e-02 6.38353368e-04 7.59681295e-04
3.46344206e-02 1.29026554e-03 7.51655334e-04
3.51672454e-02 7.98757178e-04 7.97375982e-04
3.57000696e-02 -1.44137847e-04 7.34887481e-04
3.62328933e-02 9.33045350e-04 7.32699115e-04
3.67657164e-02 8.40936028e-04 7.54228216e-04
3.72985389e-02 8.51494791e-04 6.70456013e-04
3.78313608e-02 1.25169715e-04 7.49904885e-04
3.83641820e-02 1.04159560e-03 7.46787180e-04
3.88970027e-02 1.11002098e-03 7.09118883e-04
3.94298227e-02 -1.18574532e-03 7.06175357e-04
3.99626421e-02 -2.32882834e-04 6.77923325e-04
4.04954608e-02 -9.22422420e-04 7.42052236e-04
4.10282789e-02 -5.07225266e-04 6.53165996e-04
4.15610963e-02 1.33535102e-04 7.12644390e-04
4.20939131e-02 1.12456862e-03 7.23527916e-04
4.26267291e-02 -1.29237496e-03 6.98094699e-04
4.31595445e-02 6.02791656e-04 7.15696959e-04
4.36923592e-02 3.04965710e-04 7.35903402e-04
4.42251732e-02 5.09205106e-04 7.37781060e-04
4.47579864e-02 -7.07102172e-05 7.04177405e-04
4.52907989e-02 -1.05768667e-04 7.12206849e-04
4.58236107e-02 8.79050775e-04 7.24917263e-04
4.63564218e-02 1.07343941e-04 6.88902762e-04
4.68892321e-02 9.99338937e-04 7.22803201e-04
4.74220417e-02 1.62897850e-03 7.15712254e-04
4.79548504e-02 3.73285601e-04 7.26723948e-04
4.84876584e-02 5.22546180e-04 7.09308786e-04
4.90204657e-02 1.22468570e-03 6.89864990e-04
4.95532721e-02 4.25073549e-06 6.58647124e-04
5.00860777e-02 3.49467164e-05 7.30391148e-04
5.06188825e-02 6.01497182e-05 6.98290473e-04
5.11516865e-02 2.14820094e-04 6.50660716e-04
5.16844897e-02 -1.19060765e-03 6.16407285e-04
5.22172920e-02 -6.17047370e-04 6.55069288e-04
5.27500935e-02 1.55854649e-03 6.41727871e-04
5.32828941e-02 1.49352735e-04 6.33136152e-04
5.38156939e-02 9.44678595e-05 6.29547979e-04
5.43484928e-02 1.43049535e-03 6.30585661e-04
5.48812908e-02 3.66345468e-04 6.32230556e-04
5.54140880e-02 7.45176157e-04 6.45931680e-04
5.59468842e-02 -4.05564496e-04 6.30128199e-04
5.64796795e-02 -7.48746712e-04 6.05760814e-04
5.70124739e-02 7.52937482e-04 6.20762600e-04
5.75452674e-02 -4.15198010e-05 6.08057738e-04
5.80780600e-02 5.73121073e-04 6.40179237e-04
5.86108516e-02 7.69500350e-04 6.27769919e-04
5.91436423e-02 3.22535708e-04 6.45877728e-04
5.96764320e-02 6.89201422e-04 6.20473031e-04
6.02092208e-02 2.16746154e-04 6.19107529e-04
6.07420086e-02 -5.04077392e-04 5.77118913e-04
6.12747953e-02 1.08300295e-03 5.93857283e-04
6.18075812e-02 1.30800083e-04 6.13967110e-04
6.23403660e-02 1.96031587e-05 5.94307575e-04
6.28731498e-02 8.72837188e-05 6.07705295e-04
6.34059325e-02 7.88908070e-04 5.75702489e-04
6.39387143e-02 1.82425602e-04 5.52579438e-04
6.44714950e-02 -7.18471460e-04 5.48972379e-04
6.50042747e-02 1.38113872e-04 5.66047365e-04
6.55370533e-02 -5.07672799e-04 5.90588566e-04
6.60698309e-02 -2.30257523e-04 5.82302867e-04
6.66026074e-02 -8.70467204e-04 5.70813478e-04
6.71353828e-02 -2.03348908e-04 6.09367305e-04
6.76681571e-02 3.44425439e-04 5.98630370e-04
6.82009304e-02 -2.79555687e-05 5.82696179e-04
6.87337025e-02 5.37807900e-04 5.90839382e-04
6.92664735e-02 -4.61515360e-04 5.71094095e-04
6.97992434e-02 3.31911449e-04 5.79072572e-04
7.03320122e-02 1.07092555e-04 6.00053649e-04
7.08647798e-02 9.01759907e-04 5.83718950e-04
7.13975463e-02 1.59250866e-04 5.94463313e-04
7.19303116e-02 1.71526734e-04 5.71922891e-04
7.24630758e-02 1.05894165e-03 5.82262455e-04
7.29958388e-02 -3.55243336e-05 5.75068298e-04
7.35286006e-02 1.58376280e-03 5.78327115e-04
7.40613612e-02 7.48311155e-04 5.61905398e-04
7.45941207e-02 -3.18373158e-04 5.55266143e-04
7.51268789e-02 4.15306086e-04 5.42646001e-04
7.56596359e-02 7.14320201e-05 5.34979935e-04
7.61923917e-02 -4.32813317e-05 5.67830178e-04
7.67251462e-02 7.93631326e-04 5.33075235e-04
7.72578995e-02 -1.45790878e-04 5.42681873e-04
7.77906516e-02 -8.28536211e-04 5.20698180e-04
7.83234024e-02 1.11604178e-03 5.17038059e-04
7.88561519e-02 1.95850021e-04 5.07366473e-04
7.93889002e-02 -9.58031169e-04 5.31116982e-04
7.99216472e-02 -4.41162459e-05 5.22295962e-04
8.04543928e-02 7.78429558e-04 5.40149980e-04
8.09871372e-02 1.16212840e-04 5.17985808e-04
8.15198803e-02 -2.16129829e-04 5.24650159e-04
8.20526220e-02 1.84330863e-04 5.20599271e-04
8.25853624e-02 4.94285295e-04 5.12685003e-04
8.31181015e-02 1.50505781e-04 5.10426576e-04
8.36508393e-02 -3.83455580e-04 4.79903652e-04
8.41835757e-02 -1.55186544e-03 5.03024604e-04
8.47163107e-02 -6.16288846e-05 5.00209309e-04
8.52490443e-02 -1.59837609e-04 5.12732213e-04
8.57817766e-02 3.75171814e-04 5.08225798e-04
8.63145075e-02 9.51207353e-05 4.95021592e-04
8.68472370e-02 -6.91123353e-04 4.87730119e-04
8.73799651e-02 1.02841956e-03 4.88648220e-04
8.79126918e-02 -4.32873190e-04 5.04092769e-04
8.84454170e-02 7.47675626e-05 4.94102481e-04
8.89781408e-02 -3.03886122e-04 4.79433278e-04
8.95108632e-02 1.16180379e-04 4.80103015e-04
9.00435842e-02 6.99911938e-04 4.95752955e-04
9.05763036e-02 -2.15615762e-05 4.74596212e-04
9.11090217e-02 -2.78937539e-04 4.86340650e-04
9.16417382e-02 8.18069728e-04 4.88316062e-04
9.21744532e-02 1.92413418e-04 4.64910721e-04
9.27071668e-02 9.53202226e-04 5.01101954e-04
9.32398789e-02 5.50743592e-04 4.72135940e-04
9.37725894e-02 2.65097839e-04 4.66534454e-04
9.43052985e-02 -1.53279629e-04 4.71058465e-04
9.48380060e-02 -5.37624872e-04 4.82152196e-04
9.53707120e-02 3.34277360e-04 4.75222368e-04
9.59034164e-02 5.50656727e-04 4.69294957e-04
9.64361193e-02 -7.94513133e-04 4.69892179e-04
9.69688206e-02 -3.17894902e-04 4.60250872e-04
9.75015204e-02 -3.87611761e-04 4.66827012e-04
9.80342186e-02 2.49629013e-04 4.58182408e-04
9.85669152e-02 -9.07682074e-05 4.75094370e-04
9.90996102e-02 6.19309443e-04 4.50913012e-04
9.96323036e-02 2.91835079e-04 4.53153254e-04
1.00164995e-01 -1.98863747e-04 4.51018936e-04
1.00697686e-01 2.96456904e-04 4.53152522e-04
1.01230374e-01 2.09221109e-04 4.38083263e-04
1.01763061e-01 8.63250797e-04 4.45893662e-04
1.02295746e-01 5.52383294e-04 4.47154820e-04
1.02828430e-01 4.18734501e-04 4.49430648e-04
1.03361112e-01 2.04383482e-04 4.39478231e-04
1.03893792e-01 -3.54997617e-05 4.39848372e-04
1.04426471e-01 -5.39639027e-05 4.32337617e-04
1.04959148e-01 -1.31686459e-06 4.52572733e-04
1.05491823e-01 -6.14033030e-04 4.41274791e-04
1.06024496e-01 -2.92635642e-04 4.34825833e-04
1.06557168e-01 -1.76518972e-04 4.33005318e-04
1.07089838e-01 -3.12772868e-04 4.23933171e-04
1.07622506e-01 3.59630517e-06 4.29399692e-04
1.08155173e-01 6.63489919e-05 4.28409469e-04
1.08687838e-01 -5.55325887e-04 4.26549882e-04
1.09220501e-01 4.25206195e-04 4.20531249e-04
1.09753162e-01 2.01620151e-04 4.25042329e-04
1.10285822e-01 -1.98264157e-04 4.17887592e-04
1.10818479e-01 -2.04358100e-05 4.25652276e-04
1.11351135e-01 -5.58388441e-04 4.49179995e-04
1.11883790e-01 -2.13366081e-04 4.28390636e-04
1.12416442e-01 4.66689372e-04 4.30864622e-04
1.12949092e-01 -2.16095802e-04 4.19885223e-04
1.13481741e-01 -1.26147333e-04 4.19471237e-04
1.14014388e-01 -1.52068816e-05 4.23875737e-04
1.14547033e-01 -1.65757941e-04 4.12316863e-04
1.15079676e-01 4.85736907e-04 4.16923408e-04
1.15612318e-01 9.06894171e-05 4.07550721e-04
1.16144957e-01 1.32235833e-04 4.10672728e-04
1.16677595e-01 -8.67563780e-04 4.05955910e-04
1.17210230e-01 2.50389407e-05 4.20049766e-04
1.17742864e-01 -3.97308907e-05 4.16004687e-04
1.18275496e-01 2.98210198e-04 4.12079202e-04
1.18808126e-01 3.42963712e-05 4.14671014e-04
1.19340754e-01 -2.41661424e-04 4.14070820e-04
1.19873380e-01 3.57722428e-04 4.11339044e-04
1.20406004e-01 -5.24645025e-04 4.01068622e-04
1.20938626e-01 1.96192844e-05 4.05340727e-04
1.21471247e-01 -4.25499789e-04 4.04245767e-04
1.22003865e-01 -9.98351769e-05 3.96180719e-04
1.22536481e-01 -4.28812926e-04 4.10150263e-04
1.23069096e-01 -1.02331055e-04 3.96723952e-04
1.23601708e-01 -4.08013781e-04 3.80549031e-04
1.24134318e-01 3.52191406e-04 4.05178134e-04
1.24666927e-01 5.32567385e-04 3.97951245e-04
1.25199533e-01 -2.28417833e-04 3.96302034e-04
1.25732137e-01 -2.56508226e-05 3.92823119e-04
1.26264740e-01 2.77355245e-04 3.85437659e-04
1.26797340e-01 -1.10258546e-04 3.89821570e-04
1.27329938e-01 5.65498041e-04 3.99231785e-04
1.27862534e-01 -4.29996475e-04 3.95206082e-04
1.28395128e-01 -4.25475767e-04 3.86785959e-04
1.28927720e-01 1.89508427e-04 3.85606043e-04
1.29460310e-01 -2.89884479e-04 3.87909532e-04
1.29992898e-01 -5.89637663e-04 3.78570760e-04
1.30525484e-01 -6.07568655e-04 3.97636964e-04
1.31058067e-01 8.00222501e-04 3.99659225e-04
1.31590649e-01 -7.04466588e-05 4.10078849e-04
1.32123228e-01 7.16470513e-04 4.16361442e-04
1.32655805e-01 9.80647137e-04 3.96633264e-04
1.33188380e-01 -1.30568476e-04 4.03577995e-04
1.33720953e-01 3.03130053e-04 4.00470126e-04
1.34253524e-01 8.15730360e-05 3.99418226e-04
1.34786093e-01 -4.99240001e-04 3.87426456e-04
1.35318659e-01 1.45409325e-04 3.91555008e-04
1.35851223e-01 -4.94906182e-05 3.92156273e-04
1.36383785e-01 -1.83647479e-04 3.81615372e-04
1.36916345e-01 -6.83533390e-05 3.89575477e-04
1.37448903e-01 4.53742027e-04 3.93535969e-04
1.37981458e-01 4.58945440e-04 3.94497346e-04
1.38514011e-01 3.31809607e-05 3.76456485e-04
1.39046562e-01 2.54902317e-04 3.79776535e-04
1.39579111e-01 -2.26216050e-04 3.78708372e-04
1.40111657e-01 2.54943727e-04 3.75595099e-04
1.40644201e-01 -8.91533893e-05 3.76570345e-04
1.41176743e-01 1.68988150e-04 3.73698244e-04
1.41709283e-01 7.20289788e-05 3.78469556e-04
1.42241820e-01 7.05959952e-04 3.78226758e-04
1.42774355e-01 1.69279878e-04 3.70145057e-04
1.43306888e-01 -5.79101785e-04 3.68612725e-04
1.43839418e-01 -2.80271644e-04 3.63978341e-04
1.44371946e-01 -4.63736922e-04 3.68986369e-04
1.44904472e-01 8.38886869e-04 3.76153830e-04
1.45436995e-01 3.46580311e-04 3.72029773e-04
1.45969516e-01 -1.00704672e-04 3.69684917e-04
1.46502035e-01 3.24997876e-04 3.60435824e-04
1.47034551e-01 -2.32607221e-04 3.66785672e-04
1.47567065e-01 6.87449428e-04 3.72916844e-04
1.48099577e-01 -1.11986636e-04 3.57395250e-04
1.48632086e-01 2.44403809e-04 3.72273312e-04
1.49164593e-01 -3.81054564e-05 3.52980032e-04
1.49697097e-01 4.42535145e-04 3.69045197e-04
1.50229599e-01 3.52069031e-04 3.64061283e-04
1.50762098e-01 5.03554892e-05 3.58659481e-04
1.51294595e-01 -3.49509018e-04 3.53308918e-04
1.51827090e-01 3.79179742e-04 3.61745089e-04
1.52359582e-01 2.21351706e-04 3.56907593e-04
1.52892072e-01 4.88292847e-04 3.66892268e-04
1.53424559e-01 -2.50737030e-04 3.68415384e-04
1.53957044e-01 2.34870373e-06 3.66006032e-04
1.54489526e-01 7.96468954e-05 3.61075192e-04
1.55022006e-01 -1.14551550e-04 3.63494760e-04
1.55554483e-01 -2.88719387e-04 3.61023946e-04
1.56086958e-01 3.88818192e-04 3.64902060e-04
1.56619430e-01 2.63877707e-04 3.62163806e-04
1.57151899e-01 1.71172461e-04 3.65027822e-04
1.57684366e-01 1.23332066e-06 3.58930569e-04
1.58216831e-01 2.55470866e-05 3.66250011e-04
1.58749293e-01 -9.58555489e-05 3.75004560e-04
1.59281752e-01 4.95828248e-04 3.67486299e-04
1.59814209e-01 9.30603013e-06 3.61676308e-04
1.60346664e-01 -1.43973090e-04 3.71750142e-04
1.60879115e-01 2.75133763e-04 3.71480718e-04
1.61411564e-01 -7.45641727e-05 3.69690890e-04
1.61944011e-01 -1.26790526e-04 3.65305564e-04
1.62476455e-01 -2.40180240e-04 3.61337737e-04
1.63008896e-01 5.51195269e-04 3.51942603e-04
1.63541335e-01 8.00604451e-05 3.64576362e-04
1.64073771e-01 3.12181088e-04 3.61879867e-04
1.64606204e-01 1.73381113e-04 3.60039906e-04
1.65138635e-01 -1.82194103e-05 3.45344825e-04
1.65671063e-01 1.88972461e-04 3.54416655e-04
1.66203488e-01 2.46163914e-04 3.50630995e-04
1.66735910e-01 -4.01822854e-04 3.46048930e-04
1.67268330e-01 -3.48860915e-04 3.42070121e-04
1.67800748e-01 1.25504211e-04 3.48815865e-04
1.68333162e-01 -4.06974991e-04 3.41698549e-04
1.68865574e-01 -4.14169935e-04 3.46957534e-04
1.69397983e-01 4.72627514e-04 3.52656169e-04
1.69930389e-01 -1.21066090e-04 3.46270968e-04
1.70462793e-01 -1.47859001e-04 3.44537101e-04
1.70995194e-01 4.76402399e-05 3.38092415e-04
1.71527592e-01 1.80504359e-04 3.37127246e-04
1.72059987e-01 -1.80948831e-04 3.34293966e-04
1.72592380e-01 3.45553738e-04 3.45803570e-04
1.73124769e-01 4.83468207e-04 3.47328198e-04
1.73657156e-01 -8.69892050e-05 3.46225145e-04
1.74189540e-01 4.30080225e-04 3.36909288e-04
1.74721922e-01 -2.15814775e-04 3.30182693e-04
1.75254300e-01 3.13947605e-04 3.33422718e-04
1.75786676e-01 -5.06925686e-05 3.23035614e-04
1.76319049e-01 -1.97833593e-04 3.35590745e-04
1.76851418e-01 9.17283714e-05 3.36640052e-04
1.77383786e-01 -4.24516757e-04 3.35072474e-04
1.77916150e-01 4.78559071e-04 3.50643514e-04
1.78448511e-01 5.41314243e-04 3.51517531e-04
1.78980870e-01 4.21108140e-05 3.39250845e-04
1.79513225e-01 -8.83864108e-04 3.48155395e-04
1.80045578e-01 -3.91550253e-04 3.40104179e-04
1.80577928e-01 1.60061769e-04 3.51958230e-04
1.81110275e-01 -4.18059115e-04 3.43393763e-04
1.81642618e-01 2.72353654e-05 3.43177781e-04
1.82174959e-01 -3.36109311e-04 3.42809680e-04
1.82707297e-01 1.85622635e-04 3.53543373e-04
1.83239633e-01 2.99871519e-04 3.47772878e-04
1.83771965e-01 -3.99273180e-04 3.43036553e-04
1.84304294e-01 6.48634987e-04 3.45294036e-04
1.84836620e-01 5.84646639e-04 3.44016715e-04
1.85368943e-01 1.21766499e-04 3.36588736e-04
1.85901263e-01 1.91185554e-04 3.45292471e-04
1.86433581e-01 1.60878086e-04 3.33187459e-04
1.86965895e-01 -2.29911216e-04 3.43471414e-04
1.87498206e-01 -2.90128724e-05 3.21355210e-04
1.88030514e-01 -1.56581021e-04 3.32982955e-04
1.88562819e-01 -5.27164817e-04 3.28709296e-04
1.89095121e-01 1.25824206e-04 3.30261633e-04
1.89627420e-01 -3.84309573e-05 3.27376178e-04
1.90159716e-01 -7.49632691e-04 3.34378922e-04
1.90692009e-01 -5.20048180e-05 3.36631395e-04
1.91224299e-01 -3.12968866e-04 3.25730609e-04
1.91756586e-01 -1.97672430e-04 3.27196348e-04
1.92288869e-01 8.91086848e-04 3.25718686e-04
1.92821150e-01 -1.97356520e-04 3.27380387e-04
1.93353427e-01 -1.39926612e-04 3.16972224e-04
1.93885701e-01 1.37357844e-04 3.18870482e-04
1.94417972e-01 3.44691070e-04 3.28408066e-04
1.94950240e-01 -1.55784442e-04 3.31068084e-04
1.95482505e-01 -3.86666760e-04 3.26709299e-04
1.96014767e-01 -1.29861906e-04 3.21660929e-04
1.96547025e-01 1.36514438e-04 3.21394513e-04
1.97079281e-01 5.51973417e-04 3.13607826e-04
1.97611533e-01 2.14629549e-04 3.11248964e-04
1.98143782e-01 2.84569588e-04 3.15096978e-04
1.98676028e-01 1.36608375e-04 3.14854305e-04
1.99208270e-01 3.75765492e-04 3.15490554e-04
1.99740510e-01 2.37510515e-04 3.11761272e-04
2.00272746e-01 -4.96482315e-04 3.13796939e-04
2.00804978e-01 2.95687439e-04 3.07836418e-04
2.01337208e-01 -1.93971214e-04 3.18172503e-04
2.01869434e-01 -1.07263151e-04 3.05888590e-04
2.02401658e-01 -7.75474056e-04 3.05533276e-04
2.02933877e-01 -9.50558797e-06 3.08392945e-04
2.03466094e-01 1.18789895e-04 3.08716622e-04
2.03998307e-01 7.38094781e-05 3.09315410e-04
2.04530517e-01 -8.27660235e-05 2.99540209e-04
2.05062724e-01 3.02425209e-04 3.15903702e-04
2.05594927e-01 -2.33269441e-04 3.07049083e-04
2.06127127e-01 -1.23848223e-04 3.00706530e-04
2.06659324e-01 1.82900013e-05 3.01238441e-04
2.07191517e-01 -8.47341089e-05 3.04626087e-04
2.07723707e-01 -2.99674415e-05 3.02775738e-04
2.08255894e-01 -5.24259563e-04 3.01621497e-04
2.08788077e-01 9.22448966e-05 2.99804703e-04
2.09320257e-01 2.76647385e-04 3.07554451e-04
2.09852434e-01 -4.72257119e-04 2.96809086e-04
2.10384607e-01 -1.82146735e-04 2.97487320e-04
2.10916777e-01 -9.86507679e-05 3.00293314e-04
2.11448943e-01 -1.41823699e-04 2.98659770e-04
2.11981106e-01 4.66446071e-05 3.01770712e-04
2.12513266e-01 -2.31095493e-04 3.05234623e-04
2.13045422e-01 3.90203174e-05 3.00019823e-04
2.13577575e-01 2.95974639e-04 3.04196454e-04
2.14109724e-01 7.30057282e-05 2.97035625e-04
2.14641870e-01 4.20564983e-04 2.93369427e-04
2.15174012e-01 2.09028337e-04 2.95543415e-04
2.15706151e-01 -4.99546833e-04 2.87400795e-04
2.16238286e-01 -6.79624741e-05 2.91042520e-04
2.16770418e-01 8.38989058e-05 2.94952723e-04
2.17302546e-01 3.62077130e-04 2.97544821e-04
2.17834671e-01 8.54583197e-05 2.97201724e-04
2.18366792e-01 3.49880445e-04 2.94512677e-04
2.18898910e-01 1.64169506e-04 2.97730391e-04
2.19431024e-01 1.13674085e-04 2.94792441e-04
2.19963135e-01 -1.17524272e-04 2.89300750e-04
2.20495242e-01 -5.41504202e-04 2.92468828e-04
2.21027346e-01 2.60956479e-05 2.91664116e-04
2.21559446e-01 1.36342645e-04 2.94713446e-04
2.22091542e-01 1.50085382e-04 2.93537081e-04
2.22623635e-01 -1.50200984e-04 2.82459928e-04
2.23155724e-01 2.66515106e-04 2.91099644e-04
2.23687810e-01 4.29763314e-05 2.87960488e-04
2.24219892e-01 3.50053589e-04 2.82472464e-04
2.24751971e-01 1.53136327e-04 2.90006338e-04
2.25284045e-01 1.67621612e-04 2.84085350e-04
2.25816117e-01 -3.16805800e-04 2.87062922e-04
2.26348184e-01 -5.56219128e-06 2.84216912e-04
2.26880248e-01 -2.13299837e-05 2.84714366e-04
2.27412308e-01 -2.51144733e-04 2.88596966e-04
2.27944365e-01 4.04663078e-04 2.82562261e-04
2.28476418e-01 -4.79545839e-06 2.82516704e-04
2.29008467e-01 -1.29307326e-04 2.80923761e-04
2.29540512e-01 -1.48567749e-04 2.87886725e-04
2.30072554e-01 -5.46539037e-05 2.82905258e-04
2.30604592e-01 -1.81624258e-04 2.83664900e-04
2.31136626e-01 -4.56530012e-04 2.86595193e-04
2.31668657e-01 -1.80090851e-04 2.82741652e-04
2.32200684e-01 -2.72016867e-04 2.79302988e-04
2.32732707e-01 -1.27424041e-04 2.80358241e-04
2.33264726e-01 1.59658863e-04 2.75047750e-04
2.33796742e-01 3.86094038e-04 2.73526191e-04
2.34328754e-01 1.15398972e-04 2.76469348e-04
2.34860762e-01 3.53913931e-05 2.78909104e-04
2.35392766e-01 -9.38945874e-06 2.82905140e-04
2.35924766e-01 1.76811252e-04 2.82276964e-04
2.36456763e-01 5.61847519e-05 2.78327690e-04
2.36988756e-01 5.35929704e-04 2.82115468e-04
2.37520745e-01 6.52270718e-05 2.75076324e-04
2.38052730e-01 -4.51549027e-04 2.72347272e-04
2.38584711e-01 5.05073737e-06 2.85930057e-04
2.39116689e-01 -3.71452453e-04 2.77612038e-04
2.39648662e-01 -1.68711350e-05 2.76818686e-04
2.40180632e-01 2.58427597e-04 2.79348026e-04
2.40712598e-01 -1.10321047e-07 2.76791764e-04
2.41244560e-01 1.31737936e-04 2.71532160e-04
2.41776518e-01 -3.42308047e-05 2.66461519e-04
2.42308472e-01 4.05889897e-04 2.70306775e-04
2.42840423e-01 -2.90921094e-04 2.74535903e-04
2.43372369e-01 1.88555995e-04 2.75912049e-04
2.43904311e-01 8.04875061e-05 2.75564696e-04
2.44436250e-01 -9.53364024e-05 2.74401753e-04
2.44968184e-01 1.07682715e-04 2.72717935e-04
2.45500115e-01 1.90955285e-04 2.69676308e-04
2.46032042e-01 -2.44326634e-05 2.74178219e-04
2.46563964e-01 -9.35845474e-05 2.72150796e-04
2.47095883e-01 -3.13058990e-04 2.65969630e-04
2.47627798e-01 -1.20980041e-04 2.67894980e-04
2.48159708e-01 -3.31986436e-07 2.69263500e-04
2.48691615e-01 -2.52097484e-06 2.72262789e-04
2.49223518e-01 -4.85943317e-07 2.62289486e-04
2.49755416e-01 9.44565859e-05 2.68115235e-04
2.50287311e-01 5.64788626e-04 2.73943383e-04
2.50819201e-01 3.96338968e-04 2.68708974e-04
2.51351088e-01 -4.97319842e-04 2.70121470e-04
2.51882971e-01 1.85520078e-04 2.66584145e-04
2.52414849e-01 5.51978217e-04 2.65757229e-04
2.52946723e-01 -2.55922385e-04 2.60743578e-04
2.53478594e-01 7.88012767e-04 2.67494947e-04
2.54010460e-01 5.35952352e-04 2.68658893e-04
2.54542322e-01 -1.47493558e-04 2.67368831e-04
2.55074180e-01 2.77216740e-05 2.67145581e-04
2.55606034e-01 1.86000125e-04 2.64497905e-04
2.56137883e-01 7.33254750e-05 2.67578577e-04
2.56669729e-01 7.76908036e-05 2.65198141e-04
2.57201570e-01 -2.05304613e-04 2.62269577e-04
2.57733408e-01 2.31992852e-08 2.65435182e-04
2.58265241e-01 -6.09456885e-04 2.63937371e-04
2.58797070e-01 4.52132921e-04 2.62282654e-04
2.59328895e-01 -4.74732120e-06 2.59007716e-04
2.59860715e-01 -1.60529814e-04 2.62375865e-04
2.60392532e-01 -8.73109622e-05 2.62188388e-04
2.60924344e-01 -1.80700128e-04 2.63227313e-04
2.61456152e-01 2.26142736e-04 2.54442331e-04
2.61987956e-01 2.48897456e-04 2.57986011e-04
2.62519755e-01 2.86507697e-04 2.58743579e-04
2.63051551e-01 -2.49874946e-04 2.59277724e-04
2.63583342e-01 -3.04540983e-04 2.61305250e-04
2.64115129e-01 -1.31194627e-04 2.58098040e-04
2.64646911e-01 -5.30056105e-05 2.58579063e-04
2.65178690e-01 -9.49025695e-05 2.55264838e-04
2.65710464e-01 -2.97508715e-04 2.54052113e-04
2.66242233e-01 -3.34194496e-04 2.55527973e-04
2.66773999e-01 -1.03838623e-04 2.53240314e-04
2.67305760e-01 -1.33269732e-04 2.59155249e-04
2.67837517e-01 -2.69537512e-04 2.52306725e-04
2.68369269e-01 2.47540111e-04 2.63653748e-04
2.68901018e-01 -2.86323487e-04 2.60145927e-04
2.69432761e-01 -2.61168931e-04 2.62938354e-04
2.69964501e-01 3.11289593e-04 2.60873924e-04
2.70496236e-01 -6.91825819e-05 2.64299745e-04
2.71027967e-01 -2.86444064e-05 2.63831572e-04
2.71559693e-01 -2.65072691e-04 2.61542551e-04
2.72091415e-01 2.59667082e-04 2.59487523e-04
2.72623133e-01 -9.32155714e-06 2.57374509e-04
2.73154846e-01 2.36355832e-04 2.62709703e-04
2.73686555e-01 6.14573554e-05 2.61788315e-04
2.74218260e-01 -3.31738982e-04 2.66713772e-04
2.74749960e-01 7.98026847e-05 2.68419061e-04
2.75281655e-01 5.42750635e-04 2.60760053e-04
2.75813346e-01 1.11677351e-04 2.66689266e-04
2.76345033e-01 -2.48215890e-05 2.60753286e-04
2.76876715e-01 2.17326026e-05 2.55200780e-04
2.77408393e-01 6.08097830e-05 2.55546924e-04
2.77940066e-01 -2.56001649e-04 2.57684277e-04
2.78471735e-01 -3.00101084e-04 2.56928843e-04
2.79003400e-01 2.99236178e-04 2.55567356e-04
2.79535059e-01 -1.01869752e-04 2.56192472e-04
2.80066715e-01 -4.16227026e-04 2.53411873e-04
2.80598366e-01 -2.83124651e-04 2.54133881e-04
2.81130012e-01 1.17346195e-04 2.50294751e-04
2.81661654e-01 7.92050452e-05 2.52827393e-04
2.82193291e-01 -2.79585573e-05 2.49623141e-04
2.82724923e-01 2.35760238e-04 2.51455651e-04
2.83256552e-01 -6.77832572e-05 2.49725809e-04
2.83788175e-01 -1.60433494e-05 2.50613986e-04
2.84319794e-01 4.33233285e-04 2.51552437e-04
2.84851408e-01 2.27753075e-04 2.53100421e-04
2.85383018e-01 -7.94521681e-05 2.50030043e-04
2.85914623e-01 1.29148946e-04 2.50766668e-04
2.86446224e-01 -4.57023669e-06 2.51296554e-04
2.86977820e-01 -1.12304851e-04 2.45901229e-04
2.87509411e-01 6.14736539e-05 2.50409434e-04
2.88040998e-01 -9.93341988e-05 2.49618562e-04
2.88572580e-01 4.00816639e-04 2.47328331e-04
2.89104157e-01 1.93599110e-04 2.51587870e-04
2.89635730e-01 -3.77944291e-04 2.52241619e-04
2.90167298e-01 9.55032113e-05 2.53118025e-04
2.90698862e-01 -9.65725479e-06 2.52683584e-04
2.91230420e-01 2.61763102e-04 2.52155985e-04
2.91761974e-01 4.74609493e-04 2.55321660e-04
2.92293524e-01 4.23525990e-04 2.49201899e-04
2.92825068e-01 3.60576751e-04 2.53749446e-04
2.93356608e-01 1.30987982e-04 2.51643975e-04
2.93888143e-01 1.05606724e-04 2.49818086e-04
2.94419674e-01 -2.90644654e-05 2.51408285e-04
2.94951199e-01 3.38735419e-05 2.52423283e-04
2.95482720e-01 1.11477796e-04 2.56853184e-04
2.96014236e-01 7.06852398e-05 2.55677437e-04
2.96545748e-01 -7.42862349e-05 2.52005812e-04
2.97077254e-01 3.55659131e-04 2.46919443e-04
2.97608756e-01 -1.25253339e-04 2.42919639e-04
2.98140253e-01 -1.62391619e-04 2.48504260e-04
2.98671745e-01 2.85784838e-04 2.45605357e-04
2.99203233e-01 2.17863397e-04 2.45276244e-04
2.99734715e-01 -8.94421657e-05 2.45551173e-04
3.00266193e-01 -2.03851971e-04 2.44807987e-04
3.00797666e-01 1.57596964e-04 2.46066210e-04
3.01329134e-01 -1.24504995e-04 2.43281930e-04
3.01860597e-01 -1.24477099e-04 2.47348582e-04
3.02392056e-01 2.03085371e-04 2.43809349e-04
3.02923509e-01 3.57786592e-04 2.36136994e-04
3.03454958e-01 -1.52057860e-04 2.39916397e-04
3.03986401e-01 3.59811511e-05 2.40397904e-04
3.04517840e-01 -1.29746141e-04 2.46392609e-04
3.05049274e-01 -2.26673552e-04 2.40244877e-04
3.05580703e-01 3.53390748e-04 2.41354327e-04
3.06112127e-01 -6.44647112e-04 2.39933323e-04
3.06643546e-01 -5.98027933e-05 2.41066575e-04
3.07174960e-01 -7.15009559e-05 2.40076376e-04
3.07706370e-01 -1.75020975e-04 2.38764756e-04
3.08237774e-01 -4.12060188e-04 2.37454418e-04
3.08769173e-01 -9.40826633e-05 2.35902328e-04
3.09300568e-01 -6.17885944e-05 2.36729573e-04
3.09831957e-01 2.69168351e-04 2.39713924e-04
3.10363341e-01 -4.73291190e-04 2.40136634e-04
3.10894721e-01 1.90809743e-05 2.32956352e-04
3.11426095e-01 2.56411255e-04 2.34729162e-04
3.11957464e-01 2.68892461e-06 2.34027411e-04
3.12488829e-01 -3.94390973e-04 2.32706148e-04
3.13020188e-01 1.72470882e-04 2.33509078e-04
3.13551542e-01 2.48411569e-04 2.36130207e-04
3.14082891e-01 5.51614090e-05 2.34065175e-04
3.14614235e-01 -2.48205554e-04 2.32733690e-04
3.15145574e-01 1.33629994e-04 2.38912525e-04
3.15676908e-01 -6.84561491e-05 2.34699973e-04
3.16208237e-01 3.93178458e-04 2.37268687e-04
3.16739561e-01 -9.19101965e-06 2.32200057e-04
3.17270880e-01 2.84737860e-04 2.30828962e-04
3.17802193e-01 1.15112863e-04 2.33246615e-04
3.18333502e-01 -7.12491107e-05 2.32211857e-04
3.18864805e-01 1.26750497e-04 2.32974851e-04
3.19396103e-01 -5.83134084e-04 2.33495546e-04
3.19927396e-01 7.28158176e-05 2.33315834e-04
3.20458684e-01 7.05600824e-05 2.32620274e-04
3.20989967e-01 3.19151892e-04 2.33512015e-04
3.21521244e-01 -3.27890206e-04 2.30010521e-04
3.22052517e-01 -3.74641759e-04 2.27520982e-04
3.22583784e-01 8.08312512e-05 2.31734779e-04
3.23115046e-01 1.27607757e-04 2.32517854e-04
3.23646303e-01 3.16283937e-04 2.30052069e-04
3.24177554e-01 -9.92021587e-05 2.30491216e-04
3.24708801e-01 5.57180880e-04 2.31283129e-04
3.25240042e-01 1.36097323e-04 2.28300667e-04
3.25771278e-01 -2.66954207e-04 2.26846514e-04
3.26302508e-01 -3.51637540e-04 2.22418380e-04
3.26833734e-01 9.55850187e-05 2.28784903e-04
3.27364954e-01 1.09732033e-04 2.31405988e-04
3.27896169e-01 -2.59246278e-04 2.20503541e-04
3.28427378e-01 1.68890231e-05 2.23984962e-04
3.28958583e-01 8.90431318e-05 2.22727253e-04
3.29489782e-01 3.76878557e-05 2.20362546e-04
3.30020975e-01 1.62817939e-05 2.22493434e-04
3.30552164e-01 -2.74686345e-04 2.21602189e-04
3.31083347e-01 1.63487659e-04 2.20182449e-04
3.31614524e-01 -2.04577691e-04 2.26087091e-04
3.32145697e-01 -1.17121285e-04 2.26272998e-04
3.32676864e-01 9.86056187e-05 2.22269660e-04
3.33208025e-01 1.64595653e-04 2.27981323e-04
3.33739182e-01 1.82365096e-04 2.27453791e-04
3.34270333e-01 1.68676127e-04 2.18968283e-04
3.34801478e-01 7.15071895e-04 2.28195253e-04
3.35332618e-01 2.58974705e-04 2.23391315e-04
3.35863753e-01 -3.43917231e-04 2.22028027e-04
3.36394883e-01 9.23327785e-06 2.25423457e-04
3.36926007e-01 -9.80401689e-05 2.23800984e-04
3.37457125e-01 3.73398571e-04 2.23861339e-04
3.37988238e-01 3.29265614e-04 2.24077709e-04
3.38519346e-01 1.95680597e-04 2.18746030e-04
3.39050448e-01 1.35486238e-04 2.23784611e-04
3.39581545e-01 -1.30465488e-04 2.16901653e-04
3.40112636e-01 -2.44082898e-04 2.18189436e-04
3.40643722e-01 1.29842387e-04 2.20927569e-04
3.41174802e-01 4.56422262e-04 2.21080018e-04
3.41705877e-01 5.85739565e-04 2.18237758e-04
3.42236946e-01 -2.60977358e-04 2.20424717e-04
3.42768010e-01 2.77968632e-04 2.19902865e-04
3.43299068e-01 -8.76323969e-05 2.18002971e-04
3.43830121e-01 -9.51843296e-05 2.15116444e-04
3.44361168e-01 -4.63545820e-04 2.13302940e-04
3.44892210e-01 2.35765486e-05 2.15684533e-04
3.45423246e-01 2.34693060e-04 2.18179088e-04
3.45954277e-01 1.58380308e-04 2.18550477e-04
3.46485302e-01 -1.31674914e-04 2.17232210e-04
3.47016321e-01 -2.07278806e-04 2.18463527e-04
3.47547335e-01 4.65577435e-05 2.21832903e-04
3.48078343e-01 2.75225432e-04 2.18995704e-04
3.48609346e-01 4.15909678e-04 2.17594918e-04
3.49140343e-01 -5.39807962e-05 2.17298536e-04
3.49671334e-01 6.79605386e-05 2.14291439e-04
3.50202320e-01 3.83632167e-05 2.16940235e-04
3.50733300e-01 4.59311057e-05 2.15204212e-04
3.51264275e-01 1.60927314e-04 2.16210426e-04
3.51795244e-01 -1.34479902e-04 2.17707839e-04
3.52326207e-01 3.48080184e-04 2.14834140e-04
3.52857164e-01 8.61906134e-05 2.07189691e-04
3.53388116e-01 3.90672172e-04 2.16028239e-04
3.53919062e-01 1.95599673e-04 2.14585021e-04
3.54450003e-01 -5.88450636e-04 2.12917270e-04
3.54980938e-01 -1.51509278e-04 2.12336671e-04
3.55511867e-01 -5.88581228e-05 2.11274906e-04
3.56042790e-01 -8.00133207e-05 2.15190546e-04
3.56573708e-01 1.84847422e-04 2.09963987e-04
3.57104620e-01 2.40773052e-04 2.09264750e-04
3.57635526e-01 -6.97469610e-06 2.10723146e-04
3.58166426e-01 -2.28691133e-05 2.12348965e-04
3.58697321e-01 -1.59458653e-04 2.10274318e-04
3.59228210e-01 -1.05503041e-04 2.09796511e-04
3.59759093e-01 4.71687943e-05 2.09870063e-04
3.60289970e-01 -2.13644452e-05 2.10870911e-04
3.60820841e-01 2.97865499e-04 2.12231717e-04
3.61351707e-01 1.21818528e-05 2.07579598e-04
3.61882567e-01 1.31559981e-05 2.07110275e-04
3.62413421e-01 -7.20545135e-05 2.08121673e-04
3.62944269e-01 3.79424330e-05 2.02526292e-04
3.63475112e-01 2.30833960e-06 2.09348748e-04
3.64005948e-01 -7.76146325e-05 2.03163745e-04
3.64536779e-01 3.17101649e-07 2.08738703e-04
3.65067604e-01 5.13647789e-05 2.08185935e-04
3.65598423e-01 -9.77291060e-05 2.02393444e-04
3.66129236e-01 -1.63385518e-04 2.05631916e-04
3.66660043e-01 -1.42729594e-04 2.06122090e-04
3.67190844e-01 1.72110555e-04 2.10143965e-04
3.67721639e-01 2.29976666e-04 2.05542541e-04
3.68252429e-01 4.01811320e-04 2.12111964e-04
3.68783212e-01 1.35791078e-04 2.06192472e-04
3.69313990e-01 3.96324110e-05 2.05154856e-04
3.69844762e-01 1.11062440e-04 2.05883121e-04
3.70375527e-01 9.71581876e-05 2.06636592e-04
3.70906287e-01 -1.14940436e-04 2.03669349e-04
3.71437041e-01 1.48398657e-04 2.07820072e-04
3.71967789e-01 -1.59004201e-04 2.08068140e-04
3.72498531e-01 -3.07963993e-04 2.03793795e-04
3.73029266e-01 7.51441268e-05 2.05204934e-04
3.73559996e-01 -2.78362955e-04 2.05878896e-04
3.74090720e-01 2.28158528e-04 2.08354418e-04
3.74621438e-01 7.47302183e-05 2.08599341e-04
3.75152150e-01 2.23077841e-04 2.09636712e-04
3.75682855e-01 6.76157621e-05 2.05275843e-04
3.76213555e-01 7.68866823e-05 2.05715177e-04
3.76744249e-01 -1.27882493e-04 2.03788783e-04
3.77274936e-01 2.80406088e-04 2.03194814e-04
3.77805618e-01 2.31096547e-04 2.05954860e-04
3.78336293e-01 3.49879281e-04 2.06638630e-04
3.78866963e-01 3.31280452e-04 2.05491597e-04
3.79397626e-01 4.79398045e-05 2.02832184e-04
3.79928283e-01 1.87264828e-04 2.00181109e-04
3.80458934e-01 1.26777537e-04 2.04911534e-04
3.80989579e-01 2.48032836e-04 2.05473670e-04
3.81520218e-01 1.01553553e-04 2.09807591e-04
3.82050851e-01 4.35615146e-04 2.08494676e-04
3.82581478e-01 1.22274369e-04 2.09500318e-04
3.83112098e-01 -2.11993435e-04 2.05330680e-04
3.83642712e-01 -2.11902638e-04 2.05613902e-04
3.84173320e-01 4.44052449e-04 2.07142073e-04
3.84703922e-01 2.10142059e-04 2.05311201e-04
3.85234518e-01 -3.45237182e-04 2.05552040e-04
3.85765108e-01 2.75489008e-04 2.08940977e-04
3.86295691e-01 -1.56033789e-04 2.04486999e-04
3.86826268e-01 1.31194606e-04 2.08686942e-04
3.87356839e-01 -2.99633415e-05 2.07132694e-04
3.87887404e-01 1.25808607e-05 2.06356708e-04
3.88417962e-01 3.24117792e-04 2.10888503e-04
3.88948514e-01 -1.68103700e-04 2.04442615e-04
3.89479060e-01 3.03362510e-04 2.03371513e-04
3.90009600e-01 -2.57946463e-04 2.01960091e-04
3.90540134e-01 -3.77984245e-05 2.03273686e-04
3.91070661e-01 2.81170685e-04 2.02370291e-04
3.91601182e-01 2.43396657e-04 2.04602005e-04
3.92131696e-01 3.08762623e-04 2.05330553e-04
3.92662205e-01 3.15693966e-05 2.03188721e-04
3.93192707e-01 -2.46991297e-04 2.06358198e-04
3.93723202e-01 -3.32711652e-05 2.03691801e-04
3.94253692e-01 -3.29222917e-05 2.06729654e-04
3.94784175e-01 -5.96239558e-05 2.09172908e-04
3.95314651e-01 1.57954314e-04 2.07620444e-04
3.95845122e-01 -6.46212760e-06 2.07092630e-04
3.96375585e-01 2.94020709e-05 2.08625709e-04
3.96906043e-01 -1.55459855e-04 2.08394518e-04
3.97436494e-01 -2.77498677e-04 2.09053486e-04
3.97966939e-01 1.82543925e-04 2.08467803e-04
3.98497377e-01 -1.77511940e-04 2.08263720e-04
3.99027809e-01 5.19650819e-05 2.09243622e-04
3.99558235e-01 -4.37009516e-04 2.04560735e-04
4.00088654e-01 4.06710916e-04 2.07874103e-04
4.00619067e-01 2.12493396e-04 2.12110604e-04
4.01149473e-01 -4.15976468e-05 2.11757702e-04
4.01679873e-01 -2.95097470e-04 2.09262731e-04
4.02210267e-01 -1.72314444e-04 2.13515174e-04
4.02740654e-01 -2.80264658e-04 2.13164188e-04
4.03271034e-01 -3.63332712e-04 2.10817474e-04
4.03801408e-01 1.34788925e-04 2.12911706e-04
4.04331776e-01 -2.33728435e-04 2.13853564e-04
4.04862137e-01 6.28553781e-05 2.16372111e-04
4.05392491e-01 2.02591203e-04 2.16761509e-04
4.05922839e-01 -2.50322827e-05 2.22138478e-04
4.06453181e-01 5.74399451e-05 2.15725252e-04
4.06983516e-01 3.71870901e-05 2.17104334e-04
4.07513844e-01 -1.94804800e-04 2.18709666e-04
4.08044166e-01 9.54536548e-05 2.24416911e-04
4.08574481e-01 -6.90706409e-06 2.22200568e-04
4.09104790e-01 -2.42755699e-05 2.26014943e-04
4.09635092e-01 1.71520435e-04 2.22940890e-04
4.10165388e-01 -1.17528916e-04 2.19452145e-04
4.10695677e-01 -9.94979069e-05 2.22121485e-04
4.11225960e-01 -6.78260974e-04 2.39375598e-04
4.11756235e-01 1.28748925e-04 2.55485420e-04
4.12286505e-01 1.06774726e-04 2.68175009e-04
4.12816767e-01 5.08973019e-04 2.73821891e-04
4.13347023e-01 7.66699840e-06 2.88024880e-04
4.13877273e-01 2.21742515e-04 3.15354390e-04
4.14407515e-01 2.07182914e-05 3.30164017e-04
4.14937751e-01 -3.86927532e-04 3.32424144e-04
4.15467981e-01 1.81078439e-04 3.44142858e-04
4.15998203e-01 7.82740491e-05 3.37765415e-04
4.16528419e-01 1.70104551e-04 3.40999404e-04
4.17058629e-01 2.64790812e-04 3.42765794e-04
4.17588831e-01 3.56625027e-04 3.45339322e-04
4.18119027e-01 1.03313330e-04 4.01000275e-04
4.18649217e-01 6.04550748e-04 5.43658733e-04
4.19179399e-01 3.92339840e-04 1.35863433e-03
