7.45980241e-03 1.77005210e-02 3.65487148e-02
7.99264482e-03 -1.57154603e-03 2.07370450e-02
8.52548709e-03 9.61244081e-03 1.45640854e-02
9.05832923e-03 3.09457867e-03 1.17959164e-02
9.59117122e-03 5.45068986e-03 1.09390406e-02
1.01240131e-02 7.48463220e-03 8.55488238e-03
1.06568547e-02 9.01251655e-03 7.36357994e-03
1.11896962e-02 1.31090633e-02 5.55430317e-03
1.17225375e-02 3.74857891e-03 4.33366531e-03
1.22553787e-02 7.77058371e-03 3.55584959e-03
1.27882196e-02 2.67547679e-03 3.03099678e-03
1.33210603e-02 9.09724355e-05 2.69443328e-03
1.38539008e-02 -9.08443726e-04 2.37864463e-03
1.43867411e-02 5.73266481e-04 2.05271135e-03
1.49195812e-02 3.52959082e-04 1.83967539e-03
1.54524210e-02 1.99318157e-03 1.81294542e-03
1.59852605e-02 3.36183514e-03 1.74083321e-03
1.65180998e-02 5.54976464e-04 1.43320525e-03
1.70509389e-02 3.49286508e-03 1.55641039e-03
1.75837776e-02 9.24398553e-04 1.39434204e-03
1.81166161e-02 3.32900277e-03 1.49491597e-03
1.86494543e-02 9.82950329e-04 1.33706526e-03
1.91822922e-02 2.08844270e-04 1.30866038e-03
1.97151297e-02 2.01534275e-03 1.15857688e-03
2.02479670e-02 2.18453294e-03 1.23949982e-03
2.07808039e-02 3.70282991e-03 1.26217493e-03
2.13136405e-02 1.41324909e-03 1.19153511e-03
2.18464767e-02 1.88136166e-03 1.15640214e-03
2.23793126e-02 2.44478324e-03 1.10897779e-03
2.29121481e-02 -1.12510407e-03 1.10960566e-03
2.34449833e-02 2.31652557e-03 1.08366919e-03
2.39778181e-02 9.67113176e-04 1.04798154e-03
2.45106524e-02 1.38719215e-03 1.03417796e-03
2.50434864e-02 1.76543548e-03 9.26216423e-04
2.55763200e-02 8.42321042e-04 9.35337911e-04
2.61091532e-02 8.25304794e-04 9.10560077e-04
2.66419859e-02 1.26191008e-03 9.63230744e-04
2.71748182e-02 1.52113833e-03 9.14658023e-04
2.77076501e-02 1.75602677e-04 9.46424783e-04
2.82404815e-02 2.89415352e-03 9.35388710e-04
2.87733125e-02 1.12355855e-03 9.25962144e-04
2.93061430e-02 -5.10803936e-04 8.43933134e-04
2.98389731e-02 -8.63524538e-04 8.57486869e-04
3.03718026e-02 1.54257948e-03 8.91653357e-04
3.09046317e-02 1.05508394e-03 8.82301972e-04
3.14374602e-02 9.09461014e-05 7.96613093e-04
3.19702883e-02 5.79161258e-04 7.94386038e-04
3.25031158e-02 1.27519388e-03 8.31132919e-04
3.30359428e-02 5.67801209e-04 7.95278746e-04
3.35687693e-02 1.46204829e-03 7.87226850e-04
3.41015952e-02 2.56876796e-03 8.21178089e-04
3.46344206e-02 5.92114062e-04 7.80417586e-04
3.51672454e-02 1.07436670e-04 8.13293424e-04
3.57000696e-02 8.59316670e-05 8.03949798e-04
3.62328933e-02 5.98220099e-04 7.23510816e-04
3.67657164e-02 8.37726705e-04 7.77755891e-04
3.72985389e-02 6.16727352e-04 7.82662078e-04
3.78313608e-02 2.47153910e-04 7.31538744e-04
3.83641820e-02 9.50599744e-05 7.39363172e-04
3.88970027e-02 8.55924229e-04 7.60955698e-04
3.94298227e-02 7.65154136e-04 7.41173741e-04
3.99626421e-02 1.49635675e-03 7.41801142e-04
4.04954608e-02 1.11824883e-05 7.07246997e-04
4.10282789e-02 8.49832139e-04 7.13205991e-04
4.15610963e-02 6.08425041e-04 7.76576863e-04
4.20939131e-02 -3.84729524e-05 7.28021105e-04
4.26267291e-02 7.35369959e-04 6.97018798e-04
4.31595445e-02 4.66221563e-04 7.30628846e-04
4.36923592e-02 2.73430117e-04 7.92772767e-04
4.42251732e-02 9.84195998e-04 7.55270427e-04
4.47579864e-02 1.14160713e-03 7.82261727e-04
4.52907989e-02 1.61758105e-04 6.91047739e-04
4.58236107e-02 1.06303621e-03 7.40033056e-04
4.63564218e-02 1.82679303e-03 7.52608106e-04
4.68892321e-02 1.31259405e-03 7.06630538e-04
4.74220417e-02 2.09498001e-04 6.81570995e-04
4.79548504e-02 1.57105595e-04 6.85343438e-04
4.84876584e-02 5.10517611e-04 7.15052701e-04
4.90204657e-02 1.12909953e-03 7.38953412e-04
4.95532721e-02 8.77558000e-04 7.26608240e-04
5.00860777e-02 6.10776819e-04 7.14505792e-04
5.06188825e-02 -8.67098222e-04 6.92152244e-04
5.11516865e-02 5.88736196e-04 6.66673097e-04
5.16844897e-02 1.84704265e-03 6.54013270e-04
5.22172920e-02 -1.05407610e-04 7.04533716e-04
5.27500935e-02 1.57923288e-03 7.25992362e-04
5.32828941e-02 5.81664384e-04 6.72102046e-04
5.38156939e-02 6.95649385e-04 6.63299745e-04
5.43484928e-02 5.57648379e-04 6.73149048e-04
5.48812908e-02 1.59912384e-04 6.57464615e-04
5.54140880e-02 1.65277291e-03 6.65593115e-04
5.59468842e-02 1.83058802e-03 6.46422146e-04
5.64796795e-02 1.39078509e-03 6.68309739e-04
5.70124739e-02 6.87789958e-04 6.28129174e-04
5.75452674e-02 -3.26510071e-04 6.22872914e-04
5.80780600e-02 1.22125364e-03 6.33376125e-04
5.86108516e-02 6.51913295e-04 6.24685362e-04
5.91436423e-02 9.68618541e-04 6.12493335e-04
5.96764320e-02 9.81739814e-04 6.08127574e-04
6.02092208e-02 6.01436167e-04 5.96909225e-04
6.07420086e-02 4.65316982e-04 6.26027530e-04
6.12747953e-02 1.31607527e-03 6.19869016e-04
6.18075812e-02 -6.02091925e-04 6.22158909e-04
6.23403660e-02 6.61169085e-04 6.08243030e-04
6.28731498e-02 -1.30043617e-03 6.16533441e-04
6.34059325e-02 5.48667752e-04 6.17854423e-04
6.39387143e-02 -1.61183454e-04 6.03216319e-04
6.44714950e-02 6.84017267e-04 5.87692406e-04
6.50042747e-02 -3.33473239e-04 6.10475489e-04
6.55370533e-02 1.23436507e-03 6.29963515e-04
6.60698309e-02 4.37410231e-04 6.24476840e-04
6.66026074e-02 -4.98966908e-04 6.05964911e-04
6.71353828e-02 5.92915621e-04 6.21225723e-04
6.76681571e-02 6.23162019e-04 6.47818248e-04
6.82009304e-02 3.51960067e-04 6.23323934e-04
6.87337025e-02 -1.43655084e-04 6.04403058e-04
6.92664735e-02 -3.93048279e-04 6.16158959e-04
6.97992434e-02 -2.97710492e-04 6.14454057e-04
7.03320122e-02 3.72678761e-04 5.75299401e-04
7.08647798e-02 2.51562481e-04 5.95148877e-04
7.13975463e-02 1.85703414e-03 6.02080251e-04
7.19303116e-02 -9.20263131e-04 5.81853918e-04
7.24630758e-02 1.37289603e-03 5.90592836e-04
7.29958388e-02 -4.03669625e-05 5.63210073e-04
7.35286006e-02 -1.37429023e-04 5.76277217e-04
7.40613612e-02 4.45216188e-04 5.80481402e-04
7.45941207e-02 3.30805035e-04 5.94863664e-04
7.51268789e-02 -5.77056932e-04 5.57923768e-04
7.56596359e-02 3.24922696e-04 5.58784844e-04
7.61923917e-02 6.71825998e-04 5.70480679e-04
7.67251462e-02 -1.44420877e-04 5.53430380e-04
7.72578995e-02 3.82365475e-04 5.62581785e-04
7.77906516e-02 -2.46887370e-04 5.58437723e-04
7.83234024e-02 4.94349117e-04 5.45180297e-04
7.88561519e-02 1.34726892e-03 5.41373580e-04
7.93889002e-02 -6.86151966e-04 5.44497768e-04
7.99216472e-02 6.94960946e-04 5.37087838e-04
8.04543928e-02 1.24681999e-03 5.31608316e-04
8.09871372e-02 2.97832298e-04 5.35344822e-04
8.15198803e-02 3.41384589e-04 5.28531268e-04
8.20526220e-02 -2.73943651e-04 5.15735681e-04
8.25853624e-02 2.02197987e-04 5.08936518e-04
8.31181015e-02 3.69264317e-05 5.32372639e-04
8.36508393e-02 1.08299930e-04 5.15411586e-04
8.41835757e-02 7.80865040e-04 5.18094899e-04
8.47163107e-02 -7.75974613e-05 5.13766866e-04
8.52490443e-02 -4.76174918e-04 5.14159986e-04
8.57817766e-02 8.35176320e-04 5.10111189e-04
8.63145075e-02 -4.42152075e-04 5.12977063e-04
8.68472370e-02 5.68998405e-04 4.96510102e-04
8.73799651e-02 -2.01641047e-04 4.98906488e-04
8.79126918e-02 2.52528577e-04 5.12635168e-04
8.84454170e-02 -9.63131107e-05 5.27301651e-04
8.89781408e-02 -7.42726399e-04 5.04136832e-04
8.95108632e-02 -1.64740892e-04 4.98668638e-04
9.00435842e-02 -2.82361237e-04 4.99730542e-04
9.05763036e-02 -7.04170205e-04 5.12623684e-04
9.11090217e-02 1.20472387e-03 5.06588027e-04
9.16417382e-02 8.54308462e-04 4.79887271e-04
9.21744532e-02 1.06794221e-03 5.05323445e-04
9.27071668e-02 -4.13820765e-05 4.77991117e-04
9.32398789e-02 6.59839341e-04 5.06891213e-04
9.37725894e-02 8.33248115e-04 4.74762325e-04
9.43052985e-02 1.22199871e-04 4.95105216e-04
9.48380060e-02 2.68537951e-04 4.75080186e-04
9.53707120e-02 -3.15467612e-04 4.63744683e-04
9.59034164e-02 2.47161014e-04 4.81639403e-04
9.64361193e-02 -6.08930544e-04 4.69246991e-04
9.69688206e-02 -1.83204789e-04 4.72358966e-04
9.75015204e-02 -3.59440664e-04 4.62797408e-04
9.80342186e-02 3.51762991e-04 4.85844291e-04
9.85669152e-02 4.54103913e-04 4.71054354e-04
9.90996102e-02 -1.14399542e-03 4.54865770e-04
9.96323036e-02 -5.68431727e-04 4.76006545e-04
1.00164995e-01 9.82391861e-05 4.52160162e-04
1.00697686e-01 -2.69728464e-04 4.51062456e-04
1.01230374e-01 -2.03858122e-04 4.66971324e-04
1.01763061e-01 -2.81142245e-04 4.63178668e-04
1.02295746e-01 3.74561146e-05 4.55929982e-04
1.02828430e-01 -2.29741527e-04 4.40665563e-04
1.03361112e-01 -3.14303747e-04 4.54925625e-04
1.03893792e-01 -3.20355613e-04 4.43298504e-04
1.04426471e-01 3.63937920e-04 4.61484715e-04
1.04959148e-01 -1.66964826e-04 4.71987018e-04
1.05491823e-01 -7.08852169e-04 4.41486990e-04
1.06024496e-01 7.52158331e-04 4.51299894e-04
1.06557168e-01 3.43726706e-04 4.49026491e-04
1.07089838e-01 -4.55260871e-04 4.42368733e-04
1.07622506e-01 -5.48881431e-04 4.39158972e-04
1.08155173e-01 -3.94480349e-04 4.42598891e-04
1.08687838e-01 1.48664186e-04 4.50211546e-04
1.09220501e-01 -1.58688640e-05 4.41846660e-04
1.09753162e-01 -1.76839830e-04 4.35406448e-04
1.10285822e-01 6.06188345e-04 4.56297579e-04
1.10818479e-01 -4.35211651e-04 4.54503187e-04
1.11351135e-01 5.63691090e-04 4.64675778e-04
1.11883790e-01 -5.71239545e-04 4.50058178e-04
1.12416442e-01 -4.03111969e-04 4.33030218e-04
1.12949092e-01 5.87111066e-04 4.35484854e-04
1.13481741e-01 1.22357287e-04 4.28109849e-04
1.14014388e-01 -1.11758064e-04 4.36251443e-04
1.14547033e-01 -8.04683856e-04 4.34282898e-04
1.15079676e-01 3.83526064e-04 4.41211681e-04
1.15612318e-01 -4.21180380e-04 4.35119022e-04
1.16144957e-01 -3.32061946e-04 4.31751638e-04
1.16677595e-01 1.18453654e-03 4.28038084e-04
1.17210230e-01 5.61466966e-04 4.26599708e-04
1.17742864e-01 -3.95622177e-04 4.19347957e-04
1.18275496e-01 1.30408764e-04 4.19571210e-04
1.18808126e-01 -5.96610083e-04 4.14371546e-04
1.19340754e-01 1.89014318e-04 4.18650919e-04
1.19873380e-01 3.82751893e-04 4.20654577e-04
1.20406004e-01 1.42346366e-04 4.16896100e-04
1.20938626e-01 9.96430261e-04 4.17117156e-04
1.21471247e-01 2.36767244e-04 4.08118632e-04
1.22003865e-01 3.20901364e-04 4.21055852e-04
1.22536481e-01 9.22369841e-05 4.13708280e-04
1.23069096e-01 1.97376969e-04 4.18360188e-04
1.23601708e-01 -5.89624348e-04 4.10302495e-04
1.24134318e-01 -1.17210244e-04 4.12718364e-04
1.24666927e-01 6.98557762e-04 4.09518889e-04
1.25199533e-01 3.88287677e-04 4.02876641e-04
1.25732137e-01 3.57452323e-04 4.05653890e-04
1.26264740e-01 -1.16107394e-04 4.08057711e-04
1.26797340e-01 -3.68514058e-04 4.07105847e-04
1.27329938e-01 -3.84113221e-04 4.07303402e-04
1.27862534e-01 -1.54276887e-04 4.06078849e-04
1.28395128e-01 -2.50295589e-04 4.11066698e-04
1.28927720e-01 9.66698001e-04 4.07553450e-04
1.29460310e-01 -8.19032721e-05 4.06149180e-04
1.29992898e-01 5.59203293e-04 4.04130823e-04
1.30525484e-01 3.30973627e-04 4.08704313e-04
1.31058067e-01 2.87413612e-04 4.10792706e-04
1.31590649e-01 -8.50393692e-05 4.25072851e-04
1.32123228e-01 6.94645913e-04 4.10846585e-04
1.32655805e-01 -6.59890966e-05 4.27378884e-04
1.33188380e-01 -3.16260951e-04 4.08466804e-04
1.33720953e-01 6.07882630e-04 4.22460618e-04
1.34253524e-01 -8.49895294e-05 4.17709908e-04
1.34786093e-01 -2.51149424e-04 4.16957486e-04
1.35318659e-01 3.70435806e-05 4.10434059e-04
1.35851223e-01 -1.18253577e-04 4.01287394e-04
1.36383785e-01 1.38802901e-04 4.09585906e-04
1.36916345e-01 1.45083123e-04 4.13345217e-04
1.37448903e-01 3.65475486e-04 4.06576004e-04
1.37981458e-01 5.73682069e-05 3.92443227e-04
1.38514011e-01 5.13574005e-04 3.91104514e-04
1.39046562e-01 -2.53980068e-05 4.02447932e-04
1.39579111e-01 -3.23416894e-04 3.95938905e-04
1.40111657e-01 -4.05966460e-04 3.90852722e-04
1.40644201e-01 3.59986729e-04 3.84640104e-04
1.41176743e-01 1.27867057e-04 3.95089387e-04
1.41709283e-01 1.86304651e-04 3.92660007e-04
1.42241820e-01 -1.93056231e-04 3.83274007e-04
1.42774355e-01 3.58470540e-04 3.90455188e-04
1.43306888e-01 -4.87993753e-04 3.76867773e-04
1.43839418e-01 -2.94334381e-04 3.84356457e-04
1.44371946e-01 -3.37925851e-04 3.88377866e-04
1.44904472e-01 1.48321030e-04 3.87556883e-04
1.45436995e-01 -2.88423450e-04 3.72932252e-04
1.45969516e-01 -1.89421293e-04 3.75049645e-04
1.46502035e-01 -2.53120055e-04 3.77401276e-04
1.47034551e-01 4.80808625e-04 3.78603559e-04
1.47567065e-01 1.02720972e-04 3.80541289e-04
1.48099577e-01 -3.95590408e-05 3.74789105e-04
1.48632086e-01 -1.35381527e-04 3.67214244e-04
1.49164593e-01 1.71199144e-04 3.73852907e-04
1.49697097e-01 -3.49128163e-04 3.65573131e-04
1.50229599e-01 2.97713188e-04 3.68335712e-04
1.50762098e-01 2.27714880e-04 3.72827719e-04
1.51294595e-01 3.63404396e-04 3.79395962e-04
1.51827090e-01 -1.99299520e-04 3.71652047e-04
1.52359582e-01 -9.04304125e-05 3.71819592e-04
1.52892072e-01 -1.91770614e-04 3.68419778e-04
1.53424559e-01 2.31339448e-04 3.67901624e-04
1.53957044e-01 4.15986406e-05 3.78572706e-04
1.54489526e-01 -6.86126491e-04 3.78801039e-04
1.55022006e-01 6.12986383e-04 3.73550421e-04
1.55554483e-01 -1.58074846e-04 3.71853257e-04
1.56086958e-01 -4.60179060e-04 3.78794791e-04
1.56619430e-01 4.38748287e-07 3.85221551e-04
1.57151899e-01 7.19005484e-04 3.82620540e-04
1.57684366e-01 -1.57124665e-04 3.74822419e-04
1.58216831e-01 1.28272599e-04 3.69228755e-04
1.58749293e-01 6.35724200e-05 3.70584362e-04
1.59281752e-01 -2.20906155e-04 3.70021430e-04
1.59814209e-01 -4.18765477e-04 3.86430723e-04
1.60346664e-01 -1.10061649e-04 3.87297294e-04
1.60879115e-01 -9.05133291e-04 3.77942518e-04
1.61411564e-01 -1.07254794e-04 3.82735578e-04
1.61944011e-01 2.60227059e-04 3.73107558e-04
1.62476455e-01 9.18021578e-04 3.77664355e-04
1.63008896e-01 3.09678488e-04 3.77682704e-04
1.63541335e-01 1.41116398e-04 3.80964488e-04
1.64073771e-01 5.22011847e-04 3.67992876e-04
1.64606204e-01 -6.97013903e-04 3.62216382e-04
1.65138635e-01 -3.36936640e-04 3.60568654e-04
1.65671063e-01 2.34277981e-04 3.59607310e-04
1.66203488e-01 1.19170474e-03 3.61533169e-04
1.66735910e-01 4.63999165e-04 3.62605560e-04
1.67268330e-01 -3.82127457e-04 3.43505319e-04
1.67800748e-01 2.00809685e-04 3.63581371e-04
1.68333162e-01 -2.88875452e-04 3.50089878e-04
1.68865574e-01 1.31273740e-04 3.69594988e-04
1.69397983e-01 1.48250451e-04 3.61401129e-04
1.69930389e-01 2.24857706e-04 3.55920669e-04
1.70462793e-01 6.22194480e-04 3.57090066e-04
1.70995194e-01 -1.76054951e-04 3.56558879e-04
1.71527592e-01 2.51003995e-04 3.49585621e-04
1.72059987e-01 1.50882715e-04 3.62127425e-04
1.72592380e-01 -2.93219142e-05 3.59626069e-04
1.73124769e-01 -6.22786845e-05 3.52638506e-04
1.73657156e-01 3.81230627e-06 3.43891746e-04
1.74189540e-01 -1.21101145e-04 3.55646048e-04
1.74721922e-01 1.03812754e-04 3.44136793e-04
1.75254300e-01 6.69078930e-04 3.46195558e-04
1.75786676e-01 9.95730092e-05 3.46887684e-04
1.76319049e-01 6.49203789e-04 3.57558787e-04
1.76851418e-01 -5.25999469e-06 3.54124868e-04
1.77383786e-01 1.73201225e-04 3.58659816e-04
1.77916150e-01 2.69238870e-04 3.57604963e-04
1.78448511e-01 -2.04849502e-04 3.56927399e-04
1.78980870e-01 -1.70362866e-04 3.47022075e-04
1.79513225e-01 3.68101428e-04 3.59811930e-04
1.80045578e-01 4.70448706e-04 3.59188879e-04
1.80577928e-01 1.58343789e-04 3.58717327e-04
1.81110275e-01 1.46001065e-06 3.56316006e-04
1.81642618e-01 -4.82920216e-06 3.56729639e-04
1.82174959e-01 -7.52110340e-04 3.57279070e-04
1.82707297e-01 9.18099188e-05 3.57514025e-04
1.83239633e-01 -2.38031097e-04 3.51778119e-04
1.83771965e-01 -2.80424011e-04 3.51889327e-04
1.84304294e-01 3.78728141e-04 3.53681872e-04
1.84836620e-01 8.67538296e-05 3.53494346e-04
1.85368943e-01 -5.27419976e-04 3.53191252e-04
1.85901263e-01 -1.44872401e-04 3.39326223e-04
1.86433581e-01 2.96122285e-04 3.39273268e-04
1.86965895e-01 -1.84005644e-04 3.46772662e-04
1.87498206e-01 3.06082480e-04 3.44833868e-04
1.88030514e-01 3.60679168e-04 3.55359547e-04
1.88562819e-01 7.15765974e-07 3.38144221e-04
1.89095121e-01 1.62444060e-04 3.36060689e-04
1.89627420e-01 -5.36582131e-04 3.36406604e-04
1.90159716e-01 -2.61750388e-05 3.40132482e-04
1.90692009e-01 -2.24132502e-04 3.34499114e-04
1.91224299e-01 -1.33582354e-04 3.36774170e-04
1.91756586e-01 -2.19533625e-04 3.37814636e-04
1.92288869e-01 1.59413375e-04 3.33190481e-04
1.92821150e-01 -1.48247894e-04 3.40545033e-04
1.93353427e-01 -3.74005284e-04 3.35510333e-04
1.93885701e-01 -4.10858723e-05 3.32841181e-04
1.94417972e-01 1.19563545e-04 3.34650848e-04
1.94950240e-01 4.08689210e-04 3.32247359e-04
1.95482505e-01 2.49833339e-05 3.34444281e-04
1.96014767e-01 3.20112106e-04 3.27490189e-04
1.96547025e-01 5.77512150e-04 3.23334364e-04
1.97079281e-01 6.22829111e-05 3.33126086e-04
1.97611533e-01 3.91200414e-04 3.26570715e-04
1.98143782e-01 -2.29298251e-04 3.22507605e-04
1.98676028e-01 3.05990323e-05 3.21905481e-04
1.99208270e-01 3.63072170e-04 3.22771574e-04
1.99740510e-01 1.57375662e-04 3.21519019e-04
2.00272746e-01 -3.65594573e-05 3.24722251e-04
2.00804978e-01 -2.01459409e-04 3.24687953e-04
2.01337208e-01 5.43934666e-04 3.23376735e-04
2.01869434e-01 1.76424396e-04 3.19680101e-04
2.02401658e-01 -1.88819656e-04 3.19637552e-04
2.02933877e-01 1.38457604e-04 3.16939793e-04
2.03466094e-01 -6.20380696e-04 3.21891977e-04
2.03998307e-01 -3.98739632e-04 3.12330202e-04
2.04530517e-01 5.58075546e-04 3.21564040e-04
2.05062724e-01 1.47110168e-05 3.15581995e-04
2.05594927e-01 -2.19007379e-04 3.09813702e-04
2.06127127e-01 2.20642850e-04 3.12499669e-04
2.06659324e-01 5.43958701e-04 3.15430352e-04
2.07191517e-01 5.36183125e-04 3.11786826e-04
2.07723707e-01 1.61167490e-04 3.08713742e-04
2.08255894e-01 -4.12117309e-04 3.06328445e-04
2.08788077e-01 -1.29355804e-04 3.11164750e-04
2.09320257e-01 4.57801710e-04 3.19383998e-04
2.09852434e-01 -2.16568562e-05 3.13010868e-04
2.10384607e-01 3.00192910e-04 3.23769284e-04
2.10916777e-01 2.28639452e-04 3.11612660e-04
2.11448943e-01 4.51524310e-05 3.11020307e-04
2.11981106e-01 -5.88092238e-05 3.02656679e-04
2.12513266e-01 1.30279129e-05 3.11742967e-04
2.13045422e-01 -4.96938481e-05 3.08524140e-04
2.13577575e-01 -1.79022190e-04 3.03790376e-04
2.14109724e-01 3.23941758e-04 3.10259039e-04
2.14641870e-01 -3.76894495e-04 2.97767768e-04
2.15174012e-01 9.31467545e-05 3.05162689e-04
2.15706151e-01 -4.12606738e-04 2.93588301e-04
2.16238286e-01 2.89956938e-04 2.95964403e-04
2.16770418e-01 2.37882848e-04 3.06036359e-04
2.17302546e-01 4.06823278e-04 3.04438702e-04
2.17834671e-01 2.10925736e-04 2.99941645e-04
2.18366792e-01 -1.19848320e-04 2.99493757e-04
2.18898910e-01 -2.08716168e-04 2.96209808e-04
2.19431024e-01 -6.47066757e-04 3.05732879e-04
2.19963135e-01 -1.41887470e-05 3.04772297e-04
2.20495242e-01 4.16971036e-04 3.00884064e-04
2.21027346e-01 -1.78900820e-04 2.96063865e-04
2.21559446e-01 2.90974866e-04 2.98664818e-04
2.22091542e-01 3.89733266e-04 3.00338098e-04
2.22623635e-01 2.18673589e-04 3.01254328e-04
2.23155724e-01 1.35870694e-04 2.93070739e-04
2.23687810e-01 5.24132170e-04 2.98314446e-04
2.24219892e-01 3.69588663e-04 3.05389062e-04
2.24751971e-01 -6.46462540e-06 2.97118592e-04
2.25284045e-01 2.03063008e-04 2.96175116e-04
2.25816117e-01 2.54511035e-04 2.98134774e-04
2.26348184e-01 5.34952888e-04 2.96510065e-04
2.26880248e-01 2.25144688e-05 3.00906749e-04
2.27412308e-01 5.64050702e-05 2.98918156e-04
2.27944365e-01 1.84066069e-04 2.92756410e-04
2.28476418e-01 4.78077115e-04 2.88594077e-04
2.29008467e-01 1.64892078e-04 2.98514967e-04
2.29540512e-01 -9.89098753e-05 2.96486026e-04
2.30072554e-01 3.79224906e-04 2.92663109e-04
2.30604592e-01 -2.73568449e-04 2.88176225e-04
2.31136626e-01 7.22900283e-04 2.93627039e-04
2.31668657e-01 -7.25268275e-05 2.98174554e-04
2.32200684e-01 3.62271695e-04 2.95074587e-04
2.32732707e-01 -6.79897106e-05 2.84672957e-04
2.33264726e-01 3.74327065e-05 2.90725050e-04
2.33796742e-01 3.40307166e-04 2.93010749e-04
2.34328754e-01 -7.68613633e-06 2.89951413e-04
2.34860762e-01 -1.70122886e-04 2.84345626e-04
2.35392766e-01 1.03161373e-04 2.85768341e-04
2.35924766e-01 2.81840584e-04 2.84347250e-04
2.36456763e-01 6.34244982e-05 2.80096061e-04
2.36988756e-01 -1.38911839e-04 2.81508898e-04
2.37520745e-01 1.04244491e-04 2.78618268e-04
2.38052730e-01 1.82723047e-04 2.86196823e-04
2.38584711e-01 1.85345636e-04 2.85749812e-04
2.39116689e-01 -2.95933106e-04 2.77557776e-04
2.39648662e-01 4.95728842e-04 2.83291899e-04
2.40180632e-01 -4.38794957e-07 2.87956453e-04
2.40712598e-01 -2.11808628e-04 2.86269000e-04
2.41244560e-01 -1.42262057e-04 2.78841969e-04
2.41776518e-01 3.06805045e-04 2.78663261e-04
2.42308472e-01 2.41629628e-04 2.86968084e-04
2.42840423e-01 -4.82295060e-05 2.81306121e-04
2.43372369e-01 1.76958532e-04 2.81239842e-04
2.43904311e-01 3.93741989e-04 2.82698548e-04
2.44436250e-01 9.23339411e-05 2.81442730e-04
2.44968184e-01 1.96103698e-04 2.84251839e-04
2.45500115e-01 3.51388217e-04 2.79267292e-04
2.46032042e-01 -7.09386036e-05 2.75226621e-04
2.46563964e-01 -1.06597686e-04 2.77692559e-04
2.47095883e-01 2.13325575e-05 2.82193661e-04
2.47627798e-01 6.94397739e-05 2.71406900e-04
2.48159708e-01 1.47376585e-04 2.77056349e-04
2.48691615e-01 8.57371508e-05 2.82295754e-04
2.49223518e-01 -1.60471571e-04 2.74186104e-04
2.49755416e-01 3.03542336e-04 2.77136636e-04
2.50287311e-01 -1.26077207e-05 2.77534605e-04
2.50819201e-01 6.37189648e-04 2.76236614e-04
2.51351088e-01 -4.43886189e-04 2.75310229e-04
2.51882971e-01 -2.67061820e-04 2.77442583e-04
2.52414849e-01 3.31888761e-05 2.77308936e-04
2.52946723e-01 -9.51710354e-05 2.77475491e-04
2.53478594e-01 6.61824644e-06 2.77796193e-04
2.54010460e-01 1.60033485e-04 2.77799037e-04
2.54542322e-01 3.15270247e-04 2.78232928e-04
2.55074180e-01 1.34672431e-04 2.70316872e-04
2.55606034e-01 1.30667930e-04 2.77663489e-04
2.56137883e-01 3.29415104e-04 2.76654547e-04
2.56669729e-01 1.43814681e-04 2.70155149e-04
2.57201570e-01 5.03977633e-04 2.74928787e-04
2.57733408e-01 -4.37210298e-05 2.68963470e-04
2.58265241e-01 -5.73059122e-04 2.60976039e-04
2.58797070e-01 5.30955418e-04 2.69744313e-04
2.59328895e-01 1.85388613e-04 2.62310692e-04
2.59860715e-01 6.06669748e-05 2.71625840e-04
2.60392532e-01 2.45274742e-04 2.73147372e-04
2.60924344e-01 -2.14896872e-04 2.68705170e-04
2.61456152e-01 1.17671609e-04 2.68545640e-04
2.61987956e-01 2.12596841e-04 2.62131534e-04
2.62519755e-01 1.10486714e-05 2.64504485e-04
2.63051551e-01 -5.55343310e-05 2.59973719e-04
2.63583342e-01 -1.53529081e-04 2.69783953e-04
2.64115129e-01 1.41305609e-04 2.66321965e-04
2.64646911e-01 2.63838435e-04 2.62099539e-04
2.65178690e-01 3.03311131e-04 2.63819221e-04
2.65710464e-01 2.24067876e-04 2.68409226e-04
2.66242233e-01 -5.83545694e-06 2.60907375e-04
2.66773999e-01 -9.96257460e-05 2.67210196e-04
2.67305760e-01 7.05391963e-04 2.70106383e-04
2.67837517e-01 4.80182690e-05 2.66340668e-04
2.68369269e-01 1.46738485e-04 2.71844883e-04
2.68901018e-01 -1.53449798e-04 2.67220949e-04
2.69432761e-01 4.79228997e-05 2.72986983e-04
2.69964501e-01 2.76860775e-05 2.72832044e-04
2.70496236e-01 3.22524241e-04 2.71816512e-04
2.71027967e-01 -2.04177529e-05 2.68613651e-04
2.71559693e-01 3.69736319e-04 2.72510334e-04
2.72091415e-01 2.41966583e-04 2.72711114e-04
2.72623133e-01 4.02120822e-04 2.68712682e-04
2.73154846e-01 3.13552209e-04 2.67704805e-04
2.73686555e-01 1.31203657e-04 2.72123513e-04
2.74218260e-01 8.72851044e-05 2.77316777e-04
2.74749960e-01 1.69978392e-04 2.72508180e-04
2.75281655e-01 6.20656463e-04 2.72486659e-04
2.75813346e-01 -4.06094131e-05 2.77278327e-04
2.76345033e-01 -5.38053026e-05 2.66457901e-04
2.76876715e-01 4.42451266e-04 2.71949235e-04
2.77408393e-01 9.03370144e-05 2.60605582e-04
2.77940066e-01 7.84292456e-05 2.65882142e-04
2.78471735e-01 1.74995186e-04 2.68048461e-04
2.79003400e-01 -4.25692151e-05 2.66882286e-04
2.79535059e-01 1.29911868e-05 2.66396787e-04
2.80066715e-01 -1.25955348e-04 2.58179866e-04
2.80598366e-01 -2.28929896e-04 2.66832380e-04
2.81130012e-01 5.40959433e-04 2.62143116e-04
2.81661654e-01 -4.01052138e-06 2.59682114e-04
2.82193291e-01 -1.25329277e-04 2.64198710e-04
2.82724923e-01 6.87599965e-05 2.60307895e-04
2.83256552e-01 -3.18143031e-04 2.57573415e-04
2.83788175e-01 3.23409052e-04 2.58780174e-04
2.84319794e-01 3.33878728e-04 2.62414215e-04
2.84851408e-01 3.13368174e-04 2.60687954e-04
2.85383018e-01 -4.76260602e-04 2.56391928e-04
2.85914623e-01 -1.40537128e-04 2.56814716e-04
2.86446224e-01 2.21110536e-04 2.62749012e-04
2.86977820e-01 1.98237934e-04 2.58076142e-04
2.87509411e-01 1.17521837e-04 2.58477329e-04
2.88040998e-01 -2.44714858e-05 2.60038028e-04
2.88572580e-01 -2.07625564e-04 2.55178321e-04
2.89104157e-01 1.87801048e-04 2.62517165e-04
2.89635730e-01 1.00973155e-04 2.57554624e-04
2.90167298e-01 -2.57980400e-04 2.60722794e-04
2.90698862e-01 -1.61732927e-04 2.54536304e-04
2.91230420e-01 1.67960954e-04 2.62271678e-04
2.91761974e-01 8.52505987e-05 2.67253503e-04
2.92293524e-01 3.89314905e-04 2.60143033e-04
2.92825068e-01 -3.40857835e-04 2.61803382e-04
2.93356608e-01 -4.73520303e-04 2.58856312e-04
2.93888143e-01 -6.36809517e-04 2.59714698e-04
2.94419674e-01 -6.67856720e-05 2.64608945e-04
2.94951199e-01 -2.19258867e-04 2.57616625e-04
2.95482720e-01 -8.31403693e-05 2.60792590e-04
2.96014236e-01 2.95271005e-04 2.59236646e-04
2.96545748e-01 5.18106521e-04 2.63120979e-04
2.97077254e-01 3.18501157e-05 2.61237255e-04
2.97608756e-01 1.69274268e-04 2.54305216e-04
2.98140253e-01 -2.92100561e-04 2.57394231e-04
2.98671745e-01 2.22524109e-04 2.52459492e-04
2.99203233e-01 7.70984880e-05 2.49679348e-04
2.99734715e-01 7.27195364e-05 2.49664050e-04
3.00266193e-01 3.60728327e-04 2.56566832e-04
3.00797666e-01 -2.01167476e-04 2.50445569e-04
3.01329134e-01 -2.14455661e-06 2.52208926e-04
3.01860597e-01 -1.80202336e-04 2.50887351e-04
3.02392056e-01 8.18976372e-05 2.50185428e-04
3.02923509e-01 -7.95665650e-05 2.44842249e-04
3.03454958e-01 -1.33559200e-04 2.49165241e-04
3.03986401e-01 2.38905361e-04 2.54079913e-04
3.04517840e-01 -3.80493671e-04 2.51068028e-04
3.05049274e-01 2.33934447e-04 2.49527708e-04
3.05580703e-01 -1.79517258e-05 2.46189443e-04
3.06112127e-01 -9.07067432e-05 2.47261213e-04
3.06643546e-01 9.44057862e-05 2.49488485e-04
3.07174960e-01 2.64238101e-05 2.49784147e-04
3.07706370e-01 4.98853112e-05 2.40720389e-04
3.08237774e-01 -2.22854090e-04 2.49203171e-04
3.08769173e-01 3.28658444e-04 2.43050806e-04
3.09300568e-01 2.44779696e-04 2.48880012e-04
3.09831957e-01 2.83721812e-04 2.49356598e-04
3.10363341e-01 2.07776056e-04 2.49509911e-04
3.10894721e-01 -2.22481502e-04 2.44575032e-04
3.11426095e-01 2.28348217e-04 2.42412462e-04
3.11957464e-01 3.15988359e-04 2.43765745e-04
3.12488829e-01 4.46278426e-04 2.49036428e-04
3.13020188e-01 2.22784876e-04 2.40191352e-04
3.13551542e-01 -1.67629363e-04 2.42871229e-04
3.14082891e-01 5.74187267e-04 2.41362605e-04
3.14614235e-01 1.76370757e-04 2.43345419e-04
3.15145574e-01 -2.79055933e-04 2.41033845e-04
3.15676908e-01 -3.28201315e-04 2.39592457e-04
3.16208237e-01 3.34349567e-04 2.38703419e-04
3.16739561e-01 3.01973259e-05 2.42829184e-04
3.17270880e-01 -1.59075338e-04 2.38284357e-04
3.17802193e-01 1.46230385e-04 2.38409669e-04
3.18333502e-01 -2.26350020e-05 2.39002072e-04
3.18864805e-01 2.97567757e-04 2.38811458e-04
3.19396103e-01 -1.42750010e-04 2.38796520e-04
3.19927396e-01 3.85685647e-04 2.40645375e-04
3.20458684e-01 2.50874615e-04 2.40280325e-04
3.20989967e-01 -3.00296838e-05 2.40861333e-04
3.21521244e-01 7.16986154e-05 2.34973700e-04
3.22052517e-01 -1.30869957e-04 2.32833231e-04
3.22583784e-01 2.69422138e-04 2.38847355e-04
3.23115046e-01 1.98547089e-04 2.35596621e-04
3.23646303e-01 -3.98709077e-04 2.34105538e-04
3.24177554e-01 -1.94088072e-04 2.36063117e-04
3.24708801e-01 -8.46021355e-06 2.37207132e-04
3.25240042e-01 -9.09273675e-05 2.31941460e-04
3.25771278e-01 -2.40697637e-04 2.30555493e-04
3.26302508e-01 3.00451465e-04 2.33624040e-04
3.26833734e-01 1.89728915e-04 2.31797553e-04
3.27364954e-01 2.29783324e-04 2.34786806e-04
3.27896169e-01 -2.82247131e-04 2.33267781e-04
3.28427378e-01 -1.48180552e-04 2.31196237e-04
3.28958583e-01 1.15818437e-04 2.31253429e-04
3.29489782e-01 -3.52289154e-04 2.34009006e-04
3.30020975e-01 -2.73076287e-04 2.32608523e-04
3.30552164e-01 2.63058851e-05 2.29574664e-04
3.31083347e-01 1.78782667e-04 2.32893073e-04
3.31614524e-01 4.15702549e-04 2.36101757e-04
3.32145697e-01 1.30547377e-04 2.30113944e-04
3.32676864e-01 -2.03894051e-04 2.29121669e-04
3.33208025e-01 -2.16766914e-04 2.31205229e-04
3.33739182e-01 2.34967139e-04 2.34014934e-04
3.34270333e-01 2.08775053e-05 2.27683376e-04
3.34801478e-01 1.66251548e-04 2.34270000e-04
3.35332618e-01 -1.02280784e-05 2.29928327e-04
3.35863753e-01 8.71740390e-05 2.29595903e-04
3.36394883e-01 6.61523202e-05 2.29699490e-04
3.36926007e-01 1.60231176e-05 2.28833411e-04
3.37457125e-01 -7.83835692e-05 2.30010756e-04
3.37988238e-01 2.40478593e-04 2.28106936e-04
3.38519346e-01 -2.87203832e-04 2.30440777e-04
3.39050448e-01 -1.58701942e-04 2.28478378e-04
3.39581545e-01 -2.47249283e-04 2.25768540e-04
3.40112636e-01 -4.22303399e-04 2.24120334e-04
3.40643722e-01 -1.26556871e-04 2.27389852e-04
3.41174802e-01 2.56801084e-04 2.29112316e-04
3.41705877e-01 -1.01957677e-04 2.22493505e-04
3.42236946e-01 -2.14725585e-05 2.26706241e-04
3.42768010e-01 1.72622964e-04 2.27264970e-04
3.43299068e-01 -3.21986190e-04 2.27058482e-04
3.43830121e-01 2.45950567e-04 2.25318437e-04
3.44361168e-01 3.16421671e-04 2.28006834e-04
3.44892210e-01 2.91204630e-05 2.24938836e-04
3.45423246e-01 2.58170850e-04 2.27175339e-04
3.45954277e-01 5.09820791e-04 2.28277394e-04
3.46485302e-01 2.41341614e-04 2.24802594e-04
3.47016321e-01 4.06334781e-04 2.21458515e-04
3.47547335e-01 -4.19890094e-05 2.25770613e-04
3.48078343e-01 -7.03060664e-05 2.26350872e-04
3.48609346e-01 8.89449944e-05 2.24311391e-04
3.49140343e-01 1.64969959e-04 2.23116827e-04
3.49671334e-01 4.49373868e-04 2.22540369e-04
3.50202320e-01 5.42991884e-05 2.21077743e-04
3.50733300e-01 1.12893225e-04 2.20940887e-04
3.51264275e-01 1.32223014e-05 2.25222666e-04
3.51795244e-01 9.94146256e-05 2.21990448e-04
3.52326207e-01 6.86608487e-05 2.17726815e-04
3.52857164e-01 -2.26409515e-04 2.17181439e-04
3.53388116e-01 9.11819334e-05 2.21019318e-04
3.53919062e-01 3.55854740e-04 2.23275656e-04
3.54450003e-01 2.47622579e-04 2.21144116e-04
3.54980938e-01 3.65123263e-04 2.23080675e-04
3.55511867e-01 -1.21457534e-04 2.20109777e-04
3.56042790e-01 -5.83447525e-05 2.19070878e-04
3.56573708e-01 2.67063568e-04 2.19722478e-04
3.57104620e-01 8.71379551e-05 2.15814890e-04
3.57635526e-01 7.04052698e-06 2.22273239e-04
3.58166426e-01 -1.80740286e-04 2.16372974e-04
3.58697321e-01 -1.01627888e-04 2.17926757e-04
3.59228210e-01 2.09987806e-04 2.19376387e-04
3.59759093e-01 1.42976807e-04 2.16665728e-04
3.60289970e-01 9.10019235e-06 2.12562103e-04
3.60820841e-01 1.10108956e-04 2.17009680e-04
3.61351707e-01 1.01847265e-04 2.11978116e-04
3.61882567e-01 -1.08994402e-04 2.13197095e-04
3.62413421e-01 1.21449713e-05 2.13382913e-04
3.62944269e-01 6.86682179e-05 2.19840488e-04
3.63475112e-01 2.38792593e-04 2.15213956e-04
3.64005948e-01 5.60094585e-05 2.15448834e-04
3.64536779e-01 2.45739769e-04 2.16913286e-04
3.65067604e-01 -3.92634492e-05 2.11353735e-04
3.65598423e-01 4.18608233e-05 2.15934206e-04
3.66129236e-01 -1.89731247e-04 2.13264582e-04
3.66660043e-01 1.31864950e-04 2.11821816e-04
3.67190844e-01 2.46758722e-04 2.11596268e-04
3.67721639e-01 2.52662219e-04 2.14530979e-04
3.68252429e-01 -7.37002663e-06 2.14983328e-04
3.68783212e-01 5.65224769e-04 2.14802490e-04
3.69313990e-01 2.72967745e-04 2.14082547e-04
3.69844762e-01 2.15103778e-04 2.13011041e-04
3.70375527e-01 5.30113004e-04 2.13215114e-04
3.70906287e-01 8.02278613e-05 2.12846861e-04
3.71437041e-01 1.25772151e-04 2.09958503e-04
3.71967789e-01 -2.83968824e-05 2.11149911e-04
3.72498531e-01 -1.34016656e-05 2.10091996e-04
3.73029266e-01 1.38616436e-04 2.11794828e-04
3.73559996e-01 9.36445876e-05 2.15351352e-04
3.74090720e-01 2.87785920e-04 2.10698150e-04
3.74621438e-01 -3.35115379e-04 2.13215970e-04
3.75152150e-01 -6.49690749e-05 2.15307597e-04
3.75682855e-01 5.62026626e-05 2.13250326e-04
3.76213555e-01 -5.60779156e-05 2.09968718e-04
3.76744249e-01 3.22264966e-04 2.13670517e-04
3.77274936e-01 1.71914657e-04 2.13082196e-04
3.77805618e-01 3.88899180e-04 2.12733387e-04
3.78336293e-01 7.49793170e-05 2.08469816e-04
3.78866963e-01 1.23605170e-05 2.08930242e-04
3.79397626e-01 -1.66239633e-04 2.06837998e-04
3.79928283e-01 1.26240810e-04 2.11587180e-04
3.80458934e-01 -5.91793179e-05 2.06463323e-04
3.80989579e-01 6.41591125e-06 2.14156548e-04
3.81520218e-01 3.01103883e-05 2.12598786e-04
3.82050851e-01 3.94406697e-04 2.12790450e-04
3.82581478e-01 3.18008096e-04 2.15837236e-04
3.83112098e-01 1.78674537e-06 2.11841617e-04
3.83642712e-01 1.10572064e-04 2.33172227e-04
3.84173320e-01 5.62506257e-04 2.39383495e-04
3.84703922e-01 2.04381960e-04 2.18375171e-04
3.85234518e-01 -2.42652683e-05 2.13509039e-04
3.85765108e-01 5.13634451e-04 2.16702329e-04
3.86295691e-01 6.63297064e-05 2.13199588e-04
3.86826268e-01 2.30415892e-04 2.15787031e-04
3.87356839e-01 2.40238908e-04 2.15384515e-04
3.87887404e-01 3.86721792e-04 2.17010560e-04
3.88417962e-01 2.56899728e-04 2.14726075e-04
3.88948514e-01 5.65259427e-04 2.11864362e-04
3.89479060e-01 -5.56602980e-06 2.10125842e-04
3.90009600e-01 -5.83245361e-05 2.12067435e-04
3.90540134e-01 -1.86970749e-04 2.07060742e-04
3.91070661e-01 -1.25270048e-04 2.08245263e-04
3.91601182e-01 1.10403471e-04 2.10581931e-04
3.92131696e-01 3.50527422e-04 2.13708640e-04
3.92662205e-01 2.29326984e-04 2.11023241e-04
3.93192707e-01 8.00107086e-05 2.11046442e-04
3.93723202e-01 -4.02966603e-05 2.14690091e-04
3.94253692e-01 1.33525673e-04 2.16846120e-04
3.94784175e-01 2.65972536e-06 2.17159025e-04
3.95314651e-01 -6.87452057e-06 2.18593059e-04
3.95845122e-01 2.33776841e-04 2.14421696e-04
3.96375585e-01 1.75228101e-04 2.17748952e-04
3.96906043e-01 -1.00065186e-04 2.13341307e-04
3.97436494e-01 3.91199662e-05 2.17857109e-04
3.97966939e-01 1.33034262e-04 2.13409601e-04
3.98497377e-01 1.67529908e-04 2.15689186e-04
3.99027809e-01 1.26669158e-04 2.09343588e-04
3.99558235e-01 -1.33718610e-04 2.17374934e-04
4.00088654e-01 -2.79842434e-04 2.15168379e-04
4.00619067e-01 -2.13640397e-04 2.13836200e-04
4.01149473e-01 1.01390696e-04 2.16777561e-04
4.01679873e-01 2.99081625e-04 2.22849326e-04
4.02210267e-01 2.24117555e-04 2.19592217e-04
4.02740654e-01 1.46846592e-06 2.20074606e-04
4.03271034e-01 2.31692601e-04 2.21702989e-04
4.03801408e-01 3.08494977e-04 2.18351631e-04
4.04331776e-01 -1.63430897e-04 2.23923762e-04
4.04862137e-01 -2.54491887e-05 2.29269068e-04
4.05392491e-01 4.03481003e-04 2.26748064e-04
4.05922839e-01 -2.04381944e-04 2.22001248e-04
4.06453181e-01 2.39032663e-05 2.26567672e-04
4.06983516e-01 -7.94818617e-05 2.28129602e-04
4.07513844e-01 -1.80923006e-06 2.26221341e-04
4.08044166e-01 1.23089260e-04 2.24050882e-04
4.08574481e-01 1.88084214e-04 2.28150579e-04
4.09104790e-01 8.55848471e-06 2.25057657e-04
4.09635092e-01 5.69768093e-05 2.27467783e-04
4.10165388e-01 3.17997860e-05 2.28664259e-04
4.10695677e-01 -8.94584653e-05 2.33296088e-04
4.11225960e-01 1.48747052e-04 2.51735182e-04
4.11756235e-01 4.42312001e-04 2.64340492e-04
4.12286505e-01 2.82396538e-04 2.81242910e-04
4.12816767e-01 1.67072158e-04 2.91481914e-04
4.13347023e-01 1.67063221e-04 2.99087698e-04
4.13877273e-01 -2.40573500e-04 3.17889948e-04
4.14407515e-01 1.13063417e-04 3.29013735e-04
4.14937751e-01 -3.49137172e-05 3.44533354e-04
4.15467981e-01 -1.74743072e-04 3.46906642e-04
4.15998203e-01 4.19387586e-05 3.50220294e-04
4.16528419e-01 6.59542030e-05 3.60050827e-04
4.17058629e-01 -3.27972898e-04 3.60270395e-04
4.17588831e-01 1.46000733e-04 3.74140302e-04
4.18119027e-01 3.95980974e-04 4.08327176e-04
4.18649217e-01 5.32850260e-04 5.08126770e-04
4.19179399e-01 7.97233180e-04 1.66008942e-03
