7.45980241e-03 1.80278819e-02 3.34450987e-02
7.99264482e-03 -2.54385758e-03 1.99798812e-02
8.52548709e-03 -8.51658913e-03 1.52064337e-02
9.05832923e-03 -1.57110371e-03 1.30105029e-02
9.59117122e-03 -7.91920151e-04 1.07447748e-02
1.01240131e-02 -4.00477260e-03 8.61869574e-03
1.06568547e-02 -1.09025944e-03 7.48299346e-03
1.11896962e-02 2.83132450e-03 5.75321559e-03
1.17225375e-02 -1.05330267e-03 4.43777950e-03
1.22553787e-02 -1.23553917e-03 3.38683495e-03
1.27882196e-02 1.76870402e-03 3.07846884e-03
1.33210603e-02 1.11292571e-03 2.53273862e-03
1.38539008e-02 -2.14381303e-03 2.30054586e-03
1.43867411e-02 -5.14716909e-04 2.19238186e-03
1.49195812e-02 5.59841235e-04 1.77000327e-03
1.54524210e-02 1.50025728e-03 1.72797180e-03
1.59852605e-02 -7.55603596e-04 1.58864256e-03
1.65180998e-02 -3.17963495e-03 1.47906250e-03
1.70509389e-02 1.32401118e-03 1.56902497e-03
1.75837776e-02 -1.40156589e-04 1.46444063e-03
1.81166161e-02 7.97556429e-04 1.31540932e-03
1.86494543e-02 1.41783915e-03 1.29139675e-03
1.91822922e-02 -3.35018577e-04 1.20317345e-03
1.97151297e-02 -1.30440869e-03 1.09560506e-03
2.02479670e-02 -3.73831684e-04 1.11714896e-03
2.07808039e-02 -1.31786654e-03 1.09293691e-03
2.13136405e-02 -2.19010910e-03 9.97241967e-04
2.18464767e-02 -2.02173382e-05 9.85129084e-04
2.23793126e-02 6.35728905e-04 1.08590069e-03
2.29121481e-02 -3.11722231e-04 9.58419755e-04
2.34449833e-02 2.02993892e-03 9.85286925e-04
2.39778181e-02 -1.24308157e-03 9.44228208e-04
2.45106524e-02 1.05172363e-04 9.12975184e-04
2.50434864e-02 -1.08757805e-03 9.37570575e-04
2.55763200e-02 -6.33505978e-04 9.42590010e-04
2.61091532e-02 -3.83476730e-04 9.83439909e-04
2.66419859e-02 -3.50578000e-04 8.96479831e-04
2.71748182e-02 -9.60408739e-04 9.20118141e-04
2.77076501e-02 -6.00970996e-04 8.84426576e-04
2.82404815e-02 -7.97802041e-05 9.13143920e-04
2.87733125e-02 1.76372620e-03 8.16511981e-04
2.93061430e-02 -9.79865109e-05 8.19822020e-04
2.98389731e-02 -1.35327101e-03 8.22874474e-04
3.03718026e-02 -4.22079444e-04 7.64368389e-04
3.09046317e-02 -1.00350658e-03 8.14581839e-04
3.14374602e-02 4.57513567e-04 7.68361091e-04
3.19702883e-02 1.15817881e-03 7.97921178e-04
3.25031158e-02 -3.04682541e-04 7.55025997e-04
3.30359428e-02 1.68799493e-04 8.15648117e-04
3.35687693e-02 4.85058479e-04 7.41353900e-04
3.41015952e-02 1.10765372e-05 7.70237313e-04
3.46344206e-02 -1.17999810e-03 7.01002655e-04
3.51672454e-02 9.30774270e-04 7.16295970e-04
3.57000696e-02 -1.45967620e-03 6.95423397e-04
3.62328933e-02 1.04866181e-04 7.34990395e-04
3.67657164e-02 -2.68948819e-04 7.56681321e-04
3.72985389e-02 9.21565812e-04 7.41238023e-04
3.78313608e-02 3.78751801e-04 7.17459156e-04
3.83641820e-02 -2.07904203e-04 6.84877659e-04
3.88970027e-02 -2.21934386e-04 7.28236055e-04
3.94298227e-02 2.41299183e-04 7.40404508e-04
3.99626421e-02 2.45633766e-04 7.11272698e-04
4.04954608e-02 -4.91138586e-04 6.97684780e-04
4.10282789e-02 -5.37002467e-04 6.99555675e-04
4.15610963e-02 -1.22191762e-04 6.85558437e-04
4.20939131e-02 1.49685617e-04 7.16845436e-04
4.26267291e-02 1.63736987e-04 7.21577408e-04
4.31595445e-02 -2.11704317e-04 6.69831604e-04
4.36923592e-02 -4.46161862e-04 6.94087726e-04
4.42251732e-02 -1.85115046e-04 6.83448724e-04
4.47579864e-02 1.41473495e-03 7.17422219e-04
4.52907989e-02 -1.81196709e-04 6.96377605e-04
4.58236107e-02 1.94958845e-04 6.79476305e-04
4.63564218e-02 9.39921891e-04 6.87177371e-04
4.68892321e-02 1.01115569e-03 7.20677197e-04
4.74220417e-02 1.33464007e-03 7.12611480e-04
4.79548504e-02 5.76375947e-04 6.78191140e-04
4.84876584e-02 1.72208806e-04 6.83338201e-04
4.90204657e-02 -6.47196344e-04 6.87781353e-04
4.95532721e-02 -8.58141128e-04 6.91979954e-04
5.00860777e-02 8.97907325e-05 6.81169413e-04
5.06188825e-02 1.94078816e-04 6.76516439e-04
5.11516865e-02 -2.24376318e-04 6.31770707e-04
5.16844897e-02 4.08000123e-04 6.57555715e-04
5.22172920e-02 3.73482458e-04 6.33907581e-04
5.27500935e-02 -2.02639499e-04 6.41964296e-04
5.32828941e-02 -2.78797747e-04 6.43760563e-04
5.38156939e-02 -4.80715380e-04 6.09637255e-04
5.43484928e-02 -2.50155345e-04 6.31737483e-04
5.48812908e-02 3.03643463e-04 6.23006427e-04
5.54140880e-02 -2.28117717e-04 6.31730815e-04
5.59468842e-02 3.12728454e-04 6.02466870e-04
5.64796795e-02 -2.72801776e-05 6.03587828e-04
5.70124739e-02 -1.78669047e-04 5.79997598e-04
5.75452674e-02 8.74860724e-04 6.40257752e-04
5.80780600e-02 2.31467345e-04 6.23179013e-04
5.86108516e-02 -7.85741667e-06 5.88855411e-04
5.91436423e-02 1.00681741e-03 6.19470215e-04
5.96764320e-02 2.67998706e-04 5.73276930e-04
6.02092208e-02 1.22729630e-04 5.68973312e-04
6.07420086e-02 -8.84761227e-04 5.74304045e-04
6.12747953e-02 -4.16123913e-04 5.90938418e-04
6.18075812e-02 1.41104849e-04 5.58919291e-04
6.23403660e-02 3.41685608e-04 5.76187814e-04
6.28731498e-02 -1.05017114e-03 5.84222745e-04
6.34059325e-02 3.58820041e-05 5.61342002e-04
6.39387143e-02 1.38724132e-03 5.81071776e-04
6.44714950e-02 4.99423360e-04 5.69749941e-04
6.50042747e-02 1.05526856e-05 5.77646426e-04
6.55370533e-02 -1.17208565e-04 5.83844051e-04
6.60698309e-02 -1.05510137e-03 5.64766114e-04
6.66026074e-02 5.16682670e-04 6.00946251e-04
6.71353828e-02 4.91893746e-04 5.92784067e-04
6.76681571e-02 4.45925188e-04 5.65889635e-04
6.82009304e-02 -6.87363147e-04 5.88229494e-04
6.87337025e-02 -1.64921872e-04 6.05616514e-04
6.92664735e-02 -1.40413191e-04 5.67661065e-04
6.97992434e-02 -6.50918698e-04 5.76704809e-04
7.03320122e-02 1.48750171e-04 5.94473381e-04
7.08647798e-02 -2.81538269e-04 5.69915505e-04
7.13975463e-02 -2.93600362e-04 5.87837236e-04
7.19303116e-02 1.31110898e-03 5.97902366e-04
7.24630758e-02 -2.78546522e-04 5.53230120e-04
7.29958388e-02 -5.78334691e-04 5.46839679e-04
7.35286006e-02 -2.85577470e-06 5.54990213e-04
7.40613612e-02 2.40817611e-04 5.38016467e-04
7.45941207e-02 -6.45842854e-04 5.16468385e-04
7.51268789e-02 -8.78681461e-04 5.46673672e-04
7.56596359e-02 2.91333911e-04 5.42569257e-04
7.61923917e-02 -8.81090716e-04 5.30588722e-04
7.67251462e-02 -1.08931426e-04 5.43435663e-04
7.72578995e-02 -3.32302142e-04 5.35828579e-04
7.77906516e-02 -2.81593652e-04 5.39313725e-04
7.83234024e-02 -5.44974914e-04 4.98343516e-04
7.88561519e-02 -1.21998395e-04 5.31644135e-04
7.93889002e-02 3.58775404e-04 5.22522965e-04
7.99216472e-02 6.17548017e-04 5.17987436e-04
8.04543928e-02 -3.32719716e-04 5.19881507e-04
8.09871372e-02 5.09225547e-04 5.03206961e-04
8.15198803e-02 -1.13379970e-04 5.05798395e-04
8.20526220e-02 1.41842369e-05 5.04512857e-04
8.25853624e-02 -9.17332987e-05 5.16505344e-04
8.31181015e-02 -9.36959412e-04 4.99995265e-04
8.36508393e-02 -2.56315975e-04 5.08432748e-04
8.41835757e-02 -2.59916682e-04 5.11472811e-04
8.47163107e-02 -7.60751834e-04 4.80928521e-04
8.52490443e-02 -4.60301824e-04 5.00650665e-04
8.57817766e-02 -8.25728305e-04 4.95163890e-04
8.63145075e-02 3.34995222e-04 4.90027878e-04
8.68472370e-02 1.31686251e-04 4.74533921e-04
8.73799651e-02 -1.12323784e-03 4.86551883e-04
8.79126918e-02 -7.67398658e-04 4.63047974e-04
8.84454170e-02 -1.45523394e-04 4.78451078e-04
8.89781408e-02 -2.80668481e-04 4.88407203e-04
8.95108632e-02 3.35219772e-04 4.55630241e-04
9.00435842e-02 -3.36045164e-04 4.83013070e-04
9.05763036e-02 2.61567263e-04 4.70861513e-04
9.11090217e-02 -6.65087373e-04 4.77956726e-04
9.16417382e-02 -4.51601851e-05 4.66087530e-04
9.21744532e-02 -5.81473788e-04 4.71674337e-04
9.27071668e-02 4.61141463e-05 4.77012687e-04
9.32398789e-02 7.07377954e-04 4.64469425e-04
9.37725894e-02 -8.57594675e-05 4.49464962e-04
9.43052985e-02 -3.35129332e-04 4.59209207e-04
9.48380060e-02 8.33717805e-04 4.77921580e-04
9.53707120e-02 2.92213946e-04 4.68941875e-04
9.59034164e-02 6.13823284e-04 4.71093048e-04
9.64361193e-02 -2.23517850e-04 4.56332436e-04
9.69688206e-02 3.79017877e-04 4.49612196e-04
9.75015204e-02 2.30030379e-04 4.48533252e-04
9.80342186e-02 2.89263046e-04 4.43576743e-04
9.85669152e-02 1.86977787e-04 4.51083612e-04
9.90996102e-02 3.17823596e-04 4.36066823e-04
9.96323036e-02 9.47479280e-05 4.46724488e-04
1.00164995e-01 3.76666706e-04 4.37072448e-04
1.00697686e-01 -4.52188524e-05 4.42868311e-04
1.01230374e-01 -1.72264392e-04 4.29345629e-04
1.01763061e-01 5.82229699e-05 4.41151857e-04
1.02295746e-01 -1.10333225e-04 4.29621506e-04
1.02828430e-01 -3.59237202e-05 4.45972130e-04
1.03361112e-01 3.31326104e-04 4.38845804e-04
1.03893792e-01 -4.63041897e-05 4.49036617e-04
1.04426471e-01 9.06680478e-05 4.34001945e-04
1.04959148e-01 -4.93758852e-04 4.34270357e-04
1.05491823e-01 9.12399075e-05 4.17156698e-04
1.06024496e-01 5.32734197e-04 4.30181221e-04
1.06557168e-01 -1.78670769e-04 4.36699975e-04
1.07089838e-01 1.02764417e-04 4.28893221e-04
1.07622506e-01 9.78754161e-05 4.31518749e-04
1.08155173e-01 -6.35900411e-04 4.17713702e-04
1.08687838e-01 -1.73290152e-04 4.15818187e-04
1.09220501e-01 3.71652532e-04 4.34718987e-04
1.09753162e-01 7.14030154e-04 4.17438366e-04
1.10285822e-01 -2.07709115e-05 4.25937119e-04
1.10818479e-01 -3.50617974e-04 4.19551389e-04
1.11351135e-01 2.78425261e-04 4.21456056e-04
1.11883790e-01 3.95125969e-06 4.16994511e-04
1.12416442e-01 1.00670132e-03 4.33771382e-04
1.12949092e-01 8.42351871e-04 4.25553532e-04
1.13481741e-01 3.01871758e-04 4.11861738e-04
1.14014388e-01 -2.70638421e-05 4.17472233e-04
1.14547033e-01 2.52897658e-04 3.94830261e-04
1.15079676e-01 5.97545045e-04 4.20485746e-04
1.15612318e-01 4.65903282e-04 4.13004550e-04
1.16144957e-01 2.04803482e-04 4.11170485e-04
1.16677595e-01 2.52803717e-04 3.99728261e-04
1.17210230e-01 1.41256233e-04 4.01056150e-04
1.17742864e-01 4.43509437e-04 4.07750143e-04
1.18275496e-01 -8.24132352e-04 4.08986186e-04
1.18808126e-01 -8.17552760e-04 4.07832732e-04
1.19340754e-01 7.56054907e-04 4.12422872e-04
1.19873380e-01 -2.56815233e-04 3.96019524e-04
1.20406004e-01 1.41014480e-04 4.03239984e-04
1.20938626e-01 -1.17614020e-05 3.99771058e-04
1.21471247e-01 -6.88775389e-05 4.00016492e-04
1.22003865e-01 7.95234896e-04 3.98322142e-04
1.22536481e-01 6.30568978e-04 4.12499560e-04
1.23069096e-01 1.53880481e-04 3.88236793e-04
1.23601708e-01 -7.06569179e-04 3.97233113e-04
1.24134318e-01 -5.26027772e-04 3.78980583e-04
1.24666927e-01 2.46157526e-04 3.89918237e-04
1.25199533e-01 -2.83259384e-05 3.98759282e-04
1.25732137e-01 8.56244639e-05 3.91761685e-04
1.26264740e-01 -3.73204683e-04 3.97665002e-04
1.26797340e-01 -8.36109300e-06 3.84830895e-04
1.27329938e-01 3.86446686e-04 3.85179583e-04
1.27862534e-01 -2.43515363e-05 3.80502502e-04
1.28395128e-01 1.95935154e-04 3.88629506e-04
1.28927720e-01 2.97368473e-04 3.94865364e-04
1.29460310e-01 2.12750159e-04 4.00439146e-04
1.29992898e-01 -6.21312613e-04 3.92551038e-04
1.30525484e-01 4.78767907e-04 3.91273196e-04
1.31058067e-01 -2.70498720e-05 3.92898268e-04
1.31590649e-01 4.09840159e-04 3.96722611e-04
1.32123228e-01 -3.27133405e-04 3.96509637e-04
1.32655805e-01 6.34550363e-04 3.87667631e-04
1.33188380e-01 -3.93388005e-04 3.97948247e-04
1.33720953e-01 3.83858925e-04 4.03558466e-04
1.34253524e-01 -2.18156377e-04 3.95365441e-04
1.34786093e-01 2.28808594e-04 3.94574857e-04
1.35318659e-01 4.82491710e-04 3.90812480e-04
1.35851223e-01 -3.12154291e-04 3.84370993e-04
1.36383785e-01 -5.68689605e-04 3.76341259e-04
1.36916345e-01 -4.24858798e-05 3.77642003e-04
1.37448903e-01 -4.82265270e-04 3.76470907e-04
1.37981458e-01 -2.76108227e-04 3.73081992e-04
1.38514011e-01 1.58754304e-06 3.73582311e-04
1.39046562e-01 4.13298458e-04 3.78906322e-04
1.39579111e-01 -3.24959098e-04 3.76521553e-04
1.40111657e-01 9.29656187e-05 3.74637841e-04
1.40644201e-01 -2.73041130e-05 3.73782837e-04
1.41176743e-01 -3.62157489e-04 3.65989984e-04
1.41709283e-01 4.74114258e-04 3.65986541e-04
1.42241820e-01 -2.92725726e-04 3.70438033e-04
1.42774355e-01 -1.29925994e-04 3.62292181e-04
1.43306888e-01 5.12823605e-04 3.78177670e-04
1.43839418e-01 -1.49702213e-04 3.68994268e-04
1.44371946e-01 -2.94875898e-04 3.62539804e-04
1.44904472e-01 -7.35147787e-05 3.70868042e-04
1.45436995e-01 -3.64948327e-04 3.52806972e-04
1.45969516e-01 5.90500045e-05 3.70334493e-04
1.46502035e-01 1.56807119e-04 3.70580436e-04
1.47034551e-01 -1.88944211e-04 3.64263856e-04
1.47567065e-01 -2.68491480e-04 3.53257428e-04
1.48099577e-01 3.04831921e-07 3.58596994e-04
1.48632086e-01 6.63946485e-05 3.66885138e-04
1.49164593e-01 1.61775198e-04 3.47789242e-04
1.49697097e-01 -4.27048542e-04 3.56582706e-04
1.50229599e-01 1.38408058e-04 3.64038877e-04
1.50762098e-01 6.89692469e-05 3.60586997e-04
1.51294595e-01 1.31727682e-04 3.58895631e-04
1.51827090e-01 8.74642974e-05 3.66201838e-04
1.52359582e-01 -1.68625809e-04 3.58221564e-04
1.52892072e-01 2.94060734e-04 3.56401096e-04
1.53424559e-01 3.62386746e-04 3.55799849e-04
1.53957044e-01 3.59909034e-04 3.60250537e-04
1.54489526e-01 2.38043080e-04 3.62616881e-04
1.55022006e-01 1.33533378e-04 3.64257926e-04
1.55554483e-01 -4.60044427e-04 3.53464921e-04
1.56086958e-01 3.82581212e-04 3.52747498e-04
1.56619430e-01 8.55340691e-05 3.57295655e-04
1.57151899e-01 4.28786180e-04 3.74116657e-04
1.57684366e-01 5.11630471e-05 3.67422730e-04
1.58216831e-01 4.75346088e-04 3.53514293e-04
1.58749293e-01 3.68715212e-04 3.56198485e-04
1.59281752e-01 -6.87397942e-05 3.72137283e-04
1.59814209e-01 3.03762007e-04 3.57216574e-04
1.60346664e-01 5.71306581e-04 3.68716678e-04
1.60879115e-01 6.99870689e-05 3.58316563e-04
1.61411564e-01 8.23537421e-05 3.56014706e-04
1.61944011e-01 2.36155559e-04 3.62676553e-04
1.62476455e-01 -4.25414838e-04 3.56160024e-04
1.63008896e-01 1.74968402e-04 3.56327219e-04
1.63541335e-01 -1.44371939e-04 3.53251181e-04
1.64073771e-01 1.91046907e-05 3.50307455e-04
1.64606204e-01 4.53868814e-04 3.58853930e-04
1.65138635e-01 -1.47607116e-04 3.57445292e-04
1.65671063e-01 -4.68205361e-04 3.48404000e-04
1.66203488e-01 -5.37872526e-05 3.37915014e-04
1.66735910e-01 5.47351204e-05 3.40065618e-04
1.67268330e-01 -1.38246721e-04 3.43353715e-04
1.67800748e-01 1.42937586e-04 3.55413160e-04
1.68333162e-01 -2.51056632e-04 3.39377117e-04
1.68865574e-01 3.51743712e-05 3.49678233e-04
1.69397983e-01 5.79653355e-04 3.41937238e-04
1.69930389e-01 4.84097754e-04 3.44154692e-04
1.70462793e-01 5.92506196e-04 3.40573554e-04
1.70995194e-01 -3.95789135e-04 3.32429389e-04
1.71527592e-01 -6.47263099e-05 3.37725549e-04
1.72059987e-01 1.87272467e-04 3.31684216e-04
1.72592380e-01 3.74778835e-04 3.32167761e-04
1.73124769e-01 1.40494590e-04 3.29630720e-04
1.73657156e-01 -4.31991626e-04 3.33008814e-04
1.74189540e-01 2.22903296e-04 3.36366033e-04
1.74721922e-01 4.73488538e-04 3.31277027e-04
1.75254300e-01 -1.70531805e-04 3.25978536e-04
1.75786676e-01 6.55908308e-04 3.29791213e-04
1.76319049e-01 1.62173916e-05 3.37527032e-04
1.76851418e-01 -2.07953602e-04 3.35162834e-04
1.77383786e-01 -7.12575192e-05 3.32899478e-04
1.77916150e-01 1.71319557e-04 3.39909058e-04
1.78448511e-01 1.40435628e-05 3.40235797e-04
1.78980870e-01 4.24626392e-04 3.36823474e-04
1.79513225e-01 3.79464619e-04 3.50127484e-04
1.80045578e-01 -1.36443449e-04 3.42973387e-04
1.80577928e-01 -1.34207706e-04 3.27756930e-04
1.81110275e-01 7.25368165e-05 3.37310458e-04
1.81642618e-01 -5.18024041e-04 3.37271753e-04
1.82174959e-01 -3.57362683e-05 3.35095905e-04
1.82707297e-01 6.29207123e-04 3.41655893e-04
1.83239633e-01 -3.27091578e-04 3.41361513e-04
1.83771965e-01 3.56925479e-04 3.38659560e-04
1.84304294e-01 7.20154567e-04 3.35698132e-04
1.84836620e-01 -1.76577805e-04 3.34232431e-04
1.85368943e-01 2.09936773e-04 3.33935188e-04
1.85901263e-01 -2.36012070e-04 3.36941366e-04
1.86433581e-01 -5.03059414e-05 3.25494608e-04
1.86965895e-01 3.09136942e-04 3.30168644e-04
1.87498206e-01 3.97526549e-05 3.43674327e-04
1.88030514e-01 1.23532928e-04 3.26186750e-04
1.88562819e-01 2.25060461e-04 3.29479670e-04
1.89095121e-01 -1.52201645e-05 3.28528359e-04
1.89627420e-01 -2.03429055e-05 3.30003710e-04
1.90159716e-01 -2.00031463e-04 3.26771419e-04
1.90692009e-01 -3.59462370e-04 3.16459492e-04
1.91224299e-01 -1.10808344e-04 3.18401484e-04
1.91756586e-01 1.50785444e-04 3.20047492e-04
1.92288869e-01 -6.79717160e-05 3.26324350e-04
1.92821150e-01 -7.82654768e-06 3.22851023e-04
1.93353427e-01 -4.46986005e-04 3.14622887e-04
1.93885701e-01 1.44725414e-04 3.16473095e-04
1.94417972e-01 3.83147093e-04 3.16489053e-04
1.94950240e-01 2.22713493e-04 3.18744777e-04
1.95482505e-01 4.39259655e-04 3.11014388e-04
1.96014767e-01 2.43339726e-04 3.15679518e-04
1.96547025e-01 2.85271559e-04 3.12971034e-04
1.97079281e-01 -2.67817349e-04 3.08797186e-04
1.97611533e-01 -1.79944783e-04 3.08480095e-04
1.98143782e-01 -2.97753125e-04 3.07196979e-04
1.98676028e-01 -2.47584466e-04 3.15082652e-04
1.99208270e-01 3.12843892e-06 3.15723923e-04
1.99740510e-01 2.80455129e-05 3.04170966e-04
2.00272746e-01 5.14353095e-04 3.10978119e-04
2.00804978e-01 -1.15525904e-04 3.08984698e-04
2.01337208e-01 2.17680790e-04 3.07995598e-04
2.01869434e-01 5.22791004e-04 3.03167200e-04
2.02401658e-01 -8.16475010e-05 3.06092946e-04
2.02933877e-01 -2.21527103e-04 3.08807489e-04
2.03466094e-01 5.03469974e-04 3.04651604e-04
2.03998307e-01 2.75140643e-04 2.99681332e-04
2.04530517e-01 -4.65097144e-04 3.05101971e-04
2.05062724e-01 2.51779635e-04 2.97919637e-04
2.05594927e-01 3.72200514e-05 3.08502981e-04
2.06127127e-01 1.97412302e-04 3.02082825e-04
2.06659324e-01 -4.07618260e-05 3.11293094e-04
2.07191517e-01 -4.79402545e-04 2.94189716e-04
2.07723707e-01 1.00015035e-04 2.96292336e-04
2.08255894e-01 2.71797398e-04 3.03563009e-04
2.08788077e-01 3.45450614e-04 3.00355383e-04
2.09320257e-01 -2.27545791e-04 2.90763846e-04
2.09852434e-01 -1.41845041e-04 2.98947758e-04
2.10384607e-01 -1.50468382e-04 3.02067642e-04
2.10916777e-01 1.52714170e-04 2.99063621e-04
2.11448943e-01 4.52744652e-04 2.99976179e-04
2.11981106e-01 -9.82109832e-05 3.02273849e-04
2.12513266e-01 -4.03446523e-04 2.92494717e-04
2.13045422e-01 8.13007461e-05 2.89649696e-04
2.13577575e-01 2.80082872e-05 2.96723980e-04
2.14109724e-01 3.03566437e-04 2.90578748e-04
2.14641870e-01 1.84273955e-04 2.96691839e-04
2.15174012e-01 -8.04061651e-05 2.88574958e-04
2.15706151e-01 2.69895379e-05 2.95782515e-04
2.16238286e-01 1.85998032e-04 2.99462177e-04
2.16770418e-01 -4.53445199e-05 2.96058170e-04
2.17302546e-01 1.17893559e-04 2.96083202e-04
2.17834671e-01 2.35785642e-04 2.91500811e-04
2.18366792e-01 7.94778481e-04 2.94533574e-04
2.18898910e-01 6.62114206e-04 2.91443384e-04
2.19431024e-01 -4.26966814e-04 2.89172962e-04
2.19963135e-01 3.25724495e-04 2.93574452e-04
2.20495242e-01 -1.69335227e-04 2.88213452e-04
2.21027346e-01 -1.86138471e-04 2.83947081e-04
2.21559446e-01 7.08164236e-07 2.85844042e-04
2.22091542e-01 1.43181036e-04 2.85489089e-04
2.22623635e-01 -1.20634342e-04 2.81855986e-04
2.23155724e-01 -2.07361380e-04 2.84681661e-04
2.23687810e-01 -4.39890946e-04 2.83888047e-04
2.24219892e-01 -3.14666015e-04 2.78846033e-04
2.24751971e-01 1.95536928e-04 2.83382505e-04
2.25284045e-01 6.52081527e-05 2.83590971e-04
2.25816117e-01 3.18288218e-04 2.85653570e-04
2.26348184e-01 -2.04870936e-04 2.82907369e-04
2.26880248e-01 -2.96591175e-04 2.78040151e-04
2.27412308e-01 -2.83376947e-04 2.91103163e-04
2.27944365e-01 5.49045285e-04 2.82972202e-04
2.28476418e-01 4.62147735e-04 2.84207989e-04
2.29008467e-01 -4.57993599e-04 2.77399399e-04
2.29540512e-01 1.34851452e-04 2.75796105e-04
2.30072554e-01 -5.09982741e-04 2.78442831e-04
2.30604592e-01 3.00037604e-05 2.76926962e-04
2.31136626e-01 5.32681497e-04 2.81369269e-04
2.31668657e-01 -1.64181603e-04 2.74414192e-04
2.32200684e-01 -8.12816167e-06 2.77242130e-04
2.32732707e-01 -1.55560313e-04 2.76740455e-04
2.33264726e-01 1.01618342e-04 2.84705222e-04
2.33796742e-01 3.39606308e-04 2.75417030e-04
2.34328754e-01 -7.61690241e-04 2.75619618e-04
2.34860762e-01 -1.74123725e-04 2.76449916e-04
2.35392766e-01 2.96856286e-04 2.76650403e-04
2.35924766e-01 5.03391536e-04 2.71151052e-04
2.36456763e-01 9.20309753e-05 2.72018313e-04
2.36988756e-01 -2.61244911e-04 2.75733625e-04
2.37520745e-01 3.46625688e-04 2.72839560e-04
2.38052730e-01 1.96972272e-04 2.71330646e-04
2.38584711e-01 -3.07086072e-04 2.80174628e-04
2.39116689e-01 3.24358376e-04 2.76013321e-04
2.39648662e-01 1.13945666e-04 2.75979655e-04
2.40180632e-01 -2.09407352e-04 2.72913740e-04
2.40712598e-01 5.46711575e-05 2.76527869e-04
2.41244560e-01 -3.24681254e-05 2.67855186e-04
2.41776518e-01 1.29718030e-05 2.71252051e-04
2.42308472e-01 8.88182976e-05 2.66525588e-04
2.42840423e-01 -1.29825981e-04 2.66743895e-04
2.43372369e-01 -6.16253379e-04 2.64733750e-04
2.43904311e-01 4.02527785e-04 2.69864260e-04
2.44436250e-01 2.94320423e-04 2.66749297e-04
2.44968184e-01 -3.28758334e-04 2.61953622e-04
2.45500115e-01 -2.30195966e-04 2.62244025e-04
2.46032042e-01 -8.14473507e-05 2.62825408e-04
2.46563964e-01 2.40255544e-04 2.65909253e-04
2.47095883e-01 2.55828999e-04 2.66237689e-04
2.47627798e-01 -1.62590049e-04 2.64636356e-04
2.48159708e-01 2.93620506e-04 2.69386587e-04
2.48691615e-01 2.37839496e-04 2.68120769e-04
2.49223518e-01 1.08759637e-04 2.67140546e-04
2.49755416e-01 1.61570403e-04 2.66848017e-04
2.50287311e-01 -1.17956063e-04 2.66175575e-04
2.50819201e-01 -1.29917084e-04 2.65477044e-04
2.51351088e-01 -5.86670558e-05 2.64875709e-04
2.51882971e-01 -2.68948720e-04 2.62890244e-04
2.52414849e-01 -8.56132135e-05 2.68862398e-04
2.52946723e-01 5.65726424e-04 2.66225435e-04
2.53478594e-01 3.50453494e-04 2.68315815e-04
2.54010460e-01 -6.52463346e-05 2.62018100e-04
2.54542322e-01 8.37752694e-05 2.62247706e-04
2.55074180e-01 8.17718025e-05 2.64078492e-04
2.55606034e-01 -2.69474830e-05 2.64366661e-04
2.56137883e-01 7.78508738e-05 2.59151892e-04
2.56669729e-01 -7.09589145e-04 2.62031946e-04
2.57201570e-01 4.35886657e-04 2.60229016e-04
2.57733408e-01 -2.60820423e-05 2.58300790e-04
2.58265241e-01 -9.25970044e-05 2.60512153e-04
2.58797070e-01 1.62545352e-04 2.59042119e-04
2.59328895e-01 7.03790082e-06 2.59373937e-04
2.59860715e-01 5.40836423e-04 2.62507101e-04
2.60392532e-01 1.28990092e-04 2.58743364e-04
2.60924344e-01 -1.19193542e-04 2.56126416e-04
2.61456152e-01 1.01845168e-05 2.63173071e-04
2.61987956e-01 1.34865751e-04 2.58736882e-04
2.62519755e-01 -1.58191165e-04 2.56526218e-04
2.63051551e-01 -5.62807811e-04 2.54583627e-04
2.63583342e-01 -1.22168023e-04 2.58299594e-04
2.64115129e-01 3.77237741e-05 2.56106820e-04
2.64646911e-01 -1.82705238e-04 2.52615255e-04
2.65178690e-01 -3.48216022e-04 2.53693960e-04
2.65710464e-01 2.14824755e-04 2.54183057e-04
2.66242233e-01 -1.26887741e-04 2.47878689e-04
2.66773999e-01 -7.75027480e-05 2.58275760e-04
2.67305760e-01 4.34728273e-04 2.61459465e-04
2.67837517e-01 6.26610627e-05 2.60657679e-04
2.68369269e-01 -1.14227761e-04 2.56223902e-04
2.68901018e-01 6.26621348e-05 2.60140548e-04
2.69432761e-01 2.97040626e-04 2.53570892e-04
2.69964501e-01 -4.49980887e-04 2.58481288e-04
2.70496236e-01 2.89410457e-04 2.57848323e-04
2.71027967e-01 -3.47924444e-05 2.61351300e-04
2.71559693e-01 5.33398869e-05 2.60584579e-04
2.72091415e-01 2.26809201e-04 2.62290442e-04
2.72623133e-01 -1.27150983e-04 2.58015054e-04
2.73154846e-01 3.31046167e-04 2.59352325e-04
2.73686555e-01 -1.64306818e-04 2.59109500e-04
2.74218260e-01 -5.31731088e-05 2.61285037e-04
2.74749960e-01 -4.13628552e-05 2.60463453e-04
2.75281655e-01 -1.04445507e-03 2.55471386e-04
2.75813346e-01 4.34165415e-05 2.60648223e-04
2.76345033e-01 2.81630281e-06 2.59532578e-04
2.76876715e-01 1.68352138e-04 2.57749972e-04
2.77408393e-01 -2.17694861e-04 2.54274993e-04
2.77940066e-01 -5.54416070e-05 2.50126058e-04
2.78471735e-01 -1.25248878e-04 2.61730307e-04
2.79003400e-01 8.89004200e-05 2.48284709e-04
2.79535059e-01 4.81206675e-04 2.54216254e-04
2.80066715e-01 2.74061324e-04 2.54305298e-04
2.80598366e-01 -2.50842676e-04 2.51271863e-04
2.81130012e-01 -1.64006573e-04 2.50366784e-04
2.81661654e-01 -5.66725613e-04 2.52240428e-04
2.82193291e-01 -2.27949892e-04 2.50160201e-04
2.82724923e-01 -5.64008548e-04 2.50122437e-04
2.83256552e-01 5.47646974e-05 2.49473761e-04
2.83788175e-01 -5.05133862e-05 2.44977627e-04
2.84319794e-01 1.12916159e-04 2.46604618e-04
2.84851408e-01 6.87593147e-05 2.51834768e-04
2.85383018e-01 -1.29408119e-04 2.47945681e-04
2.85914623e-01 -1.10703362e-04 2.41738689e-04
2.86446224e-01 1.59020031e-05 2.46085360e-04
2.86977820e-01 -2.41327156e-04 2.46601838e-04
2.87509411e-01 1.89296783e-04 2.44774544e-04
2.88040998e-01 1.86179848e-05 2.42395884e-04
2.88572580e-01 3.12846388e-05 2.50281339e-04
2.89104157e-01 1.68022303e-04 2.48538238e-04
2.89635730e-01 -8.73618793e-05 2.48197491e-04
2.90167298e-01 8.23595342e-05 2.44653767e-04
2.90698862e-01 1.66898885e-04 2.49533635e-04
2.91230420e-01 1.43119150e-06 2.47862493e-04
2.91761974e-01 6.62842418e-04 2.52650878e-04
2.92293524e-01 2.11564282e-04 2.50063900e-04
2.92825068e-01 2.23781088e-04 2.54958058e-04
2.93356608e-01 3.31775701e-04 2.54393267e-04
2.93888143e-01 5.84108962e-05 2.50380157e-04
2.94419674e-01 -1.54803242e-04 2.53919792e-04
2.94951199e-01 7.71547546e-05 2.46250550e-04
2.95482720e-01 1.84243159e-04 2.49849662e-04
2.96014236e-01 2.40410427e-04 2.48768822e-04
2.96545748e-01 2.79499263e-04 2.46708877e-04
2.97077254e-01 1.55674843e-04 2.50261150e-04
2.97608756e-01 1.65818475e-04 2.42772274e-04
2.98140253e-01 7.55654196e-05 2.49115342e-04
2.98671745e-01 -4.60383159e-05 2.42155872e-04
2.99203233e-01 4.61940709e-05 2.44047573e-04
2.99734715e-01 6.71022727e-05 2.42572812e-04
3.00266193e-01 4.42713022e-04 2.42479122e-04
3.00797666e-01 8.88712721e-05 2.40782227e-04
3.01329134e-01 2.02205811e-04 2.36844974e-04
3.01860597e-01 -6.48579560e-05 2.39259350e-04
3.02392056e-01 -1.25460156e-04 2.38870513e-04
3.02923509e-01 5.21427625e-05 2.39059828e-04
3.03454958e-01 -2.70825534e-04 2.42840360e-04
3.03986401e-01 -1.76998754e-04 2.33819897e-04
3.04517840e-01 4.95327226e-04 2.40567202e-04
3.05049274e-01 -3.81192374e-04 2.36726934e-04
3.05580703e-01 2.18139914e-04 2.33061418e-04
3.06112127e-01 2.03911342e-04 2.40032901e-04
3.06643546e-01 -2.10304932e-04 2.36193122e-04
3.07174960e-01 -8.70045232e-05 2.36436687e-04
3.07706370e-01 -2.88553230e-04 2.30219087e-04
3.08237774e-01 -2.87424975e-05 2.30168433e-04
3.08769173e-01 2.38342252e-04 2.38660098e-04
3.09300568e-01 -1.02478140e-04 2.34540552e-04
3.09831957e-01 2.42749619e-04 2.37024354e-04
3.10363341e-01 -3.97892117e-06 2.31439063e-04
3.10894721e-01 3.87888966e-06 2.31269640e-04
3.11426095e-01 -8.40131495e-05 2.30941790e-04
3.11957464e-01 -1.50764544e-04 2.27811902e-04
3.12488829e-01 2.46308999e-05 2.32394271e-04
3.13020188e-01 4.00878281e-04 2.31903639e-04
3.13551542e-01 4.98008616e-05 2.32928348e-04
3.14082891e-01 3.65618863e-04 2.32680586e-04
3.14614235e-01 -1.90200642e-04 2.36334056e-04
3.15145574e-01 3.19656955e-06 2.33055777e-04
3.15676908e-01 6.51883019e-06 2.34983727e-04
3.16208237e-01 1.05696717e-04 2.35755000e-04
3.16739561e-01 1.60441100e-04 2.34823084e-04
3.17270880e-01 -5.68772660e-05 2.25855425e-04
3.17802193e-01 3.18360056e-04 2.30025268e-04
3.18333502e-01 2.33897628e-04 2.29350291e-04
3.18864805e-01 2.23428509e-05 2.28664325e-04
3.19396103e-01 -3.08727325e-04 2.32971764e-04
3.19927396e-01 9.07721386e-06 2.29555706e-04
3.20458684e-01 -4.11342430e-05 2.26202312e-04
3.20989967e-01 -7.88916533e-05 2.29966630e-04
3.21521244e-01 1.45556026e-05 2.33573421e-04
3.22052517e-01 2.90971083e-04 2.27843426e-04
3.22583784e-01 -6.21404739e-05 2.24826790e-04
3.23115046e-01 7.77898085e-05 2.27424188e-04
3.23646303e-01 -2.17753517e-04 2.22953097e-04
3.24177554e-01 2.43283737e-05 2.27072207e-04
3.24708801e-01 3.11549082e-04 2.24319242e-04
3.25240042e-01 1.79960998e-04 2.26286863e-04
3.25771278e-01 9.74838110e-05 2.22552914e-04
3.26302508e-01 1.37767254e-04 2.26460503e-04
3.26833734e-01 3.54721585e-04 2.26119721e-04
3.27364954e-01 1.20323555e-04 2.24689217e-04
3.27896169e-01 5.61685527e-05 2.23773968e-04
3.28427378e-01 -1.75425709e-04 2.27090910e-04
3.28958583e-01 4.98932520e-04 2.25422664e-04
3.29489782e-01 -6.26075957e-05 2.19616685e-04
3.30020975e-01 -2.98811860e-04 2.19945351e-04
3.30552164e-01 -1.69211453e-05 2.23029508e-04
3.31083347e-01 8.08947180e-05 2.20700655e-04
3.31614524e-01 -2.63385239e-04 2.22219714e-04
3.32145697e-01 -3.15375247e-05 2.23938506e-04
3.32676864e-01 -2.42732204e-07 2.20660384e-04
3.33208025e-01 1.60884495e-04 2.17796617e-04
3.33739182e-01 -3.70658943e-04 2.20066041e-04
3.34270333e-01 -1.99979411e-04 2.18090110e-04
3.34801478e-01 -4.86937053e-04 2.19022496e-04
3.35332618e-01 8.26497865e-05 2.21916691e-04
3.35863753e-01 3.10346421e-04 2.18913466e-04
3.36394883e-01 -2.24166358e-04 2.21571380e-04
3.36926007e-01 1.33235944e-05 2.23033811e-04
3.37457125e-01 -6.42014585e-05 2.17646933e-04
3.37988238e-01 -1.47269538e-04 2.19817667e-04
3.38519346e-01 -2.85083730e-04 2.20301211e-04
3.39050448e-01 2.16341986e-04 2.21433174e-04
3.39581545e-01 -2.07267469e-05 2.20779565e-04
3.40112636e-01 1.34666712e-04 2.22360701e-04
3.40643722e-01 5.09146838e-04 2.19214700e-04
3.41174802e-01 -1.19357120e-04 2.13408650e-04
3.41705877e-01 1.11870441e-04 2.10877319e-04
3.42236946e-01 5.21293324e-04 2.17942449e-04
3.42768010e-01 3.35342534e-04 2.14361694e-04
3.43299068e-01 5.19440456e-05 2.13574213e-04
3.43830121e-01 1.89578367e-04 2.14325778e-04
3.44361168e-01 2.57894778e-04 2.19538100e-04
3.44892210e-01 8.49711718e-05 2.15845200e-04
3.45423246e-01 -2.06970997e-04 2.11890151e-04
3.45954277e-01 1.14204643e-04 2.17063084e-04
3.46485302e-01 2.31826616e-05 2.13526233e-04
3.47016321e-01 1.96329759e-04 2.16057399e-04
3.47547335e-01 -4.73048812e-05 2.13858815e-04
3.48078343e-01 3.33629885e-05 2.14428395e-04
3.48609346e-01 2.54260888e-04 2.12313368e-04
3.49140343e-01 -9.90156093e-06 2.09336034e-04
3.49671334e-01 1.38166852e-04 2.13073808e-04
3.50202320e-01 -1.83535962e-04 2.15132531e-04
3.50733300e-01 1.78541031e-04 2.15233793e-04
3.51264275e-01 4.95002822e-06 2.12898158e-04
3.51795244e-01 4.18873636e-05 2.11937560e-04
3.52326207e-01 3.23152593e-04 2.14237197e-04
3.52857164e-01 -9.32439847e-05 2.12710762e-04
3.53388116e-01 -3.69749103e-04 2.06961432e-04
3.53919062e-01 -1.14503748e-04 2.12539262e-04
3.54450003e-01 1.68273817e-05 2.11156861e-04
3.54980938e-01 -1.91568881e-04 2.10274702e-04
3.55511867e-01 2.41047854e-04 2.10674080e-04
3.56042790e-01 -5.99917756e-05 2.13376735e-04
3.56573708e-01 -4.48157620e-04 2.10017991e-04
3.57104620e-01 -8.66112170e-05 2.14504044e-04
3.57635526e-01 -2.31831360e-05 2.12669721e-04
3.58166426e-01 1.91538953e-04 2.10763413e-04
3.58697321e-01 2.13929290e-04 2.08712215e-04
3.59228210e-01 1.68815381e-04 2.10897289e-04
3.59759093e-01 3.59232778e-05 2.06452625e-04
3.60289970e-01 1.13117440e-04 2.06845666e-04
3.60820841e-01 -1.98777437e-05 2.07127980e-04
3.61351707e-01 -2.09856123e-05 2.06987799e-04
3.61882567e-01 3.28112056e-04 2.06288711e-04
3.62413421e-01 4.31079980e-05 2.06700690e-04
3.62944269e-01 -2.59384349e-04 2.09047320e-04
3.63475112e-01 8.09723171e-05 2.04260884e-04
3.64005948e-01 -8.75016065e-05 2.07897394e-04
3.64536779e-01 3.41733755e-04 2.06213311e-04
3.65067604e-01 -3.78080208e-06 2.04484772e-04
3.65598423e-01 -1.74976083e-05 2.04058647e-04
3.66129236e-01 3.50918874e-04 2.07574373e-04
3.66660043e-01 -4.76196606e-05 2.03140937e-04
3.67190844e-01 3.23802834e-04 2.03993054e-04
3.67721639e-01 -2.17316478e-04 2.04623915e-04
3.68252429e-01 8.75877260e-05 2.04622108e-04
3.68783212e-01 3.48764514e-04 2.08008283e-04
3.69313990e-01 3.63901751e-04 2.07506344e-04
3.69844762e-01 -2.01407512e-05 2.03656786e-04
3.70375527e-01 3.13711014e-04 2.01565977e-04
3.70906287e-01 -3.13413375e-04 2.02267423e-04
3.71437041e-01 2.96193981e-04 2.05010793e-04
3.71967789e-01 -8.59589760e-05 2.02355272e-04
3.72498531e-01 3.37951934e-04 2.09219371e-04
3.73029266e-01 -8.76776863e-05 2.05444635e-04
3.73559996e-01 -1.70177498e-04 1.98843786e-04
3.74090720e-01 1.95124013e-04 2.03724919e-04
3.74621438e-01 -1.23531722e-04 2.03768030e-04
3.75152150e-01 2.03321066e-05 2.04465825e-04
3.75682855e-01 -2.37374381e-04 2.04232778e-04
3.76213555e-01 5.42884391e-05 2.02105942e-04
3.76744249e-01 1.95048344e-04 1.99930831e-04
3.77274936e-01 2.90360689e-04 1.99140515e-04
3.77805618e-01 2.90299406e-04 2.04105822e-04
3.78336293e-01 4.01825172e-04 2.00294389e-04
3.78866963e-01 -1.40813702e-05 2.00854859e-04
3.79397626e-01 -1.79472973e-04 1.98650447e-04
3.79928283e-01 2.79599081e-04 2.02082467e-04
3.80458934e-01 -7.17376678e-05 2.01447671e-04
3.80989579e-01 -2.51195147e-04 2.02344422e-04
3.81520218e-01 2.67862367e-04 1.99482829e-04
3.82050851e-01 6.35224400e-05 2.04283309e-04
3.82581478e-01 -2.14353708e-04 2.02823903e-04
3.83112098e-01 -3.53893299e-05 2.03419976e-04
3.83642712e-01 1.59057156e-04 2.06279102e-04
3.84173320e-01 7.18971587e-05 2.08984530e-04
3.84703922e-01 1.01527631e-04 2.05081915e-04
3.85234518e-01 -8.45620698e-05 2.00540732e-04
3.85765108e-01 -8.86578275e-05 2.04942585e-04
3.86295691e-01 -2.07616573e-04 2.05483967e-04
3.86826268e-01 6.81524529e-05 2.05599295e-04
3.87356839e-01 2.58646541e-04 2.08813642e-04
3.87887404e-01 -7.32146363e-05 2.04874479e-04
3.88417962e-01 1.65848762e-04 2.03787949e-04
3.88948514e-01 -1.84913749e-04 2.03417730e-04
3.89479060e-01 1.69474349e-04 2.00509879e-04
3.90009600e-01 3.53838329e-04 2.01336304e-04
3.90540134e-01 3.15282072e-04 2.04378638e-04
3.91070661e-01 -1.57327317e-04 2.02029226e-04
3.91601182e-01 5.85638069e-05 1.99349314e-04
3.92131696e-01 8.26887499e-05 2.00727658e-04
3.92662205e-01 -2.82386408e-04 2.05357826e-04
3.93192707e-01 -1.16676183e-04 2.03939763e-04
3.93723202e-01 -1.94726274e-04 1.99322819e-04
3.94253692e-01 5.96933256e-05 2.07555122e-04
3.94784175e-01 7.02034833e-05 2.06775968e-04
3.95314651e-01 -1.04977938e-04 2.04180281e-04
3.95845122e-01 3.02310121e-05 2.03349994e-04
3.96375585e-01 -4.26873269e-04 2.03971150e-04
3.96906043e-01 -1.68393904e-05 2.04628882e-04
3.97436494e-01 -2.50638653e-04 2.06145202e-04
3.97966939e-01 -7.57457154e-05 2.05769506e-04
3.98497377e-01 -1.87740496e-04 2.05895986e-04
3.99027809e-01 1.41044334e-04 2.07686011e-04
3.99558235e-01 -5.91994497e-05 2.05517577e-04
4.00088654e-01 3.69503109e-04 2.10385739e-04
4.00619067e-01 4.38141610e-04 2.05625293e-04
4.01149473e-01 -2.71058618e-06 2.08324088e-04
4.01679873e-01 1.27381361e-04 2.09633904e-04
4.02210267e-01 5.78770354e-05 2.12311656e-04
4.02740654e-01 1.30478349e-05 2.13917003e-04
4.03271034e-01 1.69747424e-04 2.14043980e-04
4.03801408e-01 1.39367805e-04 2.19560911e-04
4.04331776e-01 -2.72540109e-06 2.14826382e-04
4.04862137e-01 6.01719197e-05 2.14135914e-04
4.05392491e-01 1.52377916e-04 2.18832039e-04
4.05922839e-01 2.75085603e-04 2.12426647e-04
4.06453181e-01 2.23299229e-04 2.14351741e-04
4.06983516e-01 1.12687752e-04 2.14166743e-04
4.07513844e-01 2.44596602e-04 2.16130047e-04
4.08044166e-01 -3.19002530e-05 2.23187871e-04
4.08574481e-01 -6.39654394e-05 2.19742357e-04
4.09104790e-01 -1.04080880e-04 2.21072085e-04
4.09635092e-01 -3.80856324e-04 2.23330796e-04
4.10165388e-01 -1.42190396e-04 2.17199048e-04
4.10695677e-01 1.77761313e-04 2.19240750e-04
4.11225960e-01 -2.94684903e-04 2.39371515e-04
4.11756235e-01 -2.85054378e-04 2.45851746e-04
4.12286505e-01 1.09152326e-04 2.67460507e-04
4.12816767e-01 1.61464991e-04 2.82255693e-04
4.13347023e-01 4.49663946e-04 2.91226601e-04
4.13877273e-01 -1.26423954e-04 3.08897151e-04
4.14407515e-01 -8.84580478e-07 3.16402546e-04
4.14937751e-01 -4.00809744e-04 3.30910098e-04
4.15467981e-01 -4.85386180e-04 3.35058958e-04
4.15998203e-01 2.69230708e-04 3.26951638e-04
4.16528419e-01 -1.70857958e-04 3.28272658e-04
4.17058629e-01 -1.28247888e-04 3.41596893e-04
4.17588831e-01 7.46305240e-04 3.43096250e-04
4.18119027e-01 1.51666682e-04 3.74251325e-04
4.18649217e-01 6.62969236e-04 5.12989320e-04
4.19179399e-01 1.19480053e-03 1.38813493e-03
