7.45980241e-03 1.82326418e-01 3.48918055e-02
7.99264482e-03 1.80910525e-01 2.02761188e-02
8.52548709e-03 2.02074315e-01 1.56340950e-02
9.05832923e-03 1.91672530e-01 1.31338503e-02
9.59117122e-03 2.04298674e-01 1.13063781e-02
1.01240131e-02 2.09010204e-01 9.24358649e-03
1.06568547e-02 2.11899931e-01 8.78955957e-03
1.11896962e-02 2.17593994e-01 6.36956114e-03
1.17225375e-02 2.25266149e-01 5.26150182e-03
1.22553787e-02 2.32234260e-01 4.01892720e-03
1.27882196e-02 2.31066288e-01 4.08879726e-03
1.33210603e-02 2.40008142e-01 3.31943178e-03
1.38539008e-02 2.33058253e-01 3.60201165e-03
1.43867411e-02 2.43379430e-01 3.50440706e-03
1.49195812e-02 2.50670038e-01 3.13085463e-03
1.54524210e-02 2.51068884e-01 3.14880773e-03
1.59852605e-02 2.58133618e-01 2.94564908e-03
1.65180998e-02 2.49073087e-01 2.61749659e-03
1.70509389e-02 2.58399771e-01 2.91200499e-03
1.75837776e-02 2.54082246e-01 2.72961798e-03
1.81166161e-02 2.56820976e-01 2.58551860e-03
1.86494543e-02 2.54579963e-01 2.65861119e-03
1.91822922e-02 2.55558058e-01 2.42909025e-03
1.97151297e-02 2.58413665e-01 2.51264193e-03
2.02479670e-02 2.51170012e-01 2.26896648e-03
2.07808039e-02 2.52789086e-01 2.26071172e-03
2.13136405e-02 2.53271062e-01 2.66031642e-03
2.18464767e-02 2.54154723e-01 2.42314172e-03
2.23793126e-02 2.47647233e-01 2.18930615e-03
2.29121481e-02 2.45827879e-01 2.17596792e-03
2.34449833e-02 2.44705131e-01 2.34887786e-03
2.39778181e-02 2.43197164e-01 2.16535513e-03
2.45106524e-02 2.38552413e-01 2.05034353e-03
2.50434864e-02 2.36065358e-01 2.13288737e-03
2.55763200e-02 2.35403824e-01 2.02432669e-03
2.61091532e-02 2.30592442e-01 2.11932698e-03
2.66419859e-02 2.26968275e-01 1.99475888e-03
2.71748182e-02 2.25281717e-01 1.87116171e-03
2.77076501e-02 2.24199938e-01 1.96311444e-03
2.82404815e-02 2.24064123e-01 1.89677903e-03
2.87733125e-02 2.16031122e-01 1.88781205e-03
2.93061430e-02 2.13999590e-01 1.91983120e-03
2.98389731e-02 2.14868118e-01 1.92306353e-03
3.03718026e-02 2.09877360e-01 1.85397638e-03
3.09046317e-02 2.05505282e-01 1.87496533e-03
3.14374602e-02 2.01224952e-01 1.77193277e-03
3.19702883e-02 1.99685061e-01 1.61590051e-03
3.25031158e-02 1.98147513e-01 1.63656115e-03
3.30359428e-02 1.93714720e-01 1.74012898e-03
3.35687693e-02 1.94240050e-01 1.60953105e-03
3.41015952e-02 1.88491338e-01 1.54844942e-03
3.46344206e-02 1.85676982e-01 1.60271172e-03
3.51672454e-02 1.84224571e-01 1.62441901e-03
3.57000696e-02 1.82489596e-01 1.52061020e-03
3.62328933e-02 1.76683920e-01 1.53767219e-03
3.67657164e-02 1.72840115e-01 1.52068975e-03
3.72985389e-02 1.77037616e-01 1.48844503e-03
3.78313608e-02 1.72814535e-01 1.33588469e-03
3.83641820e-02 1.67359874e-01 1.44191006e-03
3.88970027e-02 1.64505191e-01 1.50940527e-03
3.94298227e-02 1.64327204e-01 1.38462933e-03
3.99626421e-02 1.62462048e-01 1.41074767e-03
4.04954608e-02 1.60483438e-01 1.38149382e-03
4.10282789e-02 1.57371036e-01 1.38703009e-03
4.15610963e-02 1.52654869e-01 1.42957350e-03
4.20939131e-02 1.48863694e-01 1.35760026e-03
4.26267291e-02 1.44314450e-01 1.31533373e-03
4.31595445e-02 1.45230215e-01 1.35715323e-03
4.36923592e-02 1.42544219e-01 1.36971190e-03
4.42251732e-02 1.38762111e-01 1.37929348e-03
4.47579864e-02 1.38722268e-01 1.26275673e-03
4.52907989e-02 1.35330344e-01 1.28960923e-03
4.58236107e-02 1.31027911e-01 1.33831261e-03
4.63564218e-02 1.29461911e-01 1.35632755e-03
4.68892321e-02 1.24486286e-01 1.32930760e-03
4.74220417e-02 1.25704772e-01 1.26457602e-03
4.79548504e-02 1.22006626e-01 1.37841919e-03
4.84876584e-02 1.19677306e-01 1.27984130e-03
4.90204657e-02 1.16721254e-01 1.28952435e-03
4.95532721e-02 1.16073164e-01 1.25670516e-03
5.00860777e-02 1.09642613e-01 1.21202307e-03
5.06188825e-02 1.11461806e-01 1.19715929e-03
5.11516865e-02 1.06060070e-01 1.14383546e-03
5.16844897e-02 1.03780373e-01 1.12150417e-03
5.22172920e-02 1.01372518e-01 1.09841838e-03
5.27500935e-02 9.93817338e-02 1.08918755e-03
5.32828941e-02 9.76367344e-02 1.11678310e-03
5.38156939e-02 9.54482766e-02 1.14356008e-03
5.43484928e-02 9.55526183e-02 1.16033880e-03
5.48812908e-02 9.09545463e-02 1.10766113e-03
5.54140880e-02 8.92879517e-02 1.03488587e-03
5.59468842e-02 8.78598488e-02 1.09296727e-03
5.64796795e-02 8.48049690e-02 1.04986614e-03
5.70124739e-02 8.26992911e-02 1.02606992e-03
5.75452674e-02 8.07286750e-02 9.62035932e-04
5.80780600e-02 7.87627648e-02 1.00717060e-03
5.86108516e-02 7.89201196e-02 9.58421439e-04
5.91436423e-02 7.54229643e-02 9.67985105e-04
5.96764320e-02 7.29079417e-02 9.18915799e-04
6.02092208e-02 7.02223301e-02 9.06008332e-04
6.07420086e-02 6.79607146e-02 9.10812426e-04
6.12747953e-02 6.82808328e-02 9.15422061e-04
6.18075812e-02 6.57975080e-02 8.88464681e-04
6.23403660e-02 6.35174422e-02 8.64220390e-04
6.28731498e-02 6.24483167e-02 9.02625997e-04
6.34059325e-02 5.99518957e-02 8.74452028e-04
6.39387143e-02 5.81982204e-02 8.72530818e-04
6.44714950e-02 5.71292989e-02 8.32473139e-04
6.50042747e-02 5.51476579e-02 8.62116695e-04
6.55370533e-02 5.35620540e-02 8.83228194e-04
6.60698309e-02 5.10382425e-02 8.02547123e-04
6.66026074e-02 5.00580125e-02 8.09943343e-04
6.71353828e-02 4.77044372e-02 8.32117388e-04
6.76681571e-02 4.82331737e-02 8.09298553e-04
6.82009304e-02 4.65706006e-02 7.97784062e-04
6.87337025e-02 4.46471722e-02 7.96005856e-04
6.92664735e-02 4.27923495e-02 7.81561209e-04
6.97992434e-02 4.11378619e-02 7.90567161e-04
7.03320122e-02 3.86687533e-02 7.73197470e-04
7.08647798e-02 3.87314458e-02 7.75440046e-04
7.13975463e-02 3.54705906e-02 7.93792293e-04
7.19303116e-02 3.54731804e-02 7.73589293e-04
7.24630758e-02 3.49542663e-02 7.68259718e-04
7.29958388e-02 3.27855538e-02 7.02867432e-04
7.35286006e-02 3.33747801e-02 6.98842916e-04
7.40613612e-02 3.16926339e-02 7.09927033e-04
7.45941207e-02 2.98764455e-02 6.92532822e-04
7.51268789e-02 2.93918602e-02 6.88624581e-04
7.56596359e-02 2.83996586e-02 6.61434101e-04
7.61923917e-02 2.66559680e-02 6.52958286e-04
7.67251462e-02 2.46799693e-02 6.50974665e-04
7.72578995e-02 2.42650834e-02 6.82027348e-04
7.77906516e-02 2.31725220e-02 6.45856053e-04
7.83234024e-02 2.31022357e-02 6.22111884e-04
7.88561519e-02 2.18457757e-02 6.50523142e-04
7.93889002e-02 2.15685094e-02 6.23060448e-04
7.99216472e-02 1.94238868e-02 6.49005384e-04
8.04543928e-02 1.93582301e-02 6.16264015e-04
8.09871372e-02 1.91667518e-02 6.08139481e-04
8.15198803e-02 1.78629245e-02 5.94568069e-04
8.20526220e-02 1.69729578e-02 5.95841509e-04
8.25853624e-02 1.66695339e-02 5.96507154e-04
8.31181015e-02 1.44466347e-02 5.82179472e-04
8.36508393e-02 1.49767430e-02 5.64298346e-04
8.41835757e-02 1.38953970e-02 5.88857256e-04
8.47163107e-02 1.26236170e-02 5.55467578e-04
8.52490443e-02 1.18539602e-02 5.49654513e-04
8.57817766e-02 1.15664616e-02 5.82793340e-04
8.63145075e-02 1.13649500e-02 5.40184985e-04
8.68472370e-02 1.07188654e-02 5.49943137e-04
8.73799651e-02 1.10777907e-02 5.79170750e-04
8.79126918e-02 1.01260421e-02 5.63109296e-04
8.84454170e-02 9.34186248e-03 5.34590451e-04
8.89781408e-02 8.53134388e-03 5.25345968e-04
8.95108632e-02 9.22658309e-03 5.20062710e-04
9.00435842e-02 7.74651932e-03 5.20236746e-04
9.05763036e-02 7.32463926e-03 5.31726780e-04
9.11090217e-02 6.83629376e-03 5.12172882e-04
9.16417382e-02 7.18602321e-03 5.12074734e-04
9.21744532e-02 7.10913037e-03 5.20365295e-04
9.27071668e-02 6.86384055e-03 5.13788664e-04
9.32398789e-02 5.51473903e-03 5.06434895e-04
9.37725894e-02 4.87380710e-03 4.97225414e-04
9.43052985e-02 4.95793141e-03 4.89334557e-04
9.48380060e-02 4.75473291e-03 4.94694037e-04
9.53707120e-02 4.52283286e-03 4.81255581e-04
9.59034164e-02 4.18363892e-03 4.83240541e-04
9.64361193e-02 4.23481906e-03 4.81783066e-04
9.69688206e-02 2.44756007e-03 4.68098073e-04
9.75015204e-02 4.25053781e-03 4.98483477e-04
9.80342186e-02 2.85128611e-03 4.76530582e-04
9.85669152e-02 3.49499373e-03 4.81870275e-04
9.90996102e-02 3.00712534e-03 4.55407091e-04
9.96323036e-02 2.69332173e-03 4.79811104e-04
1.00164995e-01 2.81404610e-03 4.69242851e-04
1.00697686e-01 1.80271669e-03 4.58854853e-04
1.01230374e-01 2.16029927e-03 4.54802745e-04
1.01763061e-01 1.92456887e-03 4.48608662e-04
1.02295746e-01 2.79279095e-03 4.41231568e-04
1.02828430e-01 2.27798883e-03 4.67805368e-04
1.03361112e-01 1.52160953e-03 4.54197766e-04
1.03893792e-01 1.89210406e-03 4.53644315e-04
1.04426471e-01 1.93868533e-03 4.43391107e-04
1.04959148e-01 1.06660270e-03 4.44713510e-04
1.05491823e-01 1.79022944e-03 4.54009278e-04
1.06024496e-01 9.94484852e-04 4.55126530e-04
1.06557168e-01 2.16751854e-03 4.64416094e-04
1.07089838e-01 1.38611547e-03 4.54347712e-04
1.07622506e-01 1.32215312e-03 4.37733047e-04
1.08155173e-01 1.79355162e-03 4.32587889e-04
1.08687838e-01 1.38631748e-03 4.35762661e-04
1.09220501e-01 1.03412205e-03 4.41212090e-04
1.09753162e-01 1.67565185e-03 4.24754654e-04
1.10285822e-01 9.85093892e-04 4.31491767e-04
1.10818479e-01 1.06773915e-03 4.45072688e-04
1.11351135e-01 1.43435724e-03 4.38999766e-04
1.11883790e-01 1.06839816e-03 4.27523418e-04
1.12416442e-01 6.64532606e-04 4.28596523e-04
1.12949092e-01 2.10956443e-03 4.29756194e-04
1.13481741e-01 1.49561517e-03 4.35605953e-04
1.14014388e-01 1.44760435e-03 4.34301144e-04
1.14547033e-01 5.45093012e-04 4.37660551e-04
1.15079676e-01 7.88826113e-04 4.24472570e-04
1.15612318e-01 7.62488769e-04 4.10929582e-04
1.16144957e-01 1.91565297e-04 4.22359114e-04
1.16677595e-01 1.54216448e-03 4.16268158e-04
1.17210230e-01 1.12072882e-03 4.14848141e-04
1.17742864e-01 1.33393507e-03 4.13177577e-04
1.18275496e-01 1.51500457e-03 4.22437722e-04
1.18808126e-01 1.95876292e-03 4.16208275e-04
1.19340754e-01 7.97140506e-04 4.18137890e-04
1.19873380e-01 1.14720581e-03 4.15010776e-04
1.20406004e-01 8.54377789e-04 3.96352653e-04
1.20938626e-01 7.86833721e-04 4.02937277e-04
1.21471247e-01 1.18286906e-03 4.17026035e-04
1.22003865e-01 1.94156539e-03 4.20314184e-04
1.22536481e-01 1.15365184e-03 4.02395508e-04
1.23069096e-01 1.63692418e-03 4.19238964e-04
1.23601708e-01 2.01662499e-03 4.14639918e-04
1.24134318e-01 1.75263279e-03 4.15829236e-04
1.24666927e-01 1.38409615e-03 4.11638581e-04
1.25199533e-01 2.64610745e-03 4.11777348e-04
1.25732137e-01 7.77826053e-04 3.91752777e-04
1.26264740e-01 3.89128279e-04 3.93365727e-04
1.26797340e-01 1.50273420e-03 4.02455373e-04
1.27329938e-01 1.83690145e-03 4.08040704e-04
1.27862534e-01 5.26731045e-04 3.97532751e-04
1.28395128e-01 1.33723900e-03 3.88045108e-04
1.28927720e-01 1.33446638e-03 4.13416091e-04
1.29460310e-01 2.35282927e-03 4.03173090e-04
1.29992898e-01 1.66767394e-03 3.96269460e-04
1.30525484e-01 1.67921662e-03 4.02532166e-04
1.31058067e-01 1.58435137e-03 4.09995403e-04
1.31590649e-01 2.03239342e-03 4.18266661e-04
1.32123228e-01 2.08385429e-03 4.16366898e-04
1.32655805e-01 1.88525051e-03 4.10685394e-04
1.33188380e-01 1.87780606e-03 4.06441783e-04
1.33720953e-01 2.18024742e-03 4.14450878e-04
1.34253524e-01 1.82195066e-03 4.13329533e-04
1.34786093e-01 2.03628020e-03 3.96464906e-04
1.35318659e-01 1.95755455e-03 4.03890108e-04
1.35851223e-01 2.49184131e-03 4.02951109e-04
1.36383785e-01 1.70849230e-03 4.06581280e-04
1.36916345e-01 1.23927073e-03 3.92034514e-04
1.37448903e-01 1.24877851e-03 3.83083227e-04
1.37981458e-01 1.97528433e-03 3.89743143e-04
1.38514011e-01 1.27007803e-03 3.98302602e-04
1.39046562e-01 1.75710419e-03 3.98717121e-04
1.39579111e-01 1.54288332e-03 3.83271171e-04
1.40111657e-01 1.78610650e-03 3.80864500e-04
1.40644201e-01 2.41895689e-03 3.85729146e-04
1.41176743e-01 1.58158504e-03 3.81243805e-04
1.41709283e-01 1.79512272e-03 3.82652262e-04
1.42241820e-01 2.48262758e-03 3.91105786e-04
1.42774355e-01 2.30014471e-03 3.87781091e-04
1.43306888e-01 1.94312057e-03 3.83487258e-04
1.43839418e-01 2.40661439e-03 3.88999688e-04
1.44371946e-01 2.12837869e-03 3.81862986e-04
1.44904472e-01 1.64730184e-03 3.84034957e-04
1.45436995e-01 2.00332201e-03 3.83812583e-04
1.45969516e-01 1.56301942e-03 3.78613221e-04
1.46502035e-01 1.84587166e-03 3.85465175e-04
1.47034551e-01 1.86536883e-03 3.76430877e-04
1.47567065e-01 2.30737425e-03 3.79083443e-04
1.48099577e-01 1.61504887e-03 3.72337109e-04
1.48632086e-01 1.62735964e-03 3.75379804e-04
1.49164593e-01 1.55721658e-03 3.75993000e-04
1.49697097e-01 2.19331049e-03 3.77477779e-04
1.50229599e-01 1.49324126e-03 3.86078406e-04
1.50762098e-01 1.33940521e-03 3.56760068e-04
1.51294595e-01 2.06802878e-03 3.78664585e-04
1.51827090e-01 9.43934100e-04 3.73550997e-04
1.52359582e-01 1.51281726e-03 3.63394163e-04
1.52892072e-01 1.73273125e-03 3.73134043e-04
1.53424559e-01 1.42672029e-03 3.65584105e-04
1.53957044e-01 1.86763989e-03 3.72724594e-04
1.54489526e-01 1.14326175e-03 3.62447385e-04
1.55022006e-01 2.34390143e-03 3.78329754e-04
1.55554483e-01 2.21418233e-03 3.82197504e-04
1.56086958e-01 1.23639637e-03 3.71760661e-04
1.56619430e-01 1.63763288e-03 3.78775479e-04
1.57151899e-01 1.67574985e-03 3.66710502e-04
1.57684366e-01 1.14861263e-03 3.69467117e-04
1.58216831e-01 1.01910236e-03 3.75573271e-04
1.58749293e-01 1.48290349e-03 3.72730547e-04
1.59281752e-01 6.10777198e-04 3.68995994e-04
1.59814209e-01 1.22193475e-03 3.83906481e-04
1.60346664e-01 1.91703945e-03 3.80489722e-04
1.60879115e-01 9.12668451e-04 3.70159526e-04
1.61411564e-01 9.93719654e-04 3.69658328e-04
1.61944011e-01 9.25701855e-04 3.73539455e-04
1.62476455e-01 1.16911830e-03 3.81866615e-04
1.63008896e-01 1.29154959e-03 3.71437736e-04
1.63541335e-01 1.41279937e-03 3.74088182e-04
1.64073771e-01 1.22470707e-03 3.75421855e-04
1.64606204e-01 1.38745058e-03 3.65605058e-04
1.65138635e-01 9.28278470e-04 3.51382068e-04
1.65671063e-01 1.75407948e-03 3.58797466e-04
1.66203488e-01 6.27562515e-04 3.67741287e-04
1.66735910e-01 5.14423613e-04 3.52575921e-04
1.67268330e-01 1.13163993e-03 3.51788670e-04
1.67800748e-01 1.39842631e-03 3.58435212e-04
1.68333162e-01 1.17078392e-03 3.60275149e-04
1.68865574e-01 7.46766957e-04 3.59250144e-04
1.69397983e-01 5.16087669e-04 3.46390889e-04
1.69930389e-01 8.94042139e-04 3.46443016e-04
1.70462793e-01 8.48805177e-04 3.47469201e-04
1.70995194e-01 6.76957475e-04 3.55691383e-04
1.71527592e-01 6.80247551e-04 3.43275762e-04
1.72059987e-01 8.60329554e-04 3.46530254e-04
1.72592380e-01 8.81760899e-04 3.47118910e-04
1.73124769e-01 8.70240271e-04 3.47489095e-04
1.73657156e-01 5.64156654e-04 3.48223928e-04
1.74189540e-01 6.92993884e-04 3.43201048e-04
1.74721922e-01 1.15231194e-03 3.48494406e-04
1.75254300e-01 7.20451537e-04 3.49823750e-04
1.75786676e-01 5.88571349e-04 3.40701499e-04
1.76319049e-01 7.16690720e-04 3.52618230e-04
1.76851418e-01 1.03555391e-03 3.37597391e-04
1.77383786e-01 4.58521501e-04 3.45974103e-04
1.77916150e-01 -1.25202045e-04 3.53047016e-04
1.78448511e-01 4.71177938e-05 3.42673762e-04
1.78980870e-01 6.69544247e-04 3.56873441e-04
1.79513225e-01 2.92991231e-04 3.51602957e-04
1.80045578e-01 4.33902251e-04 3.48491117e-04
1.80577928e-01 7.74770823e-05 3.50562248e-04
1.81110275e-01 9.63194983e-04 3.60846857e-04
1.81642618e-01 9.13397345e-04 3.50305163e-04
1.82174959e-01 4.52444832e-04 3.39593838e-04
1.82707297e-01 -4.25278043e-05 3.35219404e-04
1.83239633e-01 1.54636963e-04 3.48361687e-04
1.83771965e-01 1.76443855e-04 3.54615918e-04
1.84304294e-01 4.11102116e-04 3.52261213e-04
1.84836620e-01 2.55466353e-04 3.51408826e-04
1.85368943e-01 4.01773537e-04 3.39098326e-04
1.85901263e-01 7.32360965e-04 3.42449118e-04
1.86433581e-01 5.60357488e-04 3.38924379e-04
1.86965895e-01 1.98555273e-04 3.42601035e-04
1.87498206e-01 2.72689534e-05 3.32056734e-04
1.88030514e-01 2.29712362e-04 3.33548192e-04
1.88562819e-01 1.16508246e-04 3.40243754e-04
1.89095121e-01 5.39816047e-04 3.32662598e-04
1.89627420e-01 2.89020258e-04 3.29371445e-04
1.90159716e-01 2.71973050e-05 3.23291436e-04
1.90692009e-01 4.44394709e-04 3.38751819e-04
1.91224299e-01 -1.04311226e-04 3.27153694e-04
1.91756586e-01 1.05514923e-04 3.30117547e-04
1.92288869e-01 -2.38322455e-04 3.24926549e-04
1.92821150e-01 1.90720956e-04 3.26229500e-04
1.93353427e-01 -2.00367140e-04 3.28370711e-04
1.93885701e-01 8.23407901e-04 3.29424164e-04
1.94417972e-01 5.18337162e-04 3.26012814e-04
1.94950240e-01 1.70587760e-04 3.29209898e-04
1.95482505e-01 3.03789632e-04 3.30848071e-04
1.96014767e-01 1.73199323e-04 3.28795023e-04
1.96547025e-01 2.62719728e-04 3.20989870e-04
1.97079281e-01 -2.33437841e-04 3.17177996e-04
1.97611533e-01 1.71398134e-04 3.11415798e-04
1.98143782e-01 -8.74203947e-05 3.17393750e-04
1.98676028e-01 1.43953660e-04 3.22763358e-04
1.99208270e-01 5.24920199e-04 3.12084515e-04
1.99740510e-01 4.77229138e-04 3.16890338e-04
2.00272746e-01 5.05431839e-04 3.19166492e-04
2.00804978e-01 4.97155167e-06 3.14137168e-04
2.01337208e-01 -3.42097016e-04 3.14228180e-04
2.01869434e-01 4.28103385e-04 3.14807248e-04
2.02401658e-01 -4.58799318e-05 3.13191084e-04
2.02933877e-01 4.93938752e-05 3.11762751e-04
2.03466094e-01 9.62465379e-05 3.18055995e-04
2.03998307e-01 -1.32485369e-04 3.09371253e-04
2.04530517e-01 7.18355157e-05 3.14959262e-04
2.05062724e-01 7.55873185e-04 3.10644849e-04
2.05594927e-01 2.44206576e-04 3.09934783e-04
2.06127127e-01 1.08931509e-03 3.09458981e-04
2.06659324e-01 4.13573319e-04 3.07719856e-04
2.07191517e-01 2.74242617e-04 3.06917816e-04
2.07723707e-01 -3.76369135e-05 3.03501343e-04
2.08255894e-01 1.74081867e-04 3.07236650e-04
2.08788077e-01 6.92229076e-04 3.04213897e-04
2.09320257e-01 -1.79286049e-04 3.01326983e-04
2.09852434e-01 2.48765468e-04 3.00443162e-04
2.10384607e-01 1.46673732e-04 3.08268118e-04
2.10916777e-01 5.26032682e-04 3.01227561e-04
2.11448943e-01 2.52919622e-04 3.08386127e-04
2.11981106e-01 5.06072477e-04 3.00245604e-04
2.12513266e-01 3.05384121e-04 3.09547689e-04
2.13045422e-01 3.66234890e-04 3.03438190e-04
2.13577575e-01 1.03619284e-03 3.08852713e-04
2.14109724e-01 3.37038521e-04 3.14184289e-04
2.14641870e-01 3.52130370e-04 3.01910391e-04
2.15174012e-01 3.17406761e-04 2.98474419e-04
2.15706151e-01 3.09736005e-04 2.95849634e-04
2.16238286e-01 2.84965122e-04 3.00883669e-04
2.16770418e-01 1.16961323e-04 3.00757202e-04
2.17302546e-01 -2.22792312e-04 3.04703038e-04
2.17834671e-01 -6.13862857e-05 2.97855077e-04
2.18366792e-01 -2.96470967e-04 2.98580838e-04
2.18898910e-01 -4.86762278e-05 2.94873847e-04
2.19431024e-01 -8.60573405e-06 2.92876738e-04
2.19963135e-01 9.50191048e-05 2.97542885e-04
2.20495242e-01 1.29033921e-04 2.93058208e-04
2.21027346e-01 -3.84817081e-04 2.94191645e-04
2.21559446e-01 3.29177904e-04 2.95764284e-04
2.22091542e-01 1.64796613e-04 2.90120030e-04
2.22623635e-01 8.54864599e-04 2.97661206e-04
2.23155724e-01 3.19165237e-04 2.90199743e-04
2.23687810e-01 5.00535824e-04 2.92730551e-04
2.24219892e-01 4.09874803e-04 2.94303676e-04
2.24751971e-01 5.12131977e-04 2.93602699e-04
2.25284045e-01 6.08674087e-04 2.90289983e-04
2.25816117e-01 7.11764829e-04 2.87938582e-04
2.26348184e-01 3.69373379e-04 2.94665603e-04
2.26880248e-01 4.15072553e-04 2.89097534e-04
2.27412308e-01 7.42182630e-04 2.88994503e-04
2.27944365e-01 3.05784186e-04 2.92958499e-04
2.28476418e-01 1.45720818e-04 2.87674535e-04
2.29008467e-01 7.08951971e-04 2.87200990e-04
2.29540512e-01 6.43295859e-04 2.87239755e-04
2.30072554e-01 4.91794355e-04 2.87313589e-04
2.30604592e-01 6.62645783e-04 2.79412767e-04
2.31136626e-01 7.59227149e-04 2.85092275e-04
2.31668657e-01 3.32974984e-04 2.82390025e-04
2.32200684e-01 -7.59737608e-05 2.82032118e-04
2.32732707e-01 2.96067933e-04 2.84848666e-04
2.33264726e-01 1.81828312e-04 2.74945547e-04
2.33796742e-01 3.83363522e-04 2.81206199e-04
2.34328754e-01 1.33291671e-04 2.79812878e-04
2.34860762e-01 3.89960222e-05 2.83265457e-04
2.35392766e-01 5.61721745e-05 2.80551138e-04
2.35924766e-01 4.43886949e-04 2.78089732e-04
2.36456763e-01 -5.34493766e-05 2.76892038e-04
2.36988756e-01 6.93411264e-05 2.75390392e-04
2.37520745e-01 6.81025825e-04 2.80793297e-04
2.38052730e-01 6.67547764e-04 2.86887148e-04
2.38584711e-01 2.41746870e-04 2.80256292e-04
2.39116689e-01 1.30512460e-04 2.80741685e-04
2.39648662e-01 4.67415370e-04 2.72344006e-04
2.40180632e-01 4.18025181e-04 2.76827586e-04
2.40712598e-01 1.51645543e-04 2.74017517e-04
2.41244560e-01 2.22066465e-04 2.77107668e-04
2.41776518e-01 2.33561344e-04 2.76807666e-04
2.42308472e-01 8.41850464e-04 2.78180983e-04
2.42840423e-01 -4.43186766e-04 2.74920269e-04
2.43372369e-01 3.62480368e-04 2.73290555e-04
2.43904311e-01 4.72837074e-04 2.82901213e-04
2.44436250e-01 3.35936086e-04 2.77618348e-04
2.44968184e-01 1.44458672e-04 2.71908872e-04
2.45500115e-01 1.24588832e-05 2.73596544e-04
2.46032042e-01 1.07011460e-04 2.67598519e-04
2.46563964e-01 1.85174093e-04 2.74618222e-04
2.47095883e-01 1.69440414e-04 2.75578609e-04
2.47627798e-01 5.55166831e-04 2.77496386e-04
2.48159708e-01 5.99092118e-04 2.80082040e-04
2.48691615e-01 1.19749453e-04 2.71097710e-04
2.49223518e-01 -3.42729931e-05 2.68508471e-04
2.49755416e-01 2.95952213e-04 2.70326341e-04
2.50287311e-01 4.15748459e-04 2.75329951e-04
2.50819201e-01 3.41367665e-04 2.73945542e-04
2.51351088e-01 7.58246698e-04 2.72573613e-04
2.51882971e-01 2.31709887e-04 2.71401336e-04
2.52414849e-01 4.30189250e-04 2.65750537e-04
2.52946723e-01 1.57494040e-04 2.66490920e-04
2.53478594e-01 2.18338315e-04 2.74154050e-04
2.54010460e-01 5.84315596e-04 2.71269814e-04
2.54542322e-01 5.18947766e-04 2.70459813e-04
2.55074180e-01 3.21480411e-04 2.69804891e-04
2.55606034e-01 3.43351970e-04 2.75690412e-04
2.56137883e-01 1.39964020e-04 2.63127500e-04
2.56669729e-01 4.33240237e-04 2.72266234e-04
2.57201570e-01 -3.56311329e-05 2.69375455e-04
2.57733408e-01 2.77359886e-04 2.67327613e-04
2.58265241e-01 2.92010744e-05 2.61269908e-04
2.58797070e-01 8.82808810e-05 2.64684741e-04
2.59328895e-01 3.72659748e-04 2.66695939e-04
2.59860715e-01 1.57775975e-04 2.67218402e-04
2.60392532e-01 -2.26156770e-04 2.65353353e-04
2.60924344e-01 5.30531007e-04 2.69670378e-04
2.61456152e-01 2.29062190e-04 2.65137218e-04
2.61987956e-01 -6.70282807e-05 2.59931875e-04
2.62519755e-01 4.54217486e-04 2.66274414e-04
2.63051551e-01 6.53742223e-04 2.63794921e-04
2.63583342e-01 2.89611832e-04 2.64611188e-04
2.64115129e-01 2.54075764e-04 2.61448760e-04
2.64646911e-01 7.05763783e-04 2.56442303e-04
2.65178690e-01 1.56650010e-04 2.60491688e-04
2.65710464e-01 3.45710164e-04 2.56453006e-04
2.66242233e-01 1.85286040e-04 2.61085423e-04
2.66773999e-01 1.08735490e-04 2.58871331e-04
2.67305760e-01 1.27655241e-04 2.60436693e-04
2.67837517e-01 -9.13405993e-05 2.61083946e-04
2.68369269e-01 3.38496581e-07 2.64088920e-04
2.68901018e-01 1.09674107e-04 2.67897727e-04
2.69432761e-01 4.63906936e-04 2.67953775e-04
2.69964501e-01 4.23492316e-04 2.65972058e-04
2.70496236e-01 3.70715393e-04 2.71547508e-04
2.71027967e-01 5.63882317e-06 2.67071522e-04
2.71559693e-01 2.34246899e-04 2.65521297e-04
2.72091415e-01 -3.32699860e-05 2.61104464e-04
2.72623133e-01 3.06341574e-04 2.64236744e-04
2.73154846e-01 2.14498766e-04 2.64470575e-04
2.73686555e-01 -1.41820349e-04 2.64631997e-04
2.74218260e-01 2.08825470e-04 2.68514653e-04
2.74749960e-01 1.05428379e-04 2.66174395e-04
2.75281655e-01 6.03891181e-04 2.72708388e-04
2.75813346e-01 3.03075415e-04 2.67125621e-04
2.76345033e-01 1.84071053e-04 2.58254167e-04
2.76876715e-01 -1.24010690e-04 2.59112184e-04
2.77408393e-01 1.59295417e-04 2.62057663e-04
2.77940066e-01 3.82828587e-04 2.56167003e-04
2.78471735e-01 1.55093947e-05 2.58317297e-04
2.79003400e-01 1.64358633e-04 2.60030884e-04
2.79535059e-01 5.95343447e-05 2.56148157e-04
2.80066715e-01 -6.30411379e-06 2.57092220e-04
2.80598366e-01 -2.15283958e-05 2.54016593e-04
2.81130012e-01 1.24474649e-04 2.51964525e-04
2.81661654e-01 -9.93506943e-05 2.55747269e-04
2.82193291e-01 2.33540126e-04 2.59180358e-04
2.82724923e-01 2.78865475e-04 2.57752069e-04
2.83256552e-01 -5.47055781e-05 2.58186642e-04
2.83788175e-01 -2.85006544e-04 2.47798920e-04
2.84319794e-01 1.35878688e-05 2.50532487e-04
2.84851408e-01 3.84600653e-04 2.53876448e-04
2.85383018e-01 -1.29339400e-04 2.47007390e-04
2.85914623e-01 2.84499241e-04 2.58249639e-04
2.86446224e-01 1.94089829e-04 2.52865443e-04
2.86977820e-01 2.32992170e-04 2.51570013e-04
2.87509411e-01 4.04937663e-04 2.51709651e-04
2.88040998e-01 4.27055158e-04 2.49749343e-04
2.88572580e-01 -5.59734653e-05 2.49711952e-04
2.89104157e-01 3.27512844e-04 2.53442428e-04
2.89635730e-01 8.24672331e-05 2.52039734e-04
2.90167298e-01 -9.86630791e-06 2.52308190e-04
2.90698862e-01 5.06767207e-04 2.55523984e-04
2.91230420e-01 3.60572024e-04 2.55664512e-04
2.91761974e-01 -2.58553860e-04 2.54888616e-04
2.92293524e-01 1.80610352e-04 2.52671841e-04
2.92825068e-01 6.89159993e-05 2.58861960e-04
2.93356608e-01 -8.28457020e-06 2.55051268e-04
2.93888143e-01 1.95641575e-04 2.56532737e-04
2.94419674e-01 1.19155226e-04 2.53925605e-04
2.94951199e-01 3.00013507e-05 2.58287650e-04
2.95482720e-01 -2.82290931e-05 2.53760919e-04
2.96014236e-01 -1.09078920e-05 2.55426946e-04
2.96545748e-01 7.58532133e-04 2.52019361e-04
2.97077254e-01 4.10580443e-04 2.49561710e-04
2.97608756e-01 1.00567678e-04 2.52674782e-04
2.98140253e-01 4.18551537e-04 2.50325635e-04
2.98671745e-01 3.25669182e-04 2.51504306e-04
2.99203233e-01 -1.70927554e-04 2.42278351e-04
2.99734715e-01 -3.44420698e-04 2.50115907e-04
3.00266193e-01 2.98540649e-04 2.50602868e-04
3.00797666e-01 3.55695736e-04 2.51371467e-04
3.01329134e-01 1.10333345e-04 2.43552206e-04
3.01860597e-01 5.96597711e-04 2.44664646e-04
3.02392056e-01 3.96748628e-04 2.44917937e-04
3.02923509e-01 4.41393783e-04 2.41045651e-04
3.03454958e-01 1.87485843e-05 2.47438244e-04
3.03986401e-01 1.21746820e-04 2.43104078e-04
3.04517840e-01 -2.03045495e-05 2.39190913e-04
3.05049274e-01 1.43922154e-04 2.39231198e-04
3.05580703e-01 1.99894306e-04 2.37952641e-04
3.06112127e-01 1.66596280e-04 2.41618722e-04
3.06643546e-01 4.74222144e-04 2.40320407e-04
3.07174960e-01 1.87516080e-04 2.42880765e-04
3.07706370e-01 2.97896512e-04 2.42960625e-04
3.08237774e-01 1.33108672e-04 2.42917966e-04
3.08769173e-01 2.79209335e-04 2.41429234e-04
3.09300568e-01 -3.03057920e-04 2.35247512e-04
3.09831957e-01 -1.73121087e-04 2.45124602e-04
3.10363341e-01 1.01068414e-04 2.38953756e-04
3.10894721e-01 2.60890005e-04 2.35845142e-04
3.11426095e-01 -1.40926510e-04 2.39990026e-04
3.11957464e-01 -5.66907506e-05 2.34028591e-04
3.12488829e-01 9.63134079e-05 2.38814945e-04
3.13020188e-01 -1.17603429e-05 2.36377593e-04
3.13551542e-01 2.14404026e-04 2.35953276e-04
3.14082891e-01 6.45930364e-04 2.37427049e-04
3.14614235e-01 2.39814917e-04 2.36798835e-04
3.15145574e-01 -5.43006153e-05 2.36342054e-04
3.15676908e-01 5.48387719e-04 2.34557092e-04
3.16208237e-01 1.90195993e-04 2.32809030e-04
3.16739561e-01 1.43823432e-04 2.36493158e-04
3.17270880e-01 4.56489781e-04 2.34215430e-04
3.17802193e-01 5.64989457e-04 2.33482249e-04
3.18333502e-01 8.01240806e-04 2.39324060e-04
3.18864805e-01 4.69736898e-04 2.40631193e-04
3.19396103e-01 4.35123177e-04 2.42398971e-04
3.19927396e-01 4.19587844e-04 2.38184344e-04
3.20458684e-01 2.10226457e-04 2.32079267e-04
3.20989967e-01 3.40462702e-05 2.35919698e-04
3.21521244e-01 -5.57416229e-05 2.32478312e-04
3.22052517e-01 2.38635822e-04 2.31541756e-04
3.22583784e-01 1.74594773e-04 2.32839064e-04
3.23115046e-01 1.90237373e-04 2.34158357e-04
3.23646303e-01 3.21860100e-04 2.30445011e-04
3.24177554e-01 2.79941571e-04 2.31907858e-04
3.24708801e-01 3.25915355e-04 2.27639738e-04
3.25240042e-01 -1.43270706e-04 2.27437085e-04
3.25771278e-01 2.89758441e-04 2.35773087e-04
3.26302508e-01 6.91123437e-04 2.31310612e-04
3.26833734e-01 4.44295616e-04 2.29234852e-04
3.27364954e-01 5.67457725e-04 2.33217450e-04
3.27896169e-01 -1.48936679e-04 2.25131426e-04
3.28427378e-01 3.57465568e-04 2.30127183e-04
3.28958583e-01 2.32813600e-04 2.25861997e-04
3.29489782e-01 6.67598288e-05 2.23228333e-04
3.30020975e-01 2.69170275e-04 2.25487478e-04
3.30552164e-01 1.17117139e-04 2.28938271e-04
3.31083347e-01 3.45162662e-04 2.24604102e-04
3.31614524e-01 2.06092028e-04 2.29087819e-04
3.32145697e-01 1.11828051e-04 2.30273836e-04
3.32676864e-01 7.24412944e-05 2.28557989e-04
3.33208025e-01 -2.83558974e-04 2.23310254e-04
3.33739182e-01 -1.31436514e-04 2.25763439e-04
3.34270333e-01 1.57876707e-04 2.26036006e-04
3.34801478e-01 4.10799491e-04 2.22884638e-04
3.35332618e-01 6.38793205e-06 2.28906279e-04
3.35863753e-01 5.98296211e-04 2.25961086e-04
3.36394883e-01 6.52055988e-04 2.33396038e-04
3.36926007e-01 5.69027747e-04 2.22663407e-04
3.37457125e-01 3.22441845e-04 2.27104041e-04
3.37988238e-01 1.56063872e-04 2.21238990e-04
3.38519346e-01 3.73028292e-05 2.23778764e-04
3.39050448e-01 8.22291638e-05 2.30109924e-04
3.39581545e-01 3.19964671e-04 2.26780101e-04
3.40112636e-01 4.16726994e-04 2.19863578e-04
3.40643722e-01 3.89717159e-04 2.21588980e-04
3.41174802e-01 5.96123582e-04 2.23255687e-04
3.41705877e-01 5.66977211e-05 2.25143457e-04
3.42236946e-01 5.75840547e-04 2.21647733e-04
3.42768010e-01 2.48007225e-04 2.18412496e-04
3.43299068e-01 5.38788093e-04 2.20623767e-04
3.43830121e-01 3.77645386e-04 2.19507954e-04
3.44361168e-01 1.55254402e-04 2.19078657e-04
3.44892210e-01 -8.35636211e-06 2.20156530e-04
3.45423246e-01 7.56734359e-04 2.24566030e-04
3.45954277e-01 5.84455197e-04 2.18147294e-04
3.46485302e-01 2.93190026e-04 2.20340679e-04
3.47016321e-01 1.60219384e-04 2.16724272e-04
3.47547335e-01 5.32515559e-04 2.21032567e-04
3.48078343e-01 -7.39073118e-06 2.18595809e-04
3.48609346e-01 4.08628593e-04 2.20235438e-04
3.49140343e-01 -9.07879299e-05 2.09435234e-04
3.49671334e-01 5.09926952e-04 2.15970724e-04
3.50202320e-01 3.48574963e-05 2.14107191e-04
3.50733300e-01 7.01641259e-04 2.26513035e-04
3.51264275e-01 3.21730380e-04 2.17975307e-04
3.51795244e-01 6.09582630e-04 2.14005433e-04
3.52326207e-01 8.00076653e-04 2.18172211e-04
3.52857164e-01 7.83398956e-05 2.17416536e-04
3.53388116e-01 1.76673760e-04 2.17166185e-04
3.53919062e-01 2.99049059e-04 2.17072758e-04
3.54450003e-01 -5.89496128e-05 2.16919354e-04
3.54980938e-01 2.02669133e-04 2.15828566e-04
3.55511867e-01 2.60409621e-04 2.14728216e-04
3.56042790e-01 5.76086388e-05 2.13896520e-04
3.56573708e-01 3.43238719e-04 2.18049602e-04
3.57104620e-01 4.36170377e-04 2.13744153e-04
3.57635526e-01 5.35459987e-04 2.16489035e-04
3.58166426e-01 2.60767614e-04 2.15234122e-04
3.58697321e-01 2.05172528e-04 2.13573261e-04
3.59228210e-01 2.69617450e-04 2.15520490e-04
3.59759093e-01 2.72646996e-04 2.08768369e-04
3.60289970e-01 -1.47323023e-04 2.12475366e-04
3.60820841e-01 5.24067150e-04 2.14538944e-04
3.61351707e-01 6.11748600e-04 2.13540872e-04
3.61882567e-01 1.23496318e-04 2.12874001e-04
3.62413421e-01 -2.56169880e-04 2.12081146e-04
3.62944269e-01 1.59913459e-04 2.13501781e-04
3.63475112e-01 9.53497099e-05 2.11198376e-04
3.64005948e-01 1.72688396e-04 2.09502122e-04
3.64536779e-01 1.64713211e-04 2.15898506e-04
3.65067604e-01 -1.14708556e-04 2.11809024e-04
3.65598423e-01 2.98119609e-04 2.14742657e-04
3.66129236e-01 6.62651093e-04 2.07623762e-04
3.66660043e-01 2.18638925e-04 2.09817805e-04
3.67190844e-01 1.58716673e-04 2.09050587e-04
3.67721639e-01 2.19614319e-04 2.05751988e-04
3.68252429e-01 8.14067476e-06 2.05500633e-04
3.68783212e-01 2.96958097e-04 2.09689769e-04
3.69313990e-01 5.94680870e-04 2.11183287e-04
3.69844762e-01 -2.29759560e-04 2.06483752e-04
3.70375527e-01 2.82275485e-04 2.10174603e-04
3.70906287e-01 3.23372404e-04 2.08748826e-04
3.71437041e-01 1.22176822e-04 2.08752135e-04
3.71967789e-01 3.57432348e-04 2.06484165e-04
3.72498531e-01 2.22885260e-04 2.03392759e-04
3.73029266e-01 -6.23880115e-06 2.05803879e-04
3.73559996e-01 3.23378341e-04 2.07353278e-04
3.74090720e-01 1.81120666e-04 2.08407972e-04
3.74621438e-01 3.44517480e-04 2.05821805e-04
3.75152150e-01 6.56288847e-04 2.08551587e-04
3.75682855e-01 4.14403112e-04 2.08478183e-04
3.76213555e-01 5.95156870e-04 2.10287531e-04
3.76744249e-01 5.15736631e-04 2.08113931e-04
3.77274936e-01 1.48163757e-04 2.07066565e-04
3.77805618e-01 6.22604633e-04 2.07629499e-04
3.78336293e-01 3.90862138e-04 2.08763820e-04
3.78866963e-01 3.37410736e-05 2.04146538e-04
3.79397626e-01 2.68055652e-04 2.06363725e-04
3.79928283e-01 4.47265759e-04 2.07788072e-04
3.80458934e-01 3.41398437e-04 2.06030502e-04
3.80989579e-01 1.42627612e-04 2.07685389e-04
3.81520218e-01 2.62764799e-04 2.10394085e-04
3.82050851e-01 -3.74455525e-06 2.09574848e-04
3.82581478e-01 3.70031462e-04 2.11686920e-04
3.83112098e-01 5.20716341e-04 2.10482449e-04
3.83642712e-01 1.12811370e-04 2.10896497e-04
3.84173320e-01 -5.12637332e-05 2.12333542e-04
3.84703922e-01 2.33878197e-04 2.05939255e-04
3.85234518e-01 1.31727460e-04 2.12747423e-04
3.85765108e-01 2.15742222e-04 2.07902196e-04
3.86295691e-01 4.57897900e-04 2.10788481e-04
3.86826268e-01 3.43714641e-04 2.09240696e-04
3.87356839e-01 1.63059184e-04 2.10390023e-04
3.87887404e-01 3.96232601e-05 2.05092729e-04
3.88417962e-01 5.58768589e-04 2.14520152e-04
3.88948514e-01 3.44219309e-04 2.08734777e-04
3.89479060e-01 1.42486693e-04 2.07242245e-04
3.90009600e-01 -2.54152798e-05 2.00268944e-04
3.90540134e-01 -3.08269381e-05 2.06928110e-04
3.91070661e-01 -5.51276680e-08 2.08787904e-04
3.91601182e-01 1.61832755e-05 2.08634961e-04
3.92131696e-01 3.20065433e-04 2.05919300e-04
3.92662205e-01 3.65217566e-04 2.08631118e-04
3.93192707e-01 5.30387972e-04 2.09822568e-04
3.93723202e-01 1.62168766e-04 2.04536164e-04
3.94253692e-01 1.48402494e-04 2.06927967e-04
3.94784175e-01 -1.03305769e-04 2.11114371e-04
3.95314651e-01 7.19116759e-04 2.10718329e-04
3.95845122e-01 9.80488745e-05 2.08208653e-04
3.96375585e-01 4.34244819e-04 2.11666157e-04
3.96906043e-01 1.87171947e-04 2.10131801e-04
3.97436494e-01 -5.65400049e-05 2.10278160e-04
3.97966939e-01 5.12051065e-04 2.13587883e-04
3.98497377e-01 1.81203681e-04 2.10687020e-04
3.99027809e-01 4.07335772e-04 2.11371907e-04
3.99558235e-01 2.43776651e-04 2.13221241e-04
4.00088654e-01 2.30417596e-04 2.15692858e-04
4.00619067e-01 -1.97633610e-04 2.11251584e-04
4.01149473e-01 2.14269320e-04 2.15979264e-04
4.01679873e-01 1.89875350e-04 2.18482347e-04
4.02210267e-01 1.33336265e-04 2.15845969e-04
4.02740654e-01 6.03404084e-05 2.14026742e-04
4.03271034e-01 4.61163509e-04 2.14863192e-04
4.03801408e-01 3.78677057e-04 2.14361728e-04
4.04331776e-01 2.96715917e-04 2.16410236e-04
4.04862137e-01 2.03910904e-05 2.20343019e-04
4.05392491e-01 2.01785179e-04 2.20669681e-04
4.05922839e-01 6.21765874e-04 2.20974714e-04
4.06453181e-01 3.83891301e-04 2.21270452e-04
4.06983516e-01 3.34755125e-04 2.23510822e-04
4.07513844e-01 4.62840886e-04 2.21943413e-04
4.08044166e-01 1.05639862e-04 2.27487931e-04
4.08574481e-01 2.12092443e-04 2.25649660e-04
4.09104790e-01 3.69740271e-04 2.23033000e-04
4.09635092e-01 1.69065929e-04 2.27431159e-04
4.10165388e-01 1.68625474e-04 2.24687185e-04
4.10695677e-01 2.62852294e-04 2.23134803e-04
4.11225960e-01 3.55125204e-04 2.51177210e-04
4.11756235e-01 4.25625530e-04 2.57451105e-04
4.12286505e-01 -1.34910725e-04 2.63825260e-04
4.12816767e-01 4.92396412e-04 2.87425704e-04
4.13347023e-01 3.52848341e-05 2.98625801e-04
4.13877273e-01 -1.36110903e-04 3.12529024e-04
4.14407515e-01 1.98614160e-05 3.28760537e-04
4.14937751e-01 2.10421194e-04 3.35840528e-04
4.15467981e-01 3.09538425e-04 3.49202904e-04
4.15998203e-01 -4.33481124e-04 3.51368277e-04
4.16528419e-01 -3.33172018e-04 3.51942471e-04
4.17058629e-01 5.18200920e-04 3.52883118e-04
4.17588831e-01 7.70832539e-04 3.58891139e-04
4.18119027e-01 2.79926792e-04 4.02561857e-04
4.18649217e-01 1.45484444e-03 5.31451783e-04
4.19179399e-01 1.06890352e-03 1.25742455e-03
