7.45980241e-03 2.91724874e-02 3.34510749e-02
7.99264482e-03 1.46480133e-02 2.04942558e-02
8.52548709e-03 1.85460307e-02 1.36106554e-02
9.05832923e-03 2.70611689e-02 1.20880839e-02
9.59117122e-03 2.20810720e-02 1.08378574e-02
1.01240131e-02 2.13592459e-02 8.64569137e-03
1.06568547e-02 1.66540270e-02 7.91198566e-03
1.11896962e-02 1.59355733e-02 5.49377886e-03
1.17225375e-02 2.47016428e-02 4.31185522e-03
1.22553787e-02 2.13097820e-02 3.57880818e-03
1.27882196e-02 2.16522865e-02 3.13362741e-03
1.33210603e-02 2.13351766e-02 2.60615629e-03
1.38539008e-02 1.88234448e-02 2.27590889e-03
1.43867411e-02 1.94828572e-02 2.27741275e-03
1.49195812e-02 1.73159165e-02 1.92859559e-03
1.54524210e-02 1.79702075e-02 1.81389185e-03
1.59852605e-02 1.64641813e-02 1.61336404e-03
1.65180998e-02 1.26085472e-02 1.72305828e-03
1.70509389e-02 1.59968993e-02 1.56171304e-03
1.75837776e-02 1.57236464e-02 1.39408970e-03
1.81166161e-02 1.87541650e-02 1.44842774e-03
1.86494543e-02 1.56263544e-02 1.48673872e-03
1.91822922e-02 1.66126019e-02 1.41970526e-03
1.97151297e-02 1.63881277e-02 1.47025499e-03
2.02479670e-02 1.58151170e-02 1.27270612e-03
2.07808039e-02 1.61575984e-02 1.18533941e-03
2.13136405e-02 1.56451347e-02 1.23918925e-03
2.18464767e-02 1.31327042e-02 1.13769862e-03
2.23793126e-02 1.47474763e-02 1.21503375e-03
2.29121481e-02 1.45924478e-02 1.18103725e-03
2.34449833e-02 1.61709680e-02 1.08647708e-03
2.39778181e-02 1.45809684e-02 1.08119558e-03
2.45106524e-02 1.46662564e-02 1.11565775e-03
2.50434864e-02 1.11940946e-02 1.05209745e-03
2.55763200e-02 1.21390716e-02 9.98175714e-04
2.61091532e-02 1.20016517e-02 1.02693777e-03
2.66419859e-02 1.41364336e-02 1.05261090e-03
2.71748182e-02 1.40495562e-02 1.00282020e-03
2.77076501e-02 1.14912874e-02 9.56432034e-04
2.82404815e-02 1.10554310e-02 9.62328277e-04
2.87733125e-02 1.20279420e-02 1.01761973e-03
2.93061430e-02 1.14743616e-02 8.91646283e-04
2.98389731e-02 1.13208373e-02 1.00200602e-03
3.03718026e-02 1.10616443e-02 8.88475212e-04
3.09046317e-02 9.16500206e-03 9.23988016e-04
3.14374602e-02 1.00860004e-02 8.90538188e-04
3.19702883e-02 1.07115913e-02 8.41644961e-04
3.25031158e-02 1.04761168e-02 8.84312021e-04
3.30359428e-02 9.47281034e-03 8.71310052e-04
3.35687693e-02 9.60035584e-03 8.77876721e-04
3.41015952e-02 1.02409178e-02 8.53442064e-04
3.46344206e-02 1.03864672e-02 8.05070340e-04
3.51672454e-02 9.82220513e-03 8.40195632e-04
3.57000696e-02 8.91537990e-03 8.24768461e-04
3.62328933e-02 9.53394826e-03 8.18714913e-04
3.67657164e-02 8.74690641e-03 7.79515111e-04
3.72985389e-02 8.69863423e-03 7.86762308e-04
3.78313608e-02 8.22327709e-03 7.45288347e-04
3.83641820e-02 7.04233111e-03 7.61360117e-04
3.88970027e-02 6.28574181e-03 7.36111976e-04
3.94298227e-02 8.70759123e-03 7.85538426e-04
3.99626421e-02 7.33265556e-03 7.28766277e-04
4.04954608e-02 7.39443141e-03 7.11813319e-04
4.10282789e-02 8.32216910e-03 7.54573717e-04
4.15610963e-02 7.18737777e-03 7.56134815e-04
4.20939131e-02 7.39238617e-03 7.47595022e-04
4.26267291e-02 7.47905273e-03 7.54045064e-04
4.31595445e-02 6.65528836e-03 7.58309871e-04
4.36923592e-02 5.69539593e-03 7.83520627e-04
4.42251732e-02 6.56813824e-03 8.05655302e-04
4.47579864e-02 6.39200584e-03 7.73677440e-04
4.52907989e-02 6.69940420e-03 7.48531471e-04
4.58236107e-02 6.59342801e-03 7.42202804e-04
4.63564218e-02 6.30865241e-03 7.62854243e-04
4.68892321e-02 6.47149128e-03 7.62155969e-04
4.74220417e-02 5.06478821e-03 7.48103215e-04
4.79548504e-02 6.23451547e-03 7.47212764e-04
4.84876584e-02 6.44258991e-03 7.30606369e-04
4.90204657e-02 5.27582963e-03 7.60069160e-04
4.95532721e-02 5.53956922e-03 7.49984565e-04
5.00860777e-02 5.19976791e-03 6.93729402e-04
5.06188825e-02 5.38684243e-03 7.06116249e-04
5.11516865e-02 4.67243412e-03 7.06620087e-04
5.16844897e-02 5.60468348e-03 6.84440547e-04
5.22172920e-02 3.51280684e-03 6.77167259e-04
5.27500935e-02 5.19517878e-03 7.24158287e-04
5.32828941e-02 3.54573926e-03 6.87212086e-04
5.38156939e-02 4.11211783e-03 6.84251312e-04
5.43484928e-02 4.64635665e-03 6.64115474e-04
5.48812908e-02 4.85673979e-03 6.18972900e-04
5.54140880e-02 3.81100452e-03 6.47895083e-04
5.59468842e-02 3.93371284e-03 6.60382830e-04
5.64796795e-02 5.39218588e-03 6.50096496e-04
5.70124739e-02 4.37742059e-03 6.38924130e-04
5.75452674e-02 4.41830033e-03 6.22783458e-04
5.80780600e-02 3.71350791e-03 6.17947937e-04
5.86108516e-02 3.72112210e-03 6.36511142e-04
5.91436423e-02 4.01270470e-03 6.37206352e-04
5.96764320e-02 2.78593844e-03 6.21829443e-04
6.02092208e-02 4.47605243e-03 6.04223302e-04
6.07420086e-02 4.03195534e-03 6.30484707e-04
6.12747953e-02 3.99642033e-03 6.10324184e-04
6.18075812e-02 4.60361545e-03 6.11451014e-04
6.23403660e-02 3.63858338e-03 5.93864792e-04
6.28731498e-02 2.18254801e-03 5.99547776e-04
6.34059325e-02 2.95397053e-03 6.13270368e-04
6.39387143e-02 3.74619618e-03 6.13412378e-04
6.44714950e-02 3.55719378e-03 5.99912345e-04
6.50042747e-02 3.99477477e-03 6.28644984e-04
6.55370533e-02 3.79132194e-03 6.06155572e-04
6.60698309e-02 2.65700077e-03 6.20659872e-04
6.66026074e-02 2.30047000e-03 6.13179887e-04
6.71353828e-02 1.27798347e-03 6.18312171e-04
6.76681571e-02 1.25651246e-03 5.86527555e-04
6.82009304e-02 1.64737677e-03 5.72184138e-04
6.87337025e-02 2.10165887e-03 6.09250863e-04
6.92664735e-02 7.75149127e-04 6.01602087e-04
6.97992434e-02 1.31602147e-03 5.86146594e-04
7.03320122e-02 1.37570352e-03 6.02531937e-04
7.08647798e-02 9.57352205e-04 6.12972064e-04
7.13975463e-02 1.05928175e-03 5.80078669e-04
7.19303116e-02 1.06868507e-03 5.83832428e-04
7.24630758e-02 2.15680389e-03 5.81082381e-04
7.29958388e-02 1.80916973e-03 5.65441460e-04
7.35286006e-02 6.31179717e-04 5.77276888e-04
7.40613612e-02 1.95068692e-03 5.81830635e-04
7.45941207e-02 1.49306389e-03 5.76637889e-04
7.51268789e-02 1.47012178e-03 5.27480827e-04
7.56596359e-02 6.66397099e-04 5.41582798e-04
7.61923917e-02 1.84463087e-03 5.42274191e-04
7.67251462e-02 1.84984529e-03 5.35074178e-04
7.72578995e-02 1.16174196e-03 5.54944164e-04
7.77906516e-02 1.17694837e-03 5.44229631e-04
7.83234024e-02 1.50760685e-03 5.36540358e-04
7.88561519e-02 1.40068350e-03 5.41266646e-04
7.93889002e-02 -2.08826970e-04 5.34721807e-04
7.99216472e-02 8.29451110e-04 5.43449643e-04
8.04543928e-02 8.59094558e-04 5.21385240e-04
8.09871372e-02 2.30876252e-04 5.16747712e-04
8.15198803e-02 6.87274912e-04 4.86534204e-04
8.20526220e-02 9.82214671e-04 5.05738931e-04
8.25853624e-02 1.02603685e-03 5.24682813e-04
8.31181015e-02 7.97893687e-04 5.17101743e-04
8.36508393e-02 9.78407098e-04 5.06617245e-04
8.41835757e-02 6.21427945e-04 5.00472414e-04
8.47163107e-02 7.96695053e-04 5.17875769e-04
8.52490443e-02 1.03779133e-03 5.10873494e-04
8.57817766e-02 8.29621721e-04 5.13511635e-04
8.63145075e-02 1.29606074e-03 5.07462209e-04
8.68472370e-02 -4.39100644e-05 5.01389189e-04
8.73799651e-02 -4.63564982e-04 4.91509391e-04
8.79126918e-02 1.17088843e-03 4.92466259e-04
8.84454170e-02 2.75712833e-04 4.86935240e-04
8.89781408e-02 3.25197904e-04 5.10377581e-04
8.95108632e-02 2.09984071e-04 4.90230703e-04
9.00435842e-02 6.78668536e-04 4.88611324e-04
9.05763036e-02 -2.49854786e-04 4.89859147e-04
9.11090217e-02 -8.36369594e-05 4.84091712e-04
9.16417382e-02 1.52255370e-03 4.95750755e-04
9.21744532e-02 1.70928939e-04 4.75854447e-04
9.27071668e-02 5.38608376e-04 4.62485447e-04
9.32398789e-02 -7.07079241e-05 4.69580202e-04
9.37725894e-02 4.64090085e-04 4.82134889e-04
9.43052985e-02 7.67973697e-04 4.65895496e-04
9.48380060e-02 6.86523699e-04 4.84616571e-04
9.53707120e-02 -9.85668107e-05 4.73633154e-04
9.59034164e-02 1.48700886e-04 4.67949893e-04
9.64361193e-02 1.42733932e-04 4.61479531e-04
9.69688206e-02 2.29552866e-04 4.58520154e-04
9.75015204e-02 -2.17355729e-04 4.71454480e-04
9.80342186e-02 3.01778513e-06 4.64769528e-04
9.85669152e-02 4.41139828e-05 4.63296130e-04
9.90996102e-02 5.07081958e-04 4.66606370e-04
9.96323036e-02 -1.34806303e-03 4.39741938e-04
1.00164995e-01 -3.15783619e-04 4.40036709e-04
1.00697686e-01 8.06576537e-04 4.59585025e-04
1.01230374e-01 1.11945843e-03 4.57320909e-04
1.01763061e-01 8.41073135e-04 4.35658551e-04
1.02295746e-01 1.63589345e-04 4.47794718e-04
1.02828430e-01 4.69558717e-04 4.47720688e-04
1.03361112e-01 -8.27097780e-05 4.46580861e-04
1.03893792e-01 5.53508204e-04 4.40585540e-04
1.04426471e-01 4.81043827e-04 4.35564769e-04
1.04959148e-01 -4.66973763e-05 4.33791769e-04
1.05491823e-01 7.76559367e-04 4.38843206e-04
1.06024496e-01 2.27821095e-04 4.37368091e-04
1.06557168e-01 4.21932089e-04 4.35308385e-04
1.07089838e-01 -1.26702700e-05 4.39612124e-04
1.07622506e-01 4.29273089e-05 4.34206907e-04
1.08155173e-01 2.89695285e-04 4.22631203e-04
1.08687838e-01 3.73563628e-04 4.34159237e-04
1.09220501e-01 -3.46478569e-04 4.28736075e-04
1.09753162e-01 -3.06140469e-04 4.30474474e-04
1.10285822e-01 3.34309895e-04 4.31947457e-04
1.10818479e-01 -4.61466669e-04 4.24171140e-04
1.11351135e-01 -4.50763214e-04 4.25036585e-04
1.11883790e-01 -8.19273683e-04 4.32623691e-04
1.12416442e-01 -5.44801415e-04 4.31064733e-04
1.12949092e-01 4.91876630e-04 4.26758271e-04
1.13481741e-01 1.29653235e-04 4.35538288e-04
1.14014388e-01 5.64346385e-04 4.15769810e-04
1.14547033e-01 1.47773443e-04 4.22440028e-04
1.15079676e-01 8.29835588e-04 4.14749891e-04
1.15612318e-01 -2.70444113e-04 4.16082195e-04
1.16144957e-01 7.06128515e-04 4.20331144e-04
1.16677595e-01 3.28330769e-04 4.27524289e-04
1.17210230e-01 3.62644889e-04 4.24130273e-04
1.17742864e-01 2.37738859e-04 4.23991457e-04
1.18275496e-01 -1.23515304e-04 4.08318236e-04
1.18808126e-01 6.41421752e-04 4.05679863e-04
1.19340754e-01 5.16711722e-05 4.06558497e-04
1.19873380e-01 -8.76163274e-04 3.99095771e-04
1.20406004e-01 1.29548200e-04 4.08600650e-04
1.20938626e-01 -1.76734156e-04 4.02836540e-04
1.21471247e-01 -3.62776346e-04 4.15897788e-04
1.22003865e-01 -4.83302645e-04 4.10365920e-04
1.22536481e-01 5.44223122e-04 4.04551891e-04
1.23069096e-01 5.71013251e-04 4.09842591e-04
1.23601708e-01 2.90853021e-04 3.92870145e-04
1.24134318e-01 9.54055674e-05 4.01850133e-04
1.24666927e-01 -3.60799996e-04 4.00387709e-04
1.25199533e-01 -4.35662345e-04 3.92080298e-04
1.25732137e-01 1.82379508e-04 3.99047852e-04
1.26264740e-01 1.45855915e-04 3.96359656e-04
1.26797340e-01 1.97710142e-05 3.89404434e-04
1.27329938e-01 4.26962915e-04 3.90612728e-04
1.27862534e-01 -1.66984798e-04 3.82644644e-04
1.28395128e-01 6.17533788e-04 3.88221651e-04
1.28927720e-01 3.35855422e-05 3.87231540e-04
1.29460310e-01 4.80853655e-04 4.05062631e-04
1.29992898e-01 -2.30984536e-05 3.89263375e-04
1.30525484e-01 5.25258408e-04 3.98296096e-04
1.31058067e-01 3.30766628e-04 4.13051245e-04
1.31590649e-01 6.73178644e-05 4.10477249e-04
1.32123228e-01 -1.77273386e-04 4.11687605e-04
1.32655805e-01 3.86046230e-04 3.95607515e-04
1.33188380e-01 4.91345400e-04 4.06449853e-04
1.33720953e-01 -2.56914372e-04 4.06423879e-04
1.34253524e-01 -1.77232026e-04 3.97310686e-04
1.34786093e-01 1.09732068e-04 3.93918127e-04
1.35318659e-01 3.36327996e-04 3.95079813e-04
1.35851223e-01 -9.13949604e-05 3.86946867e-04
1.36383785e-01 -3.87492311e-05 3.88095494e-04
1.36916345e-01 -5.68411772e-04 3.93327526e-04
1.37448903e-01 1.36079338e-04 3.87667125e-04
1.37981458e-01 1.80245511e-04 3.83646178e-04
1.38514011e-01 5.57629587e-04 3.86300049e-04
1.39046562e-01 3.27206895e-04 3.84883627e-04
1.39579111e-01 7.89831203e-04 3.82241023e-04
1.40111657e-01 -1.37698678e-04 3.79748025e-04
1.40644201e-01 1.68631388e-04 3.87696304e-04
1.41176743e-01 -4.71791451e-04 3.71777289e-04
1.41709283e-01 -1.00502343e-04 3.77854984e-04
1.42241820e-01 1.38593590e-04 3.84070735e-04
1.42774355e-01 -8.00668259e-05 3.74238059e-04
1.43306888e-01 3.94822094e-04 3.71418603e-04
1.43839418e-01 -3.65855442e-04 3.79057786e-04
1.44371946e-01 -8.05518822e-06 3.80921097e-04
1.44904472e-01 -2.37992478e-04 3.66020449e-04
1.45436995e-01 -4.00059075e-05 3.74476205e-04
1.45969516e-01 -1.01055629e-04 3.72563221e-04
1.46502035e-01 -4.45566831e-04 3.72196685e-04
1.47034551e-01 1.04317235e-04 3.69029960e-04
1.47567065e-01 -2.05016605e-04 3.70651503e-04
1.48099577e-01 1.17328058e-04 3.69203550e-04
1.48632086e-01 -1.07698329e-04 3.64838096e-04
1.49164593e-01 -2.74664348e-04 3.65110339e-04
1.49697097e-01 2.54462846e-04 3.66201556e-04
1.50229599e-01 -1.71324177e-04 3.52109671e-04
1.50762098e-01 2.93286268e-04 3.58563428e-04
1.51294595e-01 4.79053568e-05 3.66166000e-04
1.51827090e-01 2.56468103e-04 3.72699961e-04
1.52359582e-01 1.61305742e-04 3.67945007e-04
1.52892072e-01 4.56591856e-04 3.65017913e-04
1.53424559e-01 4.78654941e-04 3.64435158e-04
1.53957044e-01 1.10966061e-04 3.58830448e-04
1.54489526e-01 -1.38681863e-05 3.57709289e-04
1.55022006e-01 1.24103233e-05 3.64028593e-04
1.55554483e-01 -1.65301512e-05 3.69386269e-04
1.56086958e-01 3.52788449e-04 3.67398015e-04
1.56619430e-01 1.61335168e-04 3.62615488e-04
1.57151899e-01 1.16717845e-04 3.65968929e-04
1.57684366e-01 2.05241911e-04 3.71622278e-04
1.58216831e-01 5.79771138e-04 3.72576435e-04
1.58749293e-01 4.20600201e-04 3.69779939e-04
1.59281752e-01 6.06026649e-04 3.65351800e-04
1.59814209e-01 5.07398353e-04 3.67114730e-04
1.60346664e-01 3.15209638e-04 3.74507925e-04
1.60879115e-01 -1.44514996e-04 3.66154255e-04
1.61411564e-01 -1.97646676e-04 3.71000435e-04
1.61944011e-01 1.67219780e-04 3.67792219e-04
1.62476455e-01 1.56361913e-04 3.68131707e-04
1.63008896e-01 3.59124706e-04 3.67401060e-04
1.63541335e-01 -3.19430232e-04 3.59760495e-04
1.64073771e-01 1.12492342e-04 3.64775400e-04
1.64606204e-01 3.97132015e-04 3.61495121e-04
1.65138635e-01 -1.09454058e-04 3.52365155e-04
1.65671063e-01 -7.72485940e-05 3.56467119e-04
1.66203488e-01 -4.60017154e-04 3.51221656e-04
1.66735910e-01 -5.92189414e-04 3.48432330e-04
1.67268330e-01 -4.49282061e-04 3.52432032e-04
1.67800748e-01 4.75194986e-04 3.53139818e-04
1.68333162e-01 -2.13314204e-04 3.50944000e-04
1.68865574e-01 7.41969080e-05 3.51020378e-04
1.69397983e-01 2.54599168e-04 3.45118016e-04
1.69930389e-01 3.66618586e-04 3.54172317e-04
1.70462793e-01 4.58408423e-04 3.51024748e-04
1.70995194e-01 3.42113521e-04 3.45119115e-04
1.71527592e-01 1.15500209e-04 3.45206630e-04
1.72059987e-01 4.73541746e-04 3.51809627e-04
1.72592380e-01 7.22106448e-05 3.43691187e-04
1.73124769e-01 -1.61707503e-04 3.33175896e-04
1.73657156e-01 -7.22808498e-04 3.34406186e-04
1.74189540e-01 2.17674246e-04 3.39129256e-04
1.74721922e-01 4.47380699e-04 3.41804602e-04
1.75254300e-01 -1.85208434e-04 3.33275081e-04
1.75786676e-01 -6.39456148e-06 3.29512638e-04
1.76319049e-01 -3.21611793e-04 3.32185750e-04
1.76851418e-01 -1.04984484e-05 3.41469588e-04
1.77383786e-01 -8.29383179e-05 3.46902971e-04
1.77916150e-01 2.18914556e-04 3.48574959e-04
1.78448511e-01 -5.36132980e-04 3.45467966e-04
1.78980870e-01 -3.10116871e-04 3.46188267e-04
1.79513225e-01 -5.22163286e-05 3.45368799e-04
1.80045578e-01 -5.51882846e-05 3.49656663e-04
1.80577928e-01 -5.76811557e-04 3.36275448e-04
1.81110275e-01 -2.44251513e-05 3.53705583e-04
1.81642618e-01 1.07448072e-05 3.41950242e-04
1.82174959e-01 3.36035712e-05 3.38789718e-04
1.82707297e-01 3.28493890e-04 3.43459415e-04
1.83239633e-01 1.35167409e-04 3.52585841e-04
1.83771965e-01 1.25205569e-04 3.50681912e-04
1.84304294e-01 1.92369564e-04 3.45295927e-04
1.84836620e-01 -7.47036481e-05 3.41636854e-04
1.85368943e-01 -2.40408057e-04 3.41405146e-04
1.85901263e-01 5.38486738e-04 3.39130646e-04
1.86433581e-01 4.94804780e-04 3.39592028e-04
1.86965895e-01 -3.85896524e-04 3.36502449e-04
1.87498206e-01 -3.33452050e-04 3.31282107e-04
1.88030514e-01 -1.97457676e-04 3.29397634e-04
1.88562819e-01 3.43323128e-04 3.27666221e-04
1.89095121e-01 1.30096409e-04 3.30472119e-04
1.89627420e-01 6.41788485e-04 3.28895361e-04
1.90159716e-01 3.73181473e-05 3.23957080e-04
1.90692009e-01 1.08352046e-03 3.35630358e-04
1.91224299e-01 5.09411913e-04 3.33277258e-04
1.91756586e-01 1.30612003e-05 3.19181665e-04
1.92288869e-01 3.58023136e-04 3.26494200e-04
1.92821150e-01 5.23976710e-04 3.26179102e-04
1.93353427e-01 5.34217879e-05 3.22097080e-04
1.93885701e-01 4.13928638e-04 3.23024257e-04
1.94417972e-01 1.21745474e-04 3.19193536e-04
1.94950240e-01 -2.55570505e-04 3.16940280e-04
1.95482505e-01 4.31605805e-04 3.23963687e-04
1.96014767e-01 1.45324772e-04 3.27300797e-04
1.96547025e-01 -1.23946470e-04 3.15968201e-04
1.97079281e-01 3.68993680e-04 3.17545757e-04
1.97611533e-01 2.62080417e-04 3.11400772e-04
1.98143782e-01 6.51759232e-05 3.15358470e-04
1.98676028e-01 -2.30888135e-04 3.14199393e-04
1.99208270e-01 2.67808453e-04 3.14506239e-04
1.99740510e-01 -4.54222744e-04 3.00361098e-04
2.00272746e-01 -4.23155512e-05 3.13536460e-04
2.00804978e-01 5.30043897e-04 3.11696841e-04
2.01337208e-01 -3.62981448e-04 3.12826254e-04
2.01869434e-01 2.10211778e-04 3.14980725e-04
2.02401658e-01 3.97495944e-04 3.11665777e-04
2.02933877e-01 -1.79163670e-04 3.10916862e-04
2.03466094e-01 4.21379526e-05 3.05672514e-04
2.03998307e-01 1.36846925e-04 3.06442047e-04
2.04530517e-01 -1.13469612e-04 3.09681355e-04
2.05062724e-01 4.04057076e-04 3.05716765e-04
2.05594927e-01 -3.53508591e-04 3.06139094e-04
2.06127127e-01 -1.24487714e-04 3.07139416e-04
2.06659324e-01 1.78110752e-04 3.02174759e-04
2.07191517e-01 2.81568333e-05 3.09115969e-04
2.07723707e-01 -4.71036424e-04 2.98390313e-04
2.08255894e-01 3.11870466e-05 3.05191185e-04
2.08788077e-01 2.84209252e-04 2.97022029e-04
2.09320257e-01 1.21299781e-04 3.04668529e-04
2.09852434e-01 5.65267066e-04 3.06919539e-04
2.10384607e-01 1.84250057e-04 3.08526417e-04
2.10916777e-01 5.40049550e-05 3.00196097e-04
2.11448943e-01 3.22120908e-04 2.94749792e-04
2.11981106e-01 1.95233481e-04 2.96338406e-04
2.12513266e-01 -7.31136624e-05 3.01424527e-04
2.13045422e-01 9.43849290e-04 2.99251521e-04
2.13577575e-01 -1.75313561e-04 2.97853615e-04
2.14109724e-01 2.05876017e-04 3.01252973e-04
2.14641870e-01 4.81978938e-04 3.03245275e-04
2.15174012e-01 4.47983088e-04 2.98115060e-04
2.15706151e-01 -1.07516516e-04 3.01128572e-04
2.16238286e-01 -1.49043254e-04 2.95143972e-04
2.16770418e-01 -1.68150595e-04 2.95818455e-04
2.17302546e-01 -2.02421491e-04 2.91740792e-04
2.17834671e-01 -9.09660438e-05 2.96950909e-04
2.18366792e-01 -1.93753838e-04 2.93916168e-04
2.18898910e-01 2.14031053e-05 2.93524468e-04
2.19431024e-01 -1.28071708e-07 3.01512195e-04
2.19963135e-01 -5.69925872e-04 2.90525105e-04
2.20495242e-01 3.39024861e-04 2.88901190e-04
2.21027346e-01 5.40927843e-04 2.93967683e-04
2.21559446e-01 -1.01763618e-04 2.93523263e-04
2.22091542e-01 5.04285111e-05 2.87997101e-04
2.22623635e-01 -4.42053064e-04 2.84097289e-04
2.23155724e-01 1.65935802e-04 2.85127425e-04
2.23687810e-01 2.15972741e-04 2.91262855e-04
2.24219892e-01 -4.74559868e-04 2.82901127e-04
2.24751971e-01 -3.45932813e-04 2.80216749e-04
2.25284045e-01 1.65989377e-04 2.89793891e-04
2.25816117e-01 -1.60006384e-05 2.83734757e-04
2.26348184e-01 2.28770492e-04 2.87506134e-04
2.26880248e-01 -6.08540601e-04 2.81770609e-04
2.27412308e-01 2.59282416e-04 2.88636248e-04
2.27944365e-01 4.52225336e-04 2.76972147e-04
2.28476418e-01 1.59759924e-04 2.81320194e-04
2.29008467e-01 -1.72589973e-04 2.91275165e-04
2.29540512e-01 3.53579820e-05 2.84411934e-04
2.30072554e-01 -3.49136964e-04 2.87657293e-04
2.30604592e-01 -1.90871594e-04 2.83557926e-04
2.31136626e-01 4.16884359e-04 2.82043869e-04
2.31668657e-01 -2.72428990e-04 2.79503342e-04
2.32200684e-01 1.27387587e-04 2.79239216e-04
2.32732707e-01 -2.85780912e-04 2.77399165e-04
2.33264726e-01 -2.97726955e-05 2.80019880e-04
2.33796742e-01 1.94113044e-04 2.81849769e-04
2.34328754e-01 7.04295920e-05 2.80136584e-04
2.34860762e-01 2.94089121e-04 2.86773971e-04
2.35392766e-01 -1.10093141e-04 2.82602930e-04
2.35924766e-01 1.46019675e-04 2.79913868e-04
2.36456763e-01 -1.03070582e-07 2.77201393e-04
2.36988756e-01 8.73231985e-05 2.77630572e-04
2.37520745e-01 5.22406220e-04 2.78426898e-04
2.38052730e-01 1.93098686e-04 2.78071944e-04
2.38584711e-01 3.97349802e-04 2.78374816e-04
2.39116689e-01 -2.97022157e-04 2.72581144e-04
2.39648662e-01 -2.84938535e-04 2.72762742e-04
2.40180632e-01 2.53090198e-04 2.77742761e-04
2.40712598e-01 1.56396638e-04 2.74790923e-04
2.41244560e-01 -2.42368839e-04 2.66434762e-04
2.41776518e-01 3.45881306e-04 2.77655310e-04
2.42308472e-01 5.34152726e-04 2.78896302e-04
2.42840423e-01 -3.04021729e-04 2.72313935e-04
2.43372369e-01 1.94781492e-04 2.77821191e-04
2.43904311e-01 3.33730586e-04 2.73961802e-04
2.44436250e-01 -1.83771326e-04 2.74418611e-04
2.44968184e-01 9.64717230e-05 2.69503482e-04
2.45500115e-01 7.20272180e-05 2.72787083e-04
2.46032042e-01 -3.00502296e-05 2.75382453e-04
2.46563964e-01 -2.21006872e-05 2.70534538e-04
2.47095883e-01 -2.01078414e-04 2.71176217e-04
2.47627798e-01 3.74602372e-05 2.68525807e-04
2.48159708e-01 9.81262705e-05 2.67583902e-04
2.48691615e-01 -2.81741996e-04 2.67040345e-04
2.49223518e-01 7.21007647e-05 2.73878840e-04
2.49755416e-01 -4.66470814e-04 2.72480651e-04
2.50287311e-01 3.91184985e-04 2.67717715e-04
2.50819201e-01 8.85861650e-05 2.69981651e-04
2.51351088e-01 1.35176154e-05 2.69214018e-04
2.51882971e-01 -4.54508079e-05 2.65008496e-04
2.52414849e-01 -2.56670144e-04 2.68762921e-04
2.52946723e-01 -1.52191873e-04 2.68094363e-04
2.53478594e-01 5.25113577e-04 2.71272626e-04
2.54010460e-01 4.31627481e-04 2.70538265e-04
2.54542322e-01 -3.86700409e-05 2.60536996e-04
2.55074180e-01 3.22166127e-05 2.64030040e-04
2.55606034e-01 -6.27057297e-05 2.73423338e-04
2.56137883e-01 2.19681694e-04 2.65855445e-04
2.56669729e-01 -1.39611190e-04 2.70307800e-04
2.57201570e-01 -5.68307149e-05 2.64247773e-04
2.57733408e-01 -1.26429121e-04 2.61215214e-04
2.58265241e-01 -1.71512736e-05 2.60888485e-04
2.58797070e-01 4.49594363e-04 2.65352808e-04
2.59328895e-01 4.16352575e-04 2.62872514e-04
2.59860715e-01 -9.95007041e-05 2.59256766e-04
2.60392532e-01 -1.85511429e-04 2.65787540e-04
2.60924344e-01 -5.61330769e-04 2.56475759e-04
2.61456152e-01 -6.09732329e-04 2.61858761e-04
2.61987956e-01 -4.14130217e-05 2.62443244e-04
2.62519755e-01 1.19084299e-04 2.61638303e-04
2.63051551e-01 5.92755855e-04 2.61397748e-04
2.63583342e-01 -8.37842146e-05 2.64251814e-04
2.64115129e-01 1.63179886e-04 2.62048536e-04
2.64646911e-01 4.38398233e-04 2.61572338e-04
2.65178690e-01 1.25348303e-04 2.58006812e-04
2.65710464e-01 2.87058682e-04 2.62793317e-04
2.66242233e-01 -1.52847488e-04 2.60629948e-04
2.66773999e-01 -1.66160595e-04 2.58712106e-04
2.67305760e-01 3.42375371e-05 2.55860134e-04
2.67837517e-01 -3.08779881e-04 2.56186858e-04
2.68369269e-01 -5.83503239e-05 2.60753036e-04
2.68901018e-01 -4.54884156e-05 2.63425049e-04
2.69432761e-01 -2.06992205e-04 2.63318599e-04
2.69964501e-01 2.60919427e-04 2.67861711e-04
2.70496236e-01 -1.54320200e-04 2.67169001e-04
2.71027967e-01 1.74983084e-04 2.65301313e-04
2.71559693e-01 -4.30082533e-06 2.63417099e-04
2.72091415e-01 4.26931004e-05 2.63516224e-04
2.72623133e-01 5.77262106e-04 2.69987328e-04
2.73154846e-01 7.25436025e-04 2.70074086e-04
2.73686555e-01 -2.19760640e-05 2.60938426e-04
2.74218260e-01 -1.25834186e-04 2.66044633e-04
2.74749960e-01 -9.80984099e-05 2.69484670e-04
2.75281655e-01 -2.31926451e-04 2.56199864e-04
2.75813346e-01 -3.80461770e-04 2.65341567e-04
2.76345033e-01 7.13359536e-05 2.64297480e-04
2.76876715e-01 -4.95544815e-04 2.53737211e-04
2.77408393e-01 2.56289738e-04 2.59464625e-04
2.77940066e-01 -1.67270233e-04 2.58204155e-04
2.78471735e-01 6.19998720e-05 2.61485352e-04
2.79003400e-01 4.99935584e-05 2.55925436e-04
2.79535059e-01 5.41365444e-05 2.54102718e-04
2.80066715e-01 2.29676963e-04 2.59420638e-04
2.80598366e-01 2.40668124e-04 2.55317666e-04
2.81130012e-01 3.09895421e-04 2.49979113e-04
2.81661654e-01 3.37938127e-04 2.52835662e-04
2.82193291e-01 -1.50045574e-04 2.57016422e-04
2.82724923e-01 -2.53784136e-04 2.53777872e-04
2.83256552e-01 1.17504828e-04 2.51265578e-04
2.83788175e-01 -6.49707907e-05 2.49357268e-04
2.84319794e-01 4.77423365e-04 2.51093386e-04
2.84851408e-01 -2.99892932e-05 2.50647878e-04
2.85383018e-01 -8.25491906e-05 2.47687173e-04
2.85914623e-01 2.73623860e-04 2.49030813e-04
2.86446224e-01 1.83606881e-04 2.48673307e-04
2.86977820e-01 2.35211740e-04 2.50597965e-04
2.87509411e-01 4.50440907e-04 2.52629222e-04
2.88040998e-01 -9.38202042e-06 2.48810069e-04
2.88572580e-01 1.57388409e-04 2.52201562e-04
2.89104157e-01 2.74456169e-04 2.51061003e-04
2.89635730e-01 2.38833713e-05 2.47667718e-04
2.90167298e-01 -1.20715899e-04 2.54762313e-04
2.90698862e-01 2.92781921e-04 2.50274588e-04
2.91230420e-01 1.98396735e-04 2.48804001e-04
2.91761974e-01 -2.65475037e-04 2.49843285e-04
2.92293524e-01 -1.81807421e-04 2.52514779e-04
2.92825068e-01 3.16737143e-04 2.59010166e-04
2.93356608e-01 4.83391992e-05 2.55710670e-04
2.93888143e-01 -3.69825847e-05 2.50271191e-04
2.94419674e-01 4.46079770e-05 2.55013431e-04
2.94951199e-01 -2.98268023e-04 2.53552834e-04
2.95482720e-01 -3.13599633e-04 2.59757303e-04
2.96014236e-01 1.11312046e-05 2.57517442e-04
2.96545748e-01 -1.08235709e-04 2.54217428e-04
2.97077254e-01 1.42407716e-04 2.49461778e-04
2.97608756e-01 6.86168875e-05 2.48485882e-04
2.98140253e-01 2.79358660e-04 2.48513522e-04
2.98671745e-01 -1.10803883e-04 2.46977122e-04
2.99203233e-01 6.86413202e-05 2.48111989e-04
2.99734715e-01 7.89432102e-06 2.46688154e-04
3.00266193e-01 -1.96103767e-05 2.44428523e-04
3.00797666e-01 -1.02246147e-04 2.43879331e-04
3.01329134e-01 7.35558398e-05 2.43407149e-04
3.01860597e-01 -6.74617291e-05 2.39313930e-04
3.02392056e-01 -8.43087542e-05 2.42273026e-04
3.02923509e-01 -3.10155683e-05 2.44228791e-04
3.03454958e-01 4.25443489e-05 2.40228023e-04
3.03986401e-01 -1.08966170e-04 2.38397532e-04
3.04517840e-01 -2.12699548e-04 2.40111555e-04
3.05049274e-01 2.37264450e-04 2.37736093e-04
3.05580703e-01 2.72767228e-04 2.38938911e-04
3.06112127e-01 2.41025653e-04 2.41578782e-04
3.06643546e-01 2.73492463e-05 2.42360674e-04
3.07174960e-01 -4.76389327e-05 2.40238133e-04
3.07706370e-01 -5.94373358e-05 2.39998855e-04
3.08237774e-01 -8.10861837e-06 2.40550261e-04
3.08769173e-01 -1.18816597e-05 2.35947604e-04
3.09300568e-01 5.66366060e-05 2.36378211e-04
3.09831957e-01 -9.19270278e-05 2.41786949e-04
3.10363341e-01 3.69566914e-04 2.39450260e-04
3.10894721e-01 3.99345883e-04 2.39561800e-04
3.11426095e-01 -7.34685236e-05 2.39180321e-04
3.11957464e-01 1.17638787e-04 2.38337081e-04
3.12488829e-01 -2.94423570e-04 2.35364532e-04
3.13020188e-01 1.92403694e-04 2.42651390e-04
3.13551542e-01 2.47136875e-04 2.35374284e-04
3.14082891e-01 -4.65678500e-05 2.36448711e-04
3.14614235e-01 6.22840307e-05 2.34448016e-04
3.15145574e-01 1.59657103e-04 2.34897197e-04
3.15676908e-01 6.74595655e-04 2.38938569e-04
3.16208237e-01 3.01300970e-04 2.33430000e-04
3.16739561e-01 2.51398581e-04 2.37701960e-04
3.17270880e-01 2.71454962e-04 2.31407784e-04
3.17802193e-01 5.31006541e-05 2.31379565e-04
3.18333502e-01 -2.22712561e-04 2.38456033e-04
3.18864805e-01 -8.54716702e-05 2.32212628e-04
3.19396103e-01 -2.77129899e-04 2.33923488e-04
3.19927396e-01 -1.24995438e-04 2.35354321e-04
3.20458684e-01 1.25361088e-04 2.35072344e-04
3.20989967e-01 4.43500139e-04 2.31844948e-04
3.21521244e-01 -7.16424817e-05 2.25427074e-04
3.22052517e-01 1.93264686e-04 2.33477126e-04
3.22583784e-01 1.85691450e-05 2.32264303e-04
3.23115046e-01 1.83992194e-05 2.31187260e-04
3.23646303e-01 1.21330246e-04 2.28927952e-04
3.24177554e-01 3.21985754e-04 2.30971788e-04
3.24708801e-01 3.66775518e-04 2.28243260e-04
3.25240042e-01 2.47121307e-04 2.30872786e-04
3.25771278e-01 2.38145422e-04 2.31525955e-04
3.26302508e-01 -2.11047099e-04 2.33759489e-04
3.26833734e-01 3.84202238e-05 2.26774464e-04
3.27364954e-01 2.03470196e-04 2.27149317e-04
3.27896169e-01 -3.10733051e-04 2.24121152e-04
3.28427378e-01 -4.20766057e-05 2.26179549e-04
3.28958583e-01 -1.33717717e-05 2.25102215e-04
3.29489782e-01 4.34868196e-04 2.28741345e-04
3.30020975e-01 3.76000632e-05 2.24836992e-04
3.30552164e-01 4.56309252e-05 2.23219160e-04
3.31083347e-01 1.71703247e-04 2.24996023e-04
3.31614524e-01 1.19221286e-04 2.22402650e-04
3.32145697e-01 -3.51592981e-04 2.23585213e-04
3.32676864e-01 1.07861751e-05 2.17176448e-04
3.33208025e-01 -2.29408699e-04 2.23626908e-04
3.33739182e-01 9.97400980e-05 2.23801670e-04
3.34270333e-01 -4.67761739e-05 2.24841526e-04
3.34801478e-01 -1.96950705e-04 2.22588761e-04
3.35332618e-01 -2.84842296e-04 2.24588512e-04
3.35863753e-01 -3.19232369e-05 2.22770840e-04
3.36394883e-01 -3.49063218e-05 2.24195842e-04
3.36926007e-01 -1.12183807e-04 2.23333718e-04
3.37457125e-01 -5.38636734e-06 2.25424769e-04
3.37988238e-01 4.46556159e-04 2.26818514e-04
3.38519346e-01 4.56739436e-05 2.20370684e-04
3.39050448e-01 2.18159704e-04 2.23835828e-04
3.39581545e-01 4.98420202e-04 2.23583762e-04
3.40112636e-01 3.57534357e-04 2.22893868e-04
3.40643722e-01 -2.96130732e-04 2.18485424e-04
3.41174802e-01 2.39099585e-04 2.21811125e-04
3.41705877e-01 -3.39314221e-04 2.18811225e-04
3.42236946e-01 -3.00623426e-05 2.18203598e-04
3.42768010e-01 -2.81493371e-05 2.20650353e-04
3.43299068e-01 4.08530940e-04 2.19219283e-04
3.43830121e-01 -9.03976493e-05 2.16857189e-04
3.44361168e-01 2.40689782e-04 2.21825586e-04
3.44892210e-01 -2.36562873e-04 2.18487097e-04
3.45423246e-01 2.99855788e-04 2.19164291e-04
3.45954277e-01 -5.68472919e-06 2.18228384e-04
3.46485302e-01 4.74772117e-04 2.18176961e-04
3.47016321e-01 2.40492501e-04 2.20027470e-04
3.47547335e-01 -1.36839150e-04 2.17105400e-04
3.48078343e-01 1.57215938e-04 2.12843339e-04
3.48609346e-01 2.34900466e-04 2.18802020e-04
3.49140343e-01 -2.70992758e-04 2.15951347e-04
3.49671334e-01 -2.45075505e-04 2.13972239e-04
3.50202320e-01 -6.12554470e-05 2.10797154e-04
3.50733300e-01 2.50129299e-05 2.18466597e-04
3.51264275e-01 -6.68202754e-06 2.18061921e-04
3.51795244e-01 1.04797349e-04 2.14552175e-04
3.52326207e-01 -1.54396902e-05 2.20742997e-04
3.52857164e-01 3.69702059e-04 2.16120484e-04
3.53388116e-01 2.53646246e-04 2.16796163e-04
3.53919062e-01 3.40311611e-04 2.15729667e-04
3.54450003e-01 1.41548841e-05 2.16851267e-04
3.54980938e-01 -9.33473166e-05 2.12580002e-04
3.55511867e-01 -1.40152997e-04 2.18340901e-04
3.56042790e-01 7.91440687e-05 2.12178491e-04
3.56573708e-01 -4.40495961e-04 2.15392514e-04
3.57104620e-01 3.54289494e-04 2.11537828e-04
3.57635526e-01 4.98109944e-04 2.15366215e-04
3.58166426e-01 -1.89805397e-05 2.13712820e-04
3.58697321e-01 1.16071357e-04 2.14961773e-04
3.59228210e-01 2.12766309e-05 2.15118218e-04
3.59759093e-01 -9.61001083e-05 2.10319932e-04
3.60289970e-01 -2.54340896e-04 2.07792940e-04
3.60820841e-01 5.27813429e-05 2.08690167e-04
3.61351707e-01 2.15509190e-04 2.09849464e-04
3.61882567e-01 4.71480142e-04 2.08018847e-04
3.62413421e-01 2.97250453e-04 2.09094734e-04
3.62944269e-01 3.63081284e-04 2.12898529e-04
3.63475112e-01 -1.71619236e-04 2.08820829e-04
3.64005948e-01 -2.33531697e-04 2.07772181e-04
3.64536779e-01 2.05682410e-04 2.13434677e-04
3.65067604e-01 1.28774963e-04 2.13180970e-04
3.65598423e-01 2.08214897e-04 2.08344695e-04
3.66129236e-01 2.39026847e-04 2.07983276e-04
3.66660043e-01 -3.83844669e-05 2.07423182e-04
3.67190844e-01 -3.34133664e-06 2.05744799e-04
3.67721639e-01 2.23348256e-05 2.11295269e-04
3.68252429e-01 2.10177988e-04 2.06347540e-04
3.68783212e-01 2.37886980e-04 2.07375587e-04
3.69313990e-01 3.95039193e-04 2.08059501e-04
3.69844762e-01 1.13060805e-04 2.03801370e-04
3.70375527e-01 3.83286754e-05 2.10684513e-04
3.70906287e-01 1.47470851e-04 2.06771292e-04
3.71437041e-01 2.07822479e-04 2.05528954e-04
3.71967789e-01 -3.21763558e-05 2.10697531e-04
3.72498531e-01 -2.58026167e-04 2.08699247e-04
3.73029266e-01 -3.11040770e-04 2.03172857e-04
3.73559996e-01 1.10710348e-04 2.05463775e-04
3.74090720e-01 1.42099482e-04 2.03049574e-04
3.74621438e-01 1.11702097e-06 2.05722918e-04
3.75152150e-01 -4.15067394e-05 2.05622019e-04
3.75682855e-01 2.71909070e-05 2.03028964e-04
3.76213555e-01 2.17832803e-05 2.07994543e-04
3.76744249e-01 -1.92516466e-04 2.02060433e-04
3.77274936e-01 -2.12545535e-04 2.03278108e-04
3.77805618e-01 -1.57585846e-04 2.04406383e-04
3.78336293e-01 2.72201610e-04 2.06444046e-04
3.78866963e-01 4.03113722e-04 2.02165410e-04
3.79397626e-01 3.71578746e-04 2.05769014e-04
3.79928283e-01 3.14221597e-05 2.04369003e-04
3.80458934e-01 3.19289808e-04 2.03674702e-04
3.80989579e-01 1.80928505e-04 2.06623036e-04
3.81520218e-01 2.66834382e-04 2.06802336e-04
3.82050851e-01 -3.24197364e-04 2.06180625e-04
3.82581478e-01 2.31212177e-04 2.04784944e-04
3.83112098e-01 7.24653023e-05 2.07296448e-04
3.83642712e-01 2.11048562e-04 2.09131003e-04
3.84173320e-01 2.27654327e-04 2.08210271e-04
3.84703922e-01 7.12328901e-06 2.05040686e-04
3.85234518e-01 9.27622329e-05 2.07307014e-04
3.85765108e-01 9.51815392e-05 2.11629767e-04
3.86295691e-01 4.39774277e-05 2.10214806e-04
3.86826268e-01 -2.47076027e-05 2.08696376e-04
3.87356839e-01 9.98404729e-05 2.06547900e-04
3.87887404e-01 1.34244206e-04 2.08975692e-04
3.88417962e-01 5.24334558e-05 2.10520455e-04
3.88948514e-01 -7.49821351e-05 2.09422762e-04
3.89479060e-01 1.60487611e-04 2.01156269e-04
3.90009600e-01 -2.47384125e-04 2.03509364e-04
3.90540134e-01 -2.08856513e-05 2.04949962e-04
3.91070661e-01 -1.64601910e-04 2.04445192e-04
3.91601182e-01 2.00419334e-04 2.02401680e-04
3.92131696e-01 2.11320363e-05 2.06108698e-04
3.92662205e-01 -1.15856652e-04 2.06748772e-04
3.93192707e-01 2.98227114e-05 2.09475554e-04
3.93723202e-01 9.38525885e-05 2.06880738e-04
3.94253692e-01 1.01542085e-04 2.14312691e-04
3.94784175e-01 -2.31026247e-04 2.04683187e-04
3.95314651e-01 1.66083603e-04 2.06208427e-04
3.95845122e-01 6.54040501e-06 2.10828490e-04
3.96375585e-01 2.96356312e-04 2.10818693e-04
3.96906043e-01 -1.25793875e-04 2.08818793e-04
3.97436494e-01 1.06692066e-04 2.10182137e-04
3.97966939e-01 9.46720507e-05 2.05977608e-04
3.98497377e-01 -1.59405707e-04 2.06989906e-04
3.99027809e-01 1.05446804e-04 2.09942739e-04
3.99558235e-01 6.54604397e-05 2.11668311e-04
4.00088654e-01 -1.37159846e-04 2.07714701e-04
4.00619067e-01 -4.17239070e-05 2.06783341e-04
4.01149473e-01 -8.45683182e-05 2.12684198e-04
4.01679873e-01 -2.12788835e-04 2.13457389e-04
4.02210267e-01 6.29999997e-04 2.14712446e-04
4.02740654e-01 -3.47121002e-05 2.16264207e-04
4.03271034e-01 -7.21418215e-05 2.15955128e-04
4.03801408e-01 -1.13009567e-04 2.18148147e-04
4.04331776e-01 3.40417178e-04 2.14644396e-04
4.04862137e-01 2.59743040e-04 2.18472216e-04
4.05392491e-01 2.41949684e-04 2.17546122e-04
4.05922839e-01 2.06061517e-04 2.16051101e-04
4.06453181e-01 -3.36592959e-04 2.14925282e-04
4.06983516e-01 1.30300367e-04 2.24086444e-04
4.07513844e-01 7.34310803e-05 2.24528622e-04
4.08044166e-01 -2.94402543e-04 2.22759428e-04
4.08574481e-01 -8.32994853e-05 2.22518301e-04
4.09104790e-01 1.72611698e-04 2.21736377e-04
4.09635092e-01 -1.86642959e-04 2.24562913e-04
4.10165388e-01 -1.63560376e-04 2.24286406e-04
4.10695677e-01 5.96177041e-06 2.27588405e-04
4.11225960e-01 -2.99591829e-04 2.37013870e-04
4.11756235e-01 1.14263028e-04 2.57433882e-04
4.12286505e-01 3.87276561e-04 2.73605440e-04
4.12816767e-01 3.96437962e-04 2.84700840e-04
4.13347023e-01 -8.22442507e-05 2.99941468e-04
4.13877273e-01 1.63213235e-04 3.07205005e-04
4.14407515e-01 -9.04013496e-05 3.12444755e-04
4.14937751e-01 1.86948984e-04 3.48464624e-04
4.15467981e-01 -1.50037467e-04 3.38920724e-04
4.15998203e-01 2.45767189e-04 3.41560408e-04
4.16528419e-01 -7.84798000e-06 3.45939724e-04
4.17058629e-01 1.53340596e-04 3.45778514e-04
4.17588831e-01 7.22496635e-04 3.69878951e-04
4.18119027e-01 9.47363292e-04 3.93728803e-04
4.18649217e-01 -4.23177185e-04 5.30263314e-04
4.19179399e-01 1.81769208e-03 1.48391886e-03
