7.27043000e-03 1.23571999e-02 1.34214141e-02
7.78974585e-03 7.90486970e-03 1.05236031e-02
8.30906158e-03 6.78537007e-03 7.84723651e-03
8.82837719e-03 -2.82690275e-05 4.95280044e-03
9.34769265e-03 1.41822899e-03 3.30235241e-03
9.86700798e-03 2.96577973e-04 3.22561481e-03
1.03863231e-02 -2.25724065e-04 2.50331138e-03
1.09056382e-02 2.82151712e-03 2.26412642e-03
1.14249530e-02 3.32289121e-04 1.99319196e-03
1.19442677e-02 1.49459340e-04 1.72791471e-03
1.24635822e-02 -1.43572569e-04 1.72325023e-03
1.29828965e-02 3.82115764e-03 1.44544602e-03
1.35022105e-02 2.67371780e-03 1.50642495e-03
1.40215244e-02 -3.10896252e-04 1.33624713e-03
1.45408381e-02 4.50717030e-04 1.50728004e-03
1.50601516e-02 1.51725397e-03 1.44365809e-03
1.55794648e-02 -6.92350801e-05 1.28919986e-03
1.60987777e-02 -2.01232350e-03 1.34970772e-03
1.66180905e-02 1.66732641e-03 1.25975353e-03
1.71374029e-02 1.89919450e-03 1.34857467e-03
1.76567152e-02 -1.75389354e-04 1.26584737e-03
1.81760271e-02 4.49164406e-04 1.18856187e-03
1.86953388e-02 -3.17441529e-04 1.25096251e-03
1.92146501e-02 3.20690100e-03 1.22729562e-03
1.97339612e-02 -1.31007934e-05 1.12835583e-03
2.02532720e-02 1.99412832e-03 1.13670771e-03
2.07725824e-02 8.31111091e-04 1.08520613e-03
2.12918926e-02 1.12566482e-03 1.09123015e-03
2.18112024e-02 8.97403497e-04 1.06080879e-03
2.23305119e-02 -1.14940565e-04 1.14000614e-03
2.28498210e-02 1.13416954e-03 1.04759513e-03
2.33691298e-02 6.21473722e-04 9.87984642e-04
2.38884382e-02 9.69095932e-04 1.00721716e-03
2.44077463e-02 -1.59928069e-06 9.71309313e-04
2.49270540e-02 1.64293217e-03 9.86608421e-04
2.54463613e-02 2.52596972e-03 9.99882417e-04
2.59656682e-02 2.36415664e-03 9.97801207e-04
2.64849747e-02 4.12769961e-04 9.40911124e-04
2.70042808e-02 9.78432489e-04 9.81565643e-04
2.75235865e-02 -1.14622574e-04 1.01380692e-03
2.80428918e-02 -1.25848959e-04 9.81476759e-04
2.85621966e-02 8.54040057e-04 9.78504024e-04
2.90815010e-02 3.55864708e-04 9.46251131e-04
2.96008049e-02 1.20492703e-03 9.21469764e-04
3.01201084e-02 2.50876040e-05 9.26378446e-04
3.06394115e-02 5.42218728e-04 8.66381366e-04
3.11587140e-02 2.26126251e-03 9.13107584e-04
3.16780161e-02 1.76634002e-03 9.37018190e-04
3.21973177e-02 1.47596961e-03 8.77881189e-04
3.27166188e-02 -2.89766328e-04 8.90430462e-04
3.32359194e-02 1.47719637e-03 8.79454725e-04
3.37552195e-02 1.02128132e-03 8.68415494e-04
3.42745190e-02 5.22356310e-04 8.52343547e-04
3.47938181e-02 1.66719183e-03 8.50805612e-04
3.53131166e-02 1.29018725e-03 8.35808633e-04
3.58324146e-02 5.85601592e-04 8.23076417e-04
3.63517120e-02 1.66677121e-04 8.42684399e-04
3.68710088e-02 -6.63106725e-05 8.30974161e-04
3.73903051e-02 1.73884815e-04 8.05740078e-04
3.79096008e-02 8.47799085e-05 7.94248324e-04
3.84288959e-02 2.45719294e-03 8.26755654e-04
3.89481905e-02 2.18357645e-03 8.02352082e-04
3.94674844e-02 4.30700278e-04 7.88841088e-04
3.99867778e-02 3.84667743e-04 7.84984090e-04
4.05060705e-02 1.53652571e-04 7.67171882e-04
4.10253626e-02 5.75635560e-04 7.85061752e-04
4.15446540e-02 9.20738437e-04 7.97687477e-04
4.20639449e-02 1.25408551e-03 7.68108294e-04
4.25832350e-02 1.05258153e-03 7.69551883e-04
4.31025246e-02 3.11782986e-04 8.01014666e-04
4.36218134e-02 1.56528772e-03 7.81828207e-04
4.41411016e-02 1.35132781e-03 7.73730219e-04
4.46603891e-02 3.83543707e-04 7.61039076e-04
4.51796760e-02 1.28200831e-04 7.86139392e-04
4.56989621e-02 9.04360538e-05 8.23759040e-04
4.62182475e-02 5.95933376e-04 7.81613698e-04
4.67375323e-02 -4.62569126e-04 7.72694360e-04
4.72568163e-02 1.39650027e-03 7.63130978e-04
4.77760995e-02 1.39895772e-03 8.00030260e-04
4.82953821e-02 -6.18859783e-04 7.58658979e-04
4.88146639e-02 4.25136708e-04 7.98315485e-04
4.93339449e-02 3.82735775e-04 7.79819818e-04
4.98532252e-02 1.62867391e-03 7.72752011e-04
5.03725048e-02 1.15803606e-03 7.54263481e-04
5.08917835e-02 3.26185993e-04 7.51246011e-04
5.14110615e-02 8.89708237e-04 7.45402760e-04
5.19303387e-02 2.15639211e-03 7.20539203e-04
5.24496150e-02 4.28513086e-05 7.45095876e-04
5.29688906e-02 7.92412550e-04 7.52121045e-04
5.34881654e-02 5.06312999e-04 6.97529639e-04
5.40074393e-02 7.71374378e-05 7.07039734e-04
5.45267124e-02 6.73679304e-04 6.73335476e-04
5.50459847e-02 5.48258402e-04 6.87322803e-04
5.55652561e-02 5.41968218e-04 6.87292202e-04
5.60845267e-02 5.21841086e-04 6.84579882e-04
5.66037964e-02 1.43310280e-03 6.74762025e-04
5.71230652e-02 8.53589321e-05 6.42217707e-04
5.76423332e-02 5.63664087e-04 7.17775023e-04
5.81616003e-02 1.90863953e-04 6.81693965e-04
5.86808665e-02 2.12021657e-04 7.11013324e-04
5.92001317e-02 2.97264068e-04 7.19711899e-04
5.97193961e-02 -1.60765794e-04 6.94709736e-04
6.02386596e-02 1.21789495e-03 6.59226639e-04
6.07579221e-02 1.98458188e-03 7.03629552e-04
6.12771837e-02 1.89457870e-04 6.84881330e-04
6.17964443e-02 1.39994972e-03 6.82160950e-04
6.23157040e-02 7.15300259e-04 6.85563057e-04
6.28349628e-02 8.53106606e-04 7.21377586e-04
6.33542206e-02 5.55114407e-04 6.70222381e-04
6.38734774e-02 1.30076256e-03 6.93332645e-04
6.43927332e-02 1.12486632e-03 7.11092727e-04
6.49119880e-02 5.07316564e-04 6.86700608e-04
6.54312419e-02 -6.03296070e-04 6.82590779e-04
6.59504947e-02 5.74563815e-04 6.67252468e-04
6.64697465e-02 2.26779669e-04 6.92079697e-04
6.69889973e-02 1.65232268e-03 6.97073526e-04
6.75082471e-02 1.33284427e-05 6.57754120e-04
6.80274958e-02 1.01167441e-03 6.67969511e-04
6.85467435e-02 4.50986851e-04 6.53967436e-04
6.90659901e-02 4.35740839e-04 6.78913674e-04
6.95852357e-02 1.07217592e-04 6.49399357e-04
7.01044802e-02 -4.82998022e-04 6.36005889e-04
7.06237236e-02 1.10400497e-03 6.44127674e-04
7.11429659e-02 9.58361955e-04 6.37119357e-04
7.16622072e-02 9.62674301e-04 6.44220337e-04
7.21814473e-02 1.68425095e-03 5.86672781e-04
7.27006863e-02 1.19282569e-04 5.96535580e-04
7.32199243e-02 1.10540175e-03 5.96441262e-04
7.37391611e-02 5.79031029e-04 6.15036443e-04
7.42583967e-02 7.05899546e-04 6.16491530e-04
7.47776312e-02 8.24883808e-04 5.89374799e-04
7.52968646e-02 5.92259235e-04 6.00222971e-04
7.58160968e-02 -6.38180182e-05 5.84702785e-04
7.63353279e-02 6.89438116e-04 5.68279564e-04
7.68545577e-02 6.04713119e-04 5.80625984e-04
7.73737864e-02 5.30335638e-04 5.76356556e-04
7.78930139e-02 -1.07728655e-05 5.60764598e-04
7.84122402e-02 5.56605868e-04 5.95956920e-04
7.89314653e-02 6.94060879e-04 5.77146561e-04
7.94506892e-02 -4.99326737e-05 5.87929887e-04
7.99699119e-02 5.77473042e-04 5.96240001e-04
8.04891333e-02 7.51154725e-05 5.83390481e-04
8.10083535e-02 6.60279820e-04 5.70085620e-04
8.15275725e-02 4.09510347e-04 5.57087468e-04
8.20467902e-02 -3.61460835e-04 5.84363949e-04
8.25660066e-02 2.45423864e-04 5.91375470e-04
8.30852218e-02 3.75542227e-05 5.62659183e-04
8.36044357e-02 4.92344703e-04 5.53513926e-04
8.41236483e-02 -5.13229120e-04 5.47027471e-04
8.46428596e-02 8.70933665e-04 5.83098406e-04
8.51620696e-02 9.87105345e-04 5.60414735e-04
8.56812784e-02 6.48034117e-04 5.34109561e-04
8.62004858e-02 1.68780120e-03 5.33217073e-04
8.67196918e-02 9.07260312e-04 5.40069425e-04
8.72388966e-02 -1.53409184e-04 5.31518833e-04
8.77581000e-02 3.05171999e-04 5.49701869e-04
8.82773020e-02 -3.43019528e-04 5.22166117e-04
8.87965027e-02 5.80144808e-05 5.39896763e-04
8.93157020e-02 -3.29199270e-04 5.29363079e-04
8.98349000e-02 9.19800692e-04 5.29890880e-04
9.03540966e-02 6.23532577e-04 5.34584298e-04
9.08732917e-02 5.20627345e-04 5.24787840e-04
9.13924855e-02 -5.82077794e-04 5.32209936e-04
9.19116779e-02 1.81773222e-05 5.18779862e-04
9.24308689e-02 2.98668873e-04 5.47514032e-04
9.29500585e-02 1.84014118e-04 5.22977989e-04
9.34692466e-02 1.26294485e-03 5.15582445e-04
9.39884333e-02 9.37224708e-04 5.26680810e-04
9.45076185e-02 1.47312161e-04 5.15816638e-04
9.50268023e-02 -2.33684794e-04 5.31403841e-04
9.55459846e-02 -5.53853178e-04 5.19437210e-04
9.60651655e-02 -7.54568588e-05 5.06117598e-04
9.65843449e-02 -2.21554995e-05 5.15553465e-04
9.71035228e-02 6.74611315e-04 5.14773931e-04
9.76226992e-02 4.45452003e-04 5.07195938e-04
9.81418741e-02 2.84241003e-04 5.07369099e-04
9.86610475e-02 -1.97075123e-04 5.04299464e-04
9.91802194e-02 -8.90258780e-05 5.04416045e-04
9.96993898e-02 7.47631336e-04 4.97660608e-04
1.00218559e-01 9.09528849e-04 4.99333782e-04
1.00737726e-01 8.35780974e-05 5.00463530e-04
1.01256892e-01 8.10807581e-04 4.92900891e-04
1.01776056e-01 -4.84348602e-04 4.85895275e-04
1.02295218e-01 6.23367594e-04 4.98464563e-04
1.02814380e-01 1.64759426e-04 4.80938712e-04
1.03333539e-01 -1.59615386e-05 4.92669252e-04
1.03852697e-01 1.16621088e-03 4.97548971e-04
1.04371853e-01 1.07198294e-04 4.73485623e-04
1.04891008e-01 -2.96780621e-04 4.86455115e-04
1.05410161e-01 5.64454279e-04 4.93598622e-04
1.05929312e-01 6.01990811e-04 4.88903921e-04
1.06448462e-01 6.89464652e-04 4.85126451e-04
1.06967610e-01 6.83479961e-04 4.93937077e-04
1.07486757e-01 1.78253076e-04 4.92274874e-04
1.08005902e-01 8.00066950e-04 4.86928780e-04
1.08525045e-01 4.83567576e-04 4.69802990e-04
1.09044187e-01 4.57256546e-04 4.66442930e-04
1.09563327e-01 3.17023209e-05 4.77552366e-04
1.10082465e-01 2.75031354e-05 4.69642395e-04
1.10601601e-01 2.67639065e-04 4.76523467e-04
1.11120736e-01 4.79039392e-04 4.72676291e-04
1.11639869e-01 4.51083568e-04 4.78269508e-04
1.12159001e-01 7.86399472e-04 4.66605174e-04
1.12678130e-01 2.15718571e-04 4.62043522e-04
1.13197258e-01 7.05051028e-04 4.64235672e-04
1.13716385e-01 -5.45412405e-04 4.60251964e-04
1.14235509e-01 -1.34701425e-04 4.79185521e-04
1.14754632e-01 7.80430695e-05 4.66257831e-04
1.15273753e-01 -1.27679917e-04 4.81812369e-04
1.15792872e-01 7.01369907e-05 4.79562563e-04
1.16311989e-01 6.85382872e-04 4.58940425e-04
1.16831105e-01 -1.20342977e-04 4.75191593e-04
1.17350219e-01 2.20689186e-05 4.77152518e-04
1.17869331e-01 7.09751322e-04 4.82088124e-04
1.18388441e-01 9.43674271e-04 4.60564285e-04
1.18907549e-01 1.19331539e-04 4.63166173e-04
1.19426656e-01 3.49588816e-04 4.67268956e-04
1.19945761e-01 8.41648739e-04 4.65913016e-04
1.20464864e-01 -8.84799039e-05 4.69472397e-04
1.20983965e-01 -5.27712118e-04 4.53661307e-04
1.21503064e-01 -3.06476999e-04 4.55986831e-04
1.22022161e-01 -4.44229049e-04 4.58837902e-04
1.22541256e-01 1.65084720e-04 4.53596877e-04
1.23060350e-01 2.14290938e-04 4.52774389e-04
1.23579442e-01 3.07366349e-06 4.47109724e-04
1.24098531e-01 1.79513156e-05 4.34292882e-04
1.24617619e-01 6.73876936e-04 4.46136906e-04
1.25136705e-01 4.79064990e-04 4.45377088e-04
1.25655789e-01 2.74465986e-05 4.44639045e-04
1.26174871e-01 -1.33750046e-04 4.53168212e-04
1.26693952e-01 -3.39778376e-04 4.40817352e-04
1.27213030e-01 -2.19089143e-04 4.27233878e-04
1.27732106e-01 -3.43371884e-04 4.28084939e-04
1.28251180e-01 6.99527865e-05 4.41830426e-04
1.28770253e-01 1.30693893e-03 4.41170730e-04
1.29289323e-01 7.07317856e-04 4.34795720e-04
1.29808391e-01 -2.37719828e-04 4.38364628e-04
1.30327458e-01 3.57253046e-04 4.30849091e-04
1.30846522e-01 -2.48365890e-04 4.27736745e-04
1.31365584e-01 -4.22204359e-04 4.22524126e-04
1.31884645e-01 -9.36626984e-05 4.31043779e-04
1.32403703e-01 5.42884280e-04 4.31255383e-04
1.32922759e-01 1.08798992e-04 4.34401699e-04
1.33441814e-01 4.13153130e-04 4.21100011e-04
1.33960866e-01 3.13843751e-04 4.22448885e-04
1.34479916e-01 1.70624165e-04 4.19818045e-04
1.34998964e-01 3.12952957e-04 4.27283173e-04
1.35518010e-01 2.95700592e-04 4.27332787e-04
1.36037054e-01 -1.94959002e-04 4.12697140e-04
1.36556096e-01 2.17955451e-04 4.19166614e-04
1.37075135e-01 -5.20558429e-04 4.20816779e-04
1.37594173e-01 -1.75646589e-04 4.23002538e-04
1.38113208e-01 3.95455780e-04 4.25410803e-04
1.38632242e-01 2.34796478e-04 4.20461986e-04
1.39151273e-01 -3.58626754e-04 4.24322644e-04
1.39670302e-01 7.38046916e-04 4.18072533e-04
1.40189329e-01 3.13766328e-04 4.26497031e-04
1.40708354e-01 -3.10167493e-04 4.17608046e-04
1.41227377e-01 -6.33808282e-04 4.21459915e-04
1.41746397e-01 1.13799238e-04 4.18013138e-04
1.42265415e-01 8.18948080e-04 4.30899020e-04
1.42784432e-01 6.80090526e-04 4.22323311e-04
1.43303446e-01 6.65587313e-05 4.06065083e-04
1.43822457e-01 -1.74540292e-04 4.13585038e-04
1.44341467e-01 -3.12732276e-04 4.23634036e-04
1.44860474e-01 1.14649183e-04 4.13566612e-04
1.45379479e-01 -9.49033174e-05 4.08292031e-04
1.45898482e-01 -3.86264127e-04 4.05649524e-04
1.46417483e-01 -7.87537949e-05 3.98560834e-04
1.46936481e-01 -4.44349806e-04 4.05527312e-04
1.47455477e-01 5.54361408e-04 4.07797447e-04
1.47974471e-01 -1.36221644e-04 4.04163061e-04
1.48493463e-01 -2.62660950e-04 3.95402892e-04
1.49012452e-01 6.34602065e-04 4.00663360e-04
1.49531439e-01 2.44778309e-04 3.97015185e-04
1.50050424e-01 2.61234647e-04 3.85127849e-04
1.50569406e-01 1.46951435e-04 4.07278215e-04
1.51088386e-01 6.20298262e-05 3.92724155e-04
1.51607364e-01 6.27811521e-04 3.93142811e-04
1.52126339e-01 2.99973306e-04 3.95665928e-04
1.52645312e-01 -9.90439683e-05 3.93376051e-04
1.53164283e-01 -2.95529053e-04 3.90703131e-04
1.53683251e-01 1.49825754e-05 4.00457679e-04
1.54202218e-01 3.10353608e-04 3.93348404e-04
1.54721181e-01 -2.50108439e-04 4.12454726e-04
1.55240143e-01 1.91483517e-04 4.00443926e-04
1.55759101e-01 -7.35239667e-04 3.99844028e-04
1.56278058e-01 1.73067624e-04 3.90980651e-04
1.56797012e-01 -5.73005490e-05 4.05834898e-04
1.57315964e-01 5.88291513e-05 4.07899618e-04
1.57834913e-01 -5.85849425e-05 4.02258332e-04
1.58353860e-01 2.90607782e-04 3.96705984e-04
1.58872805e-01 7.85139659e-04 4.02744078e-04
1.59391747e-01 2.00513358e-04 3.99133999e-04
1.59910686e-01 1.29603943e-04 4.03636011e-04
1.60429623e-01 -5.75080928e-05 3.98942348e-04
1.60948558e-01 2.25346328e-04 4.01175482e-04
1.61467490e-01 2.68587235e-04 3.96519811e-04
1.61986420e-01 -1.92367285e-04 4.00237349e-04
1.62505347e-01 -1.79301248e-05 3.97104740e-04
1.63024272e-01 1.49367606e-04 3.85829115e-04
1.63543194e-01 1.84033865e-04 3.87269562e-04
1.64062114e-01 2.63868083e-04 3.90703814e-04
1.64581031e-01 5.78994830e-05 3.86830308e-04
1.65099945e-01 -3.76545866e-04 3.79841990e-04
1.65618858e-01 3.69591413e-04 3.80174781e-04
1.66137767e-01 3.21703218e-04 3.86508460e-04
1.66656674e-01 -4.38543866e-04 3.83002548e-04
1.67175579e-01 2.65805668e-04 3.86410267e-04
1.67694481e-01 -7.59845625e-06 3.82603376e-04
1.68213380e-01 4.61624913e-04 3.75116235e-04
1.68732277e-01 -1.27165797e-04 3.77307278e-04
1.69251171e-01 -9.18769707e-05 3.82508453e-04
1.69770062e-01 1.39407781e-04 3.81177239e-04
1.70288951e-01 2.50740400e-04 3.89355047e-04
1.70807838e-01 2.34005127e-04 3.80503643e-04
1.71326721e-01 -8.46754434e-05 3.78310444e-04
1.71845603e-01 -1.44294517e-04 3.75966073e-04
1.72364481e-01 7.60356479e-05 3.82906177e-04
1.72883357e-01 3.62727477e-04 3.83437976e-04
1.73402230e-01 5.13764722e-06 3.75564304e-04
1.73921100e-01 -3.22393706e-04 3.77321537e-04
1.74439968e-01 -4.26606840e-04 3.76001125e-04
1.74958833e-01 -4.45574719e-04 3.70354481e-04
1.75477696e-01 1.41395785e-04 3.84089260e-04
1.75996556e-01 -2.47470054e-04 3.83403047e-04
1.76515413e-01 1.55015554e-04 3.84702717e-04
1.77034267e-01 2.77395555e-04 3.83697318e-04
1.77553119e-01 2.99764304e-04 3.71821587e-04
1.78071968e-01 -4.00440975e-05 3.83011212e-04
1.78590814e-01 -4.29666014e-05 3.72022253e-04
1.79109657e-01 -6.94519361e-05 3.72454878e-04
1.79628498e-01 -2.80017630e-04 3.70270826e-04
1.80147336e-01 5.35857418e-04 3.83505759e-04
1.80666171e-01 7.09430771e-05 3.71963487e-04
1.81185003e-01 3.46866348e-04 3.57924581e-04
1.81703833e-01 3.26762782e-04 3.58984198e-04
1.82222660e-01 4.36479286e-04 3.63863134e-04
1.82741484e-01 -1.75405586e-04 3.59790448e-04
1.83260305e-01 -2.81646073e-04 3.58987133e-04
1.83779124e-01 7.81951828e-04 3.61541808e-04
1.84297939e-01 1.41093383e-05 3.50907209e-04
1.84816752e-01 -3.75936949e-04 3.51484092e-04
1.85335562e-01 -4.69488752e-05 3.52627282e-04
1.85854369e-01 3.16466458e-04 3.57330929e-04
1.86373173e-01 1.69375940e-04 3.60177736e-04
1.86891975e-01 1.16504598e-04 3.57103138e-04
1.87410773e-01 4.66087076e-04 3.42124614e-04
1.87929569e-01 -2.28054735e-04 3.50752867e-04
1.88448361e-01 4.09223851e-04 3.53133780e-04
1.88967151e-01 -2.46517347e-04 3.38256688e-04
1.89485938e-01 -1.31206294e-04 3.52251520e-04
1.90004722e-01 -5.91249678e-04 3.45978563e-04
1.90523503e-01 2.86709017e-04 3.59000817e-04
1.91042282e-01 1.18008900e-04 3.52561922e-04
1.91561057e-01 -5.53315257e-04 3.50933118e-04
1.92079829e-01 -3.05781757e-04 3.43589976e-04
1.92598599e-01 -2.60757797e-05 3.40282413e-04
1.93117365e-01 6.76176662e-06 3.45033107e-04
1.93636128e-01 9.04558255e-05 3.41338027e-04
1.94154889e-01 -4.21843641e-04 3.44260492e-04
1.94673646e-01 3.02236428e-04 3.40608151e-04
1.95192401e-01 -4.01629870e-05 3.39550606e-04
1.95711153e-01 1.11630162e-04 3.38777574e-04
1.96229901e-01 4.50075617e-04 3.35709400e-04
1.96748647e-01 5.96989669e-04 3.32825146e-04
1.97267389e-01 -1.38374706e-04 3.33156566e-04
1.97786129e-01 3.45076041e-04 3.36520462e-04
1.98304865e-01 -3.23474719e-04 3.25467316e-04
1.98823598e-01 1.06874977e-04 3.34098371e-04
1.99342329e-01 -2.25776460e-04 3.27277979e-04
1.99861056e-01 -3.64067449e-04 3.24068718e-04
2.00379780e-01 3.75423025e-04 3.31568169e-04
2.00898501e-01 1.69529991e-04 3.21117574e-04
2.01417219e-01 2.12359645e-04 3.28902185e-04
2.01935934e-01 -9.34716831e-05 3.31765959e-04
2.02454646e-01 -2.39978503e-05 3.25280922e-04
2.02973355e-01 3.03684334e-06 3.24580798e-04
2.03492061e-01 5.38303777e-04 3.28583348e-04
2.04010763e-01 3.32407099e-04 3.25420816e-04
2.04529463e-01 1.79303917e-04 3.22913691e-04
2.05048159e-01 -1.00960537e-04 3.21106563e-04
2.05566852e-01 -5.41392482e-04 3.27793669e-04
2.06085542e-01 3.54713676e-04 3.21641407e-04
2.06604229e-01 9.92361150e-04 3.24065764e-04
2.07122913e-01 9.75936813e-06 3.23870715e-04
2.07641593e-01 -6.76038393e-05 3.14413169e-04
2.08160270e-01 -5.49476794e-04 3.25381656e-04
2.08678944e-01 -2.75531043e-04 3.23543960e-04
2.09197615e-01 -1.08570554e-04 3.10176708e-04
2.09716283e-01 9.13013628e-05 3.16406276e-04
2.10234947e-01 1.66908035e-04 3.20112776e-04
2.10753609e-01 4.45960145e-04 3.12366845e-04
2.11272267e-01 -1.78683537e-04 3.11774113e-04
2.11790921e-01 -1.39392922e-05 3.21219157e-04
2.12309573e-01 -2.89382658e-04 3.06338199e-04
2.12828221e-01 4.64889996e-04 3.15631887e-04
2.13346866e-01 5.65589705e-04 3.17338863e-04
2.13865508e-01 2.32891497e-04 3.10865551e-04
2.14384146e-01 1.99531361e-04 3.17059892e-04
2.14902781e-01 1.91646492e-04 3.15649841e-04
2.15421413e-01 2.05463369e-04 3.18514014e-04
2.15940042e-01 -4.99251343e-04 3.10176767e-04
2.16458667e-01 8.88854483e-05 3.09231447e-04
2.16977289e-01 -1.31801989e-04 3.18917086e-04
2.17495907e-01 2.80225740e-04 3.05836110e-04
2.18014523e-01 2.90851259e-04 3.04879598e-04
2.18533135e-01 1.20992528e-04 3.11712890e-04
2.19051743e-01 -3.07822936e-04 3.11495042e-04
2.19570348e-01 -1.26128295e-04 3.02875228e-04
2.20088950e-01 -4.77593303e-04 3.03622812e-04
2.20607549e-01 -8.23105804e-05 2.98857737e-04
2.21126144e-01 6.77478706e-05 3.04460048e-04
2.21644735e-01 2.00998585e-04 3.10550307e-04
2.22163324e-01 2.77266452e-04 3.04324582e-04
2.22681909e-01 -1.85535598e-04 3.04145422e-04
2.23200490e-01 3.45935867e-04 3.05586255e-04
2.23719068e-01 -8.91062084e-05 2.99087868e-04
2.24237643e-01 1.96913673e-04 3.09073192e-04
2.24756214e-01 3.35759042e-04 2.98593120e-04
2.25274781e-01 1.36473921e-04 3.03544083e-04
2.25793346e-01 4.64721737e-04 3.03066867e-04
2.26311907e-01 4.38747925e-04 3.01834909e-04
2.26830464e-01 5.05715293e-05 2.98371807e-04
2.27349018e-01 1.18034546e-04 3.07271923e-04
2.27867568e-01 -1.10578308e-04 3.05382487e-04
2.28386115e-01 8.74053316e-05 3.01378881e-04
2.28904658e-01 1.35510728e-04 2.94178374e-04
2.29423198e-01 2.13874639e-04 2.99980172e-04
2.29941734e-01 -7.39906068e-05 3.01660836e-04
2.30460267e-01 -5.56995301e-05 2.96540674e-04
2.30978797e-01 -4.36137860e-04 2.91404590e-04
2.31497322e-01 -1.12956883e-04 2.92654977e-04
2.32015844e-01 5.45479204e-05 2.92860032e-04
2.32534363e-01 1.36493051e-04 2.90739272e-04
2.33052878e-01 -1.49414523e-05 2.96289405e-04
2.33571390e-01 -1.01385538e-04 2.83723081e-04
2.34089898e-01 8.06635130e-05 2.85738560e-04
2.34608402e-01 -2.75050068e-04 2.95352931e-04
2.35126903e-01 5.28673911e-04 2.89054177e-04
2.35645400e-01 1.07575197e-04 2.89385451e-04
2.36163893e-01 -1.71741295e-04 2.86301850e-04
2.36682383e-01 1.25258479e-04 2.85671004e-04
2.37200869e-01 2.07930251e-04 2.86168147e-04
2.37719352e-01 2.85217386e-05 2.87431796e-04
2.38237831e-01 -2.86157065e-04 2.93225026e-04
2.38756306e-01 2.53694452e-04 2.89697163e-04
2.39274778e-01 5.54035344e-05 2.85554797e-04
2.39793246e-01 -3.73715457e-05 2.87519033e-04
2.40311710e-01 6.49621584e-04 2.92111036e-04
2.40830171e-01 1.32046974e-04 2.92103494e-04
2.41348628e-01 2.10728231e-04 2.85416923e-04
2.41867081e-01 -9.48791009e-05 2.92511030e-04
2.42385531e-01 -9.88487033e-05 2.88089644e-04
2.42903976e-01 -5.20132660e-04 2.89281979e-04
2.43422418e-01 -3.70278462e-04 2.91963998e-04
2.43940857e-01 1.79936150e-04 2.85257553e-04
2.44459291e-01 -3.13016700e-04 2.78328979e-04
2.44977722e-01 1.10936347e-04 2.83415749e-04
2.45496149e-01 -8.15738937e-05 2.84646404e-04
2.46014573e-01 -3.42293602e-04 2.76248354e-04
2.46532992e-01 -1.42178088e-04 2.80254908e-04
2.47051408e-01 -1.46894561e-06 2.79802469e-04
2.47569820e-01 7.42433791e-05 2.77543093e-04
2.48088228e-01 -4.98715172e-04 2.80142415e-04
2.48606633e-01 -3.64929182e-04 2.75893664e-04
2.49125033e-01 -1.62372833e-04 2.70595095e-04
2.49643430e-01 -3.44331019e-05 2.80490829e-04
2.50161823e-01 -3.22493766e-04 2.78552047e-04
2.50680212e-01 3.37273108e-04 2.79440930e-04
2.51198598e-01 3.11301009e-04 2.81131352e-04
2.51716979e-01 2.06142102e-04 2.73982608e-04
2.52235357e-01 1.18671729e-04 2.77386503e-04
2.52753730e-01 -1.48714166e-06 2.79288831e-04
2.53272100e-01 2.35259210e-04 2.85813940e-04
2.53790466e-01 3.26724885e-04 2.75202913e-04
2.54308828e-01 -2.30924040e-04 2.76028307e-04
2.54827186e-01 6.22075815e-06 2.74327886e-04
2.55345541e-01 6.65199146e-06 2.76181105e-04
2.55863891e-01 1.46663903e-05 2.82135951e-04
2.56382237e-01 -2.02139347e-04 2.74521420e-04
2.56900580e-01 -1.48449489e-05 2.70650979e-04
2.57418919e-01 3.32024409e-04 2.68818654e-04
2.57937253e-01 -4.27474749e-04 2.74341687e-04
2.58455584e-01 -9.11127944e-05 2.66082109e-04
2.58973911e-01 4.17349933e-05 2.69138959e-04
2.59492233e-01 1.76439530e-04 2.67561593e-04
2.60010552e-01 -9.65390984e-05 2.65243209e-04
2.60528867e-01 -2.25733409e-04 2.69536538e-04
2.61047178e-01 -4.17459781e-05 2.72613256e-04
2.61565484e-01 3.68808013e-04 2.72976659e-04
2.62083787e-01 2.71434217e-04 2.67896788e-04
2.62602086e-01 2.69708044e-04 2.68726876e-04
2.63120381e-01 1.91447926e-04 2.71438482e-04
2.63638671e-01 1.66822886e-04 2.73030882e-04
2.64156958e-01 -1.14022678e-04 2.72196997e-04
2.64675241e-01 4.42590838e-04 2.74186224e-04
2.65193519e-01 1.55166828e-04 2.70488659e-04
2.65711794e-01 5.13589208e-04 2.67804420e-04
2.66230064e-01 3.30652877e-05 2.76957352e-04
2.66748330e-01 1.77600224e-04 2.76466185e-04
2.67266593e-01 -1.81003676e-04 2.83850990e-04
2.67784851e-01 -4.13426469e-04 2.72887453e-04
2.68303105e-01 1.91540220e-04 2.71933604e-04
2.68821355e-01 -3.80385269e-04 2.67532440e-04
2.69339601e-01 2.26004386e-04 2.74006948e-04
2.69857842e-01 1.45679055e-04 2.70690617e-04
2.70376080e-01 1.41818299e-04 2.65668902e-04
2.70894314e-01 -1.46457510e-05 2.67282446e-04
2.71412543e-01 4.81115578e-04 2.75066802e-04
2.71930768e-01 -2.64063838e-04 2.74192062e-04
2.72448989e-01 -2.19334741e-04 2.67355920e-04
2.72967206e-01 -4.25304397e-04 2.66010132e-04
2.73485418e-01 -2.56946129e-04 2.65826992e-04
2.74003627e-01 -2.59139583e-04 2.68257895e-04
2.74521831e-01 -2.27488502e-04 2.67280435e-04
2.75040031e-01 2.42115835e-05 2.67235075e-04
2.75558227e-01 -1.43248265e-04 2.64984618e-04
2.76076418e-01 -1.13150960e-04 2.64448843e-04
2.76594606e-01 -1.00246703e-04 2.59906619e-04
2.77112789e-01 -2.09614776e-04 2.61946117e-04
2.77630968e-01 2.94682755e-04 2.63004237e-04
2.78149142e-01 4.05036764e-04 2.64945881e-04
2.78667313e-01 -1.31199213e-04 2.62255135e-04
2.79185479e-01 9.93402248e-05 2.61613040e-04
2.79703640e-01 -8.28174310e-05 2.61999941e-04
2.80221798e-01 -1.60253363e-04 2.62152632e-04
2.80739951e-01 3.37774050e-05 2.69612376e-04
2.81258100e-01 -5.14494219e-05 2.67590648e-04
2.81776245e-01 -1.78793044e-05 2.62592048e-04
2.82294385e-01 3.11088622e-04 2.69038250e-04
2.82812521e-01 2.41388433e-04 2.64497028e-04
2.83330653e-01 -7.38662443e-05 2.62860422e-04
2.83848780e-01 -1.67040348e-05 2.66909627e-04
2.84366903e-01 2.51916804e-04 2.62115281e-04
2.84885022e-01 4.63642845e-04 2.73493146e-04
2.85403136e-01 -4.40974693e-04 2.67220612e-04
2.85921246e-01 2.70407608e-04 2.60391402e-04
2.86439351e-01 8.81271947e-05 2.64254518e-04
2.86957452e-01 -1.68280412e-04 2.65725026e-04
2.87475549e-01 1.84038779e-04 2.63775878e-04
2.87993641e-01 1.98961436e-04 2.56587953e-04
2.88511729e-01 -1.17611839e-05 2.60272145e-04
2.89029813e-01 -3.77905050e-06 2.58297128e-04
2.89547892e-01 3.53343447e-04 2.65255823e-04
2.90065967e-01 3.55329486e-04 2.60790934e-04
2.90584037e-01 1.51901133e-04 2.58727405e-04
2.91102103e-01 8.36242405e-05 2.57017892e-04
2.91620164e-01 -2.78886524e-04 2.54428447e-04
2.92138221e-01 -1.28590963e-04 2.62702337e-04
2.92656273e-01 -3.01679654e-04 2.52337456e-04
2.93174321e-01 2.87508082e-04 2.55187029e-04
2.93692364e-01 -6.57038381e-05 2.55718814e-04
2.94210403e-01 -1.42780065e-04 2.48794114e-04
2.94728437e-01 -5.82639184e-06 2.53120520e-04
2.95246467e-01 1.57735062e-05 2.50534011e-04
2.95764493e-01 1.34561234e-04 2.51645157e-04
2.96282514e-01 3.36392143e-04 2.51162731e-04
2.96800530e-01 3.22083075e-04 2.53203133e-04
2.97318542e-01 3.39219217e-04 2.55546763e-04
2.97836549e-01 1.03033851e-04 2.47504691e-04
2.98354551e-01 1.46741920e-04 2.50394302e-04
2.98872549e-01 -4.17369940e-04 2.46183624e-04
2.99390543e-01 -2.88524308e-04 2.53277198e-04
2.99908532e-01 1.66023513e-04 2.45977217e-04
3.00426516e-01 -3.29522446e-05 2.47784340e-04
3.00944496e-01 4.78305260e-04 2.47603278e-04
3.01462471e-01 1.43146443e-05 2.44437564e-04
3.01980441e-01 5.29509995e-06 2.47635994e-04
3.02498407e-01 2.11334412e-04 2.48879471e-04
3.03016368e-01 3.38981482e-04 2.51723749e-04
3.03534325e-01 1.97593226e-04 2.48085972e-04
3.04052277e-01 -6.21569180e-05 2.44966406e-04
3.04570224e-01 -4.87267303e-04 2.43257432e-04
3.05088167e-01 6.64318144e-05 2.45258739e-04
3.05606105e-01 4.31641710e-04 2.50722262e-04
3.06124038e-01 4.47093335e-04 2.46046278e-04
3.06641967e-01 -5.49569210e-05 2.47085682e-04
3.07159891e-01 -5.93399955e-05 2.43965300e-04
3.07677810e-01 1.85400120e-04 2.38884079e-04
3.08195724e-01 1.19285553e-04 2.41848967e-04
3.08713634e-01 -1.51437325e-05 2.42915201e-04
3.09231539e-01 3.17427595e-04 2.41459763e-04
3.09749440e-01 -2.26778661e-05 2.35748568e-04
3.10267335e-01 5.50473861e-05 2.34006609e-04
3.10785226e-01 -1.27773938e-04 2.39789146e-04
3.11303112e-01 -3.35214763e-04 2.38394883e-04
3.11820993e-01 3.43788635e-05 2.37286635e-04
3.12338870e-01 -2.74238060e-04 2.34792374e-04
3.12856742e-01 -1.05461082e-05 2.41026487e-04
3.13374609e-01 -6.91222093e-04 2.36533743e-04
3.13892471e-01 3.54253283e-05 2.36341931e-04
3.14410328e-01 4.48747970e-04 2.37046110e-04
3.14928181e-01 -3.99445981e-05 2.37152302e-04
3.15446029e-01 -4.88245763e-05 2.38163011e-04
3.15963871e-01 -2.86545923e-04 2.34235229e-04
3.16481710e-01 1.80498098e-04 2.34866842e-04
3.16999543e-01 -4.28794285e-05 2.38354713e-04
3.17517371e-01 -8.83731730e-05 2.36388673e-04
3.18035195e-01 1.43094006e-04 2.38887696e-04
3.18553013e-01 2.94476731e-04 2.34906334e-04
3.19070827e-01 8.50174645e-05 2.32985988e-04
3.19588636e-01 -1.46961048e-04 2.34397130e-04
3.20106440e-01 1.02310504e-04 2.34016773e-04
3.20624239e-01 7.85764819e-05 2.35977090e-04
3.21142033e-01 3.54970748e-04 2.34303534e-04
3.21659823e-01 -3.12899395e-04 2.30846488e-04
3.22177607e-01 -3.34947002e-04 2.28558828e-04
3.22695387e-01 8.98409893e-05 2.28813137e-04
3.23213161e-01 -7.71057594e-05 2.30671243e-04
3.23730931e-01 1.08437169e-04 2.31901747e-04
3.24248695e-01 5.77857947e-05 2.35475422e-04
3.24766455e-01 1.31849933e-04 2.34120054e-04
3.25284210e-01 1.91788472e-04 2.31415256e-04
3.25801959e-01 5.53068289e-05 2.33464607e-04
3.26319704e-01 -1.57557503e-04 2.29169293e-04
3.26837444e-01 1.65606359e-04 2.33530984e-04
3.27355179e-01 -4.24433840e-04 2.30487905e-04
3.27872908e-01 2.15406834e-04 2.29515178e-04
3.28390633e-01 -1.36423678e-04 2.30786355e-04
3.28908353e-01 -2.71606468e-04 2.29068955e-04
3.29426067e-01 2.33615282e-04 2.33457071e-04
3.29943777e-01 5.56064323e-06 2.34351100e-04
3.30461482e-01 -4.43240967e-05 2.30573600e-04
3.30979181e-01 -1.96322547e-05 2.29610310e-04
3.31496876e-01 -6.66217077e-05 2.25327065e-04
3.32014565e-01 -9.29094931e-05 2.26455020e-04
3.32532249e-01 7.13078960e-05 2.27266458e-04
3.33049928e-01 5.48829740e-04 2.24447421e-04
3.33567603e-01 -2.85639709e-05 2.23978700e-04
3.34085272e-01 -1.66914644e-05 2.24325285e-04
3.34602936e-01 -1.18017162e-04 2.24837435e-04
3.35120594e-01 -4.55572066e-04 2.24709486e-04
3.35638248e-01 3.05762028e-04 2.28467206e-04
3.36155897e-01 8.72289267e-05 2.23719553e-04
3.36673540e-01 2.05293484e-04 2.25291428e-04
3.37191178e-01 2.31824569e-04 2.29701703e-04
3.37708811e-01 -9.68829272e-06 2.24732069e-04
3.38226439e-01 -3.46693388e-04 2.22295477e-04
3.38744062e-01 -2.80550518e-05 2.23981356e-04
3.39261680e-01 -1.92832482e-04 2.23177621e-04
3.39779292e-01 -1.21957200e-04 2.21977307e-04
3.40296899e-01 -3.19754959e-05 2.22061112e-04
3.40814501e-01 2.04088338e-04 2.22986917e-04
3.41332098e-01 -4.98894166e-06 2.21507915e-04
3.41849690e-01 -9.20981912e-05 2.23279034e-04
3.42367276e-01 -3.59402434e-04 2.18636570e-04
3.42884857e-01 3.31886383e-05 2.21851948e-04
3.43402433e-01 -5.22090080e-05 2.14552925e-04
3.43920004e-01 1.47784780e-04 2.21454051e-04
3.44437569e-01 -4.83963289e-05 2.15674510e-04
3.44955129e-01 1.24822832e-04 2.18315455e-04
3.45472684e-01 4.37024437e-05 2.17791983e-04
3.45990233e-01 -9.14832676e-05 2.20689277e-04
3.46507778e-01 -4.93255569e-05 2.16626866e-04
3.47025317e-01 -1.38220987e-04 2.19549411e-04
3.47542850e-01 9.30519934e-05 2.16607565e-04
3.48060379e-01 2.47409782e-04 2.16709094e-04
3.48577902e-01 -1.22219286e-04 2.18025271e-04
3.49095419e-01 2.23786978e-04 2.22237539e-04
3.49612932e-01 3.34108494e-04 2.18072936e-04
3.50130439e-01 -1.83765301e-04 2.19908627e-04
3.50647940e-01 -7.42463076e-05 2.19228475e-04
3.51165437e-01 1.61086497e-04 2.21138789e-04
3.51682928e-01 -7.58444192e-05 2.20951232e-04
3.52200413e-01 2.34567430e-04 2.17598675e-04
3.52717893e-01 1.12423335e-04 2.16567639e-04
3.53235368e-01 -3.77226173e-04 2.17187477e-04
3.53752837e-01 -1.50130799e-04 2.17039560e-04
3.54270301e-01 -2.19293872e-04 2.16356120e-04
3.54787760e-01 -1.42384970e-04 2.16492522e-04
3.55305213e-01 1.99247353e-04 2.14679339e-04
3.55822661e-01 6.43847950e-05 2.15850190e-04
3.56340103e-01 3.90263252e-04 2.14251088e-04
3.56857540e-01 1.10071095e-04 2.11157508e-04
3.57374971e-01 -1.19208079e-04 2.15364347e-04
3.57892397e-01 -1.25089788e-05 2.13673903e-04
3.58409818e-01 1.61276443e-04 2.13898271e-04
3.58927232e-01 -1.09098970e-04 2.11443502e-04
3.59444642e-01 6.35943450e-05 2.14060065e-04
3.59962046e-01 -2.96948442e-05 2.12497693e-04
3.60479444e-01 -3.00383569e-05 2.10782753e-04
3.60996837e-01 7.15187368e-06 2.13231108e-04
3.61514225e-01 5.51657508e-04 2.12362211e-04
3.62031607e-01 2.13333140e-04 2.14392011e-04
3.62548983e-01 9.91067489e-05 2.12286221e-04
3.63066354e-01 -1.38243472e-04 2.09393908e-04
3.63583719e-01 -1.75584310e-05 2.07761626e-04
3.64101079e-01 1.37879454e-04 2.07500260e-04
3.64618433e-01 -6.97431783e-05 2.12819488e-04
3.65135782e-01 -3.30286544e-05 2.12323096e-04
3.65653125e-01 5.18806533e-05 2.07862692e-04
3.66170462e-01 2.80244757e-04 2.08484375e-04
3.66687794e-01 -1.20356595e-04 2.07941500e-04
3.67205121e-01 -1.46200647e-04 2.08610424e-04
3.67722441e-01 8.86747534e-05 2.08519717e-04
3.68239756e-01 6.11836169e-04 2.12365876e-04
3.68757066e-01 -3.86982886e-05 2.07393681e-04
3.69274369e-01 1.04177743e-04 2.03368212e-04
3.69791668e-01 -1.69790649e-05 2.08465759e-04
3.70308960e-01 -6.46854938e-05 2.06115320e-04
3.70826247e-01 1.14716178e-04 2.09466984e-04
3.71343528e-01 -4.68764043e-05 2.08956826e-04
3.71860803e-01 6.93504544e-05 2.06284540e-04
3.72378073e-01 2.38480223e-04 2.09505361e-04
3.72895337e-01 3.72860259e-04 2.14126176e-04
3.73412596e-01 2.73639823e-04 2.15440489e-04
3.73929849e-01 -8.84685113e-05 2.12059386e-04
3.74447096e-01 1.63901662e-04 2.11178919e-04
3.74964337e-01 1.10061628e-04 2.13461677e-04
3.75481572e-01 1.49532433e-04 2.17575697e-04
3.75998802e-01 1.29708383e-04 2.14237089e-04
3.76516026e-01 -3.27783380e-05 2.15605130e-04
3.77033245e-01 1.19595948e-04 2.15154557e-04
3.77550457e-01 6.15158770e-05 2.14525285e-04
3.78067664e-01 -1.30810272e-04 2.17009449e-04
3.78584865e-01 -1.58363024e-04 2.15081002e-04
3.79102060e-01 4.09089140e-04 2.20354163e-04
3.79619250e-01 -6.62286527e-05 2.17799857e-04
3.80136433e-01 -2.01697327e-05 2.18713965e-04
3.80653611e-01 7.23058493e-05 2.18426337e-04
3.81170783e-01 -7.66273074e-05 2.17314182e-04
3.81687950e-01 -1.99012073e-04 2.17213237e-04
3.82205110e-01 3.97020291e-04 2.15720478e-04
3.82722265e-01 -2.15442855e-05 2.12359333e-04
3.83239413e-01 -1.97964366e-06 2.15344720e-04
3.83756556e-01 1.46675665e-04 2.16692764e-04
3.84273693e-01 -6.85755762e-05 2.19206084e-04
3.84790824e-01 2.30670235e-04 2.16013946e-04
3.85307950e-01 -2.35259747e-04 2.11723765e-04
3.85825069e-01 6.89968768e-05 2.12209317e-04
3.86342183e-01 -1.58443720e-04 2.12714830e-04
3.86859290e-01 -1.37344642e-04 2.12403435e-04
3.87376392e-01 2.38085405e-04 2.15305395e-04
3.87893488e-01 1.62222633e-04 2.16888657e-04
3.88410577e-01 4.74533532e-04 2.19236723e-04
3.88927661e-01 1.09439190e-04 2.15160428e-04
3.89444739e-01 4.79769348e-04 2.17852470e-04
3.89961811e-01 3.41040975e-04 2.15350398e-04
3.90478878e-01 -6.10306230e-05 2.17756603e-04
3.90995938e-01 4.89030325e-05 2.19862937e-04
3.91512992e-01 2.01962197e-05 2.15341471e-04
3.92030040e-01 -3.17661600e-04 2.19112414e-04
3.92547082e-01 -7.89031736e-05 2.13186479e-04
3.93064118e-01 -1.33051340e-04 2.17418263e-04
3.93581149e-01 -3.49803888e-04 2.17969295e-04
3.94098173e-01 -7.25110461e-05 2.20348430e-04
3.94615191e-01 3.11114855e-04 2.19665711e-04
3.95132203e-01 4.27117411e-04 2.22624990e-04
3.95649209e-01 1.07034650e-04 2.27423560e-04
3.96166209e-01 1.23752370e-04 2.24340899e-04
3.96683203e-01 1.74995819e-04 2.25880920e-04
3.97200191e-01 2.64796153e-04 2.19968533e-04
3.97717173e-01 4.32724413e-04 2.18288660e-04
3.98234149e-01 1.34798100e-04 2.31162027e-04
3.98751119e-01 2.61691714e-04 2.24741191e-04
3.99268083e-01 1.47999686e-04 2.20409107e-04
3.99785040e-01 -2.12759878e-04 2.24703218e-04
4.00301992e-01 2.35673815e-04 2.25647034e-04
4.00818937e-01 6.48119654e-06 2.25552980e-04
4.01335876e-01 -7.97978997e-05 2.28023872e-04
4.01852810e-01 -2.39476555e-05 2.33215784e-04
4.02369737e-01 2.67095349e-05 2.50858036e-04
4.02886658e-01 4.40935955e-04 2.79591912e-04
4.03403572e-01 5.02061661e-04 3.00780667e-04
4.03920481e-01 -1.26905177e-04 3.12858385e-04
4.04437383e-01 -2.53388465e-04 3.16434573e-04
4.04954280e-01 -1.92077319e-04 3.18932361e-04
4.05471170e-01 3.10183615e-04 3.58336082e-04
4.05988054e-01 -2.32833017e-04 4.05826344e-04
4.06504931e-01 1.88973343e-04 4.63081364e-04
4.07021803e-01 9.24222701e-04 5.48266121e-04
4.07538668e-01 1.63467518e-03 3.13606480e-03
