7.27043000e-03 4.09596289e-03 1.48931098e-02
7.78974585e-03 6.04038068e-04 1.06618450e-02
8.30906158e-03 -9.85254391e-03 7.10505307e-03
8.82837719e-03 2.68015129e-03 5.13807746e-03
9.34769265e-03 2.70295828e-03 3.52068642e-03
9.86700798e-03 3.95709591e-03 2.90805209e-03
1.03863231e-02 -5.93542215e-04 2.47466018e-03
1.09056382e-02 1.88045141e-03 2.06055076e-03
1.14249530e-02 1.01218550e-03 1.90473217e-03
1.19442677e-02 3.97102317e-04 1.73157828e-03
1.24635822e-02 2.48027467e-03 1.62368374e-03
1.29828965e-02 5.50896162e-04 1.48446203e-03
1.35022105e-02 -1.95464054e-03 1.32251155e-03
1.40215244e-02 8.49129446e-04 1.43666908e-03
1.45408381e-02 1.86408202e-03 1.42031431e-03
1.50601516e-02 1.43441476e-03 1.40894682e-03
1.55794648e-02 6.64165196e-04 1.37918801e-03
1.60987777e-02 -2.04704887e-03 1.18695197e-03
1.66180905e-02 -8.94367709e-04 1.21065585e-03
1.71374029e-02 -1.03470099e-04 1.24935396e-03
1.76567152e-02 -5.19930170e-04 1.19760343e-03
1.81760271e-02 1.39534162e-03 1.20494283e-03
1.86953388e-02 1.21530560e-04 1.17478007e-03
1.92146501e-02 1.91830209e-03 1.21767287e-03
1.97339612e-02 2.06150444e-03 1.20281843e-03
2.02532720e-02 1.74607515e-03 1.10905088e-03
2.07725824e-02 6.82712234e-04 1.04981891e-03
2.12918926e-02 1.74548711e-03 1.11378763e-03
2.18112024e-02 -1.07313537e-03 1.11552457e-03
2.23305119e-02 2.06136640e-03 1.06394582e-03
2.28498210e-02 7.60018706e-04 1.11503527e-03
2.33691298e-02 4.09759131e-04 1.02099964e-03
2.38884382e-02 1.89892410e-03 1.02301308e-03
2.44077463e-02 2.07723218e-04 1.04396448e-03
2.49270540e-02 7.42600801e-04 9.93964437e-04
2.54463613e-02 1.42704494e-03 1.01955323e-03
2.59656682e-02 -3.10416373e-04 9.05100336e-04
2.64849747e-02 4.22631149e-04 9.80117318e-04
2.70042808e-02 1.02128019e-03 9.86070435e-04
2.75235865e-02 9.37769846e-04 9.93261926e-04
2.80428918e-02 1.71331549e-03 9.71549677e-04
2.85621966e-02 1.11606375e-03 9.28253544e-04
2.90815010e-02 1.54965062e-03 9.14853075e-04
2.96008049e-02 -3.40535607e-04 9.28778567e-04
3.01201084e-02 -2.26839605e-04 9.55266925e-04
3.06394115e-02 6.92069894e-06 8.45038281e-04
3.11587140e-02 7.49840125e-04 9.19210057e-04
3.16780161e-02 1.48193608e-04 9.55818938e-04
3.21973177e-02 1.23307651e-03 8.94608338e-04
3.27166188e-02 -9.59891797e-04 9.07404463e-04
3.32359194e-02 1.71088398e-03 9.21867228e-04
3.37552195e-02 6.17620537e-04 8.49661547e-04
3.42745190e-02 -3.99059933e-04 8.54062615e-04
3.47938181e-02 -3.05670604e-04 8.69763701e-04
3.53131166e-02 2.21479748e-03 8.72122777e-04
3.58324146e-02 6.59417832e-04 8.41407696e-04
3.63517120e-02 5.97624940e-04 8.23284937e-04
3.68710088e-02 8.64496885e-04 7.75940953e-04
3.73903051e-02 2.91454570e-04 7.74809752e-04
3.79096008e-02 2.98058757e-04 7.72155522e-04
3.84288959e-02 1.60982851e-03 8.33684707e-04
3.89481905e-02 1.73224691e-04 8.11592249e-04
3.94674844e-02 1.09380384e-03 7.55094058e-04
3.99867778e-02 -7.94719391e-04 7.47317233e-04
4.05060705e-02 -5.99796532e-05 8.18350300e-04
4.10253626e-02 6.72258166e-04 7.66786084e-04
4.15446540e-02 1.68552015e-03 7.64846640e-04
4.20639449e-02 1.17475082e-03 7.68782266e-04
4.25832350e-02 2.60795810e-04 7.10031471e-04
4.31025246e-02 4.56683741e-04 7.58269353e-04
4.36218134e-02 7.26335937e-04 7.70308750e-04
4.41411016e-02 6.26377522e-05 7.99531244e-04
4.46603891e-02 -1.18201943e-03 8.11037372e-04
4.51796760e-02 -4.65024105e-05 7.42756378e-04
4.56989621e-02 6.65564020e-04 7.95130241e-04
4.62182475e-02 1.27319017e-04 7.50517388e-04
4.67375323e-02 2.88154100e-04 7.68062281e-04
4.72568163e-02 1.08519611e-03 7.85862745e-04
4.77760995e-02 -1.32644930e-04 7.29279648e-04
4.82953821e-02 -1.96134584e-04 7.67318550e-04
4.88146639e-02 3.79467050e-04 7.38860331e-04
4.93339449e-02 3.36153926e-04 7.50615127e-04
4.98532252e-02 2.42359562e-04 7.77485087e-04
5.03725048e-02 4.13853134e-04 7.66494937e-04
5.08917835e-02 7.71132972e-05 7.29194928e-04
5.14110615e-02 1.34411670e-03 7.71022069e-04
5.19303387e-02 7.49880360e-04 7.49449160e-04
5.24496150e-02 1.71662073e-04 7.08164830e-04
5.29688906e-02 -3.37246757e-06 7.12480273e-04
5.34881654e-02 3.35033413e-04 7.03073952e-04
5.40074393e-02 -5.67155025e-04 7.00376627e-04
5.45267124e-02 4.71638102e-04 6.92227098e-04
5.50459847e-02 7.66001913e-04 7.33759588e-04
5.55652561e-02 4.86249508e-04 6.99269739e-04
5.60845267e-02 -1.04462035e-04 6.97441713e-04
5.66037964e-02 4.97766787e-04 6.89982052e-04
5.71230652e-02 1.24708845e-03 6.84579226e-04
5.76423332e-02 7.86985244e-04 6.90567353e-04
5.81616003e-02 9.60235533e-04 6.79254292e-04
5.86808665e-02 3.00275542e-04 6.89926599e-04
5.92001317e-02 1.12725882e-03 7.00926880e-04
5.97193961e-02 5.18258205e-04 6.87448653e-04
6.02386596e-02 1.12850608e-03 7.04443792e-04
6.07579221e-02 -1.01034618e-03 6.84700627e-04
6.12771837e-02 8.67567311e-04 7.10554896e-04
6.17964443e-02 6.96363420e-04 7.21821695e-04
6.23157040e-02 1.13820485e-03 6.81256122e-04
6.28349628e-02 1.14663897e-04 7.12121753e-04
6.33542206e-02 6.47067528e-04 6.82518349e-04
6.38734774e-02 -8.26313817e-04 7.08984036e-04
6.43927332e-02 1.09471165e-04 6.79804582e-04
6.49119880e-02 5.13390723e-04 6.88940615e-04
6.54312419e-02 -1.35122239e-04 6.81511130e-04
6.59504947e-02 6.15659288e-04 6.64992692e-04
6.64697465e-02 3.11610606e-04 6.81412979e-04
6.69889973e-02 4.92934079e-04 6.78416459e-04
6.75082471e-02 -4.83284737e-04 6.58595018e-04
6.80274958e-02 3.22967597e-04 6.71102371e-04
6.85467435e-02 -4.47036916e-04 6.59257565e-04
6.90659901e-02 4.90267405e-05 6.61927660e-04
6.95852357e-02 2.40510836e-04 6.20587038e-04
7.01044802e-02 2.86079512e-04 6.38797650e-04
7.06237236e-02 -1.20649297e-04 6.27956369e-04
7.11429659e-02 5.56332743e-04 6.47298935e-04
7.16622072e-02 -5.17519752e-04 6.29932103e-04
7.21814473e-02 5.39377376e-04 6.13740637e-04
7.27006863e-02 8.91425237e-04 6.06370151e-04
7.32199243e-02 -1.94136681e-04 6.18466543e-04
7.37391611e-02 -3.73425912e-04 6.00423274e-04
7.42583967e-02 1.36807494e-04 6.01442307e-04
7.47776312e-02 1.29951773e-03 6.12930963e-04
7.52968646e-02 4.29334026e-04 5.98249542e-04
7.58160968e-02 1.05012028e-04 5.65243304e-04
7.63353279e-02 -2.75522161e-04 5.73743327e-04
7.68545577e-02 5.45565590e-04 5.87435499e-04
7.73737864e-02 9.25284969e-04 5.92137532e-04
7.78930139e-02 3.53844545e-04 5.70714776e-04
7.84122402e-02 2.36267767e-06 5.82622159e-04
7.89314653e-02 9.76501071e-04 5.69195620e-04
7.94506892e-02 1.71898575e-04 5.96227653e-04
7.99699119e-02 -5.03115149e-04 5.73934618e-04
8.04891333e-02 4.86963048e-04 5.87726762e-04
8.10083535e-02 1.97670508e-04 5.79336194e-04
8.15275725e-02 1.04830513e-04 5.70319086e-04
8.20467902e-02 -3.77032875e-05 5.63803726e-04
8.25660066e-02 -3.37073146e-06 5.80659577e-04
8.30852218e-02 6.22179654e-05 5.59679322e-04
8.36044357e-02 -1.16629456e-05 5.53909119e-04
8.41236483e-02 5.91827324e-04 5.62360207e-04
8.46428596e-02 4.52826918e-04 5.60216396e-04
8.51620696e-02 1.04345391e-03 5.62735108e-04
8.56812784e-02 5.88227385e-04 5.41683780e-04
8.62004858e-02 4.11976568e-04 5.32352033e-04
8.67196918e-02 5.82959318e-04 5.33013558e-04
8.72388966e-02 -5.05979931e-04 5.39445089e-04
8.77581000e-02 1.72919179e-03 5.36919718e-04
8.82773020e-02 3.19717507e-05 5.37572623e-04
8.87965027e-02 6.65634161e-04 5.17455011e-04
8.93157020e-02 6.32753587e-04 5.46690850e-04
8.98349000e-02 2.38122061e-04 5.41894760e-04
9.03540966e-02 7.90920827e-04 5.31907416e-04
9.08732917e-02 2.65227930e-04 5.21882913e-04
9.13924855e-02 6.56223129e-05 5.25396484e-04
9.19116779e-02 -1.50972818e-04 5.19912234e-04
9.24308689e-02 1.62774410e-05 5.22154592e-04
9.29500585e-02 -1.15280899e-05 5.13833527e-04
9.34692466e-02 -3.00920732e-05 5.11595651e-04
9.39884333e-02 1.72550579e-05 5.24103417e-04
9.45076185e-02 -4.07886734e-04 5.12766393e-04
9.50268023e-02 -1.75149654e-04 5.29713135e-04
9.55459846e-02 1.71671366e-04 5.17705636e-04
9.60651655e-02 7.95306535e-04 5.32712761e-04
9.65843449e-02 -4.73717606e-04 5.21016789e-04
9.71035228e-02 5.74981758e-05 5.05850192e-04
9.76226992e-02 -1.08194047e-04 4.90398425e-04
9.81418741e-02 6.72830805e-04 5.14363631e-04
9.86610475e-02 6.68506814e-04 5.09683430e-04
9.91802194e-02 -4.66828497e-04 4.92149360e-04
9.96993898e-02 6.57170318e-04 5.02099158e-04
1.00218559e-01 3.49380614e-04 5.05080257e-04
1.00737726e-01 -3.02216741e-04 4.94425626e-04
1.01256892e-01 -1.48969070e-04 4.92406032e-04
1.01776056e-01 4.48217868e-04 4.91305048e-04
1.02295218e-01 -5.86012432e-04 4.94940342e-04
1.02814380e-01 1.88784850e-04 4.98802194e-04
1.03333539e-01 8.92727784e-04 4.97032121e-04
1.03852697e-01 1.65667034e-04 4.83648778e-04
1.04371853e-01 9.26016478e-04 5.02062788e-04
1.04891008e-01 5.44526655e-04 5.02592679e-04
1.05410161e-01 6.01034252e-04 4.87950997e-04
1.05929312e-01 4.39669859e-04 4.77764555e-04
1.06448462e-01 -1.29450456e-04 4.85912999e-04
1.06967610e-01 4.40211746e-05 4.77090768e-04
1.07486757e-01 6.61868766e-04 4.91875645e-04
1.08005902e-01 -6.52205783e-05 4.81648882e-04
1.08525045e-01 5.85063677e-04 4.67621503e-04
1.09044187e-01 -7.22863596e-05 4.75180500e-04
1.09563327e-01 3.68558821e-04 4.62591447e-04
1.10082465e-01 -4.75876445e-04 4.55924024e-04
1.10601601e-01 6.42682235e-04 4.84798156e-04
1.11120736e-01 2.17182897e-04 4.79337923e-04
1.11639869e-01 5.88464517e-04 4.63996396e-04
1.12159001e-01 8.11295501e-04 4.52054545e-04
1.12678130e-01 -2.96381838e-04 4.61013858e-04
1.13197258e-01 -2.08391297e-04 4.62058340e-04
1.13716385e-01 -6.40927383e-04 4.60046173e-04
1.14235509e-01 6.66555037e-04 4.79471918e-04
1.14754632e-01 5.81548811e-05 4.62730760e-04
1.15273753e-01 5.74851392e-04 4.72345429e-04
1.15792872e-01 8.39599191e-05 4.83157287e-04
1.16311989e-01 -1.66220140e-04 4.70926517e-04
1.16831105e-01 -1.45352666e-04 4.84293255e-04
1.17350219e-01 -3.43860112e-05 4.71851047e-04
1.17869331e-01 1.11874527e-03 4.78741174e-04
1.18388441e-01 5.37984908e-04 4.67982611e-04
1.18907549e-01 2.40565361e-04 4.54791296e-04
1.19426656e-01 2.05050776e-04 4.55615312e-04
1.19945761e-01 1.93817457e-06 4.55084543e-04
1.20464864e-01 1.35471591e-04 4.68292292e-04
1.20983965e-01 -6.69203937e-04 4.50746454e-04
1.21503064e-01 -7.55069590e-04 4.50094507e-04
1.22022161e-01 4.55286112e-05 4.48234685e-04
1.22541256e-01 -5.04795911e-04 4.44734188e-04
1.23060350e-01 5.14246588e-04 4.52720795e-04
1.23579442e-01 1.57961393e-04 4.37493799e-04
1.24098531e-01 7.54078335e-05 4.51526736e-04
1.24617619e-01 5.11558905e-04 4.40684629e-04
1.25136705e-01 5.04283932e-04 4.33000648e-04
1.25655789e-01 -3.40026202e-05 4.36467519e-04
1.26174871e-01 9.22225008e-04 4.49859261e-04
1.26693952e-01 2.14934224e-04 4.37374928e-04
1.27213030e-01 1.19903797e-04 4.20300701e-04
1.27732106e-01 6.20403791e-05 4.38314026e-04
1.28251180e-01 -1.44071452e-04 4.27840183e-04
1.28770253e-01 1.18059467e-05 4.42600768e-04
1.29289323e-01 -2.02946501e-04 4.45488165e-04
1.29808391e-01 9.33823026e-04 4.43060352e-04
1.30327458e-01 2.54677082e-04 4.23843109e-04
1.30846522e-01 7.34324337e-04 4.44720888e-04
1.31365584e-01 5.68385821e-04 4.28688190e-04
1.31884645e-01 -3.38557883e-04 4.39757334e-04
1.32403703e-01 3.84633947e-04 4.22045965e-04
1.32922759e-01 7.35916025e-04 4.36680318e-04
1.33441814e-01 3.04061870e-04 4.23498593e-04
1.33960866e-01 2.46999050e-04 4.28874773e-04
1.34479916e-01 2.73009841e-04 4.23163772e-04
1.34998964e-01 -2.83437007e-04 4.21640824e-04
1.35518010e-01 -1.79475921e-04 4.21048290e-04
1.36037054e-01 -2.19076227e-04 4.12931566e-04
1.36556096e-01 -6.14677766e-05 4.20386498e-04
1.37075135e-01 -1.03261208e-04 4.15560175e-04
1.37594173e-01 -2.48600815e-04 4.17271175e-04
1.38113208e-01 -4.81746375e-04 4.17902597e-04
1.38632242e-01 1.65598522e-04 4.14610263e-04
1.39151273e-01 -2.14692245e-04 4.33347862e-04
1.39670302e-01 2.44251796e-04 4.12917218e-04
1.40189329e-01 1.73999110e-04 4.24086178e-04
1.40708354e-01 5.66648730e-04 4.23557799e-04
1.41227377e-01 2.52606243e-05 4.14386732e-04
1.41746397e-01 -1.71556316e-04 4.22832526e-04
1.42265415e-01 -4.58639050e-04 4.33569882e-04
1.42784432e-01 4.50866146e-04 4.31305525e-04
1.43303446e-01 7.11345664e-04 4.09394924e-04
1.43822457e-01 1.13469733e-04 4.23377963e-04
1.44341467e-01 3.23366922e-04 4.15513365e-04
1.44860474e-01 2.98313742e-04 4.16486481e-04
1.45379479e-01 -3.16974030e-04 4.19337206e-04
1.45898482e-01 2.53965841e-04 4.12596060e-04
1.46417483e-01 3.41205239e-04 4.02971188e-04
1.46936481e-01 9.49289326e-05 4.21663961e-04
1.47455477e-01 -1.16698596e-04 4.02511305e-04
1.47974471e-01 1.59201004e-04 4.05511514e-04
1.48493463e-01 2.43718029e-04 4.02668791e-04
1.49012452e-01 4.70287852e-04 4.01234419e-04
1.49531439e-01 7.01844456e-04 3.95073836e-04
1.50050424e-01 4.24700327e-04 3.96048727e-04
1.50569406e-01 8.35700625e-06 3.98392776e-04
1.51088386e-01 -1.26681871e-04 3.97969824e-04
1.51607364e-01 5.84301093e-04 3.91365683e-04
1.52126339e-01 5.69383153e-05 3.85290321e-04
1.52645312e-01 2.49056834e-04 3.94787497e-04
1.53164283e-01 -3.17437680e-04 4.00828291e-04
1.53683251e-01 3.34832881e-04 4.01837556e-04
1.54202218e-01 -5.33395933e-04 3.84435240e-04
1.54721181e-01 -7.49964111e-04 4.15505294e-04
1.55240143e-01 1.80721292e-04 4.04768888e-04
1.55759101e-01 -3.69847599e-04 3.99157062e-04
1.56278058e-01 -3.12588832e-04 3.95788067e-04
1.56797012e-01 -2.49764228e-04 4.14473428e-04
1.57315964e-01 -2.20036087e-04 4.00522507e-04
1.57834913e-01 7.46034513e-04 4.08407450e-04
1.58353860e-01 2.35475655e-04 4.00428006e-04
1.58872805e-01 -1.34279551e-04 4.07477760e-04
1.59391747e-01 4.57689551e-04 4.04841210e-04
1.59910686e-01 1.05892994e-04 4.00160219e-04
1.60429623e-01 4.66408264e-04 4.10062452e-04
1.60948558e-01 3.77949377e-04 4.09834554e-04
1.61467490e-01 -5.73547780e-05 3.94182986e-04
1.61986420e-01 -8.57875081e-06 3.99752137e-04
1.62505347e-01 5.79696564e-04 3.91516033e-04
1.63024272e-01 -4.97698937e-04 3.81362840e-04
1.63543194e-01 -1.34432333e-04 4.00740054e-04
1.64062114e-01 2.93895206e-04 3.91685363e-04
1.64581031e-01 4.50240507e-04 3.92079764e-04
1.65099945e-01 2.16624787e-04 3.88868337e-04
1.65618858e-01 -7.09480188e-05 3.84843173e-04
1.66137767e-01 -1.17265767e-04 3.75203163e-04
1.66656674e-01 1.03677841e-04 3.82819308e-04
1.67175579e-01 -1.02752824e-03 3.76493201e-04
1.67694481e-01 1.29137207e-04 3.89659670e-04
1.68213380e-01 -1.71582161e-04 3.77236857e-04
1.68732277e-01 -3.92165978e-04 3.77657224e-04
1.69251171e-01 -3.53985267e-04 3.93532891e-04
1.69770062e-01 -2.60498949e-04 3.87120290e-04
1.70288951e-01 1.84248886e-04 3.92455049e-04
1.70807838e-01 2.16984227e-04 3.81980539e-04
1.71326721e-01 1.88988005e-04 3.83744582e-04
1.71845603e-01 5.15696284e-04 3.89432578e-04
1.72364481e-01 -2.12081641e-04 3.92331788e-04
1.72883357e-01 -1.83639591e-04 3.79347876e-04
1.73402230e-01 5.07059437e-04 3.85501532e-04
1.73921100e-01 -4.41053503e-05 3.74132315e-04
1.74439968e-01 -5.48547074e-04 3.78880362e-04
1.74958833e-01 -4.83854629e-04 3.78364915e-04
1.75477696e-01 -5.54184356e-04 3.77902156e-04
1.75996556e-01 1.23133335e-04 3.88268498e-04
1.76515413e-01 -1.05734657e-04 3.83346652e-04
1.77034267e-01 6.93543668e-04 3.84286871e-04
1.77553119e-01 4.52178342e-06 3.87469740e-04
1.78071968e-01 -8.03705538e-05 3.75928605e-04
1.78590814e-01 -2.81703449e-04 3.60954829e-04
1.79109657e-01 1.56898601e-04 3.73542771e-04
1.79628498e-01 -1.46018877e-05 3.67062186e-04
1.80147336e-01 2.46688412e-04 3.62855400e-04
1.80666171e-01 -1.24200174e-04 3.57964000e-04
1.81185003e-01 4.58749753e-04 3.63055056e-04
1.81703833e-01 -5.40858558e-04 3.58988708e-04
1.82222660e-01 3.66882231e-04 3.68389408e-04
1.82741484e-01 -7.50519584e-05 3.54253982e-04
1.83260305e-01 -1.89125677e-04 3.60942246e-04
1.83779124e-01 4.78580217e-04 3.59965211e-04
1.84297939e-01 3.57891669e-04 3.50244518e-04
1.84816752e-01 -2.27884999e-05 3.52876491e-04
1.85335562e-01 5.06126059e-05 3.50775436e-04
1.85854369e-01 3.27912038e-04 3.58941615e-04
1.86373173e-01 -3.73490451e-04 3.51197589e-04
1.86891975e-01 -2.95707086e-04 3.59464898e-04
1.87410773e-01 2.23593146e-04 3.45803967e-04
1.87929569e-01 -3.49893663e-04 3.45985319e-04
1.88448361e-01 -1.89229198e-04 3.50283010e-04
1.88967151e-01 -3.41405176e-05 3.45076741e-04
1.89485938e-01 3.07728031e-04 3.57985808e-04
1.90004722e-01 -3.29317724e-04 3.44433189e-04
1.90523503e-01 2.96420627e-04 3.49305724e-04
1.91042282e-01 8.29236992e-04 3.46535563e-04
1.91561057e-01 -1.06342727e-04 3.49040502e-04
1.92079829e-01 9.71388655e-06 3.46922092e-04
1.92598599e-01 -4.95646661e-04 3.46800899e-04
1.93117365e-01 -6.65932519e-04 3.46442898e-04
1.93636128e-01 6.35416776e-04 3.38431337e-04
1.94154889e-01 -2.65293949e-04 3.37750412e-04
1.94673646e-01 -1.92960713e-04 3.30792392e-04
1.95192401e-01 3.35277989e-04 3.33599692e-04
1.95711153e-01 -2.85896805e-05 3.33456094e-04
1.96229901e-01 1.03900369e-04 3.31167680e-04
1.96748647e-01 5.39418324e-04 3.34426449e-04
1.97267389e-01 3.07842479e-04 3.39565702e-04
1.97786129e-01 1.58519506e-04 3.36892537e-04
1.98304865e-01 5.05261183e-05 3.31958582e-04
1.98823598e-01 -4.85092866e-04 3.28833852e-04
1.99342329e-01 1.52267448e-04 3.26143639e-04
1.99861056e-01 -1.33710691e-04 3.26552036e-04
2.00379780e-01 2.98887538e-04 3.30329879e-04
2.00898501e-01 -2.84584335e-04 3.23221063e-04
2.01417219e-01 -1.07621506e-04 3.27775703e-04
2.01935934e-01 -5.11069878e-05 3.35871574e-04
2.02454646e-01 -7.55610458e-04 3.24459689e-04
2.02973355e-01 1.26657803e-04 3.27427101e-04
2.03492061e-01 -2.27188258e-05 3.21888539e-04
2.04010763e-01 -8.77145341e-06 3.29769378e-04
2.04529463e-01 -3.56136113e-04 3.25370973e-04
2.05048159e-01 -3.32424675e-05 3.22575614e-04
2.05566852e-01 1.90898337e-04 3.22715074e-04
2.06085542e-01 9.21582210e-05 3.23487321e-04
2.06604229e-01 -3.00093886e-04 3.28271213e-04
2.07122913e-01 2.36691908e-05 3.22865852e-04
2.07641593e-01 -9.49290106e-05 3.21953326e-04
2.08160270e-01 4.84665809e-05 3.14212989e-04
2.08678944e-01 1.09072818e-04 3.16441870e-04
2.09197615e-01 -1.02423477e-04 3.16600012e-04
2.09716283e-01 2.65313520e-04 3.11719349e-04
2.10234947e-01 -1.99587665e-05 3.12042805e-04
2.10753609e-01 3.53711025e-04 3.08962666e-04
2.11272267e-01 -6.44037650e-04 3.06477903e-04
2.11790921e-01 -2.89467394e-04 3.15386305e-04
2.12309573e-01 -1.86019680e-04 3.17480290e-04
2.12828221e-01 -6.69435565e-05 3.10179651e-04
2.13346866e-01 9.53660675e-05 3.03218487e-04
2.13865508e-01 -2.14662543e-04 3.08955903e-04
2.14384146e-01 -4.03324236e-04 3.08669570e-04
2.14902781e-01 1.75965406e-04 3.14692499e-04
2.15421413e-01 -1.92552701e-04 3.16178501e-04
2.15940042e-01 2.42551977e-04 3.17465903e-04
2.16458667e-01 -3.13946801e-05 3.10936147e-04
2.16977289e-01 -2.31381343e-06 3.15018968e-04
2.17495907e-01 -3.69238589e-04 3.09490948e-04
2.18014523e-01 2.87900921e-04 3.06642706e-04
2.18533135e-01 -1.52923747e-04 3.10021258e-04
2.19051743e-01 -6.07925459e-04 3.11140169e-04
2.19570348e-01 1.11694087e-04 3.07332563e-04
2.20088950e-01 1.93559772e-04 3.04880602e-04
2.20607549e-01 -3.25926823e-04 3.04561172e-04
2.21126144e-01 -1.04860843e-04 3.08413625e-04
2.21644735e-01 4.67926597e-05 3.05227547e-04
2.22163324e-01 -1.37925154e-04 2.99107571e-04
2.22681909e-01 -5.07148822e-05 3.03045019e-04
2.23200490e-01 -4.65630179e-04 2.98901313e-04
2.23719068e-01 4.04080640e-04 3.01125529e-04
2.24237643e-01 -1.63442230e-04 3.08635391e-04
2.24756214e-01 6.46001087e-05 3.02418521e-04
2.25274781e-01 -4.01633074e-06 2.93936446e-04
2.25793346e-01 -2.17380999e-04 3.01171260e-04
2.26311907e-01 1.53698796e-04 3.00857612e-04
2.26830464e-01 9.22572812e-05 3.02081722e-04
2.27349018e-01 1.03887597e-05 2.96334029e-04
2.27867568e-01 -8.25700490e-05 2.92154328e-04
2.28386115e-01 -3.18100748e-04 2.93761177e-04
2.28904658e-01 1.92393701e-04 2.93431464e-04
2.29423198e-01 8.46693886e-05 2.97723127e-04
2.29941734e-01 -9.41946203e-05 2.98757190e-04
2.30460267e-01 1.26298050e-04 2.95909444e-04
2.30978797e-01 2.62766866e-05 2.95531337e-04
2.31497322e-01 3.86107762e-04 2.97994253e-04
2.32015844e-01 9.85815448e-05 2.95970752e-04
2.32534363e-01 2.75595391e-04 2.92591219e-04
2.33052878e-01 -1.07670584e-04 2.94802999e-04
2.33571390e-01 3.48585842e-05 2.89358601e-04
2.34089898e-01 8.04250155e-05 2.86403424e-04
2.34608402e-01 -2.39677207e-04 2.88446280e-04
2.35126903e-01 4.28913785e-04 2.94953646e-04
2.35645400e-01 1.03660703e-04 2.91932329e-04
2.36163893e-01 3.09030268e-04 2.85298178e-04
2.36682383e-01 8.33127072e-05 2.87823091e-04
2.37200869e-01 -3.98220457e-04 2.87526412e-04
2.37719352e-01 7.26780815e-06 2.83613126e-04
2.38237831e-01 -1.09858436e-04 2.89168637e-04
2.38756306e-01 -1.11157555e-05 2.85563794e-04
2.39274778e-01 2.85743143e-05 2.87150952e-04
2.39793246e-01 9.59213437e-05 2.89064665e-04
2.40311710e-01 3.99321215e-04 2.87958519e-04
2.40830171e-01 -5.10656818e-05 2.90724301e-04
2.41348628e-01 3.11883607e-04 2.87983669e-04
2.41867081e-01 -3.89392585e-05 2.87545182e-04
2.42385531e-01 -5.28171835e-05 2.92835013e-04
2.42903976e-01 -8.64729996e-04 2.87246617e-04
2.43422418e-01 -2.70603999e-04 2.84854569e-04
2.43940857e-01 3.87463187e-04 2.85705446e-04
2.44459291e-01 -2.90979632e-04 2.82520510e-04
2.44977722e-01 -1.68697053e-04 2.82173511e-04
2.45496149e-01 -4.87044179e-05 2.83616763e-04
2.46014573e-01 4.29956622e-04 2.79857410e-04
2.46532992e-01 3.83944467e-05 2.84733383e-04
2.47051408e-01 2.48428268e-04 2.81405731e-04
2.47569820e-01 -2.33342493e-04 2.82106066e-04
2.48088228e-01 1.86300379e-04 2.82178263e-04
2.48606633e-01 2.04107816e-04 2.75619211e-04
2.49125033e-01 2.72405057e-04 2.76550620e-04
2.49643430e-01 2.13350798e-04 2.76331436e-04
2.50161823e-01 -1.06996607e-04 2.78604312e-04
2.50680212e-01 -2.61889013e-04 2.82476945e-04
2.51198598e-01 -8.99725145e-05 2.80763152e-04
2.51716979e-01 3.34021361e-07 2.75868849e-04
2.52235357e-01 3.95468814e-04 2.78609176e-04
2.52753730e-01 3.05800603e-04 2.78855942e-04
2.53272100e-01 2.60855953e-04 2.84063875e-04
2.53790466e-01 3.87771090e-05 2.75659301e-04
2.54308828e-01 2.06257293e-04 2.77660180e-04
2.54827186e-01 3.13019839e-04 2.73537719e-04
2.55345541e-01 3.46994438e-04 2.70312484e-04
2.55863891e-01 9.58525287e-05 2.75145017e-04
2.56382237e-01 -3.59933313e-04 2.70805112e-04
2.56900580e-01 2.16105669e-04 2.77891580e-04
2.57418919e-01 4.06850375e-04 2.65357395e-04
2.57937253e-01 2.61673991e-04 2.71254173e-04
2.58455584e-01 -3.91536864e-04 2.72586525e-04
2.58973911e-01 -1.30102344e-04 2.71169483e-04
2.59492233e-01 -7.69370507e-06 2.71949542e-04
2.60010552e-01 -4.32267019e-04 2.65902725e-04
2.60528867e-01 5.16277609e-05 2.69463047e-04
2.61047178e-01 -2.43650121e-05 2.64171509e-04
2.61565484e-01 -4.36455038e-04 2.76300004e-04
2.62083787e-01 -1.11823850e-04 2.64324420e-04
2.62602086e-01 -5.05430400e-04 2.66432130e-04
2.63120381e-01 2.99211446e-04 2.69806396e-04
2.63638671e-01 4.09354390e-04 2.74588087e-04
2.64156958e-01 4.84320579e-05 2.70831163e-04
2.64675241e-01 8.69725416e-05 2.80865463e-04
2.65193519e-01 -1.47074609e-04 2.76878342e-04
2.65711794e-01 1.77039757e-04 2.69613955e-04
2.66230064e-01 1.85799395e-04 2.77785657e-04
2.66748330e-01 1.21530248e-04 2.75302495e-04
2.67266593e-01 1.78376752e-06 2.79516384e-04
2.67784851e-01 -2.15025059e-04 2.74538708e-04
2.68303105e-01 4.34573140e-05 2.74287851e-04
2.68821355e-01 -4.52301378e-04 2.67525089e-04
2.69339601e-01 2.29763945e-05 2.70926079e-04
2.69857842e-01 -3.59588014e-04 2.74368212e-04
2.70376080e-01 -1.59750205e-04 2.64530470e-04
2.70894314e-01 3.30140168e-05 2.69890727e-04
2.71412543e-01 2.01667346e-05 2.73522835e-04
2.71930768e-01 -3.12524120e-04 2.69358557e-04
2.72448989e-01 -4.33033211e-06 2.70656213e-04
2.72967206e-01 -5.26984094e-04 2.64940215e-04
2.73485418e-01 4.28967579e-04 2.69097806e-04
2.74003627e-01 -8.14148422e-05 2.64746509e-04
2.74521831e-01 4.87572049e-05 2.68459418e-04
2.75040031e-01 -7.24079703e-05 2.63164969e-04
2.75558227e-01 7.71298097e-05 2.65929615e-04
2.76076418e-01 1.01741471e-04 2.66905225e-04
2.76594606e-01 5.99927652e-05 2.67562161e-04
2.77112789e-01 -3.24955945e-04 2.61762646e-04
2.77630968e-01 -4.05441764e-04 2.61375571e-04
2.78149142e-01 -1.48280545e-04 2.64071921e-04
2.78667313e-01 1.31656129e-05 2.65305526e-04
2.79185479e-01 1.78855079e-04 2.69499329e-04
2.79703640e-01 2.61595533e-04 2.62629849e-04
2.80221798e-01 1.10349661e-04 2.63822098e-04
2.80739951e-01 -8.57442412e-06 2.69163312e-04
2.81258100e-01 2.40969742e-05 2.65506897e-04
2.81776245e-01 -1.16324606e-04 2.64112663e-04
2.82294385e-01 -1.51431564e-05 2.62859785e-04
2.82812521e-01 -6.72451328e-04 2.62948627e-04
2.83330653e-01 4.74394993e-05 2.71220629e-04
2.83848780e-01 4.74695978e-04 2.62574930e-04
2.84366903e-01 -2.15001898e-04 2.60781500e-04
2.84885022e-01 3.70559175e-04 2.63103009e-04
2.85403136e-01 3.04882319e-04 2.62917586e-04
2.85921246e-01 7.12842905e-05 2.65418833e-04
2.86439351e-01 5.62822028e-05 2.64936608e-04
2.86957452e-01 1.57040645e-04 2.71430842e-04
2.87475549e-01 -1.02130334e-04 2.61624268e-04
2.87993641e-01 -2.99155628e-04 2.58474238e-04
2.88511729e-01 -1.10793472e-04 2.56286639e-04
2.89029813e-01 9.28655347e-05 2.60894920e-04
2.89547892e-01 -2.26960803e-04 2.60653978e-04
2.90065967e-01 8.32282791e-05 2.58796270e-04
2.90584037e-01 -9.85637756e-05 2.52452030e-04
2.91102103e-01 2.21026719e-04 2.59453454e-04
2.91620164e-01 -2.15055537e-04 2.56999040e-04
2.92138221e-01 3.24754460e-04 2.54973065e-04
2.92656273e-01 -3.02828273e-05 2.54463767e-04
2.93174321e-01 2.96653955e-04 2.54212952e-04
2.93692364e-01 2.53249835e-04 2.57857909e-04
2.94210403e-01 1.46496793e-04 2.53877883e-04
2.94728437e-01 9.88156082e-05 2.52958438e-04
2.95246467e-01 4.99259680e-05 2.52085899e-04
2.95764493e-01 1.23664925e-04 2.55963371e-04
2.96282514e-01 3.50298804e-04 2.52598249e-04
2.96800530e-01 2.60811688e-04 2.50000828e-04
2.97318542e-01 -1.23121204e-04 2.49204419e-04
2.97836549e-01 -1.89618412e-05 2.50162045e-04
2.98354551e-01 4.21121438e-04 2.51681449e-04
2.98872549e-01 -8.88649229e-05 2.50060972e-04
2.99390543e-01 1.39281526e-04 2.50695046e-04
2.99908532e-01 6.11158920e-05 2.51239644e-04
3.00426516e-01 8.23271355e-05 2.42314584e-04
3.00944496e-01 4.60335703e-06 2.47415496e-04
3.01462471e-01 -1.09410795e-04 2.45754782e-04
3.01980441e-01 -4.14387539e-04 2.45360383e-04
3.02498407e-01 -1.56295765e-04 2.48268207e-04
3.03016368e-01 1.45328859e-04 2.47893422e-04
3.03534325e-01 1.12388015e-04 2.42692304e-04
3.04052277e-01 -1.72781970e-04 2.43508648e-04
3.04570224e-01 3.18996425e-05 2.42344569e-04
3.05088167e-01 2.37285373e-05 2.43084521e-04
3.05606105e-01 1.04012475e-04 2.43687996e-04
3.06124038e-01 -1.05252114e-04 2.42745564e-04
3.06641967e-01 -2.01174769e-04 2.39097228e-04
3.07159891e-01 1.25792718e-04 2.44040249e-04
3.07677810e-01 -2.21421747e-04 2.41456006e-04
3.08195724e-01 4.75129285e-05 2.42384593e-04
3.08713634e-01 1.25481440e-04 2.40246536e-04
3.09231539e-01 3.00334357e-05 2.39851172e-04
3.09749440e-01 8.80603366e-05 2.36306249e-04
3.10267335e-01 7.83141387e-05 2.35817562e-04
3.10785226e-01 7.76775114e-05 2.40611957e-04
3.11303112e-01 -6.72729328e-05 2.39332473e-04
3.11820993e-01 -2.58410584e-04 2.40195193e-04
3.12338870e-01 -4.70788461e-04 2.32962644e-04
3.12856742e-01 -8.29817906e-05 2.35956805e-04
3.13374609e-01 -2.19164955e-04 2.37201972e-04
3.13892471e-01 -4.76321175e-04 2.40526061e-04
3.14410328e-01 -2.90331581e-04 2.39374654e-04
3.14928181e-01 1.05865569e-04 2.37367028e-04
3.15446029e-01 1.47258738e-04 2.41526302e-04
3.15963871e-01 6.02358006e-05 2.37261723e-04
3.16481710e-01 1.33302464e-04 2.33948510e-04
3.16999543e-01 -2.86982482e-04 2.32731628e-04
3.17517371e-01 4.75670488e-05 2.36152359e-04
3.18035195e-01 -5.77349316e-05 2.36233544e-04
3.18553013e-01 -1.68117084e-04 2.33845329e-04
3.19070827e-01 -2.28073715e-04 2.34602821e-04
3.19588636e-01 -1.00643802e-05 2.35007322e-04
3.20106440e-01 -9.21298105e-05 2.31054746e-04
3.20624239e-01 3.09056294e-04 2.35606025e-04
3.21142033e-01 3.70717272e-04 2.40604347e-04
3.21659823e-01 -1.59964860e-04 2.31335447e-04
3.22177607e-01 -2.82414140e-04 2.31643597e-04
3.22695387e-01 -1.22208988e-04 2.29657131e-04
3.23213161e-01 2.12476261e-04 2.31617678e-04
3.23730931e-01 -3.12603310e-05 2.30788803e-04
3.24248695e-01 1.88805491e-04 2.33877746e-04
3.24766455e-01 -6.08374297e-05 2.33905388e-04
3.25284210e-01 -7.75150465e-05 2.35691379e-04
3.25801959e-01 2.63497185e-04 2.30674741e-04
3.26319704e-01 4.90301483e-05 2.32905413e-04
3.26837444e-01 3.47682596e-04 2.29225830e-04
3.27355179e-01 1.06307831e-04 2.33921433e-04
3.27872908e-01 -3.88026552e-05 2.30538243e-04
3.28390633e-01 1.53578152e-04 2.31198959e-04
3.28908353e-01 -3.32311593e-05 2.24980704e-04
3.29426067e-01 -1.93690615e-05 2.34897834e-04
3.29943777e-01 -9.25128590e-05 2.32283470e-04
3.30461482e-01 -4.64540880e-05 2.30304130e-04
3.30979181e-01 1.41715596e-04 2.23775236e-04
3.31496876e-01 2.78947074e-04 2.28071186e-04
3.32014565e-01 1.38873521e-04 2.24200441e-04
3.32532249e-01 1.94709283e-04 2.26415260e-04
3.33049928e-01 1.16204418e-04 2.28482627e-04
3.33567603e-01 -2.65696252e-05 2.24214582e-04
3.34085272e-01 -2.88026108e-05 2.19832573e-04
3.34602936e-01 1.87334586e-05 2.24992363e-04
3.35120594e-01 -1.61143944e-04 2.21347465e-04
3.35638248e-01 5.15158516e-04 2.25721544e-04
3.36155897e-01 -3.89179563e-04 2.24378675e-04
3.36673540e-01 2.78387328e-04 2.27724468e-04
3.37191178e-01 3.54347537e-04 2.29654179e-04
3.37708811e-01 -2.11393847e-04 2.25907446e-04
3.38226439e-01 9.94423636e-05 2.23944567e-04
3.38744062e-01 -1.57930537e-04 2.23692068e-04
3.39261680e-01 4.31993176e-04 2.20470782e-04
3.39779292e-01 -4.67241794e-04 2.22042324e-04
3.40296899e-01 -3.23734578e-05 2.21967074e-04
3.40814501e-01 -5.46933975e-06 2.20959553e-04
3.41332098e-01 2.07979932e-04 2.19054882e-04
3.41849690e-01 -1.66894797e-04 2.20693876e-04
3.42367276e-01 -2.51045752e-04 2.20070700e-04
3.42884857e-01 -1.84981983e-04 2.20204585e-04
3.43402433e-01 -2.30816450e-04 2.16997035e-04
3.43920004e-01 3.55702050e-05 2.20938048e-04
3.44437569e-01 -3.33234555e-04 2.20559583e-04
3.44955129e-01 2.68198840e-04 2.17909148e-04
3.45472684e-01 -4.37020595e-05 2.17567663e-04
3.45990233e-01 -2.52983630e-04 2.16670763e-04
3.46507778e-01 1.55839370e-04 2.16376769e-04
3.47025317e-01 3.08179762e-04 2.21941237e-04
3.47542850e-01 2.71497358e-04 2.18050185e-04
3.48060379e-01 3.27791760e-04 2.22945388e-04
3.48577902e-01 8.62235342e-06 2.23683038e-04
3.49095419e-01 -1.54480354e-04 2.18283145e-04
3.49612932e-01 4.59637087e-05 2.16637941e-04
3.50130439e-01 -4.36466693e-05 2.14827621e-04
3.50647940e-01 -8.40520174e-05 2.17824889e-04
3.51165437e-01 -3.85784359e-04 2.18215682e-04
3.51682928e-01 -5.30762304e-05 2.19944767e-04
3.52200413e-01 2.46455946e-04 2.22658900e-04
3.52717893e-01 8.53948120e-05 2.12761955e-04
3.53235368e-01 -7.16140412e-05 2.14439470e-04
3.53752837e-01 -1.81453654e-05 2.17519718e-04
3.54270301e-01 1.51468925e-04 2.13372148e-04
3.54787760e-01 -1.50884902e-04 2.16521463e-04
3.55305213e-01 -2.08165272e-05 2.15515309e-04
3.55822661e-01 -2.54617627e-04 2.13911227e-04
3.56340103e-01 -1.59007923e-04 2.06212520e-04
3.56857540e-01 -2.74888586e-05 2.12191189e-04
3.57374971e-01 2.59341530e-04 2.13316023e-04
3.57892397e-01 -5.89297168e-05 2.11420228e-04
3.58409818e-01 -3.25662952e-04 2.15302473e-04
3.58927232e-01 -1.12845189e-04 2.12813072e-04
3.59444642e-01 5.39846410e-05 2.14178806e-04
3.59962046e-01 5.35741974e-05 2.09975780e-04
3.60479444e-01 8.69808423e-05 2.12950643e-04
3.60996837e-01 3.26719132e-04 2.11845687e-04
3.61514225e-01 3.19563021e-04 2.09968441e-04
3.62031607e-01 -4.01504818e-05 2.12455538e-04
3.62548983e-01 3.61798472e-05 2.10058227e-04
3.63066354e-01 7.48293933e-05 2.06642918e-04
3.63583719e-01 4.23396330e-04 2.07872267e-04
3.64101079e-01 -7.10461416e-06 2.07337674e-04
3.64618433e-01 9.04315395e-05 2.16371169e-04
3.65135782e-01 2.49772216e-04 2.12372411e-04
3.65653125e-01 -3.73961411e-04 2.07489411e-04
3.66170462e-01 1.44448478e-04 2.09783664e-04
3.66687794e-01 -2.88437169e-04 2.10189786e-04
3.67205121e-01 -3.18513684e-04 2.07122423e-04
3.67722441e-01 3.48679474e-04 2.07429676e-04
3.68239756e-01 3.46897364e-04 2.07181648e-04
3.68757066e-01 -1.82308693e-04 2.09411754e-04
3.69274369e-01 -2.03372976e-05 2.05489254e-04
3.69791668e-01 9.07691554e-06 2.07322628e-04
3.70308960e-01 3.52081467e-04 2.06361540e-04
3.70826247e-01 -7.71438740e-04 2.03050986e-04
3.71343528e-01 -4.05408639e-05 2.07609079e-04
3.71860803e-01 -4.56690375e-05 2.09074482e-04
3.72378073e-01 -5.90191579e-05 2.07304584e-04
3.72895337e-01 1.62139508e-04 2.12531035e-04
3.73412596e-01 3.16288182e-06 2.13627330e-04
3.73929849e-01 -1.18764897e-04 2.10907772e-04
3.74447096e-01 2.58521504e-04 2.12431478e-04
3.74964337e-01 4.67799707e-05 2.11430760e-04
3.75481572e-01 -1.61929075e-04 2.14433298e-04
3.75998802e-01 -1.03689445e-04 2.15884432e-04
3.76516026e-01 -1.35533855e-04 2.10405462e-04
3.77033245e-01 -1.43746631e-04 2.22510598e-04
3.77550457e-01 3.50808139e-05 2.19435086e-04
3.78067664e-01 7.38580249e-05 2.18568169e-04
3.78584865e-01 -2.27206968e-05 2.17634630e-04
3.79102060e-01 -7.76645923e-06 2.17321028e-04
3.79619250e-01 6.02290237e-05 2.18846488e-04
3.80136433e-01 -5.19133812e-04 2.14290989e-04
3.80653611e-01 -2.17049703e-04 2.18341914e-04
3.81170783e-01 -1.39037171e-04 2.20131576e-04
3.81687950e-01 5.15873907e-05 2.14850782e-04
3.82205110e-01 8.75350760e-05 2.14784816e-04
3.82722265e-01 -4.12100938e-04 2.11920704e-04
3.83239413e-01 1.02695367e-04 2.14519171e-04
3.83756556e-01 -7.07231785e-04 2.13401543e-04
3.84273693e-01 -2.81184356e-05 2.13090619e-04
3.84790824e-01 8.32907090e-05 2.13851214e-04
3.85307950e-01 -1.51644235e-04 2.13577518e-04
3.85825069e-01 2.67113332e-05 2.14470038e-04
3.86342183e-01 4.21542917e-05 2.13439477e-04
3.86859290e-01 -3.68440057e-04 2.13253044e-04
3.87376392e-01 3.41787211e-05 2.11844853e-04
3.87893488e-01 1.82352415e-04 2.15759840e-04
3.88410577e-01 -1.98582005e-04 2.16517352e-04
3.88927661e-01 4.24709285e-04 2.17131337e-04
3.89444739e-01 9.73823375e-05 2.13734017e-04
3.89961811e-01 -1.01122932e-04 2.16817582e-04
3.90478878e-01 1.55946060e-04 2.20630091e-04
3.90995938e-01 4.32872861e-04 2.19367592e-04
3.91512992e-01 -4.34038061e-05 2.19604376e-04
3.92030040e-01 1.54507754e-04 2.23073206e-04
3.92547082e-01 3.11479839e-04 2.16825141e-04
3.93064118e-01 2.79211753e-04 2.14411670e-04
3.93581149e-01 -1.25041890e-04 2.22501242e-04
3.94098173e-01 -1.16322225e-06 2.16187338e-04
3.94615191e-01 1.75594288e-04 2.24332790e-04
3.95132203e-01 4.82260234e-05 2.23062741e-04
3.95649209e-01 -1.13799504e-04 2.21267378e-04
3.96166209e-01 -3.22811166e-04 2.21721589e-04
3.96683203e-01 -2.56595733e-04 2.20734490e-04
3.97200191e-01 -7.13787302e-05 2.28423596e-04
3.97717173e-01 2.78157046e-04 2.24911177e-04
3.98234149e-01 9.34303896e-06 2.32332497e-04
3.98751119e-01 -1.17513539e-04 2.25630448e-04
3.99268083e-01 -4.77965662e-05 2.30023254e-04
3.99785040e-01 4.29900672e-05 2.28556799e-04
4.00301992e-01 3.46703548e-05 2.26854827e-04
4.00818937e-01 8.15693140e-05 2.30455563e-04
4.01335876e-01 -1.12849375e-04 2.30298895e-04
4.01852810e-01 1.23033806e-04 2.29735563e-04
4.02369737e-01 -1.60500249e-04 2.52003253e-04
4.02886658e-01 -1.71667776e-04 2.74003378e-04
4.03403572e-01 1.69841995e-04 2.97879720e-04
4.03920481e-01 1.63497181e-05 3.07493709e-04
4.04437383e-01 -4.05255938e-04 3.12912391e-04
4.04954280e-01 -5.70802287e-04 3.14503710e-04
4.05471170e-01 -2.68304599e-04 3.57400482e-04
4.05988054e-01 5.41308110e-05 3.99623927e-04
4.06504931e-01 -3.74150824e-04 4.55287914e-04
4.07021803e-01 5.69426651e-04 5.27931077e-04
4.07538668e-01 3.87752283e-03 3.44402765e-03
