7.27043000e-03 -1.33613511e-03 1.28426621e-02
7.78974585e-03 9.56158495e-03 9.36743013e-03
8.30906158e-03 7.45453153e-04 7.25016792e-03
8.82837719e-03 3.04366784e-03 5.03549741e-03
9.34769265e-03 2.08394771e-03 3.80811569e-03
9.86700798e-03 -5.32476994e-04 3.06095554e-03
1.03863231e-02 -1.78492414e-03 2.39368657e-03
1.09056382e-02 9.96127575e-04 2.18692719e-03
1.14249530e-02 6.16061737e-04 1.88502941e-03
1.19442677e-02 9.36029919e-04 1.70057223e-03
1.24635822e-02 -7.36978828e-04 1.63656054e-03
1.29828965e-02 -4.53772163e-05 1.61001644e-03
1.35022105e-02 -2.37599065e-03 1.57746710e-03
1.40215244e-02 1.46108950e-03 1.46123349e-03
1.45408381e-02 -3.69057188e-03 1.36539062e-03
1.50601516e-02 -1.23127668e-03 1.38111688e-03
1.55794648e-02 -6.97078598e-04 1.26016515e-03
1.60987777e-02 -5.65878605e-04 1.28691920e-03
1.66180905e-02 1.15598719e-05 1.27734672e-03
1.71374029e-02 -2.76812452e-04 1.22531878e-03
1.76567152e-02 -5.57784514e-04 1.27354971e-03
1.81760271e-02 -1.81976498e-04 1.16837866e-03
1.86953388e-02 1.51590832e-03 1.25603226e-03
1.92146501e-02 4.78547665e-04 1.18347385e-03
1.97339612e-02 4.32142244e-04 1.15068697e-03
2.02532720e-02 1.26452758e-04 1.20506426e-03
2.07725824e-02 -2.12002588e-03 1.06070887e-03
2.12918926e-02 -2.12349354e-03 1.02452166e-03
2.18112024e-02 3.11624839e-04 1.05976339e-03
2.23305119e-02 -4.70954462e-04 1.09396116e-03
2.28498210e-02 3.40918333e-04 1.01728151e-03
2.33691298e-02 4.72509070e-04 1.04252943e-03
2.38884382e-02 -7.24711096e-04 9.87578116e-04
2.44077463e-02 7.81577970e-04 1.06319899e-03
2.49270540e-02 3.08463264e-04 9.09397011e-04
2.54463613e-02 1.29116566e-03 9.96876960e-04
2.59656682e-02 -1.04863413e-03 9.02824975e-04
2.64849747e-02 -7.83833584e-04 9.31349772e-04
2.70042808e-02 9.00874821e-05 9.08704289e-04
2.75235865e-02 7.89941603e-04 9.66517352e-04
2.80428918e-02 1.38511227e-03 9.84725628e-04
2.85621966e-02 4.67154309e-04 9.65580266e-04
2.90815010e-02 2.48605055e-04 9.33210501e-04
2.96008049e-02 2.98776945e-04 8.99617923e-04
3.01201084e-02 -6.82107919e-04 9.75370842e-04
3.06394115e-02 -1.79767393e-03 8.91332528e-04
3.11587140e-02 -3.09581386e-04 8.65607808e-04
3.16780161e-02 8.69338918e-04 9.15135337e-04
3.21973177e-02 -8.69145749e-04 8.69303271e-04
3.27166188e-02 -1.05212007e-03 8.95903606e-04
3.32359194e-02 -1.71466495e-04 8.58853512e-04
3.37552195e-02 -5.30666723e-04 8.41282424e-04
3.42745190e-02 4.20805603e-04 8.77373913e-04
3.47938181e-02 1.17375388e-03 8.30368214e-04
3.53131166e-02 1.07087534e-03 8.63582663e-04
3.58324146e-02 -5.12260072e-04 8.65509508e-04
3.63517120e-02 5.90985165e-04 8.65277375e-04
3.68710088e-02 -4.05218754e-04 8.16206653e-04
3.73903051e-02 -5.04686981e-05 8.01153267e-04
3.79096008e-02 3.14222469e-04 8.21923578e-04
3.84288959e-02 -1.39017679e-03 7.83214866e-04
3.89481905e-02 1.76872512e-04 8.30508839e-04
3.94674844e-02 9.74349582e-04 7.84734561e-04
3.99867778e-02 -6.77810787e-04 7.81499480e-04
4.05060705e-02 2.70064062e-04 7.90128096e-04
4.10253626e-02 -1.21193218e-03 7.91917036e-04
4.15446540e-02 1.71670416e-04 7.54324441e-04
4.20639449e-02 2.72910186e-04 7.68432027e-04
4.25832350e-02 -1.62323586e-04 7.76547826e-04
4.31025246e-02 1.14917919e-05 7.70624382e-04
4.36218134e-02 7.84224454e-04 7.73911931e-04
4.41411016e-02 1.45746833e-04 7.76100480e-04
4.46603891e-02 6.04484339e-04 7.72467423e-04
4.51796760e-02 8.87351243e-04 7.45794357e-04
4.56989621e-02 -7.35667910e-04 8.13285617e-04
4.62182475e-02 5.30908075e-05 7.50695720e-04
4.67375323e-02 6.32010750e-04 7.81688439e-04
4.72568163e-02 -4.99310841e-05 7.49785221e-04
4.77760995e-02 2.24287099e-03 8.22711103e-04
4.82953821e-02 -2.35802500e-04 7.81875269e-04
4.88146639e-02 1.81154735e-04 7.54393161e-04
4.93339449e-02 1.57917795e-04 7.98617734e-04
4.98532252e-02 -1.41659636e-04 7.60438715e-04
5.03725048e-02 9.71961819e-05 7.26759465e-04
5.08917835e-02 -7.81491785e-04 7.31631282e-04
5.14110615e-02 3.55439116e-05 7.35574543e-04
5.19303387e-02 2.62540246e-04 7.18376232e-04
5.24496150e-02 3.63162732e-04 7.15835919e-04
5.29688906e-02 -6.79228440e-04 7.36030000e-04
5.34881654e-02 -3.41113034e-04 7.14265802e-04
5.40074393e-02 2.68468335e-04 7.30997173e-04
5.45267124e-02 -5.05086242e-04 6.94330171e-04
5.50459847e-02 -4.62919116e-04 6.87367606e-04
5.55652561e-02 1.38521388e-04 6.88001724e-04
5.60845267e-02 6.68816118e-06 6.99107013e-04
5.66037964e-02 -1.03930059e-05 6.85946851e-04
5.71230652e-02 -4.47375063e-04 6.61187938e-04
5.76423332e-02 3.55565813e-04 6.76228350e-04
5.81616003e-02 -1.63590922e-03 6.59725583e-04
5.86808665e-02 1.03901502e-03 6.85671203e-04
5.92001317e-02 3.53119983e-04 6.75367404e-04
5.97193961e-02 3.74497569e-04 6.89122909e-04
6.02386596e-02 6.01714851e-04 6.86203566e-04
6.07579221e-02 1.95067964e-03 7.01986914e-04
6.12771837e-02 8.89789348e-04 6.96609237e-04
6.17964443e-02 -6.11525065e-04 6.71821778e-04
6.23157040e-02 3.18157503e-05 6.65343136e-04
6.28349628e-02 6.06360550e-05 6.87821909e-04
6.33542206e-02 2.24045743e-05 6.80129194e-04
6.38734774e-02 -6.71675797e-04 6.80960327e-04
6.43927332e-02 -5.37441594e-04 6.71198004e-04
6.49119880e-02 -1.31869950e-04 7.15390143e-04
6.54312419e-02 -5.33354751e-04 7.00881094e-04
6.59504947e-02 -5.42937765e-05 6.66324997e-04
6.64697465e-02 -1.16628170e-03 6.95984853e-04
6.69889973e-02 4.87291382e-04 7.37244020e-04
6.75082471e-02 -1.31379000e-03 6.59162459e-04
6.80274958e-02 -1.44630694e-04 6.56359790e-04
6.85467435e-02 -1.33677399e-03 6.45253383e-04
6.90659901e-02 -1.96558399e-04 6.72572809e-04
6.95852357e-02 -5.84129285e-06 6.65665566e-04
7.01044802e-02 9.27581381e-04 6.68966190e-04
7.06237236e-02 3.16320096e-04 6.30152547e-04
7.11429659e-02 -3.83004949e-04 6.24304723e-04
7.16622072e-02 -6.31378339e-04 6.32556442e-04
7.21814473e-02 -4.06148362e-04 6.21627693e-04
7.27006863e-02 -4.49487474e-04 5.98791076e-04
7.32199243e-02 3.72216031e-05 5.99626050e-04
7.37391611e-02 4.55240975e-04 6.14087375e-04
7.42583967e-02 5.22292300e-04 6.08337515e-04
7.47776312e-02 -5.06596274e-04 5.88150765e-04
7.52968646e-02 1.80753195e-04 5.82100703e-04
7.58160968e-02 -5.81910542e-04 5.63238447e-04
7.63353279e-02 -8.68926210e-05 5.95896395e-04
7.68545577e-02 1.38870779e-04 5.91890708e-04
7.73737864e-02 -5.10758037e-04 5.67919474e-04
7.78930139e-02 6.24858538e-04 5.96539478e-04
7.84122402e-02 -3.79149508e-04 5.81531648e-04
7.89314653e-02 1.40143762e-04 5.81848599e-04
7.94506892e-02 3.55638960e-04 5.83513902e-04
7.99699119e-02 1.09181412e-04 5.78991693e-04
8.04891333e-02 1.54273812e-03 6.13514926e-04
8.10083535e-02 -3.54378628e-04 5.73280759e-04
8.15275725e-02 -6.94215350e-04 5.62084157e-04
8.20467902e-02 7.55278001e-04 5.81173664e-04
8.25660066e-02 6.64792603e-04 5.79613739e-04
8.30852218e-02 3.40984881e-04 5.65854414e-04
8.36044357e-02 1.08485551e-04 5.48586393e-04
8.41236483e-02 8.28630547e-05 5.50671948e-04
8.46428596e-02 -2.28804549e-04 5.65079840e-04
8.51620696e-02 -5.63787580e-04 5.38521969e-04
8.56812784e-02 -4.36391706e-04 5.28806650e-04
8.62004858e-02 -2.76966291e-04 5.25887125e-04
8.67196918e-02 -1.21591112e-04 5.32410248e-04
8.72388966e-02 6.55874487e-04 5.39616669e-04
8.77581000e-02 1.33324656e-03 5.44769646e-04
8.82773020e-02 -3.18899502e-04 5.38797564e-04
8.87965027e-02 6.45733900e-04 5.40442581e-04
8.93157020e-02 -5.44777603e-04 5.37782852e-04
8.98349000e-02 1.10094546e-04 5.66980302e-04
9.03540966e-02 -4.56885699e-04 5.09916219e-04
9.08732917e-02 -4.71579782e-04 5.17093044e-04
9.13924855e-02 2.82604710e-04 5.32620102e-04
9.19116779e-02 -9.34435123e-04 5.11404643e-04
9.24308689e-02 -2.06430820e-04 5.25433442e-04
9.29500585e-02 1.09494977e-04 5.32909118e-04
9.34692466e-02 -9.18228999e-04 5.30651717e-04
9.39884333e-02 1.82247194e-04 5.15979238e-04
9.45076185e-02 -7.97990888e-05 5.11137999e-04
9.50268023e-02 5.42762619e-05 5.39975394e-04
9.55459846e-02 7.12881887e-04 5.32172287e-04
9.60651655e-02 1.12333901e-05 5.24247936e-04
9.65843449e-02 -4.68866134e-04 5.17411863e-04
9.71035228e-02 -4.67089174e-04 5.12185996e-04
9.76226992e-02 -3.62315411e-04 5.04174768e-04
9.81418741e-02 4.45542349e-04 5.00766654e-04
9.86610475e-02 3.19169495e-04 4.95260955e-04
9.91802194e-02 -5.40089719e-04 5.07239596e-04
9.96993898e-02 -8.13240373e-04 5.00638665e-04
1.00218559e-01 -1.33507167e-04 4.98257263e-04
1.00737726e-01 -6.30778580e-04 5.01232956e-04
1.01256892e-01 5.41134476e-04 4.82440623e-04
1.01776056e-01 6.81540049e-04 5.04318749e-04
1.02295218e-01 -4.66616606e-04 4.98043752e-04
1.02814380e-01 -2.96042172e-04 4.87620323e-04
1.03333539e-01 -2.15632678e-05 4.89139293e-04
1.03852697e-01 -4.25708974e-04 5.01301815e-04
1.04371853e-01 -5.50905823e-05 4.86929684e-04
1.04891008e-01 1.45632877e-04 4.95791695e-04
1.05410161e-01 -2.23683826e-05 4.96710537e-04
1.05929312e-01 2.11396198e-04 4.91513684e-04
1.06448462e-01 1.55311034e-04 4.81100880e-04
1.06967610e-01 4.35284576e-04 4.80365902e-04
1.07486757e-01 -2.79144925e-04 4.73330657e-04
1.08005902e-01 -8.04604361e-05 4.76628736e-04
1.08525045e-01 -4.40566025e-04 4.78313146e-04
1.09044187e-01 -4.60918783e-04 4.67784757e-04
1.09563327e-01 7.11662120e-04 4.77985588e-04
1.10082465e-01 2.32287038e-04 4.71008965e-04
1.10601601e-01 -7.68209611e-04 4.74178307e-04
1.11120736e-01 2.57434922e-04 4.59999763e-04
1.11639869e-01 9.69242118e-04 4.58389797e-04
1.12159001e-01 2.64551711e-04 4.61893147e-04
1.12678130e-01 -2.76122691e-05 4.73624138e-04
1.13197258e-01 3.25733529e-04 4.60350618e-04
1.13716385e-01 -4.47731496e-04 4.58246933e-04
1.14235509e-01 -5.37663517e-05 4.78807640e-04
1.14754632e-01 2.41895739e-04 4.68256699e-04
1.15273753e-01 -1.83844021e-04 4.63666615e-04
1.15792872e-01 1.31583684e-05 4.70586123e-04
1.16311989e-01 6.25284914e-04 4.77187851e-04
1.16831105e-01 5.99411195e-04 4.72438723e-04
1.17350219e-01 2.58970449e-04 4.70478073e-04
1.17869331e-01 1.58673616e-04 4.79367138e-04
1.18388441e-01 7.69305430e-04 4.48965266e-04
1.18907549e-01 -8.68698244e-05 4.52853651e-04
1.19426656e-01 4.40115149e-04 4.60809330e-04
1.19945761e-01 3.23776897e-05 4.53603338e-04
1.20464864e-01 4.16335813e-04 4.56530609e-04
1.20983965e-01 -4.66292832e-04 4.49405191e-04
1.21503064e-01 1.07249614e-05 4.67925726e-04
1.22022161e-01 3.49793997e-04 4.68172331e-04
1.22541256e-01 -4.36786101e-04 4.56467028e-04
1.23060350e-01 -1.83988589e-04 4.55245528e-04
1.23579442e-01 7.63082263e-04 4.49009537e-04
1.24098531e-01 1.50180132e-03 4.53625067e-04
1.24617619e-01 4.98701144e-04 4.42734666e-04
1.25136705e-01 9.99270305e-04 4.41914719e-04
1.25655789e-01 -1.38795239e-04 4.23986190e-04
1.26174871e-01 -2.50746525e-05 4.36720263e-04
1.26693952e-01 2.35168582e-04 4.45192872e-04
1.27213030e-01 -2.22225772e-04 4.44707607e-04
1.27732106e-01 -6.70926138e-05 4.42076242e-04
1.28251180e-01 -4.66974024e-04 4.36327690e-04
1.28770253e-01 1.23513720e-04 4.47198423e-04
1.29289323e-01 -4.52250540e-04 4.40324561e-04
1.29808391e-01 5.42958309e-04 4.36359326e-04
1.30327458e-01 -1.93907003e-05 4.29623518e-04
1.30846522e-01 -7.12516322e-06 4.37703545e-04
1.31365584e-01 -1.01709689e-03 4.14988236e-04
1.31884645e-01 -9.22691510e-06 4.32056260e-04
1.32403703e-01 1.56776228e-04 4.24331997e-04
1.32922759e-01 4.75648423e-05 4.19508456e-04
1.33441814e-01 -1.41726204e-04 4.17557231e-04
1.33960866e-01 1.00360184e-03 4.33454418e-04
1.34479916e-01 3.33951965e-04 4.29965152e-04
1.34998964e-01 2.22380706e-04 4.18818254e-04
1.35518010e-01 7.46452885e-05 4.25262159e-04
1.36037054e-01 -3.19437012e-04 4.21941954e-04
1.36556096e-01 7.16977250e-04 4.19931267e-04
1.37075135e-01 2.41425160e-04 4.18451992e-04
1.37594173e-01 2.01086267e-04 4.19296074e-04
1.38113208e-01 7.50997377e-05 4.32515663e-04
1.38632242e-01 1.26486298e-04 4.17711085e-04
1.39151273e-01 -3.18700014e-04 4.25482042e-04
1.39670302e-01 7.26914985e-05 4.14485264e-04
1.40189329e-01 4.50300236e-05 4.24405239e-04
1.40708354e-01 -5.05831446e-04 4.28851317e-04
1.41227377e-01 3.35197514e-04 4.30811275e-04
1.41746397e-01 7.28678308e-05 4.34052688e-04
1.42265415e-01 1.74401204e-04 4.19021971e-04
1.42784432e-01 -2.71847434e-04 4.17756565e-04
1.43303446e-01 2.18745738e-04 4.13198627e-04
1.43822457e-01 1.81310368e-04 4.23794495e-04
1.44341467e-01 2.33960677e-04 4.19377328e-04
1.44860474e-01 3.15886221e-04 4.13382318e-04
1.45379479e-01 7.39156692e-04 4.12353006e-04
1.45898482e-01 3.35823149e-04 4.10422338e-04
1.46417483e-01 9.47804628e-04 4.03144631e-04
1.46936481e-01 1.71409220e-04 4.12436989e-04
1.47455477e-01 -2.72395121e-04 4.10779288e-04
1.47974471e-01 -3.32579610e-04 4.00031896e-04
1.48493463e-01 -2.40084396e-04 3.92458466e-04
1.49012452e-01 -2.69051928e-04 3.94795474e-04
1.49531439e-01 1.42956155e-04 3.92406244e-04
1.50050424e-01 8.17388907e-04 3.92038327e-04
1.50569406e-01 8.15890049e-05 4.02124082e-04
1.51088386e-01 8.70926469e-05 3.95416756e-04
1.51607364e-01 3.10405791e-04 3.96816825e-04
1.52126339e-01 -1.75411401e-04 4.03924855e-04
1.52645312e-01 2.41584241e-04 3.95426830e-04
1.53164283e-01 -3.30587365e-04 3.93678921e-04
1.53683251e-01 3.45111372e-04 4.03806014e-04
1.54202218e-01 -7.96424077e-05 3.95570371e-04
1.54721181e-01 5.33575142e-04 4.10037263e-04
1.55240143e-01 2.61816029e-04 4.08593356e-04
1.55759101e-01 3.10530155e-04 4.11377772e-04
1.56278058e-01 1.46379070e-04 3.94646117e-04
1.56797012e-01 1.44014721e-04 4.07378179e-04
1.57315964e-01 3.67847887e-04 4.06054036e-04
1.57834913e-01 3.04324749e-04 4.06123346e-04
1.58353860e-01 8.88651098e-05 3.94675549e-04
1.58872805e-01 -5.15571481e-04 4.10596868e-04
1.59391747e-01 -6.88185811e-05 4.08919338e-04
1.59910686e-01 6.60289459e-04 4.05230062e-04
1.60429623e-01 3.63779894e-05 3.90978102e-04
1.60948558e-01 2.73116548e-04 4.08180460e-04
1.61467490e-01 -4.52984831e-05 3.94917708e-04
1.61986420e-01 -1.01365129e-04 3.99427618e-04
1.62505347e-01 5.30550869e-04 3.95661820e-04
1.63024272e-01 2.33467350e-04 3.89443494e-04
1.63543194e-01 3.97321218e-04 3.92533590e-04
1.64062114e-01 -1.83305631e-04 3.86929116e-04
1.64581031e-01 7.19735639e-05 3.86073955e-04
1.65099945e-01 2.02137402e-04 3.93998647e-04
1.65618858e-01 3.94055131e-04 3.88917857e-04
1.66137767e-01 1.26445454e-04 3.79621745e-04
1.66656674e-01 1.78229670e-04 3.85102504e-04
1.67175579e-01 -7.37573005e-04 3.77327270e-04
1.67694481e-01 -1.12884196e-04 3.79423135e-04
1.68213380e-01 -1.67055658e-04 3.86322800e-04
1.68732277e-01 -3.30151877e-04 3.76749862e-04
1.69251171e-01 -3.92597893e-04 3.88735589e-04
1.69770062e-01 -2.30407248e-04 3.81289211e-04
1.70288951e-01 -7.54800450e-04 3.83716166e-04
1.70807838e-01 2.27125339e-04 3.85128790e-04
1.71326721e-01 4.68275977e-04 3.83438703e-04
1.71845603e-01 2.75584189e-04 3.81578205e-04
1.72364481e-01 1.62253363e-04 3.81799087e-04
1.72883357e-01 3.75143842e-05 3.83135829e-04
1.73402230e-01 -6.22110356e-05 3.85328981e-04
1.73921100e-01 6.11043250e-04 3.72188833e-04
1.74439968e-01 2.59497697e-04 3.85616588e-04
1.74958833e-01 -6.00705511e-05 3.78078622e-04
1.75477696e-01 1.26369001e-04 3.74901763e-04
1.75996556e-01 2.55441734e-04 3.87294624e-04
1.76515413e-01 4.16101229e-05 3.87498704e-04
1.77034267e-01 -5.88742449e-04 3.89297230e-04
1.77553119e-01 -2.99011578e-04 3.71008016e-04
1.78071968e-01 9.72435221e-06 3.75173286e-04
1.78590814e-01 1.88067353e-04 3.70916438e-04
1.79109657e-01 5.56426706e-04 3.81380079e-04
1.79628498e-01 3.23132712e-04 3.79897400e-04
1.80147336e-01 7.63564427e-05 3.70038362e-04
1.80666171e-01 1.68218064e-04 3.73454669e-04
1.81185003e-01 3.21985991e-05 3.56271148e-04
1.81703833e-01 1.93706125e-04 3.64145215e-04
1.82222660e-01 2.40339625e-05 3.65536122e-04
1.82741484e-01 -2.32794920e-04 3.52907825e-04
1.83260305e-01 6.17495898e-04 3.61775423e-04
1.83779124e-01 -1.66569605e-04 3.54572454e-04
1.84297939e-01 9.05495057e-05 3.56134393e-04
1.84816752e-01 1.77857087e-04 3.60644399e-04
1.85335562e-01 2.48674918e-04 3.48102537e-04
1.85854369e-01 4.85575085e-04 3.54690850e-04
1.86373173e-01 3.15677700e-05 3.51720111e-04
1.86891975e-01 2.97587173e-04 3.53749195e-04
1.87410773e-01 1.16377114e-04 3.44599496e-04
1.87929569e-01 9.74915850e-05 3.52034154e-04
1.88448361e-01 9.23307126e-05 3.55359478e-04
1.88967151e-01 3.78968613e-04 3.50427889e-04
1.89485938e-01 -1.76902380e-04 3.45134699e-04
1.90004722e-01 -2.80388238e-06 3.48801954e-04
1.90523503e-01 1.17493618e-04 3.49274434e-04
1.91042282e-01 5.32102866e-04 3.51371255e-04
1.91561057e-01 2.00135705e-04 3.56227080e-04
1.92079829e-01 -1.60630225e-04 3.54544582e-04
1.92598599e-01 3.49368576e-04 3.51800535e-04
1.93117365e-01 -3.15792525e-04 3.39796839e-04
1.93636128e-01 -5.97899014e-05 3.41098375e-04
1.94154889e-01 1.45259944e-04 3.49893836e-04
1.94673646e-01 4.51153001e-04 3.44386535e-04
1.95192401e-01 -6.31923300e-04 3.32805463e-04
1.95711153e-01 -5.28236670e-05 3.44247629e-04
1.96229901e-01 -1.73490940e-04 3.26819106e-04
1.96748647e-01 2.35680187e-04 3.31332958e-04
1.97267389e-01 3.78741309e-04 3.37538559e-04
1.97786129e-01 1.97138242e-05 3.33922615e-04
1.98304865e-01 4.22490138e-05 3.27036969e-04
1.98823598e-01 -2.16737626e-04 3.32307267e-04
1.99342329e-01 -5.40817018e-05 3.31432735e-04
1.99861056e-01 -2.01986573e-05 3.28791956e-04
2.00379780e-01 2.86154829e-04 3.26977145e-04
2.00898501e-01 -2.84693410e-05 3.31800291e-04
2.01417219e-01 -2.43922367e-04 3.35574293e-04
2.01935934e-01 8.67632068e-05 3.35162753e-04
2.02454646e-01 1.47528582e-05 3.32772810e-04
2.02973355e-01 2.15630339e-05 3.28938868e-04
2.03492061e-01 1.64294675e-04 3.25119578e-04
2.04010763e-01 -9.42277657e-05 3.28274135e-04
2.04529463e-01 1.07465888e-04 3.36658458e-04
2.05048159e-01 -5.46029922e-04 3.19771069e-04
2.05566852e-01 -1.57613722e-05 3.24050737e-04
2.06085542e-01 1.66781331e-04 3.16677754e-04
2.06604229e-01 -2.18408391e-04 3.18307852e-04
2.07122913e-01 1.14394102e-04 3.24821578e-04
2.07641593e-01 -1.02452955e-05 3.12937012e-04
2.08160270e-01 -3.30186926e-05 3.23247919e-04
2.08678944e-01 7.91024106e-05 3.17277626e-04
2.09197615e-01 -1.95378875e-04 3.16334720e-04
2.09716283e-01 -7.68153034e-05 3.16801686e-04
2.10234947e-01 -3.17708582e-04 3.16352303e-04
2.10753609e-01 -2.15431967e-04 3.12253735e-04
2.11272267e-01 -3.39552740e-04 3.13987998e-04
2.11790921e-01 7.79133787e-04 3.15730514e-04
2.12309573e-01 -8.42893811e-05 3.18892232e-04
2.12828221e-01 3.16910422e-04 3.18873386e-04
2.13346866e-01 -1.33843976e-04 3.14234869e-04
2.13865508e-01 3.38242340e-04 3.10341984e-04
2.14384146e-01 -1.35701592e-04 3.14198933e-04
2.14902781e-01 1.11161523e-05 3.12126386e-04
2.15421413e-01 1.13855313e-04 3.15774462e-04
2.15940042e-01 1.52958990e-04 3.13366710e-04
2.16458667e-01 -2.74359259e-04 3.08424809e-04
2.16977289e-01 -1.66690215e-04 3.18629834e-04
2.17495907e-01 4.21006182e-04 3.10253959e-04
2.18014523e-01 3.25568621e-05 3.13383274e-04
2.18533135e-01 -6.65670970e-05 3.08098091e-04
2.19051743e-01 -1.99450699e-04 3.13522293e-04
2.19570348e-01 -4.95081548e-04 3.07360037e-04
2.20088950e-01 -2.84320563e-04 3.01844593e-04
2.20607549e-01 1.63909287e-04 3.02665761e-04
2.21126144e-01 9.97650893e-05 3.02408602e-04
2.21644735e-01 1.14152719e-05 3.03583201e-04
2.22163324e-01 -2.70611636e-04 3.03207550e-04
2.22681909e-01 -3.35014259e-04 3.03235606e-04
2.23200490e-01 -4.78600296e-05 3.05713415e-04
2.23719068e-01 3.11526577e-04 3.04137753e-04
2.24237643e-01 8.23143467e-05 2.99289551e-04
2.24756214e-01 -8.64649066e-05 2.97645912e-04
2.25274781e-01 6.37134139e-04 3.07820636e-04
2.25793346e-01 -1.59066129e-06 2.98160731e-04
2.26311907e-01 4.00368458e-04 3.02820514e-04
2.26830464e-01 4.03542385e-05 3.07212344e-04
2.27349018e-01 -1.48071507e-04 2.91173036e-04
2.27867568e-01 2.16618060e-04 2.97662686e-04
2.28386115e-01 -2.25580982e-04 2.99395574e-04
2.28904658e-01 -1.43602337e-04 2.94067473e-04
2.29423198e-01 -1.43770042e-04 2.93212570e-04
2.29941734e-01 -3.04396222e-04 3.01217934e-04
2.30460267e-01 2.77558179e-04 2.99890775e-04
2.30978797e-01 -9.44210815e-05 2.99136265e-04
2.31497322e-01 1.91738277e-04 2.97600847e-04
2.32015844e-01 1.41749993e-04 2.97281662e-04
2.32534363e-01 3.65053585e-04 2.90801644e-04
2.33052878e-01 -1.18440381e-04 2.90856779e-04
2.33571390e-01 -1.86520311e-04 2.86012022e-04
2.34089898e-01 1.76144842e-04 2.90499104e-04
2.34608402e-01 2.02700184e-04 2.94253154e-04
2.35126903e-01 1.94573438e-04 2.90294345e-04
2.35645400e-01 3.08844578e-04 2.87489712e-04
2.36163893e-01 1.79068070e-04 2.84762603e-04
2.36682383e-01 -1.22152968e-04 2.82486154e-04
2.37200869e-01 -2.02646753e-04 2.87775930e-04
2.37719352e-01 4.15121304e-05 2.84790255e-04
2.38237831e-01 7.01197275e-05 2.98193669e-04
2.38756306e-01 -5.81029930e-05 2.89970917e-04
2.39274778e-01 -1.57395926e-05 2.89191154e-04
2.39793246e-01 -1.07186013e-05 2.81030945e-04
2.40311710e-01 -2.82414599e-04 2.90202925e-04
2.40830171e-01 -1.64563775e-04 2.92229205e-04
2.41348628e-01 1.31780531e-04 2.87573473e-04
2.41867081e-01 2.18355069e-04 2.91151593e-04
2.42385531e-01 -2.77810294e-04 2.84838707e-04
2.42903976e-01 7.04121712e-05 2.89420466e-04
2.43422418e-01 1.10194793e-04 2.84218704e-04
2.43940857e-01 -1.59647964e-05 2.82078754e-04
2.44459291e-01 1.79677247e-04 2.79188689e-04
2.44977722e-01 3.36368414e-05 2.83072326e-04
2.45496149e-01 -2.90197158e-05 2.80874404e-04
2.46014573e-01 -1.85399077e-04 2.80287656e-04
2.46532992e-01 1.18510874e-04 2.83624261e-04
2.47051408e-01 -2.71653585e-04 2.77080205e-04
2.47569820e-01 3.06666436e-04 2.75939676e-04
2.48088228e-01 3.41333084e-04 2.81020355e-04
2.48606633e-01 -3.20257990e-04 2.75336262e-04
2.49125033e-01 1.53273114e-04 2.77033581e-04
2.49643430e-01 7.08832027e-05 2.79655496e-04
2.50161823e-01 2.55487953e-04 2.77950981e-04
2.50680212e-01 1.01339529e-04 2.82756277e-04
2.51198598e-01 -1.62141716e-04 2.79600487e-04
2.51716979e-01 9.12650803e-05 2.81388072e-04
2.52235357e-01 -1.59604842e-05 2.80143554e-04
2.52753730e-01 1.13785332e-04 2.79520710e-04
2.53272100e-01 -3.16681855e-04 2.78363853e-04
2.53790466e-01 2.43332650e-04 2.74669896e-04
2.54308828e-01 2.67792768e-05 2.79554784e-04
2.54827186e-01 -1.30913220e-05 2.80755374e-04
2.55345541e-01 7.03088485e-04 2.78877102e-04
2.55863891e-01 1.36543014e-04 2.75072278e-04
2.56382237e-01 6.14362646e-04 2.79417120e-04
2.56900580e-01 -8.42807185e-05 2.73527718e-04
2.57418919e-01 -1.93612638e-04 2.68753350e-04
2.57937253e-01 6.02041133e-05 2.70292332e-04
2.58455584e-01 -1.22409865e-04 2.74364353e-04
2.58973911e-01 2.10272923e-04 2.67346008e-04
2.59492233e-01 -4.77936320e-05 2.73159757e-04
2.60010552e-01 1.59538196e-06 2.63523465e-04
2.60528867e-01 5.48248442e-05 2.69438675e-04
2.61047178e-01 2.69695316e-04 2.66542176e-04
2.61565484e-01 1.56760544e-04 2.70974774e-04
2.62083787e-01 3.74259682e-04 2.69100005e-04
2.62602086e-01 2.60691253e-04 2.63017361e-04
2.63120381e-01 1.78756893e-04 2.73648429e-04
2.63638671e-01 7.52366730e-05 2.71735306e-04
2.64156958e-01 1.25888619e-05 2.71219483e-04
2.64675241e-01 4.42311555e-04 2.74529374e-04
2.65193519e-01 2.21655828e-04 2.76568601e-04
2.65711794e-01 8.94338367e-05 2.72166759e-04
2.66230064e-01 -1.04113413e-04 2.75216703e-04
2.66748330e-01 -1.15128741e-04 2.76091448e-04
2.67266593e-01 1.50439089e-04 2.74613435e-04
2.67784851e-01 -5.07712455e-05 2.76475914e-04
2.68303105e-01 2.36607904e-04 2.81108932e-04
2.68821355e-01 -1.53225595e-04 2.70422299e-04
2.69339601e-01 -6.24224202e-05 2.70114995e-04
2.69857842e-01 1.50111066e-04 2.71361440e-04
2.70376080e-01 7.58501542e-06 2.67913202e-04
2.70894314e-01 2.95706568e-04 2.72286570e-04
2.71412543e-01 -5.69560992e-05 2.69504821e-04
2.71930768e-01 2.72012220e-04 2.73893673e-04
2.72448989e-01 -1.43782667e-04 2.65957726e-04
2.72967206e-01 -4.91737185e-05 2.65233580e-04
2.73485418e-01 -1.26781263e-04 2.70790911e-04
2.74003627e-01 4.01269522e-04 2.66670941e-04
2.74521831e-01 -1.32546948e-04 2.67875416e-04
2.75040031e-01 -1.02088458e-04 2.68498611e-04
2.75558227e-01 1.31409458e-04 2.65102027e-04
2.76076418e-01 -4.61341935e-05 2.66569899e-04
2.76594606e-01 4.52944793e-04 2.67112965e-04
2.77112789e-01 2.98903073e-04 2.65631361e-04
2.77630968e-01 -4.33320324e-05 2.63593328e-04
2.78149142e-01 3.18001615e-04 2.63913836e-04
2.78667313e-01 1.48992115e-04 2.65350173e-04
2.79185479e-01 -2.13831639e-05 2.71209543e-04
2.79703640e-01 -1.29732117e-04 2.62159869e-04
2.80221798e-01 -1.45116050e-04 2.64940918e-04
2.80739951e-01 6.63351347e-06 2.72000612e-04
2.81258100e-01 -1.44529091e-04 2.64344353e-04
2.81776245e-01 1.37735832e-04 2.66914197e-04
2.82294385e-01 -7.26128510e-06 2.64017183e-04
2.82812521e-01 -2.64309828e-04 2.60878935e-04
2.83330653e-01 -2.40583013e-04 2.63785092e-04
2.83848780e-01 7.74033965e-05 2.60471082e-04
2.84366903e-01 1.08180192e-04 2.64380704e-04
2.84885022e-01 2.97972901e-04 2.66174057e-04
2.85403136e-01 2.44525500e-04 2.65156623e-04
2.85921246e-01 2.76423441e-05 2.60559624e-04
2.86439351e-01 3.31891348e-04 2.62169805e-04
2.86957452e-01 2.72616948e-04 2.68372523e-04
2.87475549e-01 3.39998081e-04 2.66475797e-04
2.87993641e-01 -3.65781230e-04 2.62568688e-04
2.88511729e-01 2.83382890e-04 2.57953317e-04
2.89029813e-01 -3.07333179e-04 2.58503957e-04
2.89547892e-01 3.91084395e-04 2.62153916e-04
2.90065967e-01 -9.59576816e-05 2.53759723e-04
2.90584037e-01 1.32516378e-04 2.60853943e-04
2.91102103e-01 2.51367095e-04 2.61408101e-04
2.91620164e-01 -3.09624742e-04 2.56668443e-04
2.92138221e-01 -1.62440601e-05 2.59044302e-04
2.92656273e-01 1.06659095e-04 2.60629467e-04
2.93174321e-01 2.31738940e-04 2.56270151e-04
2.93692364e-01 1.00748190e-04 2.57017447e-04
2.94210403e-01 2.57228899e-04 2.52786698e-04
2.94728437e-01 2.30580858e-04 2.53303007e-04
2.95246467e-01 3.05322390e-04 2.52037677e-04
2.95764493e-01 1.12058977e-04 2.51380626e-04
2.96282514e-01 1.57655418e-04 2.51157189e-04
2.96800530e-01 6.04064107e-04 2.51450483e-04
2.97318542e-01 1.62046802e-04 2.51204812e-04
2.97836549e-01 1.76587879e-04 2.51021850e-04
2.98354551e-01 1.35693143e-04 2.50858809e-04
2.98872549e-01 3.56992539e-04 2.52547942e-04
2.99390543e-01 -1.69782613e-04 2.48315882e-04
2.99908532e-01 1.27091352e-04 2.50632637e-04
3.00426516e-01 1.56823784e-04 2.49060867e-04
3.00944496e-01 2.50793602e-04 2.49964343e-04
3.01462471e-01 -1.17144808e-04 2.44639624e-04
3.01980441e-01 -5.16177105e-05 2.46303171e-04
3.02498407e-01 -1.21456239e-04 2.47136103e-04
3.03016368e-01 1.90573398e-04 2.42912931e-04
3.03534325e-01 -4.56321255e-07 2.40620843e-04
3.04052277e-01 -3.28434713e-04 2.44818217e-04
3.04570224e-01 -7.11937822e-05 2.50244698e-04
3.05088167e-01 4.72501258e-04 2.43946472e-04
3.05606105e-01 -1.07425292e-04 2.47004796e-04
3.06124038e-01 -5.36512669e-05 2.42746778e-04
3.06641967e-01 1.09432160e-04 2.45069298e-04
3.07159891e-01 -7.11989234e-05 2.45910128e-04
3.07677810e-01 -1.21632623e-04 2.38937271e-04
3.08195724e-01 1.03740098e-04 2.42447206e-04
3.08713634e-01 -3.76526506e-04 2.39903559e-04
3.09231539e-01 1.23738120e-04 2.41220462e-04
3.09749440e-01 1.98898687e-04 2.39247245e-04
3.10267335e-01 -2.59969273e-04 2.37422713e-04
3.10785226e-01 3.22370870e-04 2.40871483e-04
3.11303112e-01 3.60760137e-05 2.38982927e-04
3.11820993e-01 7.85287208e-05 2.41894963e-04
3.12338870e-01 1.04232550e-04 2.37608929e-04
3.12856742e-01 2.53903821e-04 2.40667173e-04
3.13374609e-01 2.81788375e-04 2.40705788e-04
3.13892471e-01 1.13298308e-04 2.35087820e-04
3.14410328e-01 7.38260673e-05 2.43921140e-04
3.14928181e-01 4.74328676e-05 2.39594235e-04
3.15446029e-01 -3.25550114e-05 2.33753000e-04
3.15963871e-01 -6.12854771e-05 2.36870481e-04
3.16481710e-01 1.50081700e-04 2.34497265e-04
3.16999543e-01 -5.23289219e-07 2.36161769e-04
3.17517371e-01 1.19729987e-04 2.37572863e-04
3.18035195e-01 -1.53027090e-04 2.35485115e-04
3.18553013e-01 -2.56814799e-04 2.39229907e-04
3.19070827e-01 -1.34622422e-04 2.34793368e-04
3.19588636e-01 -1.84933971e-04 2.35946760e-04
3.20106440e-01 -2.18707333e-04 2.33420750e-04
3.20624239e-01 1.40786140e-05 2.35285132e-04
3.21142033e-01 -1.03712210e-04 2.33019900e-04
3.21659823e-01 4.24141377e-06 2.29513965e-04
3.22177607e-01 1.41132437e-04 2.31225713e-04
3.22695387e-01 2.99439399e-04 2.30518367e-04
3.23213161e-01 6.95461273e-05 2.36489983e-04
3.23730931e-01 2.98659323e-04 2.34290152e-04
3.24248695e-01 -2.14518557e-04 2.35826997e-04
3.24766455e-01 2.64201520e-04 2.32056254e-04
3.25284210e-01 -2.00020622e-04 2.29194022e-04
3.25801959e-01 3.29470734e-05 2.32542905e-04
3.26319704e-01 8.82907600e-05 2.29747820e-04
3.26837444e-01 2.51697192e-04 2.34099193e-04
3.27355179e-01 -8.60941577e-05 2.31724885e-04
3.27872908e-01 2.41137918e-04 2.34221744e-04
3.28390633e-01 3.38149470e-04 2.35455962e-04
3.28908353e-01 -8.09311706e-06 2.31045044e-04
3.29426067e-01 1.50625776e-04 2.27926330e-04
3.29943777e-01 1.20481304e-04 2.31136072e-04
3.30461482e-01 -3.73613138e-05 2.25670477e-04
3.30979181e-01 -1.40977283e-04 2.25032813e-04
3.31496876e-01 -6.33537470e-05 2.22597516e-04
3.32014565e-01 -1.78162609e-04 2.23635987e-04
3.32532249e-01 -3.55124901e-06 2.26957697e-04
3.33049928e-01 -4.36887961e-05 2.23184205e-04
3.33567603e-01 4.03193868e-04 2.22973957e-04
3.34085272e-01 1.61898178e-04 2.25844448e-04
3.34602936e-01 1.58802513e-04 2.22481783e-04
3.35120594e-01 1.72286878e-04 2.25233127e-04
3.35638248e-01 5.01960759e-05 2.27602036e-04
3.36155897e-01 -1.17700245e-04 2.26833813e-04
3.36673540e-01 1.84510451e-06 2.26308965e-04
3.37191178e-01 1.22096118e-04 2.27341025e-04
3.37708811e-01 1.45552681e-04 2.20652659e-04
3.38226439e-01 -3.43265786e-05 2.24947758e-04
3.38744062e-01 -1.21718123e-04 2.23483837e-04
3.39261680e-01 1.78356103e-04 2.24605608e-04
3.39779292e-01 1.26703010e-04 2.26424618e-04
3.40296899e-01 2.08593049e-04 2.22678195e-04
3.40814501e-01 2.30351443e-04 2.22331219e-04
3.41332098e-01 -7.10192402e-05 2.20409194e-04
3.41849690e-01 -4.41463213e-05 2.18830588e-04
3.42367276e-01 4.53976297e-05 2.24401323e-04
3.42884857e-01 4.87143836e-04 2.21646403e-04
3.43402433e-01 -1.26395477e-04 2.17504540e-04
3.43920004e-01 4.05270283e-05 2.19861121e-04
3.44437569e-01 -1.12372528e-04 2.21886094e-04
3.44955129e-01 2.59792227e-04 2.19350980e-04
3.45472684e-01 3.75380539e-04 2.19024447e-04
3.45990233e-01 -1.50061526e-04 2.18895770e-04
3.46507778e-01 -4.08767774e-06 2.14522569e-04
3.47025317e-01 -8.55198640e-05 2.19497366e-04
3.47542850e-01 1.27591682e-04 2.18249689e-04
3.48060379e-01 9.52055436e-05 2.17905438e-04
3.48577902e-01 4.66262488e-05 2.20953533e-04
3.49095419e-01 7.53399981e-05 2.21053722e-04
3.49612932e-01 2.18238495e-04 2.20142090e-04
3.50130439e-01 2.72553805e-04 2.16563147e-04
3.50647940e-01 1.23079792e-04 2.17604301e-04
3.51165437e-01 1.35416482e-04 2.19525013e-04
3.51682928e-01 1.97520946e-04 2.16526747e-04
3.52200413e-01 -3.78135659e-05 2.18085394e-04
3.52717893e-01 2.22985315e-04 2.17319828e-04
3.53235368e-01 -2.30809549e-04 2.13318848e-04
3.53752837e-01 -2.14416065e-04 2.15321872e-04
3.54270301e-01 -1.39668089e-04 2.18017925e-04
3.54787760e-01 -1.99280565e-04 2.16545837e-04
3.55305213e-01 2.09510007e-04 2.16034674e-04
3.55822661e-01 2.53875366e-04 2.16458355e-04
3.56340103e-01 -7.69687285e-05 2.11126713e-04
3.56857540e-01 1.20285001e-04 2.12286543e-04
3.57374971e-01 5.97941206e-05 2.10814055e-04
3.57892397e-01 2.89406703e-04 2.11911000e-04
3.58409818e-01 -3.99976261e-05 2.11129798e-04
3.58927232e-01 1.98350748e-04 2.18059293e-04
3.59444642e-01 1.15042717e-05 2.14997845e-04
3.59962046e-01 3.32654488e-05 2.12462494e-04
3.60479444e-01 1.26373489e-04 2.14381357e-04
3.60996837e-01 5.65986388e-05 2.13120492e-04
3.61514225e-01 1.87785789e-04 2.13470795e-04
3.62031607e-01 2.42428159e-05 2.15172462e-04
3.62548983e-01 3.46303741e-05 2.09453091e-04
3.63066354e-01 2.40696355e-04 2.13400862e-04
3.63583719e-01 1.90521394e-04 2.08437541e-04
3.64101079e-01 3.42747700e-05 2.10360525e-04
3.64618433e-01 2.95473144e-05 2.12374327e-04
3.65135782e-01 2.07914864e-04 2.10361535e-04
3.65653125e-01 1.63426743e-04 2.11844473e-04
3.66170462e-01 1.09007520e-04 2.08516873e-04
3.66687794e-01 -1.35742816e-04 2.09998796e-04
3.67205121e-01 -3.34185642e-05 2.07730268e-04
3.67722441e-01 2.88392885e-04 2.07917828e-04
3.68239756e-01 -1.69034899e-05 2.09442965e-04
3.68757066e-01 2.91811221e-04 2.12627412e-04
3.69274369e-01 -3.05398887e-04 2.06775984e-04
3.69791668e-01 7.57874457e-05 2.05171712e-04
3.70308960e-01 1.24239936e-04 2.04933289e-04
3.70826247e-01 1.17088945e-04 2.07947924e-04
3.71343528e-01 -2.74597596e-04 2.08077236e-04
3.71860803e-01 1.31484179e-05 2.07277657e-04
3.72378073e-01 3.78449286e-05 2.07219212e-04
3.72895337e-01 2.18622708e-04 2.16425971e-04
3.73412596e-01 -1.34974705e-04 2.12203091e-04
3.73929849e-01 -1.92203927e-04 2.12993444e-04
3.74447096e-01 6.38612907e-05 2.12376421e-04
3.74964337e-01 4.49038021e-04 2.18425508e-04
3.75481572e-01 2.44682569e-04 2.16321479e-04
3.75998802e-01 2.69419800e-04 2.16307233e-04
3.76516026e-01 2.34148391e-04 2.14552070e-04
3.77033245e-01 9.97330891e-05 2.18320070e-04
3.77550457e-01 -4.57866569e-05 2.14933254e-04
3.78067664e-01 1.57471273e-04 2.15695582e-04
3.78584865e-01 8.92903286e-05 2.16877247e-04
3.79102060e-01 2.55882259e-04 2.13896441e-04
3.79619250e-01 2.93198991e-04 2.15197015e-04
3.80136433e-01 2.62763299e-04 2.16488638e-04
3.80653611e-01 7.59805921e-06 2.18207732e-04
3.81170783e-01 1.29593626e-04 2.18884188e-04
3.81687950e-01 4.14080152e-04 2.15103655e-04
3.82205110e-01 5.17796430e-04 2.15426728e-04
3.82722265e-01 -2.43965032e-05 2.09751618e-04
3.83239413e-01 -3.67962060e-04 2.15395669e-04
3.83756556e-01 1.66310991e-04 2.15146897e-04
3.84273693e-01 2.80191447e-04 2.15766803e-04
3.84790824e-01 2.01734021e-04 2.16856242e-04
3.85307950e-01 3.65256946e-04 2.13466199e-04
3.85825069e-01 1.34305209e-04 2.14139581e-04
3.86342183e-01 1.05661268e-04 2.13818707e-04
3.86859290e-01 1.25578712e-04 2.15335782e-04
3.87376392e-01 -2.65996871e-04 2.12919547e-04
3.87893488e-01 -2.69634325e-05 2.20035644e-04
3.88410577e-01 1.36176409e-04 2.16297197e-04
3.88927661e-01 2.32463363e-04 2.14818218e-04
3.89444739e-01 7.83757316e-05 2.18071987e-04
3.89961811e-01 -1.36569090e-04 2.22134127e-04
3.90478878e-01 6.35339523e-05 2.20102005e-04
3.90995938e-01 6.54393264e-05 2.17991918e-04
3.91512992e-01 -2.22309457e-04 2.11188929e-04
3.92030040e-01 7.37414792e-05 2.20188188e-04
3.92547082e-01 3.46779910e-04 2.18355152e-04
3.93064118e-01 2.47992624e-04 2.19318669e-04
3.93581149e-01 3.38470342e-04 2.23245517e-04
3.94098173e-01 -3.93955252e-04 2.18969175e-04
3.94615191e-01 3.33048045e-04 2.20736164e-04
3.95132203e-01 3.80932534e-04 2.19416753e-04
3.95649209e-01 1.60198752e-04 2.22971746e-04
3.96166209e-01 2.14710331e-04 2.21225004e-04
3.96683203e-01 1.95585975e-05 2.27752289e-04
3.97200191e-01 -7.84073816e-05 2.23507108e-04
3.97717173e-01 1.67324426e-04 2.27919892e-04
3.98234149e-01 -4.98845984e-05 2.28135533e-04
3.98751119e-01 1.56052265e-04 2.27777089e-04
3.99268083e-01 1.54491724e-04 2.26338344e-04
3.99785040e-01 -2.51607334e-04 2.27595872e-04
4.00301992e-01 2.47674338e-04 2.29764098e-04
4.00818937e-01 -2.99731884e-04 2.25037761e-04
4.01335876e-01 7.92563336e-06 2.28955739e-04
4.01852810e-01 -1.64543567e-04 2.31503659e-04
4.02369737e-01 1.20641552e-04 2.51702564e-04
4.02886658e-01 -8.01566626e-05 2.81118370e-04
4.03403572e-01 3.43588059e-04 2.97210146e-04
4.03920481e-01 -2.72041550e-04 3.04948813e-04
4.04437383e-01 3.46980219e-04 3.14725213e-04
4.04954280e-01 1.08597822e-04 3.19177510e-04
4.05471170e-01 5.86225849e-06 3.50707589e-04
4.05988054e-01 5.80553245e-05 3.97129631e-04
4.06504931e-01 -2.60541606e-04 4.61405080e-04
4.07021803e-01 -1.22373212e-04 5.41200589e-04
4.07538668e-01 3.51736912e-03 3.10845737e-03
