7.27043000e-03 4.12133976e-03 1.47206796e-02
7.78974585e-03 6.55906897e-03 9.82016895e-03
8.30906158e-03 -2.54721748e-03 7.58323199e-03
8.82837719e-03 3.31902375e-03 5.04144604e-03
9.34769265e-03 6.22334793e-03 3.47331708e-03
9.86700798e-03 5.87344123e-04 2.98872523e-03
1.03863231e-02 -3.64578382e-03 2.15014648e-03
1.09056382e-02 1.62407378e-03 2.09417006e-03
1.14249530e-02 4.88012884e-04 1.97594281e-03
1.19442677e-02 -1.22349381e-03 1.83905922e-03
1.24635822e-02 4.11812657e-04 1.57758066e-03
1.29828965e-02 1.76916832e-03 1.57294755e-03
1.35022105e-02 -1.55320874e-04 1.34895445e-03
1.40215244e-02 1.95050980e-03 1.38305120e-03
1.45408381e-02 -1.09314973e-04 1.42028667e-03
1.50601516e-02 1.02729384e-03 1.41112044e-03
1.55794648e-02 -3.99592865e-04 1.28134920e-03
1.60987777e-02 1.22925958e-03 1.28428023e-03
1.66180905e-02 -9.82679277e-06 1.25377347e-03
1.71374029e-02 1.59653413e-03 1.27171578e-03
1.76567152e-02 1.30127703e-03 1.26867060e-03
1.81760271e-02 -2.51887125e-04 1.20461152e-03
1.86953388e-02 2.38357618e-03 1.28437329e-03
1.92146501e-02 1.68323402e-03 1.23821442e-03
1.97339612e-02 1.93177270e-03 1.19223540e-03
2.02532720e-02 5.36577852e-04 1.15560121e-03
2.07725824e-02 -1.88321389e-03 1.04542621e-03
2.12918926e-02 1.20517130e-03 1.14106833e-03
2.18112024e-02 1.82267121e-03 1.09629120e-03
2.23305119e-02 -4.08462077e-04 1.06243712e-03
2.28498210e-02 1.20366088e-03 1.11060285e-03
2.33691298e-02 -2.07311047e-04 9.76024735e-04
2.38884382e-02 1.15108634e-04 9.96281269e-04
2.44077463e-02 -1.25253451e-04 9.79017243e-04
2.49270540e-02 1.44269051e-03 1.06256715e-03
2.54463613e-02 1.52328891e-03 9.90747417e-04
2.59656682e-02 7.80028957e-04 9.36011511e-04
2.64849747e-02 1.12422159e-03 9.59012784e-04
2.70042808e-02 1.78980581e-03 9.83794969e-04
2.75235865e-02 1.73833879e-03 9.47549852e-04
2.80428918e-02 7.82919219e-04 9.58128035e-04
2.85621966e-02 6.36631011e-04 9.44493791e-04
2.90815010e-02 -6.23232118e-04 9.53900911e-04
2.96008049e-02 1.00071421e-03 8.91037992e-04
3.01201084e-02 3.70664051e-05 1.02679664e-03
3.06394115e-02 1.15485791e-03 9.06675469e-04
3.11587140e-02 6.35646697e-04 8.98879890e-04
3.16780161e-02 6.44966766e-04 9.05234655e-04
3.21973177e-02 1.01941376e-03 8.85306945e-04
3.27166188e-02 -1.08280467e-04 8.93423255e-04
3.32359194e-02 7.80727696e-04 8.19468926e-04
3.37552195e-02 1.14824845e-03 9.30718660e-04
3.42745190e-02 1.90092618e-03 8.55132888e-04
3.47938181e-02 4.84435096e-04 8.48843609e-04
3.53131166e-02 1.72942220e-03 8.87447504e-04
3.58324146e-02 5.29722421e-04 8.19921547e-04
3.63517120e-02 -5.17804895e-04 8.19201682e-04
3.68710088e-02 1.65933231e-03 8.12606487e-04
3.73903051e-02 8.46390641e-04 7.90418491e-04
3.79096008e-02 6.36474916e-04 7.95023791e-04
3.84288959e-02 8.26685005e-04 8.11550318e-04
3.89481905e-02 5.73159235e-04 8.14744629e-04
3.94674844e-02 1.21279988e-03 7.71654267e-04
3.99867778e-02 8.36566189e-04 8.15141772e-04
4.05060705e-02 8.72741433e-04 7.80542147e-04
4.10253626e-02 1.21460649e-03 8.02699878e-04
4.15446540e-02 1.67453942e-03 7.79542277e-04
4.20639449e-02 5.95288562e-04 7.59236669e-04
4.25832350e-02 1.16214996e-04 7.25297272e-04
4.31025246e-02 -3.17044261e-04 7.64234708e-04
4.36218134e-02 7.61046288e-04 7.63804109e-04
4.41411016e-02 -3.40906097e-04 7.77722311e-04
4.46603891e-02 4.53216329e-04 7.76091259e-04
4.51796760e-02 1.26099649e-03 8.37985029e-04
4.56989621e-02 1.06157288e-03 7.54503980e-04
4.62182475e-02 3.31105313e-05 7.70576846e-04
4.67375323e-02 4.90817487e-04 7.65374730e-04
4.72568163e-02 6.95182863e-04 7.27434265e-04
4.77760995e-02 8.38128701e-04 7.56313892e-04
4.82953821e-02 -2.26237081e-04 7.85344443e-04
4.88146639e-02 1.53957310e-03 7.80582179e-04
4.93339449e-02 1.83549731e-03 7.84319715e-04
4.98532252e-02 8.32801320e-04 7.64808405e-04
5.03725048e-02 1.32932978e-03 7.63122778e-04
5.08917835e-02 9.84977973e-04 7.42116752e-04
5.14110615e-02 -3.55662050e-04 7.40637254e-04
5.19303387e-02 1.72826631e-03 7.68511740e-04
5.24496150e-02 4.62109006e-04 7.08752501e-04
5.29688906e-02 3.77384880e-04 7.11716431e-04
5.34881654e-02 4.21350376e-04 7.08198575e-04
5.40074393e-02 1.09102087e-03 7.26625686e-04
5.45267124e-02 5.86562028e-04 7.12082444e-04
5.50459847e-02 6.64209486e-04 6.98913886e-04
5.55652561e-02 3.09655381e-04 7.01793860e-04
5.60845267e-02 1.12659359e-03 7.16268848e-04
5.66037964e-02 2.10222729e-04 7.02339151e-04
5.71230652e-02 1.84659784e-04 6.46605217e-04
5.76423332e-02 -1.45428909e-04 6.68596682e-04
5.81616003e-02 -2.27241127e-04 6.73078653e-04
5.86808665e-02 1.22731069e-03 7.36068769e-04
5.92001317e-02 -6.77746341e-04 6.95309827e-04
5.97193961e-02 -9.91548847e-04 7.08094724e-04
6.02386596e-02 5.10201709e-04 6.72337341e-04
6.07579221e-02 7.97744348e-04 6.85781972e-04
6.12771837e-02 -1.90462593e-04 6.77380378e-04
6.17964443e-02 2.38068164e-04 6.92548868e-04
6.23157040e-02 4.81450041e-04 6.57728243e-04
6.28349628e-02 8.64557891e-04 6.81732495e-04
6.33542206e-02 -4.01034750e-04 6.71783594e-04
6.38734774e-02 6.06829587e-04 6.88198997e-04
6.43927332e-02 1.11890337e-03 6.84960142e-04
6.49119880e-02 -4.62807087e-04 6.94337686e-04
6.54312419e-02 4.54469533e-04 6.84359121e-04
6.59504947e-02 1.00766804e-04 6.75393031e-04
6.64697465e-02 3.55845745e-04 6.98466031e-04
6.69889973e-02 1.95280738e-03 6.98905835e-04
6.75082471e-02 8.98854859e-04 6.73066408e-04
6.80274958e-02 9.39226852e-04 6.84209785e-04
6.85467435e-02 -4.59665613e-04 6.39207591e-04
6.90659901e-02 1.22748301e-04 6.53450751e-04
6.95852357e-02 2.40994868e-04 6.53621874e-04
7.01044802e-02 5.56744375e-04 6.29459647e-04
7.06237236e-02 6.57043558e-04 6.45980849e-04
7.11429659e-02 2.72642019e-04 6.43276982e-04
7.16622072e-02 4.58273816e-04 6.36658186e-04
7.21814473e-02 8.24546135e-04 6.31309387e-04
7.27006863e-02 1.03541229e-03 6.18524189e-04
7.32199243e-02 2.89598552e-04 5.87929073e-04
7.37391611e-02 1.18034173e-03 6.14688528e-04
7.42583967e-02 7.89820851e-04 6.23297776e-04
7.47776312e-02 5.67973751e-04 5.97761138e-04
7.52968646e-02 5.96899087e-04 5.97202305e-04
7.58160968e-02 5.32621167e-04 5.96914034e-04
7.63353279e-02 3.11638692e-04 5.96214942e-04
7.68545577e-02 2.90295749e-04 5.97517060e-04
7.73737864e-02 8.40327510e-04 5.80752537e-04
7.78930139e-02 3.76990175e-04 5.93980950e-04
7.84122402e-02 -1.22212597e-05 5.96482888e-04
7.89314653e-02 3.43627099e-05 5.61592883e-04
7.94506892e-02 4.37648206e-04 5.80303875e-04
7.99699119e-02 4.85533916e-04 5.89196314e-04
8.04891333e-02 4.19641318e-04 5.54096986e-04
8.10083535e-02 -1.69140377e-04 5.80818196e-04
8.15275725e-02 3.94562677e-04 5.65733904e-04
8.20467902e-02 -1.13787187e-04 5.64395244e-04
8.25660066e-02 5.20627739e-04 5.62425935e-04
8.30852218e-02 -9.75719565e-04 5.75045072e-04
8.36044357e-02 1.43920373e-03 5.63607994e-04
8.41236483e-02 7.78340023e-04 5.60486711e-04
8.46428596e-02 -2.86679483e-04 5.35577262e-04
8.51620696e-02 -2.11657015e-04 5.59653721e-04
8.56812784e-02 -1.92942309e-04 5.45619128e-04
8.62004858e-02 -1.38075290e-04 5.21759264e-04
8.67196918e-02 3.27161188e-04 5.60832094e-04
8.72388966e-02 6.51029340e-04 5.40995543e-04
8.77581000e-02 2.74378144e-04 5.35557292e-04
8.82773020e-02 2.70246120e-04 5.32374236e-04
8.87965027e-02 -2.26744679e-04 5.23453679e-04
8.93157020e-02 1.37975742e-03 5.47577467e-04
8.98349000e-02 -2.50421449e-04 5.28250681e-04
9.03540966e-02 2.83197880e-04 5.33814394e-04
9.08732917e-02 1.82275199e-04 5.07755038e-04
9.13924855e-02 -4.03409227e-04 5.34610874e-04
9.19116779e-02 -3.14003189e-04 5.42766946e-04
9.24308689e-02 4.82865140e-04 5.39589027e-04
9.29500585e-02 -1.11848991e-04 5.28959842e-04
9.34692466e-02 -2.90167072e-04 5.00563034e-04
9.39884333e-02 6.99376565e-04 5.38904109e-04
9.45076185e-02 1.48022186e-03 5.21839340e-04
9.50268023e-02 6.35990590e-04 5.25238275e-04
9.55459846e-02 1.69573504e-03 5.18649042e-04
9.60651655e-02 3.66176946e-04 5.28696118e-04
9.65843449e-02 -4.88457295e-04 5.06242568e-04
9.71035228e-02 -2.36264507e-04 5.03386871e-04
9.76226992e-02 3.43325984e-05 5.06563448e-04
9.81418741e-02 4.43442201e-04 5.03955382e-04
9.86610475e-02 -1.74985342e-04 5.06249214e-04
9.91802194e-02 1.28694844e-04 5.02818500e-04
9.96993898e-02 -4.97174903e-04 4.90419270e-04
1.00218559e-01 8.06632091e-04 4.91739520e-04
1.00737726e-01 1.92505749e-04 5.03698167e-04
1.01256892e-01 3.45190451e-04 5.02312332e-04
1.01776056e-01 -6.03800849e-04 4.83914542e-04
1.02295218e-01 2.05618919e-04 4.86004910e-04
1.02814380e-01 -9.74630193e-04 4.81952761e-04
1.03333539e-01 -9.32531455e-04 4.83964505e-04
1.03852697e-01 -1.34883217e-04 4.78360081e-04
1.04371853e-01 -2.66620951e-04 4.92144078e-04
1.04891008e-01 4.42334940e-04 4.90137084e-04
1.05410161e-01 -1.48217535e-04 4.84403735e-04
1.05929312e-01 1.92598848e-04 4.76602500e-04
1.06448462e-01 3.70370195e-04 4.80622145e-04
1.06967610e-01 1.11560844e-03 4.83894378e-04
1.07486757e-01 -4.22884682e-04 4.85023307e-04
1.08005902e-01 -2.94325178e-04 4.80596736e-04
1.08525045e-01 -9.22392131e-05 4.71123186e-04
1.09044187e-01 7.43871556e-04 4.72419731e-04
1.09563327e-01 4.08029778e-04 4.78176928e-04
1.10082465e-01 3.39960364e-05 4.55352918e-04
1.10601601e-01 -9.35604672e-05 4.74520920e-04
1.11120736e-01 7.03242010e-04 4.78518364e-04
1.11639869e-01 6.05446933e-04 4.66162549e-04
1.12159001e-01 -3.71129188e-04 4.52653858e-04
1.12678130e-01 2.78201573e-04 4.70578036e-04
1.13197258e-01 -8.03928086e-04 4.57788227e-04
1.13716385e-01 2.80164253e-04 4.68573875e-04
1.14235509e-01 -2.53989507e-05 4.67574400e-04
1.14754632e-01 4.13409702e-04 4.62723486e-04
1.15273753e-01 -1.71293002e-04 4.66595648e-04
1.15792872e-01 7.91501311e-05 4.70456815e-04
1.16311989e-01 1.08144406e-04 4.78725780e-04
1.16831105e-01 -1.61689884e-05 4.80330241e-04
1.17350219e-01 1.36229663e-04 4.67939062e-04
1.17869331e-01 6.38146867e-04 4.91299339e-04
1.18388441e-01 1.12000227e-04 4.61181851e-04
1.18907549e-01 3.50900731e-04 4.66659858e-04
1.19426656e-01 3.65297796e-04 4.48579127e-04
1.19945761e-01 4.67118854e-05 4.57040708e-04
1.20464864e-01 3.21527934e-04 4.66388159e-04
1.20983965e-01 -3.32297859e-04 4.62867763e-04
1.21503064e-01 -3.87171651e-04 4.62048818e-04
1.22022161e-01 2.73266258e-04 4.59185014e-04
1.22541256e-01 -4.88721658e-04 4.45297687e-04
1.23060350e-01 -2.40913792e-04 4.33794034e-04
1.23579442e-01 6.31732496e-04 4.52088636e-04
1.24098531e-01 -1.78368976e-04 4.51034728e-04
1.24617619e-01 -4.80316152e-04 4.28910764e-04
1.25136705e-01 -5.54113334e-05 4.43529030e-04
1.25655789e-01 1.50624735e-04 4.44845247e-04
1.26174871e-01 7.68621492e-05 4.41278079e-04
1.26693952e-01 -1.03802306e-04 4.35441032e-04
1.27213030e-01 2.23715816e-04 4.31931970e-04
1.27732106e-01 1.83952141e-04 4.33208463e-04
1.28251180e-01 4.35666177e-04 4.49920993e-04
1.28770253e-01 -3.12901883e-04 4.42802313e-04
1.29289323e-01 -7.11360198e-04 4.32892914e-04
1.29808391e-01 -3.14528751e-04 4.31746998e-04
1.30327458e-01 -7.01723995e-04 4.27102038e-04
1.30846522e-01 -1.02843787e-04 4.40630180e-04
1.31365584e-01 -2.11406420e-04 4.32734165e-04
1.31884645e-01 4.12792891e-05 4.34915397e-04
1.32403703e-01 -1.64546497e-04 4.34351617e-04
1.32922759e-01 -5.89977004e-04 4.26070466e-04
1.33441814e-01 3.01093875e-04 4.28653886e-04
1.33960866e-01 6.39770602e-05 4.29562846e-04
1.34479916e-01 -4.64136638e-04 4.21316061e-04
1.34998964e-01 5.69529349e-05 4.21032948e-04
1.35518010e-01 3.24798356e-04 4.21311567e-04
1.36037054e-01 4.48255822e-04 4.14157696e-04
1.36556096e-01 -4.10054920e-04 4.07010350e-04
1.37075135e-01 -2.55482291e-04 4.19005417e-04
1.37594173e-01 6.59906459e-05 4.19075227e-04
1.38113208e-01 -2.54690508e-04 4.16733117e-04
1.38632242e-01 3.62102456e-04 4.23862377e-04
1.39151273e-01 4.96408744e-04 4.32062706e-04
1.39670302e-01 2.86398906e-04 4.17945734e-04
1.40189329e-01 1.64707700e-04 4.20791700e-04
1.40708354e-01 -2.32054576e-04 4.20054597e-04
1.41227377e-01 6.17547428e-04 4.17946053e-04
1.41746397e-01 9.66678155e-05 4.34234310e-04
1.42265415e-01 -1.25322853e-04 4.30530351e-04
1.42784432e-01 4.95503287e-04 4.25282611e-04
1.43303446e-01 5.48559375e-04 4.24277366e-04
1.43822457e-01 1.45711180e-04 4.09420787e-04
1.44341467e-01 -1.83013884e-04 4.20245275e-04
1.44860474e-01 3.88365303e-04 4.15772897e-04
1.45379479e-01 3.20629562e-04 4.08345195e-04
1.45898482e-01 -1.58852108e-04 4.18379976e-04
1.46417483e-01 7.51731601e-04 4.08931258e-04
1.46936481e-01 -3.63392347e-04 4.04556287e-04
1.47455477e-01 -9.74413968e-06 4.08699638e-04
1.47974471e-01 3.50792708e-04 3.96498800e-04
1.48493463e-01 -2.92416099e-04 4.05614932e-04
1.49012452e-01 3.45781660e-04 4.02269049e-04
1.49531439e-01 4.43345762e-04 3.98608191e-04
1.50050424e-01 5.17921552e-04 3.89289857e-04
1.50569406e-01 -7.83262970e-06 3.96155529e-04
1.51088386e-01 6.73018077e-04 3.93883045e-04
1.51607364e-01 7.77581372e-05 3.86045855e-04
1.52126339e-01 -9.73730408e-05 3.87965074e-04
1.52645312e-01 1.34855888e-05 3.93803087e-04
1.53164283e-01 -5.22975265e-04 3.94221254e-04
1.53683251e-01 -4.09949188e-04 3.99783590e-04
1.54202218e-01 2.87285468e-04 3.87220128e-04
1.54721181e-01 -4.20375511e-04 4.05080576e-04
1.55240143e-01 4.11433516e-04 3.97529722e-04
1.55759101e-01 -2.51178294e-05 4.04499222e-04
1.56278058e-01 -2.54822684e-04 3.95909433e-04
1.56797012e-01 -1.35273815e-04 4.10955052e-04
1.57315964e-01 2.59766453e-04 4.05620928e-04
1.57834913e-01 2.31084476e-04 4.18850207e-04
1.58353860e-01 -1.04377208e-04 4.03305851e-04
1.58872805e-01 4.85179636e-05 3.99031690e-04
1.59391747e-01 3.68197779e-04 4.04755531e-04
1.59910686e-01 1.33773524e-04 3.99805135e-04
1.60429623e-01 9.63495753e-04 4.06812844e-04
1.60948558e-01 -8.02589787e-05 4.00045997e-04
1.61467490e-01 3.36849807e-04 4.05159060e-04
1.61986420e-01 1.63634651e-04 3.92148305e-04
1.62505347e-01 -1.18438282e-04 3.94930181e-04
1.63024272e-01 2.41685840e-04 3.93689777e-04
1.63543194e-01 -5.30978295e-04 3.88169908e-04
1.64062114e-01 2.07609856e-04 3.84839807e-04
1.64581031e-01 2.80396109e-05 3.85383831e-04
1.65099945e-01 -3.58880964e-04 3.83035202e-04
1.65618858e-01 -1.27370746e-04 3.86993222e-04
1.66137767e-01 7.38498809e-05 3.86126561e-04
1.66656674e-01 3.94765368e-04 3.83931725e-04
1.67175579e-01 -8.38184797e-05 3.76040486e-04
1.67694481e-01 -5.55205313e-04 3.85914739e-04
1.68213380e-01 -8.46141601e-05 3.75341190e-04
1.68732277e-01 -4.76690216e-04 3.82243221e-04
1.69251171e-01 -1.36563339e-04 3.88243068e-04
1.69770062e-01 -8.01622565e-04 3.87693547e-04
1.70288951e-01 1.29490396e-04 3.83672764e-04
1.70807838e-01 -2.02672912e-04 3.77189821e-04
1.71326721e-01 2.06023349e-05 3.72165232e-04
1.71845603e-01 -5.69880745e-04 3.83253390e-04
1.72364481e-01 -1.21569067e-04 3.79932810e-04
1.72883357e-01 -2.27873647e-04 3.86668057e-04
1.73402230e-01 4.57789832e-04 3.81724530e-04
1.73921100e-01 1.28663477e-04 3.74074283e-04
1.74439968e-01 -4.26106882e-04 3.71041712e-04
1.74958833e-01 -6.70672833e-05 3.83579980e-04
1.75477696e-01 -6.34009309e-05 3.86844383e-04
1.75996556e-01 5.16652865e-04 3.75929612e-04
1.76515413e-01 -3.07493926e-04 3.77591392e-04
1.77034267e-01 7.57874724e-05 3.85316191e-04
1.77553119e-01 1.11461456e-04 3.74339767e-04
1.78071968e-01 6.59581997e-05 3.78539065e-04
1.78590814e-01 4.43742268e-04 3.73802390e-04
1.79109657e-01 -3.92837581e-05 3.76649252e-04
1.79628498e-01 4.75104242e-05 3.76042584e-04
1.80147336e-01 -9.72648850e-05 3.66527529e-04
1.80666171e-01 5.55846380e-05 3.71217043e-04
1.81185003e-01 1.41947698e-04 3.62609582e-04
1.81703833e-01 -1.52861251e-04 3.66222870e-04
1.82222660e-01 1.76820442e-04 3.58995865e-04
1.82741484e-01 3.43781672e-04 3.70273469e-04
1.83260305e-01 4.82306094e-04 3.51646574e-04
1.83779124e-01 4.09496246e-05 3.56689112e-04
1.84297939e-01 -1.03214463e-04 3.65114044e-04
1.84816752e-01 -2.73118141e-04 3.51742969e-04
1.85335562e-01 2.55309731e-04 3.51998672e-04
1.85854369e-01 -5.75762550e-04 3.49903861e-04
1.86373173e-01 3.13936096e-04 3.50945054e-04
1.86891975e-01 -5.49014521e-05 3.52954840e-04
1.87410773e-01 -1.86588881e-04 3.42025532e-04
1.87929569e-01 -7.71170495e-04 3.42761887e-04
1.88448361e-01 3.53258113e-04 3.41425909e-04
1.88967151e-01 9.29908557e-05 3.49151395e-04
1.89485938e-01 2.25459718e-04 3.54682158e-04
1.90004722e-01 -4.70324755e-05 3.48526102e-04
1.90523503e-01 -4.60932697e-04 3.45169801e-04
1.91042282e-01 -3.76045203e-04 3.52721647e-04
1.91561057e-01 -1.47778087e-04 3.44084798e-04
1.92079829e-01 -1.03319239e-04 3.41755900e-04
1.92598599e-01 -5.18594287e-04 3.38911737e-04
1.93117365e-01 -4.92256153e-04 3.42917089e-04
1.93636128e-01 -4.95094901e-04 3.41081576e-04
1.94154889e-01 -4.48522370e-04 3.41855821e-04
1.94673646e-01 1.09967045e-04 3.38576158e-04
1.95192401e-01 1.20603585e-04 3.41216310e-04
1.95711153e-01 -2.08503894e-04 3.43479030e-04
1.96229901e-01 1.93318938e-04 3.32887556e-04
1.96748647e-01 1.76161562e-04 3.34636888e-04
1.97267389e-01 -6.17732372e-04 3.27515829e-04
1.97786129e-01 -6.82348057e-05 3.36457931e-04
1.98304865e-01 -1.24568801e-05 3.29432554e-04
1.98823598e-01 6.84893656e-05 3.31546205e-04
1.99342329e-01 -2.70463838e-04 3.33084788e-04
1.99861056e-01 -6.31251520e-04 3.27873293e-04
2.00379780e-01 -1.78445597e-04 3.33342928e-04
2.00898501e-01 -2.75188810e-04 3.27197269e-04
2.01417219e-01 -4.06311652e-04 3.29534694e-04
2.01935934e-01 6.02716945e-04 3.28134730e-04
2.02454646e-01 2.13904439e-04 3.24771650e-04
2.02973355e-01 -3.24374645e-04 3.27757494e-04
2.03492061e-01 -2.92083164e-04 3.29328299e-04
2.04010763e-01 1.63006415e-04 3.29606441e-04
2.04529463e-01 4.03502410e-04 3.24742510e-04
2.05048159e-01 -4.95911191e-04 3.20802281e-04
2.05566852e-01 -4.14261592e-05 3.22201386e-04
2.06085542e-01 8.46138295e-04 3.25771108e-04
2.06604229e-01 -5.11471543e-04 3.24304903e-04
2.07122913e-01 3.05194147e-04 3.22158508e-04
2.07641593e-01 5.73111374e-05 3.17941992e-04
2.08160270e-01 -1.00634352e-04 3.23046765e-04
2.08678944e-01 -1.83368518e-05 3.20757941e-04
2.09197615e-01 -1.26153622e-04 3.11466985e-04
2.09716283e-01 -2.68452298e-04 3.17307879e-04
2.10234947e-01 -7.63287964e-04 3.11172250e-04
2.10753609e-01 -2.87803888e-04 3.18570413e-04
2.11272267e-01 -4.04111321e-05 3.10573688e-04
2.11790921e-01 -9.87647365e-05 3.13591398e-04
2.12309573e-01 -1.80790147e-04 3.11394596e-04
2.12828221e-01 5.84559894e-04 3.18813507e-04
2.13346866e-01 -1.28171059e-05 3.12174210e-04
2.13865508e-01 -6.70273317e-05 3.05326060e-04
2.14384146e-01 2.47997546e-04 3.16130196e-04
2.14902781e-01 5.25756061e-05 3.08676415e-04
2.15421413e-01 -7.70883354e-04 3.08078230e-04
2.15940042e-01 -1.68200151e-04 3.12400826e-04
2.16458667e-01 -1.22533153e-04 3.09353021e-04
2.16977289e-01 3.26452126e-04 3.20916998e-04
2.17495907e-01 2.57223905e-04 3.11465417e-04
2.18014523e-01 -5.32334841e-04 3.10218885e-04
2.18533135e-01 -3.22025139e-04 3.10761939e-04
2.19051743e-01 -1.49935310e-04 3.09970175e-04
2.19570348e-01 4.28568206e-05 3.06554186e-04
2.20088950e-01 -2.97538100e-04 3.08226664e-04
2.20607549e-01 4.65640442e-04 3.08941786e-04
2.21126144e-01 -1.87702261e-04 3.04885190e-04
2.21644735e-01 2.91056745e-04 3.01095433e-04
2.22163324e-01 8.82596476e-05 3.03349531e-04
2.22681909e-01 5.30105795e-04 3.05025844e-04
2.23200490e-01 -2.14330708e-04 3.04472014e-04
2.23719068e-01 -2.48472892e-04 3.00106531e-04
2.24237643e-01 -7.37382653e-05 3.00491437e-04
2.24756214e-01 6.01953800e-04 3.01426753e-04
2.25274781e-01 -1.32157645e-04 3.03192199e-04
2.25793346e-01 -1.21279567e-04 3.00701799e-04
2.26311907e-01 1.82031414e-04 2.98024042e-04
2.26830464e-01 -5.92661318e-04 3.01265837e-04
2.27349018e-01 -3.70775823e-04 3.02726875e-04
2.27867568e-01 3.84484241e-04 2.96830591e-04
2.28386115e-01 1.66133728e-04 2.91979927e-04
2.28904658e-01 -2.35401106e-04 2.93437205e-04
2.29423198e-01 5.24655908e-05 2.93802187e-04
2.29941734e-01 1.52173350e-04 3.04512740e-04
2.30460267e-01 -3.96023057e-04 2.95897567e-04
2.30978797e-01 -2.65858882e-04 2.95157817e-04
2.31497322e-01 -3.73729475e-04 2.96885330e-04
2.32015844e-01 -1.96432926e-04 2.90968615e-04
2.32534363e-01 1.89972728e-04 2.94739805e-04
2.33052878e-01 -1.21681809e-04 2.94230506e-04
2.33571390e-01 1.56752193e-04 2.91039686e-04
2.34089898e-01 2.94311108e-04 2.87014404e-04
2.34608402e-01 1.30498198e-04 2.91231811e-04
2.35126903e-01 -2.00684819e-04 2.91634327e-04
2.35645400e-01 2.85635997e-05 2.88719459e-04
2.36163893e-01 -3.11669290e-05 2.86117940e-04
2.36682383e-01 4.15953890e-04 2.92235120e-04
2.37200869e-01 -2.57553136e-04 2.85333931e-04
2.37719352e-01 1.40188779e-05 2.89694559e-04
2.38237831e-01 -4.95614039e-04 2.94128539e-04
2.38756306e-01 -1.90169616e-04 2.88212977e-04
2.39274778e-01 8.32912018e-05 2.85674460e-04
2.39793246e-01 9.92679524e-05 2.89942796e-04
2.40311710e-01 -4.13514416e-04 2.81786753e-04
2.40830171e-01 -9.23358699e-05 2.85674813e-04
2.41348628e-01 -2.43002399e-05 2.84528508e-04
2.41867081e-01 -4.57646738e-05 2.86984225e-04
2.42385531e-01 -1.30003344e-04 2.86277122e-04
2.42903976e-01 -2.32878215e-04 2.84920386e-04
2.43422418e-01 -9.27007139e-05 2.89150846e-04
2.43940857e-01 -3.65122742e-04 2.80413011e-04
2.44459291e-01 5.07227610e-04 2.77910827e-04
2.44977722e-01 3.99333253e-04 2.75740883e-04
2.45496149e-01 -3.99194510e-04 2.80315194e-04
2.46014573e-01 4.44066076e-05 2.79205522e-04
2.46532992e-01 4.33891075e-05 2.81255549e-04
2.47051408e-01 -1.81583467e-04 2.73773542e-04
2.47569820e-01 -2.37660107e-05 2.73300975e-04
2.48088228e-01 -2.05883607e-04 2.78119813e-04
2.48606633e-01 -7.76007071e-05 2.75385602e-04
2.49125033e-01 4.59039930e-04 2.78819002e-04
2.49643430e-01 -2.59931785e-04 2.74696497e-04
2.50161823e-01 2.36001699e-05 2.75231207e-04
2.50680212e-01 1.83730092e-04 2.77450648e-04
2.51198598e-01 -7.53538768e-05 2.78812709e-04
2.51716979e-01 3.09394497e-04 2.79412656e-04
2.52235357e-01 -1.91473910e-04 2.76597556e-04
2.52753730e-01 -4.06091878e-04 2.78697137e-04
2.53272100e-01 -2.80855156e-04 2.77827624e-04
2.53790466e-01 -8.22585802e-05 2.81355028e-04
2.54308828e-01 -3.32702429e-05 2.71345933e-04
2.54827186e-01 4.59017912e-04 2.80018257e-04
2.55345541e-01 3.40911755e-04 2.76737243e-04
2.55863891e-01 -3.39045923e-05 2.79309151e-04
2.56382237e-01 -3.77202818e-04 2.74766408e-04
2.56900580e-01 -2.57504536e-04 2.74312552e-04
2.57418919e-01 1.42874789e-04 2.73323476e-04
2.57937253e-01 -1.36623614e-04 2.69070842e-04
2.58455584e-01 -5.43609801e-04 2.71446196e-04
2.58973911e-01 -3.05062923e-05 2.71145417e-04
2.59492233e-01 -1.42456626e-04 2.72117613e-04
2.60010552e-01 1.99724892e-04 2.69785115e-04
2.60528867e-01 2.40001017e-04 2.69222883e-04
2.61047178e-01 -2.99316435e-04 2.69511332e-04
2.61565484e-01 -3.76838503e-04 2.70704986e-04
2.62083787e-01 -5.49330997e-05 2.64614346e-04
2.62602086e-01 -3.75016658e-04 2.65934576e-04
2.63120381e-01 2.72933162e-04 2.71652629e-04
2.63638671e-01 -2.35947614e-04 2.71562504e-04
2.64156958e-01 -9.85927255e-05 2.71160851e-04
2.64675241e-01 -3.83362533e-04 2.72748243e-04
2.65193519e-01 3.65322559e-04 2.68756938e-04
2.65711794e-01 -2.78937060e-04 2.69486977e-04
2.66230064e-01 -2.85698143e-04 2.81094739e-04
2.66748330e-01 -4.17791967e-04 2.68876801e-04
2.67266593e-01 -8.05358251e-05 2.72513862e-04
2.67784851e-01 -2.34438123e-04 2.72471713e-04
2.68303105e-01 2.12149384e-04 2.75679672e-04
2.68821355e-01 -1.94699704e-04 2.74876808e-04
2.69339601e-01 -5.32471288e-05 2.76712692e-04
2.69857842e-01 3.17298983e-04 2.78975915e-04
2.70376080e-01 1.29460655e-04 2.77064660e-04
2.70894314e-01 3.44510332e-04 2.71678339e-04
2.71412543e-01 -2.18393084e-04 2.69752510e-04
2.71930768e-01 -2.09000776e-04 2.71364332e-04
2.72448989e-01 8.68472113e-05 2.65568978e-04
2.72967206e-01 2.19045810e-04 2.73617915e-04
2.73485418e-01 2.52706504e-04 2.64445352e-04
2.74003627e-01 -8.27781053e-05 2.67396827e-04
2.74521831e-01 -1.14569395e-04 2.65711756e-04
2.75040031e-01 1.27564560e-05 2.65564941e-04
2.75558227e-01 -3.06165839e-04 2.63176147e-04
2.76076418e-01 3.41025163e-04 2.64324998e-04
2.76594606e-01 -1.21135591e-04 2.68029858e-04
2.77112789e-01 -9.49250665e-06 2.60941192e-04
2.77630968e-01 2.31161539e-04 2.62431670e-04
2.78149142e-01 -4.61626508e-05 2.63173842e-04
2.78667313e-01 -5.03979075e-05 2.66477377e-04
2.79185479e-01 1.72886311e-04 2.66237714e-04
2.79703640e-01 6.29829481e-06 2.66277739e-04
2.80221798e-01 -6.16171165e-05 2.66982238e-04
2.80739951e-01 -1.02637097e-04 2.59818046e-04
2.81258100e-01 -2.16312153e-04 2.60970539e-04
2.81776245e-01 -7.89097586e-05 2.68293801e-04
2.82294385e-01 -8.96508505e-05 2.62423868e-04
2.82812521e-01 -4.85123946e-05 2.66736189e-04
2.83330653e-01 -1.41384787e-04 2.64621214e-04
2.83848780e-01 -1.31485671e-04 2.59828960e-04
2.84366903e-01 -3.25652066e-04 2.66256808e-04
2.84885022e-01 4.09296694e-05 2.64522488e-04
2.85403136e-01 2.30954470e-04 2.63009339e-04
2.85921246e-01 2.50088528e-04 2.66854438e-04
2.86439351e-01 -1.94628230e-04 2.60486873e-04
2.86957452e-01 1.87890800e-05 2.69740426e-04
2.87475549e-01 -3.34014839e-04 2.58187748e-04
2.87993641e-01 -5.30504934e-04 2.62028431e-04
2.88511729e-01 1.65884808e-04 2.66499522e-04
2.89029813e-01 1.74004980e-04 2.63339974e-04
2.89547892e-01 -1.54289026e-04 2.61584176e-04
2.90065967e-01 5.97383593e-05 2.54391158e-04
2.90584037e-01 2.93065076e-04 2.60399958e-04
2.91102103e-01 -3.08290669e-04 2.56092693e-04
2.91620164e-01 4.33129754e-05 2.58772975e-04
2.92138221e-01 2.57221503e-04 2.57608165e-04
2.92656273e-01 1.52745038e-05 2.60947112e-04
2.93174321e-01 -1.48048520e-04 2.56436136e-04
2.93692364e-01 -3.20267963e-05 2.56593415e-04
2.94210403e-01 -7.42489758e-06 2.54405352e-04
2.94728437e-01 -5.00940859e-06 2.52008368e-04
2.95246467e-01 -4.09746309e-04 2.49930583e-04
2.95764493e-01 -1.86005290e-04 2.54577516e-04
2.96282514e-01 1.54140243e-04 2.47955526e-04
2.96800530e-01 2.41760038e-04 2.47329897e-04
2.97318542e-01 7.66873864e-05 2.48233773e-04
2.97836549e-01 -7.33565539e-05 2.52645064e-04
2.98354551e-01 -1.74464956e-04 2.50211518e-04
2.98872549e-01 3.55863113e-05 2.46924609e-04
2.99390543e-01 -2.29032863e-04 2.52548442e-04
2.99908532e-01 2.09522612e-04 2.46348511e-04
3.00426516e-01 -4.09998369e-04 2.44858952e-04
3.00944496e-01 4.12939158e-05 2.48980300e-04
3.01462471e-01 2.01916083e-04 2.43486003e-04
3.01980441e-01 -1.30437372e-04 2.41868044e-04
3.02498407e-01 5.17221738e-05 2.48138537e-04
3.03016368e-01 3.88327331e-04 2.49584749e-04
3.03534325e-01 4.20584130e-04 2.45936324e-04
3.04052277e-01 1.20746633e-04 2.46257619e-04
3.04570224e-01 3.23811999e-05 2.45608921e-04
3.05088167e-01 -2.20048581e-04 2.40273319e-04
3.05606105e-01 -2.78805034e-05 2.42590790e-04
3.06124038e-01 -3.36395414e-04 2.41807290e-04
3.06641967e-01 -3.18110668e-05 2.42348096e-04
3.07159891e-01 -1.01542385e-06 2.42901595e-04
3.07677810e-01 -2.46053241e-04 2.38943574e-04
3.08195724e-01 3.02842113e-04 2.43634727e-04
3.08713634e-01 1.10413207e-04 2.39613959e-04
3.09231539e-01 2.56030794e-04 2.36599711e-04
3.09749440e-01 1.20197446e-04 2.38128887e-04
3.10267335e-01 -1.97790369e-05 2.37787643e-04
3.10785226e-01 4.22373769e-05 2.43341468e-04
3.11303112e-01 -2.66818321e-04 2.38000240e-04
3.11820993e-01 -1.80358083e-05 2.39668148e-04
3.12338870e-01 -4.03254578e-04 2.33550021e-04
3.12856742e-01 -1.42925027e-05 2.36845986e-04
3.13374609e-01 -1.48952692e-06 2.40522278e-04
3.13892471e-01 -8.79230620e-05 2.36958658e-04
3.14410328e-01 -2.47588619e-04 2.36101310e-04
3.14928181e-01 2.44282573e-04 2.42520434e-04
3.15446029e-01 -3.59429394e-04 2.40492040e-04
3.15963871e-01 1.79509747e-04 2.35792924e-04
3.16481710e-01 3.19834517e-04 2.34216371e-04
3.16999543e-01 -1.26180649e-04 2.33960135e-04
3.17517371e-01 -2.45292360e-04 2.33577502e-04
3.18035195e-01 -5.19058904e-05 2.34764556e-04
3.18553013e-01 1.40563048e-04 2.36197959e-04
3.19070827e-01 -1.73752008e-04 2.32683542e-04
3.19588636e-01 -1.82506458e-04 2.30080182e-04
3.20106440e-01 2.11734516e-04 2.32629569e-04
3.20624239e-01 -2.24172267e-04 2.34047945e-04
3.21142033e-01 -2.27951371e-04 2.32609203e-04
3.21659823e-01 -3.36656092e-06 2.31337188e-04
3.22177607e-01 -2.38651142e-05 2.31059009e-04
3.22695387e-01 2.25947426e-04 2.29237530e-04
3.23213161e-01 1.62094197e-04 2.31492223e-04
3.23730931e-01 -4.52868331e-04 2.28448574e-04
3.24248695e-01 8.85756935e-05 2.35181453e-04
3.24766455e-01 -1.59790628e-04 2.27224699e-04
3.25284210e-01 4.27194792e-04 2.26394528e-04
3.25801959e-01 1.32981614e-04 2.35981224e-04
3.26319704e-01 -2.60195312e-04 2.32123283e-04
3.26837444e-01 5.41636848e-04 2.32337513e-04
3.27355179e-01 -1.43317454e-05 2.32864871e-04
3.27872908e-01 4.89065678e-05 2.30651445e-04
3.28390633e-01 -1.35488586e-04 2.29748774e-04
3.28908353e-01 -2.44417770e-04 2.29133527e-04
3.29426067e-01 -8.56852042e-05 2.31335839e-04
3.29943777e-01 -1.63079087e-05 2.32414825e-04
3.30461482e-01 1.38276983e-04 2.25598958e-04
3.30979181e-01 -1.90001273e-05 2.28690632e-04
3.31496876e-01 6.35496056e-05 2.30342195e-04
3.32014565e-01 -3.49462383e-04 2.27313803e-04
3.32532249e-01 -3.14778168e-04 2.25310968e-04
3.33049928e-01 -1.58614952e-04 2.24001847e-04
3.33567603e-01 2.90055443e-05 2.28048492e-04
3.34085272e-01 -9.78612441e-05 2.23556653e-04
3.34602936e-01 -1.69875305e-04 2.20305709e-04
3.35120594e-01 3.90712569e-04 2.24818863e-04
3.35638248e-01 -3.80014527e-05 2.25053715e-04
3.36155897e-01 -6.36146005e-05 2.25684566e-04
3.36673540e-01 -4.84717409e-04 2.25583930e-04
3.37191178e-01 7.71539102e-05 2.27392874e-04
3.37708811e-01 -1.37257160e-04 2.26172154e-04
3.38226439e-01 -8.54217089e-05 2.22797859e-04
3.38744062e-01 -4.83972402e-05 2.22996049e-04
3.39261680e-01 -8.17023686e-05 2.24960184e-04
3.39779292e-01 -3.91041767e-04 2.23246754e-04
3.40296899e-01 -1.71909015e-05 2.18593435e-04
3.40814501e-01 -1.90972604e-05 2.20764971e-04
3.41332098e-01 -6.88134249e-06 2.20790976e-04
3.41849690e-01 3.12183580e-04 2.24864852e-04
3.42367276e-01 -4.47027293e-05 2.22504392e-04
3.42884857e-01 9.57768608e-05 2.23497290e-04
3.43402433e-01 -1.01104984e-04 2.18713483e-04
3.43920004e-01 1.57312526e-04 2.15273715e-04
3.44437569e-01 7.84368900e-05 2.22620208e-04
3.44955129e-01 1.00393281e-06 2.18921565e-04
3.45472684e-01 -1.67678778e-04 2.13961891e-04
3.45990233e-01 -4.94209916e-05 2.13820460e-04
3.46507778e-01 -1.56331145e-04 2.18064036e-04
3.47025317e-01 -2.55874964e-04 2.17966891e-04
3.47542850e-01 2.37966962e-04 2.18605984e-04
3.48060379e-01 9.84519285e-07 2.21859449e-04
3.48577902e-01 6.60646892e-05 2.18180220e-04
3.49095419e-01 1.53752752e-04 2.17363662e-04
3.49612932e-01 -1.02363676e-04 2.15001008e-04
3.50130439e-01 -6.58399083e-05 2.17789670e-04
3.50647940e-01 -7.50135012e-05 2.17947758e-04
3.51165437e-01 -8.26369312e-05 2.16378623e-04
3.51682928e-01 6.01186475e-04 2.17029156e-04
3.52200413e-01 4.81500315e-04 2.20816108e-04
3.52717893e-01 8.17242401e-05 2.14782789e-04
3.53235368e-01 -5.75912741e-04 2.13566640e-04
3.53752837e-01 -3.36086425e-04 2.13414564e-04
3.54270301e-01 -3.19222467e-04 2.17630183e-04
3.54787760e-01 1.14240631e-04 2.15621676e-04
3.55305213e-01 -3.01876000e-04 2.13298715e-04
3.55822661e-01 -4.74513317e-04 2.14163679e-04
3.56340103e-01 -2.84496179e-04 2.11561612e-04
3.56857540e-01 -4.00757106e-05 2.13722455e-04
3.57374971e-01 6.95559897e-05 2.16584019e-04
3.57892397e-01 2.16341256e-04 2.10040636e-04
3.58409818e-01 2.48033018e-04 2.14666495e-04
3.58927232e-01 1.17994244e-04 2.11428094e-04
3.59444642e-01 -2.47590863e-04 2.15029543e-04
3.59962046e-01 4.89478709e-05 2.11545284e-04
3.60479444e-01 -2.65414390e-04 2.15008675e-04
3.60996837e-01 -1.16999748e-04 2.16397088e-04
3.61514225e-01 4.87576688e-04 2.10664296e-04
3.62031607e-01 2.06132952e-05 2.10033854e-04
3.62548983e-01 -1.63703177e-04 2.11143786e-04
3.63066354e-01 -2.61773929e-04 2.11031240e-04
3.63583719e-01 1.21671467e-04 2.10617000e-04
3.64101079e-01 -2.59533204e-04 2.12947134e-04
3.64618433e-01 1.38126275e-04 2.09797034e-04
3.65135782e-01 -1.21049016e-04 2.10734970e-04
3.65653125e-01 -2.24071365e-04 2.10228280e-04
3.66170462e-01 3.32841833e-04 2.10845802e-04
3.66687794e-01 -5.50505467e-05 2.09250813e-04
3.67205121e-01 -1.48983468e-04 2.06404018e-04
3.67722441e-01 -1.87848954e-05 2.08619800e-04
3.68239756e-01 3.32651338e-04 2.08571654e-04
3.68757066e-01 1.90002055e-04 2.06868892e-04
3.69274369e-01 -2.39614815e-04 2.02671987e-04
3.69791668e-01 1.66763470e-04 2.08979734e-04
3.70308960e-01 -2.10182592e-04 2.03675366e-04
3.70826247e-01 1.52326362e-04 2.06593049e-04
3.71343528e-01 -2.50386183e-04 2.05967952e-04
3.71860803e-01 3.78217469e-05 2.06710814e-04
3.72378073e-01 2.71037049e-04 2.13530184e-04
3.72895337e-01 -5.49511153e-04 2.08145275e-04
3.73412596e-01 3.92773623e-04 2.11761595e-04
3.73929849e-01 -1.28267773e-04 2.13541405e-04
3.74447096e-01 5.13779463e-04 2.13436768e-04
3.74964337e-01 -9.83090410e-06 2.15815402e-04
3.75481572e-01 9.04504826e-05 2.12462386e-04
3.75998802e-01 2.61776766e-04 2.14003608e-04
3.76516026e-01 8.57486908e-05 2.14983900e-04
3.77033245e-01 -1.03425229e-04 2.14991515e-04
3.77550457e-01 -2.42885194e-04 2.12570761e-04
3.78067664e-01 2.06432346e-04 2.17775526e-04
3.78584865e-01 9.44069390e-05 2.20082078e-04
3.79102060e-01 7.25807644e-05 2.17366143e-04
3.79619250e-01 -6.91111814e-05 2.17040902e-04
3.80136433e-01 -2.13878981e-04 2.14590204e-04
3.80653611e-01 8.26943244e-05 2.18843529e-04
3.81170783e-01 1.91628669e-04 2.15349228e-04
3.81687950e-01 1.04630634e-04 2.13225693e-04
3.82205110e-01 -3.38300037e-05 2.12496315e-04
3.82722265e-01 -1.22973858e-04 2.10033278e-04
3.83239413e-01 1.59472372e-04 2.16665318e-04
3.83756556e-01 -4.00212479e-05 2.11228914e-04
3.84273693e-01 -2.75052608e-04 2.11042258e-04
3.84790824e-01 -4.44229443e-04 2.14332098e-04
3.85307950e-01 -6.40474685e-05 2.13122308e-04
3.85825069e-01 -2.59447309e-04 2.12379398e-04
3.86342183e-01 -5.03940462e-04 2.11245947e-04
3.86859290e-01 -3.92806853e-04 2.17307225e-04
3.87376392e-01 4.42960518e-05 2.14778251e-04
3.87893488e-01 -5.22283538e-04 2.11973749e-04
3.88410577e-01 1.73867551e-04 2.13305940e-04
3.88927661e-01 2.14883930e-04 2.17035600e-04
3.89444739e-01 2.09411970e-04 2.14183197e-04
3.89961811e-01 6.97021300e-05 2.14883797e-04
3.90478878e-01 1.44041002e-04 2.19845204e-04
3.90995938e-01 2.25315243e-04 2.15891160e-04
3.91512992e-01 3.49050899e-05 2.18772526e-04
3.92030040e-01 -4.47880781e-04 2.15684973e-04
3.92547082e-01 -4.07057175e-04 2.15190721e-04
3.93064118e-01 -2.32653784e-04 2.17496233e-04
3.93581149e-01 -1.17120808e-04 2.18893198e-04
3.94098173e-01 1.88260876e-04 2.17048883e-04
3.94615191e-01 9.41571556e-05 2.21755322e-04
3.95132203e-01 -7.33794506e-05 2.17874500e-04
3.95649209e-01 -1.23855556e-04 2.20729951e-04
3.96166209e-01 9.96719376e-05 2.21521975e-04
3.96683203e-01 6.13065470e-04 2.24404814e-04
3.97200191e-01 -2.19537347e-04 2.22791111e-04
3.97717173e-01 4.21893528e-04 2.19819553e-04
3.98234149e-01 8.47873531e-05 2.27762233e-04
3.98751119e-01 -2.74828827e-05 2.27222260e-04
3.99268083e-01 2.13658443e-04 2.26222322e-04
3.99785040e-01 1.98941074e-04 2.26462842e-04
4.00301992e-01 6.24141513e-04 2.29405888e-04
4.00818937e-01 3.34243908e-04 2.28192773e-04
4.01335876e-01 -3.92639114e-06 2.24164972e-04
4.01852810e-01 -2.99823754e-04 2.32818790e-04
4.02369737e-01 1.40018376e-04 2.52647723e-04
4.02886658e-01 -2.30736272e-04 2.78967251e-04
4.03403572e-01 -7.98745326e-05 2.96776041e-04
4.03920481e-01 -3.09507082e-04 3.01645533e-04
4.04437383e-01 4.89734780e-04 3.14859737e-04
4.04954280e-01 2.87591551e-04 3.26290456e-04
4.05471170e-01 -9.39291565e-05 3.57435236e-04
4.05988054e-01 -1.76637251e-04 4.24627560e-04
4.06504931e-01 -1.39903410e-04 4.68223766e-04
4.07021803e-01 -3.34430568e-05 5.40292503e-04
4.07538668e-01 -6.40461161e-03 3.15280842e-03
