7.27043000e-03 3.41509250e-02 1.39279487e-02
7.78974585e-03 2.08257187e-02 9.53766676e-03
8.30906158e-03 1.87054506e-02 7.51268864e-03
8.82837719e-03 1.40933942e-02 4.83797266e-03
9.34769265e-03 1.57919888e-02 3.50043775e-03
9.86700798e-03 1.74516823e-02 3.11907511e-03
1.03863231e-02 1.68505286e-02 2.58124481e-03
1.09056382e-02 1.68865486e-02 2.18854073e-03
1.14249530e-02 1.56769260e-02 1.96824140e-03
1.19442677e-02 1.60031571e-02 1.91846635e-03
1.24635822e-02 1.66372605e-02 1.78891940e-03
1.29828965e-02 1.84677644e-02 1.70804737e-03
1.35022105e-02 1.97115685e-02 1.57330109e-03
1.40215244e-02 1.96006290e-02 1.60073768e-03
1.45408381e-02 1.88859451e-02 1.50344226e-03
1.50601516e-02 1.71128842e-02 1.58287211e-03
1.55794648e-02 1.88706155e-02 1.45471061e-03
1.60987777e-02 1.70662874e-02 1.51909107e-03
1.66180905e-02 1.83966613e-02 1.35539590e-03
1.71374029e-02 1.86477327e-02 1.37975122e-03
1.76567152e-02 1.63933198e-02 1.40127280e-03
1.81760271e-02 1.79357001e-02 1.31588135e-03
1.86953388e-02 1.84778470e-02 1.37461629e-03
1.92146501e-02 1.62773010e-02 1.32236717e-03
1.97339612e-02 1.46625655e-02 1.21412275e-03
2.02532720e-02 1.65004025e-02 1.24794825e-03
2.07725824e-02 1.47250925e-02 1.10100489e-03
2.12918926e-02 1.66291248e-02 1.19596552e-03
2.18112024e-02 1.58226437e-02 1.16662200e-03
2.23305119e-02 1.43433544e-02 1.15803551e-03
2.28498210e-02 1.53112210e-02 1.15718077e-03
2.33691298e-02 1.53911777e-02 1.10386918e-03
2.38884382e-02 1.39491898e-02 1.11334006e-03
2.44077463e-02 1.63238137e-02 1.05529760e-03
2.49270540e-02 1.43098827e-02 1.01783892e-03
2.54463613e-02 1.46253991e-02 1.02282966e-03
2.59656682e-02 1.35986938e-02 1.05912076e-03
2.64849747e-02 1.48506465e-02 1.06042506e-03
2.70042808e-02 1.46482144e-02 1.07237615e-03
2.75235865e-02 1.57651361e-02 1.06655268e-03
2.80428918e-02 1.47020281e-02 1.10053829e-03
2.85621966e-02 1.37458716e-02 1.01232474e-03
2.90815010e-02 1.40630814e-02 1.00751013e-03
2.96008049e-02 1.59631723e-02 1.00165741e-03
3.01201084e-02 1.51463588e-02 1.05950479e-03
3.06394115e-02 1.40729281e-02 9.42109406e-04
3.11587140e-02 1.31888415e-02 9.37818153e-04
3.16780161e-02 1.31244147e-02 9.04804224e-04
3.21973177e-02 1.21254420e-02 8.94427943e-04
3.27166188e-02 1.23703014e-02 9.61666388e-04
3.32359194e-02 1.28045492e-02 9.61903249e-04
3.37552195e-02 1.36751071e-02 1.00344492e-03
3.42745190e-02 1.35254495e-02 9.35033661e-04
3.47938181e-02 1.25447985e-02 9.62608834e-04
3.53131166e-02 1.27600862e-02 9.40001642e-04
3.58324146e-02 1.28901444e-02 9.08185979e-04
3.63517120e-02 1.25603619e-02 9.01688653e-04
3.68710088e-02 1.33463792e-02 9.06468158e-04
3.73903051e-02 1.22646414e-02 8.63705857e-04
3.79096008e-02 1.18575486e-02 9.11619070e-04
3.84288959e-02 1.21252081e-02 8.73239736e-04
3.89481905e-02 1.29383663e-02 8.36906469e-04
3.94674844e-02 1.17158796e-02 7.99231220e-04
3.99867778e-02 1.00688701e-02 8.47879733e-04
4.05060705e-02 9.52883011e-03 8.47138805e-04
4.10253626e-02 1.08048053e-02 8.57995082e-04
4.15446540e-02 1.02734078e-02 8.55612979e-04
4.20639449e-02 1.05073476e-02 8.00687512e-04
4.25832350e-02 1.04212473e-02 8.25732113e-04
4.31025246e-02 9.92140619e-03 8.43669114e-04
4.36218134e-02 1.00711640e-02 7.85197096e-04
4.41411016e-02 1.00501852e-02 8.17210728e-04
4.46603891e-02 8.87139753e-03 8.04382665e-04
4.51796760e-02 8.72834842e-03 8.49709103e-04
4.56989621e-02 9.61768413e-03 8.25190518e-04
4.62182475e-02 1.04568956e-02 8.43213267e-04
4.67375323e-02 1.08057885e-02 8.19433863e-04
4.72568163e-02 1.08747823e-02 8.08127205e-04
4.77760995e-02 1.12130752e-02 8.25835810e-04
4.82953821e-02 8.31921074e-03 8.43658054e-04
4.88146639e-02 1.00788435e-02 7.80436755e-04
4.93339449e-02 9.51857052e-03 7.98916945e-04
4.98532252e-02 9.24259509e-03 8.12280567e-04
5.03725048e-02 9.86747135e-03 8.10203316e-04
5.08917835e-02 9.90827513e-03 7.98872191e-04
5.14110615e-02 8.84039905e-03 8.16382454e-04
5.19303387e-02 8.30204040e-03 8.11228061e-04
5.24496150e-02 7.54680859e-03 7.90085435e-04
5.29688906e-02 9.82377758e-03 7.74992920e-04
5.34881654e-02 8.26428666e-03 7.58784429e-04
5.40074393e-02 1.00960542e-02 7.69104707e-04
5.45267124e-02 8.04238467e-03 7.48728714e-04
5.50459847e-02 7.73426812e-03 7.65973934e-04
5.55652561e-02 6.82770185e-03 7.44627264e-04
5.60845267e-02 7.00993548e-03 7.50862386e-04
5.66037964e-02 7.66582448e-03 7.48456365e-04
5.71230652e-02 7.58122486e-03 7.10246558e-04
5.76423332e-02 8.33633619e-03 7.47881426e-04
5.81616003e-02 8.25560629e-03 7.49900842e-04
5.86808665e-02 7.62133521e-03 7.49937826e-04
5.92001317e-02 6.86173706e-03 7.18795277e-04
5.97193961e-02 6.87372858e-03 6.93682537e-04
6.02386596e-02 6.65238605e-03 7.41752353e-04
6.07579221e-02 8.31916013e-03 7.24487343e-04
6.12771837e-02 7.71037280e-03 7.64473018e-04
6.17964443e-02 6.39856499e-03 7.25208629e-04
6.23157040e-02 6.98119922e-03 7.30416121e-04
6.28349628e-02 6.21145633e-03 7.09540318e-04
6.33542206e-02 6.74093494e-03 6.79980801e-04
6.38734774e-02 5.98832439e-03 7.25997466e-04
6.43927332e-02 6.93101228e-03 7.28874218e-04
6.49119880e-02 6.33327120e-03 6.91267398e-04
6.54312419e-02 5.43143594e-03 7.15793198e-04
6.59504947e-02 5.59609525e-03 7.20033281e-04
6.64697465e-02 5.81928799e-03 7.55509810e-04
6.69889973e-02 6.10406206e-03 7.58137437e-04
6.75082471e-02 5.69609573e-03 6.95953592e-04
6.80274958e-02 6.04437335e-03 6.98615786e-04
6.85467435e-02 4.63422095e-03 6.80022828e-04
6.90659901e-02 4.77672730e-03 6.90739162e-04
6.95852357e-02 4.85910246e-03 6.82415785e-04
7.01044802e-02 4.30061509e-03 6.66270504e-04
7.06237236e-02 5.67348899e-03 6.81820248e-04
7.11429659e-02 5.49795461e-03 6.71218027e-04
7.16622072e-02 4.44341141e-03 6.71645199e-04
7.21814473e-02 4.22847450e-03 6.26297122e-04
7.27006863e-02 4.88982685e-03 6.40429988e-04
7.32199243e-02 3.97214421e-03 6.09931298e-04
7.37391611e-02 4.59138965e-03 6.28427101e-04
7.42583967e-02 5.59133109e-03 6.30326932e-04
7.47776312e-02 4.92190353e-03 6.16065675e-04
7.52968646e-02 3.04882003e-03 6.03878038e-04
7.58160968e-02 4.07120727e-03 5.94781171e-04
7.63353279e-02 4.36833611e-03 6.01475547e-04
7.68545577e-02 4.62843587e-03 5.90279730e-04
7.73737864e-02 4.31165786e-03 6.11582460e-04
7.78930139e-02 4.66971528e-03 5.97544317e-04
7.84122402e-02 4.07551957e-03 6.17828789e-04
7.89314653e-02 3.40768000e-03 6.03947173e-04
7.94506892e-02 3.60942301e-03 6.02658903e-04
7.99699119e-02 3.94286832e-03 5.89986690e-04
8.04891333e-02 4.54704903e-03 6.18934737e-04
8.10083535e-02 4.27705262e-03 5.91264059e-04
8.15275725e-02 4.70508303e-03 5.89733710e-04
8.20467902e-02 4.42606934e-03 5.84650892e-04
8.25660066e-02 2.56940320e-03 5.93170307e-04
8.30852218e-02 3.77082827e-03 5.81197498e-04
8.36044357e-02 3.86542909e-03 5.70204327e-04
8.41236483e-02 3.23853599e-03 5.62087824e-04
8.46428596e-02 3.60937407e-03 5.68215576e-04
8.51620696e-02 3.61108137e-03 5.60554464e-04
8.56812784e-02 3.64654401e-03 5.61074197e-04
8.62004858e-02 3.58186821e-03 5.79965806e-04
8.67196918e-02 2.92444731e-03 5.59730035e-04
8.72388966e-02 3.24513459e-03 5.52334974e-04
8.77581000e-02 3.30445314e-03 5.43953045e-04
8.82773020e-02 2.10909409e-03 5.18730908e-04
8.87965027e-02 2.74220148e-03 5.39438501e-04
8.93157020e-02 3.33430595e-03 5.41045311e-04
8.98349000e-02 3.01339358e-03 5.58845549e-04
9.03540966e-02 3.60717659e-03 5.34751787e-04
9.08732917e-02 2.28995496e-03 5.29492148e-04
9.13924855e-02 2.85969046e-03 5.42006001e-04
9.19116779e-02 2.02244714e-03 5.39410595e-04
9.24308689e-02 2.83301605e-03 5.50486073e-04
9.29500585e-02 2.51477939e-03 5.33606741e-04
9.34692466e-02 2.26800771e-03 5.25376929e-04
9.39884333e-02 3.16305291e-03 5.32786719e-04
9.45076185e-02 1.96525136e-03 5.25109337e-04
9.50268023e-02 2.28674014e-03 5.49050961e-04
9.55459846e-02 2.05389093e-03 5.50569244e-04
9.60651655e-02 2.52857914e-03 5.31403947e-04
9.65843449e-02 2.64993767e-03 5.40481996e-04
9.71035228e-02 2.12417402e-03 5.04139281e-04
9.76226992e-02 1.95927452e-03 5.12575376e-04
9.81418741e-02 2.60261472e-03 5.13670190e-04
9.86610475e-02 2.51057432e-03 5.00159826e-04
9.91802194e-02 1.80907697e-03 4.95866619e-04
9.96993898e-02 1.96322452e-03 5.11474533e-04
1.00218559e-01 1.67740576e-03 5.05659540e-04
1.00737726e-01 2.06528407e-03 4.99868902e-04
1.01256892e-01 1.49265353e-03 5.01816357e-04
1.01776056e-01 1.98611130e-03 4.91393503e-04
1.02295218e-01 2.28454068e-03 5.07162462e-04
1.02814380e-01 2.14004352e-03 5.06715714e-04
1.03333539e-01 1.96976054e-03 5.10742120e-04
1.03852697e-01 2.05740121e-03 4.92078077e-04
1.04371853e-01 1.88896976e-03 4.81102639e-04
1.04891008e-01 1.85189192e-03 4.89840517e-04
1.05410161e-01 1.90307928e-03 4.77646082e-04
1.05929312e-01 9.44668621e-04 4.83882152e-04
1.06448462e-01 1.78328144e-03 4.96434914e-04
1.06967610e-01 2.03516182e-03 4.91435888e-04
1.07486757e-01 1.61261339e-03 4.90005504e-04
1.08005902e-01 1.94502412e-03 4.97272060e-04
1.08525045e-01 1.17369416e-03 4.75566159e-04
1.09044187e-01 1.74178344e-03 4.67824906e-04
1.09563327e-01 1.69883578e-03 4.81287011e-04
1.10082465e-01 1.90488446e-03 4.90773483e-04
1.10601601e-01 1.32821638e-03 4.72279518e-04
1.11120736e-01 1.69901483e-03 4.82610906e-04
1.11639869e-01 1.72566214e-03 4.75621157e-04
1.12159001e-01 1.51651858e-03 4.69515374e-04
1.12678130e-01 1.16671739e-03 4.68799115e-04
1.13197258e-01 9.75963675e-04 4.78607787e-04
1.13716385e-01 1.21344411e-03 4.86081505e-04
1.14235509e-01 1.95707814e-03 4.70103856e-04
1.14754632e-01 1.66753813e-03 4.67698672e-04
1.15273753e-01 2.34834760e-03 4.79576061e-04
1.15792872e-01 1.29280278e-03 4.90698559e-04
1.16311989e-01 1.47532018e-03 4.79130703e-04
1.16831105e-01 1.61201834e-03 4.74513372e-04
1.17350219e-01 1.74489296e-03 4.75981914e-04
1.17869331e-01 8.90481349e-04 4.78746120e-04
1.18388441e-01 1.88663499e-03 4.68201455e-04
1.18907549e-01 6.71311194e-04 4.63975364e-04
1.19426656e-01 9.35157004e-04 4.60371165e-04
1.19945761e-01 1.12573727e-03 4.52673463e-04
1.20464864e-01 1.27622052e-03 4.62394717e-04
1.20983965e-01 1.78476957e-03 4.63797727e-04
1.21503064e-01 1.17076231e-03 4.62797189e-04
1.22022161e-01 1.04385086e-03 4.61132888e-04
1.22541256e-01 7.13221031e-04 4.43311687e-04
1.23060350e-01 1.11320351e-03 4.37958472e-04
1.23579442e-01 1.55242947e-03 4.43373356e-04
1.24098531e-01 7.75529001e-04 4.41505573e-04
1.24617619e-01 6.55628092e-04 4.40023910e-04
1.25136705e-01 1.40757850e-03 4.47604182e-04
1.25655789e-01 1.34450957e-03 4.42755980e-04
1.26174871e-01 1.07943512e-03 4.41486031e-04
1.26693952e-01 9.80284898e-04 4.45963820e-04
1.27213030e-01 7.76659945e-04 4.41693726e-04
1.27732106e-01 1.67674234e-03 4.41753716e-04
1.28251180e-01 5.92684602e-04 4.43033795e-04
1.28770253e-01 1.33622194e-03 4.37885630e-04
1.29289323e-01 6.32255842e-04 4.37746958e-04
1.29808391e-01 3.43625395e-04 4.33706735e-04
1.30327458e-01 1.25976188e-03 4.42808729e-04
1.30846522e-01 1.62085361e-03 4.41377687e-04
1.31365584e-01 9.87339858e-04 4.22953412e-04
1.31884645e-01 8.15598141e-04 4.26691411e-04
1.32403703e-01 7.45679188e-04 4.28057506e-04
1.32922759e-01 1.22254739e-03 4.27014915e-04
1.33441814e-01 1.16248237e-03 4.20260896e-04
1.33960866e-01 8.83914208e-04 4.27204626e-04
1.34479916e-01 8.81209669e-04 4.29264848e-04
1.34998964e-01 1.02432978e-03 4.26034973e-04
1.35518010e-01 1.35255079e-03 4.37305403e-04
1.36037054e-01 6.76976548e-04 4.14518900e-04
1.36556096e-01 3.23471070e-04 4.12901640e-04
1.37075135e-01 6.81409664e-04 4.11082287e-04
1.37594173e-01 4.77726269e-04 4.18477087e-04
1.38113208e-01 8.41504917e-04 4.10047054e-04
1.38632242e-01 9.02726633e-04 4.26644292e-04
1.39151273e-01 3.95939029e-04 4.27530374e-04
1.39670302e-01 1.06719249e-03 4.19521052e-04
1.40189329e-01 7.47997223e-04 4.23873311e-04
1.40708354e-01 6.53263709e-04 4.32798695e-04
1.41227377e-01 2.84277475e-04 4.27683129e-04
1.41746397e-01 6.55172063e-04 4.32148021e-04
1.42265415e-01 8.73960486e-04 4.26935844e-04
1.42784432e-01 5.78181376e-04 4.36152864e-04
1.43303446e-01 9.75703573e-05 4.23977433e-04
1.43822457e-01 4.38540464e-04 4.19422585e-04
1.44341467e-01 3.75889902e-04 4.12371829e-04
1.44860474e-01 4.12364713e-04 4.18270478e-04
1.45379479e-01 7.72354647e-04 4.04435070e-04
1.45898482e-01 1.31972309e-03 4.13203645e-04
1.46417483e-01 1.19054215e-03 4.10496927e-04
1.46936481e-01 1.22684693e-03 4.17194183e-04
1.47455477e-01 1.27704953e-04 4.04785110e-04
1.47974471e-01 -4.22128083e-04 3.95889812e-04
1.48493463e-01 3.51429097e-05 4.05504612e-04
1.49012452e-01 6.78660903e-04 4.01294034e-04
1.49531439e-01 5.90882906e-04 3.96145910e-04
1.50050424e-01 6.39776253e-04 3.90140798e-04
1.50569406e-01 7.65344554e-04 4.02129872e-04
1.51088386e-01 -3.14160634e-05 3.94205840e-04
1.51607364e-01 1.91513765e-04 3.91222693e-04
1.52126339e-01 6.33660815e-04 3.90861466e-04
1.52645312e-01 8.04153562e-04 3.89064146e-04
1.53164283e-01 4.70740278e-04 4.00661069e-04
1.53683251e-01 6.59753442e-04 4.04431023e-04
1.54202218e-01 8.28600549e-04 4.01192231e-04
1.54721181e-01 9.93529479e-05 3.95542926e-04
1.55240143e-01 6.38905314e-04 4.04208610e-04
1.55759101e-01 4.08123005e-04 4.09051721e-04
1.56278058e-01 1.37093678e-03 3.94791310e-04
1.56797012e-01 -4.19241927e-04 4.04267698e-04
1.57315964e-01 9.24690801e-04 4.09506037e-04
1.57834913e-01 1.30565683e-03 4.11491510e-04
1.58353860e-01 8.35773315e-04 4.03996005e-04
1.58872805e-01 2.57860115e-04 4.03988900e-04
1.59391747e-01 3.24646563e-04 4.02568458e-04
1.59910686e-01 2.26751214e-04 4.09425641e-04
1.60429623e-01 2.04362215e-04 4.07835089e-04
1.60948558e-01 -5.40329262e-05 4.07255247e-04
1.61467490e-01 3.82825235e-04 3.98204643e-04
1.61986420e-01 4.93770321e-04 3.97677322e-04
1.62505347e-01 2.05944364e-04 3.93628172e-04
1.63024272e-01 3.59995833e-04 3.94220532e-04
1.63543194e-01 4.31000070e-04 3.93327982e-04
1.64062114e-01 4.03625217e-04 3.92330309e-04
1.64581031e-01 6.90425714e-04 3.87167307e-04
1.65099945e-01 5.98190203e-05 3.83516495e-04
1.65618858e-01 1.53911143e-04 3.81088913e-04
1.66137767e-01 1.23157292e-03 3.88307602e-04
1.66656674e-01 1.57781393e-04 3.85841614e-04
1.67175579e-01 2.15922324e-04 3.87306258e-04
1.67694481e-01 7.19965165e-04 3.75498730e-04
1.68213380e-01 5.01168385e-05 3.77470781e-04
1.68732277e-01 1.33056350e-04 3.87368171e-04
1.69251171e-01 7.33701558e-04 3.86585995e-04
1.69770062e-01 5.69766711e-04 3.82511641e-04
1.70288951e-01 3.88115768e-04 3.86043952e-04
1.70807838e-01 5.42648515e-04 3.93002706e-04
1.71326721e-01 1.76394240e-04 3.76576658e-04
1.71845603e-01 5.77841234e-05 3.85758056e-04
1.72364481e-01 8.09473714e-05 3.77883344e-04
1.72883357e-01 4.54909114e-05 3.74852181e-04
1.73402230e-01 1.84072187e-04 3.88172129e-04
1.73921100e-01 3.01162225e-04 3.72991220e-04
1.74439968e-01 4.87481255e-04 3.83106013e-04
1.74958833e-01 3.80193000e-04 3.80351583e-04
1.75477696e-01 4.23023933e-05 3.83317313e-04
1.75996556e-01 -2.64326444e-04 3.76384392e-04
1.76515413e-01 -4.72261151e-05 3.77144002e-04
1.77034267e-01 -2.60435925e-05 3.78949867e-04
1.77553119e-01 -1.02106816e-04 3.74711438e-04
1.78071968e-01 5.05865271e-04 3.77847767e-04
1.78590814e-01 -3.13660580e-04 3.68782162e-04
1.79109657e-01 5.61368989e-04 3.74615148e-04
1.79628498e-01 6.81503132e-04 3.80027381e-04
1.80147336e-01 4.42301073e-04 3.67232224e-04
1.80666171e-01 8.30837916e-04 3.70896518e-04
1.81185003e-01 2.80821946e-04 3.52999470e-04
1.81703833e-01 1.93035651e-06 3.59046970e-04
1.82222660e-01 6.18909488e-04 3.65660930e-04
1.82741484e-01 2.51018870e-04 3.63480039e-04
1.83260305e-01 -4.83743391e-04 3.59127219e-04
1.83779124e-01 3.79898274e-04 3.55686113e-04
1.84297939e-01 5.86878809e-04 3.62728349e-04
1.84816752e-01 2.93783729e-04 3.49670876e-04
1.85335562e-01 2.13953602e-04 3.56751185e-04
1.85854369e-01 -4.83192904e-05 3.60754235e-04
1.86373173e-01 -4.46244309e-04 3.51410699e-04
1.86891975e-01 6.53096916e-05 3.53990599e-04
1.87410773e-01 3.10917512e-04 3.50240348e-04
1.87929569e-01 3.42820756e-04 3.47710184e-04
1.88448361e-01 -1.29638680e-04 3.51217542e-04
1.88967151e-01 5.04704426e-05 3.47987619e-04
1.89485938e-01 4.35566132e-04 3.55469618e-04
1.90004722e-01 2.73701975e-06 3.51328331e-04
1.90523503e-01 3.05053730e-04 3.51652480e-04
1.91042282e-01 1.00563097e-04 3.54624656e-04
1.91561057e-01 6.00892935e-04 3.51502996e-04
1.92079829e-01 5.23627255e-04 3.48503143e-04
1.92598599e-01 3.79525338e-06 3.45804479e-04
1.93117365e-01 4.59529472e-04 3.38376202e-04
1.93636128e-01 2.42345343e-04 3.45149244e-04
1.94154889e-01 2.02302634e-04 3.42458070e-04
1.94673646e-01 8.49646871e-05 3.35738053e-04
1.95192401e-01 6.88254388e-04 3.35510625e-04
1.95711153e-01 1.25622893e-04 3.37734289e-04
1.96229901e-01 1.86400752e-04 3.30784278e-04
1.96748647e-01 3.81517871e-04 3.34365937e-04
1.97267389e-01 8.72630895e-05 3.34133458e-04
1.97786129e-01 -3.17011792e-04 3.29746944e-04
1.98304865e-01 7.46643968e-04 3.39269666e-04
1.98823598e-01 1.36886019e-04 3.33656399e-04
1.99342329e-01 -7.29740534e-05 3.32833129e-04
1.99861056e-01 2.56014813e-04 3.28005447e-04
2.00379780e-01 8.64163112e-04 3.35566770e-04
2.00898501e-01 -4.79013724e-04 3.21561068e-04
2.01417219e-01 -5.95827933e-05 3.32952244e-04
2.01935934e-01 6.38260548e-04 3.36503023e-04
2.02454646e-01 -1.36718864e-05 3.20147599e-04
2.02973355e-01 3.75192790e-04 3.27087621e-04
2.03492061e-01 -5.24411533e-05 3.25807279e-04
2.04010763e-01 2.36810052e-04 3.22908299e-04
2.04529463e-01 1.74063848e-04 3.33323548e-04
2.05048159e-01 5.72840467e-05 3.21807950e-04
2.05566852e-01 5.68844756e-04 3.24589095e-04
2.06085542e-01 3.42374353e-04 3.21924058e-04
2.06604229e-01 -2.02005066e-04 3.20292756e-04
2.07122913e-01 1.58870171e-05 3.21489401e-04
2.07641593e-01 6.77373735e-04 3.23900795e-04
2.08160270e-01 -3.90639189e-04 3.16772708e-04
2.08678944e-01 3.58905519e-04 3.25643439e-04
2.09197615e-01 5.44857225e-05 3.13145830e-04
2.09716283e-01 9.15988428e-05 3.19009767e-04
2.10234947e-01 1.80250810e-04 3.13508704e-04
2.10753609e-01 9.51774068e-05 3.10863065e-04
2.11272267e-01 3.19610274e-04 3.09220598e-04
2.11790921e-01 6.05787685e-04 3.13986913e-04
2.12309573e-01 4.96545028e-04 3.17131970e-04
2.12828221e-01 3.68310662e-04 3.11174677e-04
2.13346866e-01 4.57438516e-04 3.14566096e-04
2.13865508e-01 2.66720346e-04 3.11035510e-04
2.14384146e-01 2.52375413e-04 3.15534080e-04
2.14902781e-01 -5.05673481e-05 3.10255557e-04
2.15421413e-01 2.51607804e-04 3.16180760e-04
2.15940042e-01 -3.35258251e-05 3.06709482e-04
2.16458667e-01 3.64701810e-04 3.17392804e-04
2.16977289e-01 1.50840797e-04 3.12049731e-04
2.17495907e-01 -1.15657743e-04 3.11321854e-04
2.18014523e-01 1.38546321e-04 3.14707844e-04
2.18533135e-01 -1.48732061e-04 3.09959813e-04
2.19051743e-01 3.32896667e-04 3.16235877e-04
2.19570348e-01 5.13115414e-04 3.09947218e-04
2.20088950e-01 8.85401943e-05 3.12082545e-04
2.20607549e-01 -1.92893015e-04 3.07971824e-04
2.21126144e-01 -7.53188601e-05 3.08039043e-04
2.21644735e-01 2.41045703e-04 3.07294202e-04
2.22163324e-01 -1.00850526e-04 2.99919559e-04
2.22681909e-01 5.26511312e-04 3.00712213e-04
2.23200490e-01 1.18022073e-04 3.01004001e-04
2.23719068e-01 -1.20148434e-04 3.03919137e-04
2.24237643e-01 -1.47408871e-05 3.03022713e-04
2.24756214e-01 8.64648882e-04 3.06248661e-04
2.25274781e-01 7.46324448e-05 3.02263861e-04
2.25793346e-01 1.10714467e-04 3.05201987e-04
2.26311907e-01 -3.10581238e-04 2.95602000e-04
2.26830464e-01 -2.57375802e-04 2.95487753e-04
2.27349018e-01 -5.83595160e-06 2.99861573e-04
2.27867568e-01 2.92541353e-04 2.97734436e-04
2.28386115e-01 2.73920836e-04 2.99760284e-04
2.28904658e-01 -7.27920474e-05 2.99625272e-04
2.29423198e-01 -7.75733027e-05 2.92174453e-04
2.29941734e-01 4.43545592e-04 3.05592616e-04
2.30460267e-01 1.82957285e-04 2.98352479e-04
2.30978797e-01 -1.35824518e-05 2.98209629e-04
2.31497322e-01 4.70092029e-05 3.00482516e-04
2.32015844e-01 -8.31000163e-06 2.96208013e-04
2.32534363e-01 2.47282240e-05 2.95797353e-04
2.33052878e-01 -3.62689928e-04 2.96575278e-04
2.33571390e-01 3.94404769e-05 2.87347043e-04
2.34089898e-01 -1.99306139e-04 2.88471534e-04
2.34608402e-01 2.12963702e-04 2.90097901e-04
2.35126903e-01 -2.92465544e-04 2.90506655e-04
2.35645400e-01 -4.70545075e-04 2.87859342e-04
2.36163893e-01 4.05880610e-04 2.86632706e-04
2.36682383e-01 6.05156016e-04 2.82488108e-04
2.37200869e-01 2.22872458e-04 2.91597848e-04
2.37719352e-01 -1.21603425e-04 2.91149339e-04
2.38237831e-01 -1.37547825e-04 2.90667285e-04
2.38756306e-01 2.92831159e-05 2.87266161e-04
2.39274778e-01 4.13644698e-04 2.89162392e-04
2.39793246e-01 2.84832403e-04 2.87086233e-04
2.40311710e-01 -1.51905507e-04 2.92650734e-04
2.40830171e-01 3.46447129e-04 2.88819249e-04
2.41348628e-01 1.09796466e-05 2.87879682e-04
2.41867081e-01 -2.24659073e-05 2.87828233e-04
2.42385531e-01 -5.94645911e-05 2.77226044e-04
2.42903976e-01 4.73947424e-04 2.92211921e-04
2.43422418e-01 2.03592510e-05 2.83021617e-04
2.43940857e-01 1.36680369e-04 2.80910990e-04
2.44459291e-01 -9.15158069e-05 2.82097157e-04
2.44977722e-01 1.05480062e-05 2.80931040e-04
2.45496149e-01 5.13105521e-04 2.82825566e-04
2.46014573e-01 6.36290342e-05 2.75102481e-04
2.46532992e-01 -7.74162478e-05 2.78617383e-04
2.47051408e-01 -9.13002700e-05 2.72192570e-04
2.47569820e-01 8.27993923e-05 2.81691208e-04
2.48088228e-01 1.51091654e-04 2.78940659e-04
2.48606633e-01 -4.63732509e-04 2.70250943e-04
2.49125033e-01 3.72849754e-04 2.80103785e-04
2.49643430e-01 2.83256800e-04 2.80628509e-04
2.50161823e-01 5.49539680e-04 2.80558306e-04
2.50680212e-01 5.63328082e-04 2.79726551e-04
2.51198598e-01 5.08243872e-04 2.74587831e-04
2.51716979e-01 -5.05541152e-04 2.73835065e-04
2.52235357e-01 2.81113075e-04 2.79279108e-04
2.52753730e-01 1.86468258e-04 2.84592114e-04
2.53272100e-01 1.44020565e-04 2.79648476e-04
2.53790466e-01 -5.65673468e-05 2.71230815e-04
2.54308828e-01 -4.39653763e-04 2.73355830e-04
2.54827186e-01 2.04715204e-04 2.79467770e-04
2.55345541e-01 -2.00291711e-04 2.74202017e-04
2.55863891e-01 1.15143296e-04 2.76621007e-04
2.56382237e-01 5.17874801e-05 2.77366687e-04
2.56900580e-01 8.86794893e-05 2.73023324e-04
2.57418919e-01 1.77189887e-04 2.73082954e-04
2.57937253e-01 -4.21773355e-04 2.73340072e-04
2.58455584e-01 -4.19178330e-05 2.71602582e-04
2.58973911e-01 2.14678540e-04 2.68175391e-04
2.59492233e-01 2.25336309e-04 2.66763289e-04
2.60010552e-01 -6.38604915e-05 2.63460670e-04
2.60528867e-01 3.18604292e-04 2.67824480e-04
2.61047178e-01 1.88367791e-04 2.73154695e-04
2.61565484e-01 -2.64011097e-04 2.69771148e-04
2.62083787e-01 -3.78120617e-04 2.67982670e-04
2.62602086e-01 -8.08267543e-05 2.66002526e-04
2.63120381e-01 -6.65050908e-05 2.71011246e-04
2.63638671e-01 2.32875182e-04 2.70884026e-04
2.64156958e-01 1.29353910e-04 2.67524997e-04
2.64675241e-01 7.43228335e-04 2.71895232e-04
2.65193519e-01 3.36975850e-04 2.69533211e-04
2.65711794e-01 -2.22231407e-04 2.72309426e-04
2.66230064e-01 1.50098081e-04 2.72364922e-04
2.66748330e-01 -1.20957332e-04 2.69761727e-04
2.67266593e-01 -2.35426982e-04 2.75335633e-04
2.67784851e-01 6.84715026e-06 2.75755884e-04
2.68303105e-01 -7.79346281e-05 2.80488113e-04
2.68821355e-01 -2.66525855e-05 2.72317995e-04
2.69339601e-01 2.09621521e-06 2.79688868e-04
2.69857842e-01 4.61664139e-05 2.74437008e-04
2.70376080e-01 7.57445061e-04 2.64954574e-04
2.70894314e-01 3.12699850e-04 2.73188422e-04
2.71412543e-01 -3.62655001e-04 2.71626895e-04
2.71930768e-01 -3.10270057e-04 2.72963277e-04
2.72448989e-01 7.09247724e-05 2.65474348e-04
2.72967206e-01 7.17190355e-05 2.69219142e-04
2.73485418e-01 -4.16168161e-04 2.63087672e-04
2.74003627e-01 8.03358207e-05 2.68547091e-04
2.74521831e-01 -3.80772670e-05 2.66268250e-04
2.75040031e-01 1.84283824e-04 2.66490183e-04
2.75558227e-01 -2.48883811e-04 2.63870684e-04
2.76076418e-01 6.03236711e-04 2.62742960e-04
2.76594606e-01 1.78829022e-04 2.59621425e-04
2.77112789e-01 -1.02987906e-04 2.61038625e-04
2.77630968e-01 1.51706738e-04 2.61210656e-04
2.78149142e-01 3.55016737e-05 2.61182009e-04
2.78667313e-01 2.48811332e-04 2.58756293e-04
2.79185479e-01 1.01024724e-04 2.66679661e-04
2.79703640e-01 1.72224362e-04 2.64646205e-04
2.80221798e-01 -1.24829618e-06 2.61139439e-04
2.80739951e-01 7.10958542e-05 2.71248657e-04
2.81258100e-01 -1.26710808e-04 2.67963114e-04
2.81776245e-01 3.25616162e-04 2.68500397e-04
2.82294385e-01 4.09648540e-04 2.65322927e-04
2.82812521e-01 -3.68123765e-04 2.62301762e-04
2.83330653e-01 2.19125873e-05 2.62062254e-04
2.83848780e-01 -7.15730167e-05 2.58302180e-04
2.84366903e-01 1.67209748e-04 2.61877256e-04
2.84885022e-01 1.85353204e-04 2.67673232e-04
2.85403136e-01 -6.40094143e-05 2.62491280e-04
2.85921246e-01 1.00943297e-04 2.61514743e-04
2.86439351e-01 4.25098096e-05 2.65864121e-04
2.86957452e-01 -3.92971327e-04 2.68392879e-04
2.87475549e-01 -1.79731975e-04 2.61813403e-04
2.87993641e-01 -8.33726973e-05 2.63130821e-04
2.88511729e-01 2.60064443e-04 2.58030207e-04
2.89029813e-01 4.80582966e-05 2.65293335e-04
2.89547892e-01 -1.34239995e-04 2.63499204e-04
2.90065967e-01 1.28087660e-04 2.58245830e-04
2.90584037e-01 1.59797398e-04 2.59943519e-04
2.91102103e-01 2.27815162e-04 2.58480184e-04
2.91620164e-01 -1.06309803e-04 2.56669568e-04
2.92138221e-01 -7.02576330e-05 2.62458903e-04
2.92656273e-01 2.65779858e-04 2.55674189e-04
2.93174321e-01 1.56953719e-04 2.59880067e-04
2.93692364e-01 2.95293582e-04 2.59081563e-04
2.94210403e-01 7.83994981e-05 2.55741581e-04
2.94728437e-01 -4.37311644e-05 2.57567094e-04
2.95246467e-01 3.24346200e-04 2.49778050e-04
2.95764493e-01 1.44497328e-04 2.56832099e-04
2.96282514e-01 6.17203398e-05 2.51477694e-04
2.96800530e-01 1.77337550e-05 2.51181085e-04
2.97318542e-01 4.93481745e-04 2.51048229e-04
2.97836549e-01 5.04198073e-04 2.54375889e-04
2.98354551e-01 -5.74482560e-05 2.52072937e-04
2.98872549e-01 9.50187568e-05 2.48225534e-04
2.99390543e-01 3.33067777e-05 2.49298704e-04
2.99908532e-01 2.18825743e-04 2.50327211e-04
3.00426516e-01 6.35790795e-04 2.48729184e-04
3.00944496e-01 -1.61710589e-04 2.47148049e-04
3.01462471e-01 -1.06069534e-04 2.45419555e-04
3.01980441e-01 -2.32897437e-04 2.49070478e-04
3.02498407e-01 -1.77326033e-04 2.44824789e-04
3.03016368e-01 -6.69413353e-05 2.46091967e-04
3.03534325e-01 -4.38777916e-04 2.45888284e-04
3.04052277e-01 -2.03280258e-04 2.46792239e-04
3.04570224e-01 -2.11582527e-04 2.48390844e-04
3.05088167e-01 3.01775512e-04 2.48415418e-04
3.05606105e-01 3.36664387e-05 2.45541183e-04
3.06124038e-01 1.45836519e-05 2.44255612e-04
3.06641967e-01 6.01886409e-05 2.44608836e-04
3.07159891e-01 1.56680018e-04 2.42404807e-04
3.07677810e-01 1.13859859e-04 2.38364305e-04
3.08195724e-01 2.11278215e-05 2.40471124e-04
3.08713634e-01 2.05655594e-04 2.37178399e-04
3.09231539e-01 9.78660894e-06 2.41984872e-04
3.09749440e-01 1.94228199e-04 2.35884545e-04
3.10267335e-01 1.52939220e-04 2.39491421e-04
3.10785226e-01 1.63385887e-04 2.45163354e-04
3.11303112e-01 1.66447964e-04 2.42896762e-04
3.11820993e-01 -2.85650329e-05 2.40248789e-04
3.12338870e-01 1.80127082e-04 2.38053158e-04
3.12856742e-01 -4.29875105e-05 2.38352073e-04
3.13374609e-01 1.79303765e-04 2.41265212e-04
3.13892471e-01 2.35867625e-05 2.41302085e-04
3.14410328e-01 1.62378357e-04 2.39363639e-04
3.14928181e-01 2.61619250e-04 2.36285346e-04
3.15446029e-01 2.11226316e-04 2.37391727e-04
3.15963871e-01 -2.32526641e-04 2.40019436e-04
3.16481710e-01 -2.86491053e-04 2.31513501e-04
3.16999543e-01 -6.08740294e-05 2.37685496e-04
3.17517371e-01 -5.08166768e-05 2.32778237e-04
3.18035195e-01 6.87439834e-06 2.35142647e-04
3.18553013e-01 -2.17291489e-04 2.32849094e-04
3.19070827e-01 -1.81046702e-05 2.32232150e-04
3.19588636e-01 -3.28960885e-05 2.39883691e-04
3.20106440e-01 1.55417913e-04 2.31182691e-04
3.20624239e-01 3.24105511e-04 2.36556341e-04
3.21142033e-01 2.20658874e-04 2.34452894e-04
3.21659823e-01 -9.47652621e-05 2.28520589e-04
3.22177607e-01 5.98883727e-04 2.35396442e-04
3.22695387e-01 4.20252370e-05 2.32071229e-04
3.23213161e-01 -7.47761426e-05 2.31724383e-04
3.23730931e-01 -3.17791747e-04 2.33518059e-04
3.24248695e-01 5.39738929e-04 2.33783534e-04
3.24766455e-01 4.60464254e-04 2.31186833e-04
3.25284210e-01 7.88212083e-05 2.27099818e-04
3.25801959e-01 4.18484101e-04 2.34410088e-04
3.26319704e-01 -1.92323940e-04 2.29203284e-04
3.26837444e-01 1.45962983e-04 2.38018384e-04
3.27355179e-01 7.87780032e-05 2.27699134e-04
3.27872908e-01 8.43580689e-05 2.34562802e-04
3.28390633e-01 1.27968594e-04 2.35083367e-04
3.28908353e-01 1.45916109e-04 2.32550521e-04
3.29426067e-01 1.13063700e-05 2.32425670e-04
3.29943777e-01 1.14356238e-04 2.29670710e-04
3.30461482e-01 2.52113184e-04 2.31294768e-04
3.30979181e-01 -3.20764821e-04 2.25158737e-04
3.31496876e-01 -6.33656182e-05 2.27057368e-04
3.32014565e-01 1.02943095e-04 2.26796053e-04
3.32532249e-01 -2.33401738e-04 2.25331225e-04
3.33049928e-01 -7.07634875e-05 2.28863676e-04
3.33567603e-01 3.73997101e-04 2.28404538e-04
3.34085272e-01 -6.98075012e-05 2.25475071e-04
3.34602936e-01 6.46535007e-05 2.31550287e-04
3.35120594e-01 1.02407154e-04 2.25614577e-04
3.35638248e-01 -1.77092563e-04 2.21996076e-04
3.36155897e-01 -6.02421646e-05 2.28725982e-04
3.36673540e-01 2.71044224e-04 2.25186834e-04
3.37191178e-01 -2.92425120e-04 2.26159756e-04
3.37708811e-01 2.61342818e-04 2.23959427e-04
3.38226439e-01 -4.21974915e-06 2.24584930e-04
3.38744062e-01 2.25110910e-04 2.23063594e-04
3.39261680e-01 2.61285924e-04 2.23716354e-04
3.39779292e-01 6.89994419e-05 2.25802388e-04
3.40296899e-01 -1.35036716e-04 2.17353061e-04
3.40814501e-01 3.67929361e-04 2.25910888e-04
3.41332098e-01 -1.59114302e-04 2.24277881e-04
3.41849690e-01 -2.12204772e-04 2.22477096e-04
3.42367276e-01 3.55690393e-04 2.23026764e-04
3.42884857e-01 1.07694144e-04 2.21193661e-04
3.43402433e-01 2.15549066e-04 2.19808378e-04
3.43920004e-01 1.04564496e-04 2.19866697e-04
3.44437569e-01 8.77929609e-05 2.18908848e-04
3.44955129e-01 -9.06604847e-06 2.17169874e-04
3.45472684e-01 1.56926287e-04 2.17247205e-04
3.45990233e-01 3.89355383e-04 2.21444569e-04
3.46507778e-01 1.22434049e-05 2.17078205e-04
3.47025317e-01 -1.56447804e-04 2.21867503e-04
3.47542850e-01 2.01104729e-05 2.17584538e-04
3.48060379e-01 2.14721966e-04 2.17466536e-04
3.48577902e-01 3.69029206e-04 2.18867079e-04
3.49095419e-01 1.23610973e-04 2.20183855e-04
3.49612932e-01 1.18083764e-04 2.19417567e-04
3.50130439e-01 1.77355795e-04 2.17121180e-04
3.50647940e-01 -2.20878058e-04 2.17683990e-04
3.51165437e-01 2.45685873e-04 2.14733692e-04
3.51682928e-01 -6.61450069e-05 2.19531475e-04
3.52200413e-01 -2.26024240e-04 2.21146566e-04
3.52717893e-01 2.70338289e-05 2.14728994e-04
3.53235368e-01 -2.28179714e-04 2.15952437e-04
3.53752837e-01 -8.96957166e-05 2.15405873e-04
3.54270301e-01 5.01266537e-05 2.15370260e-04
3.54787760e-01 2.57841463e-04 2.17817475e-04
3.55305213e-01 -2.16033705e-04 2.14369869e-04
3.55822661e-01 -1.52837451e-04 2.15872567e-04
3.56340103e-01 -4.60771839e-04 2.07423990e-04
3.56857540e-01 2.16539121e-04 2.12594562e-04
3.57374971e-01 -1.16691368e-04 2.11929319e-04
3.57892397e-01 1.90631139e-04 2.13412670e-04
3.58409818e-01 9.36662066e-05 2.11899866e-04
3.58927232e-01 6.20297557e-05 2.09281973e-04
3.59444642e-01 -2.37873347e-04 2.12372514e-04
3.59962046e-01 7.38183649e-05 2.11263176e-04
3.60479444e-01 -2.71296624e-04 2.14951745e-04
3.60996837e-01 1.77923504e-04 2.12821924e-04
3.61514225e-01 9.27489380e-05 2.08584722e-04
3.62031607e-01 5.65844437e-06 2.12170229e-04
3.62548983e-01 3.72224537e-04 2.08152900e-04
3.63066354e-01 1.47633661e-04 2.10458760e-04
3.63583719e-01 1.68926716e-04 2.11289811e-04
3.64101079e-01 -3.40855076e-04 2.10101380e-04
3.64618433e-01 -1.70942631e-04 2.08435960e-04
3.65135782e-01 3.00046518e-05 2.12693291e-04
3.65653125e-01 2.07464815e-05 2.07670423e-04
3.66170462e-01 2.76381323e-04 2.11222398e-04
3.66687794e-01 -4.33793515e-05 2.08114472e-04
3.67205121e-01 1.60378148e-04 2.11551889e-04
3.67722441e-01 2.58739001e-04 2.03906401e-04
3.68239756e-01 4.03823996e-04 2.08142759e-04
3.68757066e-01 1.54084890e-04 2.06193478e-04
3.69274369e-01 -5.28438393e-04 2.02988035e-04
3.69791668e-01 -2.91125576e-04 2.03382873e-04
3.70308960e-01 -2.91861048e-05 2.03975687e-04
3.70826247e-01 -1.65853406e-04 2.04295788e-04
3.71343528e-01 4.72928635e-05 2.06120780e-04
3.71860803e-01 -1.30263474e-04 2.08787610e-04
3.72378073e-01 1.05325031e-04 2.08834024e-04
3.72895337e-01 2.24654220e-04 2.10954943e-04
3.73412596e-01 2.98339788e-04 2.11959372e-04
3.73929849e-01 4.69182862e-04 2.14365229e-04
3.74447096e-01 2.64572206e-04 2.12286825e-04
3.74964337e-01 -8.51763533e-05 2.13022949e-04
3.75481572e-01 -4.41325956e-05 2.15179572e-04
3.75998802e-01 1.72316964e-04 2.17389488e-04
3.76516026e-01 -5.88681480e-05 2.14088221e-04
3.77033245e-01 -2.74866614e-04 2.14007257e-04
3.77550457e-01 -2.93665177e-04 2.13757298e-04
3.78067664e-01 -1.62336945e-04 2.15591731e-04
3.78584865e-01 1.47104644e-04 2.19803759e-04
3.79102060e-01 -1.86420447e-05 2.18664614e-04
3.79619250e-01 1.04902868e-05 2.20605604e-04
3.80136433e-01 -9.55757791e-05 2.16456906e-04
3.80653611e-01 2.88945280e-04 2.22754441e-04
3.81170783e-01 2.20141079e-04 2.20710029e-04
3.81687950e-01 2.30974074e-04 2.17544424e-04
3.82205110e-01 -4.20298416e-06 2.12958676e-04
3.82722265e-01 3.54715076e-04 2.11437738e-04
3.83239413e-01 3.07504617e-04 2.14831564e-04
3.83756556e-01 3.09523025e-05 2.14298121e-04
3.84273693e-01 9.69460279e-05 2.13064306e-04
3.84790824e-01 -7.92365415e-05 2.13347673e-04
3.85307950e-01 1.56150382e-04 2.14707452e-04
3.85825069e-01 -3.42137324e-05 2.16996913e-04
3.86342183e-01 -8.28474675e-06 2.15912032e-04
3.86859290e-01 -1.50337075e-05 2.18139548e-04
3.87376392e-01 3.12002223e-04 2.15393495e-04
3.87893488e-01 1.26065951e-04 2.14395586e-04
3.88410577e-01 1.83633028e-04 2.16453815e-04
3.88927661e-01 9.24589729e-06 2.17066399e-04
3.89444739e-01 1.04746739e-04 2.19114062e-04
3.89961811e-01 1.74733854e-04 2.18195586e-04
3.90478878e-01 1.39278941e-04 2.16876697e-04
3.90995938e-01 1.61800668e-04 2.15696007e-04
3.91512992e-01 1.81752312e-06 2.16992718e-04
3.92030040e-01 -2.98322657e-04 2.17898896e-04
3.92547082e-01 -3.06363860e-04 2.18273705e-04
3.93064118e-01 9.37337470e-05 2.19686913e-04
3.93581149e-01 1.64346595e-04 2.19599983e-04
3.94098173e-01 3.44014580e-04 2.19891799e-04
3.94615191e-01 1.48995705e-04 2.19546710e-04
3.95132203e-01 -1.59966022e-04 2.21849881e-04
3.95649209e-01 -1.50585430e-04 2.22799064e-04
3.96166209e-01 -1.77974420e-05 2.22424558e-04
3.96683203e-01 -6.79139288e-05 2.28518605e-04
3.97200191e-01 -2.95815359e-04 2.25073958e-04
3.97717173e-01 -4.82318649e-05 2.24935212e-04
3.98234149e-01 -1.04139700e-04 2.23306767e-04
3.98751119e-01 1.62949170e-04 2.27013297e-04
3.99268083e-01 -9.99191219e-05 2.25814508e-04
3.99785040e-01 6.83220715e-05 2.27807640e-04
4.00301992e-01 7.90711176e-05 2.28747840e-04
4.00818937e-01 -6.39018890e-05 2.27519059e-04
4.01335876e-01 -1.21950050e-04 2.31614544e-04
4.01852810e-01 -1.58891724e-04 2.23962642e-04
4.02369737e-01 9.26638204e-05 2.59975859e-04
4.02886658e-01 -2.44932802e-04 2.78345532e-04
4.03403572e-01 4.73962504e-04 2.91657751e-04
4.03920481e-01 2.15206437e-04 3.09283679e-04
4.04437383e-01 2.26487247e-04 3.16017078e-04
4.04954280e-01 -1.93248130e-04 3.28785987e-04
4.05471170e-01 4.33144892e-04 3.57526949e-04
4.05988054e-01 6.56591311e-05 4.08921900e-04
4.06504931e-01 7.23737888e-04 4.61412128e-04
4.07021803e-01 8.79710968e-04 5.59322306e-04
4.07538668e-01 3.46191590e-03 4.58647481e-03
