7.27043000e-03 5.33026537e-03 1.53168927e-02
7.78974585e-03 7.89621593e-04 1.00197072e-02
8.30906158e-03 8.99356189e-04 7.80740146e-03
8.82837719e-03 2.66476185e-03 5.32989666e-03
9.34769265e-03 5.28381474e-03 3.66873862e-03
9.86700798e-03 -3.08887475e-04 2.95334555e-03
1.03863231e-02 -2.50897990e-03 2.28442675e-03
1.09056382e-02 7.31906694e-05 1.94717223e-03
1.14249530e-02 1.13861209e-03 1.98061580e-03
1.19442677e-02 -1.54624601e-03 1.60023425e-03
1.24635822e-02 1.03700680e-03 1.66755679e-03
1.29828965e-02 1.17107260e-03 1.41803249e-03
1.35022105e-02 6.13448995e-04 1.45692652e-03
1.40215244e-02 6.73715218e-04 1.44047918e-03
1.45408381e-02 -4.73069075e-04 1.46554698e-03
1.50601516e-02 -7.43665460e-05 1.41938420e-03
1.55794648e-02 1.24172158e-03 1.45087915e-03
1.60987777e-02 -1.27165945e-03 1.30772838e-03
1.66180905e-02 7.07259151e-04 1.31528930e-03
1.71374029e-02 2.79767410e-04 1.19962434e-03
1.76567152e-02 1.38756003e-03 1.22168510e-03
1.81760271e-02 3.29016189e-03 1.21408781e-03
1.86953388e-02 2.25995743e-03 1.22242314e-03
1.92146501e-02 5.10427983e-04 1.20919335e-03
1.97339612e-02 1.44414841e-03 1.18417181e-03
2.02532720e-02 -9.29868125e-04 1.14270680e-03
2.07725824e-02 2.25599262e-04 1.14660340e-03
2.12918926e-02 1.17505075e-03 1.13940543e-03
2.18112024e-02 3.48696394e-04 1.11306083e-03
2.23305119e-02 5.76582602e-04 1.10089221e-03
2.28498210e-02 8.80463614e-04 1.08665123e-03
2.33691298e-02 7.82109937e-04 9.84240327e-04
2.38884382e-02 1.39032384e-03 9.93722639e-04
2.44077463e-02 2.36332056e-03 1.00825814e-03
2.49270540e-02 4.34220541e-04 9.97732325e-04
2.54463613e-02 4.28529743e-04 9.92550363e-04
2.59656682e-02 4.14051018e-04 9.37344473e-04
2.64849747e-02 4.04098255e-04 9.98388600e-04
2.70042808e-02 -4.62962155e-04 9.22646637e-04
2.75235865e-02 9.49055910e-04 9.50138709e-04
2.80428918e-02 1.50935376e-03 1.01533152e-03
2.85621966e-02 2.98284165e-04 9.33142185e-04
2.90815010e-02 8.80816598e-04 8.85550407e-04
2.96008049e-02 1.79769157e-03 9.48961795e-04
3.01201084e-02 8.12303235e-04 9.47518236e-04
3.06394115e-02 1.27719704e-03 9.68524777e-04
3.11587140e-02 2.56874354e-05 8.46731466e-04
3.16780161e-02 -8.40356370e-04 9.09902085e-04
3.21973177e-02 1.13688420e-03 8.88205623e-04
3.27166188e-02 1.16277311e-03 8.93713824e-04
3.32359194e-02 1.07080917e-03 8.52130027e-04
3.37552195e-02 -1.54967643e-04 8.67338090e-04
3.42745190e-02 1.22919690e-03 8.49023782e-04
3.47938181e-02 2.73944761e-04 8.24297646e-04
3.53131166e-02 1.20784890e-03 8.74040576e-04
3.58324146e-02 2.02183550e-03 8.04891450e-04
3.63517120e-02 1.70433542e-03 8.45199840e-04
3.68710088e-02 7.30752905e-04 8.23378030e-04
3.73903051e-02 7.77638811e-04 7.63790863e-04
3.79096008e-02 1.06426176e-03 7.80283027e-04
3.84288959e-02 1.75231306e-03 8.47990605e-04
3.89481905e-02 7.17440849e-04 7.88658346e-04
3.94674844e-02 1.20625840e-03 7.75423816e-04
3.99867778e-02 1.41177409e-03 7.78746005e-04
4.05060705e-02 -9.07685187e-05 8.17438787e-04
4.10253626e-02 6.15376970e-04 8.11554152e-04
4.15446540e-02 1.42277729e-03 7.70877710e-04
4.20639449e-02 1.82767765e-03 7.86473082e-04
4.25832350e-02 4.77494342e-04 7.42492573e-04
4.31025246e-02 -1.50921049e-05 7.83927238e-04
4.36218134e-02 1.00302142e-03 7.65166606e-04
4.41411016e-02 5.10450995e-04 7.85149396e-04
4.46603891e-02 1.22123539e-03 8.08540555e-04
4.51796760e-02 -1.19459755e-06 7.78910221e-04
4.56989621e-02 7.30716948e-04 7.91910093e-04
4.62182475e-02 5.69252828e-04 7.69495596e-04
4.67375323e-02 1.34090247e-03 7.80009650e-04
4.72568163e-02 -3.40574507e-04 7.40760357e-04
4.77760995e-02 2.05174337e-03 7.78907359e-04
4.82953821e-02 4.89978172e-04 7.87586466e-04
4.88146639e-02 1.52821063e-04 7.60383964e-04
4.93339449e-02 1.17014159e-03 7.82276488e-04
4.98532252e-02 -1.90195227e-04 7.59101597e-04
5.03725048e-02 5.00073423e-05 7.75144968e-04
5.08917835e-02 -3.65622234e-04 7.11989016e-04
5.14110615e-02 5.18670639e-04 7.24508913e-04
5.19303387e-02 4.04169153e-05 7.63558679e-04
5.24496150e-02 4.86361551e-04 7.28284363e-04
5.29688906e-02 9.50266812e-04 7.45412523e-04
5.34881654e-02 1.28006455e-03 7.40776016e-04
5.40074393e-02 3.88005259e-04 7.46294930e-04
5.45267124e-02 1.51551674e-03 7.42621043e-04
5.50459847e-02 1.53363637e-04 7.00003209e-04
5.55652561e-02 2.42762603e-03 7.10101685e-04
5.60845267e-02 2.41759729e-03 6.79052032e-04
5.66037964e-02 2.25593155e-03 7.35089751e-04
5.71230652e-02 1.22543929e-03 7.06484914e-04
5.76423332e-02 1.34032844e-03 6.91344158e-04
5.81616003e-02 1.52405475e-03 6.83576483e-04
5.86808665e-02 -1.09653355e-03 7.11299454e-04
5.92001317e-02 9.53485693e-04 6.84843053e-04
5.97193961e-02 1.50407977e-03 7.18889444e-04
6.02386596e-02 9.39975607e-04 6.91991853e-04
6.07579221e-02 1.14053806e-03 6.85483559e-04
6.12771837e-02 5.46693091e-05 6.94306494e-04
6.17964443e-02 7.38594678e-04 6.99887895e-04
6.23157040e-02 3.59975246e-04 6.79148521e-04
6.28349628e-02 5.28519660e-04 6.69621334e-04
6.33542206e-02 9.78758729e-04 6.97912107e-04
6.38734774e-02 2.88824590e-04 6.85935239e-04
6.43927332e-02 8.31791994e-04 7.03920910e-04
6.49119880e-02 1.18124459e-04 7.00527465e-04
6.54312419e-02 1.11698557e-03 7.06744242e-04
6.59504947e-02 3.75169804e-04 6.78663152e-04
6.64697465e-02 -1.53736128e-04 6.88892635e-04
6.69889973e-02 2.04057092e-03 6.95676883e-04
6.75082471e-02 2.12933919e-04 6.57165144e-04
6.80274958e-02 7.63402632e-04 6.46419659e-04
6.85467435e-02 1.34046600e-06 6.51567569e-04
6.90659901e-02 2.32494573e-04 6.75132580e-04
6.95852357e-02 6.94800170e-04 6.30402239e-04
7.01044802e-02 -2.36334658e-04 6.69710494e-04
7.06237236e-02 -1.09737136e-03 6.32637859e-04
7.11429659e-02 -1.16674907e-04 6.40269113e-04
7.16622072e-02 -5.43361205e-05 6.40219310e-04
7.21814473e-02 2.12003372e-04 6.31578676e-04
7.27006863e-02 5.61567382e-04 6.21599224e-04
7.32199243e-02 5.20351781e-04 6.32848303e-04
7.37391611e-02 9.51192726e-04 6.00732555e-04
7.42583967e-02 1.46951071e-03 6.07468225e-04
7.47776312e-02 9.18864261e-04 6.20406130e-04
7.52968646e-02 8.36103192e-04 5.97971512e-04
7.58160968e-02 -1.57372043e-04 5.88626394e-04
7.63353279e-02 -3.84788781e-04 5.69915273e-04
7.68545577e-02 1.00238558e-03 5.87055935e-04
7.73737864e-02 1.59998907e-03 5.87996729e-04
7.78930139e-02 9.21072960e-04 5.80357442e-04
7.84122402e-02 -4.18195910e-04 5.78606488e-04
7.89314653e-02 6.31987926e-04 5.96719425e-04
7.94506892e-02 7.79904828e-04 5.81644669e-04
7.99699119e-02 8.33863464e-04 5.80426863e-04
8.04891333e-02 2.52620548e-04 6.04020178e-04
8.10083535e-02 4.05448538e-04 5.74747011e-04
8.15275725e-02 6.97359083e-04 5.58046707e-04
8.20467902e-02 1.44946059e-03 5.73545146e-04
8.25660066e-02 1.21431575e-03 5.62956419e-04
8.30852218e-02 -1.83254328e-04 5.56562130e-04
8.36044357e-02 -1.24193739e-04 5.44435043e-04
8.41236483e-02 7.39324724e-04 5.74893271e-04
8.46428596e-02 1.24280370e-04 5.55793628e-04
8.51620696e-02 -1.08481984e-04 5.47904890e-04
8.56812784e-02 -3.04686694e-04 5.30819510e-04
8.62004858e-02 4.55606599e-04 5.19050056e-04
8.67196918e-02 8.09564987e-04 5.45196842e-04
8.72388966e-02 -4.26378280e-04 5.48986839e-04
8.77581000e-02 -2.80166811e-04 5.39118502e-04
8.82773020e-02 -5.88155283e-04 5.28326734e-04
8.87965027e-02 1.65903159e-05 5.23392206e-04
8.93157020e-02 9.98350592e-04 5.39648716e-04
8.98349000e-02 7.67804222e-05 5.38722696e-04
9.03540966e-02 2.97107356e-04 5.36273229e-04
9.08732917e-02 1.04890591e-03 5.31726290e-04
9.13924855e-02 1.10642886e-03 5.31129202e-04
9.19116779e-02 4.73159230e-04 5.38471511e-04
9.24308689e-02 5.01392292e-04 5.20856081e-04
9.29500585e-02 -7.58104760e-05 5.19407649e-04
9.34692466e-02 6.24511574e-04 5.19838806e-04
9.39884333e-02 1.87460277e-04 5.22676684e-04
9.45076185e-02 -5.46053425e-04 5.23143114e-04
9.50268023e-02 4.04692417e-04 5.20054158e-04
9.55459846e-02 6.33984018e-04 5.35319939e-04
9.60651655e-02 -7.74397617e-04 5.13074908e-04
9.65843449e-02 4.64097287e-05 5.27523244e-04
9.71035228e-02 -3.70015185e-04 4.96875570e-04
9.76226992e-02 -2.75071347e-04 5.01062966e-04
9.81418741e-02 1.83365714e-04 4.92124239e-04
9.86610475e-02 6.49595842e-04 5.07311211e-04
9.91802194e-02 4.04277827e-04 4.95991065e-04
9.96993898e-02 -2.85250424e-04 4.84299663e-04
1.00218559e-01 5.05951918e-04 4.99948610e-04
1.00737726e-01 -2.23091119e-04 4.96621937e-04
1.01256892e-01 -6.05239443e-04 5.08874065e-04
1.01776056e-01 -1.40971998e-04 4.87198657e-04
1.02295218e-01 2.93930227e-05 4.96977427e-04
1.02814380e-01 -2.68801185e-06 5.03633223e-04
1.03333539e-01 5.28931632e-04 4.89567274e-04
1.03852697e-01 1.89932581e-04 4.84863397e-04
1.04371853e-01 -6.98031433e-05 4.80465911e-04
1.04891008e-01 7.15735236e-05 4.98985665e-04
1.05410161e-01 2.49103289e-04 4.95642294e-04
1.05929312e-01 3.02797173e-04 4.77828235e-04
1.06448462e-01 8.41029372e-04 4.85571070e-04
1.06967610e-01 4.68574871e-04 4.87401007e-04
1.07486757e-01 3.22982544e-04 4.78748716e-04
1.08005902e-01 3.02533474e-04 4.82764590e-04
1.08525045e-01 4.00165291e-04 4.75471149e-04
1.09044187e-01 1.09165581e-03 4.75309147e-04
1.09563327e-01 -4.30493415e-05 4.70124473e-04
1.10082465e-01 3.91913298e-04 4.68394894e-04
1.10601601e-01 7.16689168e-05 4.88196600e-04
1.11120736e-01 -8.01913315e-05 4.64788752e-04
1.11639869e-01 9.54010463e-06 4.55811517e-04
1.12159001e-01 1.30600229e-05 4.52110484e-04
1.12678130e-01 2.70492453e-04 4.53522344e-04
1.13197258e-01 4.97840224e-04 4.69562375e-04
1.13716385e-01 5.53016666e-04 4.66725149e-04
1.14235509e-01 2.88398768e-04 4.78525917e-04
1.14754632e-01 4.92964543e-04 4.75265049e-04
1.15273753e-01 1.35530500e-04 4.76133107e-04
1.15792872e-01 -1.32776713e-04 4.80454827e-04
1.16311989e-01 1.01206387e-03 4.65207090e-04
1.16831105e-01 -2.63837467e-04 4.82558045e-04
1.17350219e-01 5.38034263e-04 4.80995529e-04
1.17869331e-01 5.44688047e-04 4.88814017e-04
1.18388441e-01 6.63846303e-04 4.71819700e-04
1.18907549e-01 1.02335697e-03 4.74239793e-04
1.19426656e-01 3.11091787e-04 4.70287216e-04
1.19945761e-01 1.70884499e-04 4.58465214e-04
1.20464864e-01 -6.30368460e-04 4.60151650e-04
1.20983965e-01 -5.65139393e-04 4.52524592e-04
1.21503064e-01 -1.06172748e-04 4.58034656e-04
1.22022161e-01 -1.15807837e-03 4.44110134e-04
1.22541256e-01 -1.03897015e-04 4.55180108e-04
1.23060350e-01 6.91662551e-04 4.47516800e-04
1.23579442e-01 -4.50622162e-04 4.35313406e-04
1.24098531e-01 -1.31821919e-04 4.36586649e-04
1.24617619e-01 6.98724309e-04 4.35347087e-04
1.25136705e-01 8.01369469e-04 4.52984814e-04
1.25655789e-01 2.42091619e-04 4.47389264e-04
1.26174871e-01 3.43620072e-04 4.35065334e-04
1.26693952e-01 1.05159446e-04 4.40146339e-04
1.27213030e-01 9.29689221e-04 4.34893570e-04
1.27732106e-01 5.78308153e-04 4.40874619e-04
1.28251180e-01 1.35906444e-04 4.36392646e-04
1.28770253e-01 -1.52346732e-04 4.39649947e-04
1.29289323e-01 -7.60838627e-06 4.42530025e-04
1.29808391e-01 2.47743748e-06 4.34294016e-04
1.30327458e-01 6.92390645e-04 4.26693690e-04
1.30846522e-01 4.30894594e-04 4.41764634e-04
1.31365584e-01 -1.68621756e-04 4.27106499e-04
1.31884645e-01 2.21522440e-04 4.12115141e-04
1.32403703e-01 -1.12706225e-04 4.28659507e-04
1.32922759e-01 2.12256468e-04 4.20538422e-04
1.33441814e-01 1.69509770e-04 4.14728354e-04
1.33960866e-01 -6.44248329e-04 4.27945393e-04
1.34479916e-01 -3.64679249e-04 4.21605769e-04
1.34998964e-01 7.94455416e-05 4.17276474e-04
1.35518010e-01 1.43682747e-04 4.28927221e-04
1.36037054e-01 -5.04220670e-04 4.20305296e-04
1.36556096e-01 2.13835435e-04 4.19916470e-04
1.37075135e-01 6.79190576e-04 4.19082305e-04
1.37594173e-01 -5.32246344e-04 4.23849183e-04
1.38113208e-01 -7.13224483e-04 4.10541428e-04
1.38632242e-01 4.39962520e-04 4.22162041e-04
1.39151273e-01 -1.11826330e-04 4.29425789e-04
1.39670302e-01 4.70585518e-04 4.20096003e-04
1.40189329e-01 2.07625442e-05 4.28430638e-04
1.40708354e-01 -1.14088370e-04 4.17429459e-04
1.41227377e-01 3.55924174e-04 4.19688111e-04
1.41746397e-01 9.66807725e-04 4.21958257e-04
1.42265415e-01 3.68548299e-04 4.22835569e-04
1.42784432e-01 -4.09676896e-04 4.13760584e-04
1.43303446e-01 2.35649444e-04 4.12997222e-04
1.43822457e-01 -1.52681797e-04 4.12952630e-04
1.44341467e-01 6.89559474e-05 4.11184797e-04
1.44860474e-01 -6.66833277e-04 4.00754346e-04
1.45379479e-01 -1.21524329e-04 4.17969593e-04
1.45898482e-01 1.97735788e-04 4.15028300e-04
1.46417483e-01 -7.77059138e-05 4.13457093e-04
1.46936481e-01 -2.14780092e-04 4.06855652e-04
1.47455477e-01 -1.07238052e-04 4.02662556e-04
1.47974471e-01 -8.80548717e-05 3.97144778e-04
1.48493463e-01 -6.72146007e-05 3.97103860e-04
1.49012452e-01 6.54547012e-04 3.93681786e-04
1.49531439e-01 1.83128362e-04 3.94881142e-04
1.50050424e-01 -3.56929542e-04 3.85849821e-04
1.50569406e-01 1.41026471e-04 4.08872765e-04
1.51088386e-01 3.24671010e-05 3.92892285e-04
1.51607364e-01 1.70272050e-04 3.94972421e-04
1.52126339e-01 3.34389312e-04 3.94029152e-04
1.52645312e-01 5.70095468e-04 3.88280645e-04
1.53164283e-01 1.79986651e-04 4.02306677e-04
1.53683251e-01 -2.77355198e-04 3.95433561e-04
1.54202218e-01 -5.50038571e-04 3.90294294e-04
1.54721181e-01 7.78565023e-05 4.13315011e-04
1.55240143e-01 -9.71286576e-05 3.93125078e-04
1.55759101e-01 -2.05341968e-04 3.97262747e-04
1.56278058e-01 -2.41253170e-04 3.99448832e-04
1.56797012e-01 7.10743177e-04 4.09858646e-04
1.57315964e-01 1.45768819e-04 4.06416261e-04
1.57834913e-01 2.95058154e-04 4.03359582e-04
1.58353860e-01 -1.87913424e-04 4.03350390e-04
1.58872805e-01 4.24763382e-04 4.11976518e-04
1.59391747e-01 3.47947669e-04 4.01513717e-04
1.59910686e-01 6.81742924e-04 4.04896323e-04
1.60429623e-01 2.36511065e-04 3.93515041e-04
1.60948558e-01 -3.82229077e-04 4.01329235e-04
1.61467490e-01 5.80839516e-04 4.05127623e-04
1.61986420e-01 -1.34176979e-04 3.96169520e-04
1.62505347e-01 2.30440886e-04 3.92399425e-04
1.63024272e-01 2.58515157e-04 3.97605037e-04
1.63543194e-01 -1.41011318e-04 3.95721031e-04
1.64062114e-01 4.80085785e-04 3.91279551e-04
1.64581031e-01 1.54941826e-04 3.91023202e-04
1.65099945e-01 1.04291352e-04 3.89360909e-04
1.65618858e-01 5.55787858e-05 3.87935995e-04
1.66137767e-01 1.32617779e-04 3.79921234e-04
1.66656674e-01 1.95527955e-04 3.80415743e-04
1.67175579e-01 1.26877618e-04 3.81599861e-04
1.67694481e-01 4.86812166e-04 3.81185074e-04
1.68213380e-01 -2.24857034e-04 3.79878709e-04
1.68732277e-01 1.89782299e-04 3.78845575e-04
1.69251171e-01 -1.87773448e-04 3.85347819e-04
1.69770062e-01 9.47047934e-06 3.90264061e-04
1.70288951e-01 -7.97431645e-05 3.88245644e-04
1.70807838e-01 -4.49542462e-05 3.79113657e-04
1.71326721e-01 4.47958097e-04 3.78271198e-04
1.71845603e-01 -6.48059689e-05 3.73659184e-04
1.72364481e-01 2.69092190e-04 3.87578905e-04
1.72883357e-01 -4.13582270e-04 3.78963252e-04
1.73402230e-01 -1.77934484e-06 3.87404241e-04
1.73921100e-01 1.46345609e-04 3.77264846e-04
1.74439968e-01 -2.04158811e-04 3.79288032e-04
1.74958833e-01 -1.00283213e-04 3.72283624e-04
1.75477696e-01 3.80676631e-04 3.81835287e-04
1.75996556e-01 -1.47319987e-06 3.82053604e-04
1.76515413e-01 -8.85072179e-04 3.85765025e-04
1.77034267e-01 -5.70961509e-05 3.84073318e-04
1.77553119e-01 -3.12615341e-04 3.70183599e-04
1.78071968e-01 -2.70620067e-05 3.74870661e-04
1.78590814e-01 2.17460511e-04 3.74130233e-04
1.79109657e-01 -3.65383763e-04 3.75887573e-04
1.79628498e-01 -6.75299855e-05 3.74837352e-04
1.80147336e-01 -5.54058153e-04 3.56299294e-04
1.80666171e-01 -6.65590640e-05 3.58829331e-04
1.81185003e-01 2.20373798e-04 3.62846542e-04
1.81703833e-01 4.40627784e-04 3.55476054e-04
1.82222660e-01 4.60522906e-04 3.65779137e-04
1.82741484e-01 -2.99967144e-04 3.51672135e-04
1.83260305e-01 6.43365736e-04 3.55258282e-04
1.83779124e-01 -9.51624062e-05 3.53720543e-04
1.84297939e-01 -1.47529896e-04 3.55278554e-04
1.84816752e-01 -2.53903206e-04 3.51524388e-04
1.85335562e-01 5.26949749e-04 3.59382805e-04
1.85854369e-01 5.10455165e-04 3.51677002e-04
1.86373173e-01 4.83098244e-05 3.55117955e-04
1.86891975e-01 1.14031078e-04 3.55757037e-04
1.87410773e-01 -6.14872219e-05 3.49879059e-04
1.87929569e-01 3.73198185e-04 3.51798509e-04
1.88448361e-01 -5.90414065e-04 3.43709493e-04
1.88967151e-01 -3.63772910e-05 3.47046790e-04
1.89485938e-01 -4.35174764e-04 3.47550232e-04
1.90004722e-01 -9.68122716e-05 3.47120910e-04
1.90523503e-01 -2.84676646e-04 3.45090277e-04
1.91042282e-01 -7.70630438e-04 3.41947631e-04
1.91561057e-01 3.06993181e-04 3.48324047e-04
1.92079829e-01 3.76890556e-04 3.48341075e-04
1.92598599e-01 1.13545261e-04 3.47328997e-04
1.93117365e-01 3.76100822e-04 3.49994758e-04
1.93636128e-01 -1.61522874e-04 3.45727893e-04
1.94154889e-01 -3.67733885e-04 3.44757155e-04
1.94673646e-01 2.89555998e-04 3.35004499e-04
1.95192401e-01 -2.16313155e-04 3.34514680e-04
1.95711153e-01 -6.14039322e-05 3.42408244e-04
1.96229901e-01 7.94853840e-05 3.34763877e-04
1.96748647e-01 -5.96177867e-05 3.37350695e-04
1.97267389e-01 -4.03497503e-04 3.29953598e-04
1.97786129e-01 4.11262748e-04 3.32378084e-04
1.98304865e-01 8.19232852e-04 3.37615314e-04
1.98823598e-01 2.71676116e-04 3.31651776e-04
1.99342329e-01 -4.36349537e-04 3.25163568e-04
1.99861056e-01 1.12246561e-04 3.34825917e-04
2.00379780e-01 3.85154845e-04 3.34905226e-04
2.00898501e-01 -1.66749967e-04 3.29622917e-04
2.01417219e-01 4.64536765e-04 3.31017400e-04
2.01935934e-01 4.49773465e-05 3.36290695e-04
2.02454646e-01 1.64413615e-04 3.25714407e-04
2.02973355e-01 -3.34561013e-04 3.27126612e-04
2.03492061e-01 3.80828330e-05 3.22147406e-04
2.04010763e-01 -1.80637112e-04 3.30052484e-04
2.04529463e-01 -1.19232149e-04 3.25698541e-04
2.05048159e-01 7.32174461e-05 3.16998313e-04
2.05566852e-01 -1.57088965e-04 3.30031915e-04
2.06085542e-01 4.64603479e-05 3.26253782e-04
2.06604229e-01 -1.17602376e-04 3.27854829e-04
2.07122913e-01 -5.01111341e-04 3.22089325e-04
2.07641593e-01 6.31827060e-04 3.18459415e-04
2.08160270e-01 4.53069303e-05 3.22320499e-04
2.08678944e-01 1.31905966e-04 3.22591475e-04
2.09197615e-01 4.56719307e-04 3.22482446e-04
2.09716283e-01 -1.51772110e-05 3.16423937e-04
2.10234947e-01 -7.38738274e-05 3.11519345e-04
2.10753609e-01 -2.11166011e-04 3.12637403e-04
2.11272267e-01 -1.01968531e-04 3.12087288e-04
2.11790921e-01 1.46852930e-04 3.12379960e-04
2.12309573e-01 -4.67288291e-04 3.10715166e-04
2.12828221e-01 -5.71871259e-06 3.05284792e-04
2.13346866e-01 2.68324510e-04 3.11318390e-04
2.13865508e-01 -2.66172357e-05 3.06909498e-04
2.14384146e-01 -3.07671503e-04 3.10974066e-04
2.14902781e-01 3.74949396e-05 3.09921829e-04
2.15421413e-01 -1.66346813e-04 3.12800549e-04
2.15940042e-01 7.81774399e-04 3.20016586e-04
2.16458667e-01 -2.27876209e-04 3.05332450e-04
2.16977289e-01 -3.00085019e-04 3.14688478e-04
2.17495907e-01 -2.37115342e-04 3.13894233e-04
2.18014523e-01 4.00242006e-04 3.11449376e-04
2.18533135e-01 -1.75720017e-04 3.08474770e-04
2.19051743e-01 -2.05566025e-06 3.09803212e-04
2.19570348e-01 6.40668527e-05 3.11548087e-04
2.20088950e-01 -1.51159130e-04 3.04962116e-04
2.20607549e-01 -1.63805027e-04 3.00714660e-04
2.21126144e-01 -3.25716040e-04 3.08491874e-04
2.21644735e-01 2.32866820e-04 3.02418502e-04
2.22163324e-01 2.01147810e-04 3.05241186e-04
2.22681909e-01 -1.70047483e-04 2.97673303e-04
2.23200490e-01 1.62000259e-04 3.05852669e-04
2.23719068e-01 4.40768414e-04 3.00992377e-04
2.24237643e-01 -1.12931660e-04 3.01558736e-04
2.24756214e-01 -1.45805857e-04 2.94831798e-04
2.25274781e-01 1.23244837e-04 2.98215029e-04
2.25793346e-01 -4.94807245e-04 3.02716759e-04
2.26311907e-01 3.39904153e-04 3.01661296e-04
2.26830464e-01 1.32008928e-04 2.97111928e-04
2.27349018e-01 -3.20335888e-04 3.03099578e-04
2.27867568e-01 -1.94376210e-04 3.02447705e-04
2.28386115e-01 1.78928040e-04 3.03462659e-04
2.28904658e-01 -2.54239846e-04 2.92464321e-04
2.29423198e-01 -6.67870279e-04 2.95499213e-04
2.29941734e-01 2.04675762e-04 2.94146028e-04
2.30460267e-01 3.53233664e-04 2.96385309e-04
2.30978797e-01 8.44355575e-04 3.04313842e-04
2.31497322e-01 -1.29359285e-04 2.98535187e-04
2.32015844e-01 3.27979772e-05 2.97229279e-04
2.32534363e-01 5.61768878e-04 2.94813606e-04
2.33052878e-01 6.21043862e-05 2.94073863e-04
2.33571390e-01 -3.40216344e-05 2.83002209e-04
2.34089898e-01 3.42637383e-04 2.90216722e-04
2.34608402e-01 1.63382766e-04 2.93536518e-04
2.35126903e-01 -2.76777420e-04 2.90701421e-04
2.35645400e-01 -4.46049517e-04 2.89271847e-04
2.36163893e-01 -3.00442464e-04 2.89738038e-04
2.36682383e-01 -2.49990098e-05 2.92089625e-04
2.37200869e-01 9.78393776e-05 2.97975647e-04
2.37719352e-01 8.72578080e-05 2.90507514e-04
2.38237831e-01 -2.18571635e-04 2.88559983e-04
2.38756306e-01 6.04665340e-05 2.91231256e-04
2.39274778e-01 -7.97441613e-05 2.91071826e-04
2.39793246e-01 -2.28222518e-04 2.84398146e-04
2.40311710e-01 -6.43605238e-05 2.84711173e-04
2.40830171e-01 1.15078872e-04 2.94462893e-04
2.41348628e-01 -2.09526115e-04 2.85378799e-04
2.41867081e-01 1.06691867e-04 2.90904877e-04
2.42385531e-01 -1.12862389e-04 2.84128705e-04
2.42903976e-01 2.78708609e-04 2.91668939e-04
2.43422418e-01 -4.47583148e-04 2.85620259e-04
2.43940857e-01 1.33578798e-04 2.85167784e-04
2.44459291e-01 -6.67904345e-05 2.83182364e-04
2.44977722e-01 2.06680105e-04 2.82723707e-04
2.45496149e-01 -4.20340868e-04 2.87389544e-04
2.46014573e-01 2.44443480e-05 2.81868373e-04
2.46532992e-01 -1.86966777e-05 2.82522185e-04
2.47051408e-01 -1.15510512e-04 2.74609144e-04
2.47569820e-01 -5.23733270e-04 2.77546805e-04
2.48088228e-01 -2.02759679e-05 2.79592940e-04
2.48606633e-01 -2.48836984e-04 2.76349505e-04
2.49125033e-01 1.87117315e-05 2.80671251e-04
2.49643430e-01 -3.97454198e-05 2.74688184e-04
2.50161823e-01 7.85204532e-05 2.79105547e-04
2.50680212e-01 3.11821653e-04 2.82748483e-04
2.51198598e-01 1.47021237e-04 2.83377521e-04
2.51716979e-01 1.97318882e-05 2.80824944e-04
2.52235357e-01 -1.46773825e-04 2.76828223e-04
2.52753730e-01 3.73750464e-06 2.74734321e-04
2.53272100e-01 -3.88356928e-05 2.77718272e-04
2.53790466e-01 -2.51379303e-04 2.73806102e-04
2.54308828e-01 -1.24179272e-05 2.79007172e-04
2.54827186e-01 -1.15874858e-04 2.78890723e-04
2.55345541e-01 2.42134298e-04 2.75512259e-04
2.55863891e-01 2.32338662e-04 2.77225937e-04
2.56382237e-01 1.68821689e-04 2.69990139e-04
2.56900580e-01 -2.90094226e-04 2.72278490e-04
2.57418919e-01 -1.44537033e-04 2.65277655e-04
2.57937253e-01 -8.76756410e-05 2.67801380e-04
2.58455584e-01 -2.97664966e-05 2.68792205e-04
2.58973911e-01 -3.25635682e-04 2.70464404e-04
2.59492233e-01 1.44208181e-04 2.69656544e-04
2.60010552e-01 2.28871928e-05 2.65108553e-04
2.60528867e-01 -1.05872839e-04 2.71948458e-04
2.61047178e-01 -1.30656653e-04 2.66931564e-04
2.61565484e-01 5.67281103e-04 2.69343872e-04
2.62083787e-01 -1.97642621e-04 2.65576674e-04
2.62602086e-01 -3.14585136e-04 2.67075478e-04
2.63120381e-01 3.17316914e-05 2.63877371e-04
2.63638671e-01 3.75785655e-04 2.72370707e-04
2.64156958e-01 -2.74903546e-05 2.72554892e-04
2.64675241e-01 -1.46164905e-04 2.68327066e-04
2.65193519e-01 1.89987757e-06 2.70995796e-04
2.65711794e-01 -4.55165867e-04 2.68726491e-04
2.66230064e-01 6.96171847e-04 2.79433050e-04
2.66748330e-01 1.14599046e-04 2.76384253e-04
2.67266593e-01 2.93436122e-04 2.78685434e-04
2.67784851e-01 -3.58679559e-04 2.69921195e-04
2.68303105e-01 1.28565395e-04 2.73256191e-04
2.68821355e-01 -1.26369550e-04 2.72818109e-04
2.69339601e-01 1.53927391e-05 2.73316522e-04
2.69857842e-01 3.19005793e-05 2.70937440e-04
2.70376080e-01 1.31200524e-04 2.67938191e-04
2.70894314e-01 -2.69421904e-04 2.72654682e-04
2.71412543e-01 -5.45580123e-04 2.72203480e-04
2.71930768e-01 -3.27592273e-04 2.71908470e-04
2.72448989e-01 -1.59259023e-04 2.62618071e-04
2.72967206e-01 3.75019304e-04 2.68917209e-04
2.73485418e-01 -2.03823791e-04 2.66239866e-04
2.74003627e-01 -1.11774346e-04 2.67708923e-04
2.74521831e-01 -4.12414707e-05 2.69749636e-04
2.75040031e-01 -2.79022049e-04 2.66672620e-04
2.75558227e-01 -7.23474489e-05 2.60345146e-04
2.76076418e-01 1.50135551e-04 2.67425852e-04
2.76594606e-01 -8.23438878e-05 2.69928896e-04
2.77112789e-01 -8.33748471e-05 2.61428834e-04
2.77630968e-01 -3.36654173e-04 2.59844791e-04
2.78149142e-01 -4.39822083e-04 2.61273801e-04
2.78667313e-01 3.35169545e-04 2.64576040e-04
2.79185479e-01 2.11915027e-04 2.66258222e-04
2.79703640e-01 1.98512995e-04 2.71065080e-04
2.80221798e-01 -8.28979270e-05 2.64988795e-04
2.80739951e-01 2.15696904e-04 2.70739089e-04
2.81258100e-01 -4.07723978e-04 2.62951713e-04
2.81776245e-01 8.00370488e-06 2.66191149e-04
2.82294385e-01 2.77303208e-04 2.69282318e-04
2.82812521e-01 -5.27873344e-05 2.65260230e-04
2.83330653e-01 8.48847856e-05 2.64621109e-04
2.83848780e-01 4.45818274e-04 2.59579565e-04
2.84366903e-01 1.73255413e-04 2.63918827e-04
2.84885022e-01 -1.16690128e-04 2.66272333e-04
2.85403136e-01 1.36909093e-04 2.66158147e-04
2.85921246e-01 7.77590310e-05 2.65137273e-04
2.86439351e-01 1.36564023e-04 2.63907225e-04
2.86957452e-01 1.58053877e-04 2.66851508e-04
2.87475549e-01 1.61029779e-04 2.58642538e-04
2.87993641e-01 -1.92606350e-04 2.59311511e-04
2.88511729e-01 6.67467355e-05 2.56993385e-04
2.89029813e-01 7.47452242e-05 2.58311718e-04
2.89547892e-01 5.47163101e-05 2.62776626e-04
2.90065967e-01 3.55177294e-04 2.57945853e-04
2.90584037e-01 -2.02686505e-04 2.53964603e-04
2.91102103e-01 2.50859372e-04 2.57487349e-04
2.91620164e-01 6.10981206e-05 2.55071025e-04
2.92138221e-01 6.96997531e-05 2.53635997e-04
2.92656273e-01 -2.18324579e-04 2.55903497e-04
2.93174321e-01 5.03846844e-04 2.58479174e-04
2.93692364e-01 3.23581397e-04 2.55679470e-04
2.94210403e-01 -2.39837057e-04 2.50551045e-04
2.94728437e-01 -2.57414902e-05 2.52132055e-04
2.95246467e-01 6.71391408e-05 2.47911805e-04
2.95764493e-01 -2.33327060e-04 2.45455894e-04
2.96282514e-01 -2.07238163e-04 2.55798363e-04
2.96800530e-01 2.72853047e-04 2.52148982e-04
2.97318542e-01 4.43409236e-04 2.52017992e-04
2.97836549e-01 1.10671961e-04 2.51250910e-04
2.98354551e-01 6.59806633e-06 2.48074041e-04
2.98872549e-01 2.05786598e-04 2.49306358e-04
2.99390543e-01 1.19929674e-04 2.47255955e-04
2.99908532e-01 2.97652159e-04 2.40098550e-04
3.00426516e-01 -2.45254394e-04 2.47171537e-04
3.00944496e-01 2.95194443e-04 2.45541606e-04
3.01462471e-01 8.35334862e-05 2.42467700e-04
3.01980441e-01 3.85602210e-04 2.49624284e-04
3.02498407e-01 3.85729283e-04 2.51752940e-04
3.03016368e-01 3.11043585e-04 2.46593078e-04
3.03534325e-01 -1.65851246e-04 2.47095810e-04
3.04052277e-01 8.36733639e-05 2.47619804e-04
3.04570224e-01 -2.13722971e-04 2.47798538e-04
3.05088167e-01 -9.05755060e-05 2.46050449e-04
3.05606105e-01 -1.96860122e-04 2.46836929e-04
3.06124038e-01 5.61051626e-04 2.57884494e-04
3.06641967e-01 -5.62360920e-05 2.49131741e-04
3.07159891e-01 1.05485297e-04 2.42632782e-04
3.07677810e-01 -1.09361942e-05 2.40487647e-04
3.08195724e-01 -2.80389260e-05 2.43973807e-04
3.08713634e-01 6.63942908e-05 2.40417427e-04
3.09231539e-01 2.50016838e-04 2.41404851e-04
3.09749440e-01 2.62537701e-04 2.39609445e-04
3.10267335e-01 5.35206066e-04 2.39998745e-04
3.10785226e-01 4.09410273e-04 2.39962984e-04
3.11303112e-01 1.53368859e-04 2.42545846e-04
3.11820993e-01 9.95297561e-05 2.41664523e-04
3.12338870e-01 3.31369051e-04 2.39203742e-04
3.12856742e-01 2.58549657e-04 2.40213329e-04
3.13374609e-01 1.96886183e-04 2.40294253e-04
3.13892471e-01 3.15124059e-04 2.40417245e-04
3.14410328e-01 -6.44417866e-05 2.35676074e-04
3.14928181e-01 6.46581772e-05 2.39115253e-04
3.15446029e-01 -7.47091629e-05 2.40879462e-04
3.15963871e-01 3.59150961e-04 2.39342777e-04
3.16481710e-01 3.28597330e-04 2.33806732e-04
3.16999543e-01 -1.77273052e-05 2.38932234e-04
3.17517371e-01 -6.37154156e-05 2.41552781e-04
3.18035195e-01 5.47489080e-05 2.36583950e-04
3.18553013e-01 3.82318955e-05 2.32477851e-04
3.19070827e-01 -4.82313440e-04 2.29984869e-04
3.19588636e-01 -1.75430104e-04 2.32954800e-04
3.20106440e-01 -2.51959543e-04 2.33796627e-04
3.20624239e-01 -3.76486654e-04 2.33743465e-04
3.21142033e-01 -9.03867364e-05 2.33826164e-04
3.21659823e-01 -6.47657716e-05 2.29232113e-04
3.22177607e-01 7.46885343e-05 2.32731306e-04
3.22695387e-01 -5.23642745e-05 2.26540992e-04
3.23213161e-01 4.03015845e-05 2.31941262e-04
3.23730931e-01 5.42022364e-05 2.35890460e-04
3.24248695e-01 1.80195927e-04 2.35621728e-04
3.24766455e-01 -9.93570043e-05 2.28647487e-04
3.25284210e-01 -1.12956487e-04 2.26061898e-04
3.25801959e-01 6.37641353e-05 2.31763479e-04
3.26319704e-01 -4.46790869e-06 2.28904741e-04
3.26837444e-01 1.54815383e-04 2.31203641e-04
3.27355179e-01 -5.31617271e-04 2.31866651e-04
3.27872908e-01 2.24617078e-04 2.36160095e-04
3.28390633e-01 -2.19050212e-04 2.33660550e-04
3.28908353e-01 4.78036591e-05 2.31638709e-04
3.29426067e-01 2.94717875e-04 2.30481635e-04
3.29943777e-01 -3.82480069e-05 2.30789115e-04
3.30461482e-01 -2.07234881e-05 2.29825801e-04
3.30979181e-01 1.23054116e-04 2.25261818e-04
3.31496876e-01 3.22585397e-05 2.27089763e-04
3.32014565e-01 1.33232298e-04 2.26470424e-04
3.32532249e-01 -3.65419774e-04 2.26650390e-04
3.33049928e-01 -1.48331977e-04 2.23554482e-04
3.33567603e-01 3.27190292e-04 2.24933145e-04
3.34085272e-01 -1.47471597e-04 2.23350773e-04
3.34602936e-01 -4.09159981e-05 2.24319599e-04
3.35120594e-01 2.10708334e-04 2.24540141e-04
3.35638248e-01 6.75981043e-05 2.29130270e-04
3.36155897e-01 -7.40110130e-05 2.21896243e-04
3.36673540e-01 3.16722524e-04 2.26975886e-04
3.37191178e-01 1.02168733e-04 2.23676599e-04
3.37708811e-01 8.75037562e-05 2.19994305e-04
3.38226439e-01 -2.52322029e-05 2.22326857e-04
3.38744062e-01 -5.11410040e-05 2.23607330e-04
3.39261680e-01 -1.74292945e-04 2.23046032e-04
3.39779292e-01 1.25916899e-04 2.22032088e-04
3.40296899e-01 -5.77710162e-05 2.22409203e-04
3.40814501e-01 2.38479626e-04 2.22813110e-04
3.41332098e-01 1.49472242e-04 2.19510694e-04
3.41849690e-01 1.20364430e-04 2.21961666e-04
3.42367276e-01 -1.12328836e-04 2.23039753e-04
3.42884857e-01 9.64354627e-05 2.17758327e-04
3.43402433e-01 1.73794465e-04 2.17789431e-04
3.43920004e-01 -2.08523448e-04 2.18900521e-04
3.44437569e-01 1.46100320e-04 2.23878893e-04
3.44955129e-01 2.62157682e-04 2.16872718e-04
3.45472684e-01 3.80445209e-05 2.17194017e-04
3.45990233e-01 -6.15670766e-05 2.19331286e-04
3.46507778e-01 1.10209864e-04 2.20126320e-04
3.47025317e-01 2.77144823e-04 2.17830952e-04
3.47542850e-01 1.58653452e-04 2.17877610e-04
3.48060379e-01 4.60393944e-04 2.20790348e-04
3.48577902e-01 4.06199717e-04 2.17772554e-04
3.49095419e-01 -2.69831497e-04 2.14184899e-04
3.49612932e-01 -1.13633476e-04 2.15908488e-04
3.50130439e-01 1.95102309e-04 2.18045414e-04
3.50647940e-01 1.00480327e-04 2.17868237e-04
3.51165437e-01 -1.41162453e-04 2.19786333e-04
3.51682928e-01 1.80505764e-05 2.18410225e-04
3.52200413e-01 2.38738528e-04 2.17467556e-04
3.52717893e-01 1.48256449e-04 2.20512932e-04
3.53235368e-01 4.07492251e-05 2.19033834e-04
3.53752837e-01 6.85911076e-05 2.13937445e-04
3.54270301e-01 9.56052991e-05 2.12723711e-04
3.54787760e-01 3.85339541e-04 2.19168111e-04
3.55305213e-01 1.74825643e-04 2.18373401e-04
3.55822661e-01 1.70005002e-04 2.18729467e-04
3.56340103e-01 -5.50920252e-05 2.09839134e-04
3.56857540e-01 1.16150133e-04 2.15693256e-04
3.57374971e-01 -2.15303858e-04 2.10030794e-04
3.57892397e-01 2.06284244e-05 2.12730632e-04
3.58409818e-01 -3.92680146e-05 2.15033816e-04
3.58927232e-01 -1.32367655e-04 2.11693777e-04
3.59444642e-01 -7.25029463e-05 2.12712724e-04
3.59962046e-01 4.15128003e-04 2.11944945e-04
3.60479444e-01 -1.17101713e-04 2.13424242e-04
3.60996837e-01 8.79728219e-06 2.13797211e-04
3.61514225e-01 2.50082532e-04 2.11799859e-04
3.62031607e-01 -1.90637995e-04 2.11929880e-04
3.62548983e-01 -1.28800167e-04 2.13932974e-04
3.63066354e-01 2.91081482e-04 2.09422043e-04
3.63583719e-01 -1.69576529e-04 2.09337757e-04
3.64101079e-01 1.43457959e-04 2.11269017e-04
3.64618433e-01 -5.93130099e-06 2.10030486e-04
3.65135782e-01 3.15996882e-04 2.12142624e-04
3.65653125e-01 -2.56144499e-04 2.11710920e-04
3.66170462e-01 1.52879106e-04 2.07793532e-04
3.66687794e-01 2.84233698e-05 2.07591300e-04
3.67205121e-01 5.23715624e-05 2.09774325e-04
3.67722441e-01 -2.49324280e-06 2.05819858e-04
3.68239756e-01 8.11899319e-05 2.09178190e-04
3.68757066e-01 -4.74865576e-05 2.06719982e-04
3.69274369e-01 7.98569766e-05 2.08682502e-04
3.69791668e-01 -4.52176123e-05 2.07279904e-04
3.70308960e-01 -2.08980651e-04 2.03402293e-04
3.70826247e-01 1.35284845e-04 2.05074162e-04
3.71343528e-01 7.02012429e-05 2.05733663e-04
3.71860803e-01 -3.01859848e-04 2.06039084e-04
3.72378073e-01 1.97949400e-04 2.11581626e-04
3.72895337e-01 1.85265506e-04 2.10247368e-04
3.73412596e-01 1.19266414e-04 2.13732774e-04
3.73929849e-01 -2.60174210e-04 2.06770601e-04
3.74447096e-01 -3.57866539e-05 2.13948957e-04
3.74964337e-01 3.24737110e-04 2.19255957e-04
3.75481572e-01 2.94666369e-04 2.20475204e-04
3.75998802e-01 2.08836575e-04 2.14586439e-04
3.76516026e-01 3.87273934e-04 2.19352180e-04
3.77033245e-01 -8.22080189e-05 2.17131129e-04
3.77550457e-01 1.32526800e-04 2.17192480e-04
3.78067664e-01 -4.55512766e-04 2.16092800e-04
3.78584865e-01 3.40356725e-04 2.18759349e-04
3.79102060e-01 2.01456144e-04 2.19849641e-04
3.79619250e-01 -7.03248636e-05 2.18648579e-04
3.80136433e-01 3.87858782e-05 2.20599861e-04
3.80653611e-01 2.87816198e-04 2.23911566e-04
3.81170783e-01 -2.76736676e-05 2.17633044e-04
3.81687950e-01 1.65281743e-04 2.16617539e-04
3.82205110e-01 8.10904774e-05 2.18306916e-04
3.82722265e-01 -4.42418366e-04 2.11146151e-04
3.83239413e-01 -2.61752754e-05 2.16665199e-04
3.83756556e-01 -1.65270852e-04 2.13178934e-04
3.84273693e-01 7.67080948e-07 2.13384028e-04
3.84790824e-01 -1.18357201e-04 2.09945483e-04
3.85307950e-01 2.93270588e-04 2.11261876e-04
3.85825069e-01 -7.87829050e-06 2.12695073e-04
3.86342183e-01 -2.96784192e-05 2.11836439e-04
3.86859290e-01 -1.62664664e-04 2.11824509e-04
3.87376392e-01 2.61992315e-05 2.10892416e-04
3.87893488e-01 4.33801413e-05 2.10860576e-04
3.88410577e-01 -1.22849920e-04 2.15328773e-04
3.88927661e-01 -8.98832937e-05 2.15342486e-04
3.89444739e-01 -1.99197653e-04 2.20221633e-04
3.89961811e-01 -5.38945609e-04 2.16269154e-04
3.90478878e-01 1.22295644e-04 2.14865844e-04
3.90995938e-01 1.03600775e-04 2.21659466e-04
3.91512992e-01 2.79199139e-04 2.16218626e-04
3.92030040e-01 -3.67249314e-04 2.21200996e-04
3.92547082e-01 -6.10505276e-05 2.15343274e-04
3.93064118e-01 4.69395109e-05 2.19106766e-04
3.93581149e-01 -3.44460382e-05 2.18833954e-04
3.94098173e-01 2.32611880e-05 2.21369435e-04
3.94615191e-01 2.67429629e-04 2.19018830e-04
3.95132203e-01 2.08362519e-04 2.21229592e-04
3.95649209e-01 2.36047261e-05 2.22687508e-04
3.96166209e-01 3.12578265e-04 2.18408935e-04
3.96683203e-01 2.32702380e-04 2.22440839e-04
3.97200191e-01 -2.56374180e-05 2.24285912e-04
3.97717173e-01 6.34481112e-05 2.27939535e-04
3.98234149e-01 -2.28822462e-04 2.30643887e-04
3.98751119e-01 -2.94269063e-05 2.29569513e-04
3.99268083e-01 1.49677801e-04 2.28730092e-04
3.99785040e-01 -8.19635719e-06 2.25305967e-04
4.00301992e-01 -6.34606171e-05 2.26874158e-04
4.00818937e-01 6.30816715e-05 2.27512484e-04
4.01335876e-01 -6.41503642e-05 2.28355446e-04
4.01852810e-01 -3.93387096e-04 2.30922650e-04
4.02369737e-01 -3.51398712e-04 2.55932997e-04
4.02886658e-01 -1.20043807e-06 2.80759972e-04
4.03403572e-01 -2.25150904e-04 2.98422658e-04
4.03920481e-01 -2.88644415e-04 2.96456670e-04
4.04437383e-01 -1.64879174e-04 3.13821014e-04
4.04954280e-01 -1.62784691e-04 3.25045598e-04
4.05471170e-01 -2.13906322e-04 3.63802540e-04
4.05988054e-01 -4.89459573e-04 4.02656402e-04
4.06504931e-01 2.19577418e-04 4.55013515e-04
4.07021803e-01 2.21404448e-04 5.44547589e-04
4.07538668e-01 5.32388828e-03 5.08370630e-03
