7.27043000e-03 -1.36419248e-03 1.43911305e-02
7.78974585e-03 -9.21962596e-03 9.27620503e-03
8.30906158e-03 -6.54198978e-04 7.95266107e-03
8.82837719e-03 2.90699690e-04 5.27839629e-03
9.34769265e-03 3.24092139e-03 3.61688779e-03
9.86700798e-03 1.84817368e-03 2.98358938e-03
1.03863231e-02 1.11301370e-03 2.50168875e-03
1.09056382e-02 6.15522891e-04 2.12627971e-03
1.14249530e-02 3.70049416e-04 2.02639828e-03
1.19442677e-02 6.10218897e-05 1.60174677e-03
1.24635822e-02 2.63912497e-03 1.52129666e-03
1.29828965e-02 -4.86734001e-04 1.53239888e-03
1.35022105e-02 -6.14792809e-04 1.47322760e-03
1.40215244e-02 -2.30851817e-04 1.37401768e-03
1.45408381e-02 -2.04316952e-03 1.46729732e-03
1.50601516e-02 -1.78762176e-03 1.42188390e-03
1.55794648e-02 -4.54652325e-04 1.30025210e-03
1.60987777e-02 1.53444706e-04 1.27927525e-03
1.66180905e-02 6.78833905e-04 1.31099641e-03
1.71374029e-02 -1.74029219e-04 1.16221472e-03
1.76567152e-02 -1.55257903e-03 1.25874985e-03
1.81760271e-02 6.59937722e-04 1.19270385e-03
1.86953388e-02 -2.11691003e-05 1.15711998e-03
1.92146501e-02 -1.33679495e-03 1.15930363e-03
1.97339612e-02 4.03819264e-04 1.10672332e-03
2.02532720e-02 2.72885358e-04 1.09026630e-03
2.07725824e-02 2.01569431e-03 1.06311315e-03
2.12918926e-02 1.64172592e-03 1.14763792e-03
2.18112024e-02 -1.85706968e-04 1.11127717e-03
2.23305119e-02 1.77782699e-03 1.17539651e-03
2.28498210e-02 -1.01477755e-03 1.07951428e-03
2.33691298e-02 7.53093225e-04 1.02178065e-03
2.38884382e-02 4.39373331e-04 1.02645211e-03
2.44077463e-02 -1.17223515e-04 9.91420446e-04
2.49270540e-02 1.08165875e-03 9.73013350e-04
2.54463613e-02 4.51700429e-04 9.14888802e-04
2.59656682e-02 -2.31638669e-04 9.81947473e-04
2.64849747e-02 -5.78820879e-04 9.33851477e-04
2.70042808e-02 -1.36236464e-04 9.68426256e-04
2.75235865e-02 -4.46520530e-04 9.57249176e-04
2.80428918e-02 -5.86260742e-04 9.53128911e-04
2.85621966e-02 1.12003106e-04 9.23191095e-04
2.90815010e-02 6.48701168e-04 9.55195022e-04
2.96008049e-02 -4.86707642e-04 9.05706605e-04
3.01201084e-02 -9.88323300e-04 9.50460855e-04
3.06394115e-02 -4.22721972e-04 9.40552196e-04
3.11587140e-02 1.11952074e-03 9.22037861e-04
3.16780161e-02 6.52398841e-04 8.95900110e-04
3.21973177e-02 -2.35619183e-04 8.92143867e-04
3.27166188e-02 -5.35321682e-05 9.05241481e-04
3.32359194e-02 -5.40670061e-06 8.58433298e-04
3.37552195e-02 2.00417487e-03 9.27079643e-04
3.42745190e-02 -1.12033667e-03 8.50592593e-04
3.47938181e-02 -5.06023824e-04 8.51751412e-04
3.53131166e-02 4.91591663e-04 8.71774269e-04
3.58324146e-02 -4.14674637e-04 8.18139196e-04
3.63517120e-02 9.03006921e-04 8.36132078e-04
3.68710088e-02 -2.93273377e-04 8.21676713e-04
3.73903051e-02 1.04016949e-03 7.95827329e-04
3.79096008e-02 -3.10896498e-04 7.41340548e-04
3.84288959e-02 -5.95770864e-04 8.04953618e-04
3.89481905e-02 -4.65389367e-04 8.10803378e-04
3.94674844e-02 -7.71275070e-04 8.03214464e-04
3.99867778e-02 2.37015151e-04 8.35427784e-04
4.05060705e-02 -5.22789498e-04 8.18941523e-04
4.10253626e-02 1.36101307e-04 7.82177354e-04
4.15446540e-02 8.68816877e-04 7.95383469e-04
4.20639449e-02 -6.00541074e-05 7.27459928e-04
4.25832350e-02 1.51799343e-04 7.37313166e-04
4.31025246e-02 -8.07971891e-04 7.78771818e-04
4.36218134e-02 -5.59738072e-04 7.83544213e-04
4.41411016e-02 -1.45348729e-03 7.61025825e-04
4.46603891e-02 2.49696541e-04 7.63084302e-04
4.51796760e-02 -1.40309387e-03 8.10572162e-04
4.56989621e-02 -5.87643961e-05 8.20984815e-04
4.62182475e-02 9.49693652e-04 7.77674747e-04
4.67375323e-02 5.30510710e-04 7.90958611e-04
4.72568163e-02 -2.29902886e-04 7.77354956e-04
4.77760995e-02 -1.43287681e-05 7.61505352e-04
4.82953821e-02 6.40099297e-04 7.79961107e-04
4.88146639e-02 6.37530382e-04 7.61030246e-04
4.93339449e-02 -4.21506420e-04 7.60109177e-04
4.98532252e-02 4.09226439e-04 7.79611645e-04
5.03725048e-02 1.24963232e-04 7.48555825e-04
5.08917835e-02 -1.31419715e-03 7.02096799e-04
5.14110615e-02 1.94951725e-04 7.74479433e-04
5.19303387e-02 -4.43700105e-04 7.55168009e-04
5.24496150e-02 6.22567000e-04 7.26391346e-04
5.29688906e-02 -4.20597529e-04 7.05896338e-04
5.34881654e-02 -1.34463679e-04 7.22897915e-04
5.40074393e-02 -2.06826407e-04 7.28393260e-04
5.45267124e-02 8.69806184e-04 7.07275609e-04
5.50459847e-02 1.37732371e-04 6.89737868e-04
5.55652561e-02 1.99597947e-04 6.95116765e-04
5.60845267e-02 1.89337739e-04 6.91294121e-04
5.66037964e-02 -8.65227513e-05 7.00173281e-04
5.71230652e-02 -6.94425833e-04 6.72881494e-04
5.76423332e-02 7.56556992e-04 7.14924942e-04
5.81616003e-02 -7.07668898e-05 6.55679892e-04
5.86808665e-02 -9.66818854e-04 6.82751706e-04
5.92001317e-02 -7.99142458e-04 6.74139844e-04
5.97193961e-02 -6.23047904e-04 6.97803034e-04
6.02386596e-02 7.28093179e-04 7.17511124e-04
6.07579221e-02 -6.01575772e-04 6.73739301e-04
6.12771837e-02 8.13577833e-04 6.77890614e-04
6.17964443e-02 -2.11939739e-04 6.68200476e-04
6.23157040e-02 2.38631794e-04 6.96174683e-04
6.28349628e-02 2.86393427e-04 6.66499623e-04
6.33542206e-02 6.08804940e-04 6.76732839e-04
6.38734774e-02 -2.22407565e-04 6.83675792e-04
6.43927332e-02 -4.02692778e-04 6.78066546e-04
6.49119880e-02 1.08729799e-03 6.89661232e-04
6.54312419e-02 1.02676990e-03 7.14213908e-04
6.59504947e-02 2.21307070e-04 6.82274030e-04
6.64697465e-02 2.81265508e-05 7.14119690e-04
6.69889973e-02 -9.55511867e-04 6.81156624e-04
6.75082471e-02 -5.90564269e-04 6.60017156e-04
6.80274958e-02 7.40727652e-05 6.74199168e-04
6.85467435e-02 -7.03613957e-04 6.46882249e-04
6.90659901e-02 3.18105021e-04 6.72921644e-04
6.95852357e-02 -5.61586916e-04 6.46635966e-04
7.01044802e-02 -1.84105719e-03 6.25883129e-04
7.06237236e-02 5.76732660e-04 6.28850423e-04
7.11429659e-02 1.05378445e-04 6.67515567e-04
7.16622072e-02 -3.25742605e-04 6.44695496e-04
7.21814473e-02 -4.73315138e-04 6.11291971e-04
7.27006863e-02 1.77086290e-03 6.11246881e-04
7.32199243e-02 -4.64303260e-05 6.14472044e-04
7.37391611e-02 -4.60065822e-04 6.14314013e-04
7.42583967e-02 -4.63466349e-04 5.97822109e-04
7.47776312e-02 5.92900583e-05 5.88315694e-04
7.52968646e-02 -8.38237894e-04 5.84083061e-04
7.58160968e-02 -3.65341493e-04 5.73752491e-04
7.63353279e-02 -1.16867513e-04 5.85670493e-04
7.68545577e-02 5.52857436e-04 6.07654367e-04
7.73737864e-02 3.21820479e-04 5.83595314e-04
7.78930139e-02 3.07260496e-04 5.64268089e-04
7.84122402e-02 -1.05909040e-03 5.72508635e-04
7.89314653e-02 1.01425380e-03 5.83255066e-04
7.94506892e-02 -7.50146847e-04 5.91317755e-04
7.99699119e-02 2.29107541e-04 5.72651837e-04
8.04891333e-02 3.91676289e-04 5.53425472e-04
8.10083535e-02 -1.27879056e-04 5.68249025e-04
8.15275725e-02 -3.71703609e-04 5.80279696e-04
8.20467902e-02 5.44935316e-04 5.90608520e-04
8.25660066e-02 -4.17089252e-04 5.66739442e-04
8.30852218e-02 -1.54738638e-04 5.73586035e-04
8.36044357e-02 -1.02786523e-03 5.43915973e-04
8.41236483e-02 3.25347880e-04 5.54142137e-04
8.46428596e-02 -5.38855156e-04 5.57040574e-04
8.51620696e-02 4.90554299e-04 5.57910312e-04
8.56812784e-02 6.65201530e-04 5.43792819e-04
8.62004858e-02 -1.04614752e-04 5.39321323e-04
8.67196918e-02 -4.93070204e-05 5.42286185e-04
8.72388966e-02 -5.19536227e-04 5.41990821e-04
8.77581000e-02 -2.49353076e-05 5.30265928e-04
8.82773020e-02 -5.79308576e-05 5.21370087e-04
8.87965027e-02 -2.14183486e-04 5.24002526e-04
8.93157020e-02 1.25465216e-04 5.06008152e-04
8.98349000e-02 -5.25125471e-05 5.19433252e-04
9.03540966e-02 8.16491068e-04 5.30140207e-04
9.08732917e-02 -2.00359919e-04 5.27324445e-04
9.13924855e-02 -4.52060934e-04 5.30202954e-04
9.19116779e-02 7.77897402e-04 5.26732473e-04
9.24308689e-02 -5.98663140e-06 5.33867832e-04
9.29500585e-02 -9.85274098e-06 5.44549073e-04
9.34692466e-02 5.71279294e-04 5.26690568e-04
9.39884333e-02 1.17489923e-04 5.21495621e-04
9.45076185e-02 2.88296215e-04 5.22151837e-04
9.50268023e-02 5.32553565e-04 5.21759314e-04
9.55459846e-02 3.15958497e-04 5.29516521e-04
9.60651655e-02 6.61467495e-04 5.12337993e-04
9.65843449e-02 -3.86641338e-04 5.18004475e-04
9.71035228e-02 8.44315778e-04 5.10847288e-04
9.76226992e-02 -2.91266947e-04 5.00507023e-04
9.81418741e-02 7.68588033e-04 4.93366402e-04
9.86610475e-02 3.75394516e-04 4.82643406e-04
9.91802194e-02 -5.96038530e-04 4.88485417e-04
9.96993898e-02 3.51703811e-04 5.08019902e-04
1.00218559e-01 1.77884841e-04 5.11870856e-04
1.00737726e-01 -4.86866117e-04 4.93930300e-04
1.01256892e-01 -1.28952475e-04 4.94190350e-04
1.01776056e-01 5.89798306e-05 4.91778752e-04
1.02295218e-01 -1.57365534e-04 4.90800487e-04
1.02814380e-01 -3.79224659e-04 4.87348687e-04
1.03333539e-01 -2.02046611e-04 4.85890827e-04
1.03852697e-01 -7.68242345e-04 4.91424343e-04
1.04371853e-01 4.70334060e-04 4.87842026e-04
1.04891008e-01 -2.20067430e-04 5.03577279e-04
1.05410161e-01 -5.44203330e-04 5.17222143e-04
1.05929312e-01 1.11553212e-04 4.93562112e-04
1.06448462e-01 -1.07065526e-04 4.85178283e-04
1.06967610e-01 -8.98667206e-04 4.81651358e-04
1.07486757e-01 1.39175917e-04 4.84753986e-04
1.08005902e-01 -9.43512382e-04 4.69562888e-04
1.08525045e-01 1.08208875e-04 4.69060840e-04
1.09044187e-01 2.80346005e-04 4.78958490e-04
1.09563327e-01 3.84062948e-04 4.93419760e-04
1.10082465e-01 1.93784785e-05 4.79996257e-04
1.10601601e-01 4.20782217e-04 4.93680948e-04
1.11120736e-01 1.16945058e-03 4.69851888e-04
1.11639869e-01 1.29179669e-04 4.67880633e-04
1.12159001e-01 2.32955813e-04 4.70080047e-04
1.12678130e-01 4.50590315e-04 4.68309678e-04
1.13197258e-01 5.72048587e-04 4.72292220e-04
1.13716385e-01 -2.08829388e-04 4.65829091e-04
1.14235509e-01 1.00558401e-03 4.76884903e-04
1.14754632e-01 7.02098296e-05 4.52760705e-04
1.15273753e-01 4.34832241e-05 4.67940278e-04
1.15792872e-01 1.06176718e-04 4.72474866e-04
1.16311989e-01 1.28479577e-03 4.94266140e-04
1.16831105e-01 -2.14857761e-04 4.72670315e-04
1.17350219e-01 -3.63620644e-04 4.68625250e-04
1.17869331e-01 -5.06651526e-05 4.87136617e-04
1.18388441e-01 -4.35036123e-05 4.59932464e-04
1.18907549e-01 -4.17842775e-04 4.62911645e-04
1.19426656e-01 -1.56694136e-04 4.58564121e-04
1.19945761e-01 6.72078095e-04 4.64416140e-04
1.20464864e-01 1.51064269e-04 4.64127780e-04
1.20983965e-01 7.26859563e-05 4.50657411e-04
1.21503064e-01 2.52463745e-04 4.56426295e-04
1.22022161e-01 -4.71937592e-04 4.43937407e-04
1.22541256e-01 3.60460553e-04 4.50280826e-04
1.23060350e-01 4.87750246e-04 4.53474578e-04
1.23579442e-01 -2.62737754e-04 4.40435765e-04
1.24098531e-01 -2.20827906e-04 4.36318739e-04
1.24617619e-01 -3.65880802e-04 4.40364694e-04
1.25136705e-01 1.39161460e-03 4.34011888e-04
1.25655789e-01 1.83467876e-04 4.33939959e-04
1.26174871e-01 3.71001689e-04 4.37334271e-04
1.26693952e-01 2.56915690e-04 4.32092533e-04
1.27213030e-01 -3.08154103e-04 4.34144419e-04
1.27732106e-01 1.36260949e-04 4.31902074e-04
1.28251180e-01 -6.02402375e-04 4.38023977e-04
1.28770253e-01 6.58842157e-04 4.29463725e-04
1.29289323e-01 3.01743423e-04 4.44774930e-04
1.29808391e-01 6.51465869e-04 4.28270813e-04
1.30327458e-01 6.49393936e-04 4.35535189e-04
1.30846522e-01 1.23798598e-04 4.39965602e-04
1.31365584e-01 -3.89004751e-04 4.31574806e-04
1.31884645e-01 3.02519317e-04 4.41162757e-04
1.32403703e-01 1.95524082e-04 4.28524944e-04
1.32922759e-01 -1.61962453e-04 4.16187454e-04
1.33441814e-01 -1.36484251e-04 4.36209567e-04
1.33960866e-01 -2.70498471e-04 4.26207040e-04
1.34479916e-01 5.50354383e-04 4.26447078e-04
1.34998964e-01 1.59598041e-04 4.19224139e-04
1.35518010e-01 5.97486495e-04 4.19993531e-04
1.36037054e-01 -6.73471809e-05 4.06086796e-04
1.36556096e-01 2.49623721e-04 4.04866150e-04
1.37075135e-01 -3.45044474e-04 4.14706678e-04
1.37594173e-01 -3.87197619e-04 4.21402767e-04
1.38113208e-01 1.67484580e-04 4.16663545e-04
1.38632242e-01 4.48986106e-04 4.12945299e-04
1.39151273e-01 6.81846827e-05 4.31501546e-04
1.39670302e-01 6.86128716e-04 4.19854378e-04
1.40189329e-01 -1.48054945e-04 4.21134030e-04
1.40708354e-01 4.69045210e-05 4.20599842e-04
1.41227377e-01 1.54747301e-04 4.22806714e-04
1.41746397e-01 -4.65985251e-05 4.27325847e-04
1.42265415e-01 -2.45899946e-04 4.25063266e-04
1.42784432e-01 3.19183460e-05 4.22427685e-04
1.43303446e-01 4.33787534e-04 4.17180276e-04
1.43822457e-01 6.06511310e-04 4.26163272e-04
1.44341467e-01 4.55910972e-04 4.27496414e-04
1.44860474e-01 -4.67549655e-04 4.21359682e-04
1.45379479e-01 -1.58080057e-04 4.06971090e-04
1.45898482e-01 -1.97836118e-04 4.03551102e-04
1.46417483e-01 5.40851252e-04 4.13957959e-04
1.46936481e-01 1.90094983e-04 3.98165527e-04
1.47455477e-01 3.34085900e-05 4.03143239e-04
1.47974471e-01 3.61997198e-04 4.02645418e-04
1.48493463e-01 3.45538525e-04 4.05607405e-04
1.49012452e-01 1.56705036e-04 3.92570456e-04
1.49531439e-01 -4.04852529e-04 3.99686862e-04
1.50050424e-01 2.98210517e-04 3.82950507e-04
1.50569406e-01 4.63671610e-04 3.92350821e-04
1.51088386e-01 1.01764768e-04 4.01803605e-04
1.51607364e-01 -3.46618426e-04 4.04832175e-04
1.52126339e-01 5.13882329e-04 4.05351281e-04
1.52645312e-01 6.45451723e-04 3.93800367e-04
1.53164283e-01 -1.52756854e-04 3.99120201e-04
1.53683251e-01 6.05883345e-05 4.00952468e-04
1.54202218e-01 4.53154487e-04 4.05528006e-04
1.54721181e-01 9.10274679e-05 4.12742703e-04
1.55240143e-01 -2.51592695e-04 4.02403666e-04
1.55759101e-01 3.29178126e-04 4.11362301e-04
1.56278058e-01 3.12859679e-04 3.89726360e-04
1.56797012e-01 6.85354051e-05 4.05613917e-04
1.57315964e-01 3.52744216e-04 3.94448515e-04
1.57834913e-01 -2.21697032e-04 4.00827883e-04
1.58353860e-01 -8.49430540e-04 3.98079457e-04
1.58872805e-01 1.24464194e-04 4.04587640e-04
1.59391747e-01 -7.25494335e-05 4.01997242e-04
1.59910686e-01 -8.43937255e-05 4.00654655e-04
1.60429623e-01 6.66645822e-05 4.07060226e-04
1.60948558e-01 1.86230301e-04 4.05423019e-04
1.61467490e-01 3.60067161e-04 4.03518576e-04
1.61986420e-01 1.74104554e-04 3.92030510e-04
1.62505347e-01 -2.49045589e-04 3.94407616e-04
1.63024272e-01 -1.11423882e-04 3.94896973e-04
1.63543194e-01 8.52535016e-04 3.87989270e-04
1.64062114e-01 2.39915023e-04 3.97962081e-04
1.64581031e-01 3.63829361e-04 3.81979382e-04
1.65099945e-01 -5.23157097e-04 3.90364013e-04
1.65618858e-01 1.28202442e-04 3.91553016e-04
1.66137767e-01 3.99026008e-04 3.91071972e-04
1.66656674e-01 3.56732228e-04 3.81082107e-04
1.67175579e-01 -1.15781062e-04 3.76148720e-04
1.67694481e-01 3.54704038e-04 3.91330716e-04
1.68213380e-01 -1.19889628e-04 3.86671695e-04
1.68732277e-01 -3.54602059e-04 3.86872341e-04
1.69251171e-01 3.06508747e-04 3.84669572e-04
1.69770062e-01 -3.46444351e-04 3.93153177e-04
1.70288951e-01 -1.26217026e-04 3.86949878e-04
1.70807838e-01 -5.40657022e-05 3.82268634e-04
1.71326721e-01 8.45190889e-05 3.75112476e-04
1.71845603e-01 1.74874530e-04 3.85761963e-04
1.72364481e-01 1.13119346e-05 3.81538302e-04
1.72883357e-01 7.72756618e-04 3.83608568e-04
1.73402230e-01 1.44044353e-04 3.83044863e-04
1.73921100e-01 8.86535186e-04 3.77552720e-04
1.74439968e-01 -6.73630075e-05 3.83780230e-04
1.74958833e-01 -7.46164338e-04 3.78852753e-04
1.75477696e-01 4.29404115e-04 3.75528074e-04
1.75996556e-01 -5.13224097e-04 3.84066331e-04
1.76515413e-01 -1.18137937e-04 3.81536553e-04
1.77034267e-01 1.58928325e-04 3.87201638e-04
1.77553119e-01 1.34386875e-04 3.77350996e-04
1.78071968e-01 9.83367000e-05 3.79103376e-04
1.78590814e-01 7.38820382e-04 3.74000436e-04
1.79109657e-01 6.23563115e-06 3.73523082e-04
1.79628498e-01 1.58400228e-05 3.69409678e-04
1.80147336e-01 3.15163312e-04 3.68492790e-04
1.80666171e-01 -1.33485424e-04 3.72005335e-04
1.81185003e-01 4.80933952e-04 3.59356495e-04
1.81703833e-01 -1.22943850e-04 3.61157032e-04
1.82222660e-01 4.81891700e-04 3.63247219e-04
1.82741484e-01 2.93236397e-04 3.63811814e-04
1.83260305e-01 2.67731993e-04 3.68186008e-04
1.83779124e-01 2.85767701e-04 3.53081564e-04
1.84297939e-01 9.83237382e-05 3.55188557e-04
1.84816752e-01 -2.77320530e-05 3.45785316e-04
1.85335562e-01 2.10254733e-04 3.58586222e-04
1.85854369e-01 3.25767347e-04 3.53252053e-04
1.86373173e-01 -2.42316045e-04 3.47688310e-04
1.86891975e-01 -1.89858031e-04 3.51609881e-04
1.87410773e-01 -1.89552211e-04 3.43125776e-04
1.87929569e-01 -4.00892733e-05 3.42698276e-04
1.88448361e-01 4.91765027e-04 3.54367580e-04
1.88967151e-01 -7.68514007e-04 3.52247065e-04
1.89485938e-01 2.50188712e-04 3.56188796e-04
1.90004722e-01 2.44045912e-04 3.47082343e-04
1.90523503e-01 -4.10749516e-04 3.51902175e-04
1.91042282e-01 -4.50991127e-04 3.42222506e-04
1.91561057e-01 1.76031949e-04 3.49083605e-04
1.92079829e-01 9.09892904e-05 3.53412862e-04
1.92598599e-01 -7.83879213e-05 3.43172284e-04
1.93117365e-01 6.86548765e-04 3.42225834e-04
1.93636128e-01 9.49397779e-05 3.40738697e-04
1.94154889e-01 -4.96561666e-04 3.44863319e-04
1.94673646e-01 -1.76022282e-04 3.36053227e-04
1.95192401e-01 -6.78937652e-05 3.36049678e-04
1.95711153e-01 -5.94864018e-04 3.35846767e-04
1.96229901e-01 6.88304767e-04 3.37077994e-04
1.96748647e-01 5.21454171e-05 3.44010808e-04
1.97267389e-01 -3.56355933e-05 3.35300007e-04
1.97786129e-01 -3.58485417e-05 3.30224413e-04
1.98304865e-01 1.50392494e-04 3.40492365e-04
1.98823598e-01 4.69043490e-05 3.32254340e-04
1.99342329e-01 -1.29284666e-04 3.33138651e-04
1.99861056e-01 1.91898902e-04 3.27884507e-04
2.00379780e-01 2.73812039e-04 3.37517855e-04
2.00898501e-01 1.47281546e-04 3.23011982e-04
2.01417219e-01 3.99197487e-04 3.33695533e-04
2.01935934e-01 1.22104701e-04 3.32079523e-04
2.02454646e-01 -5.40735281e-04 3.24334329e-04
2.02973355e-01 2.36165980e-04 3.23200229e-04
2.03492061e-01 1.22519393e-05 3.27624415e-04
2.04010763e-01 4.08863818e-04 3.35114091e-04
2.04529463e-01 -3.84042822e-05 3.25225720e-04
2.05048159e-01 2.86357394e-04 3.28838368e-04
2.05566852e-01 6.34122834e-04 3.26047056e-04
2.06085542e-01 -1.87638748e-04 3.19700651e-04
2.06604229e-01 -6.14653490e-05 3.29395993e-04
2.07122913e-01 -3.69401769e-04 3.20029347e-04
2.07641593e-01 -1.53819482e-04 3.13487034e-04
2.08160270e-01 -2.03822886e-04 3.14055469e-04
2.08678944e-01 3.23589755e-04 3.18456306e-04
2.09197615e-01 -1.23798745e-04 3.15447151e-04
2.09716283e-01 -1.77745426e-04 3.20597627e-04
2.10234947e-01 3.61631621e-04 3.15523259e-04
2.10753609e-01 7.53586781e-05 3.11719673e-04
2.11272267e-01 7.04281772e-05 3.15962649e-04
2.11790921e-01 -2.33493021e-05 3.12276012e-04
2.12309573e-01 6.37739540e-05 3.10921717e-04
2.12828221e-01 4.05405159e-04 3.10153694e-04
2.13346866e-01 1.35934264e-04 3.08206223e-04
2.13865508e-01 5.41700257e-05 3.06980765e-04
2.14384146e-01 3.29797013e-04 3.13183672e-04
2.14902781e-01 -3.49188574e-04 3.14017926e-04
2.15421413e-01 2.26860510e-04 3.15500523e-04
2.15940042e-01 3.79620353e-04 3.14919810e-04
2.16458667e-01 -7.37408049e-05 3.12710046e-04
2.16977289e-01 -1.56971417e-04 3.17144832e-04
2.17495907e-01 4.98338973e-04 3.17175054e-04
2.18014523e-01 1.96005168e-04 3.09744965e-04
2.18533135e-01 -4.25895126e-04 3.03307017e-04
2.19051743e-01 -1.01272174e-04 3.16495304e-04
2.19570348e-01 5.02416933e-04 3.16851918e-04
2.20088950e-01 2.20646701e-04 3.06038787e-04
2.20607549e-01 -1.80563402e-04 3.02414923e-04
2.21126144e-01 3.71517860e-04 3.05258338e-04
2.21644735e-01 9.70370169e-05 3.04476287e-04
2.22163324e-01 -1.84862235e-05 3.06428769e-04
2.22681909e-01 1.33339921e-04 2.99111980e-04
2.23200490e-01 -3.27665126e-04 3.02411454e-04
2.23719068e-01 2.82315260e-04 3.01003409e-04
2.24237643e-01 3.63289364e-04 3.00856316e-04
2.24756214e-01 4.92984371e-05 2.96725643e-04
2.25274781e-01 3.63861929e-04 3.02708956e-04
2.25793346e-01 1.23904460e-04 3.03270588e-04
2.26311907e-01 1.01015728e-05 2.95820212e-04
2.26830464e-01 6.91807623e-05 3.04264541e-04
2.27349018e-01 1.84170564e-04 3.03369127e-04
2.27867568e-01 4.75214863e-04 3.01300721e-04
2.28386115e-01 1.02265298e-04 2.97616378e-04
2.28904658e-01 -3.47895451e-04 2.94965080e-04
2.29423198e-01 -1.38890154e-04 2.95684915e-04
2.29941734e-01 -2.45174000e-04 2.97806464e-04
2.30460267e-01 1.07880467e-05 3.02599283e-04
2.30978797e-01 1.37187412e-04 2.99866467e-04
2.31497322e-01 -3.30253930e-04 2.95356054e-04
2.32015844e-01 -8.23498990e-05 2.97456109e-04
2.32534363e-01 2.68176969e-04 2.92373362e-04
2.33052878e-01 -4.76148491e-05 2.93007643e-04
2.33571390e-01 6.95754638e-05 2.89731783e-04
2.34089898e-01 3.84892162e-04 2.94618443e-04
2.34608402e-01 5.52408092e-05 2.90677074e-04
2.35126903e-01 -5.97594349e-05 2.88373856e-04
2.35645400e-01 -1.55448464e-04 2.89583764e-04
2.36163893e-01 1.59772391e-04 2.88550592e-04
2.36682383e-01 -3.27045188e-04 2.89022685e-04
2.37200869e-01 1.37752376e-04 2.99113544e-04
2.37719352e-01 4.93318407e-05 2.86888039e-04
2.38237831e-01 1.54920459e-04 2.90771175e-04
2.38756306e-01 2.43871475e-04 2.92992648e-04
2.39274778e-01 4.47439320e-04 2.88488277e-04
2.39793246e-01 5.19043843e-05 2.89062530e-04
2.40311710e-01 -1.75316038e-04 2.83434843e-04
2.40830171e-01 -1.73725280e-04 2.86054553e-04
2.41348628e-01 5.39778312e-04 2.86448459e-04
2.41867081e-01 -2.15125411e-05 2.92206244e-04
2.42385531e-01 3.61858045e-05 2.86581315e-04
2.42903976e-01 2.62346075e-04 2.90266260e-04
2.43422418e-01 -4.03889017e-04 2.91241907e-04
2.43940857e-01 -7.00979737e-05 2.81990430e-04
2.44459291e-01 -1.10400270e-04 2.82668579e-04
2.44977722e-01 1.63789163e-04 2.78702251e-04
2.45496149e-01 2.88632030e-04 2.82058474e-04
2.46014573e-01 -3.17259556e-04 2.81044861e-04
2.46532992e-01 -1.41712907e-04 2.83904408e-04
2.47051408e-01 -1.10857884e-04 2.81547445e-04
2.47569820e-01 -3.17916198e-04 2.77531006e-04
2.48088228e-01 4.84583410e-04 2.79556094e-04
2.48606633e-01 2.59133705e-05 2.77243935e-04
2.49125033e-01 3.32970660e-04 2.80537903e-04
2.49643430e-01 1.17246255e-04 2.82664048e-04
2.50161823e-01 -1.70190585e-04 2.77429468e-04
2.50680212e-01 -9.94337669e-06 2.77509547e-04
2.51198598e-01 -1.22561295e-04 2.78658278e-04
2.51716979e-01 1.63063348e-04 2.77006750e-04
2.52235357e-01 3.55301064e-04 2.78261472e-04
2.52753730e-01 -2.93070398e-04 2.80540074e-04
2.53272100e-01 5.35794946e-04 2.83399501e-04
2.53790466e-01 3.01640696e-04 2.70999081e-04
2.54308828e-01 -4.29525125e-05 2.75164915e-04
2.54827186e-01 -1.21994810e-04 2.74969731e-04
2.55345541e-01 -9.57568815e-05 2.73540068e-04
2.55863891e-01 2.46700034e-04 2.77501672e-04
2.56382237e-01 2.67729854e-04 2.73336005e-04
2.56900580e-01 -1.38652304e-04 2.69936686e-04
2.57418919e-01 -2.09892591e-04 2.71313424e-04
2.57937253e-01 1.14800216e-04 2.76602407e-04
2.58455584e-01 -1.10856850e-04 2.78192930e-04
2.58973911e-01 1.03551256e-04 2.71748308e-04
2.59492233e-01 1.04376614e-05 2.73636219e-04
2.60010552e-01 4.27738407e-05 2.66461061e-04
2.60528867e-01 -1.82284721e-04 2.66461859e-04
2.61047178e-01 -3.94340427e-04 2.62151419e-04
2.61565484e-01 5.80803762e-05 2.70427886e-04
2.62083787e-01 2.07530141e-04 2.70463254e-04
2.62602086e-01 1.07689155e-05 2.68249323e-04
2.63120381e-01 -2.02201984e-04 2.73144223e-04
2.63638671e-01 2.87029383e-04 2.72755648e-04
2.64156958e-01 -7.38889453e-05 2.76829639e-04
2.64675241e-01 3.68544050e-05 2.72259061e-04
2.65193519e-01 3.29016573e-04 2.75201534e-04
2.65711794e-01 5.02789886e-05 2.70989789e-04
2.66230064e-01 8.87701536e-04 2.80932241e-04
2.66748330e-01 4.34797036e-04 2.69115636e-04
2.67266593e-01 4.61063104e-05 2.72691843e-04
2.67784851e-01 1.01747233e-05 2.71617250e-04
2.68303105e-01 1.78970871e-04 2.75021347e-04
2.68821355e-01 1.02837509e-04 2.73520420e-04
2.69339601e-01 -3.21683505e-04 2.68221806e-04
2.69857842e-01 -1.44533342e-04 2.73003824e-04
2.70376080e-01 2.51017452e-04 2.64945398e-04
2.70894314e-01 5.38693835e-04 2.67366357e-04
2.71412543e-01 2.08764092e-04 2.72657227e-04
2.71930768e-01 -1.13546632e-04 2.72942899e-04
2.72448989e-01 4.13485363e-04 2.71256833e-04
2.72967206e-01 -2.85056292e-04 2.65410153e-04
2.73485418e-01 8.97773188e-05 2.69573481e-04
2.74003627e-01 -2.63318243e-04 2.62961753e-04
2.74521831e-01 -3.49626009e-05 2.68865347e-04
2.75040031e-01 -4.58788400e-04 2.61431957e-04
2.75558227e-01 -1.16799575e-04 2.60788796e-04
2.76076418e-01 2.98079653e-04 2.64713065e-04
2.76594606e-01 -2.79213323e-05 2.63002026e-04
2.77112789e-01 -3.03827987e-04 2.56186854e-04
2.77630968e-01 5.38138437e-05 2.64368501e-04
2.78149142e-01 5.62310103e-05 2.65414221e-04
2.78667313e-01 1.43512717e-04 2.61405796e-04
2.79185479e-01 2.14115733e-04 2.66779333e-04
2.79703640e-01 -1.09346724e-05 2.63420869e-04
2.80221798e-01 -5.18830762e-05 2.62590619e-04
2.80739951e-01 3.74112023e-04 2.69651021e-04
2.81258100e-01 1.84098500e-04 2.68160756e-04
2.81776245e-01 5.27487421e-05 2.64552747e-04
2.82294385e-01 5.36041475e-04 2.68172892e-04
2.82812521e-01 -8.94270157e-05 2.63269798e-04
2.83330653e-01 -4.41175020e-05 2.63565713e-04
2.83848780e-01 3.91272719e-04 2.64139302e-04
2.84366903e-01 -5.90074756e-04 2.58994206e-04
2.84885022e-01 3.78316689e-04 2.68783660e-04
2.85403136e-01 -1.64979915e-04 2.63792205e-04
2.85921246e-01 2.06016951e-04 2.64913258e-04
2.86439351e-01 -1.41545900e-04 2.65148259e-04
2.86957452e-01 5.72948125e-04 2.70118063e-04
2.87475549e-01 4.08031471e-04 2.63041260e-04
2.87993641e-01 2.19079744e-05 2.60693672e-04
2.88511729e-01 2.92950705e-04 2.60943567e-04
2.89029813e-01 -5.36481076e-04 2.56922556e-04
2.89547892e-01 2.05212314e-05 2.66168397e-04
2.90065967e-01 2.66501901e-04 2.60167864e-04
2.90584037e-01 2.57968171e-04 2.59152397e-04
2.91102103e-01 3.34266161e-04 2.57836951e-04
2.91620164e-01 1.07632571e-04 2.59201904e-04
2.92138221e-01 3.01828492e-05 2.61492367e-04
2.92656273e-01 2.66540764e-05 2.59410808e-04
2.93174321e-01 3.30607850e-04 2.57917598e-04
2.93692364e-01 4.39759523e-04 2.55529636e-04
2.94210403e-01 -1.85240002e-04 2.52656212e-04
2.94728437e-01 6.48695088e-05 2.51872018e-04
2.95246467e-01 9.81761670e-05 2.50674097e-04
2.95764493e-01 -1.60259245e-04 2.52373552e-04
2.96282514e-01 3.28586234e-04 2.54733632e-04
2.96800530e-01 2.68027881e-04 2.53433914e-04
2.97318542e-01 1.67995998e-04 2.52516147e-04
2.97836549e-01 8.80841450e-05 2.51438709e-04
2.98354551e-01 -1.76517796e-05 2.49406228e-04
2.98872549e-01 -2.86888245e-04 2.46399853e-04
2.99390543e-01 2.82012261e-05 2.52767925e-04
2.99908532e-01 3.66752902e-04 2.47622577e-04
3.00426516e-01 -1.77005946e-04 2.46427958e-04
3.00944496e-01 -1.54252587e-04 2.45165226e-04
3.01462471e-01 -1.70469213e-04 2.43550831e-04
3.01980441e-01 7.13670912e-05 2.47355528e-04
3.02498407e-01 2.10520969e-04 2.51559940e-04
3.03016368e-01 2.53390680e-04 2.50726563e-04
3.03534325e-01 -1.69632800e-04 2.48519206e-04
3.04052277e-01 -8.87788143e-05 2.45837705e-04
3.04570224e-01 -2.31688452e-04 2.48761109e-04
3.05088167e-01 2.08574748e-04 2.46714591e-04
3.05606105e-01 1.81697455e-04 2.43399730e-04
3.06124038e-01 4.24271470e-05 2.43379074e-04
3.06641967e-01 3.93055506e-04 2.45748336e-04
3.07159891e-01 -1.52799450e-05 2.42663114e-04
3.07677810e-01 -1.29518422e-04 2.40606995e-04
3.08195724e-01 -5.02029905e-04 2.39403666e-04
3.08713634e-01 1.72362068e-04 2.41807330e-04
3.09231539e-01 -2.79319204e-04 2.39856465e-04
3.09749440e-01 -1.23342346e-04 2.37641105e-04
3.10267335e-01 1.32228592e-04 2.35812200e-04
3.10785226e-01 2.58224541e-04 2.39116203e-04
3.11303112e-01 2.90053996e-04 2.39693508e-04
3.11820993e-01 3.36691417e-05 2.42029092e-04
3.12338870e-01 -2.68375276e-04 2.38639451e-04
3.12856742e-01 2.94462754e-05 2.39964799e-04
3.13374609e-01 2.28458149e-04 2.42466531e-04
3.13892471e-01 -2.14057000e-04 2.36861011e-04
3.14410328e-01 2.74866518e-04 2.39423664e-04
3.14928181e-01 -1.14361326e-04 2.38081929e-04
3.15446029e-01 2.76541327e-05 2.35842909e-04
3.15963871e-01 -2.41347905e-05 2.38578215e-04
3.16481710e-01 4.60693704e-04 2.36197536e-04
3.16999543e-01 -4.61888324e-05 2.36042158e-04
3.17517371e-01 6.78558425e-05 2.38412972e-04
3.18035195e-01 2.79772855e-04 2.40163933e-04
3.18553013e-01 1.51650734e-04 2.31924978e-04
3.19070827e-01 4.13553187e-04 2.33148376e-04
3.19588636e-01 -6.15533877e-06 2.35515287e-04
3.20106440e-01 2.38494893e-04 2.34017551e-04
3.20624239e-01 2.93696960e-05 2.32808503e-04
3.21142033e-01 -6.32886148e-05 2.38208752e-04
3.21659823e-01 4.22621989e-04 2.29598479e-04
3.22177607e-01 2.67818802e-04 2.33424101e-04
3.22695387e-01 4.27588229e-04 2.25593812e-04
3.23213161e-01 -5.47146316e-05 2.32925245e-04
3.23730931e-01 -3.08268345e-05 2.33026378e-04
3.24248695e-01 8.65937708e-05 2.36523404e-04
3.24766455e-01 -6.99507294e-05 2.36069948e-04
3.25284210e-01 5.32361910e-05 2.32455935e-04
3.25801959e-01 1.88769426e-05 2.36260863e-04
3.26319704e-01 -1.41448678e-05 2.30156619e-04
3.26837444e-01 7.69884541e-05 2.30034638e-04
3.27355179e-01 -1.75298169e-04 2.29944271e-04
3.27872908e-01 -9.66294505e-05 2.31489059e-04
3.28390633e-01 1.18179402e-04 2.33641742e-04
3.28908353e-01 -8.86501294e-05 2.31266210e-04
3.29426067e-01 -3.57760781e-04 2.29108393e-04
3.29943777e-01 7.69166770e-05 2.33417852e-04
3.30461482e-01 8.47307343e-05 2.32314970e-04
3.30979181e-01 -9.37354741e-05 2.32184761e-04
3.31496876e-01 -3.61661821e-04 2.25497172e-04
3.32014565e-01 3.36827860e-04 2.26854635e-04
3.32532249e-01 -6.97123135e-05 2.26176692e-04
3.33049928e-01 9.62001475e-05 2.26842486e-04
3.33567603e-01 5.38705362e-05 2.25707066e-04
3.34085272e-01 -5.71116932e-05 2.25389438e-04
3.34602936e-01 1.39187771e-04 2.25733712e-04
3.35120594e-01 -8.33313439e-05 2.21840577e-04
3.35638248e-01 -2.22314045e-04 2.27004551e-04
3.36155897e-01 -5.41710303e-05 2.27260928e-04
3.36673540e-01 4.05395752e-04 2.26677649e-04
3.37191178e-01 9.12397263e-05 2.25639209e-04
3.37708811e-01 2.03186730e-04 2.25592777e-04
3.38226439e-01 2.07684226e-04 2.22922601e-04
3.38744062e-01 -3.20619974e-04 2.19061619e-04
3.39261680e-01 -1.50904688e-04 2.20903816e-04
3.39779292e-01 8.86687936e-05 2.24463386e-04
3.40296899e-01 -1.88248976e-04 2.20376061e-04
3.40814501e-01 -4.87085957e-05 2.22121605e-04
3.41332098e-01 1.39115894e-04 2.22033356e-04
3.41849690e-01 4.14801093e-04 2.27834261e-04
3.42367276e-01 3.43988209e-05 2.22843379e-04
3.42884857e-01 -3.32906874e-04 2.16604101e-04
3.43402433e-01 6.47649018e-05 2.19345761e-04
3.43920004e-01 9.43451830e-05 2.16616386e-04
3.44437569e-01 1.78946693e-04 2.19852578e-04
3.44955129e-01 -6.65609301e-05 2.17179418e-04
3.45472684e-01 1.80101607e-04 2.18927472e-04
3.45990233e-01 2.67839223e-04 2.18909123e-04
3.46507778e-01 1.07204796e-04 2.15575173e-04
3.47025317e-01 -1.71635065e-04 2.20050731e-04
3.47542850e-01 1.57182153e-04 2.16535394e-04
3.48060379e-01 -6.88196393e-06 2.19308665e-04
3.48577902e-01 -4.70573195e-05 2.16819676e-04
3.49095419e-01 1.17055681e-04 2.16627251e-04
3.49612932e-01 -1.03598444e-04 2.16323210e-04
3.50130439e-01 -1.13583080e-04 2.15597338e-04
3.50647940e-01 -1.55362104e-04 2.14976935e-04
3.51165437e-01 -1.65777231e-04 2.14936652e-04
3.51682928e-01 1.09883625e-04 2.14717633e-04
3.52200413e-01 4.36691624e-05 2.17702044e-04
3.52717893e-01 6.93255876e-05 2.18305250e-04
3.53235368e-01 2.42049463e-04 2.16143489e-04
3.53752837e-01 -8.45646814e-06 2.13529648e-04
3.54270301e-01 -8.79497852e-05 2.17194419e-04
3.54787760e-01 3.06141061e-04 2.15404007e-04
3.55305213e-01 1.50921028e-04 2.15775568e-04
3.55822661e-01 -1.42658751e-04 2.12643815e-04
3.56340103e-01 1.75134109e-04 2.13225103e-04
3.56857540e-01 1.31164375e-04 2.14832450e-04
3.57374971e-01 -1.29761180e-04 2.13688749e-04
3.57892397e-01 -8.30569036e-05 2.10267436e-04
3.58409818e-01 -1.13912132e-04 2.14300327e-04
3.58927232e-01 -2.85443688e-04 2.14327398e-04
3.59444642e-01 1.89960903e-04 2.13987710e-04
3.59962046e-01 3.70013528e-04 2.13592656e-04
3.60479444e-01 1.36044861e-04 2.09964977e-04
3.60996837e-01 -6.85392841e-05 2.16037469e-04
3.61514225e-01 2.84441200e-04 2.11853194e-04
3.62031607e-01 1.03091656e-04 2.12707148e-04
3.62548983e-01 1.28762167e-04 2.09589924e-04
3.63066354e-01 -3.21395480e-04 2.06619990e-04
3.63583719e-01 2.95687383e-04 2.06896967e-04
3.64101079e-01 5.72255462e-05 2.11137236e-04
3.64618433e-01 -5.47849303e-06 2.10073763e-04
3.65135782e-01 -1.42196116e-04 2.12166104e-04
3.65653125e-01 -1.85997585e-04 2.08780911e-04
3.66170462e-01 3.95930533e-04 2.05687821e-04
3.66687794e-01 -3.85863710e-04 2.06555580e-04
3.67205121e-01 -4.06875239e-06 2.06219812e-04
3.67722441e-01 2.81283969e-04 2.07708507e-04
3.68239756e-01 3.70452807e-04 2.09246266e-04
3.68757066e-01 8.61423797e-05 2.07296778e-04
3.69274369e-01 1.78946914e-04 2.09499263e-04
3.69791668e-01 2.22570155e-04 2.06594971e-04
3.70308960e-01 8.48360738e-05 2.04151561e-04
3.70826247e-01 1.59929345e-04 2.06841192e-04
3.71343528e-01 1.23874833e-04 2.07829294e-04
3.71860803e-01 -4.35854448e-05 2.06291606e-04
3.72378073e-01 5.14071133e-04 2.09947948e-04
3.72895337e-01 8.24641649e-05 2.13560382e-04
3.73412596e-01 -1.10980014e-04 2.11860615e-04
3.73929849e-01 2.36361315e-04 2.13792273e-04
3.74447096e-01 -2.33436670e-05 2.12753221e-04
3.74964337e-01 -1.51123203e-04 2.16157577e-04
3.75481572e-01 5.10932947e-05 2.16368119e-04
3.75998802e-01 1.90897045e-04 2.14908120e-04
3.76516026e-01 5.77374726e-05 2.18349584e-04
3.77033245e-01 -9.20723931e-05 2.17032854e-04
3.77550457e-01 3.40345402e-04 2.18444082e-04
3.78067664e-01 1.84157649e-04 2.17885942e-04
3.78584865e-01 1.10013254e-04 2.17225222e-04
3.79102060e-01 -4.69882958e-05 2.21719050e-04
3.79619250e-01 3.20279436e-04 2.22414294e-04
3.80136433e-01 -3.30471572e-05 2.19476605e-04
3.80653611e-01 -2.14809942e-06 2.22070299e-04
3.81170783e-01 1.73428581e-04 2.18314383e-04
3.81687950e-01 -9.81506271e-06 2.15882574e-04
3.82205110e-01 5.65856665e-05 2.12665512e-04
3.82722265e-01 4.19516429e-04 2.13366125e-04
3.83239413e-01 7.28597540e-05 2.14912241e-04
3.83756556e-01 -8.22663067e-05 2.14223547e-04
3.84273693e-01 -3.23486237e-05 2.16277500e-04
3.84790824e-01 3.09487114e-04 2.14677595e-04
3.85307950e-01 -2.86446194e-06 2.15511807e-04
3.85825069e-01 -3.34811090e-05 2.12593687e-04
3.86342183e-01 -1.16327715e-04 2.12743335e-04
3.86859290e-01 1.67260349e-04 2.15023990e-04
3.87376392e-01 9.61881530e-05 2.14020501e-04
3.87893488e-01 -3.89365486e-05 2.14359225e-04
3.88410577e-01 2.34985779e-04 2.16094722e-04
3.88927661e-01 1.46389156e-04 2.17188144e-04
3.89444739e-01 -8.49214297e-05 2.17630846e-04
3.89961811e-01 1.79397437e-04 2.16381446e-04
3.90478878e-01 2.93597366e-04 2.18291239e-04
3.90995938e-01 4.05513450e-04 2.23740513e-04
3.91512992e-01 -4.02970041e-04 2.18938141e-04
3.92030040e-01 -3.01012161e-04 2.15257664e-04
3.92547082e-01 -1.96716174e-04 2.16554546e-04
3.93064118e-01 -3.17625147e-05 2.19496366e-04
3.93581149e-01 -2.79154358e-05 2.17369761e-04
3.94098173e-01 -2.51534938e-04 2.20096944e-04
3.94615191e-01 3.61585043e-04 2.21796021e-04
3.95132203e-01 1.66317980e-04 2.28030003e-04
3.95649209e-01 1.74861494e-04 2.22892653e-04
3.96166209e-01 2.09952573e-04 2.22641102e-04
3.96683203e-01 1.10393952e-04 2.23908602e-04
3.97200191e-01 2.45124796e-04 2.23691335e-04
3.97717173e-01 -2.65279797e-04 2.21972442e-04
3.98234149e-01 -3.37864918e-04 2.28549343e-04
3.98751119e-01 -1.84300748e-06 2.27190158e-04
3.99268083e-01 -1.05541147e-04 2.28859920e-04
3.99785040e-01 3.21118661e-04 2.26804115e-04
4.00301992e-01 -1.17246176e-04 2.26750395e-04
4.00818937e-01 1.12427610e-04 2.32327600e-04
4.01335876e-01 1.61583823e-04 2.30723187e-04
4.01852810e-01 -2.20618127e-04 2.29782395e-04
4.02369737e-01 9.23455177e-06 2.53411205e-04
4.02886658e-01 1.32707822e-05 2.76279498e-04
4.03403572e-01 3.85963160e-04 2.93899088e-04
4.03920481e-01 3.97829448e-04 3.12156172e-04
4.04437383e-01 1.97742957e-04 3.17809316e-04
4.04954280e-01 -1.24640959e-04 3.27665918e-04
4.05471170e-01 5.10030964e-04 3.62237331e-04
4.05988054e-01 3.20036821e-04 4.04261771e-04
4.06504931e-01 7.81521213e-05 4.64011928e-04
4.07021803e-01 6.13387901e-04 5.61134913e-04
4.07538668e-01 -5.39725371e-03 3.87338550e-03
