7.27043000e-03 1.06912269e-02 1.44256888e-02
7.78974585e-03 8.62747177e-03 1.00089399e-02
8.30906158e-03 1.70342597e-02 8.03625808e-03
8.82837719e-03 4.57822469e-03 4.70993796e-03
9.34769265e-03 1.58032255e-02 3.91409349e-03
9.86700798e-03 9.53434019e-03 2.90477569e-03
1.03863231e-02 1.04091855e-02 2.65266665e-03
1.09056382e-02 8.98936531e-03 2.09069419e-03
1.14249530e-02 7.28853096e-03 2.00902863e-03
1.19442677e-02 6.69939079e-03 1.85316990e-03
1.24635822e-02 1.14497283e-02 1.79199220e-03
1.29828965e-02 9.38516570e-03 1.57774046e-03
1.35022105e-02 6.32040564e-03 1.46363524e-03
1.40215244e-02 8.21230979e-03 1.59745804e-03
1.45408381e-02 8.41431827e-03 1.46942802e-03
1.50601516e-02 8.57291447e-03 1.49605799e-03
1.55794648e-02 4.62721709e-03 1.36522743e-03
1.60987777e-02 5.11943791e-03 1.32385374e-03
1.66180905e-02 8.67424482e-03 1.27931916e-03
1.71374029e-02 8.26116946e-03 1.36161423e-03
1.76567152e-02 9.95934056e-03 1.27983426e-03
1.81760271e-02 9.84805331e-03 1.39036925e-03
1.86953388e-02 6.83578860e-03 1.19232183e-03
1.92146501e-02 7.82085772e-03 1.16999235e-03
1.97339612e-02 9.81227612e-03 1.23306600e-03
2.02532720e-02 6.08562195e-03 1.20358387e-03
2.07725824e-02 6.45481945e-03 1.16485235e-03
2.12918926e-02 6.77775500e-03 1.14674873e-03
2.18112024e-02 6.03076110e-03 1.18450243e-03
2.23305119e-02 7.89596634e-03 1.15451868e-03
2.28498210e-02 8.14710592e-03 1.13196870e-03
2.33691298e-02 5.92351048e-03 1.07701440e-03
2.38884382e-02 7.57980245e-03 1.08535818e-03
2.44077463e-02 7.97791838e-03 1.05696290e-03
2.49270540e-02 8.91163127e-03 1.03153335e-03
2.54463613e-02 8.57576203e-03 1.02482661e-03
2.59656682e-02 9.10899988e-03 1.00317965e-03
2.64849747e-02 9.75993034e-03 1.01729659e-03
2.70042808e-02 8.98579382e-03 1.04542655e-03
2.75235865e-02 7.42346310e-03 1.01575125e-03
2.80428918e-02 5.65629305e-03 1.00359227e-03
2.85621966e-02 5.84265174e-03 9.75681276e-04
2.90815010e-02 7.64324686e-03 9.70391833e-04
2.96008049e-02 6.98945920e-03 9.71580820e-04
3.01201084e-02 7.51657654e-03 9.66547921e-04
3.06394115e-02 6.17319564e-03 9.52684979e-04
3.11587140e-02 6.11609899e-03 9.07492241e-04
3.16780161e-02 7.46550140e-03 9.42972812e-04
3.21973177e-02 7.20817252e-03 9.06021643e-04
3.27166188e-02 6.60250141e-03 9.67169376e-04
3.32359194e-02 6.89289001e-03 8.51551109e-04
3.37552195e-02 6.55820761e-03 9.40586641e-04
3.42745190e-02 6.03785902e-03 9.64228757e-04
3.47938181e-02 7.64306798e-03 8.82681496e-04
3.53131166e-02 6.55803949e-03 8.73400012e-04
3.58324146e-02 6.66742669e-03 8.41974106e-04
3.63517120e-02 6.60671882e-03 9.05429478e-04
3.68710088e-02 7.07906637e-03 8.68649490e-04
3.73903051e-02 6.82879155e-03 8.44940999e-04
3.79096008e-02 5.89454077e-03 7.97797195e-04
3.84288959e-02 5.46041723e-03 8.24587290e-04
3.89481905e-02 5.81020648e-03 8.09043095e-04
3.94674844e-02 5.93019609e-03 8.17687475e-04
3.99867778e-02 7.31898534e-03 8.22284126e-04
4.05060705e-02 5.35358084e-03 8.08933280e-04
4.10253626e-02 6.46748703e-03 8.49440742e-04
4.15446540e-02 5.54146166e-03 8.29504133e-04
4.20639449e-02 5.60624966e-03 8.13753026e-04
4.25832350e-02 5.74967208e-03 7.99135688e-04
4.31025246e-02 5.72774580e-03 8.37900799e-04
4.36218134e-02 6.22143812e-03 7.78966366e-04
4.41411016e-02 5.23557781e-03 7.56719259e-04
4.46603891e-02 5.10576512e-03 7.49858364e-04
4.51796760e-02 6.09502149e-03 8.24582958e-04
4.56989621e-02 7.15495252e-03 8.43402782e-04
4.62182475e-02 6.19479145e-03 8.10406334e-04
4.67375323e-02 5.79531860e-03 8.30065134e-04
4.72568163e-02 6.91744230e-03 7.91476380e-04
4.77760995e-02 4.52785622e-03 7.88185654e-04
4.82953821e-02 5.58597308e-03 7.84256531e-04
4.88146639e-02 3.63282589e-03 8.06267447e-04
4.93339449e-02 5.26707152e-03 7.72432762e-04
4.98532252e-02 4.60592599e-03 7.78530430e-04
5.03725048e-02 5.88358115e-03 7.31557192e-04
5.08917835e-02 5.75692098e-03 7.86121201e-04
5.14110615e-02 4.83519179e-03 7.67300429e-04
5.19303387e-02 5.08255445e-03 7.39632774e-04
5.24496150e-02 5.14725042e-03 7.67548514e-04
5.29688906e-02 4.93798545e-03 7.42795268e-04
5.34881654e-02 5.59563546e-03 7.31879591e-04
5.40074393e-02 5.74247238e-03 7.39325432e-04
5.45267124e-02 5.04531681e-03 7.20469224e-04
5.50459847e-02 3.63588467e-03 7.13971945e-04
5.55652561e-02 4.91514259e-03 7.34392181e-04
5.60845267e-02 4.30334986e-03 6.97215618e-04
5.66037964e-02 4.90693099e-03 7.02005617e-04
5.71230652e-02 5.11023883e-03 7.09179686e-04
5.76423332e-02 3.80702030e-03 6.80561420e-04
5.81616003e-02 5.01745970e-03 6.87313687e-04
5.86808665e-02 4.40383351e-03 7.06924498e-04
5.92001317e-02 4.13800123e-03 7.04112099e-04
5.97193961e-02 4.41095748e-03 7.27253645e-04
6.02386596e-02 4.52145040e-03 7.22456458e-04
6.07579221e-02 4.24873717e-03 7.07545817e-04
6.12771837e-02 4.44627499e-03 6.97695816e-04
6.17964443e-02 3.87792962e-03 7.02050815e-04
6.23157040e-02 4.84691868e-03 6.84124273e-04
6.28349628e-02 3.76103633e-03 6.88306320e-04
6.33542206e-02 4.01946894e-03 6.79013787e-04
6.38734774e-02 3.97929928e-03 6.89578455e-04
6.43927332e-02 4.79048857e-03 7.14976734e-04
6.49119880e-02 3.70111439e-03 7.13669028e-04
6.54312419e-02 3.91150573e-03 7.28520616e-04
6.59504947e-02 3.60723722e-03 6.66275185e-04
6.64697465e-02 3.25843259e-03 7.00409648e-04
6.69889973e-02 4.02352295e-03 7.20819942e-04
6.75082471e-02 4.19542875e-03 6.65633901e-04
6.80274958e-02 3.74924708e-03 6.90382498e-04
6.85467435e-02 3.19384806e-03 6.73277508e-04
6.90659901e-02 3.15136119e-03 6.62209633e-04
6.95852357e-02 2.68812084e-03 6.59598094e-04
7.01044802e-02 2.96369439e-03 6.37847726e-04
7.06237236e-02 2.58240966e-03 6.66604474e-04
7.11429659e-02 3.96477900e-03 6.49514747e-04
7.16622072e-02 3.07794892e-03 6.29917386e-04
7.21814473e-02 3.64640980e-03 6.20880298e-04
7.27006863e-02 3.35759219e-03 6.42206730e-04
7.32199243e-02 2.96928108e-03 6.08001807e-04
7.37391611e-02 2.77860723e-03 6.32154598e-04
7.42583967e-02 3.76664756e-03 6.41126043e-04
7.47776312e-02 3.70809556e-03 6.19973207e-04
7.52968646e-02 2.81041184e-03 6.15164691e-04
7.58160968e-02 2.60596672e-03 5.92208274e-04
7.63353279e-02 2.32105952e-03 5.85982458e-04
7.68545577e-02 3.24228744e-03 5.96171991e-04
7.73737864e-02 2.67524995e-03 5.79967730e-04
7.78930139e-02 2.12430582e-03 5.70716840e-04
7.84122402e-02 1.90982527e-03 5.85808645e-04
7.89314653e-02 2.95867987e-03 5.91245519e-04
7.94506892e-02 2.30064511e-03 5.91224907e-04
7.99699119e-02 1.77741952e-03 5.86939606e-04
8.04891333e-02 2.44662538e-03 5.85533198e-04
8.10083535e-02 2.22984147e-03 5.75101318e-04
8.15275725e-02 1.43009098e-03 5.76133273e-04
8.20467902e-02 1.95392303e-03 5.86481438e-04
8.25660066e-02 2.61708815e-03 5.80862598e-04
8.30852218e-02 2.77380540e-03 5.62151016e-04
8.36044357e-02 2.60938207e-03 5.61536566e-04
8.41236483e-02 2.73950336e-03 5.60439973e-04
8.46428596e-02 2.54042080e-03 5.72107088e-04
8.51620696e-02 2.24410967e-03 5.53746681e-04
8.56812784e-02 2.60656560e-03 5.64044759e-04
8.62004858e-02 1.97257623e-03 5.48033591e-04
8.67196918e-02 2.12207451e-03 5.65208513e-04
8.72388966e-02 2.04206753e-03 5.43393958e-04
8.77581000e-02 1.81769494e-03 5.55050004e-04
8.82773020e-02 1.01771861e-03 5.41266644e-04
8.87965027e-02 1.83472762e-03 5.39866744e-04
8.93157020e-02 1.92536515e-03 5.70745886e-04
8.98349000e-02 1.99689850e-03 5.42912383e-04
9.03540966e-02 1.60831502e-03 5.34058358e-04
9.08732917e-02 8.48762783e-04 5.22916522e-04
9.13924855e-02 7.14485239e-04 5.28854311e-04
9.19116779e-02 1.59084509e-03 5.37120605e-04
9.24308689e-02 1.55428290e-03 5.49257774e-04
9.29500585e-02 1.25476494e-03 5.34372257e-04
9.34692466e-02 1.66850957e-03 5.16432983e-04
9.39884333e-02 1.59626964e-03 5.15225454e-04
9.45076185e-02 1.25365517e-03 5.20381447e-04
9.50268023e-02 1.30824077e-03 5.35449778e-04
9.55459846e-02 1.06316114e-03 5.20703088e-04
9.60651655e-02 1.17994727e-03 5.13537192e-04
9.65843449e-02 7.14169641e-04 5.00871883e-04
9.71035228e-02 1.23727889e-03 5.04142703e-04
9.76226992e-02 1.25019258e-03 5.14587356e-04
9.81418741e-02 2.24604589e-03 5.11342181e-04
9.86610475e-02 2.38392073e-04 4.93463729e-04
9.91802194e-02 4.64036945e-04 4.98337222e-04
9.96993898e-02 1.11684101e-03 5.17215049e-04
1.00218559e-01 1.20117970e-03 5.16507981e-04
1.00737726e-01 1.31549274e-03 5.16041002e-04
1.01256892e-01 1.27271917e-03 5.04863404e-04
1.01776056e-01 1.62584587e-03 4.87042327e-04
1.02295218e-01 1.34568020e-03 5.04705407e-04
1.02814380e-01 1.66741403e-03 5.03740134e-04
1.03333539e-01 1.22451922e-03 4.99570762e-04
1.03852697e-01 6.61628004e-04 4.97803785e-04
1.04371853e-01 1.18616343e-03 4.91535670e-04
1.04891008e-01 8.80787166e-04 4.83591297e-04
1.05410161e-01 1.55475509e-03 5.05402412e-04
1.05929312e-01 1.27144040e-03 5.02104095e-04
1.06448462e-01 1.40528830e-03 4.90281969e-04
1.06967610e-01 1.15334258e-03 4.86473926e-04
1.07486757e-01 3.00302448e-04 4.81881757e-04
1.08005902e-01 9.13817875e-04 4.90305038e-04
1.08525045e-01 1.57994650e-04 4.73588295e-04
1.09044187e-01 1.27617390e-03 4.67974445e-04
1.09563327e-01 8.13928035e-04 4.81022592e-04
1.10082465e-01 1.28700578e-03 4.75397326e-04
1.10601601e-01 6.40385666e-04 4.84464404e-04
1.11120736e-01 5.55485611e-04 4.79536557e-04
1.11639869e-01 1.49632803e-03 4.73321740e-04
1.12159001e-01 2.60743402e-04 4.62344857e-04
1.12678130e-01 6.72104059e-04 4.73554327e-04
1.13197258e-01 8.35765648e-04 4.66636409e-04
1.13716385e-01 7.82448995e-04 4.59460609e-04
1.14235509e-01 9.75687262e-04 4.63000379e-04
1.14754632e-01 8.78545551e-04 4.64587045e-04
1.15273753e-01 1.03652256e-03 4.74953838e-04
1.15792872e-01 1.16940522e-03 4.98185844e-04
1.16311989e-01 1.14286181e-03 4.68412241e-04
1.16831105e-01 1.30193728e-03 4.88131510e-04
1.17350219e-01 6.32165339e-04 4.67803436e-04
1.17869331e-01 5.85109238e-04 4.80741126e-04
1.18388441e-01 4.85567419e-04 4.75747121e-04
1.18907549e-01 4.50159219e-04 4.75303569e-04
1.19426656e-01 9.58194011e-04 4.60723424e-04
1.19945761e-01 7.66864388e-04 4.60184629e-04
1.20464864e-01 6.58431889e-04 4.61498653e-04
1.20983965e-01 4.20221382e-04 4.50196279e-04
1.21503064e-01 3.55079780e-04 4.64720605e-04
1.22022161e-01 8.57791143e-04 4.58038353e-04
1.22541256e-01 4.99095315e-04 4.54152157e-04
1.23060350e-01 4.29348204e-04 4.44908874e-04
1.23579442e-01 5.95918290e-04 4.41962171e-04
1.24098531e-01 1.23144312e-04 4.44926565e-04
1.24617619e-01 1.20021260e-03 4.53646067e-04
1.25136705e-01 8.95304724e-04 4.48676778e-04
1.25655789e-01 8.47983400e-04 4.44058212e-04
1.26174871e-01 1.18292142e-03 4.44850223e-04
1.26693952e-01 7.71566985e-04 4.38066062e-04
1.27213030e-01 9.38030230e-04 4.47632246e-04
1.27732106e-01 9.18430469e-04 4.43338068e-04
1.28251180e-01 2.72201309e-04 4.31537663e-04
1.28770253e-01 6.79085553e-04 4.38625331e-04
1.29289323e-01 2.75705460e-04 4.37710477e-04
1.29808391e-01 8.79857354e-04 4.37744538e-04
1.30327458e-01 6.69762839e-04 4.38432168e-04
1.30846522e-01 9.21954007e-06 4.34876558e-04
1.31365584e-01 -1.93819962e-04 4.27636121e-04
1.31884645e-01 7.19325552e-05 4.35282989e-04
1.32403703e-01 8.17117339e-04 4.50543487e-04
1.32922759e-01 8.60312013e-04 4.31678318e-04
1.33441814e-01 4.59208307e-04 4.26492627e-04
1.33960866e-01 9.14633744e-04 4.31050497e-04
1.34479916e-01 1.25818155e-03 4.31193088e-04
1.34998964e-01 3.51302185e-04 4.22099644e-04
1.35518010e-01 1.00341335e-03 4.33854965e-04
1.36037054e-01 1.18444963e-04 4.17408611e-04
1.36556096e-01 8.63544059e-04 4.15761487e-04
1.37075135e-01 6.13601070e-04 4.12867959e-04
1.37594173e-01 1.73562936e-04 4.28300843e-04
1.38113208e-01 3.71820015e-04 4.17346927e-04
1.38632242e-01 7.50218654e-04 4.17598740e-04
1.39151273e-01 8.20693809e-04 4.28594207e-04
1.39670302e-01 3.09753437e-04 4.24338128e-04
1.40189329e-01 1.10496748e-03 4.27444959e-04
1.40708354e-01 4.43995219e-04 4.17242763e-04
1.41227377e-01 3.13139490e-04 4.35387146e-04
1.41746397e-01 9.07743436e-05 4.25739150e-04
1.42265415e-01 -1.16536315e-04 4.27391199e-04
1.42784432e-01 2.35629133e-04 4.24986176e-04
1.43303446e-01 4.33533059e-04 4.21510177e-04
1.43822457e-01 5.13498297e-04 4.17323076e-04
1.44341467e-01 5.20606719e-04 4.22354104e-04
1.44860474e-01 -2.77167584e-04 4.19254117e-04
1.45379479e-01 3.69913547e-04 4.08177807e-04
1.45898482e-01 1.67898554e-04 4.11553452e-04
1.46417483e-01 1.08074003e-03 4.12346714e-04
1.46936481e-01 7.90411700e-04 4.08334624e-04
1.47455477e-01 1.51503819e-04 3.97178003e-04
1.47974471e-01 4.10764361e-04 4.08527755e-04
1.48493463e-01 9.29900108e-05 4.02784435e-04
1.49012452e-01 4.96754533e-04 4.02302193e-04
1.49531439e-01 7.04604342e-04 4.01127672e-04
1.50050424e-01 6.91889083e-04 3.87413229e-04
1.50569406e-01 6.93218131e-04 4.12479131e-04
1.51088386e-01 6.71769765e-05 3.79162108e-04
1.51607364e-01 7.74957331e-05 3.95603787e-04
1.52126339e-01 3.15834216e-04 3.88913523e-04
1.52645312e-01 1.30866767e-04 3.94212669e-04
1.53164283e-01 6.51561581e-04 4.06049325e-04
1.53683251e-01 6.28223052e-04 3.96048760e-04
1.54202218e-01 3.17809522e-04 3.97838030e-04
1.54721181e-01 2.03103813e-04 4.09909746e-04
1.55240143e-01 5.61856583e-04 4.11273101e-04
1.55759101e-01 -2.13107627e-05 4.09613362e-04
1.56278058e-01 1.02161684e-03 4.06125761e-04
1.56797012e-01 -1.42218000e-04 4.13157500e-04
1.57315964e-01 1.27341254e-05 4.21435864e-04
1.57834913e-01 3.62685447e-05 4.12934768e-04
1.58353860e-01 3.02743398e-04 3.90779743e-04
1.58872805e-01 4.10717308e-05 4.01745431e-04
1.59391747e-01 -1.40762834e-04 4.04896243e-04
1.59910686e-01 5.46637626e-04 3.97560587e-04
1.60429623e-01 -8.25389783e-05 4.00349724e-04
1.60948558e-01 2.02224248e-04 3.99043892e-04
1.61467490e-01 4.54200192e-04 3.96929113e-04
1.61986420e-01 4.97055094e-04 4.07024187e-04
1.62505347e-01 8.31492667e-04 3.94431724e-04
1.63024272e-01 3.46289353e-04 3.98310167e-04
1.63543194e-01 2.01912565e-04 3.94032209e-04
1.64062114e-01 -9.98960264e-05 3.87157675e-04
1.64581031e-01 2.05173556e-04 3.85958610e-04
1.65099945e-01 1.09892859e-04 3.86478826e-04
1.65618858e-01 3.86685210e-04 3.85587673e-04
1.66137767e-01 -3.59175758e-04 3.84179145e-04
1.66656674e-01 -2.78693425e-05 3.68117362e-04
1.67175579e-01 -2.46752065e-04 3.79739077e-04
1.67694481e-01 -6.13820999e-04 3.71969735e-04
1.68213380e-01 3.51854265e-04 3.80981332e-04
1.68732277e-01 5.70486914e-04 3.84896760e-04
1.69251171e-01 6.44911757e-04 3.78755541e-04
1.69770062e-01 8.01514325e-04 3.93325866e-04
1.70288951e-01 8.04217390e-04 3.96373145e-04
1.70807838e-01 7.64378473e-05 3.88974972e-04
1.71326721e-01 6.77486029e-04 3.86324377e-04
1.71845603e-01 -4.02640401e-04 3.80938699e-04
1.72364481e-01 2.56226431e-04 3.85761795e-04
1.72883357e-01 4.17121673e-04 3.82072073e-04
1.73402230e-01 -2.43738017e-04 3.69933675e-04
1.73921100e-01 -2.89738995e-04 3.76015608e-04
1.74439968e-01 -2.49446950e-04 3.70671287e-04
1.74958833e-01 -9.30824354e-05 3.69368667e-04
1.75477696e-01 3.08553454e-04 3.78353339e-04
1.75996556e-01 1.68134877e-04 3.79000295e-04
1.76515413e-01 -2.60819533e-04 3.73118432e-04
1.77034267e-01 2.48726589e-04 3.85920668e-04
1.77553119e-01 3.81944595e-04 3.79874076e-04
1.78071968e-01 -1.95281028e-04 3.78798631e-04
1.78590814e-01 3.18786855e-05 3.77424806e-04
1.79109657e-01 3.63489273e-04 3.76712749e-04
1.79628498e-01 9.56638401e-06 3.72883763e-04
1.80147336e-01 2.99812778e-04 3.65517932e-04
1.80666171e-01 2.11502785e-04 3.69130457e-04
1.81185003e-01 8.99173668e-06 3.58465530e-04
1.81703833e-01 4.57275156e-05 3.67907938e-04
1.82222660e-01 2.56215651e-04 3.60014972e-04
1.82741484e-01 7.78237692e-04 3.61970502e-04
1.83260305e-01 -5.20477632e-04 3.61725358e-04
1.83779124e-01 2.12465043e-04 3.57465317e-04
1.84297939e-01 5.81056478e-05 3.59367343e-04
1.84816752e-01 1.03533381e-04 3.53032460e-04
1.85335562e-01 5.48091410e-04 3.58756092e-04
1.85854369e-01 4.23975873e-04 3.56671059e-04
1.86373173e-01 3.11310256e-04 3.51191968e-04
1.86891975e-01 3.08328905e-05 3.50090506e-04
1.87410773e-01 1.90397359e-04 3.52511899e-04
1.87929569e-01 -1.03180514e-04 3.47932304e-04
1.88448361e-01 -1.72250416e-04 3.43154638e-04
1.88967151e-01 1.53475399e-04 3.48671410e-04
1.89485938e-01 9.68700307e-05 3.55813040e-04
1.90004722e-01 5.55116222e-04 3.46391600e-04
1.90523503e-01 -4.31895204e-04 3.48646083e-04
1.91042282e-01 3.87341443e-04 3.41986967e-04
1.91561057e-01 -2.39494390e-04 3.46369537e-04
1.92079829e-01 7.28720078e-05 3.49629691e-04
1.92598599e-01 2.70871808e-04 3.47440599e-04
1.93117365e-01 4.08455705e-04 3.48834010e-04
1.93636128e-01 -7.15681366e-05 3.40438851e-04
1.94154889e-01 1.14324114e-04 3.46968495e-04
1.94673646e-01 1.83623241e-04 3.38743725e-04
1.95192401e-01 2.66719400e-04 3.41197505e-04
1.95711153e-01 2.38521224e-04 3.37092681e-04
1.96229901e-01 1.53552171e-05 3.36036942e-04
1.96748647e-01 1.45118773e-04 3.28823665e-04
1.97267389e-01 4.15809634e-04 3.32030302e-04
1.97786129e-01 7.77180293e-05 3.27038955e-04
1.98304865e-01 5.84166212e-04 3.35591696e-04
1.98823598e-01 -4.91656274e-04 3.26638678e-04
1.99342329e-01 3.45963487e-04 3.28169894e-04
1.99861056e-01 4.62315335e-05 3.36118182e-04
2.00379780e-01 3.06653370e-04 3.27455317e-04
2.00898501e-01 -1.12137411e-04 3.23220397e-04
2.01417219e-01 2.88865044e-04 3.28511569e-04
2.01935934e-01 -4.45781655e-04 3.26327062e-04
2.02454646e-01 2.90436242e-04 3.24056702e-04
2.02973355e-01 1.19848342e-04 3.29135390e-04
2.03492061e-01 2.86107298e-04 3.26818726e-04
2.04010763e-01 7.50272094e-05 3.27725084e-04
2.04529463e-01 2.17110454e-04 3.27001315e-04
2.05048159e-01 6.37958390e-05 3.28715142e-04
2.05566852e-01 2.14563000e-04 3.19160335e-04
2.06085542e-01 2.03025610e-04 3.20246002e-04
2.06604229e-01 -1.84513090e-04 3.20867026e-04
2.07122913e-01 2.58873257e-04 3.20919895e-04
2.07641593e-01 2.93453270e-05 3.14015194e-04
2.08160270e-01 -3.14649943e-04 3.16909850e-04
2.08678944e-01 1.03941310e-04 3.17422235e-04
2.09197615e-01 -8.44173258e-05 3.15633013e-04
2.09716283e-01 4.04861201e-04 3.18310091e-04
2.10234947e-01 6.25156304e-04 3.11955929e-04
2.10753609e-01 2.53374803e-04 3.10759229e-04
2.11272267e-01 -6.43152993e-05 3.12268575e-04
2.11790921e-01 -1.90195598e-04 3.11379529e-04
2.12309573e-01 -4.37770281e-04 3.15812435e-04
2.12828221e-01 4.70022702e-04 3.16067362e-04
2.13346866e-01 5.93636620e-04 3.13732155e-04
2.13865508e-01 -1.28691620e-04 3.06760421e-04
2.14384146e-01 4.80873037e-05 3.14282353e-04
2.14902781e-01 -2.49570484e-04 3.05077511e-04
2.15421413e-01 1.40862601e-04 3.16725379e-04
2.15940042e-01 3.08217428e-04 3.13134395e-04
2.16458667e-01 2.84344958e-04 3.06837553e-04
2.16977289e-01 2.96648539e-04 3.17109940e-04
2.17495907e-01 9.93992208e-05 3.08052014e-04
2.18014523e-01 -2.01015755e-04 3.07334907e-04
2.18533135e-01 2.77408240e-04 3.11302163e-04
2.19051743e-01 -1.48998264e-04 3.12411552e-04
2.19570348e-01 -5.85346960e-05 3.08914610e-04
2.20088950e-01 2.64614967e-04 3.09272319e-04
2.20607549e-01 4.87988840e-05 3.02975731e-04
2.21126144e-01 2.52538155e-04 3.04216650e-04
2.21644735e-01 3.29453783e-04 3.04732623e-04
2.22163324e-01 4.29969124e-05 3.02294900e-04
2.22681909e-01 3.29721800e-04 3.00859263e-04
2.23200490e-01 2.50882495e-04 3.03758807e-04
2.23719068e-01 6.06193973e-05 3.04864889e-04
2.24237643e-01 -3.77602757e-04 3.00490772e-04
2.24756214e-01 1.18267771e-06 3.03673445e-04
2.25274781e-01 2.56996964e-04 3.06664437e-04
2.25793346e-01 -7.18724912e-05 3.04092641e-04
2.26311907e-01 3.93843584e-04 2.99196814e-04
2.26830464e-01 -4.97268523e-05 3.02092764e-04
2.27349018e-01 1.47005733e-04 3.07828534e-04
2.27867568e-01 9.74752159e-05 2.98509603e-04
2.28386115e-01 3.36170183e-04 3.04237358e-04
2.28904658e-01 -1.93107135e-04 2.93260325e-04
2.29423198e-01 1.67531901e-05 2.98688058e-04
2.29941734e-01 2.47655603e-04 3.00199681e-04
2.30460267e-01 -2.18141870e-05 2.97695232e-04
2.30978797e-01 1.59458269e-04 2.96721962e-04
2.31497322e-01 6.79355587e-04 2.99772047e-04
2.32015844e-01 1.66493821e-04 2.96111224e-04
2.32534363e-01 -2.33289975e-05 2.95439782e-04
2.33052878e-01 -1.10587005e-05 3.00595398e-04
2.33571390e-01 3.87802373e-04 2.84778300e-04
2.34089898e-01 1.80570539e-04 2.91589659e-04
2.34608402e-01 1.27202467e-05 2.90505866e-04
2.35126903e-01 -3.40623517e-04 2.84793575e-04
2.35645400e-01 3.51768538e-04 2.88089513e-04
2.36163893e-01 3.45001989e-04 2.86891451e-04
2.36682383e-01 -3.28075816e-04 2.83645597e-04
2.37200869e-01 1.47030256e-04 2.92679878e-04
2.37719352e-01 1.09616020e-04 2.86154323e-04
2.38237831e-01 8.06503494e-05 2.92659649e-04
2.38756306e-01 2.09645014e-04 2.88380758e-04
2.39274778e-01 3.81970876e-05 2.89254708e-04
2.39793246e-01 1.05402379e-04 2.91330329e-04
2.40311710e-01 2.02612981e-04 2.88917960e-04
2.40830171e-01 -3.12247707e-04 2.83932373e-04
2.41348628e-01 1.31134809e-04 2.84716737e-04
2.41867081e-01 -4.21784174e-04 2.88606273e-04
2.42385531e-01 3.80586265e-04 2.90321998e-04
2.42903976e-01 -7.49159581e-06 2.83501658e-04
2.43422418e-01 -1.62741836e-04 2.87268150e-04
2.43940857e-01 1.63317878e-04 2.82029228e-04
2.44459291e-01 -1.77408808e-04 2.81244334e-04
2.44977722e-01 4.20624248e-04 2.81624934e-04
2.45496149e-01 1.30416473e-04 2.80644585e-04
2.46014573e-01 -5.98052690e-05 2.78534745e-04
2.46532992e-01 1.21694958e-04 2.81913428e-04
2.47051408e-01 6.98135817e-05 2.75686922e-04
2.47569820e-01 -3.27993322e-04 2.77185283e-04
2.48088228e-01 1.23598601e-04 2.83425862e-04
2.48606633e-01 -3.48187368e-04 2.74708580e-04
2.49125033e-01 2.64521826e-04 2.82904454e-04
2.49643430e-01 -1.12039011e-04 2.79519316e-04
2.50161823e-01 3.23123049e-04 2.77077004e-04
2.50680212e-01 2.87538925e-04 2.79269817e-04
2.51198598e-01 -4.75863996e-04 2.77638887e-04
2.51716979e-01 -3.01676641e-04 2.74335497e-04
2.52235357e-01 1.23283602e-04 2.76788354e-04
2.52753730e-01 -1.49911099e-04 2.79152485e-04
2.53272100e-01 2.52479582e-05 2.74725307e-04
2.53790466e-01 -2.86173634e-04 2.74333698e-04
2.54308828e-01 -9.22392085e-05 2.73007445e-04
2.54827186e-01 4.85570959e-05 2.78549344e-04
2.55345541e-01 8.82261871e-05 2.74520973e-04
2.55863891e-01 4.10286250e-04 2.76674391e-04
2.56382237e-01 1.72974409e-04 2.68972553e-04
2.56900580e-01 2.20737799e-04 2.74175097e-04
2.57418919e-01 2.91334544e-05 2.68457789e-04
2.57937253e-01 -1.77080492e-04 2.71488830e-04
2.58455584e-01 -1.41155814e-05 2.71250855e-04
2.58973911e-01 1.71898909e-04 2.69886024e-04
2.59492233e-01 5.44371124e-04 2.66155070e-04
2.60010552e-01 -3.13066469e-05 2.65796244e-04
2.60528867e-01 1.84311779e-04 2.68039406e-04
2.61047178e-01 8.45586643e-05 2.72622812e-04
2.61565484e-01 3.05471451e-04 2.69709264e-04
2.62083787e-01 -1.88479762e-04 2.66656905e-04
2.62602086e-01 -1.45690074e-04 2.67590178e-04
2.63120381e-01 -3.19663719e-04 2.69883830e-04
2.63638671e-01 -4.77588035e-04 2.68668477e-04
2.64156958e-01 -7.77894101e-05 2.74786887e-04
2.64675241e-01 1.31955011e-04 2.75007515e-04
2.65193519e-01 -2.22732438e-04 2.71319439e-04
2.65711794e-01 -1.54800045e-05 2.75862959e-04
2.66230064e-01 1.30905079e-05 2.77324659e-04
2.66748330e-01 -2.01415468e-04 2.77141677e-04
2.67266593e-01 5.09131185e-04 2.77105001e-04
2.67784851e-01 -1.20535461e-04 2.73113878e-04
2.68303105e-01 7.97893201e-05 2.74632417e-04
2.68821355e-01 5.23673865e-04 2.73781462e-04
2.69339601e-01 1.80930326e-04 2.75912318e-04
2.69857842e-01 -2.69870335e-04 2.69324764e-04
2.70376080e-01 2.26883390e-04 2.70125771e-04
2.70894314e-01 1.55700874e-04 2.73421099e-04
2.71412543e-01 -1.73363592e-04 2.72354703e-04
2.71930768e-01 2.95881070e-04 2.72897500e-04
2.72448989e-01 3.26932456e-04 2.65401809e-04
2.72967206e-01 5.55366622e-04 2.70092306e-04
2.73485418e-01 4.81508160e-04 2.66083079e-04
2.74003627e-01 2.97316989e-04 2.64817110e-04
2.74521831e-01 4.33317975e-04 2.67808384e-04
2.75040031e-01 2.48693668e-04 2.61109285e-04
2.75558227e-01 -6.66904207e-04 2.65614719e-04
2.76076418e-01 3.81659026e-04 2.61501785e-04
2.76594606e-01 -3.08677852e-04 2.57484390e-04
2.77112789e-01 1.05914683e-04 2.60249155e-04
2.77630968e-01 -6.71687237e-05 2.60483635e-04
2.78149142e-01 -3.44356414e-04 2.62800371e-04
2.78667313e-01 4.68569259e-04 2.69349828e-04
2.79185479e-01 -2.19726174e-04 2.65808309e-04
2.79703640e-01 4.79944734e-04 2.66531458e-04
2.80221798e-01 6.49666295e-04 2.73921189e-04
2.80739951e-01 2.94537097e-04 2.63532002e-04
2.81258100e-01 5.66799148e-04 2.65255161e-04
2.81776245e-01 1.80908182e-04 2.67219583e-04
2.82294385e-01 -1.74797196e-04 2.60424100e-04
2.82812521e-01 1.55710297e-04 2.68376049e-04
2.83330653e-01 -2.48814023e-04 2.64222962e-04
2.83848780e-01 -7.60470266e-04 2.59300046e-04
2.84366903e-01 -2.60848249e-04 2.59466524e-04
2.84885022e-01 5.18525110e-04 2.60953129e-04
2.85403136e-01 1.16820378e-04 2.61867786e-04
2.85921246e-01 2.25427489e-04 2.63372096e-04
2.86439351e-01 -1.32759790e-04 2.63106261e-04
2.86957452e-01 -9.37634974e-05 2.68863278e-04
2.87475549e-01 -3.13987652e-04 2.61019541e-04
2.87993641e-01 -1.77160052e-05 2.61102308e-04
2.88511729e-01 1.61149532e-05 2.61686501e-04
2.89029813e-01 1.03757656e-05 2.57696438e-04
2.89547892e-01 3.95313094e-04 2.62138363e-04
2.90065967e-01 2.55194739e-04 2.57972726e-04
2.90584037e-01 -2.02403885e-04 2.56714171e-04
2.91102103e-01 -1.59115325e-04 2.59132357e-04
2.91620164e-01 -1.00242524e-04 2.55750068e-04
2.92138221e-01 3.25884909e-04 2.58512037e-04
2.92656273e-01 -7.58465834e-05 2.55275284e-04
2.93174321e-01 2.77236968e-04 2.55281680e-04
2.93692364e-01 -4.00064982e-05 2.50345474e-04
2.94210403e-01 -1.46962035e-04 2.49103194e-04
2.94728437e-01 -7.87465881e-05 2.54357803e-04
2.95246467e-01 3.06487063e-04 2.50664695e-04
2.95764493e-01 4.00281329e-04 2.55377438e-04
2.96282514e-01 2.76759882e-04 2.53225778e-04
2.96800530e-01 -3.39151145e-04 2.50693825e-04
2.97318542e-01 2.17193396e-04 2.50240291e-04
2.97836549e-01 -8.29297975e-05 2.51785835e-04
2.98354551e-01 -1.02467757e-04 2.50192232e-04
2.98872549e-01 -7.01735459e-05 2.48467425e-04
2.99390543e-01 6.10932292e-05 2.49665813e-04
2.99908532e-01 3.67192067e-04 2.50010888e-04
3.00426516e-01 -2.59875866e-04 2.45777437e-04
3.00944496e-01 -5.18551718e-04 2.42993696e-04
3.01462471e-01 -7.07607355e-05 2.42057528e-04
3.01980441e-01 -2.53887054e-04 2.47233959e-04
3.02498407e-01 3.44928519e-04 2.48707128e-04
3.03016368e-01 -9.30596929e-06 2.51238559e-04
3.03534325e-01 4.09309855e-04 2.50109533e-04
3.04052277e-01 1.08142165e-04 2.49003328e-04
3.04570224e-01 -7.81356935e-05 2.49216581e-04
3.05088167e-01 1.16250657e-04 2.44597517e-04
3.05606105e-01 3.55360839e-04 2.45449536e-04
3.06124038e-01 -2.83313286e-05 2.45666495e-04
3.06641967e-01 8.02067414e-05 2.44948342e-04
3.07159891e-01 -1.04207313e-04 2.45045436e-04
3.07677810e-01 -3.39470571e-04 2.36228093e-04
3.08195724e-01 3.04789389e-04 2.40335108e-04
3.08713634e-01 6.75148202e-05 2.45699678e-04
3.09231539e-01 1.44495453e-04 2.43222419e-04
3.09749440e-01 -1.15314267e-04 2.35502968e-04
3.10267335e-01 5.84235122e-06 2.40485348e-04
3.10785226e-01 7.24059446e-05 2.43742239e-04
3.11303112e-01 2.49382566e-04 2.41345145e-04
3.11820993e-01 2.34093192e-04 2.38357625e-04
3.12338870e-01 1.48728145e-04 2.40118093e-04
3.12856742e-01 2.83263737e-04 2.40976796e-04
3.13374609e-01 1.75152029e-04 2.38583346e-04
3.13892471e-01 1.80084329e-04 2.40347036e-04
3.14410328e-01 4.75272924e-04 2.43677699e-04
3.14928181e-01 1.83171417e-04 2.37686580e-04
3.15446029e-01 -1.28031537e-04 2.41929717e-04
3.15963871e-01 -2.24416186e-04 2.37694430e-04
3.16481710e-01 -8.89623260e-06 2.36396413e-04
3.16999543e-01 1.23041253e-04 2.38478301e-04
3.17517371e-01 -2.34425634e-04 2.34954039e-04
3.18035195e-01 1.09906091e-04 2.35915476e-04
3.18553013e-01 -1.05212915e-04 2.33830998e-04
3.19070827e-01 -4.55594793e-04 2.32256570e-04
3.19588636e-01 -1.19338596e-04 2.33847572e-04
3.20106440e-01 -4.33972258e-05 2.34194512e-04
3.20624239e-01 -3.79267702e-04 2.31735920e-04
3.21142033e-01 5.21757087e-05 2.32079082e-04
3.21659823e-01 -2.54706418e-04 2.30558630e-04
3.22177607e-01 6.46876862e-05 2.33720754e-04
3.22695387e-01 -3.99851514e-05 2.30654167e-04
3.23213161e-01 1.89109263e-04 2.33029348e-04
3.23730931e-01 8.24346495e-05 2.32078536e-04
3.24248695e-01 1.14390496e-04 2.29492702e-04
3.24766455e-01 -2.95837471e-04 2.32427775e-04
3.25284210e-01 -2.68069676e-05 2.31028897e-04
3.25801959e-01 6.18911670e-05 2.31769771e-04
3.26319704e-01 7.62400004e-05 2.29672503e-04
3.26837444e-01 2.07479094e-04 2.31788518e-04
3.27355179e-01 -1.09442599e-04 2.29611706e-04
3.27872908e-01 -2.69768782e-05 2.25585504e-04
3.28390633e-01 2.94126396e-04 2.29061813e-04
3.28908353e-01 9.41167606e-05 2.30398606e-04
3.29426067e-01 3.96823149e-05 2.32482817e-04
3.29943777e-01 -2.72362017e-04 2.29190438e-04
3.30461482e-01 -2.95843010e-05 2.26662871e-04
3.30979181e-01 -1.42021486e-04 2.26474166e-04
3.31496876e-01 1.28931457e-05 2.24339213e-04
3.32014565e-01 -3.31236519e-04 2.24353302e-04
3.32532249e-01 -2.68775932e-04 2.27217735e-04
3.33049928e-01 1.50930143e-04 2.23970693e-04
3.33567603e-01 1.15460824e-05 2.25849430e-04
3.34085272e-01 1.24384306e-05 2.24343754e-04
3.34602936e-01 1.91486100e-04 2.24321855e-04
3.35120594e-01 -3.91467225e-04 2.23249685e-04
3.35638248e-01 -4.39960959e-04 2.25069173e-04
3.36155897e-01 8.74499611e-05 2.26661753e-04
3.36673540e-01 2.24166067e-04 2.23839596e-04
3.37191178e-01 -3.32216748e-05 2.25301799e-04
3.37708811e-01 5.81904559e-05 2.24057761e-04
3.38226439e-01 -3.35710551e-05 2.23600402e-04
3.38744062e-01 2.89296390e-04 2.25169081e-04
3.39261680e-01 -1.99417815e-04 2.22681491e-04
3.39779292e-01 -1.69699440e-04 2.20743240e-04
3.40296899e-01 2.11429955e-04 2.20482342e-04
3.40814501e-01 1.19988698e-04 2.21213627e-04
3.41332098e-01 -8.96775097e-05 2.23680235e-04
3.41849690e-01 -5.32227624e-05 2.21755199e-04
3.42367276e-01 -6.67324905e-05 2.21584329e-04
3.42884857e-01 -2.07197027e-04 2.17381391e-04
3.43402433e-01 -9.14048466e-05 2.18740188e-04
3.43920004e-01 -5.23283505e-05 2.20437505e-04
3.44437569e-01 -2.52992138e-04 2.20717569e-04
3.44955129e-01 5.22126073e-05 2.17686854e-04
3.45472684e-01 1.41123074e-04 2.18696339e-04
3.45990233e-01 1.26625190e-04 2.19441633e-04
3.46507778e-01 2.46092763e-04 2.22516545e-04
3.47025317e-01 -3.15161477e-04 2.22004249e-04
3.47542850e-01 2.96519603e-04 2.14156267e-04
3.48060379e-01 -6.74716139e-05 2.13939363e-04
3.48577902e-01 -8.19039868e-05 2.18347695e-04
3.49095419e-01 1.77276077e-04 2.15982381e-04
3.49612932e-01 1.33379043e-04 2.18720009e-04
3.50130439e-01 -1.60304140e-04 2.15832075e-04
3.50647940e-01 -1.06385584e-05 2.20294562e-04
3.51165437e-01 -5.57295801e-05 2.19796421e-04
3.51682928e-01 2.18379079e-04 2.17789284e-04
3.52200413e-01 1.82400183e-04 2.16897309e-04
3.52717893e-01 1.52085407e-05 2.16259889e-04
3.53235368e-01 -1.38407956e-04 2.17201294e-04
3.53752837e-01 3.36597703e-06 2.17111646e-04
3.54270301e-01 2.13587828e-04 2.17725827e-04
3.54787760e-01 4.86932288e-05 2.13468004e-04
3.55305213e-01 -2.26733810e-04 2.14672431e-04
3.55822661e-01 2.33273305e-04 2.19443635e-04
3.56340103e-01 -9.51636494e-05 2.11127319e-04
3.56857540e-01 1.47135974e-04 2.13826642e-04
3.57374971e-01 1.30977076e-04 2.16016743e-04
3.57892397e-01 -9.15968467e-05 2.08465274e-04
3.58409818e-01 1.66625043e-04 2.14133144e-04
3.58927232e-01 -1.11057497e-04 2.09238969e-04
3.59444642e-01 4.69195261e-05 2.13326762e-04
3.59962046e-01 1.04738158e-04 2.11259740e-04
3.60479444e-01 -1.83603698e-04 2.11923073e-04
3.60996837e-01 5.86742370e-05 2.13851286e-04
3.61514225e-01 -2.67329256e-04 2.09357807e-04
3.62031607e-01 4.99068998e-05 2.13395931e-04
3.62548983e-01 -8.64926660e-06 2.15579099e-04
3.63066354e-01 1.63736725e-05 2.10494032e-04
3.63583719e-01 -1.75348518e-06 2.14569181e-04
3.64101079e-01 -2.31875609e-04 2.09582395e-04
3.64618433e-01 5.66602996e-05 2.09313535e-04
3.65135782e-01 -1.89902545e-04 2.09532535e-04
3.65653125e-01 -2.81952006e-04 2.05677792e-04
3.66170462e-01 2.88257404e-04 2.09803189e-04
3.66687794e-01 -2.60834682e-06 2.07498234e-04
3.67205121e-01 -4.37799863e-04 2.06302346e-04
3.67722441e-01 -7.03968542e-05 2.07335928e-04
3.68239756e-01 3.53882626e-04 2.10008160e-04
3.68757066e-01 1.81610813e-04 2.09346373e-04
3.69274369e-01 -8.42525407e-05 2.06411459e-04
3.69791668e-01 1.72312236e-04 2.08494409e-04
3.70308960e-01 2.07194183e-04 2.05188561e-04
3.70826247e-01 5.21437839e-05 2.07058053e-04
3.71343528e-01 -2.33365277e-04 2.06770369e-04
3.71860803e-01 -8.12654910e-05 2.07592557e-04
3.72378073e-01 1.18324001e-04 2.10744109e-04
3.72895337e-01 -1.54097003e-04 2.11115570e-04
3.73412596e-01 2.05694752e-04 2.13997307e-04
3.73929849e-01 1.22046525e-04 2.13575048e-04
3.74447096e-01 1.14250502e-04 2.15859314e-04
3.74964337e-01 1.65427304e-04 2.18065638e-04
3.75481572e-01 1.27816851e-04 2.17200619e-04
3.75998802e-01 1.75191997e-04 2.17300189e-04
3.76516026e-01 2.02286065e-04 2.17768802e-04
3.77033245e-01 -1.77674877e-04 2.18706820e-04
3.77550457e-01 4.99618748e-04 2.14772570e-04
3.78067664e-01 -1.09090191e-04 2.16366926e-04
3.78584865e-01 -2.26672158e-04 2.16455114e-04
3.79102060e-01 -1.03373957e-04 2.17321716e-04
3.79619250e-01 1.42244174e-04 2.17255141e-04
3.80136433e-01 -1.71126769e-05 2.17744622e-04
3.80653611e-01 1.95769796e-05 2.19411504e-04
3.81170783e-01 1.65306738e-04 2.15472927e-04
3.81687950e-01 -7.25352897e-05 2.15116829e-04
3.82205110e-01 -6.33258883e-05 2.17501060e-04
3.82722265e-01 1.91276345e-04 2.18384967e-04
3.83239413e-01 3.22015884e-04 2.18928324e-04
3.83756556e-01 -8.94858239e-05 2.13971524e-04
3.84273693e-01 6.97826395e-05 2.17871675e-04
3.84790824e-01 -1.32092417e-04 2.12983209e-04
3.85307950e-01 2.28047751e-04 2.15409116e-04
3.85825069e-01 -2.32704912e-04 2.14875565e-04
3.86342183e-01 -1.75852120e-04 2.09232128e-04
3.86859290e-01 -1.39298212e-04 2.14840155e-04
3.87376392e-01 4.44964385e-05 2.15538172e-04
3.87893488e-01 2.02446091e-04 2.15518377e-04
3.88410577e-01 -9.64473793e-05 2.11111382e-04
3.88927661e-01 7.03111765e-05 2.17024719e-04
3.89444739e-01 -3.10984685e-05 2.16488578e-04
3.89961811e-01 -2.25867395e-04 2.17950253e-04
3.90478878e-01 2.37099334e-05 2.20559147e-04
3.90995938e-01 7.22173725e-06 2.16795331e-04
3.91512992e-01 -1.72155018e-05 2.17394871e-04
3.92030040e-01 3.00709877e-04 2.19819047e-04
3.92547082e-01 4.49863333e-05 2.16142682e-04
3.93064118e-01 -6.52692590e-05 2.15619915e-04
3.93581149e-01 -2.17115954e-04 2.16635905e-04
3.94098173e-01 3.14806109e-04 2.18754849e-04
3.94615191e-01 3.46207397e-04 2.19548662e-04
3.95132203e-01 -2.01094827e-04 2.23645392e-04
3.95649209e-01 2.78347231e-04 2.23143600e-04
3.96166209e-01 2.09808271e-04 2.25707980e-04
3.96683203e-01 4.16806932e-04 2.25848724e-04
3.97200191e-01 1.22412186e-04 2.26978644e-04
3.97717173e-01 -1.68186313e-04 2.23079837e-04
3.98234149e-01 -2.55991384e-04 2.26599666e-04
3.98751119e-01 -1.57886623e-04 2.25708798e-04
3.99268083e-01 -4.50151354e-04 2.27085808e-04
3.99785040e-01 -8.77518755e-05 2.26046615e-04
4.00301992e-01 5.57538163e-05 2.28513884e-04
4.00818937e-01 -2.48762130e-04 2.26271676e-04
4.01335876e-01 1.17076142e-04 2.26343845e-04
4.01852810e-01 -4.44992833e-04 2.27109513e-04
4.02369737e-01 -1.35337442e-04 2.56940263e-04
4.02886658e-01 -2.11347979e-04 2.71866382e-04
4.03403572e-01 5.86530289e-04 2.99108434e-04
4.03920481e-01 8.12211742e-06 3.06843312e-04
4.04437383e-01 2.98782029e-04 3.18093450e-04
4.04954280e-01 -3.61874444e-04 3.28583037e-04
4.05471170e-01 4.53842808e-04 3.71552626e-04
4.05988054e-01 1.38445148e-04 4.07089423e-04
4.06504931e-01 -2.18909331e-04 4.79456758e-04
4.07021803e-01 4.82395822e-04 5.73223299e-04
4.07538668e-01 1.52623260e-03 4.54939617e-03
