7.45980241e-03 -5.99419582e-03 3.44885520e-02
7.99264482e-03 1.04888371e-02 1.96144582e-02
8.52548709e-03 -5.49734253e-03 1.45854935e-02
9.05832923e-03 9.46980111e-03 1.21247712e-02
9.59117122e-03 5.27729202e-03 1.06372173e-02
1.01240131e-02 4.40711907e-03 8.83118435e-03
1.06568547e-02 2.56302520e-03 7.66776154e-03
1.11896962e-02 8.25664117e-03 5.63697601e-03
1.17225375e-02 9.24215838e-03 4.40336514e-03
1.22553787e-02 9.83962929e-03 3.45139526e-03
1.27882196e-02 3.31463655e-03 2.90166666e-03
1.33210603e-02 4.30351192e-03 2.58076809e-03
1.38539008e-02 5.83713690e-03 2.30894703e-03
1.43867411e-02 3.22039389e-03 2.17065170e-03
1.49195812e-02 4.50904501e-03 1.93896458e-03
1.54524210e-02 2.18355358e-03 1.70569848e-03
1.59852605e-02 7.46050182e-03 1.72843530e-03
1.65180998e-02 5.82374389e-03 1.69311297e-03
1.70509389e-02 4.47392759e-03 1.47595557e-03
1.75837776e-02 4.31660153e-03 1.45256749e-03
1.81166161e-02 8.40404017e-04 1.24436123e-03
1.86494543e-02 1.93194969e-03 1.31098219e-03
1.91822922e-02 5.75946894e-03 1.25866922e-03
1.97151297e-02 4.12278696e-03 1.25706976e-03
2.02479670e-02 3.53698084e-03 1.17432559e-03
2.07808039e-02 4.56990809e-03 1.27130340e-03
2.13136405e-02 3.78598053e-03 1.08818200e-03
2.18464767e-02 3.22683660e-03 1.12328074e-03
2.23793126e-02 2.51702212e-03 1.07019069e-03
2.29121481e-02 2.40477772e-03 1.07357420e-03
2.34449833e-02 2.22198299e-03 1.10896217e-03
2.39778181e-02 1.74698728e-03 1.00273284e-03
2.45106524e-02 3.09300160e-03 1.01869676e-03
2.50434864e-02 2.41020443e-03 9.61188948e-04
2.55763200e-02 2.37238337e-03 9.59918913e-04
2.61091532e-02 3.43190159e-03 9.44763086e-04
2.66419859e-02 2.57070727e-03 8.93071640e-04
2.71748182e-02 2.31359695e-03 9.73318204e-04
2.77076501e-02 1.31603196e-03 9.60763408e-04
2.82404815e-02 2.64053590e-03 9.29203472e-04
2.87733125e-02 1.64329160e-03 9.09258219e-04
2.93061430e-02 2.96775631e-03 8.86856376e-04
2.98389731e-02 1.76790104e-03 8.72475733e-04
3.03718026e-02 1.76953052e-03 9.20871939e-04
3.09046317e-02 1.76903613e-03 8.77153411e-04
3.14374602e-02 1.30060353e-03 8.24064550e-04
3.19702883e-02 1.20967271e-03 8.30476665e-04
3.25031158e-02 1.47235338e-03 7.75685730e-04
3.30359428e-02 3.34725523e-03 7.73600167e-04
3.35687693e-02 2.60156705e-03 7.90915758e-04
3.41015952e-02 2.66337168e-03 7.95592812e-04
3.46344206e-02 1.14122524e-03 7.66806036e-04
3.51672454e-02 1.01992273e-03 7.37992371e-04
3.57000696e-02 5.79920646e-04 7.56822674e-04
3.62328933e-02 5.91172142e-04 7.76262606e-04
3.67657164e-02 3.44551613e-04 7.34672935e-04
3.72985389e-02 3.19780770e-04 6.74434960e-04
3.78313608e-02 6.15501216e-04 7.00942561e-04
3.83641820e-02 1.91017137e-03 7.48654363e-04
3.88970027e-02 2.77531764e-03 7.34147578e-04
3.94298227e-02 8.41012874e-04 7.16522048e-04
3.99626421e-02 2.13770496e-03 7.15512284e-04
4.04954608e-02 1.70859332e-04 7.13638323e-04
4.10282789e-02 1.36392088e-03 7.11340897e-04
4.15610963e-02 8.55201851e-04 7.26525744e-04
4.20939131e-02 2.14108398e-03 7.44226303e-04
4.26267291e-02 1.74775167e-03 7.06489866e-04
4.31595445e-02 7.47060301e-04 7.13779770e-04
4.36923592e-02 1.57314996e-03 7.13728764e-04
4.42251732e-02 1.24145319e-03 7.03219813e-04
4.47579864e-02 1.79537809e-03 7.27817025e-04
4.52907989e-02 5.48309926e-04 7.19726950e-04
4.58236107e-02 1.32056657e-03 6.84338924e-04
4.63564218e-02 4.84398965e-04 6.79974590e-04
4.68892321e-02 1.65728033e-04 7.05718479e-04
4.74220417e-02 2.57938504e-03 7.15812788e-04
4.79548504e-02 1.96961281e-03 7.34940508e-04
4.84876584e-02 2.43876087e-03 7.10710347e-04
4.90204657e-02 1.81863896e-04 7.21541759e-04
4.95532721e-02 5.80300632e-04 6.79968632e-04
5.00860777e-02 1.67949270e-03 7.00697794e-04
5.06188825e-02 1.16824155e-03 6.91953143e-04
5.11516865e-02 1.15999804e-03 6.86952826e-04
5.16844897e-02 3.84891872e-04 6.65528197e-04
5.22172920e-02 4.69360812e-04 6.71928007e-04
5.27500935e-02 1.26887475e-03 6.59995496e-04
5.32828941e-02 1.24530524e-03 6.55188202e-04
5.38156939e-02 4.47787698e-04 6.26524423e-04
5.43484928e-02 1.34356483e-03 6.29298449e-04
5.48812908e-02 4.38416148e-04 6.39444461e-04
5.54140880e-02 1.02348647e-03 6.38653258e-04
5.59468842e-02 1.39415527e-03 6.22891321e-04
5.64796795e-02 9.93464331e-04 6.39996004e-04
5.70124739e-02 2.30017964e-04 6.38669834e-04
5.75452674e-02 1.42551595e-03 6.20398149e-04
5.80780600e-02 7.18637205e-05 5.85241599e-04
5.86108516e-02 4.08524036e-05 6.00806618e-04
5.91436423e-02 3.19513042e-04 5.95808154e-04
5.96764320e-02 5.17550170e-04 6.01571934e-04
6.02092208e-02 9.12375761e-04 5.88101360e-04
6.07420086e-02 2.11070094e-06 5.96957666e-04
6.12747953e-02 -4.70456277e-04 5.74428168e-04
6.18075812e-02 2.12868297e-04 5.92576165e-04
6.23403660e-02 7.12263711e-04 6.09319624e-04
6.28731498e-02 -3.23077484e-04 5.88019739e-04
6.34059325e-02 1.49985841e-03 5.97281946e-04
6.39387143e-02 1.22848716e-03 6.10449466e-04
6.44714950e-02 1.11644795e-03 6.02604787e-04
6.50042747e-02 -3.36224478e-04 5.96205423e-04
6.55370533e-02 9.06332548e-04 5.84846427e-04
6.60698309e-02 1.40944488e-04 6.14085279e-04
6.66026074e-02 6.67793806e-04 6.26789796e-04
6.71353828e-02 -2.26542906e-04 6.12239225e-04
6.76681571e-02 1.88695325e-04 6.10260569e-04
6.82009304e-02 9.09755310e-04 5.98653494e-04
6.87337025e-02 7.78676810e-04 5.84167982e-04
6.92664735e-02 -6.38246510e-04 5.68015620e-04
6.97992434e-02 -2.37640292e-04 5.92980225e-04
7.03320122e-02 1.48694564e-03 5.87336973e-04
7.08647798e-02 5.61399535e-04 5.91654526e-04
7.13975463e-02 2.02977787e-04 5.92042505e-04
7.19303116e-02 -1.16248483e-04 5.61724111e-04
7.24630758e-02 8.93022772e-04 5.47964000e-04
7.29958388e-02 4.53799164e-04 5.88831221e-04
7.35286006e-02 6.26187362e-04 5.60122237e-04
7.40613612e-02 1.34684738e-03 5.81663992e-04
7.45941207e-02 1.29777053e-03 5.49377329e-04
7.51268789e-02 1.31962975e-04 5.73920551e-04
7.56596359e-02 -1.10382700e-04 5.61115925e-04
7.61923917e-02 5.74189574e-04 5.19342432e-04
7.67251462e-02 2.53115283e-05 5.39097859e-04
7.72578995e-02 -6.99568557e-04 5.25818275e-04
7.77906516e-02 7.38835434e-04 5.33287143e-04
7.83234024e-02 8.92096935e-04 5.59946536e-04
7.88561519e-02 1.32508614e-03 5.48043041e-04
7.93889002e-02 2.66059204e-04 5.04949202e-04
7.99216472e-02 2.92132093e-05 5.29652856e-04
8.04543928e-02 -8.12482577e-04 5.33256856e-04
8.09871372e-02 4.19037911e-05 5.11096549e-04
8.15198803e-02 8.11349508e-04 5.26044074e-04
8.20526220e-02 4.58119975e-04 5.23274953e-04
8.25853624e-02 4.45921320e-04 5.10498944e-04
8.31181015e-02 3.86215110e-04 4.90348778e-04
8.36508393e-02 -3.65328762e-04 4.98782663e-04
8.41835757e-02 -1.54851507e-05 5.06135838e-04
8.47163107e-02 4.12826109e-04 5.13471067e-04
8.52490443e-02 -2.09776585e-04 4.92856135e-04
8.57817766e-02 -5.75918061e-04 4.75459631e-04
8.63145075e-02 7.16889323e-04 5.07735125e-04
8.68472370e-02 4.35224738e-04 5.04287132e-04
8.73799651e-02 5.81994099e-04 4.83367492e-04
8.79126918e-02 -2.80152970e-04 4.83893896e-04
8.84454170e-02 8.60694364e-04 4.85494203e-04
8.89781408e-02 -1.31059125e-04 4.77988870e-04
8.95108632e-02 5.57162661e-04 4.92408812e-04
9.00435842e-02 -1.28509737e-05 4.86945479e-04
9.05763036e-02 8.24526481e-05 4.67899331e-04
9.11090217e-02 -1.07792231e-03 4.78321253e-04
9.16417382e-02 6.39475894e-04 4.89153007e-04
9.21744532e-02 -3.67696625e-04 4.95554423e-04
9.27071668e-02 2.87912600e-04 4.83765865e-04
9.32398789e-02 7.89869821e-04 4.84229376e-04
9.37725894e-02 -2.36437923e-04 4.63216228e-04
9.43052985e-02 5.16326067e-05 4.68406395e-04
9.48380060e-02 2.66368429e-04 4.50775864e-04
9.53707120e-02 1.12053765e-03 4.89747847e-04
9.59034164e-02 1.75202049e-04 4.54711125e-04
9.64361193e-02 4.76784719e-04 4.57272196e-04
9.69688206e-02 4.31775737e-04 4.72051307e-04
9.75015204e-02 -1.54099559e-04 4.62263193e-04
9.80342186e-02 5.20787489e-04 4.58191848e-04
9.85669152e-02 -9.09265407e-04 4.59289304e-04
9.90996102e-02 3.56229887e-04 4.58735407e-04
9.96323036e-02 -3.63138765e-04 4.48395665e-04
1.00164995e-01 -8.31110457e-04 4.55542263e-04
1.00697686e-01 -3.20881613e-04 4.53033260e-04
1.01230374e-01 -4.26973305e-04 4.48721353e-04
1.01763061e-01 -4.51269775e-04 4.44855527e-04
1.02295746e-01 -6.69222770e-04 4.33345150e-04
1.02828430e-01 4.16020278e-04 4.58423862e-04
1.03361112e-01 1.62798059e-04 4.33839814e-04
1.03893792e-01 1.67897066e-04 4.30131666e-04
1.04426471e-01 -7.51386635e-04 4.28637151e-04
1.04959148e-01 -1.33827575e-05 4.32727846e-04
1.05491823e-01 2.83069890e-04 4.39867133e-04
1.06024496e-01 2.84547058e-04 4.47960647e-04
1.06557168e-01 -1.32243704e-04 4.35790842e-04
1.07089838e-01 2.83074343e-04 4.43797012e-04
1.07622506e-01 2.47999361e-04 4.32599480e-04
1.08155173e-01 7.13689952e-04 4.25515199e-04
1.08687838e-01 -5.65366764e-04 4.27840192e-04
1.09220501e-01 1.85524221e-04 4.17555648e-04
1.09753162e-01 1.97320469e-04 4.27064604e-04
1.10285822e-01 4.54890358e-04 4.14672382e-04
1.10818479e-01 8.69886391e-05 4.33272518e-04
1.11351135e-01 -3.55366318e-04 4.18817089e-04
1.11883790e-01 2.20413686e-04 4.29295782e-04
1.12416442e-01 -2.08092407e-04 4.24158818e-04
1.12949092e-01 1.21304417e-04 4.20986559e-04
1.13481741e-01 2.10963741e-04 4.20126030e-04
1.14014388e-01 -2.33521563e-04 4.26247002e-04
1.14547033e-01 2.41169305e-04 4.12219107e-04
1.15079676e-01 3.90014615e-04 4.19518865e-04
1.15612318e-01 4.59828502e-04 4.16438858e-04
1.16144957e-01 -1.72502115e-04 4.14110841e-04
1.16677595e-01 9.55574628e-04 4.27895963e-04
1.17210230e-01 5.05704718e-04 4.13797985e-04
1.17742864e-01 -2.93789921e-05 4.24324671e-04
1.18275496e-01 -5.82787101e-05 4.13246390e-04
1.18808126e-01 1.02033052e-04 4.11275454e-04
1.19340754e-01 1.07623061e-04 4.19458035e-04
1.19873380e-01 -1.66432131e-04 4.18560897e-04
1.20406004e-01 3.16453824e-04 4.16480763e-04
1.20938626e-01 -3.26409531e-05 4.09970307e-04
1.21471247e-01 3.29399025e-04 4.09907770e-04
1.22003865e-01 1.47472944e-04 3.99386554e-04
1.22536481e-01 -7.92472013e-05 4.04243126e-04
1.23069096e-01 -8.65256711e-04 3.92355080e-04
1.23601708e-01 4.12332706e-04 4.01910555e-04
1.24134318e-01 6.57094034e-04 4.07537370e-04
1.24666927e-01 1.69632205e-05 3.88771196e-04
1.25199533e-01 4.26633292e-05 3.85456924e-04
1.25732137e-01 7.69301964e-04 4.02229690e-04
1.26264740e-01 4.52797422e-04 3.90775901e-04
1.26797340e-01 -8.03684011e-04 3.81298761e-04
1.27329938e-01 3.67301847e-04 3.97541119e-04
1.27862534e-01 6.52564010e-04 3.96445733e-04
1.28395128e-01 1.54886165e-04 3.93057741e-04
1.28927720e-01 -8.38991992e-05 3.89453511e-04
1.29460310e-01 -4.48312178e-04 4.00610425e-04
1.29992898e-01 1.78340754e-04 3.94833260e-04
1.30525484e-01 4.36838315e-04 3.82809960e-04
1.31058067e-01 -4.03492872e-04 3.94547207e-04
1.31590649e-01 2.90922420e-04 4.02427616e-04
1.32123228e-01 6.76883729e-04 4.21356029e-04
1.32655805e-01 8.70238508e-04 4.07956178e-04
1.33188380e-01 4.84599049e-04 3.98496287e-04
1.33720953e-01 1.24743928e-04 4.03522820e-04
1.34253524e-01 5.61671565e-04 4.02992979e-04
1.34786093e-01 1.68367169e-04 4.02919170e-04
1.35318659e-01 5.08767357e-04 4.02676825e-04
1.35851223e-01 -1.13860009e-04 3.93866097e-04
1.36383785e-01 -2.81596885e-04 3.96339197e-04
1.36916345e-01 2.05147908e-04 3.87132227e-04
1.37448903e-01 -2.74467800e-04 3.90851511e-04
1.37981458e-01 2.15491441e-04 3.92778671e-04
1.38514011e-01 -1.96580126e-04 3.71703379e-04
1.39046562e-01 5.19718055e-04 3.79119525e-04
1.39579111e-01 -2.37015087e-04 3.82973296e-04
1.40111657e-01 6.83929893e-04 3.79037581e-04
1.40644201e-01 -8.18061540e-06 3.77443517e-04
1.41176743e-01 -4.53659650e-04 3.79578780e-04
1.41709283e-01 -5.10072780e-04 3.68472615e-04
1.42241820e-01 1.06806065e-04 3.80587247e-04
1.42774355e-01 6.07618433e-05 3.93799522e-04
1.43306888e-01 3.95808741e-04 3.70074956e-04
1.43839418e-01 7.55781930e-06 3.67668753e-04
1.44371946e-01 -3.55772397e-04 3.74809233e-04
1.44904472e-01 -2.64057991e-04 3.75385962e-04
1.45436995e-01 -1.92088633e-05 3.66867367e-04
1.45969516e-01 3.10184000e-04 3.68227281e-04
1.46502035e-01 4.51809223e-04 3.66727531e-04
1.47034551e-01 -2.50892569e-04 3.60756371e-04
1.47567065e-01 -1.78716470e-04 3.63759103e-04
1.48099577e-01 3.55697232e-05 3.62934127e-04
1.48632086e-01 4.02345425e-04 3.71006428e-04
1.49164593e-01 4.66546221e-04 3.66601985e-04
1.49697097e-01 9.80161431e-04 3.69415442e-04
1.50229599e-01 3.34704486e-04 3.71153673e-04
1.50762098e-01 5.97969649e-04 3.65042920e-04
1.51294595e-01 -1.68391456e-05 3.70432863e-04
1.51827090e-01 6.89036278e-05 3.62503579e-04
1.52359582e-01 -2.37743682e-04 3.63456904e-04
1.52892072e-01 -4.49843016e-04 3.58409887e-04
1.53424559e-01 5.18849449e-04 3.53581820e-04
1.53957044e-01 -1.76757337e-04 3.50023063e-04
1.54489526e-01 -3.45219745e-04 3.70180532e-04
1.55022006e-01 -9.82660620e-05 3.58036989e-04
1.55554483e-01 7.34995129e-04 3.70736768e-04
1.56086958e-01 -1.87308306e-04 3.70035948e-04
1.56619430e-01 3.06055065e-04 3.64344751e-04
1.57151899e-01 -5.35806874e-04 3.65091886e-04
1.57684366e-01 -4.55773885e-04 3.58661098e-04
1.58216831e-01 3.13923121e-04 3.75176890e-04
1.58749293e-01 3.88005498e-04 3.65308815e-04
1.59281752e-01 5.03105199e-04 3.68030282e-04
1.59814209e-01 -1.75344953e-04 3.71660430e-04
1.60346664e-01 2.36765456e-04 3.63953325e-04
1.60879115e-01 7.68007114e-04 3.75676884e-04
1.61411564e-01 -4.84041395e-04 3.64348457e-04
1.61944011e-01 -2.67235721e-04 3.61710294e-04
1.62476455e-01 -2.56434456e-04 3.76992278e-04
1.63008896e-01 3.53863049e-06 3.67781734e-04
1.63541335e-01 3.60270919e-04 3.67809205e-04
1.64073771e-01 2.07834661e-05 3.66285387e-04
1.64606204e-01 9.12813849e-04 3.53768438e-04
1.65138635e-01 6.05342306e-04 3.50569625e-04
1.65671063e-01 5.12167631e-04 3.47143373e-04
1.66203488e-01 2.08620300e-04 3.52535164e-04
1.66735910e-01 -2.27638423e-04 3.44047033e-04
1.67268330e-01 -1.97987178e-04 3.38237990e-04
1.67800748e-01 2.06387399e-04 3.58340060e-04
1.68333162e-01 -2.15228875e-04 3.56583650e-04
1.68865574e-01 -2.46296351e-04 3.44514642e-04
1.69397983e-01 1.85740909e-05 3.46959765e-04
1.69930389e-01 5.93036051e-04 3.49987800e-04
1.70462793e-01 -7.39884160e-06 3.43558621e-04
1.70995194e-01 -2.52546563e-04 3.43976064e-04
1.71527592e-01 -7.36365008e-05 3.41277412e-04
1.72059987e-01 -2.32627704e-07 3.44798956e-04
1.72592380e-01 -5.17677686e-04 3.36299583e-04
1.73124769e-01 2.41003649e-04 3.39377998e-04
1.73657156e-01 5.89634851e-05 3.42440721e-04
1.74189540e-01 -2.65067447e-04 3.43389037e-04
1.74721922e-01 -1.12007647e-04 3.34603393e-04
1.75254300e-01 7.56865813e-05 3.36842847e-04
1.75786676e-01 1.00628833e-04 3.41366114e-04
1.76319049e-01 1.14623426e-04 3.41370712e-04
1.76851418e-01 5.14367549e-04 3.45178696e-04
1.77383786e-01 4.59332926e-04 3.48214661e-04
1.77916150e-01 -5.23333938e-04 3.48407985e-04
1.78448511e-01 -2.73294630e-04 3.46884332e-04
1.78980870e-01 -1.57400695e-04 3.34951492e-04
1.79513225e-01 2.65306708e-04 3.43910238e-04
1.80045578e-01 -1.07479106e-03 3.39841378e-04
1.80577928e-01 2.02515023e-04 3.39712832e-04
1.81110275e-01 3.21369725e-05 3.46072704e-04
1.81642618e-01 -1.35833516e-04 3.54798736e-04
1.82174959e-01 -1.32859525e-05 3.45144425e-04
1.82707297e-01 -4.87597717e-05 3.45422865e-04
1.83239633e-01 -1.50520982e-04 3.39152886e-04
1.83771965e-01 -1.72387839e-04 3.45884984e-04
1.84304294e-01 4.56033052e-04 3.45354621e-04
1.84836620e-01 8.95784731e-06 3.36968813e-04
1.85368943e-01 -5.06906307e-04 3.30237390e-04
1.85901263e-01 -2.02153160e-04 3.32123768e-04
1.86433581e-01 6.70458936e-04 3.37715615e-04
1.86965895e-01 -4.27685500e-05 3.36945584e-04
1.87498206e-01 1.75464206e-04 3.34987946e-04
1.88030514e-01 -3.52162929e-04 3.37909573e-04
1.88562819e-01 -7.64600216e-05 3.31727901e-04
1.89095121e-01 1.67441359e-04 3.33297968e-04
1.89627420e-01 -6.81833663e-04 3.36644830e-04
1.90159716e-01 -8.94458534e-05 3.25928813e-04
1.90692009e-01 3.55482010e-05 3.19001708e-04
1.91224299e-01 4.98949472e-04 3.28632892e-04
1.91756586e-01 5.20135320e-04 3.25163200e-04
1.92288869e-01 1.22303474e-04 3.35550513e-04
1.92821150e-01 -5.83331195e-04 3.23812028e-04
1.93353427e-01 -6.68894191e-04 3.22096831e-04
1.93885701e-01 1.25256548e-04 3.26309140e-04
1.94417972e-01 3.45240740e-04 3.20535056e-04
1.94950240e-01 5.55254818e-05 3.20819896e-04
1.95482505e-01 -3.76332537e-05 3.19225634e-04
1.96014767e-01 4.05223392e-04 3.27775443e-04
1.96547025e-01 6.02255808e-04 3.19662853e-04
1.97079281e-01 1.49220429e-05 3.27164329e-04
1.97611533e-01 2.46077382e-05 3.18201361e-04
1.98143782e-01 6.54580835e-05 3.16978107e-04
1.98676028e-01 1.98282475e-04 3.17334334e-04
1.99208270e-01 1.81490324e-04 3.13444242e-04
1.99740510e-01 -1.63819894e-04 3.13029364e-04
2.00272746e-01 5.87550122e-04 3.11413300e-04
2.00804978e-01 1.99254301e-04 3.14313252e-04
2.01337208e-01 7.35129237e-05 3.00624878e-04
2.01869434e-01 4.43500997e-04 3.04788308e-04
2.02401658e-01 2.47897489e-04 3.07900163e-04
2.02933877e-01 -1.08641630e-04 3.12232327e-04
2.03466094e-01 -6.88821918e-04 3.08452806e-04
2.03998307e-01 2.49520132e-04 3.08506283e-04
2.04530517e-01 -1.36710418e-04 3.05685159e-04
2.05062724e-01 3.41733051e-05 3.06676724e-04
2.05594927e-01 -1.82615971e-04 3.05385755e-04
2.06127127e-01 -3.97573608e-04 3.07631676e-04
2.06659324e-01 6.73067666e-05 3.04506139e-04
2.07191517e-01 2.99165359e-04 3.05172251e-04
2.07723707e-01 1.09820154e-04 3.05327444e-04
2.08255894e-01 8.35732018e-05 3.02825556e-04
2.08788077e-01 4.61767286e-04 3.06357726e-04
2.09320257e-01 2.11913545e-04 3.04752326e-04
2.09852434e-01 -9.92951729e-05 2.98725644e-04
2.10384607e-01 -5.99666014e-04 3.01186356e-04
2.10916777e-01 5.72259067e-04 3.07731101e-04
2.11448943e-01 8.15955196e-05 2.97349704e-04
2.11981106e-01 4.49262634e-04 3.06374477e-04
2.12513266e-01 -3.50796377e-05 3.07808086e-04
2.13045422e-01 2.32165270e-05 2.93986832e-04
2.13577575e-01 1.74589379e-04 3.01441836e-04
2.14109724e-01 -3.31637844e-04 2.94951187e-04
2.14641870e-01 8.55061935e-05 2.99317117e-04
2.15174012e-01 -8.33838214e-04 2.90354571e-04
2.15706151e-01 -2.73309862e-04 2.96052055e-04
2.16238286e-01 -1.43110265e-04 2.95644815e-04
2.16770418e-01 -6.45593866e-05 2.92977405e-04
2.17302546e-01 5.57535695e-04 2.91315890e-04
2.17834671e-01 1.66224694e-04 2.91951734e-04
2.18366792e-01 2.56843499e-04 2.91500315e-04
2.18898910e-01 -1.51093323e-04 2.95551919e-04
2.19431024e-01 -1.49675577e-04 2.98846874e-04
2.19963135e-01 2.85076901e-04 2.99231378e-04
2.20495242e-01 5.94250443e-05 2.84591718e-04
2.21027346e-01 -1.50275910e-04 2.89842962e-04
2.21559446e-01 1.37038399e-04 2.92037261e-04
2.22091542e-01 -1.56814616e-05 2.96466536e-04
2.22623635e-01 3.00784554e-04 2.83814444e-04
2.23155724e-01 1.80586661e-04 2.84119374e-04
2.23687810e-01 3.92587499e-04 2.94259542e-04
2.24219892e-01 2.16910378e-04 2.88633424e-04
2.24751971e-01 3.37487077e-04 2.94077294e-04
2.25284045e-01 -6.86310285e-05 2.79069046e-04
2.25816117e-01 -4.37752002e-04 2.81404847e-04
2.26348184e-01 -1.53300995e-04 2.87406852e-04
2.26880248e-01 -1.42339448e-04 2.87388528e-04
2.27412308e-01 3.24383818e-04 2.81814556e-04
2.27944365e-01 5.57869410e-04 2.88715233e-04
2.28476418e-01 3.84566664e-04 2.83260790e-04
2.29008467e-01 -1.64530300e-04 2.87295874e-04
2.29540512e-01 2.23893758e-04 2.87556019e-04
2.30072554e-01 1.18744943e-04 2.86951344e-04
2.30604592e-01 -4.69607382e-04 2.80335269e-04
2.31136626e-01 -2.12213299e-04 2.85084037e-04
2.31668657e-01 7.74648477e-05 2.84618441e-04
2.32200684e-01 4.39144373e-04 2.84476205e-04
2.32732707e-01 2.38716523e-04 2.79308040e-04
2.33264726e-01 2.59761081e-04 2.73228858e-04
2.33796742e-01 8.12143529e-04 2.82454070e-04
2.34328754e-01 -5.74663045e-05 2.80624139e-04
2.34860762e-01 3.28938926e-04 2.74895576e-04
2.35392766e-01 3.96223574e-04 2.83018893e-04
2.35924766e-01 -5.66079480e-05 2.76864147e-04
2.36456763e-01 -4.89907600e-04 2.77720250e-04
2.36988756e-01 1.80905937e-04 2.73428875e-04
2.37520745e-01 1.73090461e-05 2.80991273e-04
2.38052730e-01 -1.00385772e-04 2.78020193e-04
2.38584711e-01 1.76969997e-04 2.79882880e-04
2.39116689e-01 -3.41165818e-04 2.67512481e-04
2.39648662e-01 -3.85438683e-04 2.71325692e-04
2.40180632e-01 -1.93427719e-04 2.79899958e-04
2.40712598e-01 3.03563720e-04 2.69195086e-04
2.41244560e-01 5.44883866e-04 2.72904676e-04
2.41776518e-01 -1.16548203e-05 2.75273598e-04
2.42308472e-01 2.34293349e-04 2.77410254e-04
2.42840423e-01 -1.50033675e-04 2.72353403e-04
2.43372369e-01 2.84902540e-04 2.71035621e-04
2.43904311e-01 3.32367323e-04 2.73529961e-04
2.44436250e-01 2.36372970e-05 2.66474664e-04
2.44968184e-01 1.50362380e-04 2.66867423e-04
2.45500115e-01 2.09360610e-04 2.70032472e-04
2.46032042e-01 1.11349868e-05 2.67350990e-04
2.46563964e-01 4.60448560e-04 2.72559772e-04
2.47095883e-01 4.56974308e-04 2.75098090e-04
2.47627798e-01 1.91023175e-04 2.68069351e-04
2.48159708e-01 -3.61762347e-05 2.65983665e-04
2.48691615e-01 -3.05043842e-04 2.66745399e-04
2.49223518e-01 -1.67229436e-04 2.69788474e-04
2.49755416e-01 -6.36294101e-06 2.68091549e-04
2.50287311e-01 1.82946704e-04 2.72389909e-04
2.50819201e-01 1.15776215e-04 2.68818014e-04
2.51351088e-01 4.36492447e-04 2.63383849e-04
2.51882971e-01 -2.06462617e-04 2.65387871e-04
2.52414849e-01 -1.50961060e-04 2.65866065e-04
2.52946723e-01 9.29908657e-05 2.67321531e-04
2.53478594e-01 -2.42512878e-04 2.69805836e-04
2.54010460e-01 1.05124524e-04 2.65940253e-04
2.54542322e-01 -5.29539297e-04 2.63675588e-04
2.55074180e-01 3.44466386e-04 2.68299429e-04
2.55606034e-01 4.05300825e-04 2.71959855e-04
2.56137883e-01 3.79344363e-04 2.73605153e-04
2.56669729e-01 3.14715029e-04 2.64816150e-04
2.57201570e-01 9.46484966e-05 2.67152611e-04
2.57733408e-01 3.98298958e-04 2.68496189e-04
2.58265241e-01 -1.13465613e-04 2.58178865e-04
2.58797070e-01 3.99607412e-06 2.65627293e-04
2.59328895e-01 2.07358387e-04 2.62154781e-04
2.59860715e-01 -1.22243161e-04 2.59079317e-04
2.60392532e-01 1.00689799e-04 2.64048431e-04
2.60924344e-01 -8.80902167e-05 2.62191192e-04
2.61456152e-01 -2.61041266e-04 2.63362551e-04
2.61987956e-01 -2.21229981e-04 2.57967223e-04
2.62519755e-01 -6.43083495e-05 2.67241536e-04
2.63051551e-01 2.06055532e-04 2.51885438e-04
2.63583342e-01 1.79167212e-05 2.58800430e-04
2.64115129e-01 4.28509010e-04 2.65278099e-04
2.64646911e-01 1.41253464e-04 2.58595643e-04
2.65178690e-01 1.41233906e-05 2.58494335e-04
2.65710464e-01 -1.13127415e-04 2.65030592e-04
2.66242233e-01 -1.14143906e-04 2.59502170e-04
2.66773999e-01 -1.31687299e-04 2.60245066e-04
2.67305760e-01 -4.23962097e-04 2.56525170e-04
2.67837517e-01 2.73600310e-05 2.59963540e-04
2.68369269e-01 -4.23771427e-07 2.61593357e-04
2.68901018e-01 3.84149216e-04 2.63304886e-04
2.69432761e-01 2.75682767e-04 2.65356842e-04
2.69964501e-01 3.87059496e-04 2.62050490e-04
2.70496236e-01 -3.35723448e-05 2.64003797e-04
2.71027967e-01 1.47927480e-04 2.57849239e-04
2.71559693e-01 2.72459903e-04 2.63478317e-04
2.72091415e-01 3.25457364e-05 2.59817220e-04
2.72623133e-01 -7.88705073e-05 2.61442965e-04
2.73154846e-01 1.04811539e-04 2.60737550e-04
2.73686555e-01 3.25543127e-04 2.60600874e-04
2.74218260e-01 2.61748586e-04 2.61415165e-04
2.74749960e-01 4.99747373e-04 2.69350494e-04
2.75281655e-01 -4.05971256e-04 2.57799667e-04
2.75813346e-01 5.45443043e-05 2.63829748e-04
2.76345033e-01 1.15325687e-04 2.59858874e-04
2.76876715e-01 3.30084012e-04 2.61015566e-04
2.77408393e-01 3.91752879e-04 2.61343972e-04
2.77940066e-01 -2.42046617e-05 2.52165473e-04
2.78471735e-01 -4.41040165e-05 2.52818194e-04
2.79003400e-01 -1.01363594e-04 2.53707233e-04
2.79535059e-01 4.86770037e-05 2.54821580e-04
2.80066715e-01 1.33463847e-04 2.54691758e-04
2.80598366e-01 -4.36859985e-04 2.54539265e-04
2.81130012e-01 1.56644874e-04 2.57214985e-04
2.81661654e-01 1.27841943e-04 2.55207274e-04
2.82193291e-01 -3.54873519e-04 2.51121657e-04
2.82724923e-01 -5.26633362e-05 2.48332881e-04
2.83256552e-01 -1.28327200e-04 2.50071751e-04
2.83788175e-01 1.08840825e-05 2.53956344e-04
2.84319794e-01 -1.74142711e-04 2.52702334e-04
2.84851408e-01 2.96603295e-04 2.55434728e-04
2.85383018e-01 2.35481777e-04 2.52149173e-04
2.85914623e-01 2.20696142e-04 2.48847491e-04
2.86446224e-01 4.67939335e-04 2.49732800e-04
2.86977820e-01 2.32942604e-04 2.46422795e-04
2.87509411e-01 -1.59931615e-05 2.51080736e-04
2.88040998e-01 1.93605500e-04 2.48465012e-04
2.88572580e-01 -2.79231262e-04 2.50587736e-04
2.89104157e-01 -2.46503091e-04 2.53133886e-04
2.89635730e-01 7.91547648e-05 2.53323669e-04
2.90167298e-01 2.80474814e-04 2.48935532e-04
2.90698862e-01 2.43535654e-04 2.53507340e-04
2.91230420e-01 2.92636611e-04 2.46830721e-04
2.91761974e-01 -1.72831924e-04 2.52711242e-04
2.92293524e-01 6.47151990e-05 2.52319107e-04
2.92825068e-01 -1.88729985e-04 2.55455657e-04
2.93356608e-01 1.16029021e-04 2.49149364e-04
2.93888143e-01 5.87114023e-04 2.53597281e-04
2.94419674e-01 3.46337753e-04 2.54328811e-04
2.94951199e-01 -1.40089281e-04 2.51098828e-04
2.95482720e-01 1.31599744e-05 2.52338842e-04
2.96014236e-01 -2.21429104e-04 2.51113287e-04
2.96545748e-01 1.08760379e-04 2.48921455e-04
2.97077254e-01 -4.84692956e-04 2.50342814e-04
2.97608756e-01 1.35739917e-04 2.44894779e-04
2.98140253e-01 -2.08709364e-04 2.49880620e-04
2.98671745e-01 1.53921093e-04 2.46190389e-04
2.99203233e-01 2.39042952e-04 2.42802261e-04
2.99734715e-01 -2.28650773e-04 2.48365604e-04
3.00266193e-01 1.70325388e-04 2.46332960e-04
3.00797666e-01 -1.12936141e-04 2.47302568e-04
3.01329134e-01 -9.80410149e-05 2.42661806e-04
3.01860597e-01 2.33754274e-04 2.42910989e-04
3.02392056e-01 -1.95809834e-04 2.44705498e-04
3.02923509e-01 -1.54243925e-04 2.39295280e-04
3.03454958e-01 -8.24804586e-05 2.42985159e-04
3.03986401e-01 5.09317495e-05 2.41999139e-04
3.04517840e-01 5.52013140e-04 2.46239890e-04
3.05049274e-01 2.67744156e-04 2.37348610e-04
3.05580703e-01 2.83312672e-04 2.40204696e-04
3.06112127e-01 2.39237524e-04 2.41808362e-04
3.06643546e-01 1.99757795e-04 2.41818280e-04
3.07174960e-01 6.35889908e-05 2.35454991e-04
3.07706370e-01 -1.33129926e-04 2.39594857e-04
3.08237774e-01 -3.77428744e-04 2.37943925e-04
3.08769173e-01 3.06855520e-04 2.39458177e-04
3.09300568e-01 1.03903122e-04 2.37969463e-04
3.09831957e-01 -5.05048619e-05 2.37559239e-04
3.10363341e-01 3.26650830e-04 2.38649008e-04
3.10894721e-01 1.34964258e-04 2.41073692e-04
3.11426095e-01 -9.98946785e-05 2.34002874e-04
3.11957464e-01 3.40228417e-04 2.40121209e-04
3.12488829e-01 1.07194229e-04 2.36242131e-04
3.13020188e-01 2.84685650e-04 2.31240463e-04
3.13551542e-01 3.07375154e-04 2.36186947e-04
3.14082891e-01 -1.61776931e-04 2.36027917e-04
3.14614235e-01 2.11111285e-05 2.39284991e-04
3.15145574e-01 3.58854817e-04 2.35827826e-04
3.15676908e-01 1.78799051e-04 2.36668831e-04
3.16208237e-01 1.64337360e-04 2.37371649e-04
3.16739561e-01 -1.60813337e-04 2.33298550e-04
3.17270880e-01 2.08124891e-04 2.34552170e-04
3.17802193e-01 1.08408029e-04 2.31900218e-04
3.18333502e-01 1.69610190e-04 2.32014200e-04
3.18864805e-01 -3.90027595e-05 2.33941529e-04
3.19396103e-01 -3.21183342e-04 2.28676187e-04
3.19927396e-01 -2.68082932e-04 2.33015923e-04
3.20458684e-01 1.98836720e-04 2.32530556e-04
3.20989967e-01 -1.46112720e-05 2.32735856e-04
3.21521244e-01 8.59197325e-05 2.34804620e-04
3.22052517e-01 -5.19533594e-04 2.29187814e-04
3.22583784e-01 4.75225769e-04 2.31546866e-04
3.23115046e-01 -2.43006088e-05 2.31465787e-04
3.23646303e-01 -1.56159082e-05 2.26274102e-04
3.24177554e-01 -1.17463916e-04 2.30279985e-04
3.24708801e-01 -2.56395629e-04 2.28761803e-04
3.25240042e-01 1.77376458e-04 2.32114573e-04
3.25771278e-01 9.18384432e-05 2.28008167e-04
3.26302508e-01 2.05513205e-04 2.29457700e-04
3.26833734e-01 2.85611550e-04 2.30573987e-04
3.27364954e-01 1.54156711e-04 2.31606786e-04
3.27896169e-01 -5.06529428e-06 2.28856675e-04
3.28427378e-01 2.70552604e-04 2.24274109e-04
3.28958583e-01 -1.35186522e-04 2.21179390e-04
3.29489782e-01 -1.82414525e-04 2.22233470e-04
3.30020975e-01 -1.92561028e-04 2.26312576e-04
3.30552164e-01 2.41305940e-04 2.22540021e-04
3.31083347e-01 3.56494546e-04 2.29073182e-04
3.31614524e-01 -4.19975883e-04 2.21734416e-04
3.32145697e-01 -5.72545828e-04 2.24565072e-04
3.32676864e-01 1.41151432e-04 2.25697853e-04
3.33208025e-01 6.70183441e-06 2.23477002e-04
3.33739182e-01 1.93257218e-04 2.20850010e-04
3.34270333e-01 1.22016469e-04 2.25601401e-04
3.34801478e-01 -1.44481636e-04 2.24491819e-04
3.35332618e-01 5.23692609e-05 2.21363310e-04
3.35863753e-01 2.36020237e-04 2.19645471e-04
3.36394883e-01 -6.97783063e-05 2.23557174e-04
3.36926007e-01 -3.20103196e-04 2.21833636e-04
3.37457125e-01 7.83954702e-05 2.23148533e-04
3.37988238e-01 6.60466681e-04 2.24539255e-04
3.38519346e-01 -8.83438074e-05 2.17861549e-04
3.39050448e-01 -1.91567991e-04 2.23633503e-04
3.39581545e-01 6.19149536e-04 2.23007482e-04
3.40112636e-01 -3.71658155e-04 2.17263191e-04
3.40643722e-01 -2.45920586e-05 2.19565913e-04
3.41174802e-01 4.09047542e-04 2.20159872e-04
3.41705877e-01 -1.48096348e-04 2.20742557e-04
3.42236946e-01 8.26387114e-05 2.18332655e-04
3.42768010e-01 -3.97587340e-04 2.16931481e-04
3.43299068e-01 4.96880420e-05 2.19729545e-04
3.43830121e-01 -4.01003181e-04 2.18826246e-04
3.44361168e-01 -2.95200146e-05 2.23408725e-04
3.44892210e-01 -1.75339241e-04 2.20394934e-04
3.45423246e-01 2.97505179e-04 2.18278801e-04
3.45954277e-01 3.90114879e-05 2.14668439e-04
3.46485302e-01 3.78961510e-04 2.18984183e-04
3.47016321e-01 2.49816004e-06 2.15477239e-04
3.47547335e-01 1.51512423e-04 2.18445066e-04
3.48078343e-01 -1.07569027e-04 2.17995395e-04
3.48609346e-01 -1.67594985e-04 2.15340902e-04
3.49140343e-01 7.99935139e-07 2.15747421e-04
3.49671334e-01 1.22900508e-04 2.16944869e-04
3.50202320e-01 -1.65873708e-05 2.16495577e-04
3.50733300e-01 2.11866193e-04 2.19177070e-04
3.51264275e-01 3.33265150e-04 2.17123910e-04
3.51795244e-01 -8.58144180e-05 2.15385321e-04
3.52326207e-01 2.07964319e-04 2.12387622e-04
3.52857164e-01 3.61609844e-04 2.18471927e-04
3.53388116e-01 -3.36260336e-05 2.15288794e-04
3.53919062e-01 -3.60353490e-04 2.12761809e-04
3.54450003e-01 -4.10991246e-05 2.13935114e-04
3.54980938e-01 2.08557127e-05 2.16337554e-04
3.55511867e-01 -4.12221688e-04 2.09263059e-04
3.56042790e-01 1.95303968e-04 2.13932638e-04
3.56573708e-01 3.10465143e-04 2.16008481e-04
3.57104620e-01 4.27104891e-04 2.13745023e-04
3.57635526e-01 -5.01618855e-06 2.14908445e-04
3.58166426e-01 3.40012058e-04 2.15727606e-04
3.58697321e-01 1.35238546e-04 2.12333800e-04
3.59228210e-01 1.62463556e-04 2.09856949e-04
3.59759093e-01 1.79053745e-04 2.07755583e-04
3.60289970e-01 4.77098512e-05 2.12674867e-04
3.60820841e-01 -1.01300846e-04 2.11499042e-04
3.61351707e-01 1.40112640e-04 2.07667495e-04
3.61882567e-01 1.00902522e-04 2.12392086e-04
3.62413421e-01 -7.88477863e-05 2.07615511e-04
3.62944269e-01 9.44113263e-05 2.08151985e-04
3.63475112e-01 -1.43234417e-04 2.08682808e-04
3.64005948e-01 2.58357538e-04 2.08823171e-04
3.64536779e-01 -7.50267489e-06 2.06523457e-04
3.65067604e-01 -2.27426452e-05 2.07976223e-04
3.65598423e-01 2.05035839e-04 2.10697438e-04
3.66129236e-01 1.70046055e-04 2.12182571e-04
3.66660043e-01 -2.32769314e-04 2.06914422e-04
3.67190844e-01 9.12197642e-07 2.06929048e-04
3.67721639e-01 2.45028578e-04 2.08208071e-04
3.68252429e-01 4.78386404e-05 2.07204779e-04
3.68783212e-01 2.21376322e-04 2.08837397e-04
3.69313990e-01 -7.90296867e-05 2.08686999e-04
3.69844762e-01 -2.14214047e-04 2.05061239e-04
3.70375527e-01 -2.29274887e-04 2.07093617e-04
3.70906287e-01 -1.97125242e-04 2.05297977e-04
3.71437041e-01 5.82740430e-05 2.05496391e-04
3.71967789e-01 -5.61478874e-05 2.05797494e-04
3.72498531e-01 1.09744306e-04 2.07920158e-04
3.73029266e-01 -2.92085422e-05 2.06111384e-04
3.73559996e-01 -1.40306923e-04 2.03321898e-04
3.74090720e-01 3.05070612e-04 2.07409641e-04
3.74621438e-01 5.55446218e-05 2.05348393e-04
3.75152150e-01 9.72201989e-05 2.05240641e-04
3.75682855e-01 9.41472433e-05 2.05820225e-04
3.76213555e-01 -3.12121412e-04 2.05582998e-04
3.76744249e-01 4.25628314e-04 2.02017492e-04
3.77274936e-01 4.48439170e-04 2.05844178e-04
3.77805618e-01 3.04596980e-04 2.07365858e-04
3.78336293e-01 1.33785891e-04 2.06374943e-04
3.78866963e-01 -3.47341863e-04 2.03648579e-04
3.79397626e-01 3.57907179e-05 2.06160993e-04
3.79928283e-01 2.24694118e-04 2.05969067e-04
3.80458934e-01 4.13225204e-04 2.04407556e-04
3.80989579e-01 5.52571757e-05 2.03618259e-04
3.81520218e-01 1.28412341e-04 2.08236195e-04
3.82050851e-01 7.99441837e-05 2.06041802e-04
3.82581478e-01 2.21908377e-04 2.08861956e-04
3.83112098e-01 1.80067059e-04 2.08836709e-04
3.83642712e-01 -9.22642434e-05 2.07306563e-04
3.84173320e-01 2.42586604e-04 2.04653487e-04
3.84703922e-01 4.23271346e-04 2.05322642e-04
3.85234518e-01 -1.12197122e-04 2.10185065e-04
3.85765108e-01 3.65892704e-04 2.10285616e-04
3.86295691e-01 1.69998470e-04 2.11006829e-04
3.86826268e-01 6.27951711e-05 2.08577649e-04
3.87356839e-01 -1.56096562e-04 2.07337054e-04
3.87887404e-01 -1.86348880e-04 2.09134691e-04
3.88417962e-01 1.00000595e-04 2.10624258e-04
3.88948514e-01 -2.02344942e-04 2.09275605e-04
3.89479060e-01 5.92108018e-05 2.08615007e-04
3.90009600e-01 -1.28714023e-04 2.03561059e-04
3.90540134e-01 1.42200087e-04 2.03599744e-04
3.91070661e-01 -1.32965400e-04 2.08120762e-04
3.91601182e-01 2.79623576e-05 2.02789809e-04
3.92131696e-01 4.50592136e-04 2.05424154e-04
3.92662205e-01 4.90253105e-04 2.03425160e-04
3.93192707e-01 4.83001644e-05 2.03167107e-04
3.93723202e-01 1.06444439e-05 2.05267256e-04
3.94253692e-01 3.05037709e-05 2.07661529e-04
3.94784175e-01 -2.24504255e-04 2.05441434e-04
3.95314651e-01 -2.41869684e-04 2.09504312e-04
3.95845122e-01 2.93057076e-05 2.09400104e-04
3.96375585e-01 -5.34244196e-05 2.11342323e-04
3.96906043e-01 4.04566187e-04 2.07605092e-04
3.97436494e-01 -1.68782710e-04 2.09048870e-04
3.97966939e-01 -2.39449443e-04 2.09614043e-04
3.98497377e-01 -1.69993947e-04 2.04517976e-04
3.99027809e-01 3.06141856e-04 2.12944324e-04
3.99558235e-01 3.24015274e-04 2.11896337e-04
4.00088654e-01 -1.74941719e-04 2.12300008e-04
4.00619067e-01 5.53704348e-05 2.10190700e-04
4.01149473e-01 1.78999758e-04 2.14010403e-04
4.01679873e-01 -1.59683309e-05 2.11873907e-04
4.02210267e-01 -1.71959199e-04 2.16976319e-04
4.02740654e-01 -1.06087521e-04 2.15374791e-04
4.03271034e-01 -1.54736379e-05 2.15717023e-04
4.03801408e-01 2.01565388e-04 2.16125788e-04
4.04331776e-01 -2.66728251e-05 2.16623877e-04
4.04862137e-01 -1.95086753e-04 2.16463993e-04
4.05392491e-01 -7.53233464e-05 2.15249900e-04
4.05922839e-01 4.82885987e-05 2.21373710e-04
4.06453181e-01 -3.29397301e-06 2.20378992e-04
4.06983516e-01 2.43488781e-05 2.20976806e-04
4.07513844e-01 2.28044170e-04 2.24862955e-04
4.08044166e-01 -2.20762141e-05 2.22594569e-04
4.08574481e-01 1.07618993e-04 2.18331514e-04
4.09104790e-01 5.58353925e-06 2.20379235e-04
4.09635092e-01 -1.13233616e-04 2.17603591e-04
4.10165388e-01 1.26939476e-04 2.18307299e-04
4.10695677e-01 -1.45888462e-04 2.23769179e-04
4.11225960e-01 -1.59279632e-05 2.40299069e-04
4.11756235e-01 -6.18648009e-06 2.51651724e-04
4.12286505e-01 3.24580687e-04 2.65323088e-04
4.12816767e-01 1.55991016e-04 2.79327175e-04
4.13347023e-01 -3.57941925e-04 2.94342014e-04
4.13877273e-01 3.79194658e-06 3.16590717e-04
4.14407515e-01 4.66563280e-04 3.31106383e-04
4.14937751e-01 9.97164192e-06 3.38006601e-04
4.15467981e-01 5.61852703e-05 3.47356654e-04
4.15998203e-01 4.39711117e-05 3.52718923e-04
4.16528419e-01 -2.52191585e-04 3.41762770e-04
4.17058629e-01 2.97977103e-04 3.50596837e-04
4.17588831e-01 1.78870894e-04 3.61143185e-04
4.18119027e-01 1.50951457e-04 3.93291171e-04
4.18649217e-01 8.09728529e-04 5.04834148e-04
4.19179399e-01 -4.79933743e-04 1.34022004e-03
