7.45980241e-03 1.26141583e-02 3.49586770e-02
7.99264482e-03 1.32842305e-02 2.08891918e-02
8.52548709e-03 2.89244168e-03 1.49206731e-02
9.05832923e-03 -1.25949259e-03 1.20293266e-02
9.59117122e-03 -2.75830843e-03 1.08068016e-02
1.01240131e-02 1.69332528e-03 8.17620731e-03
1.06568547e-02 9.92970763e-05 7.63823309e-03
1.11896962e-02 1.17315126e-03 5.42182186e-03
1.17225375e-02 4.12077223e-04 4.40927480e-03
1.22553787e-02 4.29111614e-03 3.48021635e-03
1.27882196e-02 7.18541436e-04 3.00452554e-03
1.33210603e-02 7.90898982e-04 2.40955145e-03
1.38539008e-02 7.97843718e-04 2.14232936e-03
1.43867411e-02 2.15026203e-03 2.10222870e-03
1.49195812e-02 1.94276752e-03 1.80836774e-03
1.54524210e-02 2.74406626e-03 1.77658992e-03
1.59852605e-02 4.10843748e-03 1.58918186e-03
1.65180998e-02 1.87263506e-03 1.54880776e-03
1.70509389e-02 1.72710360e-03 1.44048563e-03
1.75837776e-02 3.96735015e-03 1.44965249e-03
1.81166161e-02 1.94986298e-03 1.41912641e-03
1.86494543e-02 8.96026411e-04 1.29057020e-03
1.91822922e-02 2.49335508e-03 1.21945063e-03
1.97151297e-02 2.66428908e-05 1.19948181e-03
2.02479670e-02 3.08872279e-03 1.17906139e-03
2.07808039e-02 9.55767913e-04 1.07517014e-03
2.13136405e-02 2.09044579e-03 1.15012481e-03
2.18464767e-02 8.56305026e-04 1.12360643e-03
2.23793126e-02 1.00274343e-03 1.06998871e-03
2.29121481e-02 1.87855848e-03 1.05090831e-03
2.34449833e-02 1.91024914e-03 1.09446831e-03
2.39778181e-02 1.03753155e-03 9.98087048e-04
2.45106524e-02 1.13470587e-03 9.44183285e-04
2.50434864e-02 5.95944944e-04 9.39933520e-04
2.55763200e-02 2.03643563e-03 9.19819013e-04
2.61091532e-02 4.88959841e-04 9.51871385e-04
2.66419859e-02 -1.10198447e-03 8.97564900e-04
2.71748182e-02 1.80763575e-03 9.43658738e-04
2.77076501e-02 -1.47028981e-04 8.94848152e-04
2.82404815e-02 2.27627291e-04 8.77593712e-04
2.87733125e-02 2.72707825e-04 8.89717598e-04
2.93061430e-02 1.89298824e-03 8.78914071e-04
2.98389731e-02 -3.66484281e-05 8.33225683e-04
3.03718026e-02 -2.06576386e-04 8.28256507e-04
3.09046317e-02 1.44802683e-03 9.10463320e-04
3.14374602e-02 1.08485525e-03 7.69547955e-04
3.19702883e-02 1.03237635e-03 7.87500237e-04
3.25031158e-02 4.79148634e-04 8.08283034e-04
3.30359428e-02 1.40358999e-03 8.03725798e-04
3.35687693e-02 1.28165629e-03 7.64065225e-04
3.41015952e-02 1.16100753e-03 7.49226293e-04
3.46344206e-02 1.63458996e-03 7.70535089e-04
3.51672454e-02 2.16186738e-04 7.56613159e-04
3.57000696e-02 3.44873569e-04 7.61920381e-04
3.62328933e-02 -2.11905288e-04 7.58707631e-04
3.67657164e-02 1.39327352e-03 7.83464408e-04
3.72985389e-02 7.78899807e-04 7.35979096e-04
3.78313608e-02 8.61871820e-05 7.37495817e-04
3.83641820e-02 7.78977544e-05 7.31592040e-04
3.88970027e-02 -3.29688378e-04 7.20294880e-04
3.94298227e-02 -7.67336591e-05 7.18639235e-04
3.99626421e-02 2.86415013e-04 6.96903810e-04
4.04954608e-02 1.55174222e-04 7.00517553e-04
4.10282789e-02 5.44480312e-04 7.74948114e-04
4.15610963e-02 7.72826814e-05 6.92827627e-04
4.20939131e-02 9.87864254e-04 6.93268871e-04
4.26267291e-02 1.48470010e-03 7.10180227e-04
4.31595445e-02 6.61934809e-05 7.67434389e-04
4.36923592e-02 -7.42046359e-05 6.85274178e-04
4.42251732e-02 -1.49935462e-03 7.10958426e-04
4.47579864e-02 6.96017366e-04 7.45343249e-04
4.52907989e-02 -1.14355222e-04 7.34407676e-04
4.58236107e-02 4.96930034e-04 7.19781504e-04
4.63564218e-02 3.24317451e-04 7.43281494e-04
4.68892321e-02 -5.00948881e-04 7.19806715e-04
4.74220417e-02 1.80223562e-05 7.11040123e-04
4.79548504e-02 1.09089535e-03 7.04720368e-04
4.84876584e-02 4.09843323e-04 7.33407067e-04
4.90204657e-02 7.18204685e-04 7.40772993e-04
4.95532721e-02 3.92525485e-04 7.37611422e-04
5.00860777e-02 -5.02218583e-04 7.23868270e-04
5.06188825e-02 2.57780042e-04 6.61880084e-04
5.11516865e-02 1.02587564e-04 6.65253523e-04
5.16844897e-02 8.76877277e-04 6.69243054e-04
5.22172920e-02 -3.69403663e-04 6.52758952e-04
5.27500935e-02 8.55188618e-04 6.43305983e-04
5.32828941e-02 4.75292234e-04 6.48377053e-04
5.38156939e-02 8.48015183e-04 6.57899896e-04
5.43484928e-02 5.84749633e-04 6.27207529e-04
5.48812908e-02 -9.11832058e-04 6.19236620e-04
5.54140880e-02 7.40317198e-04 6.48998187e-04
5.59468842e-02 6.17512611e-04 6.52241502e-04
5.64796795e-02 2.17817549e-04 6.35052310e-04
5.70124739e-02 -1.70849183e-04 6.10602562e-04
5.75452674e-02 4.62100216e-04 5.92164811e-04
5.80780600e-02 -6.72893626e-04 5.88225618e-04
5.86108516e-02 -7.71120594e-05 6.15168894e-04
5.91436423e-02 4.66063776e-04 6.19667712e-04
5.96764320e-02 8.11438900e-04 5.96408674e-04
6.02092208e-02 -3.39032437e-04 5.93954191e-04
6.07420086e-02 -5.08218559e-04 6.27553376e-04
6.12747953e-02 -6.47759788e-04 5.80497094e-04
6.18075812e-02 3.11374017e-04 6.01848989e-04
6.23403660e-02 2.49297984e-05 5.82197926e-04
6.28731498e-02 6.50678951e-04 5.88389583e-04
6.34059325e-02 4.91346764e-05 5.75338318e-04
6.39387143e-02 -1.05223840e-03 5.73656507e-04
6.44714950e-02 3.31771307e-05 5.96161591e-04
6.50042747e-02 6.01183514e-04 5.93650388e-04
6.55370533e-02 -6.74588846e-04 5.68400229e-04
6.60698309e-02 5.07192772e-04 5.56954529e-04
6.66026074e-02 2.36158528e-04 5.95821612e-04
6.71353828e-02 -5.61761702e-04 5.81309531e-04
6.76681571e-02 3.03711864e-04 5.51244112e-04
6.82009304e-02 -9.61815457e-05 5.82655583e-04
6.87337025e-02 4.06091432e-05 5.91663034e-04
6.92664735e-02 3.70234385e-04 6.20477807e-04
6.97992434e-02 6.11314490e-04 5.81708883e-04
7.03320122e-02 -9.51708967e-05 5.91153286e-04
7.08647798e-02 -1.05378115e-03 5.66777636e-04
7.13975463e-02 4.73549478e-04 5.93729996e-04
7.19303116e-02 6.59614581e-04 5.86713991e-04
7.24630758e-02 6.69865652e-04 5.52631436e-04
7.29958388e-02 -2.12638143e-05 5.51594897e-04
7.35286006e-02 5.75596775e-05 5.35828168e-04
7.40613612e-02 -1.48257166e-04 5.64331281e-04
7.45941207e-02 -8.86601814e-05 5.68987959e-04
7.51268789e-02 2.90558249e-04 5.60499866e-04
7.56596359e-02 3.04228806e-04 5.42665207e-04
7.61923917e-02 -5.89307257e-05 5.28059240e-04
7.67251462e-02 -1.66147283e-04 5.41206811e-04
7.72578995e-02 8.66436243e-04 5.43473416e-04
7.77906516e-02 -1.96098996e-04 5.23749938e-04
7.83234024e-02 -2.87057028e-04 5.37149463e-04
7.88561519e-02 5.36148941e-04 5.18101971e-04
7.93889002e-02 -4.72730165e-04 5.21843396e-04
7.99216472e-02 -6.66603060e-04 5.45246033e-04
8.04543928e-02 4.03229906e-04 5.20195830e-04
8.09871372e-02 -1.76635179e-04 5.06422251e-04
8.15198803e-02 5.18656569e-04 5.26490893e-04
8.20526220e-02 1.85127380e-03 5.15474361e-04
8.25853624e-02 3.08443450e-04 5.10185198e-04
8.31181015e-02 1.25422109e-04 5.16410195e-04
8.36508393e-02 5.65155784e-05 4.94873025e-04
8.41835757e-02 -3.96468945e-05 5.08451300e-04
8.47163107e-02 7.48899907e-04 4.94912312e-04
8.52490443e-02 -2.13825266e-04 4.92126568e-04
8.57817766e-02 4.68213109e-04 5.06657487e-04
8.63145075e-02 -1.00468050e-04 4.97545018e-04
8.68472370e-02 1.47202973e-04 4.97424127e-04
8.73799651e-02 1.38930275e-04 4.94436650e-04
8.79126918e-02 5.01198324e-05 4.82343107e-04
8.84454170e-02 -3.60976313e-04 4.98836200e-04
8.89781408e-02 2.28766347e-04 4.82402702e-04
8.95108632e-02 4.12055703e-04 4.86290573e-04
9.00435842e-02 7.92424973e-04 4.90763636e-04
9.05763036e-02 -8.94841693e-05 4.77804943e-04
9.11090217e-02 8.09566171e-05 4.65178569e-04
9.16417382e-02 -3.20262798e-04 4.79335160e-04
9.21744532e-02 6.59140467e-04 4.80338230e-04
9.27071668e-02 -3.07875106e-04 4.71839490e-04
9.32398789e-02 9.91887424e-04 4.69448344e-04
9.37725894e-02 5.18141342e-04 4.78601069e-04
9.43052985e-02 4.56025297e-04 4.80457410e-04
9.48380060e-02 1.99988879e-04 4.68358825e-04
9.53707120e-02 1.00259711e-04 4.81334775e-04
9.59034164e-02 -1.23001897e-04 4.69189772e-04
9.64361193e-02 -3.33013673e-04 4.55723739e-04
9.69688206e-02 7.83997085e-05 4.55423979e-04
9.75015204e-02 -7.90304399e-05 4.57605485e-04
9.80342186e-02 -7.95999943e-04 4.48604654e-04
9.85669152e-02 -2.70149284e-05 4.53712859e-04
9.90996102e-02 -2.44465883e-04 4.48151448e-04
9.96323036e-02 -8.73418347e-05 4.42314263e-04
1.00164995e-01 6.46528545e-06 4.47217206e-04
1.00697686e-01 -1.49904984e-04 4.46631002e-04
1.01230374e-01 3.51869656e-04 4.61178602e-04
1.01763061e-01 -7.69670282e-04 4.30781259e-04
1.02295746e-01 -2.64683721e-04 4.31439660e-04
1.02828430e-01 -2.10653603e-04 4.46725160e-04
1.03361112e-01 -3.18365994e-04 4.48121747e-04
1.03893792e-01 -8.25433022e-04 4.40472764e-04
1.04426471e-01 -6.58414400e-05 4.34650202e-04
1.04959148e-01 -3.50340104e-04 4.50866844e-04
1.05491823e-01 -3.72783372e-04 4.30835162e-04
1.06024496e-01 -3.30166897e-04 4.40456693e-04
1.06557168e-01 1.60783071e-04 4.48945045e-04
1.07089838e-01 4.54831988e-04 4.28895514e-04
1.07622506e-01 8.31131833e-04 4.32257493e-04
1.08155173e-01 6.36474665e-04 4.28861394e-04
1.08687838e-01 7.11040155e-04 4.40549797e-04
1.09220501e-01 1.89859403e-05 4.38060176e-04
1.09753162e-01 2.03146265e-04 4.19638785e-04
1.10285822e-01 -2.09328785e-04 4.31362576e-04
1.10818479e-01 4.48183996e-04 4.27882555e-04
1.11351135e-01 -4.80119108e-05 4.26958945e-04
1.11883790e-01 -4.93001298e-04 4.15841319e-04
1.12416442e-01 7.13086621e-04 4.28136857e-04
1.12949092e-01 -1.01018061e-05 4.24271225e-04
1.13481741e-01 4.33349706e-05 4.09530560e-04
1.14014388e-01 2.65381352e-04 4.27804712e-04
1.14547033e-01 -1.44265641e-04 4.02269351e-04
1.15079676e-01 -7.71021906e-05 4.24011066e-04
1.15612318e-01 1.23961214e-04 4.15989626e-04
1.16144957e-01 1.61965242e-04 4.13602022e-04
1.16677595e-01 2.44206141e-04 4.10151131e-04
1.17210230e-01 -2.95574055e-04 4.01842991e-04
1.17742864e-01 -4.52228449e-04 4.25536766e-04
1.18275496e-01 -5.63069137e-05 4.06078612e-04
1.18808126e-01 4.67420968e-04 4.14728537e-04
1.19340754e-01 -5.55369618e-04 4.06897049e-04
1.19873380e-01 -5.74787320e-04 4.24885886e-04
1.20406004e-01 -2.87563510e-04 3.97958965e-04
1.20938626e-01 5.36196509e-04 4.06684449e-04
1.21471247e-01 -2.70458646e-04 4.10668230e-04
1.22003865e-01 2.73174047e-04 4.04360426e-04
1.22536481e-01 1.71349522e-04 4.12388226e-04
1.23069096e-01 3.83826845e-04 3.91773439e-04
1.23601708e-01 5.38792018e-04 4.12911471e-04
1.24134318e-01 -2.86843075e-04 4.03384778e-04
1.24666927e-01 2.30444535e-04 3.97174800e-04
1.25199533e-01 1.62273201e-04 3.85640486e-04
1.25732137e-01 -1.78916009e-04 3.89580433e-04
1.26264740e-01 7.24854514e-05 3.99410367e-04
1.26797340e-01 5.41778213e-04 3.86148519e-04
1.27329938e-01 1.81420423e-04 3.98008589e-04
1.27862534e-01 4.62968870e-04 4.00489167e-04
1.28395128e-01 2.36875395e-05 3.87230424e-04
1.28927720e-01 2.70893487e-04 3.96542153e-04
1.29460310e-01 -4.53138155e-04 4.21222214e-04
1.29992898e-01 3.37622197e-04 4.10297501e-04
1.30525484e-01 -2.34524457e-04 3.99542894e-04
1.31058067e-01 -2.37765129e-04 3.95934092e-04
1.31590649e-01 3.77636787e-07 4.08449829e-04
1.32123228e-01 6.79974987e-04 4.16637699e-04
1.32655805e-01 3.96955523e-04 4.09408075e-04
1.33188380e-01 3.48835531e-04 4.10301819e-04
1.33720953e-01 -5.41842446e-04 4.02999252e-04
1.34253524e-01 -3.08426075e-04 4.07147132e-04
1.34786093e-01 -5.36953756e-05 3.94296656e-04
1.35318659e-01 -1.90589565e-04 4.00150254e-04
1.35851223e-01 2.34111655e-04 3.87715228e-04
1.36383785e-01 -9.36059965e-05 3.95283724e-04
1.36916345e-01 3.03239713e-04 3.83600535e-04
1.37448903e-01 -4.85078383e-05 3.94762151e-04
1.37981458e-01 6.13233049e-05 3.70086463e-04
1.38514011e-01 4.98620268e-04 3.82925864e-04
1.39046562e-01 8.15530348e-05 3.73142019e-04
1.39579111e-01 -2.22414664e-04 3.80284410e-04
1.40111657e-01 4.37172561e-04 3.79264107e-04
1.40644201e-01 4.09955944e-04 3.84102285e-04
1.41176743e-01 -7.45553024e-04 3.70856788e-04
1.41709283e-01 -1.18067235e-04 3.73528938e-04
1.42241820e-01 3.15317975e-04 3.73447760e-04
1.42774355e-01 2.07207698e-04 3.79054199e-04
1.43306888e-01 -1.95214606e-04 3.71007832e-04
1.43839418e-01 6.52879413e-04 3.79070189e-04
1.44371946e-01 2.06173916e-04 3.59879447e-04
1.44904472e-01 -5.26600073e-04 3.60839009e-04
1.45436995e-01 2.30751106e-04 3.75203887e-04
1.45969516e-01 -2.27270463e-04 3.75568026e-04
1.46502035e-01 1.40820735e-04 3.68737701e-04
1.47034551e-01 -1.26236116e-04 3.65024931e-04
1.47567065e-01 2.14847462e-04 3.65428351e-04
1.48099577e-01 2.29124434e-04 3.66486082e-04
1.48632086e-01 3.81314038e-05 3.64669526e-04
1.49164593e-01 1.70713594e-04 3.53606291e-04
1.49697097e-01 -9.49567718e-04 3.53823614e-04
1.50229599e-01 -3.01993468e-04 3.53444836e-04
1.50762098e-01 -3.44570736e-05 3.64912308e-04
1.51294595e-01 2.75110625e-04 3.68350710e-04
1.51827090e-01 -2.40570943e-04 3.71179511e-04
1.52359582e-01 1.07543652e-04 3.57210904e-04
1.52892072e-01 9.78566460e-05 3.52577382e-04
1.53424559e-01 -6.76313785e-05 3.63704049e-04
1.53957044e-01 -2.46194458e-04 3.66239194e-04
1.54489526e-01 -4.46769922e-04 3.64347502e-04
1.55022006e-01 -2.22580510e-04 3.53694819e-04
1.55554483e-01 4.09882190e-04 3.66786107e-04
1.56086958e-01 2.07764339e-04 3.60386420e-04
1.56619430e-01 6.28082995e-04 3.70052208e-04
1.57151899e-01 -4.41196347e-04 3.71065038e-04
1.57684366e-01 -5.36925459e-05 3.63913365e-04
1.58216831e-01 9.48344608e-05 3.68157926e-04
1.58749293e-01 -5.70225548e-04 3.71338206e-04
1.59281752e-01 3.83238711e-04 3.65650409e-04
1.59814209e-01 -4.39949905e-04 3.69063826e-04
1.60346664e-01 -8.66415869e-05 3.63686219e-04
1.60879115e-01 3.96111356e-04 3.66854341e-04
1.61411564e-01 -4.56324936e-04 3.63067007e-04
1.61944011e-01 5.84763927e-04 3.69284964e-04
1.62476455e-01 -1.00311694e-04 3.70413736e-04
1.63008896e-01 1.89119789e-04 3.63670536e-04
1.63541335e-01 2.21577195e-04 3.62978049e-04
1.64073771e-01 2.49527253e-04 3.56879420e-04
1.64606204e-01 -1.87906819e-04 3.51455874e-04
1.65138635e-01 4.13828710e-04 3.53463627e-04
1.65671063e-01 -4.88822952e-04 3.46682386e-04
1.66203488e-01 -2.92666448e-04 3.44827645e-04
1.66735910e-01 -4.65890545e-04 3.52944428e-04
1.67268330e-01 -9.24860883e-04 3.40255578e-04
1.67800748e-01 -2.87817089e-05 3.45498736e-04
1.68333162e-01 -4.77049245e-04 3.47485355e-04
1.68865574e-01 -4.03516651e-04 3.42921919e-04
1.69397983e-01 2.04321376e-04 3.37356751e-04
1.69930389e-01 -2.29114859e-04 3.35165521e-04
1.70462793e-01 6.34067890e-04 3.59382521e-04
1.70995194e-01 6.27722978e-04 3.47729558e-04
1.71527592e-01 -1.16486475e-04 3.46646001e-04
1.72059987e-01 1.09741512e-04 3.47918645e-04
1.72592380e-01 2.67795275e-04 3.34827379e-04
1.73124769e-01 2.74236276e-04 3.48539290e-04
1.73657156e-01 3.29466033e-04 3.33181112e-04
1.74189540e-01 8.86168755e-04 3.51067786e-04
1.74721922e-01 1.45506210e-04 3.44063810e-04
1.75254300e-01 -1.73535563e-04 3.35556892e-04
1.75786676e-01 -3.88858723e-04 3.31662996e-04
1.76319049e-01 9.11052633e-05 3.34302884e-04
1.76851418e-01 2.22529726e-04 3.38825931e-04
1.77383786e-01 1.12943634e-04 3.43231761e-04
1.77916150e-01 -2.72761228e-05 3.37290792e-04
1.78448511e-01 -4.87292047e-04 3.43362595e-04
1.78980870e-01 2.78142461e-04 3.51869706e-04
1.79513225e-01 -7.89503382e-04 3.38557870e-04
1.80045578e-01 -2.01552540e-04 3.48914259e-04
1.80577928e-01 3.50247291e-04 3.47016882e-04
1.81110275e-01 5.06322884e-04 3.43459730e-04
1.81642618e-01 4.32221307e-04 3.43812549e-04
1.82174959e-01 -1.76864833e-04 3.46064566e-04
1.82707297e-01 4.49898357e-05 3.54424943e-04
1.83239633e-01 -3.59196934e-06 3.43181876e-04
1.83771965e-01 1.79092713e-04 3.40767373e-04
1.84304294e-01 2.56673364e-06 3.42736530e-04
1.84836620e-01 -2.39103702e-04 3.42380368e-04
1.85368943e-01 1.96637733e-04 3.43700117e-04
1.85901263e-01 -1.74902553e-04 3.44527871e-04
1.86433581e-01 -6.25424361e-05 3.31059764e-04
1.86965895e-01 -1.46264378e-04 3.42330414e-04
1.87498206e-01 -3.42093481e-04 3.29178803e-04
1.88030514e-01 -1.11275976e-05 3.27619920e-04
1.88562819e-01 -4.44590812e-04 3.30868955e-04
1.89095121e-01 1.27172231e-04 3.28179110e-04
1.89627420e-01 -2.59357196e-04 3.16493955e-04
1.90159716e-01 9.22934684e-05 3.24887264e-04
1.90692009e-01 1.00418889e-03 3.35504529e-04
1.91224299e-01 2.46481073e-04 3.26626846e-04
1.91756586e-01 2.20500725e-04 3.21052153e-04
1.92288869e-01 -3.14375869e-04 3.16642438e-04
1.92821150e-01 -8.09066342e-05 3.24701260e-04
1.93353427e-01 1.85707610e-04 3.33344721e-04
1.93885701e-01 -5.28761689e-04 3.21494444e-04
1.94417972e-01 2.04084567e-04 3.34866749e-04
1.94950240e-01 -3.32315601e-04 3.21037481e-04
1.95482505e-01 -1.82338389e-04 3.13798228e-04
1.96014767e-01 -1.08512119e-04 3.16614994e-04
1.96547025e-01 -5.01647029e-04 3.10652467e-04
1.97079281e-01 -7.26577179e-06 3.15538058e-04
1.97611533e-01 5.91495198e-04 3.15899750e-04
1.98143782e-01 -3.08298174e-04 3.07599317e-04
1.98676028e-01 2.57345197e-04 3.15570378e-04
1.99208270e-01 5.94519310e-04 3.11485514e-04
1.99740510e-01 5.84561100e-04 3.09778463e-04
2.00272746e-01 5.97503154e-04 3.14525428e-04
2.00804978e-01 -7.00227828e-05 3.18153957e-04
2.01337208e-01 4.40860249e-04 3.08765641e-04
2.01869434e-01 -1.62522508e-05 3.04847742e-04
2.02401658e-01 -1.45292503e-04 3.17776903e-04
2.02933877e-01 2.71151411e-04 3.09051797e-04
2.03466094e-01 6.95635872e-05 3.12316640e-04
2.03998307e-01 1.22733554e-04 3.08342599e-04
2.04530517e-01 -1.38828430e-04 3.08075323e-04
2.05062724e-01 2.16420922e-04 3.02360077e-04
2.05594927e-01 1.61867181e-04 3.09727819e-04
2.06127127e-01 -4.96272272e-06 3.07019079e-04
2.06659324e-01 5.56386954e-04 3.12189948e-04
2.07191517e-01 -1.56519590e-04 3.04249445e-04
2.07723707e-01 -8.53350992e-05 3.07631273e-04
2.08255894e-01 -2.31615435e-05 3.06418420e-04
2.08788077e-01 1.55519806e-04 3.03494023e-04
2.09320257e-01 3.03801244e-04 3.06110849e-04
2.09852434e-01 6.51174591e-04 3.04029816e-04
2.10384607e-01 6.66382409e-05 2.98182991e-04
2.10916777e-01 7.43055605e-05 3.02104341e-04
2.11448943e-01 -1.81624763e-04 3.02948795e-04
2.11981106e-01 6.73189580e-05 2.95431208e-04
2.12513266e-01 3.76455349e-04 2.96450259e-04
2.13045422e-01 3.58261808e-04 3.00364905e-04
2.13577575e-01 4.74868145e-04 2.97364569e-04
2.14109724e-01 -2.35735392e-04 2.96893547e-04
2.14641870e-01 7.24166224e-05 2.94147807e-04
2.15174012e-01 -1.92351798e-04 2.93757048e-04
2.15706151e-01 5.28179961e-05 2.95561413e-04
2.16238286e-01 5.75925489e-04 2.95763484e-04
2.16770418e-01 -6.22991612e-05 2.95335976e-04
2.17302546e-01 -4.22555864e-04 2.90454170e-04
2.17834671e-01 6.04373811e-04 2.99669011e-04
2.18366792e-01 -5.63155843e-04 2.99862290e-04
2.18898910e-01 3.11955786e-04 3.00089079e-04
2.19431024e-01 3.03645188e-05 2.94843022e-04
2.19963135e-01 -2.26357169e-04 2.97547457e-04
2.20495242e-01 3.20898022e-04 2.96089732e-04
2.21027346e-01 6.55875091e-04 2.93758416e-04
2.21559446e-01 4.42926115e-04 2.93247797e-04
2.22091542e-01 4.00464683e-06 2.89096290e-04
2.22623635e-01 6.03657855e-05 2.81105741e-04
2.23155724e-01 5.99303036e-04 2.93104989e-04
2.23687810e-01 1.69215772e-04 2.86384992e-04
2.24219892e-01 2.04968838e-04 2.89748321e-04
2.24751971e-01 -2.58852589e-06 2.89181895e-04
2.25284045e-01 -2.22677664e-04 2.85500436e-04
2.25816117e-01 8.46843292e-06 2.85277042e-04
2.26348184e-01 1.26792983e-04 2.88915139e-04
2.26880248e-01 -3.56346882e-04 2.81273373e-04
2.27412308e-01 -4.56135530e-05 2.85258967e-04
2.27944365e-01 1.94581870e-04 2.89875568e-04
2.28476418e-01 5.55063069e-05 2.85905128e-04
2.29008467e-01 -2.01987842e-06 2.82050809e-04
2.29540512e-01 7.39904288e-05 2.81440536e-04
2.30072554e-01 -2.04175446e-04 2.82103424e-04
2.30604592e-01 3.92651843e-04 2.78594506e-04
2.31136626e-01 5.91248975e-04 2.89863869e-04
2.31668657e-01 2.12436592e-04 2.87432571e-04
2.32200684e-01 4.86391368e-04 2.91452485e-04
2.32732707e-01 4.96304484e-04 2.76096086e-04
2.33264726e-01 2.63039360e-04 2.75295179e-04
2.33796742e-01 4.46933295e-04 2.80485763e-04
2.34328754e-01 1.04903742e-03 2.81370883e-04
2.34860762e-01 -7.46764036e-05 2.78510113e-04
2.35392766e-01 1.34886884e-05 2.84833647e-04
2.35924766e-01 2.10656775e-04 2.78476345e-04
2.36456763e-01 1.05849332e-04 2.76604917e-04
2.36988756e-01 -1.58914299e-04 2.78609545e-04
2.37520745e-01 1.46673327e-05 2.78168647e-04
2.38052730e-01 -3.61116980e-05 2.82563181e-04
2.38584711e-01 1.24727617e-05 2.84857549e-04
2.39116689e-01 6.16360262e-05 2.75514425e-04
2.39648662e-01 3.24290882e-04 2.77796548e-04
2.40180632e-01 4.81033376e-04 2.76389214e-04
2.40712598e-01 2.88995328e-04 2.80981683e-04
2.41244560e-01 3.48387429e-04 2.75087194e-04
2.41776518e-01 -1.36024111e-04 2.72087221e-04
2.42308472e-01 -9.52545082e-05 2.73770518e-04
2.42840423e-01 -1.79930225e-04 2.73134389e-04
2.43372369e-01 4.01421438e-04 2.70300691e-04
2.43904311e-01 -2.60357295e-04 2.73428523e-04
2.44436250e-01 2.22174653e-04 2.72794913e-04
2.44968184e-01 -3.19069517e-05 2.73826869e-04
2.45500115e-01 -1.00925171e-04 2.68885061e-04
2.46032042e-01 -2.71950787e-04 2.65033979e-04
2.46563964e-01 -2.94375724e-04 2.68343155e-04
2.47095883e-01 2.43585664e-06 2.81345714e-04
2.47627798e-01 -3.79940032e-04 2.68086128e-04
2.48159708e-01 -2.52982367e-04 2.68661188e-04
2.48691615e-01 1.45999713e-04 2.69935275e-04
2.49223518e-01 -1.86377873e-04 2.67068472e-04
2.49755416e-01 -2.09360338e-05 2.68537581e-04
2.50287311e-01 -3.27922663e-04 2.66312106e-04
2.50819201e-01 1.28519322e-04 2.67617757e-04
2.51351088e-01 1.36118179e-04 2.67668062e-04
2.51882971e-01 2.23969858e-04 2.63549167e-04
2.52414849e-01 -5.54987970e-04 2.61376259e-04
2.52946723e-01 -8.86252526e-05 2.68740233e-04
2.53478594e-01 3.02843065e-04 2.65287273e-04
2.54010460e-01 1.55672958e-05 2.59713160e-04
2.54542322e-01 5.75424504e-04 2.64946919e-04
2.55074180e-01 -1.42349844e-04 2.60430778e-04
2.55606034e-01 4.83547915e-04 2.64682328e-04
2.56137883e-01 9.22272615e-05 2.65534801e-04
2.56669729e-01 -5.53432053e-04 2.62722111e-04
2.57201570e-01 3.22567284e-04 2.62160025e-04
2.57733408e-01 1.55609933e-04 2.63228174e-04
2.58265241e-01 2.48101921e-04 2.65156759e-04
2.58797070e-01 -1.43916004e-04 2.66360204e-04
2.59328895e-01 3.73314863e-04 2.59339392e-04
2.59860715e-01 2.71761640e-04 2.61689593e-04
2.60392532e-01 -2.97961053e-05 2.66492381e-04
2.60924344e-01 1.58942302e-04 2.62654370e-04
2.61456152e-01 -1.38304032e-04 2.62225168e-04
2.61987956e-01 2.04065397e-04 2.59655478e-04
2.62519755e-01 2.30725649e-04 2.63221828e-04
2.63051551e-01 6.65228365e-05 2.57607821e-04
2.63583342e-01 2.56105919e-04 2.58651874e-04
2.64115129e-01 2.88909439e-04 2.56700181e-04
2.64646911e-01 4.28044484e-04 2.58571655e-04
2.65178690e-01 -6.54247122e-06 2.56454795e-04
2.65710464e-01 4.10243600e-05 2.62868368e-04
2.66242233e-01 -8.66537727e-05 2.57165815e-04
2.66773999e-01 4.62606149e-04 2.60146035e-04
2.67305760e-01 5.69572548e-04 2.60747604e-04
2.67837517e-01 -9.90893169e-05 2.58574097e-04
2.68369269e-01 1.27201257e-04 2.61706739e-04
2.68901018e-01 1.74902652e-04 2.62980153e-04
2.69432761e-01 8.84971669e-05 2.66787443e-04
2.69964501e-01 1.15746624e-04 2.64082438e-04
2.70496236e-01 -1.81199357e-04 2.61985646e-04
2.71027967e-01 -1.89765483e-04 2.59076745e-04
2.71559693e-01 6.26331035e-05 2.62184196e-04
2.72091415e-01 -2.04118217e-04 2.67894442e-04
2.72623133e-01 -2.02413783e-04 2.60112300e-04
2.73154846e-01 1.51046194e-04 2.59688492e-04
2.73686555e-01 9.25807267e-05 2.62497498e-04
2.74218260e-01 -5.93009322e-05 2.61460179e-04
2.74749960e-01 -3.23671045e-04 2.61864965e-04
2.75281655e-01 1.51691251e-04 2.59411499e-04
2.75813346e-01 -2.43317918e-04 2.64827040e-04
2.76345033e-01 -8.35132409e-05 2.62902563e-04
2.76876715e-01 -1.43322288e-04 2.60684735e-04
2.77408393e-01 2.32290575e-04 2.57869777e-04
2.77940066e-01 2.04473294e-04 2.56813074e-04
2.78471735e-01 9.23978860e-05 2.54834408e-04
2.79003400e-01 -9.25692473e-05 2.54789663e-04
2.79535059e-01 2.28211818e-04 2.60523315e-04
2.80066715e-01 1.93361708e-04 2.56938641e-04
2.80598366e-01 4.02127596e-04 2.53715718e-04
2.81130012e-01 3.04395726e-05 2.54155964e-04
2.81661654e-01 -4.03001693e-04 2.52407031e-04
2.82193291e-01 3.49028935e-04 2.50064179e-04
2.82724923e-01 -6.91298648e-05 2.49255403e-04
2.83256552e-01 -1.11891222e-04 2.51422484e-04
2.83788175e-01 1.27393924e-04 2.52895336e-04
2.84319794e-01 -4.93179742e-04 2.51148015e-04
2.84851408e-01 4.11933789e-05 2.48569166e-04
2.85383018e-01 3.25083167e-04 2.53351970e-04
2.85914623e-01 3.60251856e-04 2.49775486e-04
2.86446224e-01 2.24570591e-04 2.54900348e-04
2.86977820e-01 -4.41061499e-05 2.50912895e-04
2.87509411e-01 -4.71682855e-05 2.46726093e-04
2.88040998e-01 -4.72523199e-04 2.49586985e-04
2.88572580e-01 -3.28710548e-04 2.45507950e-04
2.89104157e-01 3.38619278e-04 2.49695298e-04
2.89635730e-01 7.15030777e-05 2.49685502e-04
2.90167298e-01 2.64904713e-05 2.53209549e-04
2.90698862e-01 -2.67990976e-04 2.52583732e-04
2.91230420e-01 2.00364692e-04 2.47844766e-04
2.91761974e-01 2.35036325e-04 2.52267394e-04
2.92293524e-01 4.50027885e-05 2.55432341e-04
2.92825068e-01 1.17295415e-04 2.56025659e-04
2.93356608e-01 -1.95116826e-04 2.51177826e-04
2.93888143e-01 -1.59023489e-04 2.50138344e-04
2.94419674e-01 9.34632150e-05 2.49480477e-04
2.94951199e-01 -5.35814213e-05 2.48921448e-04
2.95482720e-01 -4.46087260e-04 2.51158042e-04
2.96014236e-01 -8.19078375e-05 2.55598581e-04
2.96545748e-01 7.07498750e-05 2.53046870e-04
2.97077254e-01 -3.48321876e-04 2.46223591e-04
2.97608756e-01 1.24832941e-04 2.50218458e-04
2.98140253e-01 3.26518682e-04 2.47041543e-04
2.98671745e-01 -4.08983716e-04 2.48680826e-04
2.99203233e-01 -2.52877567e-04 2.41671036e-04
2.99734715e-01 -9.49770626e-05 2.45390751e-04
3.00266193e-01 1.93379041e-04 2.45433822e-04
3.00797666e-01 1.55185816e-06 2.46893002e-04
3.01329134e-01 -1.10561404e-04 2.42125388e-04
3.01860597e-01 -3.40181190e-04 2.40239746e-04
3.02392056e-01 3.05941461e-05 2.42475491e-04
3.02923509e-01 1.51400759e-04 2.42388204e-04
3.03454958e-01 -2.21375177e-04 2.43352000e-04
3.03986401e-01 -5.21548500e-04 2.38289895e-04
3.04517840e-01 -2.58214788e-05 2.45566124e-04
3.05049274e-01 9.88714561e-05 2.44034236e-04
3.05580703e-01 -1.68431947e-04 2.35867102e-04
3.06112127e-01 2.11964840e-04 2.39671508e-04
3.06643546e-01 3.40875309e-05 2.43227110e-04
3.07174960e-01 1.40443026e-04 2.39191826e-04
3.07706370e-01 4.48891152e-05 2.42679892e-04
3.08237774e-01 -6.38886962e-05 2.40298921e-04
3.08769173e-01 2.54808159e-04 2.32923166e-04
3.09300568e-01 -2.17668692e-04 2.37326398e-04
3.09831957e-01 -1.57663087e-05 2.37171087e-04
3.10363341e-01 -7.26620003e-05 2.39226480e-04
3.10894721e-01 1.68617711e-05 2.36650703e-04
3.11426095e-01 -2.87278460e-04 2.39859923e-04
3.11957464e-01 -9.41159105e-05 2.39647319e-04
3.12488829e-01 4.43417090e-05 2.39818566e-04
3.13020188e-01 -2.46893784e-04 2.34796060e-04
3.13551542e-01 1.96432068e-04 2.33895542e-04
3.14082891e-01 4.81884606e-05 2.36523885e-04
3.14614235e-01 -1.16908926e-05 2.44326398e-04
3.15145574e-01 3.41482866e-04 2.40901664e-04
3.15676908e-01 -4.00246614e-05 2.37508151e-04
3.16208237e-01 -4.78443661e-05 2.33214435e-04
3.16739561e-01 -1.68136504e-04 2.31056492e-04
3.17270880e-01 1.22131208e-04 2.26144710e-04
3.17802193e-01 -6.92422274e-05 2.29142072e-04
3.18333502e-01 -1.96092577e-04 2.34097738e-04
3.18864805e-01 -7.89689424e-05 2.36102262e-04
3.19396103e-01 1.78924680e-04 2.31642467e-04
3.19927396e-01 -1.52826689e-04 2.33672295e-04
3.20458684e-01 1.30144524e-04 2.32736475e-04
3.20989967e-01 5.13665996e-05 2.29003754e-04
3.21521244e-01 -3.47647416e-04 2.30679891e-04
3.22052517e-01 1.08975345e-04 2.33379480e-04
3.22583784e-01 -1.75089419e-05 2.33614037e-04
3.23115046e-01 4.79471963e-05 2.28448125e-04
3.23646303e-01 -2.03113520e-04 2.30291514e-04
3.24177554e-01 -4.66058039e-05 2.31317180e-04
3.24708801e-01 -1.61648821e-04 2.31714336e-04
3.25240042e-01 1.73514185e-04 2.29989444e-04
3.25771278e-01 3.53217138e-04 2.27913215e-04
3.26302508e-01 2.84237912e-04 2.29480039e-04
3.26833734e-01 -4.47632064e-05 2.26717864e-04
3.27364954e-01 -1.75796246e-05 2.24202112e-04
3.27896169e-01 -3.66844411e-04 2.23822122e-04
3.28427378e-01 -3.04726939e-04 2.24992870e-04
3.28958583e-01 -1.26464266e-04 2.19991219e-04
3.29489782e-01 -4.25065800e-04 2.21500928e-04
3.30020975e-01 -1.72606154e-04 2.21591775e-04
3.30552164e-01 1.99335634e-04 2.21577752e-04
3.31083347e-01 -2.04021894e-04 2.24092455e-04
3.31614524e-01 6.96261970e-05 2.23403349e-04
3.32145697e-01 -1.10519852e-04 2.27195731e-04
3.32676864e-01 -2.54978789e-04 2.24894960e-04
3.33208025e-01 -2.65907036e-04 2.21737446e-04
3.33739182e-01 1.49737055e-04 2.21287438e-04
3.34270333e-01 9.85045773e-06 2.19249943e-04
3.34801478e-01 -2.58633805e-04 2.20030346e-04
3.35332618e-01 -3.30443960e-04 2.20110317e-04
3.35863753e-01 -2.47219127e-04 2.21514302e-04
3.36394883e-01 2.39818972e-04 2.22321941e-04
3.36926007e-01 1.77046575e-04 2.23011007e-04
3.37457125e-01 1.34741136e-04 2.21891227e-04
3.37988238e-01 4.76731307e-05 2.22910002e-04
3.38519346e-01 -3.51026424e-05 2.18283575e-04
3.39050448e-01 4.51753360e-04 2.21986960e-04
3.39581545e-01 -2.04012265e-05 2.20105073e-04
3.40112636e-01 -3.62347025e-05 2.20575332e-04
3.40643722e-01 4.19208169e-04 2.19989609e-04
3.41174802e-01 3.92792765e-04 2.19277809e-04
3.41705877e-01 4.21650390e-04 2.20696679e-04
3.42236946e-01 -1.16341092e-04 2.18995125e-04
3.42768010e-01 8.37224541e-06 2.18886928e-04
3.43299068e-01 1.09163978e-04 2.21623973e-04
3.43830121e-01 -6.38927845e-05 2.19576674e-04
3.44361168e-01 6.20088408e-04 2.17868057e-04
3.44892210e-01 1.13461276e-04 2.13385537e-04
3.45423246e-01 1.59826799e-04 2.19978625e-04
3.45954277e-01 2.08274858e-04 2.20577951e-04
3.46485302e-01 -2.15684341e-04 2.17205088e-04
3.47016321e-01 8.66933786e-05 2.15518412e-04
3.47547335e-01 -2.18663384e-04 2.17862634e-04
3.48078343e-01 -1.45259314e-04 2.13593671e-04
3.48609346e-01 -9.45084858e-05 2.15952151e-04
3.49140343e-01 1.89634350e-04 2.15335332e-04
3.49671334e-01 2.73795437e-04 2.16389205e-04
3.50202320e-01 2.09743390e-04 2.19171937e-04
3.50733300e-01 -2.45460277e-04 2.13265162e-04
3.51264275e-01 -2.98177737e-04 2.16985284e-04
3.51795244e-01 -4.79001654e-04 2.16333739e-04
3.52326207e-01 1.10124909e-04 2.17236065e-04
3.52857164e-01 3.30393324e-04 2.19765472e-04
3.53388116e-01 1.41456440e-04 2.13083992e-04
3.53919062e-01 7.49467159e-06 2.17862073e-04
3.54450003e-01 -1.25135676e-05 2.14148348e-04
3.54980938e-01 1.56726339e-04 2.11659606e-04
3.55511867e-01 -1.17189301e-04 2.15590072e-04
3.56042790e-01 -1.89753765e-05 2.08976570e-04
3.56573708e-01 -2.40758327e-04 2.13644311e-04
3.57104620e-01 -3.01072080e-04 2.12729869e-04
3.57635526e-01 1.60007654e-04 2.08878031e-04
3.58166426e-01 1.36750884e-05 2.14847921e-04
3.58697321e-01 1.09797293e-04 2.12296130e-04
3.59228210e-01 -2.08909998e-04 2.10226655e-04
3.59759093e-01 2.48653387e-04 2.08481067e-04
3.60289970e-01 9.35028950e-05 2.09061772e-04
3.60820841e-01 4.87423922e-05 2.10639277e-04
3.61351707e-01 -2.34281515e-04 2.09796506e-04
3.61882567e-01 3.30779800e-04 2.10817544e-04
3.62413421e-01 1.88762358e-04 2.07992482e-04
3.62944269e-01 3.91203270e-05 2.07035791e-04
3.63475112e-01 1.22199503e-06 2.09259999e-04
3.64005948e-01 2.73839952e-04 2.07449215e-04
3.64536779e-01 1.31488484e-04 2.09782733e-04
3.65067604e-01 1.57411478e-04 2.05208535e-04
3.65598423e-01 7.89368805e-06 2.07071403e-04
3.66129236e-01 -4.17574256e-04 2.07959770e-04
3.66660043e-01 9.88336165e-05 2.04855650e-04
3.67190844e-01 3.03801894e-04 2.03200682e-04
3.67721639e-01 -1.76207297e-04 2.04750630e-04
3.68252429e-01 1.21538276e-04 2.09586360e-04
3.68783212e-01 1.57961593e-04 2.05721930e-04
3.69313990e-01 9.66218884e-05 2.05559194e-04
3.69844762e-01 -7.84200448e-05 2.08416048e-04
3.70375527e-01 4.09335079e-04 2.08473119e-04
3.70906287e-01 1.76693428e-04 2.06334718e-04
3.71437041e-01 -1.98916382e-04 2.05589964e-04
3.71967789e-01 9.65308109e-05 2.03566224e-04
3.72498531e-01 3.30120305e-05 2.06385890e-04
3.73029266e-01 -6.00676719e-07 2.05487851e-04
3.73559996e-01 -2.37484353e-04 2.06251836e-04
3.74090720e-01 -3.99441710e-05 2.03916561e-04
3.74621438e-01 -2.36304279e-04 2.07499451e-04
3.75152150e-01 -1.57252415e-04 2.05364361e-04
3.75682855e-01 -1.07572269e-04 2.08092753e-04
3.76213555e-01 -8.12267913e-05 2.02661597e-04
3.76744249e-01 3.81313204e-04 2.02851222e-04
3.77274936e-01 3.61468721e-04 2.05569711e-04
3.77805618e-01 -9.20941656e-06 2.03749197e-04
3.78336293e-01 1.41272341e-04 2.01662703e-04
3.78866963e-01 1.54760686e-05 2.00476284e-04
3.79397626e-01 2.44859953e-04 2.03239777e-04
3.79928283e-01 1.66972004e-04 2.00805791e-04
3.80458934e-01 -1.64275153e-05 2.00695986e-04
3.80989579e-01 7.08452243e-05 2.04040847e-04
3.81520218e-01 1.21022710e-05 2.05082080e-04
3.82050851e-01 1.98497319e-04 2.06626956e-04
3.82581478e-01 7.00441130e-07 2.10335518e-04
3.83112098e-01 3.09424859e-05 2.07496197e-04
3.83642712e-01 3.03667619e-04 2.08219751e-04
3.84173320e-01 3.67693292e-04 2.10208683e-04
3.84703922e-01 -7.71678600e-05 2.04134802e-04
3.85234518e-01 2.54938068e-04 2.05886332e-04
3.85765108e-01 -1.58567304e-05 2.09401174e-04
3.86295691e-01 -1.46767479e-04 2.06893221e-04
3.86826268e-01 -1.28371328e-04 2.08152956e-04
3.87356839e-01 1.25103384e-04 2.02935415e-04
3.87887404e-01 -1.68639553e-05 2.08054960e-04
3.88417962e-01 -9.31352259e-05 2.06334900e-04
3.88948514e-01 -3.80532548e-05 2.04694528e-04
3.89479060e-01 -5.93761623e-06 2.08385103e-04
3.90009600e-01 1.45007276e-05 2.02340739e-04
3.90540134e-01 1.71802955e-04 2.02713852e-04
3.91070661e-01 -2.07719306e-04 2.05183188e-04
3.91601182e-01 1.66979102e-04 2.04729484e-04
3.92131696e-01 1.69265448e-05 2.02811247e-04
3.92662205e-01 2.54216558e-04 2.05925368e-04
3.93192707e-01 -7.81378453e-05 2.06058387e-04
3.93723202e-01 7.33150998e-05 2.10591086e-04
3.94253692e-01 1.26445822e-04 2.10287935e-04
3.94784175e-01 -2.29889045e-05 2.04915928e-04
3.95314651e-01 1.55937641e-04 2.14906064e-04
3.95845122e-01 -1.44280518e-04 2.09120581e-04
3.96375585e-01 -4.63777360e-06 2.08538153e-04
3.96906043e-01 3.13584225e-04 2.08377196e-04
3.97436494e-01 2.38196705e-04 2.10633691e-04
3.97966939e-01 -3.52353470e-04 2.05689185e-04
3.98497377e-01 2.45099175e-05 2.04899403e-04
3.99027809e-01 -1.63134979e-05 2.06010818e-04
3.99558235e-01 -1.69805780e-04 2.09407375e-04
4.00088654e-01 -7.55709584e-05 2.09827855e-04
4.00619067e-01 4.78187683e-04 2.11589549e-04
4.01149473e-01 1.53339151e-04 2.12199995e-04
4.01679873e-01 8.34308513e-05 2.14412888e-04
4.02210267e-01 -8.39655147e-05 2.10470819e-04
4.02740654e-01 2.58249118e-05 2.14793165e-04
4.03271034e-01 1.10847111e-04 2.16492002e-04
4.03801408e-01 2.49591821e-04 2.17379636e-04
4.04331776e-01 1.91012486e-04 2.15933973e-04
4.04862137e-01 3.61390496e-05 2.13563870e-04
4.05392491e-01 -9.57933166e-05 2.18483111e-04
4.05922839e-01 1.02783296e-04 2.18451087e-04
4.06453181e-01 9.21232438e-05 2.20900245e-04
4.06983516e-01 2.08905750e-04 2.22075393e-04
4.07513844e-01 -1.46108412e-04 2.24486460e-04
4.08044166e-01 -7.41768988e-05 2.25247760e-04
4.08574481e-01 -2.31142823e-04 2.19809421e-04
4.09104790e-01 2.05107060e-05 2.19060083e-04
4.09635092e-01 -8.15905697e-05 2.16167260e-04
4.10165388e-01 8.05763060e-05 2.20337885e-04
4.10695677e-01 1.16752514e-04 2.25941899e-04
4.11225960e-01 -2.52816076e-04 2.36527537e-04
4.11756235e-01 2.18716996e-04 2.58109246e-04
4.12286505e-01 6.32863137e-05 2.72348107e-04
4.12816767e-01 2.54335020e-04 2.88103464e-04
4.13347023e-01 2.02891735e-05 3.01806148e-04
4.13877273e-01 -7.13331854e-05 3.15158057e-04
4.14407515e-01 -4.98231656e-04 3.21537226e-04
4.14937751e-01 1.89694049e-04 3.32506685e-04
4.15467981e-01 1.98250004e-04 3.46832437e-04
4.15998203e-01 9.46935903e-05 3.37247944e-04
4.16528419e-01 -8.20678715e-05 3.33072300e-04
4.17058629e-01 2.15010401e-04 3.44113810e-04
4.17588831e-01 1.70979649e-04 3.61105191e-04
4.18119027e-01 5.27122148e-04 4.10350461e-04
4.18649217e-01 -2.00644199e-04 5.10003051e-04
4.19179399e-01 7.48636528e-04 1.34377507e-03
