7.45980241e-03 -8.66979447e-03 3.31656806e-02
7.99264482e-03 9.38529359e-03 2.00399283e-02
8.52548709e-03 -2.34981860e-03 1.46442259e-02
9.05832923e-03 2.45935923e-03 1.21485291e-02
9.59117122e-03 3.62540765e-04 1.05956621e-02
1.01240131e-02 -1.80224014e-03 8.53734115e-03
1.06568547e-02 2.16989970e-04 7.83224591e-03
1.11896962e-02 2.13327455e-04 5.59100471e-03
1.17225375e-02 -1.14194521e-03 4.34978378e-03
1.22553787e-02 1.11279046e-03 3.23121147e-03
1.27882196e-02 4.69804197e-04 2.89801435e-03
1.33210603e-02 -1.49980575e-03 2.49590475e-03
1.38539008e-02 2.25139945e-04 2.27204705e-03
1.43867411e-02 -1.57689817e-03 1.89509704e-03
1.49195812e-02 6.75151342e-04 1.82811065e-03
1.54524210e-02 -1.79346193e-03 1.71513521e-03
1.59852605e-02 3.07891392e-05 1.72040859e-03
1.65180998e-02 1.10590474e-03 1.55762515e-03
1.70509389e-02 2.04464657e-03 1.43063351e-03
1.75837776e-02 -7.43833718e-04 1.30914132e-03
1.81166161e-02 9.95315485e-04 1.34511621e-03
1.86494543e-02 -6.91263580e-04 1.28536482e-03
1.91822922e-02 8.66714169e-04 1.29727074e-03
1.97151297e-02 -4.86762592e-04 1.24658836e-03
2.02479670e-02 1.57283832e-03 1.12818211e-03
2.07808039e-02 -6.13394414e-04 1.09271261e-03
2.13136405e-02 -5.33372034e-04 1.06047657e-03
2.18464767e-02 -2.09584876e-03 1.04894621e-03
2.23793126e-02 -3.54590067e-04 1.04259078e-03
2.29121481e-02 9.77073921e-04 1.09439512e-03
2.34449833e-02 -7.69849763e-04 9.64132869e-04
2.39778181e-02 1.70396589e-04 9.17448537e-04
2.45106524e-02 -5.33915393e-04 9.38107953e-04
2.50434864e-02 9.15643876e-04 9.44180902e-04
2.55763200e-02 9.22216131e-04 9.70008430e-04
2.61091532e-02 7.15403028e-04 9.25317640e-04
2.66419859e-02 -1.71841511e-04 9.24016499e-04
2.71748182e-02 -1.72655721e-04 8.31015245e-04
2.77076501e-02 1.72763276e-03 8.83350983e-04
2.82404815e-02 -2.50823269e-03 7.72262050e-04
2.87733125e-02 1.03470278e-03 9.19515462e-04
2.93061430e-02 -5.63003405e-04 8.48811696e-04
2.98389731e-02 -1.11452465e-03 7.84291574e-04
3.03718026e-02 6.49172054e-04 7.99207372e-04
3.09046317e-02 7.00582627e-04 8.36128439e-04
3.14374602e-02 -7.68076507e-05 7.81273326e-04
3.19702883e-02 1.11658510e-03 8.06520828e-04
3.25031158e-02 1.20620987e-03 7.78966241e-04
3.30359428e-02 -9.57666796e-04 7.34384177e-04
3.35687693e-02 2.05100859e-04 7.28248876e-04
3.41015952e-02 -1.00321026e-03 7.27293231e-04
3.46344206e-02 -4.51418553e-04 7.42748402e-04
3.51672454e-02 5.84414914e-04 7.49866883e-04
3.57000696e-02 -5.67909164e-04 7.44668440e-04
3.62328933e-02 3.11582899e-04 7.53977393e-04
3.67657164e-02 1.18104936e-03 7.57866039e-04
3.72985389e-02 4.29926657e-04 7.57879680e-04
3.78313608e-02 -1.98825427e-03 6.93897767e-04
3.83641820e-02 -4.75999063e-04 7.11473376e-04
3.88970027e-02 -2.43683089e-04 6.85102665e-04
3.94298227e-02 4.39464351e-04 7.49645226e-04
3.99626421e-02 8.11698013e-05 6.89682004e-04
4.04954608e-02 1.61266999e-04 7.09040189e-04
4.10282789e-02 6.96211760e-04 7.13915300e-04
4.15610963e-02 7.31049734e-04 6.85010155e-04
4.20939131e-02 -6.78312131e-04 7.09983955e-04
4.26267291e-02 4.88350763e-05 6.98286799e-04
4.31595445e-02 5.61477180e-04 7.17612681e-04
4.36923592e-02 3.57395221e-04 7.21656130e-04
4.42251732e-02 3.97905313e-05 7.33918894e-04
4.47579864e-02 1.58091724e-04 7.23220093e-04
4.52907989e-02 4.78943654e-04 7.00194631e-04
4.58236107e-02 -2.83535419e-04 7.10557367e-04
4.63564218e-02 4.04595216e-04 6.94486382e-04
4.68892321e-02 -4.18662290e-04 6.97888570e-04
4.74220417e-02 4.08502042e-04 7.01375391e-04
4.79548504e-02 2.57685459e-04 7.17311117e-04
4.84876584e-02 -3.46918473e-04 6.80042909e-04
4.90204657e-02 4.75053812e-04 7.24392427e-04
4.95532721e-02 2.80166412e-04 7.05926036e-04
5.00860777e-02 5.73418862e-04 7.06979399e-04
5.06188825e-02 5.62854035e-04 6.71914215e-04
5.11516865e-02 3.24543865e-05 6.49706772e-04
5.16844897e-02 -1.38927595e-04 7.03946435e-04
5.22172920e-02 1.24692510e-03 6.83863837e-04
5.27500935e-02 -6.44859064e-04 6.27949779e-04
5.32828941e-02 3.98836972e-04 6.70739481e-04
5.38156939e-02 -4.69599587e-04 6.41042732e-04
5.43484928e-02 2.71476522e-05 6.40939832e-04
5.48812908e-02 -2.29891999e-04 6.28351605e-04
5.54140880e-02 2.22142321e-04 6.32566456e-04
5.59468842e-02 -2.42331724e-05 6.10480105e-04
5.64796795e-02 -1.07800974e-04 6.35700887e-04
5.70124739e-02 1.54229736e-04 6.01098072e-04
5.75452674e-02 -2.24553104e-07 6.13836365e-04
5.80780600e-02 1.35589458e-04 6.05319743e-04
5.86108516e-02 4.36999952e-04 6.20004169e-04
5.91436423e-02 2.52025991e-04 5.94269071e-04
5.96764320e-02 2.20449306e-05 6.24444784e-04
6.02092208e-02 -1.01937779e-03 5.58053373e-04
6.07420086e-02 -8.38100379e-04 5.83210820e-04
6.12747953e-02 -2.24561952e-04 5.62253785e-04
6.18075812e-02 3.60868815e-04 5.83245952e-04
6.23403660e-02 -2.99296647e-04 5.77937563e-04
6.28731498e-02 -5.27261330e-04 5.70374650e-04
6.34059325e-02 3.24214553e-04 5.59699100e-04
6.39387143e-02 2.52078146e-04 5.92628498e-04
6.44714950e-02 -8.61216232e-04 5.72390070e-04
6.50042747e-02 -4.35682002e-04 5.79530685e-04
6.55370533e-02 4.62008923e-04 5.76062478e-04
6.60698309e-02 -3.26370070e-04 5.93347675e-04
6.66026074e-02 -1.14463677e-03 5.58601427e-04
6.71353828e-02 -1.29985732e-03 5.90116134e-04
6.76681571e-02 7.20150082e-04 5.78018516e-04
6.82009304e-02 1.72689179e-04 5.72916265e-04
6.87337025e-02 5.63875853e-04 5.90889065e-04
6.92664735e-02 -5.00962876e-04 5.74649772e-04
6.97992434e-02 -1.11700135e-04 5.81489428e-04
7.03320122e-02 5.67137119e-04 6.02261966e-04
7.08647798e-02 1.56385556e-04 5.93886515e-04
7.13975463e-02 5.39842562e-04 5.82349408e-04
7.19303116e-02 6.06693990e-04 5.43003159e-04
7.24630758e-02 7.28859380e-04 5.58306025e-04
7.29958388e-02 5.89553074e-04 5.48282898e-04
7.35286006e-02 -3.89494806e-04 5.45906591e-04
7.40613612e-02 1.11228969e-03 5.58243340e-04
7.45941207e-02 -1.10268028e-04 5.52915369e-04
7.51268789e-02 1.25919688e-04 5.53169645e-04
7.56596359e-02 1.48154345e-03 5.53985179e-04
7.61923917e-02 5.85579731e-04 5.44097395e-04
7.67251462e-02 5.45388725e-04 5.48824188e-04
7.72578995e-02 6.53573108e-04 5.27491715e-04
7.77906516e-02 -5.38058702e-04 5.30516808e-04
7.83234024e-02 -4.09883412e-04 5.34231766e-04
7.88561519e-02 1.14802068e-03 5.16725706e-04
7.93889002e-02 -7.47457925e-04 5.46573455e-04
7.99216472e-02 -1.04059130e-03 5.24422847e-04
8.04543928e-02 5.80392865e-04 5.18498223e-04
8.09871372e-02 -8.49658681e-04 5.26228728e-04
8.15198803e-02 -4.09946977e-04 4.91323543e-04
8.20526220e-02 3.02340918e-04 5.05036993e-04
8.25853624e-02 -4.67527473e-04 5.14986380e-04
8.31181015e-02 -6.99003543e-04 4.94029121e-04
8.36508393e-02 2.95836752e-04 4.77744608e-04
8.41835757e-02 -1.97794015e-04 4.86342694e-04
8.47163107e-02 5.80455440e-04 5.14824186e-04
8.52490443e-02 -2.24477553e-04 4.99693563e-04
8.57817766e-02 -5.63161318e-04 4.75187640e-04
8.63145075e-02 8.10033410e-04 5.13201730e-04
8.68472370e-02 -1.31176068e-04 4.82008112e-04
8.73799651e-02 -3.42417355e-04 4.93960967e-04
8.79126918e-02 -1.80100757e-04 4.93350033e-04
8.84454170e-02 1.15395251e-04 4.87632834e-04
8.89781408e-02 -3.83118694e-05 4.68918928e-04
8.95108632e-02 1.09246861e-04 4.91543150e-04
9.00435842e-02 2.08709110e-04 4.85702226e-04
9.05763036e-02 -1.89923609e-04 4.90236692e-04
9.11090217e-02 2.53426404e-04 4.70726950e-04
9.16417382e-02 -1.07373255e-04 4.72627103e-04
9.21744532e-02 -5.37725460e-04 4.79002548e-04
9.27071668e-02 2.89988236e-04 4.67660568e-04
9.32398789e-02 1.11200378e-03 4.94212615e-04
9.37725894e-02 -5.23780173e-05 4.78628434e-04
9.43052985e-02 -5.21520035e-05 4.65614764e-04
9.48380060e-02 3.57495089e-04 4.50988895e-04
9.53707120e-02 2.99215305e-04 4.66867183e-04
9.59034164e-02 3.76689392e-04 4.58848847e-04
9.64361193e-02 -3.96069835e-04 4.53360757e-04
9.69688206e-02 1.47847416e-06 4.56555214e-04
9.75015204e-02 -5.44224232e-04 4.59168028e-04
9.80342186e-02 7.74532197e-04 4.46813751e-04
9.85669152e-02 -9.69086338e-05 4.54790873e-04
9.90996102e-02 -2.68154378e-04 4.47000049e-04
9.96323036e-02 8.47291740e-04 4.43550676e-04
1.00164995e-01 1.96871065e-04 4.45203276e-04
1.00697686e-01 -1.05181086e-04 4.41979682e-04
1.01230374e-01 1.42932459e-04 4.26285618e-04
1.01763061e-01 -5.65614422e-04 4.48472062e-04
1.02295746e-01 1.00806824e-04 4.34254356e-04
1.02828430e-01 9.41775784e-05 4.38089288e-04
1.03361112e-01 3.07224687e-04 4.42482171e-04
1.03893792e-01 -5.01842700e-04 4.37007851e-04
1.04426471e-01 3.94864654e-04 4.27691136e-04
1.04959148e-01 1.11372801e-04 4.30380527e-04
1.05491823e-01 -2.46452049e-04 4.23950484e-04
1.06024496e-01 -5.55778486e-04 4.35429443e-04
1.06557168e-01 -6.76662002e-04 4.39843677e-04
1.07089838e-01 -7.04859392e-04 4.27599183e-04
1.07622506e-01 7.31267130e-04 4.36456891e-04
1.08155173e-01 4.41817051e-04 4.17289361e-04
1.08687838e-01 3.16129315e-04 4.31637561e-04
1.09220501e-01 6.83697755e-04 4.26613739e-04
1.09753162e-01 2.67196734e-04 4.16127933e-04
1.10285822e-01 1.23366150e-03 4.26931055e-04
1.10818479e-01 9.57812857e-05 4.41385247e-04
1.11351135e-01 5.10808955e-04 4.36119493e-04
1.11883790e-01 5.11332458e-04 4.17055862e-04
1.12416442e-01 -8.61422797e-05 4.27515623e-04
1.12949092e-01 1.22708070e-04 4.10060776e-04
1.13481741e-01 1.30427411e-04 4.18003663e-04
1.14014388e-01 -2.08272535e-04 4.21794661e-04
1.14547033e-01 5.32584972e-04 4.14806243e-04
1.15079676e-01 1.97798839e-04 4.16959677e-04
1.15612318e-01 8.03373832e-04 4.13468573e-04
1.16144957e-01 2.07820436e-04 4.12060819e-04
1.16677595e-01 -4.88250521e-04 3.95299525e-04
1.17210230e-01 5.09608334e-04 4.05719673e-04
1.17742864e-01 -1.27443383e-05 3.99339908e-04
1.18275496e-01 9.79548221e-05 4.15518178e-04
1.18808126e-01 -1.95065147e-04 4.08319186e-04
1.19340754e-01 3.20236762e-04 4.20539298e-04
1.19873380e-01 -3.06407700e-04 4.10446734e-04
1.20406004e-01 -4.50609349e-04 4.07098071e-04
1.20938626e-01 1.00128916e-04 3.99278834e-04
1.21471247e-01 2.94572180e-04 3.98807246e-04
1.22003865e-01 -3.23543830e-04 3.91317864e-04
1.22536481e-01 -4.38012667e-04 3.91263112e-04
1.23069096e-01 -2.66415407e-04 4.03167671e-04
1.23601708e-01 -1.35975059e-04 3.90945217e-04
1.24134318e-01 -4.26707700e-05 3.75981225e-04
1.24666927e-01 8.41270602e-05 3.92536704e-04
1.25199533e-01 2.84678153e-04 3.95497190e-04
1.25732137e-01 5.79241227e-04 4.01363010e-04
1.26264740e-01 2.82718151e-04 3.86943687e-04
1.26797340e-01 1.53985390e-04 3.83453136e-04
1.27329938e-01 6.07911723e-04 3.81446268e-04
1.27862534e-01 -6.60841629e-04 3.75113891e-04
1.28395128e-01 1.05582016e-04 3.82123650e-04
1.28927720e-01 2.35198638e-05 3.91683569e-04
1.29460310e-01 3.96373417e-04 3.86384219e-04
1.29992898e-01 4.82165011e-04 4.05177896e-04
1.30525484e-01 -2.64910005e-04 3.96786200e-04
1.31058067e-01 3.36479555e-04 4.08042747e-04
1.31590649e-01 -3.41973998e-04 4.01698032e-04
1.32123228e-01 2.40453049e-04 4.08115637e-04
1.32655805e-01 5.55487712e-04 4.08565248e-04
1.33188380e-01 7.08475828e-05 3.96821598e-04
1.33720953e-01 9.09147548e-05 3.98562129e-04
1.34253524e-01 -4.25551981e-04 3.93271380e-04
1.34786093e-01 7.16527672e-05 4.02353666e-04
1.35318659e-01 1.66821658e-04 3.89271412e-04
1.35851223e-01 8.99613540e-04 3.78967616e-04
1.36383785e-01 -6.17712866e-04 3.86286103e-04
1.36916345e-01 5.54570366e-04 3.84008295e-04
1.37448903e-01 1.32554569e-04 3.79721645e-04
1.37981458e-01 4.16208613e-05 3.78705737e-04
1.38514011e-01 4.66086222e-04 3.78902980e-04
1.39046562e-01 8.33817000e-05 3.77034697e-04
1.39579111e-01 7.09219188e-04 3.83928455e-04
1.40111657e-01 3.31916630e-04 3.80798824e-04
1.40644201e-01 2.72154924e-04 3.78214288e-04
1.41176743e-01 4.35192194e-05 3.84946688e-04
1.41709283e-01 -1.27503890e-04 3.75660954e-04
1.42241820e-01 2.41252994e-04 3.73443290e-04
1.42774355e-01 -9.70613757e-05 3.81771406e-04
1.43306888e-01 2.97370868e-04 3.80196985e-04
1.43839418e-01 -5.75728391e-05 3.67637497e-04
1.44371946e-01 4.97804292e-05 3.66038612e-04
1.44904472e-01 -2.39115855e-04 3.70096836e-04
1.45436995e-01 -8.46112575e-04 3.68238364e-04
1.45969516e-01 2.54260798e-04 3.69822039e-04
1.46502035e-01 -1.85682084e-04 3.62870170e-04
1.47034551e-01 1.11559968e-04 3.56123412e-04
1.47567065e-01 -3.60806201e-04 3.61812352e-04
1.48099577e-01 7.04795235e-05 3.71803173e-04
1.48632086e-01 6.16558853e-05 3.69915250e-04
1.49164593e-01 -2.08981387e-04 3.63523743e-04
1.49697097e-01 -2.90619030e-04 3.49782268e-04
1.50229599e-01 6.29039488e-04 3.60662421e-04
1.50762098e-01 1.54489226e-04 3.61060417e-04
1.51294595e-01 1.46771786e-04 3.70559977e-04
1.51827090e-01 5.23442921e-05 3.56333917e-04
1.52359582e-01 2.06152754e-04 3.59875272e-04
1.52892072e-01 3.03056994e-04 3.49938146e-04
1.53424559e-01 7.21218911e-04 3.61528927e-04
1.53957044e-01 -1.35356284e-04 3.63640242e-04
1.54489526e-01 -8.80257155e-04 3.47878411e-04
1.55022006e-01 -1.14676970e-04 3.61777574e-04
1.55554483e-01 -1.96205270e-04 3.55291226e-04
1.56086958e-01 -8.17633933e-04 3.64844616e-04
1.56619430e-01 7.16230086e-06 3.56853029e-04
1.57151899e-01 3.51396625e-04 3.58632834e-04
1.57684366e-01 -4.61295137e-04 3.57100140e-04
1.58216831e-01 1.53755867e-04 3.65100818e-04
1.58749293e-01 7.71742347e-05 3.65611921e-04
1.59281752e-01 7.47318391e-04 3.53578835e-04
1.59814209e-01 1.25818371e-04 3.65548986e-04
1.60346664e-01 -7.74232415e-05 3.62868446e-04
1.60879115e-01 5.12916420e-05 3.70177702e-04
1.61411564e-01 4.34262070e-04 3.64987977e-04
1.61944011e-01 -2.20835932e-04 3.63652873e-04
1.62476455e-01 -7.64755464e-06 3.63529679e-04
1.63008896e-01 7.77046412e-04 3.61151183e-04
1.63541335e-01 2.02588860e-04 3.60759151e-04
1.64073771e-01 5.29153403e-06 3.54876823e-04
1.64606204e-01 3.67848390e-04 3.47886451e-04
1.65138635e-01 3.44172004e-04 3.48006119e-04
1.65671063e-01 3.22355948e-04 3.51284636e-04
1.66203488e-01 -3.58386049e-04 3.48881548e-04
1.66735910e-01 -6.49062743e-04 3.36526751e-04
1.67268330e-01 -3.06266292e-04 3.34096900e-04
1.67800748e-01 -3.44685855e-04 3.44346801e-04
1.68333162e-01 4.13195237e-05 3.48906091e-04
1.68865574e-01 -2.09927932e-04 3.43236594e-04
1.69397983e-01 6.28553609e-04 3.45887790e-04
1.69930389e-01 7.56462017e-04 3.34052870e-04
1.70462793e-01 8.54118138e-05 3.32222019e-04
1.70995194e-01 -2.53580689e-04 3.39741683e-04
1.71527592e-01 6.86221076e-04 3.44438953e-04
1.72059987e-01 3.29189497e-05 3.42914842e-04
1.72592380e-01 -4.72697630e-04 3.44192857e-04
1.73124769e-01 2.91894825e-04 3.47293044e-04
1.73657156e-01 -3.58015417e-04 3.38227541e-04
1.74189540e-01 2.55661017e-05 3.42103222e-04
1.74721922e-01 -2.69738749e-04 3.35012792e-04
1.75254300e-01 2.88482237e-04 3.42694248e-04
1.75786676e-01 2.85166097e-04 3.30972052e-04
1.76319049e-01 -3.36498126e-05 3.36033124e-04
1.76851418e-01 -6.61438805e-04 3.30131424e-04
1.77383786e-01 7.03537162e-05 3.37051264e-04
1.77916150e-01 3.22795976e-04 3.45690238e-04
1.78448511e-01 -1.29664309e-04 3.40845545e-04
1.78980870e-01 1.93705478e-04 3.37471681e-04
1.79513225e-01 1.16169591e-05 3.38973121e-04
1.80045578e-01 2.54508970e-04 3.41323390e-04
1.80577928e-01 -5.69020926e-04 3.47850169e-04
1.81110275e-01 1.61884062e-04 3.42877025e-04
1.81642618e-01 4.98799035e-05 3.38345390e-04
1.82174959e-01 -3.35427488e-04 3.39796146e-04
1.82707297e-01 -6.40553523e-04 3.37940512e-04
1.83239633e-01 -7.66598040e-04 3.36898108e-04
1.83771965e-01 -3.82718119e-04 3.40363835e-04
1.84304294e-01 4.67473142e-04 3.43746798e-04
1.84836620e-01 1.00843573e-04 3.38922239e-04
1.85368943e-01 -5.74727735e-04 3.34559620e-04
1.85901263e-01 6.79484530e-05 3.25114948e-04
1.86433581e-01 -1.95304726e-04 3.36669297e-04
1.86965895e-01 6.52499531e-05 3.37105377e-04
1.87498206e-01 6.30435898e-04 3.37650346e-04
1.88030514e-01 8.39625994e-05 3.29599124e-04
1.88562819e-01 -2.79708246e-04 3.32982942e-04
1.89095121e-01 1.66264699e-04 3.23310532e-04
1.89627420e-01 -3.10655346e-04 3.28700602e-04
1.90159716e-01 -1.91507419e-04 3.25722286e-04
1.90692009e-01 1.30497740e-04 3.26525435e-04
1.91224299e-01 -8.50696497e-04 3.18486966e-04
1.91756586e-01 -3.67280892e-04 3.14601510e-04
1.92288869e-01 -1.84492519e-04 3.18607814e-04
1.92821150e-01 -1.50652154e-04 3.22761153e-04
1.93353427e-01 1.94518947e-04 3.24168731e-04
1.93885701e-01 2.42457657e-04 3.19196733e-04
1.94417972e-01 5.93411913e-05 3.14069214e-04
1.94950240e-01 -6.38186253e-05 3.10590951e-04
1.95482505e-01 3.39954171e-04 3.25511038e-04
1.96014767e-01 3.89715387e-04 3.12899834e-04
1.96547025e-01 -9.04111743e-05 3.12810307e-04
1.97079281e-01 7.00942017e-05 3.09176829e-04
1.97611533e-01 -2.11272305e-04 3.13036353e-04
1.98143782e-01 -1.35506634e-04 3.18550321e-04
1.98676028e-01 3.94733135e-04 3.11050199e-04
1.99208270e-01 1.00812670e-04 3.12347378e-04
1.99740510e-01 3.24959899e-04 3.13680666e-04
2.00272746e-01 -1.51792888e-05 3.11219475e-04
2.00804978e-01 -3.43320848e-05 3.10148913e-04
2.01337208e-01 -2.59191395e-04 3.03632495e-04
2.01869434e-01 -1.18140849e-04 3.03749949e-04
2.02401658e-01 7.18820430e-05 3.08508795e-04
2.02933877e-01 4.18483775e-04 3.14066828e-04
2.03466094e-01 1.99840752e-04 3.08233101e-04
2.03998307e-01 -3.60497926e-04 3.09840086e-04
2.04530517e-01 -1.25878873e-04 3.03371763e-04
2.05062724e-01 -3.90960141e-04 3.05638730e-04
2.05594927e-01 3.69873380e-04 3.05766346e-04
2.06127127e-01 -1.39560914e-04 2.99981225e-04
2.06659324e-01 3.34520922e-04 2.95772847e-04
2.07191517e-01 -3.88754358e-04 3.00356960e-04
2.07723707e-01 1.27619613e-04 2.95372760e-04
2.08255894e-01 -3.35018179e-04 2.94103569e-04
2.08788077e-01 7.31096800e-04 3.07621250e-04
2.09320257e-01 7.98395990e-04 3.05954400e-04
2.09852434e-01 2.11452861e-04 2.98361314e-04
2.10384607e-01 -4.05731825e-05 2.99882641e-04
2.10916777e-01 2.18736669e-04 3.01784942e-04
2.11448943e-01 2.46520947e-04 3.00269589e-04
2.11981106e-01 -4.48224620e-04 2.86047956e-04
2.12513266e-01 2.76588062e-04 2.99526865e-04
2.13045422e-01 -1.29620790e-04 2.97785806e-04
2.13577575e-01 4.65394416e-04 2.98054655e-04
2.14109724e-01 1.42759784e-04 2.97259485e-04
2.14641870e-01 3.93797533e-04 3.07349353e-04
2.15174012e-01 -1.68310400e-04 2.93275198e-04
2.15706151e-01 -4.91630225e-04 2.91327469e-04
2.16238286e-01 -3.60525656e-04 2.90449096e-04
2.16770418e-01 1.36476318e-04 2.99544675e-04
2.17302546e-01 -3.91178349e-04 2.90121888e-04
2.17834671e-01 1.48594041e-04 2.99791681e-04
2.18366792e-01 -1.10142046e-04 2.89350168e-04
2.18898910e-01 1.03765319e-05 2.86965230e-04
2.19431024e-01 2.44437980e-04 2.94028147e-04
2.19963135e-01 -3.91030360e-04 2.85771448e-04
2.20495242e-01 -3.57676300e-04 2.90631878e-04
2.21027346e-01 4.10340958e-05 2.88430614e-04
2.21559446e-01 4.57238507e-04 2.82728980e-04
2.22091542e-01 -8.18262931e-05 2.87451695e-04
2.22623635e-01 3.71634554e-04 2.89457626e-04
2.23155724e-01 4.33354872e-04 2.80458178e-04
2.23687810e-01 1.09599607e-04 2.92438706e-04
2.24219892e-01 3.21777487e-04 2.85365403e-04
2.24751971e-01 1.96299299e-04 2.94557155e-04
2.25284045e-01 1.32213233e-04 2.83999413e-04
2.25816117e-01 1.82058558e-04 2.86060338e-04
2.26348184e-01 -4.55705404e-04 2.80999456e-04
2.26880248e-01 5.11489856e-05 2.77521536e-04
2.27412308e-01 3.60506930e-04 2.80767568e-04
2.27944365e-01 -1.20648877e-04 2.80125331e-04
2.28476418e-01 5.49223575e-04 2.78528320e-04
2.29008467e-01 -4.02560501e-04 2.73103630e-04
2.29540512e-01 -1.92734448e-04 2.80037910e-04
2.30072554e-01 -4.49667884e-04 2.77807659e-04
2.30604592e-01 6.12816415e-05 2.79915439e-04
2.31136626e-01 5.34992305e-04 2.73725112e-04
2.31668657e-01 1.23127353e-04 2.78970342e-04
2.32200684e-01 2.98092035e-04 2.79760619e-04
2.32732707e-01 -5.72423057e-05 2.81145735e-04
2.33264726e-01 -8.81633332e-05 2.80616619e-04
2.33796742e-01 -1.52678126e-04 2.75929788e-04
2.34328754e-01 7.17826482e-05 2.76142573e-04
2.34860762e-01 1.10074557e-04 2.79586948e-04
2.35392766e-01 -3.10817435e-05 2.75386660e-04
2.35924766e-01 -1.57429368e-05 2.74758558e-04
2.36456763e-01 1.16725176e-04 2.69470089e-04
2.36988756e-01 -1.82867417e-04 2.68239479e-04
2.37520745e-01 4.58960064e-05 2.68175931e-04
2.38052730e-01 7.99364605e-05 2.72766194e-04
2.38584711e-01 5.31913916e-05 2.74030329e-04
2.39116689e-01 -5.28504014e-05 2.71629973e-04
2.39648662e-01 -1.85505631e-04 2.69882107e-04
2.40180632e-01 -1.05780424e-04 2.71010055e-04
2.40712598e-01 -6.63483913e-05 2.71992323e-04
2.41244560e-01 -3.03321982e-04 2.72809865e-04
2.41776518e-01 -9.08346348e-05 2.73561606e-04
2.42308472e-01 -3.54097829e-05 2.71340410e-04
2.42840423e-01 -2.36560441e-04 2.70624720e-04
2.43372369e-01 -3.50729136e-04 2.72757679e-04
2.43904311e-01 -5.88475074e-04 2.71628431e-04
2.44436250e-01 1.54059999e-04 2.70180817e-04
2.44968184e-01 -4.31943188e-05 2.68442681e-04
2.45500115e-01 1.72930037e-04 2.73077190e-04
2.46032042e-01 3.56120747e-04 2.66987684e-04
2.46563964e-01 -2.02654727e-04 2.70680591e-04
2.47095883e-01 -1.93502440e-04 2.71226734e-04
2.47627798e-01 3.18808116e-04 2.67822241e-04
2.48159708e-01 7.92117518e-06 2.68143694e-04
2.48691615e-01 2.41768994e-05 2.66361766e-04
2.49223518e-01 4.66311326e-04 2.63030158e-04
2.49755416e-01 1.15132910e-04 2.62086333e-04
2.50287311e-01 -6.39814070e-06 2.65175408e-04
2.50819201e-01 -1.89389967e-04 2.63023364e-04
2.51351088e-01 -8.28384509e-05 2.66470452e-04
2.51882971e-01 2.94406246e-04 2.66505443e-04
2.52414849e-01 2.07591028e-04 2.66577332e-04
2.52946723e-01 -1.42999510e-04 2.66686664e-04
2.53478594e-01 1.05817513e-04 2.63124310e-04
2.54010460e-01 -3.53887357e-05 2.61314986e-04
2.54542322e-01 -2.00029507e-06 2.65196769e-04
2.55074180e-01 -5.99146456e-05 2.68806812e-04
2.55606034e-01 4.04569320e-04 2.67525662e-04
2.56137883e-01 1.29342616e-04 2.58919311e-04
2.56669729e-01 -1.40909757e-04 2.58300132e-04
2.57201570e-01 4.71912507e-04 2.60162369e-04
2.57733408e-01 2.32782175e-04 2.60467863e-04
2.58265241e-01 1.20216674e-04 2.60025619e-04
2.58797070e-01 -1.32627628e-04 2.61239021e-04
2.59328895e-01 -2.27928858e-05 2.60515526e-04
2.59860715e-01 1.76863495e-04 2.65330690e-04
2.60392532e-01 2.40330649e-04 2.54255334e-04
2.60924344e-01 -1.04190662e-04 2.57794210e-04
2.61456152e-01 1.13160354e-04 2.56362624e-04
2.61987956e-01 7.77650086e-05 2.57741401e-04
2.62519755e-01 3.47355964e-04 2.55252906e-04
2.63051551e-01 1.51831260e-05 2.59868898e-04
2.63583342e-01 -3.07966705e-05 2.56793906e-04
2.64115129e-01 -1.42078789e-04 2.55187800e-04
2.64646911e-01 -2.29321359e-04 2.52695367e-04
2.65178690e-01 -2.76113960e-04 2.52207543e-04
2.65710464e-01 -2.24702970e-04 2.55670750e-04
2.66242233e-01 -9.60530064e-05 2.50385881e-04
2.66773999e-01 1.59349671e-04 2.55040003e-04
2.67305760e-01 3.93287737e-05 2.55080058e-04
2.67837517e-01 -1.04525748e-04 2.54862813e-04
2.68369269e-01 3.62105704e-04 2.58476033e-04
2.68901018e-01 -9.75418902e-05 2.59107035e-04
2.69432761e-01 3.48669669e-04 2.57816928e-04
2.69964501e-01 1.94984771e-04 2.65059890e-04
2.70496236e-01 3.06230463e-04 2.59883135e-04
2.71027967e-01 1.85961571e-04 2.62327207e-04
2.71559693e-01 -2.39688861e-04 2.61693609e-04
2.72091415e-01 5.65535018e-05 2.55796647e-04
2.72623133e-01 1.28693682e-04 2.62378400e-04
2.73154846e-01 8.43965772e-05 2.56856327e-04
2.73686555e-01 4.11406142e-05 2.60117787e-04
2.74218260e-01 -2.70319193e-04 2.61561546e-04
2.74749960e-01 2.90849277e-04 2.66378876e-04
2.75281655e-01 -1.06718825e-04 2.61397856e-04
2.75813346e-01 -1.35582001e-04 2.67949582e-04
2.76345033e-01 9.70324566e-05 2.62193993e-04
2.76876715e-01 -1.69036424e-04 2.56697497e-04
2.77408393e-01 8.12182526e-05 2.58517239e-04
2.77940066e-01 -2.83816503e-04 2.54056688e-04
2.78471735e-01 1.24900584e-05 2.53664066e-04
2.79003400e-01 1.59052498e-04 2.49685238e-04
2.79535059e-01 1.57313681e-04 2.61327614e-04
2.80066715e-01 1.52223936e-06 2.54987819e-04
2.80598366e-01 2.55076442e-05 2.55687335e-04
2.81130012e-01 1.32175551e-04 2.48922714e-04
2.81661654e-01 1.92031411e-04 2.51999910e-04
2.82193291e-01 -1.60890210e-04 2.46870369e-04
2.82724923e-01 2.05445579e-04 2.49040227e-04
2.83256552e-01 3.92399663e-04 2.47719766e-04
2.83788175e-01 3.61168322e-04 2.49690959e-04
2.84319794e-01 1.79687784e-04 2.52114559e-04
2.84851408e-01 9.30336896e-05 2.46250520e-04
2.85383018e-01 2.45045293e-04 2.47976996e-04
2.85914623e-01 2.74852453e-04 2.47191032e-04
2.86446224e-01 7.70412491e-05 2.42982232e-04
2.86977820e-01 2.05156911e-04 2.46772247e-04
2.87509411e-01 -1.14837026e-04 2.46633210e-04
2.88040998e-01 -2.86290459e-04 2.47299774e-04
2.88572580e-01 1.52967785e-04 2.50185492e-04
2.89104157e-01 -7.36127859e-05 2.47609157e-04
2.89635730e-01 2.90953887e-04 2.51495292e-04
2.90167298e-01 2.39621116e-04 2.51175436e-04
2.90698862e-01 4.36982991e-04 2.57202373e-04
2.91230420e-01 3.42570100e-05 2.54525692e-04
2.91761974e-01 -5.80453653e-05 2.47974580e-04
2.92293524e-01 2.26473873e-04 2.47225489e-04
2.92825068e-01 4.05775756e-04 2.53751377e-04
2.93356608e-01 -2.97754990e-04 2.51278532e-04
2.93888143e-01 8.46202239e-05 2.51577207e-04
2.94419674e-01 -1.72362203e-05 2.49509202e-04
2.94951199e-01 1.78917637e-04 2.48670855e-04
2.95482720e-01 -4.77064673e-05 2.48206929e-04
2.96014236e-01 9.57129973e-05 2.47123882e-04
2.96545748e-01 -7.52345338e-04 2.47876090e-04
2.97077254e-01 -2.27054564e-04 2.48199313e-04
2.97608756e-01 1.11137282e-04 2.48307989e-04
2.98140253e-01 5.63142354e-04 2.42956622e-04
2.98671745e-01 2.18773080e-04 2.42213621e-04
2.99203233e-01 6.54745729e-05 2.45952291e-04
2.99734715e-01 1.33521510e-04 2.42377047e-04
3.00266193e-01 1.03351230e-04 2.42888648e-04
3.00797666e-01 3.48383912e-04 2.44879395e-04
3.01329134e-01 6.26518579e-04 2.48559273e-04
3.01860597e-01 5.60650033e-04 2.41077408e-04
3.02392056e-01 -6.24752629e-05 2.44307701e-04
3.02923509e-01 -1.69082661e-04 2.40545433e-04
3.03454958e-01 3.63337960e-04 2.41260435e-04
3.03986401e-01 2.95008393e-04 2.40381050e-04
3.04517840e-01 -3.37975220e-04 2.36251601e-04
3.05049274e-01 9.50840536e-05 2.36121159e-04
3.05580703e-01 7.57908391e-05 2.38418579e-04
3.06112127e-01 1.14608421e-04 2.35262004e-04
3.06643546e-01 -9.41411609e-05 2.40567405e-04
3.07174960e-01 1.15122337e-04 2.41088318e-04
3.07706370e-01 -1.06847087e-06 2.41175476e-04
3.08237774e-01 -4.22008672e-05 2.34148471e-04
3.08769173e-01 -4.10038229e-06 2.38096653e-04
3.09300568e-01 1.88272389e-04 2.39824391e-04
3.09831957e-01 -3.79119211e-05 2.38057009e-04
3.10363341e-01 1.68730871e-04 2.39240872e-04
3.10894721e-01 2.11032265e-04 2.38680050e-04
3.11426095e-01 4.38752485e-05 2.29423581e-04
3.11957464e-01 -7.43562376e-05 2.35578775e-04
3.12488829e-01 -4.96536837e-05 2.36001378e-04
3.13020188e-01 -1.24647465e-04 2.33970924e-04
3.13551542e-01 -5.65097213e-05 2.29553769e-04
3.14082891e-01 6.52534026e-05 2.34280266e-04
3.14614235e-01 -4.45991796e-04 2.31969435e-04
3.15145574e-01 5.83370314e-05 2.31529761e-04
3.15676908e-01 -2.36857106e-04 2.33651392e-04
3.16208237e-01 4.07030342e-06 2.27383806e-04
3.16739561e-01 -4.21266348e-05 2.29785773e-04
3.17270880e-01 2.67260346e-04 2.29397942e-04
3.17802193e-01 6.25932995e-07 2.28508125e-04
3.18333502e-01 2.74367983e-04 2.27546717e-04
3.18864805e-01 -1.29325518e-05 2.24771036e-04
3.19396103e-01 -4.81038629e-05 2.29202446e-04
3.19927396e-01 -1.45406839e-04 2.34788491e-04
3.20458684e-01 -6.25113702e-05 2.34296684e-04
3.20989967e-01 -3.02891778e-06 2.25608394e-04
3.21521244e-01 2.11288399e-04 2.33523820e-04
3.22052517e-01 -2.23945519e-05 2.29771265e-04
3.22583784e-01 -1.00265820e-04 2.26350759e-04
3.23115046e-01 3.33100601e-05 2.28813121e-04
3.23646303e-01 2.47455935e-04 2.29675485e-04
3.24177554e-01 2.84521611e-05 2.27171237e-04
3.24708801e-01 3.40840907e-04 2.27917523e-04
3.25240042e-01 -3.74251734e-04 2.21501964e-04
3.25771278e-01 3.21374699e-04 2.30245635e-04
3.26302508e-01 -3.17517091e-05 2.28643150e-04
3.26833734e-01 2.07015376e-04 2.24728476e-04
3.27364954e-01 -1.12406719e-04 2.24009275e-04
3.27896169e-01 -2.93418435e-05 2.22405046e-04
3.28427378e-01 -3.52556611e-04 2.26381375e-04
3.28958583e-01 -1.71752892e-04 2.20489849e-04
3.29489782e-01 -2.32703904e-04 2.19164380e-04
3.30020975e-01 1.75064558e-04 2.24231478e-04
3.30552164e-01 -5.36463292e-05 2.20987321e-04
3.31083347e-01 9.93834349e-05 2.20544770e-04
3.31614524e-01 -6.21508969e-05 2.22979393e-04
3.32145697e-01 7.29915162e-05 2.26405389e-04
3.32676864e-01 -2.34091162e-04 2.20695093e-04
3.33208025e-01 -8.07964888e-05 2.17693854e-04
3.33739182e-01 3.62099419e-04 2.19104444e-04
3.34270333e-01 1.52978461e-04 2.21056115e-04
3.34801478e-01 2.96190035e-05 2.18158039e-04
3.35332618e-01 -2.51258521e-04 2.18511215e-04
3.35863753e-01 -3.34062358e-04 2.15838285e-04
3.36394883e-01 2.95913825e-04 2.19990501e-04
3.36926007e-01 1.70669253e-04 2.20238376e-04
3.37457125e-01 -1.38265592e-04 2.15574115e-04
3.37988238e-01 -2.34074956e-04 2.17838748e-04
3.38519346e-01 3.19356602e-05 2.19616266e-04
3.39050448e-01 4.86565630e-05 2.18672017e-04
3.39581545e-01 1.60882573e-04 2.20444426e-04
3.40112636e-01 -7.30559346e-05 2.17963833e-04
3.40643722e-01 1.72221386e-04 2.20330928e-04
3.41174802e-01 -1.44612685e-04 2.17315525e-04
3.41705877e-01 1.51263660e-04 2.20725332e-04
3.42236946e-01 2.05893587e-04 2.22487171e-04
3.42768010e-01 -7.51086952e-05 2.19216791e-04
3.43299068e-01 4.79828801e-05 2.17926261e-04
3.43830121e-01 2.08998624e-04 2.19184734e-04
3.44361168e-01 -3.31164571e-05 2.14417713e-04
3.44892210e-01 8.95494002e-05 2.15183726e-04
3.45423246e-01 4.22216347e-05 2.17810787e-04
3.45954277e-01 -1.74957156e-04 2.13349558e-04
3.46485302e-01 -2.40217974e-04 2.14207082e-04
3.47016321e-01 1.78583980e-04 2.14004247e-04
3.47547335e-01 -2.70578738e-04 2.14826111e-04
3.48078343e-01 2.07600825e-04 2.18578082e-04
3.48609346e-01 3.15926303e-04 2.19740106e-04
3.49140343e-01 -3.37670373e-04 2.11191766e-04
3.49671334e-01 -3.75740595e-05 2.13289796e-04
3.50202320e-01 8.70811917e-05 2.12177161e-04
3.50733300e-01 -1.41305736e-04 2.13737405e-04
3.51264275e-01 2.37493863e-05 2.16507492e-04
3.51795244e-01 2.01482402e-06 2.11688227e-04
3.52326207e-01 2.08051985e-04 2.11439242e-04
3.52857164e-01 -1.12631321e-04 2.09621801e-04
3.53388116e-01 1.19471552e-05 2.11305797e-04
3.53919062e-01 2.19249849e-04 2.11494762e-04
3.54450003e-01 -1.94014626e-04 2.10347329e-04
3.54980938e-01 1.76953763e-04 2.13186753e-04
3.55511867e-01 3.35549634e-04 2.08634200e-04
3.56042790e-01 1.44384768e-04 2.12288722e-04
3.56573708e-01 1.02718862e-04 2.08421636e-04
3.57104620e-01 -3.71885961e-04 2.08610559e-04
3.57635526e-01 -5.98431401e-05 2.09680782e-04
3.58166426e-01 2.67972390e-04 2.04953814e-04
3.58697321e-01 1.63402828e-04 2.11868464e-04
3.59228210e-01 2.38951001e-05 2.12061826e-04
3.59759093e-01 -2.18362273e-04 2.08369829e-04
3.60289970e-01 -9.30820653e-05 2.06523636e-04
3.60820841e-01 1.03576790e-04 2.09072626e-04
3.61351707e-01 -9.91812636e-05 2.07829853e-04
3.61882567e-01 2.63628092e-04 2.09205905e-04
3.62413421e-01 -9.35085671e-05 2.05434223e-04
3.62944269e-01 4.75992841e-04 2.06703734e-04
3.63475112e-01 2.40877229e-04 2.08295514e-04
3.64005948e-01 -3.49489503e-04 2.11326945e-04
3.64536779e-01 1.09465169e-04 2.08904119e-04
3.65067604e-01 1.21420318e-04 2.08855617e-04
3.65598423e-01 -8.10253908e-05 2.05215327e-04
3.66129236e-01 6.59459305e-05 2.05790893e-04
3.66660043e-01 1.29116687e-04 2.06408005e-04
3.67190844e-01 -1.90114113e-04 2.07105139e-04
3.67721639e-01 -1.62330491e-04 2.05420703e-04
3.68252429e-01 -4.38339023e-04 2.03765282e-04
3.68783212e-01 3.29022829e-04 2.06375206e-04
3.69313990e-01 -5.98354078e-05 2.07906334e-04
3.69844762e-01 4.28741982e-05 2.06286561e-04
3.70375527e-01 -2.09153366e-04 2.02133337e-04
3.70906287e-01 -1.55034006e-04 2.01757350e-04
3.71437041e-01 1.33489574e-04 2.03641060e-04
3.71967789e-01 1.42233966e-04 2.05242969e-04
3.72498531e-01 -1.27882025e-06 2.06607906e-04
3.73029266e-01 2.12893560e-04 2.10798158e-04
3.73559996e-01 -4.55938646e-05 2.04856698e-04
3.74090720e-01 1.28688506e-04 2.01633439e-04
3.74621438e-01 -7.92563918e-05 2.03295563e-04
3.75152150e-01 1.21085846e-04 2.03263822e-04
3.75682855e-01 -1.05821479e-04 2.03580704e-04
3.76213555e-01 4.70806736e-05 2.06000122e-04
3.76744249e-01 -1.67234138e-04 2.02693963e-04
3.77274936e-01 -1.88607210e-04 2.00249063e-04
3.77805618e-01 4.44310289e-05 2.02279152e-04
3.78336293e-01 -2.59819449e-04 1.99330488e-04
3.78866963e-01 3.98470092e-04 1.98466438e-04
3.79397626e-01 -1.60802450e-04 1.98672179e-04
3.79928283e-01 -2.67073652e-05 1.99967744e-04
3.80458934e-01 -1.16463911e-05 2.04155261e-04
3.80989579e-01 9.17605372e-06 2.03011448e-04
3.81520218e-01 -1.56618181e-05 2.05178245e-04
3.82050851e-01 -1.87261026e-04 2.00411413e-04
3.82581478e-01 7.16659812e-05 2.05919377e-04
3.83112098e-01 1.40928517e-04 2.03529629e-04
3.83642712e-01 1.89184945e-04 2.04513915e-04
3.84173320e-01 1.05320731e-04 2.06782720e-04
3.84703922e-01 -5.36708969e-05 2.03610601e-04
3.85234518e-01 -2.55330575e-04 2.05254519e-04
3.85765108e-01 2.01863689e-04 2.08226132e-04
3.86295691e-01 3.94945551e-04 2.05275456e-04
3.86826268e-01 -5.21062636e-05 2.03073898e-04
3.87356839e-01 -3.88445822e-05 2.03548565e-04
3.87887404e-01 -4.31098863e-05 2.07097849e-04
3.88417962e-01 1.20561881e-04 2.06208612e-04
3.88948514e-01 -9.10445743e-05 2.03797877e-04
3.89479060e-01 2.29758629e-04 1.99414293e-04
3.90009600e-01 5.93635862e-05 2.02205490e-04
3.90540134e-01 1.60462400e-04 1.98750526e-04
3.91070661e-01 2.30482528e-04 2.01986630e-04
3.91601182e-01 -1.95022365e-04 2.00835169e-04
3.92131696e-01 1.92728731e-04 2.03820705e-04
3.92662205e-01 1.36283811e-04 2.01470625e-04
3.93192707e-01 -2.43408672e-04 2.03933335e-04
3.93723202e-01 2.38495209e-04 2.08129089e-04
3.94253692e-01 1.69258151e-04 2.06087011e-04
3.94784175e-01 2.62885804e-04 2.05036359e-04
3.95314651e-01 -1.82095595e-05 2.10175561e-04
3.95845122e-01 1.20846187e-04 2.11107812e-04
3.96375585e-01 -8.28708996e-05 2.06450274e-04
3.96906043e-01 1.16139628e-04 2.06968734e-04
3.97436494e-01 -2.11558940e-04 2.07350326e-04
3.97966939e-01 -4.43338624e-06 2.04226023e-04
3.98497377e-01 1.92699851e-04 2.06638794e-04
3.99027809e-01 1.39066009e-04 2.09915034e-04
3.99558235e-01 2.99818542e-04 2.09876699e-04
4.00088654e-01 3.95301275e-04 2.07092552e-04
4.00619067e-01 1.14579054e-04 2.10714113e-04
4.01149473e-01 -5.78593813e-06 2.05448572e-04
4.01679873e-01 1.21939763e-04 2.04768292e-04
4.02210267e-01 2.34760430e-04 2.11205767e-04
4.02740654e-01 1.17355271e-05 2.14334358e-04
4.03271034e-01 7.18657291e-05 2.13310711e-04
4.03801408e-01 -2.09101007e-05 2.14237852e-04
4.04331776e-01 -2.78721109e-04 2.16127749e-04
4.04862137e-01 3.68719885e-05 2.12919388e-04
4.05392491e-01 1.36599460e-04 2.10654837e-04
4.05922839e-01 -8.06072793e-05 2.15675006e-04
4.06453181e-01 -1.87729980e-04 2.10878439e-04
4.06983516e-01 -2.00050726e-04 2.16694020e-04
4.07513844e-01 -8.59132695e-05 2.17146921e-04
4.08044166e-01 -5.21600227e-04 2.18632918e-04
4.08574481e-01 1.30266471e-04 2.16372418e-04
4.09104790e-01 2.71203984e-04 2.18010751e-04
4.09635092e-01 2.53043633e-04 2.21200196e-04
4.10165388e-01 1.62906749e-04 2.21301041e-04
4.10695677e-01 -1.38490331e-05 2.18836116e-04
4.11225960e-01 -1.79250424e-04 2.37937143e-04
4.11756235e-01 -4.40124208e-04 2.46256816e-04
4.12286505e-01 1.54353229e-04 2.69908989e-04
4.12816767e-01 1.57270034e-04 2.77855424e-04
4.13347023e-01 2.69396988e-04 2.90818307e-04
4.13877273e-01 -2.64003857e-04 3.03626855e-04
4.14407515e-01 -1.41740963e-04 3.21211132e-04
4.14937751e-01 4.13705157e-05 3.34538961e-04
4.15467981e-01 1.80122296e-04 3.40000982e-04
4.15998203e-01 7.36914828e-06 3.36652384e-04
4.16528419e-01 1.51193340e-04 3.41911480e-04
4.17058629e-01 -5.21578891e-04 3.33876659e-04
4.17588831e-01 2.77628847e-04 3.54061669e-04
4.18119027e-01 5.17758508e-04 4.03857412e-04
4.18649217e-01 2.59394486e-04 5.09921397e-04
4.19179399e-01 9.71446602e-04 1.36277687e-03
