7.45980241e-03 -5.08960502e-03 3.38823974e-02
7.99264482e-03 1.00625919e-02 2.02132905e-02
8.52548709e-03 1.49517852e-02 1.46023393e-02
9.05832923e-03 -4.74997400e-03 1.24224479e-02
9.59117122e-03 -3.98285034e-03 1.08934321e-02
1.01240131e-02 7.97100019e-03 8.82281817e-03
1.06568547e-02 4.56894625e-03 7.81150682e-03
1.11896962e-02 4.66072397e-03 5.65004946e-03
1.17225375e-02 2.89628545e-03 4.41704046e-03
1.22553787e-02 1.24380679e-03 3.42563173e-03
1.27882196e-02 2.76316275e-03 2.85178701e-03
1.33210603e-02 2.36669872e-03 2.59871351e-03
1.38539008e-02 4.38073971e-03 2.25681127e-03
1.43867411e-02 4.66581980e-03 2.35123755e-03
1.49195812e-02 4.82362215e-03 1.94092205e-03
1.54524210e-02 2.29787398e-03 1.81178035e-03
1.59852605e-02 -5.12515119e-04 1.66142758e-03
1.65180998e-02 1.42749336e-04 1.56848067e-03
1.70509389e-02 1.64314121e-03 1.35797621e-03
1.75837776e-02 -1.94105277e-04 1.49461288e-03
1.81166161e-02 4.18818274e-03 1.43666628e-03
1.86494543e-02 1.76255850e-03 1.50057047e-03
1.91822922e-02 3.51347352e-04 1.19576414e-03
1.97151297e-02 -1.20680208e-04 1.25465821e-03
2.02479670e-02 2.53380018e-03 1.17118635e-03
2.07808039e-02 4.56822195e-04 1.18951286e-03
2.13136405e-02 -6.04081329e-05 1.07649463e-03
2.18464767e-02 9.38399377e-04 1.08174069e-03
2.23793126e-02 1.87391483e-03 1.16175761e-03
2.29121481e-02 2.95237038e-03 1.12675643e-03
2.34449833e-02 8.77972135e-04 1.05260245e-03
2.39778181e-02 2.86489418e-03 1.02722314e-03
2.45106524e-02 3.03511901e-03 1.02750739e-03
2.50434864e-02 1.46943620e-03 1.00055502e-03
2.55763200e-02 2.33976793e-03 9.61822917e-04
2.61091532e-02 1.62114627e-03 8.94689084e-04
2.66419859e-02 2.20053949e-03 9.59208553e-04
2.71748182e-02 1.62033880e-03 9.51314510e-04
2.77076501e-02 2.79666574e-03 9.29752134e-04
2.82404815e-02 2.01351937e-03 9.26587816e-04
2.87733125e-02 8.97377924e-04 9.21970903e-04
2.93061430e-02 1.20171756e-03 8.73867318e-04
2.98389731e-02 8.00866167e-04 8.86255906e-04
3.03718026e-02 2.15760692e-03 9.38117081e-04
3.09046317e-02 1.72524487e-03 9.15928884e-04
3.14374602e-02 3.57369995e-03 8.88884986e-04
3.19702883e-02 6.64820451e-04 8.28181766e-04
3.25031158e-02 1.39271497e-03 8.57388480e-04
3.30359428e-02 -2.46460257e-04 8.43931670e-04
3.35687693e-02 2.25213079e-03 8.09612296e-04
3.41015952e-02 2.53932202e-03 7.60000843e-04
3.46344206e-02 2.20437769e-03 7.91085159e-04
3.51672454e-02 1.00863300e-03 7.53806800e-04
3.57000696e-02 1.49033260e-03 7.81161231e-04
3.62328933e-02 4.17369074e-05 7.94648705e-04
3.67657164e-02 2.34390377e-03 7.80107278e-04
3.72985389e-02 -2.40905924e-05 7.85838128e-04
3.78313608e-02 8.40992112e-04 7.43072808e-04
3.83641820e-02 2.21587372e-04 7.12188761e-04
3.88970027e-02 1.09503067e-03 7.10141784e-04
3.94298227e-02 9.38685750e-04 7.28112613e-04
3.99626421e-02 9.38288188e-04 6.90468761e-04
4.04954608e-02 1.20433041e-04 7.14220545e-04
4.10282789e-02 6.49241326e-04 7.29744586e-04
4.15610963e-02 1.04410344e-03 7.53573329e-04
4.20939131e-02 1.02663200e-03 7.42504075e-04
4.26267291e-02 1.86721876e-03 7.36495306e-04
4.31595445e-02 2.76489041e-03 7.16228374e-04
4.36923592e-02 4.12402693e-04 7.77342504e-04
4.42251732e-02 1.36465183e-03 7.71666356e-04
4.47579864e-02 1.63921263e-03 7.28902457e-04
4.52907989e-02 3.51099066e-05 7.55313909e-04
4.58236107e-02 1.10252515e-03 7.07413498e-04
4.63564218e-02 1.23790680e-03 7.40236776e-04
4.68892321e-02 1.37081016e-03 7.37762139e-04
4.74220417e-02 1.36444311e-04 7.40591064e-04
4.79548504e-02 -5.75545854e-04 7.15864122e-04
4.84876584e-02 3.52803216e-04 7.12943591e-04
4.90204657e-02 1.97693327e-04 7.27994764e-04
4.95532721e-02 3.96890669e-05 7.10985670e-04
5.00860777e-02 3.42306440e-04 7.60322488e-04
5.06188825e-02 5.86833988e-04 6.71215262e-04
5.11516865e-02 1.26419024e-03 6.70261547e-04
5.16844897e-02 7.24067814e-04 7.31147302e-04
5.22172920e-02 4.28794672e-04 6.45154048e-04
5.27500935e-02 -3.32522534e-04 6.41880076e-04
5.32828941e-02 4.37527044e-04 6.70500030e-04
5.38156939e-02 4.21610105e-04 6.71818773e-04
5.43484928e-02 6.55164269e-04 6.30460257e-04
5.48812908e-02 3.82338683e-04 6.58262417e-04
5.54140880e-02 6.80915378e-04 6.55856302e-04
5.59468842e-02 6.84975466e-04 6.48454873e-04
5.64796795e-02 -1.27941526e-04 6.58448520e-04
5.70124739e-02 1.80868998e-04 6.42597486e-04
5.75452674e-02 -1.53255948e-04 6.37783768e-04
5.80780600e-02 3.62644882e-04 6.15932089e-04
5.86108516e-02 2.65153805e-04 6.36744596e-04
5.91436423e-02 7.12596890e-04 6.10756895e-04
5.96764320e-02 -4.83018521e-04 6.21666889e-04
6.02092208e-02 2.74086367e-04 6.14698110e-04
6.07420086e-02 7.87236694e-04 6.21898285e-04
6.12747953e-02 1.06546675e-03 6.26535075e-04
6.18075812e-02 4.16992261e-04 5.99930753e-04
6.23403660e-02 8.13583183e-04 5.99463125e-04
6.28731498e-02 -3.08064281e-04 5.73463810e-04
6.34059325e-02 -6.50060237e-04 5.94619887e-04
6.39387143e-02 -1.52745173e-04 5.96518142e-04
6.44714950e-02 1.18972968e-03 5.91799553e-04
6.50042747e-02 -2.33134766e-04 6.19200495e-04
6.55370533e-02 1.52178980e-04 5.91340665e-04
6.60698309e-02 4.24822991e-04 6.01296320e-04
6.66026074e-02 -3.56596572e-04 6.11248285e-04
6.71353828e-02 -2.54246709e-04 5.91315285e-04
6.76681571e-02 5.73068032e-04 5.98103540e-04
6.82009304e-02 -3.61023831e-04 6.02252175e-04
6.87337025e-02 -3.04333381e-04 5.99501299e-04
6.92664735e-02 2.96623998e-04 6.12229621e-04
6.97992434e-02 3.44908909e-04 5.93533937e-04
7.03320122e-02 -1.98760648e-04 5.86405381e-04
7.08647798e-02 2.45668290e-04 6.17496813e-04
7.13975463e-02 -1.67029778e-05 5.97937759e-04
7.19303116e-02 8.06702272e-04 6.17478089e-04
7.24630758e-02 -5.19873196e-04 6.04195336e-04
7.29958388e-02 3.20362671e-04 5.62696097e-04
7.35286006e-02 9.81135128e-04 5.99964167e-04
7.40613612e-02 1.01543668e-03 5.86883773e-04
7.45941207e-02 1.35130733e-03 5.65574532e-04
7.51268789e-02 9.28547944e-05 5.54253126e-04
7.56596359e-02 -4.62950883e-05 5.48826816e-04
7.61923917e-02 -9.63832488e-05 5.55999627e-04
7.67251462e-02 -2.84914004e-04 5.62518623e-04
7.72578995e-02 5.07804539e-04 5.43688666e-04
7.77906516e-02 -7.87872123e-05 5.53914266e-04
7.83234024e-02 -6.04016462e-05 5.30384521e-04
7.88561519e-02 3.27974193e-04 5.25920666e-04
7.93889002e-02 5.44195605e-04 5.39104928e-04
7.99216472e-02 -1.59807000e-04 5.40632345e-04
8.04543928e-02 4.44143812e-04 5.46407216e-04
8.09871372e-02 2.03101028e-04 5.33597111e-04
8.15198803e-02 -8.85236260e-04 5.14631077e-04
8.20526220e-02 3.59862562e-04 5.35474503e-04
8.25853624e-02 2.06853895e-04 5.21234662e-04
8.31181015e-02 7.55045078e-04 5.21685380e-04
8.36508393e-02 -4.72474952e-04 5.21978626e-04
8.41835757e-02 -1.02007872e-04 5.28650868e-04
8.47163107e-02 3.38171364e-04 5.20145971e-04
8.52490443e-02 3.29470427e-04 5.40775932e-04
8.57817766e-02 1.44047172e-04 5.18251980e-04
8.63145075e-02 -1.44039099e-04 5.08123453e-04
8.68472370e-02 5.33703217e-04 5.26646868e-04
8.73799651e-02 -8.57994482e-04 5.18898858e-04
8.79126918e-02 6.81439488e-05 5.11477241e-04
8.84454170e-02 4.48811928e-04 4.95789884e-04
8.89781408e-02 1.92239311e-04 5.02754581e-04
8.95108632e-02 2.51411339e-04 4.85287300e-04
9.00435842e-02 2.18359164e-04 4.98488994e-04
9.05763036e-02 -4.98969361e-04 4.98483370e-04
9.11090217e-02 -9.35805694e-04 4.90396446e-04
9.16417382e-02 1.35851507e-04 4.93748268e-04
9.21744532e-02 -1.17051907e-04 5.00285070e-04
9.27071668e-02 3.49885565e-04 4.91435522e-04
9.32398789e-02 -2.02963774e-05 5.01868290e-04
9.37725894e-02 8.54013044e-04 4.71212094e-04
9.43052985e-02 3.20968449e-04 4.64051304e-04
9.48380060e-02 2.98037505e-04 4.74646786e-04
9.53707120e-02 -7.86203573e-04 4.79822725e-04
9.59034164e-02 2.23815608e-04 4.72640682e-04
9.64361193e-02 -1.99978986e-04 4.70465631e-04
9.69688206e-02 1.86252172e-04 4.51609305e-04
9.75015204e-02 8.43286314e-04 4.67596214e-04
9.80342186e-02 2.52840690e-04 4.70981462e-04
9.85669152e-02 -3.92039992e-04 4.65219326e-04
9.90996102e-02 1.08181901e-04 4.68994728e-04
9.96323036e-02 -7.99498069e-04 4.57620618e-04
1.00164995e-01 -7.20394698e-04 4.68088232e-04
1.00697686e-01 1.47164052e-04 4.66440983e-04
1.01230374e-01 6.76473794e-04 4.55675314e-04
1.01763061e-01 -6.82041810e-05 4.56964275e-04
1.02295746e-01 -4.18997414e-06 4.67650311e-04
1.02828430e-01 1.83639887e-04 4.51205099e-04
1.03361112e-01 -2.66616958e-04 4.44583991e-04
1.03893792e-01 -1.27564129e-04 4.57541320e-04
1.04426471e-01 -1.80736295e-04 4.47004047e-04
1.04959148e-01 1.54476496e-04 4.56374227e-04
1.05491823e-01 -7.04839386e-04 4.55189827e-04
1.06024496e-01 6.30147533e-04 4.53407629e-04
1.06557168e-01 -5.14347653e-04 4.40991240e-04
1.07089838e-01 -2.43810984e-04 4.63986320e-04
1.07622506e-01 4.88245084e-04 4.75288454e-04
1.08155173e-01 3.34519358e-04 4.50066434e-04
1.08687838e-01 2.39113687e-04 4.57293310e-04
1.09220501e-01 1.86799624e-04 4.44933915e-04
1.09753162e-01 2.63132017e-04 4.46379632e-04
1.10285822e-01 5.10684965e-05 4.42384337e-04
1.10818479e-01 5.71639798e-04 4.45307814e-04
1.11351135e-01 1.66097195e-04 4.38794006e-04
1.11883790e-01 -5.34074074e-05 4.31305025e-04
1.12416442e-01 -2.88828497e-04 4.35030096e-04
1.12949092e-01 4.66428825e-04 4.49038715e-04
1.13481741e-01 -1.24175244e-05 4.40221469e-04
1.14014388e-01 3.18194769e-04 4.29974189e-04
1.14547033e-01 -2.06528403e-04 4.16736807e-04
1.15079676e-01 -5.36581685e-04 4.38124389e-04
1.15612318e-01 -2.69030584e-04 4.22179030e-04
1.16144957e-01 -4.91793277e-04 4.42297849e-04
1.16677595e-01 -7.87305501e-05 4.33740710e-04
1.17210230e-01 4.67269566e-04 4.33737884e-04
1.17742864e-01 7.43925012e-04 4.19253750e-04
1.18275496e-01 -1.77890574e-04 4.29492004e-04
1.18808126e-01 -4.56669888e-04 4.20441685e-04
1.19340754e-01 -2.54879548e-05 4.28809815e-04
1.19873380e-01 2.05048274e-04 4.12017807e-04
1.20406004e-01 2.07096265e-04 4.11371171e-04
1.20938626e-01 5.59174020e-04 4.14353665e-04
1.21471247e-01 4.01003025e-04 4.07532709e-04
1.22003865e-01 3.59458386e-04 4.16792377e-04
1.22536481e-01 -1.40000158e-04 4.05871274e-04
1.23069096e-01 1.73975161e-04 4.18626523e-04
1.23601708e-01 -1.73441822e-04 4.20968856e-04
1.24134318e-01 -1.37311061e-05 4.07859460e-04
1.24666927e-01 8.40238883e-05 4.15683488e-04
1.25199533e-01 -2.45450790e-04 4.11472356e-04
1.25732137e-01 -3.04145383e-04 4.09942180e-04
1.26264740e-01 9.63569465e-05 4.04857975e-04
1.26797340e-01 4.48370195e-04 4.05072193e-04
1.27329938e-01 1.91037890e-04 4.11992003e-04
1.27862534e-01 -1.29539521e-04 3.88913995e-04
1.28395128e-01 2.32804316e-04 3.92721392e-04
1.28927720e-01 -4.66245614e-05 4.14560677e-04
1.29460310e-01 3.14727211e-04 4.08423595e-04
1.29992898e-01 -1.10682706e-04 4.11205529e-04
1.30525484e-01 -2.87991980e-04 4.10452934e-04
1.31058067e-01 -4.87912213e-04 4.05675892e-04
1.31590649e-01 -4.25772686e-04 4.16804392e-04
1.32123228e-01 4.45968050e-04 4.17620418e-04
1.32655805e-01 1.47528126e-04 4.14750808e-04
1.33188380e-01 -5.66723363e-04 4.16040836e-04
1.33720953e-01 -5.61510105e-05 4.12575770e-04
1.34253524e-01 7.90526830e-05 4.14283121e-04
1.34786093e-01 1.54487524e-04 4.20196880e-04
1.35318659e-01 5.36984151e-04 4.06464083e-04
1.35851223e-01 4.78318408e-04 3.87017758e-04
1.36383785e-01 -1.66695880e-04 3.99034630e-04
1.36916345e-01 -1.10335493e-04 3.96834059e-04
1.37448903e-01 -1.19762897e-04 3.96246678e-04
1.37981458e-01 3.55976392e-04 3.92052415e-04
1.38514011e-01 9.33626821e-05 3.86773083e-04
1.39046562e-01 2.10869875e-04 3.92345204e-04
1.39579111e-01 -6.87518121e-04 3.92319004e-04
1.40111657e-01 1.49887417e-04 3.86381192e-04
1.40644201e-01 1.57023199e-04 3.81445371e-04
1.41176743e-01 -1.13286967e-04 3.87553627e-04
1.41709283e-01 7.68530706e-05 3.77603941e-04
1.42241820e-01 7.58562137e-04 3.89851944e-04
1.42774355e-01 1.12867818e-03 3.95815990e-04
1.43306888e-01 3.53824000e-04 3.78831369e-04
1.43839418e-01 2.83751088e-04 3.80849887e-04
1.44371946e-01 2.75584099e-04 3.79703462e-04
1.44904472e-01 2.02439149e-05 3.85681852e-04
1.45436995e-01 -1.91290296e-04 3.79167925e-04
1.45969516e-01 1.34082440e-04 3.70785001e-04
1.46502035e-01 -4.27670148e-04 3.80504744e-04
1.47034551e-01 -1.17877349e-04 3.79166482e-04
1.47567065e-01 1.73411448e-04 3.64450057e-04
1.48099577e-01 1.86496355e-04 3.76526264e-04
1.48632086e-01 1.38173246e-04 3.79036203e-04
1.49164593e-01 3.41130818e-04 3.81547795e-04
1.49697097e-01 1.51732189e-04 3.67111546e-04
1.50229599e-01 -1.64062322e-04 3.75134333e-04
1.50762098e-01 -6.24883239e-04 3.63647767e-04
1.51294595e-01 6.24956414e-04 3.70998326e-04
1.51827090e-01 5.56347565e-04 3.70969205e-04
1.52359582e-01 3.84459286e-04 3.75819436e-04
1.52892072e-01 6.85017934e-07 3.61328339e-04
1.53424559e-01 1.27074813e-05 3.65547409e-04
1.53957044e-01 5.42964567e-04 3.72725933e-04
1.54489526e-01 3.97368368e-04 3.78414778e-04
1.55022006e-01 -8.45856081e-05 3.74580580e-04
1.55554483e-01 -5.67935206e-04 3.67112486e-04
1.56086958e-01 -2.65569787e-04 3.77739624e-04
1.56619430e-01 1.31738647e-04 3.73152510e-04
1.57151899e-01 8.96539817e-04 3.92259030e-04
1.57684366e-01 3.78140497e-04 3.88578982e-04
1.58216831e-01 1.63038175e-04 3.77044813e-04
1.58749293e-01 -4.06900392e-04 3.67490662e-04
1.59281752e-01 -3.72946100e-04 3.74553288e-04
1.59814209e-01 -2.06984078e-04 3.68580211e-04
1.60346664e-01 5.19134973e-04 3.73248098e-04
1.60879115e-01 -2.08864703e-04 3.75150391e-04
1.61411564e-01 -4.18472505e-04 3.74502219e-04
1.61944011e-01 -1.41367618e-04 3.92781186e-04
1.62476455e-01 3.51867927e-04 3.78533007e-04
1.63008896e-01 -4.89568515e-04 3.81546179e-04
1.63541335e-01 9.65494230e-07 3.72135511e-04
1.64073771e-01 5.28302025e-04 3.67981221e-04
1.64606204e-01 4.11951539e-05 3.57316647e-04
1.65138635e-01 5.05203789e-04 3.61345606e-04
1.65671063e-01 3.29298480e-04 3.58164465e-04
1.66203488e-01 3.39380417e-04 3.72736706e-04
1.66735910e-01 1.35857796e-04 3.58444032e-04
1.67268330e-01 -6.03443046e-05 3.61588818e-04
1.67800748e-01 -3.84817944e-04 3.48154122e-04
1.68333162e-01 -1.97294427e-04 3.56082585e-04
1.68865574e-01 -1.71867455e-04 3.51776642e-04
1.69397983e-01 5.16526081e-04 3.49498222e-04
1.69930389e-01 8.56673436e-04 3.59107546e-04
1.70462793e-01 2.14062197e-06 3.45557221e-04
1.70995194e-01 -1.55362487e-04 3.54603199e-04
1.71527592e-01 -2.29880649e-04 3.56107463e-04
1.72059987e-01 -1.95838744e-04 3.54779018e-04
1.72592380e-01 7.91716101e-06 3.62690279e-04
1.73124769e-01 -1.04175917e-04 3.44299150e-04
1.73657156e-01 -8.77573855e-04 3.45892026e-04
1.74189540e-01 2.47505337e-04 3.50104402e-04
1.74721922e-01 3.34990123e-04 3.44468360e-04
1.75254300e-01 1.11332266e-04 3.48446028e-04
1.75786676e-01 -1.29079121e-04 3.52016055e-04
1.76319049e-01 1.30629328e-04 3.52444688e-04
1.76851418e-01 -5.81277064e-04 3.43371671e-04
1.77383786e-01 6.09764799e-04 3.47781771e-04
1.77916150e-01 -1.09803280e-04 3.55799062e-04
1.78448511e-01 1.87514022e-04 3.60921688e-04
1.78980870e-01 3.50214086e-04 3.61371231e-04
1.79513225e-01 2.44582850e-05 3.57747604e-04
1.80045578e-01 3.61270778e-05 3.45290398e-04
1.80577928e-01 -2.05474913e-04 3.46714087e-04
1.81110275e-01 2.57550180e-04 3.56932922e-04
1.81642618e-01 6.08416276e-05 3.62032843e-04
1.82174959e-01 -3.27742859e-04 3.49568677e-04
1.82707297e-01 2.91667593e-04 3.55237426e-04
1.83239633e-01 -1.28889096e-04 3.46676732e-04
1.83771965e-01 -6.53364994e-04 3.52311413e-04
1.84304294e-01 2.13727901e-04 3.58618288e-04
1.84836620e-01 -3.24827155e-04 3.51492995e-04
1.85368943e-01 4.05842677e-05 3.46344041e-04
1.85901263e-01 3.27018491e-04 3.40332651e-04
1.86433581e-01 2.43457244e-04 3.43600018e-04
1.86965895e-01 -2.46084335e-04 3.33131916e-04
1.87498206e-01 5.24118093e-05 3.47780934e-04
1.88030514e-01 -3.71206919e-05 3.40293210e-04
1.88562819e-01 6.18991730e-04 3.38588286e-04
1.89095121e-01 1.56288576e-05 3.36665562e-04
1.89627420e-01 -2.37127907e-04 3.38453986e-04
1.90159716e-01 5.94149172e-05 3.37346422e-04
1.90692009e-01 3.55321648e-04 3.38853244e-04
1.91224299e-01 3.46316615e-04 3.36116604e-04
1.91756586e-01 -3.27441887e-04 3.26556924e-04
1.92288869e-01 8.49590742e-05 3.31753433e-04
1.92821150e-01 2.49022937e-04 3.31674111e-04
1.93353427e-01 -1.50379363e-05 3.37391256e-04
1.93885701e-01 4.03929375e-04 3.34530975e-04
1.94417972e-01 2.52157990e-04 3.34030184e-04
1.94950240e-01 4.74685304e-04 3.29287666e-04
1.95482505e-01 -1.71290102e-04 3.29990394e-04
1.96014767e-01 6.02212538e-04 3.27047136e-04
1.96547025e-01 4.30758240e-04 3.19586598e-04
1.97079281e-01 -1.75141348e-04 3.22596019e-04
1.97611533e-01 -1.13895564e-04 3.18327006e-04
1.98143782e-01 4.00383426e-04 3.20078243e-04
1.98676028e-01 4.69902747e-04 3.28636242e-04
1.99208270e-01 2.31692700e-04 3.19985572e-04
1.99740510e-01 1.59339246e-04 3.28347119e-04
2.00272746e-01 2.91474708e-04 3.25827401e-04
2.00804978e-01 6.61449976e-05 3.19308608e-04
2.01337208e-01 2.81372104e-05 3.17653027e-04
2.01869434e-01 6.93915202e-04 3.23992350e-04
2.02401658e-01 -9.01276048e-05 3.17425944e-04
2.02933877e-01 -2.18263118e-04 3.06909814e-04
2.03466094e-01 1.43208317e-04 3.14319747e-04
2.03998307e-01 3.08819894e-04 3.23255619e-04
2.04530517e-01 -1.55381878e-04 3.14097474e-04
2.05062724e-01 -3.11344622e-04 3.09970374e-04
2.05594927e-01 -2.04688117e-04 3.22894297e-04
2.06127127e-01 2.48647269e-04 3.09824145e-04
2.06659324e-01 -1.57994359e-04 3.13955143e-04
2.07191517e-01 -1.48322591e-04 3.05545930e-04
2.07723707e-01 2.55523872e-04 3.17990047e-04
2.08255894e-01 5.74935476e-05 3.00739279e-04
2.08788077e-01 3.93110118e-04 3.21438301e-04
2.09320257e-01 -3.96485257e-04 3.11473464e-04
2.09852434e-01 1.29841815e-04 3.06080113e-04
2.10384607e-01 2.54437036e-04 3.10223593e-04
2.10916777e-01 -1.23177662e-04 3.12209905e-04
2.11448943e-01 -3.05276968e-04 3.05158523e-04
2.11981106e-01 8.49040953e-05 3.10639753e-04
2.12513266e-01 -3.40470111e-05 3.11295517e-04
2.13045422e-01 1.87469789e-04 3.09081872e-04
2.13577575e-01 3.30866865e-05 3.04848824e-04
2.14109724e-01 2.00917328e-04 3.10974164e-04
2.14641870e-01 5.30330789e-05 3.03092136e-04
2.15174012e-01 2.89063545e-04 3.05179066e-04
2.15706151e-01 1.88157697e-04 3.06412383e-04
2.16238286e-01 6.64772006e-04 3.04776432e-04
2.16770418e-01 1.86508213e-04 3.04655231e-04
2.17302546e-01 -8.49224399e-05 3.01989714e-04
2.17834671e-01 -4.24859311e-04 2.99605693e-04
2.18366792e-01 -1.84879963e-04 2.98107929e-04
2.18898910e-01 6.43572564e-05 2.97460430e-04
2.19431024e-01 -3.20929213e-04 3.04639318e-04
2.19963135e-01 -3.95366818e-04 2.97495416e-04
2.20495242e-01 1.83944971e-04 3.04330481e-04
2.21027346e-01 -1.12810736e-04 2.99778403e-04
2.21559446e-01 3.70070485e-04 2.94512038e-04
2.22091542e-01 -8.10809372e-05 2.95980690e-04
2.22623635e-01 -6.24926543e-05 2.93341887e-04
2.23155724e-01 6.16679103e-05 3.04324309e-04
2.23687810e-01 1.34877609e-04 2.97847367e-04
2.24219892e-01 3.00171707e-04 2.98439176e-04
2.24751971e-01 -1.02413445e-04 2.97592687e-04
2.25284045e-01 4.15579927e-04 2.89696156e-04
2.25816117e-01 1.95476729e-04 2.98155646e-04
2.26348184e-01 3.39199499e-04 3.00236087e-04
2.26880248e-01 1.24721135e-04 2.91245949e-04
2.27412308e-01 2.45479781e-04 2.91875840e-04
2.27944365e-01 1.93425014e-04 2.92417827e-04
2.28476418e-01 4.02275198e-05 2.93682196e-04
2.29008467e-01 8.63631078e-05 2.94790055e-04
2.29540512e-01 2.18467716e-04 2.95939010e-04
2.30072554e-01 -2.32780375e-05 2.93553728e-04
2.30604592e-01 -2.55688745e-04 2.95925688e-04
2.31136626e-01 5.18557774e-04 2.87078959e-04
2.31668657e-01 1.52849103e-05 2.84682070e-04
2.32200684e-01 -3.09429966e-05 2.88173384e-04
2.32732707e-01 -3.31508954e-04 2.79035354e-04
2.33264726e-01 1.38066120e-04 2.87463057e-04
2.33796742e-01 1.90663837e-04 2.89455815e-04
2.34328754e-01 -6.89773534e-05 2.86212744e-04
2.34860762e-01 -1.70479850e-04 2.85472494e-04
2.35392766e-01 -1.82053111e-04 2.89897262e-04
2.35924766e-01 6.85680277e-05 2.88324463e-04
2.36456763e-01 1.22692482e-04 2.85134088e-04
2.36988756e-01 -1.86675677e-04 2.94844526e-04
2.37520745e-01 6.50452557e-04 2.85659999e-04
2.38052730e-01 5.75755626e-04 2.87701028e-04
2.38584711e-01 3.96598973e-04 2.86476421e-04
2.39116689e-01 -2.50680621e-04 2.81290753e-04
2.39648662e-01 1.97756119e-04 2.85848975e-04
2.40180632e-01 1.99533352e-05 2.83779521e-04
2.40712598e-01 8.47029615e-05 2.79471009e-04
2.41244560e-01 -4.24167109e-05 2.72956640e-04
2.41776518e-01 8.09126574e-05 2.78754427e-04
2.42308472e-01 7.91313487e-04 2.83541249e-04
2.42840423e-01 3.10894583e-04 2.82722614e-04
2.43372369e-01 3.61392160e-04 2.86058397e-04
2.43904311e-01 -5.31602912e-05 2.80249622e-04
2.44436250e-01 -2.26954820e-04 2.77316673e-04
2.44968184e-01 -2.27980181e-05 2.75856447e-04
2.45500115e-01 1.34825282e-04 2.89217435e-04
2.46032042e-01 1.54205965e-05 2.79664395e-04
2.46563964e-01 4.63050150e-05 2.75038565e-04
2.47095883e-01 2.60974045e-04 2.77430089e-04
2.47627798e-01 8.02782186e-05 2.85108313e-04
2.48159708e-01 -5.65390788e-05 2.81485876e-04
2.48691615e-01 1.05480567e-04 2.82573914e-04
2.49223518e-01 2.58735246e-04 2.76541775e-04
2.49755416e-01 1.15745232e-04 2.72069942e-04
2.50287311e-01 2.25043541e-04 2.75591474e-04
2.50819201e-01 2.28367678e-05 2.75956755e-04
2.51351088e-01 -1.52754042e-04 2.77242603e-04
2.51882971e-01 -1.52537514e-04 2.66347203e-04
2.52414849e-01 1.11258242e-04 2.75302623e-04
2.52946723e-01 -5.44524806e-04 2.70212646e-04
2.53478594e-01 6.59039339e-05 2.73500057e-04
2.54010460e-01 2.36226265e-05 2.74230659e-04
2.54542322e-01 -5.33529624e-05 2.74257268e-04
2.55074180e-01 1.84495507e-04 2.77594327e-04
2.55606034e-01 -2.38356908e-04 2.76955856e-04
2.56137883e-01 6.39959550e-04 2.76947916e-04
2.56669729e-01 4.22124002e-04 2.75813615e-04
2.57201570e-01 1.21386329e-04 2.74709091e-04
2.57733408e-01 4.88261536e-04 2.70334553e-04
2.58265241e-01 3.02919109e-04 2.73118783e-04
2.58797070e-01 4.15577110e-05 2.75086965e-04
2.59328895e-01 1.67332915e-04 2.68049357e-04
2.59860715e-01 1.52561724e-04 2.72628390e-04
2.60392532e-01 2.07890495e-05 2.70251973e-04
2.60924344e-01 2.65733499e-04 2.64388171e-04
2.61456152e-01 4.18381168e-04 2.69399649e-04
2.61987956e-01 2.66830645e-04 2.68825691e-04
2.62519755e-01 4.86990966e-04 2.71254542e-04
2.63051551e-01 -3.13986878e-05 2.65702738e-04
2.63583342e-01 4.36265329e-04 2.70075478e-04
2.64115129e-01 2.59058348e-06 2.60740929e-04
2.64646911e-01 2.70894564e-04 2.64881048e-04
2.65178690e-01 -1.36955434e-04 2.62441181e-04
2.65710464e-01 1.63103724e-04 2.67720260e-04
2.66242233e-01 2.39313694e-04 2.61532068e-04
2.66773999e-01 3.09431230e-04 2.65943706e-04
2.67305760e-01 7.52752886e-05 2.65101583e-04
2.67837517e-01 -2.49232077e-04 2.60695434e-04
2.68369269e-01 2.66797791e-04 2.60869191e-04
2.68901018e-01 2.43697758e-04 2.66639616e-04
2.69432761e-01 -2.72070647e-04 2.71749767e-04
2.69964501e-01 -2.47688009e-04 2.65526790e-04
2.70496236e-01 -4.09893268e-04 2.67110051e-04
2.71027967e-01 -2.22207239e-04 2.68629283e-04
2.71559693e-01 2.26598959e-05 2.79534351e-04
2.72091415e-01 5.20161444e-05 2.61916590e-04
2.72623133e-01 6.00955963e-05 2.67156747e-04
2.73154846e-01 -3.12125288e-04 2.69479663e-04
2.73686555e-01 -8.61790762e-06 2.76272549e-04
2.74218260e-01 -1.30546762e-04 2.74160720e-04
2.74749960e-01 4.67280753e-04 2.74889605e-04
2.75281655e-01 -2.17041617e-04 2.71001773e-04
2.75813346e-01 2.24284704e-04 2.73722132e-04
2.76345033e-01 -8.63941740e-05 2.63701146e-04
2.76876715e-01 1.00390689e-04 2.70875776e-04
2.77408393e-01 -5.44166651e-05 2.66758116e-04
2.77940066e-01 2.25191821e-04 2.66524528e-04
2.78471735e-01 1.41860831e-04 2.68348752e-04
2.79003400e-01 1.85115404e-04 2.62603905e-04
2.79535059e-01 6.07459982e-05 2.67529665e-04
2.80066715e-01 6.32505212e-05 2.56026968e-04
2.80598366e-01 1.69860055e-04 2.65512994e-04
2.81130012e-01 -1.43730219e-04 2.60811659e-04
2.81661654e-01 -1.28969097e-04 2.57676744e-04
2.82193291e-01 1.09768003e-04 2.60761746e-04
2.82724923e-01 2.23469505e-04 2.61272059e-04
2.83256552e-01 -2.15454078e-04 2.58936028e-04
2.83788175e-01 3.84125365e-04 2.59619762e-04
2.84319794e-01 -3.59297445e-06 2.53044918e-04
2.84851408e-01 1.47150689e-04 2.64663318e-04
2.85383018e-01 1.40778418e-04 2.59423124e-04
2.85914623e-01 1.17730581e-04 2.57712663e-04
2.86446224e-01 2.38634144e-04 2.54636529e-04
2.86977820e-01 1.54620863e-04 2.58749942e-04
2.87509411e-01 -1.29178245e-04 2.57053392e-04
2.88040998e-01 6.68709453e-04 2.60901538e-04
2.88572580e-01 2.67553622e-04 2.61460351e-04
2.89104157e-01 -8.81272716e-05 2.57842465e-04
2.89635730e-01 2.19011830e-04 2.57897170e-04
2.90167298e-01 2.96453601e-04 2.60318084e-04
2.90698862e-01 -2.06355147e-04 2.63053332e-04
2.91230420e-01 6.54611650e-04 2.57699783e-04
2.91761974e-01 5.19987053e-05 2.60777516e-04
2.92293524e-01 3.63701584e-04 2.72541476e-04
2.92825068e-01 1.05558811e-04 2.62955947e-04
2.93356608e-01 -2.92802715e-05 2.59256406e-04
2.93888143e-01 -1.25457460e-04 2.60898680e-04
2.94419674e-01 -2.29023774e-04 2.53245656e-04
2.94951199e-01 8.73410948e-05 2.62614060e-04
2.95482720e-01 5.05374460e-05 2.61532224e-04
2.96014236e-01 3.75144054e-04 2.60090677e-04
2.96545748e-01 2.09107766e-04 2.59037117e-04
2.97077254e-01 8.40741409e-05 2.54224454e-04
2.97608756e-01 7.92272625e-04 2.61961619e-04
2.98140253e-01 4.59037257e-04 2.49664425e-04
2.98671745e-01 2.17515128e-04 2.48098684e-04
2.99203233e-01 3.09518829e-04 2.50752318e-04
2.99734715e-01 1.79788915e-04 2.50701067e-04
3.00266193e-01 1.71662876e-04 2.49516339e-04
3.00797666e-01 2.31424968e-04 2.57331168e-04
3.01329134e-01 1.07427030e-04 2.47931841e-04
3.01860597e-01 -8.28100254e-05 2.54180726e-04
3.02392056e-01 -2.64548746e-04 2.51735795e-04
3.02923509e-01 -2.52852796e-04 2.48380177e-04
3.03454958e-01 -2.27380475e-04 2.48554816e-04
3.03986401e-01 -2.54972210e-04 2.49101567e-04
3.04517840e-01 -3.04923808e-04 2.48851338e-04
3.05049274e-01 3.98673150e-05 2.46347065e-04
3.05580703e-01 2.89653535e-04 2.48340121e-04
3.06112127e-01 5.83741470e-04 2.49015608e-04
3.06643546e-01 -1.26136514e-04 2.48684318e-04
3.07174960e-01 -1.51548387e-04 2.49109946e-04
3.07706370e-01 -1.54998589e-04 2.46479888e-04
3.08237774e-01 -6.06785803e-07 2.43275905e-04
3.08769173e-01 1.27381713e-04 2.48360437e-04
3.09300568e-01 -2.58587027e-04 2.44499523e-04
3.09831957e-01 2.82575620e-04 2.42092457e-04
3.10363341e-01 8.39428706e-05 2.45152028e-04
3.10894721e-01 -8.97359134e-05 2.47880379e-04
3.11426095e-01 -4.75532084e-05 2.49019053e-04
3.11957464e-01 1.67500006e-04 2.43442801e-04
3.12488829e-01 1.46951507e-04 2.42188500e-04
3.13020188e-01 5.28041599e-04 2.45705085e-04
3.13551542e-01 1.64116932e-04 2.44903887e-04
3.14082891e-01 3.83992386e-04 2.42938071e-04
3.14614235e-01 -9.48643280e-05 2.42601986e-04
3.15145574e-01 2.19388963e-04 2.40938454e-04
3.15676908e-01 1.72097454e-04 2.47345163e-04
3.16208237e-01 4.94383071e-04 2.41244321e-04
3.16739561e-01 1.56049556e-04 2.41994853e-04
3.17270880e-01 8.55998335e-05 2.40993917e-04
3.17802193e-01 2.32336534e-04 2.40049157e-04
3.18333502e-01 -4.49725195e-04 2.45278205e-04
3.18864805e-01 -9.35964482e-05 2.41825992e-04
3.19396103e-01 -1.81361044e-04 2.36891154e-04
3.19927396e-01 1.68174974e-04 2.43981950e-04
3.20458684e-01 3.24033678e-04 2.34613787e-04
3.20989967e-01 2.10180387e-04 2.35864124e-04
3.21521244e-01 2.44307518e-04 2.35989006e-04
3.22052517e-01 -2.77612183e-04 2.35735030e-04
3.22583784e-01 3.90476604e-04 2.37166683e-04
3.23115046e-01 1.85991142e-04 2.35551927e-04
3.23646303e-01 2.06795926e-04 2.35584626e-04
3.24177554e-01 1.58452856e-04 2.32623737e-04
3.24708801e-01 1.55487663e-04 2.37717211e-04
3.25240042e-01 -1.80397098e-04 2.32932472e-04
3.25771278e-01 -1.73716370e-04 2.33313839e-04
3.26302508e-01 2.27605841e-05 2.32195193e-04
3.26833734e-01 3.50820632e-05 2.32767267e-04
3.27364954e-01 -3.22662725e-05 2.30988726e-04
3.27896169e-01 -1.41286364e-04 2.32780514e-04
3.28427378e-01 -6.90119391e-05 2.29070316e-04
3.28958583e-01 3.92869880e-04 2.31111544e-04
3.29489782e-01 1.48824372e-04 2.30804701e-04
3.30020975e-01 1.61965779e-04 2.27910751e-04
3.30552164e-01 1.78565252e-04 2.26196267e-04
3.31083347e-01 1.55188017e-04 2.33152020e-04
3.31614524e-01 1.29022989e-04 2.31859503e-04
3.32145697e-01 -6.08119959e-05 2.35187754e-04
3.32676864e-01 -1.24587371e-04 2.32417533e-04
3.33208025e-01 1.20227994e-04 2.29114398e-04
3.33739182e-01 1.15829802e-04 2.25203159e-04
3.34270333e-01 3.07233472e-04 2.27473411e-04
3.34801478e-01 5.40214974e-04 2.28770596e-04
3.35332618e-01 2.70771501e-04 2.24886565e-04
3.35863753e-01 4.57512673e-05 2.28171241e-04
3.36394883e-01 -2.84878652e-04 2.27281359e-04
3.36926007e-01 1.85218801e-04 2.28327499e-04
3.37457125e-01 -4.33128845e-05 2.28760546e-04
3.37988238e-01 -4.00177909e-06 2.29713771e-04
3.38519346e-01 -1.78508022e-04 2.26227877e-04
3.39050448e-01 -1.94898441e-05 2.25591939e-04
3.39581545e-01 -5.88066800e-05 2.28388871e-04
3.40112636e-01 -6.17614786e-05 2.26562627e-04
3.40643722e-01 -1.37513214e-04 2.25783532e-04
3.41174802e-01 1.62386417e-04 2.25449323e-04
3.41705877e-01 6.12087843e-05 2.24851329e-04
3.42236946e-01 7.31252838e-05 2.28682611e-04
3.42768010e-01 7.45944048e-05 2.24658833e-04
3.43299068e-01 2.90068272e-04 2.25230421e-04
3.43830121e-01 6.60283284e-05 2.25799921e-04
3.44361168e-01 1.81774676e-04 2.27103162e-04
3.44892210e-01 -6.33247311e-05 2.25395559e-04
3.45423246e-01 4.85035932e-04 2.23800072e-04
3.45954277e-01 -1.12121864e-05 2.21033406e-04
3.46485302e-01 2.26922749e-04 2.26465996e-04
3.47016321e-01 9.44027249e-05 2.26059226e-04
3.47547335e-01 2.98194837e-04 2.24526003e-04
3.48078343e-01 2.78924056e-04 2.23477441e-04
3.48609346e-01 3.67327776e-04 2.24893449e-04
3.49140343e-01 1.62721269e-04 2.24576301e-04
3.49671334e-01 -5.69154148e-05 2.24098271e-04
3.50202320e-01 -4.98374564e-04 2.17063368e-04
3.50733300e-01 -1.40107093e-04 2.25571633e-04
3.51264275e-01 2.32338880e-04 2.19512403e-04
3.51795244e-01 1.65232659e-04 2.24504315e-04
3.52326207e-01 -4.68789005e-05 2.22688581e-04
3.52857164e-01 2.08336743e-04 2.22880379e-04
3.53388116e-01 7.57201010e-05 2.21351079e-04
3.53919062e-01 2.22153474e-04 2.22509899e-04
3.54450003e-01 6.74291518e-05 2.21639355e-04
3.54980938e-01 -3.37557351e-04 2.19184515e-04
3.55511867e-01 1.56242995e-04 2.21746843e-04
3.56042790e-01 -2.50393575e-04 2.17067636e-04
3.56573708e-01 -3.89326328e-05 2.22367318e-04
3.57104620e-01 2.42836098e-05 2.17043843e-04
3.57635526e-01 1.44477474e-04 2.19719937e-04
3.58166426e-01 -9.90617466e-05 2.19880147e-04
3.58697321e-01 2.46229907e-04 2.18749948e-04
3.59228210e-01 -4.10066384e-04 2.13774423e-04
3.59759093e-01 -1.37182159e-06 2.16455698e-04
3.60289970e-01 1.62212460e-04 2.16249703e-04
3.60820841e-01 -4.95630288e-05 2.14811713e-04
3.61351707e-01 -2.31662824e-04 2.12236707e-04
3.61882567e-01 -3.06056942e-04 2.15222685e-04
3.62413421e-01 6.90826351e-05 2.15951268e-04
3.62944269e-01 4.70984888e-06 2.16252910e-04
3.63475112e-01 2.75732370e-04 2.16330018e-04
3.64005948e-01 1.82989660e-04 2.18485752e-04
3.64536779e-01 1.69354305e-04 2.17009261e-04
3.65067604e-01 -2.95507343e-06 2.15431877e-04
3.65598423e-01 3.80346077e-05 2.14159901e-04
3.66129236e-01 -8.96242522e-05 2.13246147e-04
3.66660043e-01 -1.16348481e-04 2.12071423e-04
3.67190844e-01 -5.22156287e-05 2.10890666e-04
3.67721639e-01 4.60257954e-04 2.13819967e-04
3.68252429e-01 6.29394307e-05 2.13230931e-04
3.68783212e-01 7.68991283e-05 2.13048205e-04
3.69313990e-01 7.52805587e-05 2.18377827e-04
3.69844762e-01 9.15885665e-07 2.11233029e-04
3.70375527e-01 8.27762236e-05 2.12507481e-04
3.70906287e-01 2.78714676e-04 2.13779072e-04
3.71437041e-01 -5.68788127e-04 2.08994969e-04
3.71967789e-01 3.17058244e-05 2.12297736e-04
3.72498531e-01 6.92588058e-05 2.12766199e-04
3.73029266e-01 5.40793210e-05 2.09486330e-04
3.73559996e-01 -7.81361284e-05 2.09444224e-04
3.74090720e-01 6.42462906e-05 2.10623908e-04
3.74621438e-01 9.39907944e-05 2.11865884e-04
3.75152150e-01 1.63362438e-04 2.08471776e-04
3.75682855e-01 1.96346203e-04 2.11219497e-04
3.76213555e-01 -4.65790110e-04 2.12624338e-04
3.76744249e-01 -2.39746243e-04 2.10802619e-04
3.77274936e-01 3.64041666e-05 2.11825802e-04
3.77805618e-01 2.28565787e-04 2.11816275e-04
3.78336293e-01 -2.26786551e-05 2.09626119e-04
3.78866963e-01 -2.44196514e-04 2.07501966e-04
3.79397626e-01 2.39181256e-05 2.07084369e-04
3.79928283e-01 1.72799637e-04 2.10900835e-04
3.80458934e-01 1.20629068e-04 2.10430462e-04
3.80989579e-01 -1.46904457e-04 2.10903087e-04
3.81520218e-01 -1.31021277e-04 2.15064656e-04
3.82050851e-01 -1.43576723e-04 2.11181048e-04
3.82581478e-01 -3.14509104e-05 2.10050470e-04
3.83112098e-01 1.92957804e-04 2.13872271e-04
3.83642712e-01 -2.71648531e-04 2.12395251e-04
3.84173320e-01 3.60893333e-05 2.13052082e-04
3.84703922e-01 5.09505647e-05 2.12960747e-04
3.85234518e-01 3.43006433e-05 2.16262604e-04
3.85765108e-01 2.74320087e-04 2.15987459e-04
3.86295691e-01 4.64058823e-05 2.14467140e-04
3.86826268e-01 -2.32474802e-04 2.13307975e-04
3.87356839e-01 5.73316894e-05 2.14015771e-04
3.87887404e-01 -1.08619098e-04 2.08326311e-04
3.88417962e-01 3.00622334e-04 2.16969374e-04
3.88948514e-01 4.18611836e-04 2.14952969e-04
3.89479060e-01 1.45798538e-04 2.14749230e-04
3.90009600e-01 6.69136583e-05 2.11069321e-04
3.90540134e-01 9.56494777e-05 2.11749482e-04
3.91070661e-01 -9.27818539e-05 2.05835721e-04
3.91601182e-01 3.23810114e-04 2.11908104e-04
3.92131696e-01 -3.50660695e-06 2.11683394e-04
3.92662205e-01 2.99719742e-04 2.07845867e-04
3.93192707e-01 -2.84474686e-04 2.06683563e-04
3.93723202e-01 4.96762034e-05 2.13432412e-04
3.94253692e-01 1.95995044e-04 2.12902501e-04
3.94784175e-01 5.04109759e-05 2.15752172e-04
3.95314651e-01 -1.26965609e-04 2.13345124e-04
3.95845122e-01 -1.89592727e-04 2.16198891e-04
3.96375585e-01 -3.31522741e-05 2.14154475e-04
3.96906043e-01 -9.05530137e-05 2.12564408e-04
3.97436494e-01 2.49411791e-04 2.17193021e-04
3.97966939e-01 2.00177444e-04 2.14591828e-04
3.98497377e-01 3.80351651e-04 2.17395835e-04
3.99027809e-01 4.58001633e-05 2.16172350e-04
3.99558235e-01 1.47273195e-05 2.16909393e-04
4.00088654e-01 2.22569874e-05 2.13413441e-04
4.00619067e-01 -6.49321021e-05 2.14368131e-04
4.01149473e-01 -2.48537450e-04 2.11341601e-04
4.01679873e-01 2.46947808e-04 2.19723075e-04
4.02210267e-01 -3.96052527e-05 2.20243762e-04
4.02740654e-01 3.17264326e-04 2.19987282e-04
4.03271034e-01 1.92095649e-04 2.22812379e-04
4.03801408e-01 2.61566395e-05 2.21179065e-04
4.04331776e-01 3.29809377e-04 2.21505401e-04
4.04862137e-01 -1.76848060e-04 2.25224984e-04
4.05392491e-01 8.23528469e-05 2.22578543e-04
4.05922839e-01 3.39882759e-04 2.23815822e-04
4.06453181e-01 5.18865573e-05 2.25667347e-04
4.06983516e-01 -3.14869383e-04 2.19682444e-04
4.07513844e-01 -1.63333619e-05 2.24531002e-04
4.08044166e-01 6.38231971e-05 2.30529916e-04
4.08574481e-01 5.10120243e-05 2.33035951e-04
4.09104790e-01 5.31504154e-05 2.26754814e-04
4.09635092e-01 6.37356042e-05 2.27910035e-04
4.10165388e-01 -2.34457744e-04 2.26161263e-04
4.10695677e-01 -1.70818301e-04 2.32299721e-04
4.11225960e-01 1.88673645e-04 2.51283052e-04
4.11756235e-01 -1.92628372e-04 2.59989362e-04
4.12286505e-01 3.02107742e-04 2.74794003e-04
4.12816767e-01 2.94109745e-04 2.88647771e-04
4.13347023e-01 2.58054675e-04 3.08713964e-04
4.13877273e-01 3.20976367e-04 3.22449938e-04
4.14407515e-01 1.23874920e-04 3.30140144e-04
4.14937751e-01 -1.25405478e-04 3.36779069e-04
4.15467981e-01 -1.51764632e-04 3.45257189e-04
4.15998203e-01 -3.75032741e-04 3.55867313e-04
4.16528419e-01 -1.16467152e-03 3.34372507e-04
4.17058629e-01 -8.70984079e-05 3.52794316e-04
4.17588831e-01 -1.30027716e-04 3.55236446e-04
4.18119027e-01 -2.41430584e-04 3.81003217e-04
4.18649217e-01 4.78888754e-04 5.25102884e-04
4.19179399e-01 6.62212179e-05 1.44862963e-03
