7.45980241e-03 1.31951926e-01 3.36320080e-02
7.99264482e-03 1.39905394e-01 2.02818590e-02
8.52548709e-03 1.40818190e-01 1.58313480e-02
9.05832923e-03 1.42174369e-01 1.29226697e-02
9.59117122e-03 1.44707710e-01 1.12567466e-02
1.01240131e-02 1.49478577e-01 8.93023154e-03
1.06568547e-02 1.44104016e-01 8.05094996e-03
1.11896962e-02 1.48691730e-01 6.04373542e-03
1.17225375e-02 1.55157401e-01 4.84035026e-03
1.22553787e-02 1.50379166e-01 4.24554837e-03
1.27882196e-02 1.51899317e-01 3.49594920e-03
1.33210603e-02 1.46344736e-01 2.99178281e-03
1.38539008e-02 1.48188943e-01 2.97045943e-03
1.43867411e-02 1.55799907e-01 2.92312746e-03
1.49195812e-02 1.56431887e-01 2.74303151e-03
1.54524210e-02 1.53580273e-01 2.54667561e-03
1.59852605e-02 1.54896952e-01 2.72232610e-03
1.65180998e-02 1.52824367e-01 2.55826115e-03
1.70509389e-02 1.53697273e-01 2.43596605e-03
1.75837776e-02 1.58136225e-01 2.42039659e-03
1.81166161e-02 1.54429368e-01 2.43464804e-03
1.86494543e-02 1.52183934e-01 2.14210980e-03
1.91822922e-02 1.47277320e-01 2.01781965e-03
1.97151297e-02 1.50242313e-01 2.05361927e-03
2.02479670e-02 1.46620145e-01 2.01575109e-03
2.07808039e-02 1.47809013e-01 2.09822716e-03
2.13136405e-02 1.48780589e-01 2.03838642e-03
2.18464767e-02 1.46302714e-01 1.95678799e-03
2.23793126e-02 1.46983302e-01 1.99530820e-03
2.29121481e-02 1.47161590e-01 1.83849803e-03
2.34449833e-02 1.45254515e-01 1.68246147e-03
2.39778181e-02 1.42427364e-01 1.78985332e-03
2.45106524e-02 1.42266385e-01 1.73868817e-03
2.50434864e-02 1.36522047e-01 1.67618244e-03
2.55763200e-02 1.36482931e-01 1.70532549e-03
2.61091532e-02 1.33303992e-01 1.70279227e-03
2.66419859e-02 1.32787018e-01 1.68267166e-03
2.71748182e-02 1.33936845e-01 1.58466279e-03
2.77076501e-02 1.32342647e-01 1.58472440e-03
2.82404815e-02 1.32143324e-01 1.47569704e-03
2.87733125e-02 1.29141135e-01 1.69356153e-03
2.93061430e-02 1.25471183e-01 1.49811135e-03
2.98389731e-02 1.26312077e-01 1.64276100e-03
3.03718026e-02 1.24952591e-01 1.50678495e-03
3.09046317e-02 1.21593836e-01 1.58636146e-03
3.14374602e-02 1.22579846e-01 1.46709697e-03
3.19702883e-02 1.18581462e-01 1.46257851e-03
3.25031158e-02 1.15091080e-01 1.39480874e-03
3.30359428e-02 1.16585028e-01 1.36281487e-03
3.35687693e-02 1.15710412e-01 1.35657321e-03
3.41015952e-02 1.11582598e-01 1.32752297e-03
3.46344206e-02 1.08143940e-01 1.29221045e-03
3.51672454e-02 1.10179729e-01 1.25386195e-03
3.57000696e-02 1.06579798e-01 1.31536486e-03
3.62328933e-02 1.06423146e-01 1.26490712e-03
3.67657164e-02 1.05690956e-01 1.27366215e-03
3.72985389e-02 1.02220628e-01 1.28498261e-03
3.78313608e-02 1.01437975e-01 1.26563675e-03
3.83641820e-02 9.95699059e-02 1.17764713e-03
3.88970027e-02 9.88736847e-02 1.23223257e-03
3.94298227e-02 9.63757941e-02 1.29851980e-03
3.99626421e-02 9.56611319e-02 1.20296660e-03
4.04954608e-02 9.26789695e-02 1.20119477e-03
4.10282789e-02 9.30315988e-02 1.21021537e-03
4.15610963e-02 9.00092052e-02 1.19947240e-03
4.20939131e-02 8.87718861e-02 1.17700420e-03
4.26267291e-02 8.49021275e-02 1.17298942e-03
4.31595445e-02 8.47338868e-02 1.16362738e-03
4.36923592e-02 8.47762984e-02 1.16723629e-03
4.42251732e-02 8.12435571e-02 1.11924879e-03
4.47579864e-02 8.14976401e-02 1.23125079e-03
4.52907989e-02 8.12074687e-02 1.20878052e-03
4.58236107e-02 7.89593446e-02 1.19424343e-03
4.63564218e-02 7.63771362e-02 1.18955090e-03
4.68892321e-02 7.34580355e-02 1.13720095e-03
4.74220417e-02 7.28620968e-02 1.07406644e-03
4.79548504e-02 7.13062642e-02 1.02166973e-03
4.84876584e-02 7.21083857e-02 1.06160402e-03
4.90204657e-02 6.90770849e-02 1.13441078e-03
4.95532721e-02 6.70129995e-02 1.05521075e-03
5.00860777e-02 6.44848289e-02 1.05391090e-03
5.06188825e-02 6.60613154e-02 9.77816319e-04
5.11516865e-02 6.41816632e-02 1.01510819e-03
5.16844897e-02 6.17643144e-02 1.00078743e-03
5.22172920e-02 6.08675087e-02 1.01149168e-03
5.27500935e-02 6.01535128e-02 9.60887696e-04
5.32828941e-02 5.82620510e-02 9.45212972e-04
5.38156939e-02 5.57830396e-02 9.37097674e-04
5.43484928e-02 5.45117302e-02 9.53947858e-04
5.48812908e-02 5.30989981e-02 9.00525460e-04
5.54140880e-02 5.24602832e-02 8.84294644e-04
5.59468842e-02 5.26741772e-02 9.14087238e-04
5.64796795e-02 5.20542917e-02 8.95621653e-04
5.70124739e-02 4.92664773e-02 8.63020972e-04
5.75452674e-02 4.73690613e-02 8.70591548e-04
5.80780600e-02 4.49461174e-02 8.55142345e-04
5.86108516e-02 4.55812815e-02 8.56033527e-04
5.91436423e-02 4.35167533e-02 8.08843781e-04
5.96764320e-02 4.41876904e-02 7.64120286e-04
6.02092208e-02 4.09269633e-02 7.55896573e-04
6.07420086e-02 4.08465431e-02 7.74132978e-04
6.12747953e-02 3.92397612e-02 7.68527896e-04
6.18075812e-02 3.69156354e-02 7.46929004e-04
6.23403660e-02 3.70888141e-02 8.00702059e-04
6.28731498e-02 3.54153281e-02 7.88270600e-04
6.34059325e-02 3.62105826e-02 7.78910363e-04
6.39387143e-02 3.33807800e-02 7.40492560e-04
6.44714950e-02 3.14019154e-02 7.59371748e-04
6.50042747e-02 3.15099606e-02 7.85325112e-04
6.55370533e-02 3.10869234e-02 7.77858662e-04
6.60698309e-02 2.90673884e-02 7.43204383e-04
6.66026074e-02 2.94879544e-02 7.41692028e-04
6.71353828e-02 2.87512931e-02 7.44208891e-04
6.76681571e-02 2.67652644e-02 7.01855021e-04
6.82009304e-02 2.62674648e-02 7.22638979e-04
6.87337025e-02 2.57235526e-02 7.12512576e-04
6.92664735e-02 2.39834879e-02 7.18512403e-04
6.97992434e-02 2.44347079e-02 7.09766111e-04
7.03320122e-02 2.38018530e-02 7.08475397e-04
7.08647798e-02 2.29744340e-02 7.01263496e-04
7.13975463e-02 2.17773405e-02 7.05068596e-04
7.19303116e-02 2.20437042e-02 6.94417153e-04
7.24630758e-02 1.90323246e-02 7.03055871e-04
7.29958388e-02 1.93310352e-02 6.78388247e-04
7.35286006e-02 1.82496307e-02 6.73518615e-04
7.40613612e-02 1.92616959e-02 6.42386001e-04
7.45941207e-02 1.72540592e-02 6.33024993e-04
7.51268789e-02 1.76457847e-02 6.34036515e-04
7.56596359e-02 1.63575439e-02 6.45908565e-04
7.61923917e-02 1.63163631e-02 6.34397925e-04
7.67251462e-02 1.57705727e-02 6.26472875e-04
7.72578995e-02 1.43449790e-02 6.20480513e-04
7.77906516e-02 1.41921865e-02 6.19226874e-04
7.83234024e-02 1.33896631e-02 5.87309510e-04
7.88561519e-02 1.32404553e-02 6.01753623e-04
7.93889002e-02 1.15287589e-02 6.07269800e-04
7.99216472e-02 1.22751245e-02 6.01240476e-04
8.04543928e-02 1.19936416e-02 5.89947396e-04
8.09871372e-02 1.13870430e-02 5.48508236e-04
8.15198803e-02 1.04282903e-02 5.57437414e-04
8.20526220e-02 1.11846603e-02 5.60802374e-04
8.25853624e-02 9.05356369e-03 5.62217655e-04
8.31181015e-02 9.18814182e-03 5.70047538e-04
8.36508393e-02 8.31567146e-03 5.58359942e-04
8.41835757e-02 8.47734472e-03 5.53155512e-04
8.47163107e-02 7.38566118e-03 5.45343945e-04
8.52490443e-02 7.86708412e-03 5.42323097e-04
8.57817766e-02 7.90462427e-03 5.31091714e-04
8.63145075e-02 6.39271975e-03 5.28815357e-04
8.68472370e-02 6.01090928e-03 5.03174251e-04
8.73799651e-02 6.20228282e-03 5.35393099e-04
8.79126918e-02 5.76762254e-03 5.25080718e-04
8.84454170e-02 6.71957618e-03 5.39452322e-04
8.89781408e-02 4.99748007e-03 5.23255006e-04
8.95108632e-02 5.08008970e-03 5.32250782e-04
9.00435842e-02 4.78756227e-03 5.24202491e-04
9.05763036e-02 4.88063786e-03 5.03457736e-04
9.11090217e-02 4.20143352e-03 5.13997974e-04
9.16417382e-02 3.58327482e-03 5.02570922e-04
9.21744532e-02 4.19462592e-03 5.07348026e-04
9.27071668e-02 3.99643642e-03 4.98018762e-04
9.32398789e-02 3.56789499e-03 4.99861347e-04
9.37725894e-02 3.34061733e-03 5.07057266e-04
9.43052985e-02 3.55615090e-03 4.94686722e-04
9.48380060e-02 2.54062747e-03 4.81338769e-04
9.53707120e-02 2.42396834e-03 4.93728239e-04
9.59034164e-02 2.65706385e-03 4.66077303e-04
9.64361193e-02 3.01195352e-03 4.57353303e-04
9.69688206e-02 2.32958836e-03 4.72106998e-04
9.75015204e-02 1.78581315e-03 4.70474141e-04
9.80342186e-02 1.73133683e-03 4.79437163e-04
9.85669152e-02 2.03431940e-03 4.69713446e-04
9.90996102e-02 2.41349929e-03 4.63569769e-04
9.96323036e-02 1.94247793e-03 4.63184657e-04
1.00164995e-01 1.27235546e-03 4.45789156e-04
1.00697686e-01 2.15510659e-03 4.59080768e-04
1.01230374e-01 1.14198702e-03 4.47069322e-04
1.01763061e-01 1.82334616e-03 4.58106833e-04
1.02295746e-01 1.74916297e-03 4.41918197e-04
1.02828430e-01 1.12775316e-03 4.40745696e-04
1.03361112e-01 4.25143330e-04 4.42944096e-04
1.03893792e-01 3.70809187e-04 4.49713819e-04
1.04426471e-01 8.34556937e-04 4.57595054e-04
1.04959148e-01 1.68989457e-03 4.43436959e-04
1.05491823e-01 1.84890197e-03 4.47132112e-04
1.06024496e-01 1.35501956e-03 4.50607633e-04
1.06557168e-01 1.34865843e-03 4.34724387e-04
1.07089838e-01 1.63916764e-03 4.42446021e-04
1.07622506e-01 4.33793133e-04 4.36820237e-04
1.08155173e-01 5.91100717e-04 4.36382110e-04
1.08687838e-01 1.97043041e-03 4.34968745e-04
1.09220501e-01 1.46573915e-03 4.44571001e-04
1.09753162e-01 9.55324462e-04 4.29709950e-04
1.10285822e-01 7.14782728e-04 4.28835105e-04
1.10818479e-01 8.88876836e-04 4.31274859e-04
1.11351135e-01 1.21145938e-03 4.24188807e-04
1.11883790e-01 3.05475335e-04 4.34408569e-04
1.12416442e-01 7.65482762e-04 4.35105272e-04
1.12949092e-01 6.24324026e-04 4.27080024e-04
1.13481741e-01 8.13948477e-04 4.32170225e-04
1.14014388e-01 1.10185129e-03 4.23203163e-04
1.14547033e-01 5.61191749e-04 4.22111477e-04
1.15079676e-01 1.38533258e-03 4.35869058e-04
1.15612318e-01 8.83838281e-04 4.41967085e-04
1.16144957e-01 3.91514374e-04 4.18596754e-04
1.16677595e-01 1.48200684e-03 4.16918541e-04
1.17210230e-01 2.03902776e-03 4.13494180e-04
1.17742864e-01 1.08226703e-03 4.28635301e-04
1.18275496e-01 1.03209554e-03 4.22118069e-04
1.18808126e-01 2.52783411e-04 4.30702480e-04
1.19340754e-01 2.12283277e-04 4.11908629e-04
1.19873380e-01 7.11905586e-04 4.21767332e-04
1.20406004e-01 1.20717461e-03 4.23980147e-04
1.20938626e-01 9.94045726e-04 4.12954051e-04
1.21471247e-01 9.01209067e-04 4.09003468e-04
1.22003865e-01 9.95351285e-04 4.20061199e-04
1.22536481e-01 6.63143970e-04 4.06439329e-04
1.23069096e-01 1.30454146e-03 4.01677174e-04
1.23601708e-01 8.41768382e-04 3.99529281e-04
1.24134318e-01 1.95765477e-04 3.92594005e-04
1.24666927e-01 3.91622524e-04 3.93719479e-04
1.25199533e-01 9.15723102e-04 4.02801141e-04
1.25732137e-01 7.70464654e-04 4.11027195e-04
1.26264740e-01 5.32279297e-04 4.08449850e-04
1.26797340e-01 4.58423186e-04 4.03956705e-04
1.27329938e-01 1.34172343e-03 4.13625090e-04
1.27862534e-01 2.77224865e-04 3.95319963e-04
1.28395128e-01 8.08648895e-05 4.06452159e-04
1.28927720e-01 1.28352206e-03 4.09059826e-04
1.29460310e-01 1.43428736e-03 4.04767862e-04
1.29992898e-01 1.33101571e-03 4.11635454e-04
1.30525484e-01 1.18009184e-03 4.17909155e-04
1.31058067e-01 1.37073546e-03 4.08293153e-04
1.31590649e-01 1.01502833e-03 4.10553572e-04
1.32123228e-01 1.70743205e-03 4.24653374e-04
1.32655805e-01 1.96921192e-03 4.19651696e-04
1.33188380e-01 1.80060628e-03 4.19901869e-04
1.33720953e-01 1.11499588e-03 4.01822259e-04
1.34253524e-01 9.84395453e-04 4.11341372e-04
1.34786093e-01 1.18456585e-03 4.02973123e-04
1.35318659e-01 6.66684062e-04 3.84990907e-04
1.35851223e-01 7.84142961e-04 3.92567621e-04
1.36383785e-01 6.12023073e-04 3.90368580e-04
1.36916345e-01 1.56281973e-03 4.04896394e-04
1.37448903e-01 1.63715198e-03 3.92124048e-04
1.37981458e-01 1.58119426e-03 3.78324818e-04
1.38514011e-01 1.18949177e-03 3.99286926e-04
1.39046562e-01 1.04103980e-03 3.90079420e-04
1.39579111e-01 1.67373700e-03 3.95862201e-04
1.40111657e-01 1.18094012e-03 3.89168886e-04
1.40644201e-01 1.35301863e-03 3.95225049e-04
1.41176743e-01 6.87673003e-04 3.81309268e-04
1.41709283e-01 1.40817322e-03 3.85169197e-04
1.42241820e-01 1.23286402e-03 3.78543047e-04
1.42774355e-01 1.19711289e-03 3.98900131e-04
1.43306888e-01 1.94131040e-03 3.75286019e-04
1.43839418e-01 1.54582738e-03 3.86320722e-04
1.44371946e-01 1.84715757e-03 3.78156207e-04
1.44904472e-01 6.29551278e-04 3.93791277e-04
1.45436995e-01 7.37824982e-04 3.89754806e-04
1.45969516e-01 9.22130518e-04 3.84033367e-04
1.46502035e-01 5.05881849e-04 3.70735686e-04
1.47034551e-01 6.62492933e-04 3.65780693e-04
1.47567065e-01 1.29446650e-03 3.71573998e-04
1.48099577e-01 2.51188980e-03 3.81275409e-04
1.48632086e-01 9.22930776e-04 3.74813123e-04
1.49164593e-01 7.37529835e-04 3.74478717e-04
1.49697097e-01 6.66797828e-04 3.74874138e-04
1.50229599e-01 9.68447420e-04 3.69014744e-04
1.50762098e-01 1.01340460e-03 3.69767189e-04
1.51294595e-01 1.12965304e-03 3.61228252e-04
1.51827090e-01 9.68134850e-04 3.63489219e-04
1.52359582e-01 6.13876681e-04 3.60314193e-04
1.52892072e-01 1.16277803e-03 3.68174340e-04
1.53424559e-01 1.40139650e-03 3.68794663e-04
1.53957044e-01 1.18779414e-03 3.66152913e-04
1.54489526e-01 1.14793308e-03 3.73142391e-04
1.55022006e-01 1.19833754e-03 3.74316004e-04
1.55554483e-01 6.30852894e-04 3.65900441e-04
1.56086958e-01 6.27623550e-04 3.62934316e-04
1.56619430e-01 5.26900686e-04 3.80964574e-04
1.57151899e-01 3.45233917e-04 3.72690598e-04
1.57684366e-01 1.13008942e-03 3.76613265e-04
1.58216831e-01 7.50770309e-04 3.73494389e-04
1.58749293e-01 5.49230706e-04 3.78432062e-04
1.59281752e-01 5.04837991e-04 3.65378273e-04
1.59814209e-01 1.24709896e-03 3.85860816e-04
1.60346664e-01 5.57655639e-04 3.62410452e-04
1.60879115e-01 1.37643477e-03 3.72841690e-04
1.61411564e-01 9.27633549e-04 3.76078816e-04
1.61944011e-01 4.17504397e-04 3.76190743e-04
1.62476455e-01 3.68588740e-04 3.88990327e-04
1.63008896e-01 6.08619350e-04 3.72735792e-04
1.63541335e-01 6.00516728e-04 3.76532012e-04
1.64073771e-01 9.00921781e-04 3.60602440e-04
1.64606204e-01 7.02266462e-04 3.61528189e-04
1.65138635e-01 4.56111889e-04 3.58455552e-04
1.65671063e-01 7.89397337e-04 3.59861273e-04
1.66203488e-01 -1.06487048e-05 3.52121807e-04
1.66735910e-01 7.78500576e-06 3.46428448e-04
1.67268330e-01 5.37425547e-04 3.53764128e-04
1.67800748e-01 3.60324225e-04 3.55236316e-04
1.68333162e-01 4.09932507e-04 3.52563112e-04
1.68865574e-01 9.61781870e-04 3.58988089e-04
1.69397983e-01 7.03695119e-04 3.48568219e-04
1.69930389e-01 4.77150812e-04 3.52690542e-04
1.70462793e-01 7.77195135e-04 3.50740089e-04
1.70995194e-01 7.14831620e-04 3.48502113e-04
1.71527592e-01 2.97482619e-04 3.38343447e-04
1.72059987e-01 5.42699833e-04 3.48414549e-04
1.72592380e-01 6.18104222e-05 3.41297097e-04
1.73124769e-01 4.81602838e-04 3.41571085e-04
1.73657156e-01 3.10547935e-04 3.51195676e-04
1.74189540e-01 4.57381675e-04 3.37997438e-04
1.74721922e-01 4.59708869e-04 3.48517382e-04
1.75254300e-01 4.07378685e-05 3.38554507e-04
1.75786676e-01 2.79192893e-04 3.46471440e-04
1.76319049e-01 8.81217369e-05 3.51635500e-04
1.76851418e-01 2.24494129e-04 3.32698261e-04
1.77383786e-01 1.65090176e-04 3.51069029e-04
1.77916150e-01 2.34232517e-04 3.47549780e-04
1.78448511e-01 1.67127789e-04 3.43483211e-04
1.78980870e-01 2.57184867e-04 3.48597122e-04
1.79513225e-01 3.20357599e-04 3.54905135e-04
1.80045578e-01 -2.29933161e-04 3.54285491e-04
1.80577928e-01 3.20165327e-04 3.42643853e-04
1.81110275e-01 8.92310854e-04 3.55628190e-04
1.81642618e-01 4.60987655e-04 3.44593787e-04
1.82174959e-01 8.31142008e-04 3.42651592e-04
1.82707297e-01 -2.04290261e-04 3.49886506e-04
1.83239633e-01 6.27088541e-04 3.55838332e-04
1.83771965e-01 8.31243544e-05 3.44275505e-04
1.84304294e-01 2.56079983e-04 3.42432466e-04
1.84836620e-01 -1.82760905e-04 3.41311455e-04
1.85368943e-01 5.39868570e-04 3.43420020e-04
1.85901263e-01 -1.12774668e-04 3.46437538e-04
1.86433581e-01 4.09171375e-04 3.37179655e-04
1.86965895e-01 2.49205537e-04 3.32943376e-04
1.87498206e-01 4.16013918e-04 3.38523013e-04
1.88030514e-01 5.78906429e-04 3.35868358e-04
1.88562819e-01 1.62471325e-04 3.29004096e-04
1.89095121e-01 5.00572868e-04 3.32885339e-04
1.89627420e-01 -1.11886680e-04 3.31587079e-04
1.90159716e-01 -1.47111328e-04 3.18299824e-04
1.90692009e-01 1.71469145e-04 3.23450727e-04
1.91224299e-01 -8.75186821e-05 3.26698537e-04
1.91756586e-01 -2.98634309e-05 3.26991110e-04
1.92288869e-01 -5.70150927e-04 3.31534190e-04
1.92821150e-01 -2.28699104e-04 3.31532207e-04
1.93353427e-01 4.01006739e-04 3.40051371e-04
1.93885701e-01 1.19339733e-04 3.29741631e-04
1.94417972e-01 1.87985980e-04 3.27106956e-04
1.94950240e-01 1.34011582e-04 3.30331949e-04
1.95482505e-01 -3.27758825e-04 3.24486494e-04
1.96014767e-01 -1.59924707e-06 3.19763211e-04
1.96547025e-01 5.48516982e-04 3.16147393e-04
1.97079281e-01 1.49330081e-04 3.21760353e-04
1.97611533e-01 4.86511183e-04 3.12708606e-04
1.98143782e-01 -4.57877276e-04 3.16726543e-04
1.98676028e-01 -5.03630955e-04 3.11730793e-04
1.99208270e-01 -2.66241679e-04 3.13316494e-04
1.99740510e-01 -1.99607437e-05 3.16813897e-04
2.00272746e-01 -9.86900157e-05 3.05693852e-04
2.00804978e-01 1.60082772e-04 3.13743896e-04
2.01337208e-01 1.23437194e-05 3.11946462e-04
2.01869434e-01 5.72075401e-05 3.09265296e-04
2.02401658e-01 1.32833884e-05 3.13990537e-04
2.02933877e-01 1.13573542e-04 3.14291173e-04
2.03466094e-01 4.96681936e-04 3.12228141e-04
2.03998307e-01 -2.46076086e-04 3.14218267e-04
2.04530517e-01 1.47357033e-05 3.10164665e-04
2.05062724e-01 1.69934496e-04 3.17302650e-04
2.05594927e-01 -2.83612984e-04 3.07855315e-04
2.06127127e-01 3.71783371e-04 3.06714898e-04
2.06659324e-01 2.85696171e-05 3.01520731e-04
2.07191517e-01 5.86701668e-04 3.11471015e-04
2.07723707e-01 -6.61416470e-04 3.06910177e-04
2.08255894e-01 2.21524472e-04 3.08668697e-04
2.08788077e-01 4.83392245e-04 3.04894061e-04
2.09320257e-01 2.21843698e-04 3.05466914e-04
2.09852434e-01 2.03520608e-04 3.08916997e-04
2.10384607e-01 6.40869449e-04 3.05097370e-04
2.10916777e-01 9.91581277e-05 3.02924414e-04
2.11448943e-01 4.78802419e-04 3.06320371e-04
2.11981106e-01 4.16937056e-04 3.09234558e-04
2.12513266e-01 3.43634219e-04 3.02938799e-04
2.13045422e-01 5.59189070e-04 3.05219188e-04
2.13577575e-01 -5.00846938e-05 3.00464148e-04
2.14109724e-01 -2.31139060e-04 3.00787245e-04
2.14641870e-01 -1.26821947e-04 2.99448775e-04
2.15174012e-01 5.08236681e-04 2.99722979e-04
2.15706151e-01 7.20002745e-05 2.99866427e-04
2.16238286e-01 5.89559881e-04 2.92288695e-04
2.16770418e-01 3.46140170e-04 2.97604079e-04
2.17302546e-01 5.01345531e-04 3.00812213e-04
2.17834671e-01 -2.63260561e-04 2.96442607e-04
2.18366792e-01 1.50450309e-04 2.92320179e-04
2.18898910e-01 2.38712905e-04 2.97294197e-04
2.19431024e-01 1.93246627e-04 3.00001267e-04
2.19963135e-01 4.87774790e-04 2.89442256e-04
2.20495242e-01 1.04370459e-03 2.99347564e-04
2.21027346e-01 6.30467913e-04 2.93271531e-04
2.21559446e-01 1.83940093e-04 2.90195545e-04
2.22091542e-01 2.96992362e-04 2.93610608e-04
2.22623635e-01 3.43453290e-04 2.96603592e-04
2.23155724e-01 3.45943666e-04 2.97856651e-04
2.23687810e-01 -4.40563485e-05 2.94259926e-04
2.24219892e-01 3.90121901e-04 2.97880438e-04
2.24751971e-01 -2.67242413e-04 2.92237342e-04
2.25284045e-01 6.30582399e-04 2.87781180e-04
2.25816117e-01 2.09824554e-04 2.87973687e-04
2.26348184e-01 7.20078511e-05 2.86216637e-04
2.26880248e-01 2.48960454e-04 2.91578171e-04
2.27412308e-01 -4.20940244e-04 2.88854594e-04
2.27944365e-01 2.09479618e-04 2.87961393e-04
2.28476418e-01 -5.56573876e-05 2.87397395e-04
2.29008467e-01 1.81270703e-04 2.80743115e-04
2.29540512e-01 5.63461299e-04 2.85281106e-04
2.30072554e-01 8.78210299e-05 2.84001331e-04
2.30604592e-01 3.25497309e-06 2.88517132e-04
2.31136626e-01 -9.24677251e-05 2.81096618e-04
2.31668657e-01 1.79304609e-04 2.84684076e-04
2.32200684e-01 8.82909779e-04 2.81047402e-04
2.32732707e-01 -3.00311219e-04 2.80047319e-04
2.33264726e-01 6.55461900e-04 2.83211956e-04
2.33796742e-01 7.15326315e-04 2.82941915e-04
2.34328754e-01 6.60373748e-04 2.82071310e-04
2.34860762e-01 3.36531027e-04 2.84216050e-04
2.35392766e-01 5.00001844e-04 2.81964504e-04
2.35924766e-01 -1.62021100e-04 2.78442411e-04
2.36456763e-01 4.45652192e-04 2.85743885e-04
2.36988756e-01 7.19021886e-04 2.84853129e-04
2.37520745e-01 2.39474591e-04 2.79574623e-04
2.38052730e-01 2.30702825e-04 2.77672324e-04
2.38584711e-01 3.51527155e-04 2.88670232e-04
2.39116689e-01 -1.67312792e-04 2.84084845e-04
2.39648662e-01 3.12023864e-04 2.79476143e-04
2.40180632e-01 3.25425494e-04 2.77751530e-04
2.40712598e-01 5.99861628e-04 2.80987287e-04
2.41244560e-01 -8.00680971e-05 2.77735443e-04
2.41776518e-01 4.45695634e-04 2.81970627e-04
2.42308472e-01 2.33359962e-04 2.75708270e-04
2.42840423e-01 -8.08240676e-05 2.75180165e-04
2.43372369e-01 2.61206213e-04 2.76743555e-04
2.43904311e-01 3.61784970e-04 2.83389233e-04
2.44436250e-01 4.70782186e-04 2.80841871e-04
2.44968184e-01 1.70206023e-04 2.77847109e-04
2.45500115e-01 2.44730979e-04 2.75048932e-04
2.46032042e-01 -3.84557365e-05 2.79033410e-04
2.46563964e-01 4.51601991e-04 2.71991413e-04
2.47095883e-01 1.81964537e-04 2.75957834e-04
2.47627798e-01 -2.68733103e-04 2.70089315e-04
2.48159708e-01 1.03127454e-04 2.74861303e-04
2.48691615e-01 3.12316839e-04 2.70896029e-04
2.49223518e-01 -8.67223357e-05 2.70478786e-04
2.49755416e-01 2.19487095e-04 2.71144192e-04
2.50287311e-01 -1.53370703e-04 2.73665555e-04
2.50819201e-01 -2.83198939e-05 2.75565642e-04
2.51351088e-01 -4.93826819e-05 2.68223813e-04
2.51882971e-01 -1.47106834e-04 2.74128155e-04
2.52414849e-01 8.78064502e-05 2.73207090e-04
2.52946723e-01 1.08502999e-04 2.66561940e-04
2.53478594e-01 -1.18720191e-04 2.71496983e-04
2.54010460e-01 2.51584749e-04 2.68945808e-04
2.54542322e-01 2.12501330e-04 2.68926359e-04
2.55074180e-01 1.90093358e-04 2.64400814e-04
2.55606034e-01 4.45935389e-04 2.68256868e-04
2.56137883e-01 3.02298045e-04 2.65452636e-04
2.56669729e-01 5.19863656e-05 2.68232455e-04
2.57201570e-01 -1.86922829e-04 2.68325436e-04
2.57733408e-01 4.37274344e-04 2.65577099e-04
2.58265241e-01 -1.74528871e-04 2.65517587e-04
2.58797070e-01 2.32339327e-05 2.65313986e-04
2.59328895e-01 -9.31540830e-05 2.65657755e-04
2.59860715e-01 -1.69708625e-04 2.63568136e-04
2.60392532e-01 -5.00929072e-05 2.66282934e-04
2.60924344e-01 -5.33353882e-05 2.63688765e-04
2.61456152e-01 -1.05919058e-04 2.66997355e-04
2.61987956e-01 4.70435343e-04 2.69634635e-04
2.62519755e-01 1.04424078e-04 2.61209575e-04
2.63051551e-01 9.70083771e-04 2.65598751e-04
2.63583342e-01 3.99930479e-04 2.60754381e-04
2.64115129e-01 2.83159908e-04 2.67108223e-04
2.64646911e-01 2.42986085e-04 2.58749473e-04
2.65178690e-01 1.43815153e-04 2.60869001e-04
2.65710464e-01 1.74881468e-04 2.60796826e-04
2.66242233e-01 -1.57937874e-04 2.62740955e-04
2.66773999e-01 -2.10173523e-05 2.55562670e-04
2.67305760e-01 1.08623581e-04 2.65262921e-04
2.67837517e-01 -7.86335182e-05 2.58433415e-04
2.68369269e-01 -1.86082211e-04 2.60262738e-04
2.68901018e-01 2.59371271e-04 2.61176782e-04
2.69432761e-01 1.18437261e-04 2.59916585e-04
2.69964501e-01 7.01458096e-06 2.67902137e-04
2.70496236e-01 -1.77133854e-04 2.69780532e-04
2.71027967e-01 -1.23481461e-04 2.60757977e-04
2.71559693e-01 4.32845729e-05 2.65077939e-04
2.72091415e-01 9.59570208e-05 2.67581060e-04
2.72623133e-01 -2.31420300e-04 2.65929107e-04
2.73154846e-01 -1.03654906e-04 2.61886466e-04
2.73686555e-01 5.55430700e-06 2.63028610e-04
2.74218260e-01 -5.06170114e-04 2.59177115e-04
2.74749960e-01 -2.36468874e-04 2.66149194e-04
2.75281655e-01 1.36397235e-04 2.68664300e-04
2.75813346e-01 3.12251892e-04 2.73609266e-04
2.76345033e-01 1.65636042e-04 2.61887900e-04
2.76876715e-01 4.08854052e-04 2.65756320e-04
2.77408393e-01 -5.86356310e-04 2.57256683e-04
2.77940066e-01 3.81246847e-04 2.59984980e-04
2.78471735e-01 3.76885195e-04 2.58365540e-04
2.79003400e-01 4.28711300e-05 2.56896919e-04
2.79535059e-01 9.08570075e-06 2.59815581e-04
2.80066715e-01 3.11101937e-05 2.62076332e-04
2.80598366e-01 -2.29830329e-05 2.54463739e-04
2.81130012e-01 -1.94129556e-05 2.57726376e-04
2.81661654e-01 -1.59442043e-04 2.54339811e-04
2.82193291e-01 -2.14177864e-04 2.51365848e-04
2.82724923e-01 -4.13074712e-04 2.58118971e-04
2.83256552e-01 -3.40977609e-05 2.52147366e-04
2.83788175e-01 5.07128434e-04 2.54103721e-04
2.84319794e-01 1.38404452e-04 2.57797618e-04
2.84851408e-01 2.67350440e-04 2.53360389e-04
2.85383018e-01 2.28410913e-04 2.49198067e-04
2.85914623e-01 2.52019061e-04 2.48727412e-04
2.86446224e-01 2.76674375e-04 2.51913347e-04
2.86977820e-01 5.81208400e-04 2.54517277e-04
2.87509411e-01 5.34636320e-04 2.52329101e-04
2.88040998e-01 2.64234859e-04 2.54690960e-04
2.88572580e-01 4.85668705e-04 2.53397284e-04
2.89104157e-01 6.16186186e-04 2.56515986e-04
2.89635730e-01 1.42692056e-04 2.55279547e-04
2.90167298e-01 4.54878015e-04 2.54766223e-04
2.90698862e-01 4.34034810e-04 2.56996522e-04
2.91230420e-01 -1.04302674e-04 2.52609990e-04
2.91761974e-01 5.82433691e-04 2.55461269e-04
2.92293524e-01 3.19261793e-04 2.55365030e-04
2.92825068e-01 -5.75140970e-05 2.58534388e-04
2.93356608e-01 4.27265280e-04 2.57025450e-04
2.93888143e-01 7.13138413e-05 2.53943547e-04
2.94419674e-01 6.07146415e-05 2.62693313e-04
2.94951199e-01 -6.64277044e-05 2.61391735e-04
2.95482720e-01 1.01006072e-04 2.53532248e-04
2.96014236e-01 1.35974297e-04 2.51937477e-04
2.96545748e-01 -3.22429078e-05 2.52108426e-04
2.97077254e-01 2.72376144e-04 2.51320769e-04
2.97608756e-01 -5.97708639e-05 2.54490375e-04
2.98140253e-01 2.86576157e-04 2.52929114e-04
2.98671745e-01 2.70195670e-04 2.51924501e-04
2.99203233e-01 4.97975537e-06 2.47922927e-04
2.99734715e-01 9.96733988e-05 2.46147031e-04
3.00266193e-01 -1.47636398e-04 2.46054145e-04
3.00797666e-01 -2.68026013e-05 2.51871425e-04
3.01329134e-01 4.93933070e-05 2.44652379e-04
3.01860597e-01 -2.63210947e-04 2.48845181e-04
3.02392056e-01 2.81070196e-04 2.51909449e-04
3.02923509e-01 4.06734029e-06 2.45371663e-04
3.03454958e-01 7.01859340e-05 2.44066335e-04
3.03986401e-01 4.00504467e-04 2.46012101e-04
3.04517840e-01 -1.45690741e-04 2.42849459e-04
3.05049274e-01 1.27429412e-04 2.47308051e-04
3.05580703e-01 -7.94710438e-05 2.42353495e-04
3.06112127e-01 -2.98374967e-05 2.44097996e-04
3.06643546e-01 -9.43507269e-05 2.44246880e-04
3.07174960e-01 -2.42411226e-04 2.40729044e-04
3.07706370e-01 7.30499271e-05 2.46749009e-04
3.08237774e-01 6.37907491e-04 2.44412968e-04
3.08769173e-01 2.33420620e-04 2.45333389e-04
3.09300568e-01 6.03930289e-05 2.42042346e-04
3.09831957e-01 2.51441846e-04 2.36990810e-04
3.10363341e-01 1.55872388e-04 2.50419975e-04
3.10894721e-01 -9.61113162e-05 2.39011899e-04
3.11426095e-01 -1.08451714e-04 2.40488429e-04
3.11957464e-01 6.17951063e-05 2.40032328e-04
3.12488829e-01 1.15549604e-04 2.43373370e-04
3.13020188e-01 1.77801528e-04 2.40658400e-04
3.13551542e-01 1.05101023e-04 2.34992033e-04
3.14082891e-01 4.08193651e-04 2.36608063e-04
3.14614235e-01 2.48199533e-04 2.40225301e-04
3.15145574e-01 -8.45301782e-05 2.37073223e-04
3.15676908e-01 -1.56753325e-04 2.39417270e-04
3.16208237e-01 -5.07309583e-05 2.38299924e-04
3.16739561e-01 3.98951931e-04 2.38920707e-04
3.17270880e-01 3.26940261e-04 2.33738182e-04
3.17802193e-01 3.33075842e-04 2.32735998e-04
3.18333502e-01 1.57658772e-04 2.31350755e-04
3.18864805e-01 -4.02824353e-05 2.36078720e-04
3.19396103e-01 2.15510023e-04 2.37600963e-04
3.19927396e-01 1.09589765e-04 2.39007833e-04
3.20458684e-01 6.51818482e-04 2.33468578e-04
3.20989967e-01 4.14024121e-04 2.29464330e-04
3.21521244e-01 -1.00660333e-04 2.35848600e-04
3.22052517e-01 2.88659777e-04 2.32837324e-04
3.22583784e-01 3.59344290e-04 2.37161867e-04
3.23115046e-01 5.61950568e-05 2.30543316e-04
3.23646303e-01 3.98726365e-04 2.34553010e-04
3.24177554e-01 2.50473222e-04 2.29221322e-04
3.24708801e-01 2.13545696e-04 2.31730001e-04
3.25240042e-01 7.81626679e-05 2.28063857e-04
3.25771278e-01 4.60847600e-04 2.35253665e-04
3.26302508e-01 2.85854526e-04 2.30045238e-04
3.26833734e-01 4.50179256e-04 2.30985505e-04
3.27364954e-01 2.47904554e-04 2.27121405e-04
3.27896169e-01 -4.22375508e-04 2.23157465e-04
3.28427378e-01 -1.97935671e-04 2.24782127e-04
3.28958583e-01 1.68033552e-05 2.20242934e-04
3.29489782e-01 3.55295595e-04 2.24292313e-04
3.30020975e-01 2.67654034e-04 2.26465523e-04
3.30552164e-01 3.95958040e-04 2.24168531e-04
3.31083347e-01 3.27447163e-04 2.32773450e-04
3.31614524e-01 3.02467376e-04 2.29256554e-04
3.32145697e-01 9.16049446e-05 2.31282191e-04
3.32676864e-01 6.00406685e-05 2.30810205e-04
3.33208025e-01 1.29370189e-04 2.27671194e-04
3.33739182e-01 2.71777240e-04 2.27344746e-04
3.34270333e-01 1.34310265e-04 2.26001731e-04
3.34801478e-01 2.65339250e-04 2.28718133e-04
3.35332618e-01 9.62984740e-05 2.27607773e-04
3.35863753e-01 -7.66961278e-05 2.23414054e-04
3.36394883e-01 -4.09003175e-05 2.20615028e-04
3.36926007e-01 4.46452462e-04 2.26010013e-04
3.37457125e-01 3.27355657e-04 2.27713794e-04
3.37988238e-01 4.11372224e-04 2.26615142e-04
3.38519346e-01 2.60392005e-06 2.23317069e-04
3.39050448e-01 8.04402748e-05 2.22560111e-04
3.39581545e-01 2.62830722e-04 2.26410987e-04
3.40112636e-01 4.62166025e-04 2.21754798e-04
3.40643722e-01 4.05620379e-05 2.21376027e-04
3.41174802e-01 3.16840230e-04 2.23946879e-04
3.41705877e-01 -4.06254582e-04 2.22634875e-04
3.42236946e-01 1.47675850e-04 2.25334425e-04
3.42768010e-01 1.19772787e-04 2.19819528e-04
3.43299068e-01 3.44350923e-04 2.20554180e-04
3.43830121e-01 1.49583367e-04 2.25074930e-04
3.44361168e-01 1.71629670e-04 2.21160474e-04
3.44892210e-01 1.19261628e-04 2.22357347e-04
3.45423246e-01 1.03533579e-04 2.16532515e-04
3.45954277e-01 4.93655508e-05 2.15734689e-04
3.46485302e-01 4.00870477e-04 2.19134285e-04
3.47016321e-01 2.84372277e-04 2.20948654e-04
3.47547335e-01 -1.38205169e-04 2.16716599e-04
3.48078343e-01 5.96235021e-04 2.18525843e-04
3.48609346e-01 3.15062859e-04 2.17858300e-04
3.49140343e-01 4.52325284e-04 2.17025992e-04
3.49671334e-01 3.05900429e-04 2.20496427e-04
3.50202320e-01 4.74051661e-04 2.20837723e-04
3.50733300e-01 -5.58514823e-05 2.20102634e-04
3.51264275e-01 6.91558790e-05 2.16484635e-04
3.51795244e-01 1.83642758e-04 2.16348225e-04
3.52326207e-01 3.13384636e-04 2.19318112e-04
3.52857164e-01 2.13563372e-04 2.16791437e-04
3.53388116e-01 3.74190290e-04 2.17540445e-04
3.53919062e-01 8.71273265e-05 2.16600020e-04
3.54450003e-01 -2.26371318e-04 2.14049335e-04
3.54980938e-01 1.61142475e-04 2.15559958e-04
3.55511867e-01 1.25561976e-04 2.19163267e-04
3.56042790e-01 -4.17002745e-05 2.14839489e-04
3.56573708e-01 1.78994970e-04 2.16884691e-04
3.57104620e-01 2.66504418e-04 2.17972185e-04
3.57635526e-01 1.08097129e-04 2.13478069e-04
3.58166426e-01 2.16991261e-04 2.16294566e-04
3.58697321e-01 3.66144674e-04 2.16635791e-04
3.59228210e-01 -1.37620818e-04 2.12553385e-04
3.59759093e-01 8.83692356e-05 2.13130367e-04
3.60289970e-01 2.84587494e-05 2.13534947e-04
3.60820841e-01 3.71165268e-05 2.11636524e-04
3.61351707e-01 7.99913846e-05 2.10391618e-04
3.61882567e-01 1.93653687e-04 2.13287886e-04
3.62413421e-01 6.21412205e-05 2.13263984e-04
3.62944269e-01 6.92880017e-05 2.13223103e-04
3.63475112e-01 2.94070065e-05 2.07989357e-04
3.64005948e-01 -2.55812127e-05 2.09312298e-04
3.64536779e-01 2.02825142e-04 2.12254691e-04
3.65067604e-01 6.03238716e-05 2.11777283e-04
3.65598423e-01 -6.74279048e-06 2.05815942e-04
3.66129236e-01 3.15053244e-04 2.09606638e-04
3.66660043e-01 8.14118434e-05 2.08348636e-04
3.67190844e-01 2.21273431e-04 2.12267113e-04
3.67721639e-01 1.74188445e-04 2.09776846e-04
3.68252429e-01 -3.76024878e-05 2.04314805e-04
3.68783212e-01 1.76513286e-04 2.07542297e-04
3.69313990e-01 -7.14621872e-05 2.09387101e-04
3.69844762e-01 -1.92915880e-04 2.07424480e-04
3.70375527e-01 1.73014957e-04 2.08629251e-04
3.70906287e-01 2.90991460e-04 2.11404763e-04
3.71437041e-01 3.69741499e-04 2.06596826e-04
3.71967789e-01 1.76391203e-05 2.10291476e-04
3.72498531e-01 3.22108219e-04 2.10567032e-04
3.73029266e-01 2.29167050e-04 2.09479858e-04
3.73559996e-01 2.72295373e-04 2.11595949e-04
3.74090720e-01 -1.43858582e-05 2.06723579e-04
3.74621438e-01 1.35778673e-04 2.09765862e-04
3.75152150e-01 4.61875654e-04 2.14078783e-04
3.75682855e-01 1.93696747e-04 2.06971198e-04
3.76213555e-01 -1.31729628e-04 2.09157758e-04
3.76744249e-01 -9.10092669e-05 2.05995804e-04
3.77274936e-01 1.60794327e-04 2.05233021e-04
3.77805618e-01 2.43321944e-04 2.03729195e-04
3.78336293e-01 3.20835084e-04 2.07144078e-04
3.78866963e-01 6.22273341e-04 2.06259267e-04
3.79397626e-01 1.31976979e-04 2.02269281e-04
3.79928283e-01 4.47011596e-04 2.07517967e-04
3.80458934e-01 5.18471910e-04 2.09351836e-04
3.80989579e-01 1.37042788e-04 2.08759654e-04
3.81520218e-01 1.31177047e-04 2.10088021e-04
3.82050851e-01 1.04004406e-04 2.08278664e-04
3.82581478e-01 3.36852324e-04 2.14291623e-04
3.83112098e-01 -3.83950074e-05 2.07794386e-04
3.83642712e-01 -5.16811752e-05 2.05884636e-04
3.84173320e-01 -1.23420136e-04 2.08272823e-04
3.84703922e-01 -1.58289006e-04 2.09488543e-04
3.85234518e-01 1.02697387e-04 2.12805914e-04
3.85765108e-01 -2.10151418e-04 2.09015065e-04
3.86295691e-01 2.17186204e-04 2.16070065e-04
3.86826268e-01 2.87828357e-04 2.07255750e-04
3.87356839e-01 6.01743909e-06 2.07237689e-04
3.87887404e-01 2.02438850e-04 2.08359493e-04
3.88417962e-01 2.97059392e-04 2.11165179e-04
3.88948514e-01 2.73611354e-04 2.09504959e-04
3.89479060e-01 3.29211853e-04 2.08585310e-04
3.90009600e-01 1.23905309e-04 2.07765368e-04
3.90540134e-01 3.49575322e-05 2.08039939e-04
3.91070661e-01 2.64082245e-04 2.04930105e-04
3.91601182e-01 4.34655342e-04 2.11856634e-04
3.92131696e-01 4.75333985e-04 2.11161262e-04
3.92662205e-01 3.87062538e-04 2.12319513e-04
3.93192707e-01 2.34548085e-04 2.09143292e-04
3.93723202e-01 1.86160459e-04 2.09220344e-04
3.94253692e-01 -5.55755666e-05 2.13704475e-04
3.94784175e-01 3.60968949e-04 2.11650454e-04
3.95314651e-01 1.16786272e-04 2.10531268e-04
3.95845122e-01 -3.20766991e-05 2.10180337e-04
3.96375585e-01 2.34426663e-04 2.13312603e-04
3.96906043e-01 2.88015304e-04 2.13578542e-04
3.97436494e-01 3.20347854e-04 2.08826833e-04
3.97966939e-01 1.53488287e-04 2.09635479e-04
3.98497377e-01 1.25024218e-04 2.12693433e-04
3.99027809e-01 9.24303859e-05 2.12275782e-04
3.99558235e-01 3.02700601e-04 2.16425311e-04
4.00088654e-01 3.86697068e-04 2.14901381e-04
4.00619067e-01 1.12365928e-05 2.11694190e-04
4.01149473e-01 -4.77523176e-04 2.09751394e-04
4.01679873e-01 1.82677333e-05 2.09417416e-04
4.02210267e-01 3.69435926e-05 2.12741054e-04
4.02740654e-01 2.56734469e-04 2.15539455e-04
4.03271034e-01 9.69021981e-05 2.18671883e-04
4.03801408e-01 2.08554851e-04 2.16029893e-04
4.04331776e-01 2.70646140e-04 2.19631828e-04
4.04862137e-01 1.49613334e-04 2.21137231e-04
4.05392491e-01 5.35538857e-04 2.25308382e-04
4.05922839e-01 4.31579036e-04 2.18372737e-04
4.06453181e-01 1.80497427e-04 2.25649700e-04
4.06983516e-01 5.27349393e-04 2.26568444e-04
4.07513844e-01 1.77813240e-05 2.26573164e-04
4.08044166e-01 -1.30763131e-04 2.26305992e-04
4.08574481e-01 5.10770773e-04 2.24818508e-04
4.09104790e-01 5.30212325e-04 2.27678975e-04
4.09635092e-01 -7.19767234e-05 2.24196439e-04
4.10165388e-01 -4.51877192e-05 2.21678589e-04
4.10695677e-01 1.74582076e-04 2.25546994e-04
4.11225960e-01 1.24781428e-04 2.48522705e-04
4.11756235e-01 1.30962040e-04 2.59612483e-04
4.12286505e-01 6.27025000e-04 2.73967363e-04
4.12816767e-01 -1.79032895e-04 2.86669018e-04
4.13347023e-01 -2.53006345e-04 2.98164323e-04
4.13877273e-01 1.58666525e-04 3.20589790e-04
4.14407515e-01 4.17715717e-04 3.23458898e-04
4.14937751e-01 -7.87782905e-06 3.25307649e-04
4.15467981e-01 1.99191411e-04 3.46624962e-04
4.15998203e-01 -1.13772202e-05 3.38967028e-04
4.16528419e-01 5.43402699e-05 3.42772794e-04
4.17058629e-01 2.18025252e-04 3.39860860e-04
4.17588831e-01 -7.58580833e-05 3.58825570e-04
4.18119027e-01 6.49082618e-04 4.03906716e-04
4.18649217e-01 6.09223620e-05 5.23235128e-04
4.19179399e-01 -1.76988413e-03 1.34057739e-03
