7.45980241e-03 -1.55444491e-02 3.34153097e-02
7.99264482e-03 2.86630472e-04 2.06294621e-02
8.52548709e-03 1.83703617e-02 1.45487925e-02
9.05832923e-03 5.96212736e-03 1.21873020e-02
9.59117122e-03 5.40681865e-03 1.04216176e-02
1.01240131e-02 -6.98726474e-03 8.42861320e-03
1.06568547e-02 3.26859741e-03 7.61111286e-03
1.11896962e-02 3.67153637e-03 5.46142812e-03
1.17225375e-02 1.85188503e-03 4.46766704e-03
1.22553787e-02 2.42416029e-03 3.43305666e-03
1.27882196e-02 -1.27533816e-03 2.91756821e-03
1.33210603e-02 -9.52010631e-04 2.61980187e-03
1.38539008e-02 3.23002813e-03 2.18747993e-03
1.43867411e-02 -1.33741636e-03 2.15768390e-03
1.49195812e-02 -4.51500729e-04 1.86652107e-03
1.54524210e-02 1.30940376e-03 1.66119417e-03
1.59852605e-02 -8.44665739e-04 1.69579125e-03
1.65180998e-02 2.74471314e-03 1.47253699e-03
1.70509389e-02 1.86831995e-03 1.47710445e-03
1.75837776e-02 1.10389463e-04 1.32698130e-03
1.81166161e-02 1.29509199e-03 1.39237320e-03
1.86494543e-02 9.61007689e-04 1.31899310e-03
1.91822922e-02 -1.08086066e-03 1.27226041e-03
1.97151297e-02 8.25260320e-04 1.11600059e-03
2.02479670e-02 -3.39947041e-04 1.20989739e-03
2.07808039e-02 6.85702834e-04 1.11777777e-03
2.13136405e-02 2.85658867e-04 1.06565855e-03
2.18464767e-02 2.26834337e-03 1.06561823e-03
2.23793126e-02 -5.72953401e-04 1.08015858e-03
2.29121481e-02 2.28425531e-03 9.80095922e-04
2.34449833e-02 1.88077270e-03 1.01575699e-03
2.39778181e-02 -1.17255467e-03 9.94027539e-04
2.45106524e-02 -9.96299135e-04 9.39766491e-04
2.50434864e-02 1.65103659e-03 9.11422393e-04
2.55763200e-02 -8.38041552e-04 9.20759945e-04
2.61091532e-02 1.38858489e-03 9.08938436e-04
2.66419859e-02 2.33904367e-03 9.42883370e-04
2.71748182e-02 7.69740824e-04 8.89566741e-04
2.77076501e-02 7.46726290e-05 9.12572288e-04
2.82404815e-02 -2.76963976e-04 9.06227872e-04
2.87733125e-02 -1.12940940e-03 8.69873827e-04
2.93061430e-02 -1.92048833e-04 8.25880079e-04
2.98389731e-02 -1.11933071e-03 8.07252299e-04
3.03718026e-02 1.76090893e-03 8.51103879e-04
3.09046317e-02 -1.53164116e-03 7.57350079e-04
3.14374602e-02 -1.21573323e-03 7.66867267e-04
3.19702883e-02 -1.63711568e-04 7.73356170e-04
3.25031158e-02 1.48624477e-03 8.25773637e-04
3.30359428e-02 9.45224253e-04 7.92045145e-04
3.35687693e-02 -4.49850139e-04 7.63829236e-04
3.41015952e-02 7.50714839e-04 7.64140467e-04
3.46344206e-02 1.68362854e-04 7.57030597e-04
3.51672454e-02 -1.56898271e-04 7.27202135e-04
3.57000696e-02 -1.13861217e-03 7.15519358e-04
3.62328933e-02 4.47232965e-04 7.82978631e-04
3.67657164e-02 -1.59030602e-04 7.57703089e-04
3.72985389e-02 -8.30450841e-05 7.12390018e-04
3.78313608e-02 4.20927544e-04 7.10830132e-04
3.83641820e-02 -6.46706245e-04 7.43932273e-04
3.88970027e-02 -4.23079003e-04 6.99684988e-04
3.94298227e-02 7.50632460e-04 7.11214312e-04
3.99626421e-02 -4.69137639e-04 7.13808285e-04
4.04954608e-02 1.64231399e-04 6.88578639e-04
4.10282789e-02 7.25292712e-05 7.23766627e-04
4.15610963e-02 1.11220337e-04 7.14970870e-04
4.20939131e-02 -7.58424874e-05 6.99811428e-04
4.26267291e-02 -6.03078749e-04 6.76234542e-04
4.31595445e-02 -1.31076257e-03 6.74877847e-04
4.36923592e-02 -2.04404246e-05 7.10738473e-04
4.42251732e-02 -5.59685768e-04 7.01188038e-04
4.47579864e-02 1.70498786e-03 7.10315393e-04
4.52907989e-02 2.08580906e-03 7.36858881e-04
4.58236107e-02 5.44146849e-04 7.19747887e-04
4.63564218e-02 2.17440727e-04 7.06116148e-04
4.68892321e-02 -8.92135852e-04 6.93186517e-04
4.74220417e-02 6.62747412e-04 7.06648646e-04
4.79548504e-02 5.12538121e-04 7.15746858e-04
4.84876584e-02 -2.94878669e-04 7.05420275e-04
4.90204657e-02 4.78653067e-04 6.86000204e-04
4.95532721e-02 1.05928545e-03 6.90998361e-04
5.00860777e-02 -4.84058507e-04 6.68760902e-04
5.06188825e-02 -5.56589167e-04 6.78033380e-04
5.11516865e-02 9.56843943e-04 6.48251696e-04
5.16844897e-02 5.34964958e-04 6.57086906e-04
5.22172920e-02 -4.23655014e-04 6.40493443e-04
5.27500935e-02 9.41159570e-04 6.10020256e-04
5.32828941e-02 1.19865063e-03 6.55756549e-04
5.38156939e-02 8.47755493e-04 6.46636783e-04
5.43484928e-02 5.91439508e-04 6.56443313e-04
5.48812908e-02 1.77416636e-04 6.26727966e-04
5.54140880e-02 1.22493604e-03 6.33590382e-04
5.59468842e-02 5.06043219e-05 6.13447458e-04
5.64796795e-02 4.01378918e-04 6.11914342e-04
5.70124739e-02 9.47607257e-05 6.42707054e-04
5.75452674e-02 3.20739757e-04 5.92298465e-04
5.80780600e-02 1.30456281e-03 5.98140657e-04
5.86108516e-02 -5.10037103e-04 5.87725569e-04
5.91436423e-02 5.36440039e-04 6.01665240e-04
5.96764320e-02 4.64094399e-04 5.90792528e-04
6.02092208e-02 -7.69340776e-04 5.68117857e-04
6.07420086e-02 -4.30912074e-04 6.03042547e-04
6.12747953e-02 3.37910151e-04 5.91520805e-04
6.18075812e-02 4.30981988e-05 5.76320826e-04
6.23403660e-02 -8.15969390e-04 5.70325205e-04
6.28731498e-02 6.94864305e-05 5.81082825e-04
6.34059325e-02 5.08321993e-04 5.99171871e-04
6.39387143e-02 3.12238344e-05 5.89357758e-04
6.44714950e-02 -1.15490080e-03 5.70016909e-04
6.50042747e-02 2.58744010e-04 5.79887834e-04
6.55370533e-02 -2.82564105e-04 6.02883253e-04
6.60698309e-02 -1.64739471e-04 5.77045814e-04
6.66026074e-02 -7.22245303e-04 5.63145927e-04
6.71353828e-02 -1.55697857e-04 5.56743277e-04
6.76681571e-02 7.15917939e-04 5.76585550e-04
6.82009304e-02 1.20794029e-04 5.79013526e-04
6.87337025e-02 3.20556541e-04 5.67617835e-04
6.92664735e-02 -1.15435885e-05 5.78675857e-04
6.97992434e-02 2.49014935e-04 5.73810829e-04
7.03320122e-02 -4.80410171e-04 5.78550930e-04
7.08647798e-02 -3.41671398e-04 6.09126576e-04
7.13975463e-02 4.53588486e-04 5.72501955e-04
7.19303116e-02 6.52999671e-04 5.71684053e-04
7.24630758e-02 -6.58156870e-04 5.48330659e-04
7.29958388e-02 4.99863538e-04 5.63774414e-04
7.35286006e-02 -4.03903018e-04 5.54197554e-04
7.40613612e-02 -8.72004158e-04 5.56814441e-04
7.45941207e-02 7.12832049e-05 5.73717361e-04
7.51268789e-02 8.59249777e-04 5.54245381e-04
7.56596359e-02 2.95531263e-04 5.37162510e-04
7.61923917e-02 1.37496886e-04 5.41002289e-04
7.67251462e-02 6.69900620e-04 5.21189758e-04
7.72578995e-02 1.54597940e-04 5.17230661e-04
7.77906516e-02 2.78972582e-05 5.21934654e-04
7.83234024e-02 3.48650519e-05 5.31750221e-04
7.88561519e-02 3.45997350e-04 4.98839200e-04
7.93889002e-02 6.40740442e-05 5.35891910e-04
7.99216472e-02 -2.52875200e-04 5.38881001e-04
8.04543928e-02 8.18191193e-04 5.42380558e-04
8.09871372e-02 -7.15645901e-04 5.14104666e-04
8.15198803e-02 4.23142701e-04 5.26560619e-04
8.20526220e-02 2.40561264e-04 4.86278316e-04
8.25853624e-02 -1.22060169e-04 5.13577176e-04
8.31181015e-02 -2.39925343e-04 4.93423150e-04
8.36508393e-02 -5.92514596e-04 4.72500817e-04
8.41835757e-02 -2.78535314e-04 4.77901404e-04
8.47163107e-02 -3.29537063e-04 5.12940592e-04
8.52490443e-02 1.40171636e-04 4.87075613e-04
8.57817766e-02 3.15260765e-04 4.76999893e-04
8.63145075e-02 -5.47094952e-05 4.93648924e-04
8.68472370e-02 -2.01451268e-04 4.98007625e-04
8.73799651e-02 -1.25888841e-04 5.01970709e-04
8.79126918e-02 -3.06782582e-04 4.80920217e-04
8.84454170e-02 -8.94544301e-04 4.87069008e-04
8.89781408e-02 -5.73659301e-04 4.88481405e-04
8.95108632e-02 -3.51417822e-04 4.83232310e-04
9.00435842e-02 9.77068308e-05 4.75009732e-04
9.05763036e-02 3.74884973e-04 5.00219968e-04
9.11090217e-02 -4.16424327e-04 4.79292110e-04
9.16417382e-02 1.98890389e-04 4.75882694e-04
9.21744532e-02 3.95593243e-04 4.83300618e-04
9.27071668e-02 4.49523110e-04 4.63469138e-04
9.32398789e-02 5.34518479e-04 4.91915859e-04
9.37725894e-02 2.01400324e-04 4.69884646e-04
9.43052985e-02 1.05993465e-03 4.71443135e-04
9.48380060e-02 8.81909838e-04 4.68266850e-04
9.53707120e-02 9.36384640e-05 4.57252413e-04
9.59034164e-02 7.62427124e-04 4.67722024e-04
9.64361193e-02 8.55354045e-04 4.54567085e-04
9.69688206e-02 -1.72035750e-04 4.48439383e-04
9.75015204e-02 4.85542609e-04 4.41830669e-04
9.80342186e-02 -1.11067821e-04 4.45303401e-04
9.85669152e-02 1.74755873e-04 4.54266326e-04
9.90996102e-02 -1.61121230e-04 4.36639613e-04
9.96323036e-02 7.46477708e-04 4.55194187e-04
1.00164995e-01 -7.07121374e-04 4.37511481e-04
1.00697686e-01 -6.96843256e-04 4.52193371e-04
1.01230374e-01 2.41398009e-04 4.49053924e-04
1.01763061e-01 -2.73657989e-04 4.43673265e-04
1.02295746e-01 5.28880266e-04 4.42901055e-04
1.02828430e-01 8.03888261e-04 4.45531085e-04
1.03361112e-01 4.89123271e-04 4.34063409e-04
1.03893792e-01 -4.84969431e-04 4.20348625e-04
1.04426471e-01 4.34433899e-04 4.27316096e-04
1.04959148e-01 -4.53882672e-04 4.48917556e-04
1.05491823e-01 -5.52096687e-04 4.30963981e-04
1.06024496e-01 -1.15154600e-04 4.22501897e-04
1.06557168e-01 -1.41414360e-05 4.28709101e-04
1.07089838e-01 -4.09454198e-04 4.24324578e-04
1.07622506e-01 2.34574968e-04 4.28453669e-04
1.08155173e-01 4.69424903e-04 4.25936273e-04
1.08687838e-01 1.13166410e-04 4.13083557e-04
1.09220501e-01 2.63132485e-04 4.23535927e-04
1.09753162e-01 -3.99451736e-04 4.09548845e-04
1.10285822e-01 -2.49057949e-05 4.22174474e-04
1.10818479e-01 5.33004101e-04 4.15836257e-04
1.11351135e-01 -1.16515485e-03 4.25038583e-04
1.11883790e-01 -6.16709916e-05 4.32623021e-04
1.12416442e-01 -3.85709164e-04 4.15062674e-04
1.12949092e-01 -3.93317117e-04 3.86058404e-04
1.13481741e-01 -5.11769416e-04 4.19131167e-04
1.14014388e-01 5.38553157e-04 4.16339106e-04
1.14547033e-01 3.73396341e-04 4.08745772e-04
1.15079676e-01 4.59310787e-04 4.25114473e-04
1.15612318e-01 -6.66036961e-05 4.20002299e-04
1.16144957e-01 -3.53249484e-04 4.11809347e-04
1.16677595e-01 -1.48394387e-05 4.14461013e-04
1.17210230e-01 1.60199328e-04 4.07251220e-04
1.17742864e-01 -3.46109864e-04 4.01809506e-04
1.18275496e-01 3.64580066e-04 4.10182300e-04
1.18808126e-01 -9.61931244e-05 4.05543673e-04
1.19340754e-01 3.78094048e-04 4.14898027e-04
1.19873380e-01 -3.35687959e-04 3.92827513e-04
1.20406004e-01 1.69733507e-04 4.04572619e-04
1.20938626e-01 1.33115681e-04 3.95755445e-04
1.21471247e-01 7.02490773e-05 4.11167764e-04
1.22003865e-01 -5.40133455e-05 3.94474075e-04
1.22536481e-01 -1.64276664e-04 3.92870422e-04
1.23069096e-01 1.74945039e-04 3.89794433e-04
1.23601708e-01 1.27873781e-04 3.92354156e-04
1.24134318e-01 1.66118684e-04 3.95460277e-04
1.24666927e-01 -4.91883641e-05 3.91224006e-04
1.25199533e-01 3.69195078e-04 3.86561875e-04
1.25732137e-01 -4.10188159e-04 3.89147305e-04
1.26264740e-01 4.00367329e-04 3.83033185e-04
1.26797340e-01 -4.70810695e-04 3.90850109e-04
1.27329938e-01 2.90347564e-05 3.96400440e-04
1.27862534e-01 -2.05594759e-04 3.90503843e-04
1.28395128e-01 -3.09408276e-06 3.89546493e-04
1.28927720e-01 1.27607925e-04 3.91861543e-04
1.29460310e-01 -3.90566377e-04 3.88339700e-04
1.29992898e-01 1.07114456e-03 3.95069469e-04
1.30525484e-01 -1.44246264e-04 3.87669353e-04
1.31058067e-01 1.74808321e-04 4.01019265e-04
1.31590649e-01 -3.09718004e-04 4.09181018e-04
1.32123228e-01 8.20989432e-04 4.13302685e-04
1.32655805e-01 4.15154138e-04 3.98401709e-04
1.33188380e-01 -8.83504554e-05 4.02689654e-04
1.33720953e-01 -3.65626992e-04 3.99217946e-04
1.34253524e-01 3.52644999e-04 3.99268033e-04
1.34786093e-01 5.38151134e-04 4.00850337e-04
1.35318659e-01 -1.39601769e-04 3.91971209e-04
1.35851223e-01 5.02007553e-04 3.78680285e-04
1.36383785e-01 -1.00354790e-04 3.82970137e-04
1.36916345e-01 -5.72026472e-04 3.84237482e-04
1.37448903e-01 2.83472187e-04 3.99826808e-04
1.37981458e-01 -2.67484237e-04 3.76611325e-04
1.38514011e-01 -3.90062730e-04 3.81738034e-04
1.39046562e-01 1.07455665e-05 3.89141104e-04
1.39579111e-01 -4.05619710e-04 3.83805298e-04
1.40111657e-01 3.27245678e-04 3.65483978e-04
1.40644201e-01 2.61627396e-04 3.74650305e-04
1.41176743e-01 -1.09211045e-05 3.78220396e-04
1.41709283e-01 2.05907637e-04 3.77736851e-04
1.42241820e-01 3.54462708e-04 3.76373566e-04
1.42774355e-01 -9.42092361e-04 3.62325006e-04
1.43306888e-01 -2.28173890e-04 3.82698334e-04
1.43839418e-01 -1.28834094e-04 3.62828306e-04
1.44371946e-01 -2.84225192e-04 3.70236224e-04
1.44904472e-01 2.16604752e-04 3.65141015e-04
1.45436995e-01 -5.07606862e-04 3.62889380e-04
1.45969516e-01 7.16525177e-05 3.57580439e-04
1.46502035e-01 -1.58626748e-04 3.68638039e-04
1.47034551e-01 -4.04594701e-04 3.64230157e-04
1.47567065e-01 9.98540280e-05 3.63859852e-04
1.48099577e-01 -3.45004567e-04 3.48014536e-04
1.48632086e-01 2.90324567e-04 3.56236762e-04
1.49164593e-01 -2.43051626e-04 3.49757615e-04
1.49697097e-01 6.10384866e-04 3.63782615e-04
1.50229599e-01 -2.63668180e-05 3.55373988e-04
1.50762098e-01 2.20218420e-04 3.61807597e-04
1.51294595e-01 1.47861669e-04 3.61240216e-04
1.51827090e-01 -1.87427087e-04 3.54915442e-04
1.52359582e-01 -5.42335055e-05 3.50036646e-04
1.52892072e-01 1.08204114e-04 3.51608079e-04
1.53424559e-01 2.66055695e-04 3.61136977e-04
1.53957044e-01 -5.61442455e-04 3.57302967e-04
1.54489526e-01 -8.17291333e-05 3.60401742e-04
1.55022006e-01 -6.28770797e-05 3.58462852e-04
1.55554483e-01 -4.40992284e-04 3.66648296e-04
1.56086958e-01 -3.08014954e-04 3.54303935e-04
1.56619430e-01 5.70212799e-04 3.60788105e-04
1.57151899e-01 -3.26203368e-04 3.60936396e-04
1.57684366e-01 8.01993351e-04 3.62197115e-04
1.58216831e-01 -1.16644629e-04 3.67948424e-04
1.58749293e-01 5.54010747e-04 3.66021529e-04
1.59281752e-01 4.47655421e-04 3.63264576e-04
1.59814209e-01 -4.25546248e-05 3.65458442e-04
1.60346664e-01 1.10881234e-03 3.65404024e-04
1.60879115e-01 2.02391744e-04 3.55269480e-04
1.61411564e-01 -3.57903145e-04 3.53060308e-04
1.61944011e-01 3.79033249e-04 3.60877188e-04
1.62476455e-01 5.29717393e-04 3.67407654e-04
1.63008896e-01 -2.26596284e-04 3.57469368e-04
1.63541335e-01 7.05638782e-04 3.58822493e-04
1.64073771e-01 -6.08337548e-04 3.39683698e-04
1.64606204e-01 2.74855131e-04 3.45840255e-04
1.65138635e-01 -4.28782788e-04 3.40394338e-04
1.65671063e-01 -1.69371620e-04 3.55664282e-04
1.66203488e-01 2.24898485e-05 3.56591979e-04
1.66735910e-01 -1.43380967e-04 3.42088800e-04
1.67268330e-01 -2.70181036e-05 3.39139699e-04
1.67800748e-01 2.23408556e-04 3.45269112e-04
1.68333162e-01 -4.13884231e-04 3.48546785e-04
1.68865574e-01 9.95107257e-05 3.46578521e-04
1.69397983e-01 2.40707444e-04 3.52557981e-04
1.69930389e-01 -4.32360893e-04 3.42048796e-04
1.70462793e-01 1.13394373e-04 3.37525356e-04
1.70995194e-01 5.86828489e-04 3.42420856e-04
1.71527592e-01 1.45425960e-04 3.36255906e-04
1.72059987e-01 4.15862091e-04 3.44439808e-04
1.72592380e-01 3.02180483e-04 3.39878275e-04
1.73124769e-01 -9.31960363e-05 3.36985143e-04
1.73657156e-01 -1.56893944e-04 3.37648805e-04
1.74189540e-01 -1.92636248e-04 3.39851459e-04
1.74721922e-01 -3.01455713e-04 3.30986043e-04
1.75254300e-01 5.28508050e-05 3.32687817e-04
1.75786676e-01 1.54460160e-04 3.34891455e-04
1.76319049e-01 -2.75022560e-04 3.35627135e-04
1.76851418e-01 1.81322688e-04 3.42953657e-04
1.77383786e-01 1.35390019e-04 3.34883664e-04
1.77916150e-01 -3.02112963e-04 3.51105268e-04
1.78448511e-01 -4.30587742e-04 3.40636177e-04
1.78980870e-01 -3.51941681e-05 3.45148139e-04
1.79513225e-01 -4.72477955e-05 3.46994734e-04
1.80045578e-01 2.20419991e-04 3.44560764e-04
1.80577928e-01 1.15883450e-04 3.36563468e-04
1.81110275e-01 -2.28223713e-04 3.39905216e-04
1.81642618e-01 -1.65541632e-04 3.41362834e-04
1.82174959e-01 5.84868098e-04 3.37925278e-04
1.82707297e-01 3.55583256e-04 3.38042186e-04
1.83239633e-01 4.93443653e-05 3.45001075e-04
1.83771965e-01 -5.90618789e-04 3.27172829e-04
1.84304294e-01 3.78619277e-04 3.46836821e-04
1.84836620e-01 -1.40553706e-04 3.32906592e-04
1.85368943e-01 -1.51165933e-04 3.30832050e-04
1.85901263e-01 5.74917292e-04 3.36785550e-04
1.86433581e-01 5.42076616e-04 3.31495456e-04
1.86965895e-01 3.17284937e-04 3.36406288e-04
1.87498206e-01 1.31407565e-04 3.24609183e-04
1.88030514e-01 2.50899293e-04 3.28501775e-04
1.88562819e-01 4.35641129e-04 3.36197196e-04
1.89095121e-01 1.38880227e-04 3.37321771e-04
1.89627420e-01 -1.42359625e-05 3.22287950e-04
1.90159716e-01 2.11198339e-04 3.32073749e-04
1.90692009e-01 -2.47486183e-04 3.22386297e-04
1.91224299e-01 1.10255540e-04 3.22199320e-04
1.91756586e-01 7.23279785e-05 3.19153148e-04
1.92288869e-01 4.96461934e-04 3.24158618e-04
1.92821150e-01 2.45654613e-04 3.23769634e-04
1.93353427e-01 -1.65480186e-04 3.15633858e-04
1.93885701e-01 -2.00860570e-05 3.13025415e-04
1.94417972e-01 2.96691612e-05 3.17012677e-04
1.94950240e-01 1.09038051e-04 3.12931451e-04
1.95482505e-01 5.10884550e-05 3.22539618e-04
1.96014767e-01 5.25738383e-04 3.18511262e-04
1.96547025e-01 -9.63917207e-05 3.09416438e-04
1.97079281e-01 3.09157408e-04 3.17102216e-04
1.97611533e-01 -3.96716772e-05 2.99019688e-04
1.98143782e-01 5.81995474e-04 3.13347036e-04
1.98676028e-01 -3.31030264e-05 3.11264780e-04
1.99208270e-01 -5.07519691e-05 3.06749403e-04
1.99740510e-01 2.20064207e-04 3.07808044e-04
2.00272746e-01 -7.90120966e-05 3.05914929e-04
2.00804978e-01 -1.23233965e-04 3.07573003e-04
2.01337208e-01 3.19005729e-04 3.07781041e-04
2.01869434e-01 2.12789643e-04 3.09718765e-04
2.02401658e-01 -4.53656222e-05 3.11266022e-04
2.02933877e-01 -1.74213571e-04 2.98740166e-04
2.03466094e-01 -4.31486974e-04 3.05474708e-04
2.03998307e-01 3.34206093e-05 3.15875941e-04
2.04530517e-01 -2.81141205e-04 3.06206497e-04
2.05062724e-01 1.54444169e-04 3.11187423e-04
2.05594927e-01 5.73461399e-04 2.99741360e-04
2.06127127e-01 2.15482924e-04 2.95837541e-04
2.06659324e-01 -4.67232709e-05 3.04869186e-04
2.07191517e-01 -2.54275377e-04 3.01246784e-04
2.07723707e-01 1.47516257e-05 3.10740745e-04
2.08255894e-01 -6.24727961e-05 2.96258977e-04
2.08788077e-01 7.07877143e-04 3.00838974e-04
2.09320257e-01 3.51349770e-04 2.99498656e-04
2.09852434e-01 -3.53117886e-04 2.89232024e-04
2.10384607e-01 2.44506560e-04 3.06483000e-04
2.10916777e-01 -2.06581606e-04 2.95858494e-04
2.11448943e-01 -4.48745509e-04 2.93047635e-04
2.11981106e-01 6.31704073e-06 2.91516864e-04
2.12513266e-01 1.45514467e-04 2.95925467e-04
2.13045422e-01 -1.53854509e-04 2.92151543e-04
2.13577575e-01 -2.31398537e-04 2.90431323e-04
2.14109724e-01 4.39675202e-05 2.96209235e-04
2.14641870e-01 3.78339554e-04 2.94947539e-04
2.15174012e-01 -1.56443931e-04 2.91601136e-04
2.15706151e-01 -6.06142990e-05 2.89001904e-04
2.16238286e-01 2.76987609e-04 2.93812461e-04
2.16770418e-01 -1.24172443e-04 3.00771531e-04
2.17302546e-01 3.45414215e-05 2.96681343e-04
2.17834671e-01 -2.01146492e-04 2.86426954e-04
2.18366792e-01 -9.29684329e-06 2.92655688e-04
2.18898910e-01 7.82157777e-04 2.94761107e-04
2.19431024e-01 7.76791600e-05 2.94791983e-04
2.19963135e-01 -1.78729970e-04 2.87797657e-04
2.20495242e-01 9.93633574e-05 2.94558390e-04
2.21027346e-01 -4.76889968e-04 2.82625164e-04
2.21559446e-01 -3.07629857e-04 2.88788848e-04
2.22091542e-01 -4.24383060e-05 2.89136452e-04
2.22623635e-01 9.75391733e-05 2.86843050e-04
2.23155724e-01 -2.46740364e-04 2.84072836e-04
2.23687810e-01 -2.95526777e-04 2.90703329e-04
2.24219892e-01 3.72514788e-04 2.85560997e-04
2.24751971e-01 -5.41264634e-05 2.88017976e-04
2.25284045e-01 -1.53460696e-04 2.84072902e-04
2.25816117e-01 -2.90016502e-05 2.84577620e-04
2.26348184e-01 -2.09408619e-04 2.80044153e-04
2.26880248e-01 -2.35829862e-04 2.80145919e-04
2.27412308e-01 3.49148378e-04 2.85701908e-04
2.27944365e-01 1.35915937e-04 2.87594515e-04
2.28476418e-01 2.40487239e-04 2.83854254e-04
2.29008467e-01 6.08753124e-05 2.80654637e-04
2.29540512e-01 -1.41037870e-05 2.79913520e-04
2.30072554e-01 1.02909054e-04 2.80051628e-04
2.30604592e-01 1.55487845e-04 2.79902241e-04
2.31136626e-01 6.82692172e-05 2.81072185e-04
2.31668657e-01 2.17880727e-04 2.82853005e-04
2.32200684e-01 1.44792746e-04 2.80507695e-04
2.32732707e-01 3.09999595e-04 2.77947098e-04
2.33264726e-01 -1.54074536e-04 2.80695148e-04
2.33796742e-01 -2.67300429e-04 2.72813339e-04
2.34328754e-01 1.28299785e-05 2.77909280e-04
2.34860762e-01 -8.44855798e-05 2.69780793e-04
2.35392766e-01 2.11144710e-04 2.74271748e-04
2.35924766e-01 -3.45545994e-05 2.70944201e-04
2.36456763e-01 1.61922146e-04 2.73634075e-04
2.36988756e-01 7.02503423e-05 2.69375755e-04
2.37520745e-01 1.99742777e-05 2.70057455e-04
2.38052730e-01 -3.01994170e-04 2.69167105e-04
2.38584711e-01 6.15243606e-04 2.76735862e-04
2.39116689e-01 -4.43268391e-04 2.69609623e-04
2.39648662e-01 -2.30138200e-04 2.67418377e-04
2.40180632e-01 -3.28182309e-04 2.62575242e-04
2.40712598e-01 4.90768227e-05 2.74818615e-04
2.41244560e-01 2.89604246e-04 2.76429709e-04
2.41776518e-01 7.69310018e-04 2.78363046e-04
2.42308472e-01 -5.02582539e-04 2.70622291e-04
2.42840423e-01 -4.37697365e-05 2.73233420e-04
2.43372369e-01 -4.70564168e-04 2.69502442e-04
2.43904311e-01 -2.83112058e-04 2.70326365e-04
2.44436250e-01 -1.93572074e-04 2.71417917e-04
2.44968184e-01 1.93188891e-04 2.73081129e-04
2.45500115e-01 2.12964350e-04 2.73264606e-04
2.46032042e-01 2.19194641e-04 2.65625047e-04
2.46563964e-01 -4.25983742e-05 2.67570128e-04
2.47095883e-01 -8.48659375e-05 2.68012914e-04
2.47627798e-01 2.26612153e-04 2.65927084e-04
2.48159708e-01 -3.03332767e-04 2.65305229e-04
2.48691615e-01 3.08400719e-05 2.67592746e-04
2.49223518e-01 -1.22184495e-05 2.70301705e-04
2.49755416e-01 -1.74372304e-04 2.66952602e-04
2.50287311e-01 5.05573019e-05 2.67084294e-04
2.50819201e-01 2.13625049e-06 2.69797800e-04
2.51351088e-01 1.72677241e-04 2.71441607e-04
2.51882971e-01 3.81742235e-04 2.65299283e-04
2.52414849e-01 1.60058602e-04 2.69214025e-04
2.52946723e-01 -4.06788512e-05 2.64776785e-04
2.53478594e-01 -2.58699936e-04 2.61552371e-04
2.54010460e-01 2.49052860e-05 2.66599308e-04
2.54542322e-01 -6.02344239e-05 2.59988188e-04
2.55074180e-01 2.38485764e-05 2.58653416e-04
2.55606034e-01 1.79363699e-04 2.61801507e-04
2.56137883e-01 3.72077986e-04 2.65451596e-04
2.56669729e-01 -2.25912338e-04 2.61451960e-04
2.57201570e-01 1.92183619e-04 2.62422254e-04
2.57733408e-01 -8.07415665e-06 2.62921096e-04
2.58265241e-01 -7.51213042e-05 2.63046403e-04
2.58797070e-01 -1.69937680e-04 2.61112473e-04
2.59328895e-01 1.07746781e-04 2.62936614e-04
2.59860715e-01 -3.43167573e-04 2.66125552e-04
2.60392532e-01 1.18859703e-04 2.59033944e-04
2.60924344e-01 -1.78700032e-04 2.60734903e-04
2.61456152e-01 -3.27735824e-04 2.59665982e-04
2.61987956e-01 -1.90528243e-04 2.58169273e-04
2.62519755e-01 -2.97207607e-06 2.53616174e-04
2.63051551e-01 -1.73222648e-04 2.54461435e-04
2.63583342e-01 -8.32984000e-06 2.51507122e-04
2.64115129e-01 1.79522061e-04 2.55131735e-04
2.64646911e-01 1.38410204e-04 2.55138676e-04
2.65178690e-01 -1.14164403e-04 2.53692624e-04
2.65710464e-01 -2.43571385e-04 2.50614453e-04
2.66242233e-01 -5.90789420e-06 2.52569631e-04
2.66773999e-01 7.63052749e-05 2.51847874e-04
2.67305760e-01 1.15974534e-04 2.59577459e-04
2.67837517e-01 4.77314801e-04 2.56060012e-04
2.68369269e-01 1.42262482e-04 2.61226509e-04
2.68901018e-01 1.99289460e-04 2.62176972e-04
2.69432761e-01 5.38447807e-04 2.65710150e-04
2.69964501e-01 -5.01161615e-04 2.52730861e-04
2.70496236e-01 4.70627282e-04 2.62949523e-04
2.71027967e-01 3.92671703e-05 2.64367005e-04
2.71559693e-01 2.83836947e-04 2.61562867e-04
2.72091415e-01 1.72853583e-04 2.62581424e-04
2.72623133e-01 -7.46155351e-05 2.61753566e-04
2.73154846e-01 -2.16088131e-04 2.56977588e-04
2.73686555e-01 1.19982480e-05 2.63156820e-04
2.74218260e-01 -2.73533492e-04 2.59557705e-04
2.74749960e-01 7.61018094e-05 2.60583755e-04
2.75281655e-01 -8.27157497e-05 2.61511966e-04
2.75813346e-01 -3.71762368e-05 2.59372659e-04
2.76345033e-01 3.37765600e-06 2.55450304e-04
2.76876715e-01 3.17524718e-04 2.61696829e-04
2.77408393e-01 -4.50688219e-05 2.47576148e-04
2.77940066e-01 -2.39531962e-04 2.53581730e-04
2.78471735e-01 3.96074683e-05 2.54396904e-04
2.79003400e-01 6.40154935e-05 2.50805623e-04
2.79535059e-01 1.45959599e-04 2.52797754e-04
2.80066715e-01 -6.56810189e-05 2.51272457e-04
2.80598366e-01 -2.67739961e-04 2.47719442e-04
2.81130012e-01 4.15992374e-04 2.56440818e-04
2.81661654e-01 2.53675618e-04 2.53705980e-04
2.82193291e-01 1.17698404e-04 2.50250717e-04
2.82724923e-01 -1.61539146e-04 2.49969417e-04
2.83256552e-01 -2.67158499e-04 2.46394253e-04
2.83788175e-01 1.88798082e-04 2.46673476e-04
2.84319794e-01 4.42968484e-05 2.50277926e-04
2.84851408e-01 -3.95243944e-06 2.46545235e-04
2.85383018e-01 -7.51796930e-05 2.53521376e-04
2.85914623e-01 2.84012932e-04 2.45497355e-04
2.86446224e-01 -1.89747872e-04 2.47298847e-04
2.86977820e-01 -1.79590721e-04 2.43116453e-04
2.87509411e-01 4.66616776e-05 2.46752491e-04
2.88040998e-01 -6.75728413e-05 2.47392582e-04
2.88572580e-01 -1.07114925e-04 2.52221043e-04
2.89104157e-01 -2.23063622e-05 2.48874599e-04
2.89635730e-01 5.51432976e-04 2.50485712e-04
2.90167298e-01 4.54621875e-04 2.56553343e-04
2.90698862e-01 -5.20926972e-06 2.47561177e-04
2.91230420e-01 -6.89991180e-06 2.50159959e-04
2.91761974e-01 3.86916024e-04 2.50144302e-04
2.92293524e-01 -1.45743171e-04 2.50198062e-04
2.92825068e-01 5.48254574e-04 2.52385811e-04
2.93356608e-01 4.00660266e-04 2.52648450e-04
2.93888143e-01 -1.03438864e-04 2.53787586e-04
2.94419674e-01 4.29603955e-05 2.49994784e-04
2.94951199e-01 -2.91418714e-04 2.45453763e-04
2.95482720e-01 -1.95836003e-04 2.45312916e-04
2.96014236e-01 -1.95325177e-04 2.49461271e-04
2.96545748e-01 -3.18901287e-04 2.50200298e-04
2.97077254e-01 1.42097702e-05 2.48282903e-04
2.97608756e-01 -4.89354102e-05 2.45862024e-04
2.98140253e-01 1.58563980e-04 2.47030491e-04
2.98671745e-01 3.30122400e-04 2.42589409e-04
2.99203233e-01 1.05428161e-04 2.40903950e-04
2.99734715e-01 -9.56120421e-05 2.38592737e-04
3.00266193e-01 -2.17749429e-04 2.39462530e-04
3.00797666e-01 3.05746706e-04 2.41692800e-04
3.01329134e-01 -6.89820893e-05 2.41182237e-04
3.01860597e-01 -1.17960674e-04 2.39945199e-04
3.02392056e-01 1.18387985e-04 2.41239851e-04
3.02923509e-01 1.59875947e-05 2.37650349e-04
3.03454958e-01 5.18773219e-04 2.40563672e-04
3.03986401e-01 3.73570655e-05 2.34716698e-04
3.04517840e-01 6.40885034e-06 2.34832343e-04
3.05049274e-01 2.09575425e-04 2.34392977e-04
3.05580703e-01 -4.38940300e-05 2.33814501e-04
3.06112127e-01 4.18266444e-04 2.38163898e-04
3.06643546e-01 4.72399464e-04 2.35743344e-04
3.07174960e-01 1.97157769e-04 2.37527280e-04
3.07706370e-01 -1.77885197e-04 2.37031066e-04
3.08237774e-01 1.89302335e-04 2.37723484e-04
3.08769173e-01 3.24584553e-04 2.35238042e-04
3.09300568e-01 3.22506931e-04 2.35740695e-04
3.09831957e-01 1.12008886e-04 2.36190281e-04
3.10363341e-01 -1.53726132e-04 2.37085531e-04
3.10894721e-01 4.02059113e-04 2.34380600e-04
3.11426095e-01 1.72951496e-04 2.32751010e-04
3.11957464e-01 6.45153058e-05 2.32077541e-04
3.12488829e-01 7.92527989e-05 2.33898543e-04
3.13020188e-01 -5.78331175e-04 2.35927001e-04
3.13551542e-01 1.17640315e-04 2.36286472e-04
3.14082891e-01 5.03494496e-05 2.33880162e-04
3.14614235e-01 6.95889863e-05 2.37494704e-04
3.15145574e-01 4.96870534e-04 2.33506561e-04
3.15676908e-01 6.56456193e-05 2.30976269e-04
3.16208237e-01 1.31209382e-04 2.31797865e-04
3.16739561e-01 -3.56790638e-04 2.28304794e-04
3.17270880e-01 -3.18035829e-04 2.33576226e-04
3.17802193e-01 2.59853969e-04 2.29038001e-04
3.18333502e-01 4.53711927e-04 2.32076639e-04
3.18864805e-01 -6.47839577e-05 2.29684520e-04
3.19396103e-01 9.85320810e-05 2.34967487e-04
3.19927396e-01 3.93385980e-04 2.28905946e-04
3.20458684e-01 -1.82082353e-05 2.29699686e-04
3.20989967e-01 -4.95671094e-05 2.28259639e-04
3.21521244e-01 1.22338321e-04 2.34487738e-04
3.22052517e-01 -1.13622781e-04 2.27892272e-04
3.22583784e-01 -1.40028726e-04 2.30736898e-04
3.23115046e-01 1.24634541e-05 2.28675257e-04
3.23646303e-01 3.57934987e-05 2.26329339e-04
3.24177554e-01 1.62751629e-04 2.26684025e-04
3.24708801e-01 -2.88611299e-04 2.25340233e-04
3.25240042e-01 7.56524714e-05 2.21091159e-04
3.25771278e-01 1.32786564e-04 2.28184675e-04
3.26302508e-01 1.72904450e-04 2.32727269e-04
3.26833734e-01 2.94471213e-04 2.21866733e-04
3.27364954e-01 2.94613236e-04 2.27125059e-04
3.27896169e-01 1.74646126e-04 2.23916954e-04
3.28427378e-01 -1.63270439e-04 2.26207139e-04
3.28958583e-01 -1.71253850e-04 2.25208104e-04
3.29489782e-01 -3.20990010e-04 2.21279895e-04
3.30020975e-01 1.23960244e-04 2.22672154e-04
3.30552164e-01 1.11124565e-04 2.23479244e-04
3.31083347e-01 2.51965614e-04 2.21531070e-04
3.31614524e-01 -5.32794969e-05 2.23509985e-04
3.32145697e-01 1.88979507e-04 2.22073526e-04
3.32676864e-01 3.51548051e-05 2.22179044e-04
3.33208025e-01 1.86432115e-04 2.27067485e-04
3.33739182e-01 1.21517352e-04 2.21910059e-04
3.34270333e-01 3.72844351e-05 2.24523417e-04
3.34801478e-01 -2.46741633e-05 2.19470985e-04
3.35332618e-01 4.20181010e-05 2.20381323e-04
3.35863753e-01 4.28170772e-04 2.22828346e-04
3.36394883e-01 -6.99843559e-05 2.18541911e-04
3.36926007e-01 1.48191394e-04 2.23528739e-04
3.37457125e-01 -9.08241420e-05 2.15790526e-04
3.37988238e-01 -1.01367858e-04 2.19701521e-04
3.38519346e-01 -2.55247918e-04 2.18235845e-04
3.39050448e-01 -1.42965285e-04 2.17711410e-04
3.39581545e-01 -3.10318461e-04 2.13911399e-04
3.40112636e-01 1.27150012e-04 2.14602417e-04
3.40643722e-01 5.57262823e-05 2.15454350e-04
3.41174802e-01 -4.01489490e-04 2.16975266e-04
3.41705877e-01 2.43454313e-04 2.16421808e-04
3.42236946e-01 1.71289910e-04 2.15465077e-04
3.42768010e-01 -9.99681192e-05 2.16653298e-04
3.43299068e-01 2.18141562e-05 2.16179908e-04
3.43830121e-01 1.54069821e-04 2.14620947e-04
3.44361168e-01 1.45822311e-05 2.17910706e-04
3.44892210e-01 -2.70756754e-04 2.17814263e-04
3.45423246e-01 -8.24555579e-05 2.16881242e-04
3.45954277e-01 -1.22496408e-04 2.17086678e-04
3.46485302e-01 1.88983476e-04 2.16553523e-04
3.47016321e-01 -2.18012197e-04 2.18382987e-04
3.47547335e-01 1.07386853e-04 2.16167067e-04
3.48078343e-01 5.33716932e-05 2.14192712e-04
3.48609346e-01 1.10414365e-04 2.13586197e-04
3.49140343e-01 -2.32901976e-04 2.14021803e-04
3.49671334e-01 6.59394220e-05 2.15277509e-04
3.50202320e-01 1.09846495e-04 2.15090348e-04
3.50733300e-01 -6.54235445e-06 2.13113970e-04
3.51264275e-01 2.12045099e-04 2.15608745e-04
3.51795244e-01 5.46546224e-05 2.15870559e-04
3.52326207e-01 -4.28003772e-04 2.07989040e-04
3.52857164e-01 -2.53078863e-04 2.10461868e-04
3.53388116e-01 1.56070745e-04 2.13978776e-04
3.53919062e-01 -1.03677751e-04 2.11919714e-04
3.54450003e-01 3.49678842e-05 2.15247856e-04
3.54980938e-01 -5.07566313e-04 2.09672397e-04
3.55511867e-01 -6.42155846e-05 2.12258515e-04
3.56042790e-01 -5.01041507e-05 2.07976300e-04
3.56573708e-01 5.69493961e-05 2.09522913e-04
3.57104620e-01 -2.24115765e-04 2.11393235e-04
3.57635526e-01 -2.97047748e-04 2.11052356e-04
3.58166426e-01 2.39261383e-04 2.06568809e-04
3.58697321e-01 2.56178940e-04 2.08734354e-04
3.59228210e-01 -5.79151290e-05 2.04061666e-04
3.59759093e-01 1.58251078e-04 2.08681973e-04
3.60289970e-01 2.18755695e-04 2.08224654e-04
3.60820841e-01 1.63683234e-04 2.08988066e-04
3.61351707e-01 -1.30927422e-04 2.05898079e-04
3.61882567e-01 5.84520165e-05 2.08597915e-04
3.62413421e-01 5.08324929e-05 2.06036905e-04
3.62944269e-01 5.61844288e-05 2.05934022e-04
3.63475112e-01 -5.72001169e-05 2.04534120e-04
3.64005948e-01 2.34667977e-05 2.04857644e-04
3.64536779e-01 2.34177757e-04 2.08215189e-04
3.65067604e-01 -2.11342115e-04 2.05397910e-04
3.65598423e-01 -2.19081725e-04 2.06836970e-04
3.66129236e-01 -3.06090786e-04 2.07651327e-04
3.66660043e-01 3.38128550e-06 2.05670708e-04
3.67190844e-01 -3.06436459e-05 2.04937907e-04
3.67721639e-01 1.74325836e-04 2.08066201e-04
3.68252429e-01 2.70016052e-04 2.05281047e-04
3.68783212e-01 2.98133843e-05 2.04464635e-04
3.69313990e-01 8.93795519e-05 2.04959564e-04
3.69844762e-01 4.95467305e-05 2.05126621e-04
3.70375527e-01 1.71049856e-04 2.03911684e-04
3.70906287e-01 2.91492989e-04 2.03533565e-04
3.71437041e-01 4.43896357e-06 2.03266387e-04
3.71967789e-01 -8.90060873e-05 2.02021338e-04
3.72498531e-01 -1.12211657e-04 2.01358577e-04
3.73029266e-01 8.55006830e-05 2.02581817e-04
3.73559996e-01 2.57013448e-04 2.03567757e-04
3.74090720e-01 -8.57208698e-05 2.00777420e-04
3.74621438e-01 5.41186659e-06 2.01573668e-04
3.75152150e-01 3.25241034e-04 2.06228578e-04
3.75682855e-01 4.15385424e-04 2.02503671e-04
3.76213555e-01 1.40738209e-04 2.05643923e-04
3.76744249e-01 -8.14567812e-05 1.98679092e-04
3.77274936e-01 2.81098039e-06 2.03121061e-04
3.77805618e-01 1.52082190e-04 2.01957632e-04
3.78336293e-01 1.96594220e-04 2.03758117e-04
3.78866963e-01 -6.93510792e-05 2.00900572e-04
3.79397626e-01 -2.36640180e-04 1.97418013e-04
3.79928283e-01 -3.13607671e-04 2.01481731e-04
3.80458934e-01 -3.39946849e-04 2.01918543e-04
3.80989579e-01 1.85301247e-04 2.03129530e-04
3.81520218e-01 -6.45079931e-05 2.04920882e-04
3.82050851e-01 1.18384797e-04 2.02081525e-04
3.82581478e-01 9.89470183e-05 2.05400363e-04
3.83112098e-01 2.78510409e-05 2.07313170e-04
3.83642712e-01 -1.40008147e-04 2.04635888e-04
3.84173320e-01 4.97798260e-05 2.06783495e-04
3.84703922e-01 -3.81599654e-05 2.03447775e-04
3.85234518e-01 5.61840403e-05 2.06669099e-04
3.85765108e-01 1.57269269e-04 2.03452132e-04
3.86295691e-01 -2.01760399e-04 2.03689002e-04
3.86826268e-01 -1.05352482e-04 2.03661858e-04
3.87356839e-01 1.98477394e-04 2.03723998e-04
3.87887404e-01 1.09041714e-05 2.05307773e-04
3.88417962e-01 2.22969382e-04 2.07548513e-04
3.88948514e-01 2.82232088e-05 2.05731962e-04
3.89479060e-01 2.99332153e-04 2.03153482e-04
3.90009600e-01 1.84025227e-05 1.99368820e-04
3.90540134e-01 -5.61991675e-05 2.01915857e-04
3.91070661e-01 3.03175710e-05 2.02052371e-04
3.91601182e-01 2.49166282e-04 2.03829474e-04
3.92131696e-01 2.13255686e-04 2.04824561e-04
3.92662205e-01 2.54715594e-04 2.04649670e-04
3.93192707e-01 -3.36802263e-04 2.00867302e-04
3.93723202e-01 -1.37451311e-04 2.07446921e-04
3.94253692e-01 1.81668357e-04 2.07140912e-04
3.94784175e-01 4.90137948e-04 2.06404604e-04
3.95314651e-01 1.19546563e-04 2.04059758e-04
3.95845122e-01 1.32006471e-04 2.07010067e-04
3.96375585e-01 1.71263609e-05 2.04881249e-04
3.96906043e-01 -1.26412524e-04 2.03582119e-04
3.97436494e-01 -4.21988123e-05 2.07310851e-04
3.97966939e-01 5.74779028e-05 2.04804404e-04
3.98497377e-01 3.20104593e-05 2.06920081e-04
3.99027809e-01 3.39481105e-05 2.06440416e-04
3.99558235e-01 -4.01781589e-05 2.02810773e-04
4.00088654e-01 5.91160666e-05 2.07645158e-04
4.00619067e-01 1.68340758e-04 2.07062813e-04
4.01149473e-01 -1.40699828e-04 2.09402609e-04
4.01679873e-01 -5.04548285e-04 2.04682719e-04
4.02210267e-01 5.65540359e-05 2.12069635e-04
4.02740654e-01 1.57185433e-04 2.15165941e-04
4.03271034e-01 6.73728304e-05 2.09303630e-04
4.03801408e-01 -2.65712462e-04 2.14690653e-04
4.04331776e-01 2.72361455e-04 2.12968627e-04
4.04862137e-01 5.31921972e-05 2.14673475e-04
4.05392491e-01 2.92584650e-04 2.15813486e-04
4.05922839e-01 2.91630317e-04 2.14066987e-04
4.06453181e-01 4.03317035e-04 2.20575494e-04
4.06983516e-01 3.45856905e-04 2.22239336e-04
4.07513844e-01 -9.88441747e-05 2.19917090e-04
4.08044166e-01 -1.56622465e-04 2.19778603e-04
4.08574481e-01 -3.90607839e-05 2.16642665e-04
4.09104790e-01 7.79523710e-05 2.20474881e-04
4.09635092e-01 -5.00491097e-04 2.20638227e-04
4.10165388e-01 1.98278569e-05 2.19210472e-04
4.10695677e-01 -8.75177796e-05 2.22146048e-04
4.11225960e-01 3.73255062e-04 2.39024089e-04
4.11756235e-01 -1.74308965e-04 2.52886296e-04
4.12286505e-01 3.90513643e-04 2.64791021e-04
4.12816767e-01 8.59561024e-05 2.76655669e-04
4.13347023e-01 1.61784139e-04 2.92433730e-04
4.13877273e-01 2.09088188e-05 3.11450064e-04
4.14407515e-01 1.78370531e-04 3.15741215e-04
4.14937751e-01 -5.86356031e-04 3.19143068e-04
4.15467981e-01 1.11898398e-04 3.39179591e-04
4.15998203e-01 9.43383528e-04 3.44120300e-04
4.16528419e-01 -1.96980200e-04 3.37683130e-04
4.17058629e-01 -2.73391057e-04 3.43436678e-04
4.17588831e-01 2.02887463e-04 3.64897943e-04
4.18119027e-01 2.79282697e-05 4.06774855e-04
4.18649217e-01 -3.23655316e-04 4.92813663e-04
4.19179399e-01 -2.31904554e-03 1.24282194e-03
