7.45980241e-03 -3.83175143e-03 3.40466073e-02
7.99264482e-03 1.35964941e-02 1.96444314e-02
8.52548709e-03 1.24660107e-03 1.44593294e-02
9.05832923e-03 3.18295975e-03 1.20713198e-02
9.59117122e-03 -3.95598278e-03 1.07273548e-02
1.01240131e-02 3.29959952e-03 8.79160007e-03
1.06568547e-02 4.54555232e-03 7.85674470e-03
1.11896962e-02 3.45288378e-03 5.66270062e-03
1.17225375e-02 1.96514408e-03 4.53447374e-03
1.22553787e-02 9.61480118e-04 3.54083420e-03
1.27882196e-02 3.15762669e-03 2.95719562e-03
1.33210603e-02 7.70199612e-04 2.52474399e-03
1.38539008e-02 2.97814306e-03 2.18447468e-03
1.43867411e-02 6.27975192e-04 2.10561881e-03
1.49195812e-02 9.21037606e-04 1.86950873e-03
1.54524210e-02 -2.09815967e-03 1.61607920e-03
1.59852605e-02 7.09963391e-04 1.60391468e-03
1.65180998e-02 -3.52014244e-03 1.62642058e-03
1.70509389e-02 -9.50822733e-04 1.52617935e-03
1.75837776e-02 4.60296884e-04 1.45202374e-03
1.81166161e-02 1.95925827e-03 1.36101522e-03
1.86494543e-02 5.21784483e-04 1.24987606e-03
1.91822922e-02 5.70443068e-04 1.17059321e-03
1.97151297e-02 -7.48153668e-04 1.20603480e-03
2.02479670e-02 -9.87555673e-04 1.09937919e-03
2.07808039e-02 2.04785425e-03 1.03416091e-03
2.13136405e-02 1.79778552e-03 1.11505582e-03
2.18464767e-02 -1.65046231e-03 1.09555662e-03
2.23793126e-02 -1.22888237e-03 9.62270642e-04
2.29121481e-02 -2.48659656e-04 9.99862815e-04
2.34449833e-02 -7.37436040e-04 1.05505201e-03
2.39778181e-02 3.47680072e-04 1.00921642e-03
2.45106524e-02 -2.34328960e-04 9.90444093e-04
2.50434864e-02 1.16469868e-03 8.99896290e-04
2.55763200e-02 1.98367557e-04 9.82366924e-04
2.61091532e-02 -4.01841306e-04 8.95807046e-04
2.66419859e-02 4.12670121e-04 8.79708333e-04
2.71748182e-02 -2.25758654e-04 9.21636917e-04
2.77076501e-02 -4.06701988e-04 8.69165579e-04
2.82404815e-02 7.32291586e-04 8.95528616e-04
2.87733125e-02 3.06533115e-04 8.87608097e-04
2.93061430e-02 -1.15337541e-03 8.59582288e-04
2.98389731e-02 -2.52611259e-04 8.31106804e-04
3.03718026e-02 8.93138513e-04 9.05490054e-04
3.09046317e-02 -1.10777785e-03 8.45246285e-04
3.14374602e-02 1.19499873e-03 8.32008402e-04
3.19702883e-02 7.41929153e-04 7.59038494e-04
3.25031158e-02 7.32549752e-04 7.71946468e-04
3.30359428e-02 2.21477558e-04 7.67156939e-04
3.35687693e-02 1.19478031e-03 7.58259881e-04
3.41015952e-02 1.12113071e-03 7.24953352e-04
3.46344206e-02 9.50163626e-05 6.88888253e-04
3.51672454e-02 1.19472755e-03 7.59631603e-04
3.57000696e-02 -5.61322719e-05 7.38032557e-04
3.62328933e-02 6.66948797e-04 7.35574525e-04
3.67657164e-02 -1.75142631e-04 7.13842045e-04
3.72985389e-02 -3.43330272e-04 7.10419854e-04
3.78313608e-02 -6.52864365e-04 7.31967181e-04
3.83641820e-02 -2.58279204e-04 6.92904880e-04
3.88970027e-02 6.44904098e-05 7.13235657e-04
3.94298227e-02 8.04471956e-04 7.37136655e-04
3.99626421e-02 -9.87412168e-04 7.01095181e-04
4.04954608e-02 -1.93050630e-04 7.52178654e-04
4.10282789e-02 3.18580798e-04 7.07673688e-04
4.15610963e-02 4.15350577e-04 6.59254790e-04
4.20939131e-02 9.35466777e-04 7.07259814e-04
4.26267291e-02 4.46235300e-04 7.29501083e-04
4.31595445e-02 -1.02582876e-03 7.01112015e-04
4.36923592e-02 -8.72117786e-05 7.13794907e-04
4.42251732e-02 8.87472498e-04 6.90492187e-04
4.47579864e-02 5.01012416e-04 7.24575825e-04
4.52907989e-02 -4.61364158e-04 7.07594542e-04
4.58236107e-02 6.82783722e-04 7.54344883e-04
4.63564218e-02 -6.55889191e-04 7.22665592e-04
4.68892321e-02 6.56282311e-04 7.23656668e-04
4.74220417e-02 1.39143334e-03 7.05105256e-04
4.79548504e-02 6.29553791e-04 7.25986641e-04
4.84876584e-02 1.65024359e-04 6.82901045e-04
4.90204657e-02 6.51611146e-04 7.39217097e-04
4.95532721e-02 3.00849961e-04 7.10574401e-04
5.00860777e-02 -5.45514594e-05 6.94097131e-04
5.06188825e-02 9.36101320e-05 6.76244921e-04
5.11516865e-02 7.10490761e-04 6.79904853e-04
5.16844897e-02 2.94154666e-04 6.47106058e-04
5.22172920e-02 -5.10492348e-04 6.41871356e-04
5.27500935e-02 1.88266203e-04 6.60048609e-04
5.32828941e-02 4.16510977e-04 6.40430682e-04
5.38156939e-02 -8.27066424e-04 6.45845745e-04
5.43484928e-02 -1.43802532e-04 6.48662542e-04
5.48812908e-02 -4.09756434e-04 6.35124613e-04
5.54140880e-02 5.00024089e-04 6.07993492e-04
5.59468842e-02 5.49077891e-04 6.45029278e-04
5.64796795e-02 1.03054185e-03 6.24244621e-04
5.70124739e-02 3.57417127e-04 6.18887171e-04
5.75452674e-02 -3.96062496e-05 5.94218713e-04
5.80780600e-02 2.94838809e-04 6.29938250e-04
5.86108516e-02 1.83087068e-04 5.84528204e-04
5.91436423e-02 4.43955129e-04 5.94651187e-04
5.96764320e-02 -3.63605089e-05 6.16149690e-04
6.02092208e-02 9.55523099e-04 6.07300221e-04
6.07420086e-02 -6.42339716e-04 5.90424164e-04
6.12747953e-02 -6.11122763e-04 5.94900835e-04
6.18075812e-02 -3.01695680e-04 6.03703612e-04
6.23403660e-02 -2.25271952e-04 5.94892456e-04
6.28731498e-02 -7.05183099e-04 5.78575739e-04
6.34059325e-02 -1.27534709e-04 5.79398308e-04
6.39387143e-02 3.34057945e-04 6.01610789e-04
6.44714950e-02 1.90307968e-04 5.94560765e-04
6.50042747e-02 -6.43800961e-04 5.80509351e-04
6.55370533e-02 -9.17516431e-04 5.78955076e-04
6.60698309e-02 -5.81944951e-05 5.64485321e-04
6.66026074e-02 -7.16995466e-04 5.97680722e-04
6.71353828e-02 3.12668588e-04 6.03269009e-04
6.76681571e-02 4.67528341e-05 5.74962093e-04
6.82009304e-02 1.82757484e-04 5.78123596e-04
6.87337025e-02 -1.06816517e-04 5.89473284e-04
6.92664735e-02 -2.20426179e-04 5.71227865e-04
6.97992434e-02 -8.62905952e-04 5.89404104e-04
7.03320122e-02 2.58376413e-04 5.59341599e-04
7.08647798e-02 1.58614008e-03 5.89815456e-04
7.13975463e-02 -8.86866069e-05 5.75353981e-04
7.19303116e-02 6.19419775e-04 5.51654008e-04
7.24630758e-02 8.00590999e-04 5.27947296e-04
7.29958388e-02 -1.16620732e-04 5.35941139e-04
7.35286006e-02 -1.12421236e-03 5.45216161e-04
7.40613612e-02 2.25992287e-04 5.39911674e-04
7.45941207e-02 -5.10715662e-04 5.46504409e-04
7.51268789e-02 8.08764009e-04 5.23905917e-04
7.56596359e-02 4.29698845e-04 5.43142605e-04
7.61923917e-02 7.66626736e-04 5.32673036e-04
7.67251462e-02 2.94892069e-04 5.46094091e-04
7.72578995e-02 2.72912078e-04 5.41400089e-04
7.77906516e-02 -3.97799367e-04 5.33438151e-04
7.83234024e-02 -3.24948933e-04 5.39549592e-04
7.88561519e-02 1.34166787e-04 5.16018594e-04
7.93889002e-02 -6.06688439e-04 5.18054345e-04
7.99216472e-02 -1.74983473e-04 5.32467669e-04
8.04543928e-02 1.21810557e-04 5.07545461e-04
8.09871372e-02 -6.00937448e-04 5.29659458e-04
8.15198803e-02 6.32290624e-04 5.08605631e-04
8.20526220e-02 9.37305201e-06 5.21863494e-04
8.25853624e-02 3.18355633e-05 5.03462409e-04
8.31181015e-02 4.05243720e-04 5.02790888e-04
8.36508393e-02 -4.02721476e-04 5.08628282e-04
8.41835757e-02 3.03620169e-04 5.06266817e-04
8.47163107e-02 -4.17646960e-04 4.92367029e-04
8.52490443e-02 1.71275739e-04 5.01847881e-04
8.57817766e-02 2.86231824e-04 4.97233611e-04
8.63145075e-02 1.43746799e-04 5.03876388e-04
8.68472370e-02 5.60248884e-04 4.84250995e-04
8.73799651e-02 8.60217625e-04 5.02360862e-04
8.79126918e-02 1.72760246e-05 5.02109996e-04
8.84454170e-02 -4.37988601e-04 4.78656867e-04
8.89781408e-02 -7.17060076e-04 4.88119868e-04
8.95108632e-02 -1.90084390e-04 4.93084926e-04
9.00435842e-02 9.12972901e-05 4.72335562e-04
9.05763036e-02 1.04259889e-04 4.83658694e-04
9.11090217e-02 4.01350068e-04 4.70167616e-04
9.16417382e-02 3.38509603e-04 4.83999279e-04
9.21744532e-02 3.49239961e-04 4.80108083e-04
9.27071668e-02 -6.82468855e-04 4.75188316e-04
9.32398789e-02 -7.64951977e-05 4.81602601e-04
9.37725894e-02 1.04981399e-04 4.77488075e-04
9.43052985e-02 1.59481196e-04 4.84733192e-04
9.48380060e-02 3.26255070e-05 4.66231475e-04
9.53707120e-02 3.14182711e-04 4.59016044e-04
9.59034164e-02 -1.47323865e-04 4.62557447e-04
9.64361193e-02 -3.88079298e-04 4.44385727e-04
9.69688206e-02 -6.68499846e-05 4.58023578e-04
9.75015204e-02 -4.00434323e-04 4.52208553e-04
9.80342186e-02 2.24591842e-04 4.44858440e-04
9.85669152e-02 -3.14897050e-04 4.52879320e-04
9.90996102e-02 3.51831728e-04 4.33721734e-04
9.96323036e-02 -7.38356064e-04 4.54410666e-04
1.00164995e-01 -3.04109424e-04 4.33055832e-04
1.00697686e-01 5.61309770e-04 4.34091175e-04
1.01230374e-01 3.71306439e-04 4.55032955e-04
1.01763061e-01 3.40073461e-04 4.32871467e-04
1.02295746e-01 1.01202739e-04 4.38573443e-04
1.02828430e-01 3.44460499e-04 4.40465299e-04
1.03361112e-01 -6.21929304e-04 4.25810238e-04
1.03893792e-01 -1.34731517e-03 4.38201630e-04
1.04426471e-01 -1.00611755e-03 4.31071815e-04
1.04959148e-01 8.37661808e-06 4.36001798e-04
1.05491823e-01 3.54298053e-04 4.31895195e-04
1.06024496e-01 3.57592270e-04 4.37134149e-04
1.06557168e-01 -2.31151188e-04 4.41354646e-04
1.07089838e-01 -3.77373974e-04 4.34529698e-04
1.07622506e-01 -1.13851140e-04 4.32851975e-04
1.08155173e-01 6.84592775e-04 4.39349995e-04
1.08687838e-01 -9.98872352e-05 4.19677890e-04
1.09220501e-01 4.81148480e-04 4.17417264e-04
1.09753162e-01 4.04881311e-05 4.34067561e-04
1.10285822e-01 4.66403377e-04 4.34775973e-04
1.10818479e-01 4.75869290e-04 4.24427667e-04
1.11351135e-01 -5.65695820e-04 4.18345608e-04
1.11883790e-01 -4.50193507e-04 4.19368957e-04
1.12416442e-01 -1.03674018e-04 4.11183386e-04
1.12949092e-01 1.07847235e-04 4.15894460e-04
1.13481741e-01 3.13871238e-04 4.17967780e-04
1.14014388e-01 5.61774352e-04 4.23981305e-04
1.14547033e-01 5.01931248e-04 4.24527284e-04
1.15079676e-01 6.00689571e-04 4.31858995e-04
1.15612318e-01 -1.86438811e-04 4.18392882e-04
1.16144957e-01 -5.79899610e-04 3.98665337e-04
1.16677595e-01 -5.33776067e-04 4.09060248e-04
1.17210230e-01 1.49000056e-04 4.13112385e-04
1.17742864e-01 -9.05935105e-05 4.13558138e-04
1.18275496e-01 -2.79445152e-04 4.11446471e-04
1.18808126e-01 6.27969599e-04 4.17443711e-04
1.19340754e-01 1.18753349e-04 4.15270676e-04
1.19873380e-01 -1.83949586e-04 4.00285741e-04
1.20406004e-01 -5.33320703e-04 4.08420854e-04
1.20938626e-01 7.09869837e-04 4.07454088e-04
1.21471247e-01 -2.32116220e-04 3.86602834e-04
1.22003865e-01 1.87345863e-04 4.10436232e-04
1.22536481e-01 4.32627891e-05 3.99359076e-04
1.23069096e-01 -4.34016503e-04 3.88478146e-04
1.23601708e-01 -1.53309401e-04 3.91513137e-04
1.24134318e-01 3.86666875e-04 3.78847935e-04
1.24666927e-01 2.66024933e-04 3.87429558e-04
1.25199533e-01 8.54717370e-04 3.87583807e-04
1.25732137e-01 -1.39835772e-04 3.95427477e-04
1.26264740e-01 1.52382496e-04 3.87897692e-04
1.26797340e-01 -1.03942815e-04 3.90561928e-04
1.27329938e-01 -1.22680137e-04 3.87968800e-04
1.27862534e-01 -2.88628376e-04 3.89764633e-04
1.28395128e-01 4.47474889e-04 3.88795434e-04
1.28927720e-01 -2.70158213e-04 3.95081968e-04
1.29460310e-01 2.94685283e-05 4.07188392e-04
1.29992898e-01 -1.06918272e-05 3.87791948e-04
1.30525484e-01 -1.44766929e-03 3.82102845e-04
1.31058067e-01 5.04926338e-04 3.99202944e-04
1.31590649e-01 -1.40230485e-05 4.04051876e-04
1.32123228e-01 2.96878587e-04 3.92069382e-04
1.32655805e-01 -1.88371080e-04 3.94107808e-04
1.33188380e-01 -6.29616175e-05 4.02397652e-04
1.33720953e-01 -4.73957547e-04 4.00545313e-04
1.34253524e-01 9.77197966e-05 4.03261277e-04
1.34786093e-01 -1.47311930e-04 4.12198351e-04
1.35318659e-01 -1.95918548e-04 3.90131446e-04
1.35851223e-01 4.10864231e-04 3.89514155e-04
1.36383785e-01 7.76811520e-05 3.87534742e-04
1.36916345e-01 1.09693095e-03 3.89264550e-04
1.37448903e-01 2.80312919e-04 3.74696724e-04
1.37981458e-01 6.22478316e-04 3.87867329e-04
1.38514011e-01 -4.57189389e-04 3.72386300e-04
1.39046562e-01 5.88786326e-04 3.72452664e-04
1.39579111e-01 -1.44380704e-04 3.86818069e-04
1.40111657e-01 5.55132728e-04 3.79220636e-04
1.40644201e-01 -1.26532216e-04 3.82129806e-04
1.41176743e-01 -2.90027916e-04 3.72822799e-04
1.41709283e-01 -2.55146707e-05 3.70322109e-04
1.42241820e-01 8.96159397e-04 3.82228178e-04
1.42774355e-01 -7.06698010e-04 3.67341253e-04
1.43306888e-01 -3.04000010e-04 3.70856548e-04
1.43839418e-01 3.97949056e-04 3.73327325e-04
1.44371946e-01 2.95227795e-04 3.66832690e-04
1.44904472e-01 4.67783004e-04 3.74926422e-04
1.45436995e-01 -4.27570716e-04 3.73707987e-04
1.45969516e-01 5.63480052e-05 3.71122122e-04
1.46502035e-01 2.15733398e-04 3.63613136e-04
1.47034551e-01 -1.42530564e-04 3.67131497e-04
1.47567065e-01 1.93735719e-04 3.58477808e-04
1.48099577e-01 7.01096551e-04 3.61462476e-04
1.48632086e-01 -1.54919353e-04 3.53760521e-04
1.49164593e-01 -1.69484263e-04 3.61891237e-04
1.49697097e-01 -2.90530505e-04 3.58704088e-04
1.50229599e-01 1.24282668e-04 3.55670203e-04
1.50762098e-01 2.44209186e-06 3.58770891e-04
1.51294595e-01 2.16147750e-04 3.61749473e-04
1.51827090e-01 -5.01109378e-05 3.59432782e-04
1.52359582e-01 3.97284273e-04 3.59273828e-04
1.52892072e-01 2.25172913e-04 3.47268466e-04
1.53424559e-01 1.99937334e-04 3.65842007e-04
1.53957044e-01 -7.62557169e-06 3.48120005e-04
1.54489526e-01 2.92008240e-04 3.52020946e-04
1.55022006e-01 6.06515977e-04 3.64317194e-04
1.55554483e-01 4.11297119e-04 3.62137528e-04
1.56086958e-01 -2.51592702e-04 3.59496375e-04
1.56619430e-01 7.53569170e-04 3.66995794e-04
1.57151899e-01 -9.93069069e-05 3.60420096e-04
1.57684366e-01 -1.11640717e-04 3.62894408e-04
1.58216831e-01 9.71589718e-05 3.60276485e-04
1.58749293e-01 1.34699474e-04 3.66161427e-04
1.59281752e-01 3.51687788e-04 3.62834522e-04
1.59814209e-01 -3.48979150e-05 3.57987321e-04
1.60346664e-01 2.78069889e-05 3.67399018e-04
1.60879115e-01 5.29413978e-05 3.73466117e-04
1.61411564e-01 -4.27866508e-04 3.65568532e-04
1.61944011e-01 8.74506707e-05 3.55748354e-04
1.62476455e-01 3.20212234e-04 3.62057446e-04
1.63008896e-01 1.07819730e-04 3.64819046e-04
1.63541335e-01 2.90561898e-04 3.63289704e-04
1.64073771e-01 4.70128380e-04 3.61479311e-04
1.64606204e-01 1.20057255e-04 3.55791154e-04
1.65138635e-01 -2.98714254e-05 3.54274529e-04
1.65671063e-01 -2.06759808e-04 3.48199248e-04
1.66203488e-01 -8.75298860e-05 3.50483591e-04
1.66735910e-01 1.89570874e-04 3.50360537e-04
1.67268330e-01 -2.88278938e-04 3.52533573e-04
1.67800748e-01 -2.44211734e-04 3.37046039e-04
1.68333162e-01 2.15694376e-04 3.46967171e-04
1.68865574e-01 1.32488990e-05 3.52688039e-04
1.69397983e-01 4.25812315e-04 3.45823025e-04
1.69930389e-01 -4.83643759e-04 3.49966129e-04
1.70462793e-01 5.10733308e-04 3.44949174e-04
1.70995194e-01 -7.55090469e-04 3.38557347e-04
1.71527592e-01 3.06420326e-04 3.35322129e-04
1.72059987e-01 -2.80142317e-04 3.38192397e-04
1.72592380e-01 -2.30054792e-04 3.42115327e-04
1.73124769e-01 2.38140168e-04 3.41959189e-04
1.73657156e-01 4.04437256e-04 3.39621326e-04
1.74189540e-01 4.44094003e-04 3.29316859e-04
1.74721922e-01 1.62244046e-04 3.34119118e-04
1.75254300e-01 -1.38897904e-04 3.37144279e-04
1.75786676e-01 -1.20700803e-04 3.31187510e-04
1.76319049e-01 5.74197081e-04 3.46179945e-04
1.76851418e-01 -6.19683588e-04 3.37722061e-04
1.77383786e-01 3.13011861e-04 3.48533841e-04
1.77916150e-01 -4.15084721e-05 3.43508715e-04
1.78448511e-01 4.71131880e-05 3.44113600e-04
1.78980870e-01 1.50496622e-04 3.35504957e-04
1.79513225e-01 -1.12292386e-04 3.36331113e-04
1.80045578e-01 -5.03849068e-04 3.43030764e-04
1.80577928e-01 -4.38101413e-05 3.53797897e-04
1.81110275e-01 -8.19202428e-05 3.41513807e-04
1.81642618e-01 -4.00013101e-04 3.33713697e-04
1.82174959e-01 -5.32038014e-04 3.34643984e-04
1.82707297e-01 3.16201341e-04 3.42600400e-04
1.83239633e-01 3.84606115e-04 3.50089012e-04
1.83771965e-01 -4.02952392e-04 3.43612521e-04
1.84304294e-01 4.36933312e-04 3.48751439e-04
1.84836620e-01 -9.27450149e-04 3.31000871e-04
1.85368943e-01 3.83300108e-05 3.39524088e-04
1.85901263e-01 3.68973275e-04 3.26680524e-04
1.86433581e-01 -9.05817447e-05 3.27630224e-04
1.86965895e-01 7.30113078e-05 3.42785954e-04
1.87498206e-01 5.78786671e-04 3.35717785e-04
1.88030514e-01 -8.48791236e-04 3.26011431e-04
1.88562819e-01 2.06021654e-04 3.26908394e-04
1.89095121e-01 4.85664672e-04 3.38011340e-04
1.89627420e-01 -4.37929407e-05 3.33804292e-04
1.90159716e-01 5.16915555e-04 3.30390689e-04
1.90692009e-01 1.55149520e-04 3.20811319e-04
1.91224299e-01 -3.86586738e-06 3.24254847e-04
1.91756586e-01 1.57119327e-04 3.23390554e-04
1.92288869e-01 2.01768241e-04 3.25891909e-04
1.92821150e-01 1.90670594e-04 3.21872558e-04
1.93353427e-01 -5.33443322e-05 3.26641892e-04
1.93885701e-01 4.25124580e-04 3.29509223e-04
1.94417972e-01 -5.19809946e-05 3.16888189e-04
1.94950240e-01 5.83167196e-05 3.19707239e-04
1.95482505e-01 1.92566571e-06 3.10467367e-04
1.96014767e-01 -4.47248551e-04 3.21612160e-04
1.96547025e-01 2.66809288e-04 3.14550025e-04
1.97079281e-01 2.83509369e-04 3.24161693e-04
1.97611533e-01 -3.20700182e-04 3.07290605e-04
1.98143782e-01 1.80348405e-04 3.17365735e-04
1.98676028e-01 3.41972636e-04 3.21611024e-04
1.99208270e-01 -3.79709595e-05 3.03451676e-04
1.99740510e-01 1.83846380e-04 3.00458743e-04
2.00272746e-01 -4.34285247e-04 2.92143911e-04
2.00804978e-01 4.02891283e-04 3.07939194e-04
2.01337208e-01 1.47299112e-04 3.12529886e-04
2.01869434e-01 -2.62411625e-04 3.15611395e-04
2.02401658e-01 -1.72010825e-04 3.10260763e-04
2.02933877e-01 -1.10075234e-04 3.05903892e-04
2.03466094e-01 -1.43587307e-04 3.08197585e-04
2.03998307e-01 2.55082910e-04 3.06538784e-04
2.04530517e-01 3.02293970e-04 3.06357552e-04
2.05062724e-01 2.02667835e-04 3.02403299e-04
2.05594927e-01 3.74359663e-05 2.99879737e-04
2.06127127e-01 1.76241295e-04 3.06585042e-04
2.06659324e-01 -7.13935858e-05 3.03586486e-04
2.07191517e-01 5.02434622e-05 3.02732695e-04
2.07723707e-01 4.47794136e-04 3.08022207e-04
2.08255894e-01 -1.42814177e-04 3.09831256e-04
2.08788077e-01 3.87765347e-05 2.97183175e-04
2.09320257e-01 5.05660031e-05 3.08812360e-04
2.09852434e-01 3.02773247e-04 3.08849228e-04
2.10384607e-01 -3.77952193e-04 2.95734648e-04
2.10916777e-01 3.71607227e-04 2.99490488e-04
2.11448943e-01 8.37759193e-06 3.03837416e-04
2.11981106e-01 1.40192438e-04 2.93686889e-04
2.12513266e-01 4.63575468e-04 2.94159494e-04
2.13045422e-01 1.19850663e-04 2.96567660e-04
2.13577575e-01 6.06669514e-05 2.97990886e-04
2.14109724e-01 -5.84483606e-05 2.94240090e-04
2.14641870e-01 8.62336614e-06 3.00741218e-04
2.15174012e-01 9.02659266e-05 2.92943346e-04
2.15706151e-01 3.51738191e-04 2.88653692e-04
2.16238286e-01 -2.90891136e-05 2.91462345e-04
2.16770418e-01 -1.01898403e-04 2.87704962e-04
2.17302546e-01 2.13301267e-04 3.04019163e-04
2.17834671e-01 -2.19900885e-04 2.93582771e-04
2.18366792e-01 3.39318922e-04 2.94650755e-04
2.18898910e-01 4.42911371e-04 2.91820922e-04
2.19431024e-01 -1.09467651e-04 2.87221312e-04
2.19963135e-01 -5.44118847e-06 2.90188372e-04
2.20495242e-01 -9.10348904e-06 2.87441490e-04
2.21027346e-01 -1.75668781e-04 2.84921720e-04
2.21559446e-01 2.09860911e-06 2.92615377e-04
2.22091542e-01 1.85938731e-04 2.89940773e-04
2.22623635e-01 3.01963158e-04 2.84487923e-04
2.23155724e-01 5.62646910e-05 2.85788240e-04
2.23687810e-01 4.06089699e-04 2.89038841e-04
2.24219892e-01 -4.82158299e-05 2.85854598e-04
2.24751971e-01 6.86714619e-04 2.80460298e-04
2.25284045e-01 2.95799163e-04 2.96123535e-04
2.25816117e-01 -9.89117900e-05 2.87020616e-04
2.26348184e-01 -8.95145100e-07 2.90309908e-04
2.26880248e-01 -4.12317836e-05 2.82087998e-04
2.27412308e-01 -3.19850664e-04 2.81229436e-04
2.27944365e-01 -6.14441388e-05 2.79839083e-04
2.28476418e-01 -9.82413736e-05 2.81723368e-04
2.29008467e-01 5.02727573e-04 2.81396260e-04
2.29540512e-01 5.47532505e-04 2.79793202e-04
2.30072554e-01 5.78956464e-04 2.94190542e-04
2.30604592e-01 1.65321550e-04 2.81528331e-04
2.31136626e-01 3.60628835e-04 2.88786608e-04
2.31668657e-01 -2.87981854e-04 2.79839964e-04
2.32200684e-01 1.97108237e-04 2.77930546e-04
2.32732707e-01 3.60549668e-05 2.76214937e-04
2.33264726e-01 -2.56795841e-04 2.75145070e-04
2.33796742e-01 -1.42532354e-04 2.82208305e-04
2.34328754e-01 -2.73291089e-04 2.76455035e-04
2.34860762e-01 2.71905477e-04 2.83550175e-04
2.35392766e-01 7.79258987e-06 2.80189562e-04
2.35924766e-01 8.51850093e-05 2.79698290e-04
2.36456763e-01 -1.13937469e-04 2.71667636e-04
2.36988756e-01 -9.74489612e-05 2.72171124e-04
2.37520745e-01 -4.94153455e-05 2.73511002e-04
2.38052730e-01 2.35881246e-04 2.75164292e-04
2.38584711e-01 3.35929725e-04 2.73157971e-04
2.39116689e-01 1.37620193e-04 2.78832881e-04
2.39648662e-01 8.40295302e-05 2.74501927e-04
2.40180632e-01 6.19564586e-04 2.74681095e-04
2.40712598e-01 2.54885110e-04 2.69996745e-04
2.41244560e-01 5.01432166e-05 2.75179922e-04
2.41776518e-01 9.02125880e-05 2.69852991e-04
2.42308472e-01 3.45222333e-05 2.73866043e-04
2.42840423e-01 1.25375806e-05 2.74552752e-04
2.43372369e-01 -2.95126856e-04 2.69269161e-04
2.43904311e-01 -3.26922802e-04 2.77105800e-04
2.44436250e-01 1.86359006e-04 2.70973564e-04
2.44968184e-01 -3.27338095e-04 2.72327027e-04
2.45500115e-01 7.56250573e-04 2.69733300e-04
2.46032042e-01 -8.44523853e-06 2.65867589e-04
2.46563964e-01 2.66115675e-04 2.73671863e-04
2.47095883e-01 5.94950226e-04 2.72692898e-04
2.47627798e-01 -1.88695055e-04 2.65500226e-04
2.48159708e-01 -3.70748160e-05 2.66522828e-04
2.48691615e-01 1.98163320e-04 2.71894996e-04
2.49223518e-01 -7.30859523e-05 2.69440522e-04
2.49755416e-01 -9.62301985e-05 2.70253205e-04
2.50287311e-01 1.49876889e-04 2.73761611e-04
2.50819201e-01 -4.50890852e-05 2.68341699e-04
2.51351088e-01 -1.55258846e-04 2.70137957e-04
2.51882971e-01 3.00569032e-04 2.67339556e-04
2.52414849e-01 2.00879023e-04 2.67066635e-04
2.52946723e-01 -3.00369298e-04 2.64493468e-04
2.53478594e-01 1.94937795e-04 2.64874560e-04
2.54010460e-01 2.62468733e-04 2.66787763e-04
2.54542322e-01 -1.45739675e-04 2.68354030e-04
2.55074180e-01 6.61334833e-04 2.65160155e-04
2.55606034e-01 -4.23042148e-04 2.66566384e-04
2.56137883e-01 -2.10406310e-04 2.62035686e-04
2.56669729e-01 -1.23650704e-04 2.62098674e-04
2.57201570e-01 -1.04265638e-04 2.57692583e-04
2.57733408e-01 2.35982575e-04 2.57958098e-04
2.58265241e-01 1.49935631e-04 2.66141472e-04
2.58797070e-01 -2.93387571e-05 2.60465728e-04
2.59328895e-01 -1.47180827e-04 2.60518252e-04
2.59860715e-01 -4.00538306e-05 2.59834068e-04
2.60392532e-01 -1.05875520e-05 2.62846084e-04
2.60924344e-01 -2.90057336e-04 2.52769913e-04
2.61456152e-01 -6.31532101e-05 2.55169202e-04
2.61987956e-01 -3.90395527e-04 2.54418651e-04
2.62519755e-01 7.57309300e-06 2.56718151e-04
2.63051551e-01 5.27277233e-04 2.53641391e-04
2.63583342e-01 3.09594323e-04 2.55621785e-04
2.64115129e-01 2.57309398e-04 2.55211612e-04
2.64646911e-01 7.46443154e-05 2.57714901e-04
2.65178690e-01 1.82341472e-04 2.54946635e-04
2.65710464e-01 -9.09733894e-05 2.55451652e-04
2.66242233e-01 2.34089902e-04 2.59028071e-04
2.66773999e-01 4.04882649e-04 2.57834889e-04
2.67305760e-01 -2.85516504e-04 2.51967889e-04
2.67837517e-01 3.13748575e-04 2.68715692e-04
2.68369269e-01 -2.41558204e-04 2.61438913e-04
2.68901018e-01 1.75108923e-04 2.58847394e-04
2.69432761e-01 4.15868481e-04 2.63844542e-04
2.69964501e-01 -7.71266444e-05 2.66286369e-04
2.70496236e-01 -5.27774316e-05 2.62130127e-04
2.71027967e-01 -7.04703516e-06 2.62310934e-04
2.71559693e-01 5.04816665e-04 2.58997665e-04
2.72091415e-01 -1.95690525e-05 2.60456245e-04
2.72623133e-01 -2.93360506e-04 2.58980786e-04
2.73154846e-01 1.77771749e-04 2.66319235e-04
2.73686555e-01 -6.23349453e-05 2.60853109e-04
2.74218260e-01 8.30054195e-05 2.56749309e-04
2.74749960e-01 -1.93652787e-05 2.67319403e-04
2.75281655e-01 1.95191433e-05 2.64827346e-04
2.75813346e-01 3.20479817e-04 2.66993004e-04
2.76345033e-01 1.32753273e-04 2.61700634e-04
2.76876715e-01 7.57936575e-05 2.63529104e-04
2.77408393e-01 -1.59477633e-04 2.58836568e-04
2.77940066e-01 -3.08505781e-05 2.57270753e-04
2.78471735e-01 5.01044417e-05 2.54567808e-04
2.79003400e-01 1.58840274e-04 2.59393937e-04
2.79535059e-01 8.81229781e-05 2.57595012e-04
2.80066715e-01 3.40189576e-04 2.60738919e-04
2.80598366e-01 3.52322738e-04 2.57888913e-04
2.81130012e-01 4.82126542e-04 2.59749264e-04
2.81661654e-01 3.34026546e-04 2.53999284e-04
2.82193291e-01 1.44603897e-04 2.51499055e-04
2.82724923e-01 1.92214902e-04 2.56181134e-04
2.83256552e-01 -7.00323812e-05 2.52028772e-04
2.83788175e-01 5.43138135e-04 2.54784644e-04
2.84319794e-01 2.08956693e-04 2.47130793e-04
2.84851408e-01 6.12615749e-05 2.48981208e-04
2.85383018e-01 3.17260331e-04 2.51140012e-04
2.85914623e-01 4.67553634e-04 2.48903704e-04
2.86446224e-01 6.48362523e-05 2.53268406e-04
2.86977820e-01 2.16603396e-04 2.52071596e-04
2.87509411e-01 1.67454434e-04 2.49397603e-04
2.88040998e-01 7.93895777e-05 2.48575641e-04
2.88572580e-01 1.08859078e-04 2.50865521e-04
2.89104157e-01 -4.04988322e-04 2.45710654e-04
2.89635730e-01 -2.90245845e-04 2.48300870e-04
2.90167298e-01 8.03013218e-05 2.50294791e-04
2.90698862e-01 4.60061618e-04 2.55558053e-04
2.91230420e-01 1.54199782e-04 2.56540064e-04
2.91761974e-01 4.73721692e-04 2.51289907e-04
2.92293524e-01 4.15090373e-04 2.59816945e-04
2.92825068e-01 -1.18959186e-05 2.55396733e-04
2.93356608e-01 4.85519533e-05 2.50883551e-04
2.93888143e-01 5.37540736e-05 2.55628814e-04
2.94419674e-01 -6.14921232e-05 2.50504104e-04
2.94951199e-01 -5.38349700e-04 2.49151483e-04
2.95482720e-01 -2.59354913e-04 2.53135056e-04
2.96014236e-01 1.23811809e-04 2.48086833e-04
2.96545748e-01 1.26921787e-04 2.47150494e-04
2.97077254e-01 -3.07363891e-04 2.48169526e-04
2.97608756e-01 3.46599549e-04 2.50221607e-04
2.98140253e-01 -3.59566310e-04 2.42845753e-04
2.98671745e-01 5.23191253e-05 2.45572885e-04
2.99203233e-01 -1.67550025e-04 2.44800977e-04
2.99734715e-01 -3.33169978e-04 2.43288316e-04
3.00266193e-01 2.80303665e-04 2.43988756e-04
3.00797666e-01 1.44534533e-04 2.42833754e-04
3.01329134e-01 -2.07109871e-04 2.43518206e-04
3.01860597e-01 3.90917536e-05 2.49753988e-04
3.02392056e-01 4.61904168e-05 2.48404441e-04
3.02923509e-01 8.02949905e-05 2.37653925e-04
3.03454958e-01 -1.43920393e-04 2.41644209e-04
3.03986401e-01 3.23306048e-04 2.39008345e-04
3.04517840e-01 -2.38487555e-04 2.37778551e-04
3.05049274e-01 3.19328500e-04 2.44521961e-04
3.05580703e-01 2.63359746e-04 2.39753158e-04
3.06112127e-01 -7.28570173e-05 2.39584098e-04
3.06643546e-01 5.69695297e-05 2.43612117e-04
3.07174960e-01 2.94014784e-04 2.43764512e-04
3.07706370e-01 -7.83966902e-06 2.41468690e-04
3.08237774e-01 1.66009257e-04 2.39923924e-04
3.08769173e-01 -3.66319479e-04 2.36448219e-04
3.09300568e-01 -4.85243527e-04 2.32952520e-04
3.09831957e-01 3.17454286e-04 2.39247780e-04
3.10363341e-01 3.76499360e-05 2.37943347e-04
3.10894721e-01 1.34141689e-04 2.32026695e-04
3.11426095e-01 -5.33368524e-05 2.36737762e-04
3.11957464e-01 2.07427274e-04 2.38003868e-04
3.12488829e-01 3.06104865e-04 2.32592727e-04
3.13020188e-01 -8.67282517e-05 2.36466714e-04
3.13551542e-01 5.81682252e-05 2.38229129e-04
3.14082891e-01 1.53471368e-04 2.34054538e-04
3.14614235e-01 -3.49117056e-05 2.34276045e-04
3.15145574e-01 -1.53325312e-04 2.31603098e-04
3.15676908e-01 1.14701408e-04 2.40679005e-04
3.16208237e-01 3.46582348e-04 2.40666416e-04
3.16739561e-01 -4.15193089e-05 2.33179315e-04
3.17270880e-01 -1.11577031e-04 2.32827321e-04
3.17802193e-01 -3.02243546e-04 2.31525166e-04
3.18333502e-01 -8.35313327e-05 2.33196118e-04
3.18864805e-01 -3.87368282e-04 2.31531708e-04
3.19396103e-01 6.32418415e-05 2.30692470e-04
3.19927396e-01 -9.69232849e-05 2.34518006e-04
3.20458684e-01 1.79492781e-04 2.33920231e-04
3.20989967e-01 -8.89839337e-06 2.28309258e-04
3.21521244e-01 -8.32278386e-05 2.28661168e-04
3.22052517e-01 1.13262765e-04 2.35216329e-04
3.22583784e-01 -3.29067227e-05 2.29859083e-04
3.23115046e-01 -1.45657663e-04 2.30878937e-04
3.23646303e-01 1.48113669e-05 2.22634863e-04
3.24177554e-01 -3.57870256e-04 2.26825418e-04
3.24708801e-01 1.68011489e-04 2.31730702e-04
3.25240042e-01 1.99805864e-04 2.23288699e-04
3.25771278e-01 1.37497038e-04 2.28246941e-04
3.26302508e-01 2.26112985e-04 2.29295309e-04
3.26833734e-01 5.70647629e-05 2.25035221e-04
3.27364954e-01 -2.20302067e-04 2.23946984e-04
3.27896169e-01 1.81529841e-04 2.23972125e-04
3.28427378e-01 1.58547063e-04 2.23636769e-04
3.28958583e-01 1.37237747e-05 2.24361801e-04
3.29489782e-01 2.06820695e-05 2.26241210e-04
3.30020975e-01 -2.30260587e-06 2.22389112e-04
3.30552164e-01 2.66197062e-04 2.23813201e-04
3.31083347e-01 -2.16025897e-04 2.21932129e-04
3.31614524e-01 -1.50360391e-04 2.21247203e-04
3.32145697e-01 9.97524011e-05 2.27111755e-04
3.32676864e-01 -8.17474977e-05 2.23900890e-04
3.33208025e-01 7.38145715e-05 2.18000322e-04
3.33739182e-01 -2.11467312e-04 2.22563269e-04
3.34270333e-01 4.29635486e-04 2.27213012e-04
3.34801478e-01 6.99276097e-05 2.23043773e-04
3.35332618e-01 -1.02452495e-04 2.19959051e-04
3.35863753e-01 -1.65128270e-04 2.21528557e-04
3.36394883e-01 -7.04825066e-05 2.19868426e-04
3.36926007e-01 2.28497144e-04 2.19623414e-04
3.37457125e-01 4.02440044e-04 2.21557453e-04
3.37988238e-01 -1.09769191e-04 2.23438266e-04
3.38519346e-01 1.30537835e-04 2.23369231e-04
3.39050448e-01 2.95400575e-04 2.22044844e-04
3.39581545e-01 2.57435730e-05 2.20272506e-04
3.40112636e-01 -2.60579358e-04 2.17315899e-04
3.40643722e-01 -4.42635127e-04 2.20361271e-04
3.41174802e-01 2.44451752e-04 2.18382732e-04
3.41705877e-01 2.67944837e-04 2.20747078e-04
3.42236946e-01 3.75573455e-04 2.22148394e-04
3.42768010e-01 1.91215828e-04 2.22629747e-04
3.43299068e-01 2.84426105e-05 2.17001227e-04
3.43830121e-01 4.32124046e-05 2.17952082e-04
3.44361168e-01 -1.29924678e-04 2.17131750e-04
3.44892210e-01 2.72405892e-04 2.18813981e-04
3.45423246e-01 4.56346070e-04 2.21013879e-04
3.45954277e-01 2.26241335e-04 2.20524206e-04
3.46485302e-01 -2.69755168e-05 2.14602951e-04
3.47016321e-01 1.45480663e-04 2.16148440e-04
3.47547335e-01 -1.25404433e-05 2.16882103e-04
3.48078343e-01 -1.70884200e-04 2.16506813e-04
3.48609346e-01 6.80658435e-06 2.14912137e-04
3.49140343e-01 -2.54076921e-04 2.15562206e-04
3.49671334e-01 4.58010920e-04 2.18925436e-04
3.50202320e-01 -4.05664471e-05 2.16690834e-04
3.50733300e-01 -1.41065889e-05 2.16664360e-04
3.51264275e-01 -3.79862016e-04 2.10845613e-04
3.51795244e-01 -1.17851985e-04 2.11741144e-04
3.52326207e-01 -1.28678686e-04 2.13651537e-04
3.52857164e-01 8.07541249e-05 2.14655349e-04
3.53388116e-01 2.48190224e-04 2.16037210e-04
3.53919062e-01 3.79117046e-04 2.15657585e-04
3.54450003e-01 3.31227850e-04 2.19531974e-04
3.54980938e-01 -1.14350023e-04 2.11442022e-04
3.55511867e-01 4.75743932e-04 2.12988495e-04
3.56042790e-01 -4.42715742e-05 2.08471301e-04
3.56573708e-01 -2.23008917e-04 2.09016233e-04
3.57104620e-01 -1.62359639e-04 2.15084752e-04
3.57635526e-01 4.95485289e-04 2.13310249e-04
3.58166426e-01 -2.83843990e-05 2.11970798e-04
3.58697321e-01 4.38972085e-05 2.11610672e-04
3.59228210e-01 -2.64101171e-04 2.10929995e-04
3.59759093e-01 1.41373343e-04 2.09815921e-04
3.60289970e-01 4.03851017e-04 2.04960988e-04
3.60820841e-01 1.06707645e-04 2.07028340e-04
3.61351707e-01 6.97738838e-05 2.06577625e-04
3.61882567e-01 1.14872583e-04 2.07354312e-04
3.62413421e-01 1.64082851e-05 2.06283888e-04
3.62944269e-01 2.18954179e-05 2.07604652e-04
3.63475112e-01 4.32280449e-06 2.08954377e-04
3.64005948e-01 -9.24527494e-05 2.08229468e-04
3.64536779e-01 1.43730556e-04 2.09681598e-04
3.65067604e-01 -5.63401965e-06 2.05977778e-04
3.65598423e-01 1.93601270e-04 2.06041812e-04
3.66129236e-01 2.64654015e-04 2.07716443e-04
3.66660043e-01 3.59167868e-05 2.04055498e-04
3.67190844e-01 -3.86062172e-04 2.05898091e-04
3.67721639e-01 -2.14816802e-04 2.07657393e-04
3.68252429e-01 1.38168565e-04 2.07223276e-04
3.68783212e-01 1.59372689e-04 2.08756364e-04
3.69313990e-01 5.09494846e-05 2.05186140e-04
3.69844762e-01 1.83302334e-05 2.05913004e-04
3.70375527e-01 3.21915436e-05 2.04847080e-04
3.70906287e-01 -2.62733653e-04 2.03357934e-04
3.71437041e-01 2.90334451e-04 2.06290273e-04
3.71967789e-01 -6.42793677e-05 2.04028938e-04
3.72498531e-01 -7.70546070e-06 2.05101200e-04
3.73029266e-01 4.38959767e-06 2.06022636e-04
3.73559996e-01 -1.37708054e-05 2.07710242e-04
3.74090720e-01 -1.80207286e-04 2.04634564e-04
3.74621438e-01 -2.83077195e-05 2.04340638e-04
3.75152150e-01 -2.41077226e-05 2.04821937e-04
3.75682855e-01 2.09879774e-05 2.03397216e-04
3.76213555e-01 8.15964879e-05 2.05547235e-04
3.76744249e-01 9.61592906e-05 2.04660132e-04
3.77274936e-01 -6.00104271e-05 2.00110514e-04
3.77805618e-01 -4.49849114e-06 2.01411613e-04
3.78336293e-01 3.06675226e-04 2.03658940e-04
3.78866963e-01 -1.34840420e-04 2.00905254e-04
3.79397626e-01 3.20281812e-04 2.04606994e-04
3.79928283e-01 2.23713133e-04 2.05845692e-04
3.80458934e-01 2.57619192e-04 2.03422707e-04
3.80989579e-01 2.29833690e-05 2.08600830e-04
3.81520218e-01 2.66226166e-05 2.03614606e-04
3.82050851e-01 -1.19580878e-04 2.04851985e-04
3.82581478e-01 3.26517587e-05 2.02446731e-04
3.83112098e-01 8.90765370e-06 2.06774005e-04
3.83642712e-01 1.06601343e-04 2.06323212e-04
3.84173320e-01 5.87841729e-04 2.09357822e-04
3.84703922e-01 3.59444388e-04 2.08754548e-04
3.85234518e-01 -3.37782847e-04 2.05131378e-04
3.85765108e-01 8.98667702e-05 2.06343959e-04
3.86295691e-01 -2.07216416e-04 2.08180901e-04
3.86826268e-01 -2.74360980e-04 2.04622041e-04
3.87356839e-01 2.09801782e-04 2.07554057e-04
3.87887404e-01 -6.17366990e-06 2.07268012e-04
3.88417962e-01 -3.00581037e-04 2.09642984e-04
3.88948514e-01 4.33959251e-05 2.06097718e-04
3.89479060e-01 1.50339079e-04 2.03291443e-04
3.90009600e-01 2.01160133e-04 2.04723460e-04
3.90540134e-01 -4.56064614e-05 2.02516930e-04
3.91070661e-01 2.77162263e-04 2.04896812e-04
3.91601182e-01 2.74001980e-05 2.04144985e-04
3.92131696e-01 1.74969573e-04 2.04027872e-04
3.92662205e-01 7.53023508e-05 2.01376978e-04
3.93192707e-01 -2.40500136e-04 2.04885741e-04
3.93723202e-01 1.36375828e-04 2.03487329e-04
3.94253692e-01 1.70052320e-04 2.04850436e-04
3.94784175e-01 -1.01474318e-04 2.03802852e-04
3.95314651e-01 2.93450530e-05 2.05388087e-04
3.95845122e-01 6.37554236e-05 2.08159721e-04
3.96375585e-01 -1.79680506e-04 2.05341886e-04
3.96906043e-01 2.58574610e-04 2.07110323e-04
3.97436494e-01 -2.54201494e-04 2.07484700e-04
3.97966939e-01 1.20783894e-04 2.06727798e-04
3.98497377e-01 2.69053593e-05 2.10704049e-04
3.99027809e-01 1.24598761e-04 2.07089689e-04
3.99558235e-01 5.44010270e-05 2.07128182e-04
4.00088654e-01 1.39070312e-04 2.13534755e-04
4.00619067e-01 2.03667216e-04 2.11192136e-04
4.01149473e-01 -1.05347732e-04 2.11129747e-04
4.01679873e-01 -1.22753265e-04 2.11948261e-04
4.02210267e-01 -3.49128080e-05 2.14353830e-04
4.02740654e-01 2.13112594e-04 2.12481401e-04
4.03271034e-01 2.81055060e-04 2.12535341e-04
4.03801408e-01 8.86204955e-05 2.15155707e-04
4.04331776e-01 3.26390136e-04 2.13267303e-04
4.04862137e-01 1.18547645e-04 2.16341481e-04
4.05392491e-01 -5.37071095e-05 2.14406650e-04
4.05922839e-01 -1.88556703e-04 2.22172950e-04
4.06453181e-01 5.89947351e-05 2.18003760e-04
4.06983516e-01 2.80953136e-04 2.18476440e-04
4.07513844e-01 -1.32930133e-04 2.25207209e-04
4.08044166e-01 -3.06812393e-04 2.20442520e-04
4.08574481e-01 -3.26703206e-05 2.20361030e-04
4.09104790e-01 -2.29715933e-04 2.20814202e-04
4.09635092e-01 2.98606165e-05 2.22400076e-04
4.10165388e-01 1.74240951e-04 2.26424772e-04
4.10695677e-01 1.19328253e-04 2.24231117e-04
4.11225960e-01 -2.97120462e-04 2.35832123e-04
4.11756235e-01 -2.90557235e-04 2.52092781e-04
4.12286505e-01 -3.59364411e-04 2.75249832e-04
4.12816767e-01 -4.76236820e-04 2.76513300e-04
4.13347023e-01 -1.26044550e-05 2.92179857e-04
4.13877273e-01 -2.25094191e-04 3.23077435e-04
4.14407515e-01 3.70994462e-04 3.24556593e-04
4.14937751e-01 4.29941283e-04 3.33850299e-04
4.15467981e-01 -6.03850035e-04 3.37714112e-04
4.15998203e-01 5.64532183e-04 3.36889850e-04
4.16528419e-01 -3.91890924e-04 3.36355848e-04
4.17058629e-01 -8.33222690e-04 3.31207788e-04
4.17588831e-01 1.05996210e-04 3.48539250e-04
4.18119027e-01 7.32929171e-04 3.93454993e-04
4.18649217e-01 5.83523182e-04 5.15397642e-04
4.19179399e-01 1.38695799e-05 1.25908444e-03
