7.45980241e-03 9.81498696e-02 3.43140120e-02
7.99264482e-03 1.21433333e-01 2.07432938e-02
8.52548709e-03 1.09520217e-01 1.56499791e-02
9.05832923e-03 1.15264850e-01 1.31344942e-02
9.59117122e-03 1.05448312e-01 1.14854486e-02
1.01240131e-02 1.13355817e-01 8.53371046e-03
1.06568547e-02 1.11691101e-01 8.60452706e-03
1.11896962e-02 1.14565453e-01 6.02489917e-03
1.17225375e-02 1.09822683e-01 4.83150272e-03
1.22553787e-02 1.17243943e-01 3.97674036e-03
1.27882196e-02 1.13882248e-01 3.58247891e-03
1.33210603e-02 1.14839488e-01 3.14886979e-03
1.38539008e-02 1.17939133e-01 2.75664127e-03
1.43867411e-02 1.10087317e-01 2.63003184e-03
1.49195812e-02 1.11624494e-01 2.30217676e-03
1.54524210e-02 1.14083211e-01 2.35008111e-03
1.59852605e-02 1.13476988e-01 2.44737142e-03
1.65180998e-02 1.12002491e-01 2.11172993e-03
1.70509389e-02 1.12321520e-01 2.12814925e-03
1.75837776e-02 1.12003023e-01 2.17228254e-03
1.81166161e-02 1.12984778e-01 2.01897813e-03
1.86494543e-02 1.10092149e-01 2.02278202e-03
1.91822922e-02 1.12121386e-01 1.82086831e-03
1.97151297e-02 1.08068492e-01 1.80007001e-03
2.02479670e-02 1.10607995e-01 1.91315423e-03
2.07808039e-02 1.08720189e-01 1.72630908e-03
2.13136405e-02 1.07992535e-01 1.82090713e-03
2.18464767e-02 1.05722488e-01 1.77582955e-03
2.23793126e-02 1.08218155e-01 1.76130552e-03
2.29121481e-02 1.06419409e-01 1.68839648e-03
2.34449833e-02 1.04799406e-01 1.65694673e-03
2.39778181e-02 1.05004842e-01 1.66278622e-03
2.45106524e-02 1.01610217e-01 1.72597157e-03
2.50434864e-02 1.04388886e-01 1.58820365e-03
2.55763200e-02 1.00650904e-01 1.46315316e-03
2.61091532e-02 9.76768197e-02 1.60378757e-03
2.66419859e-02 9.65587479e-02 1.55943179e-03
2.71748182e-02 9.91419511e-02 1.50040881e-03
2.77076501e-02 9.76947115e-02 1.49981258e-03
2.82404815e-02 9.52332139e-02 1.42472479e-03
2.87733125e-02 9.25844869e-02 1.49876121e-03
2.93061430e-02 9.18695050e-02 1.28387087e-03
2.98389731e-02 9.22069249e-02 1.33893118e-03
3.03718026e-02 9.25147846e-02 1.41634930e-03
3.09046317e-02 8.76667680e-02 1.37409872e-03
3.14374602e-02 8.69328457e-02 1.34523718e-03
3.19702883e-02 8.70641444e-02 1.37408546e-03
3.25031158e-02 8.41455430e-02 1.22919417e-03
3.30359428e-02 8.63210938e-02 1.25992127e-03
3.35687693e-02 8.46788904e-02 1.27472613e-03
3.41015952e-02 8.32028142e-02 1.19981672e-03
3.46344206e-02 8.13851549e-02 1.22899712e-03
3.51672454e-02 8.06949161e-02 1.21124590e-03
3.57000696e-02 7.97467012e-02 1.14833188e-03
3.62328933e-02 7.70340928e-02 1.14007653e-03
3.67657164e-02 7.72421452e-02 1.13709267e-03
3.72985389e-02 7.44889693e-02 1.14489636e-03
3.78313608e-02 7.16777808e-02 1.09513586e-03
3.83641820e-02 6.96887507e-02 1.10911233e-03
3.88970027e-02 7.19564227e-02 1.19402031e-03
3.94298227e-02 6.97831987e-02 1.12880998e-03
3.99626421e-02 6.84817426e-02 1.16057160e-03
4.04954608e-02 6.75316333e-02 1.04295401e-03
4.10282789e-02 6.58236694e-02 1.07115363e-03
4.15610963e-02 6.49943331e-02 1.04657451e-03
4.20939131e-02 6.42370257e-02 1.07303353e-03
4.26267291e-02 6.42661070e-02 1.06758166e-03
4.31595445e-02 6.30083906e-02 1.12747028e-03
4.36923592e-02 6.17805573e-02 1.07715923e-03
4.42251732e-02 6.14048990e-02 1.16051509e-03
4.47579864e-02 5.91873519e-02 1.08518711e-03
4.52907989e-02 5.84742629e-02 1.03622203e-03
4.58236107e-02 5.76282463e-02 1.03660832e-03
4.63564218e-02 5.46986313e-02 1.03243905e-03
4.68892321e-02 5.51099015e-02 1.00945088e-03
4.74220417e-02 5.45843671e-02 1.01619062e-03
4.79548504e-02 5.14920152e-02 1.02607252e-03
4.84876584e-02 5.08023036e-02 1.00828140e-03
4.90204657e-02 5.02155618e-02 1.06640626e-03
4.95532721e-02 4.92511288e-02 9.88959206e-04
5.00860777e-02 4.64135527e-02 1.02060109e-03
5.06188825e-02 4.76294217e-02 9.83625857e-04
5.11516865e-02 4.51556214e-02 9.10829152e-04
5.16844897e-02 4.57245607e-02 9.25665718e-04
5.22172920e-02 4.32193632e-02 8.96482632e-04
5.27500935e-02 4.52400774e-02 8.68723713e-04
5.32828941e-02 4.30101285e-02 9.01864285e-04
5.38156939e-02 4.05453467e-02 9.23455665e-04
5.43484928e-02 4.13893340e-02 9.04710690e-04
5.48812908e-02 3.89415405e-02 8.80236067e-04
5.54140880e-02 3.91919849e-02 8.68910444e-04
5.59468842e-02 3.80549043e-02 8.29834544e-04
5.64796795e-02 3.71736388e-02 7.93314690e-04
5.70124739e-02 3.61357876e-02 7.89894226e-04
5.75452674e-02 3.41869722e-02 7.97662840e-04
5.80780600e-02 3.39996794e-02 7.78733745e-04
5.86108516e-02 3.23458320e-02 7.69690978e-04
5.91436423e-02 3.19898997e-02 7.58783436e-04
5.96764320e-02 2.92053615e-02 7.58424956e-04
6.02092208e-02 3.02795399e-02 7.61244833e-04
6.07420086e-02 2.86848859e-02 7.52639267e-04
6.12747953e-02 2.82385915e-02 7.46928430e-04
6.18075812e-02 2.89121427e-02 7.41271676e-04
6.23403660e-02 2.64840956e-02 7.04228152e-04
6.28731498e-02 2.58607538e-02 7.44151268e-04
6.34059325e-02 2.58897061e-02 7.31599522e-04
6.39387143e-02 2.52399150e-02 7.37416170e-04
6.44714950e-02 2.46824307e-02 6.94151178e-04
6.50042747e-02 2.36526132e-02 6.98473501e-04
6.55370533e-02 2.27124040e-02 6.89706945e-04
6.60698309e-02 2.19287033e-02 7.04997052e-04
6.66026074e-02 2.12672797e-02 7.00209674e-04
6.71353828e-02 2.04033557e-02 6.96768992e-04
6.76681571e-02 2.03133246e-02 6.94959722e-04
6.82009304e-02 1.86529562e-02 6.80454882e-04
6.87337025e-02 1.89451358e-02 6.99804412e-04
6.92664735e-02 1.75667716e-02 7.10657210e-04
6.97992434e-02 1.74135586e-02 7.03990314e-04
7.03320122e-02 1.64398745e-02 6.82204178e-04
7.08647798e-02 1.66968250e-02 6.96653341e-04
7.13975463e-02 1.68477867e-02 7.10111950e-04
7.19303116e-02 1.53512017e-02 7.11661932e-04
7.24630758e-02 1.60447780e-02 6.54989430e-04
7.29958388e-02 1.39346923e-02 6.75776095e-04
7.35286006e-02 1.40059903e-02 6.40968295e-04
7.40613612e-02 1.32714385e-02 6.25674198e-04
7.45941207e-02 1.38184167e-02 6.24559471e-04
7.51268789e-02 1.11264361e-02 5.78288884e-04
7.56596359e-02 1.22170570e-02 6.35781976e-04
7.61923917e-02 1.08328033e-02 6.17533310e-04
7.67251462e-02 1.04778041e-02 5.90887853e-04
7.72578995e-02 1.02290687e-02 6.04719387e-04
7.77906516e-02 1.05055359e-02 6.01649642e-04
7.83234024e-02 9.73740119e-03 5.66402658e-04
7.88561519e-02 8.98348217e-03 5.83004588e-04
7.93889002e-02 8.99700882e-03 5.67550665e-04
7.99216472e-02 6.82927998e-03 5.71119030e-04
8.04543928e-02 8.96560014e-03 5.74168401e-04
8.09871372e-02 8.93854587e-03 5.74439833e-04
8.15198803e-02 9.00158534e-03 5.73827510e-04
8.20526220e-02 7.44845705e-03 5.54910215e-04
8.25853624e-02 7.20622055e-03 5.40276621e-04
8.31181015e-02 7.38038616e-03 5.49488134e-04
8.36508393e-02 6.00802065e-03 5.41580950e-04
8.41835757e-02 5.71963750e-03 5.43648119e-04
8.47163107e-02 4.78799847e-03 5.35126995e-04
8.52490443e-02 5.28797685e-03 5.52925470e-04
8.57817766e-02 5.60094604e-03 5.39477659e-04
8.63145075e-02 5.25560580e-03 5.39038846e-04
8.68472370e-02 3.94306362e-03 5.18113747e-04
8.73799651e-02 4.91353692e-03 5.28114487e-04
8.79126918e-02 4.14771605e-03 5.26676422e-04
8.84454170e-02 4.12148251e-03 5.32137002e-04
8.89781408e-02 3.73637021e-03 4.94057772e-04
8.95108632e-02 3.95494967e-03 5.25865252e-04
9.00435842e-02 3.42366009e-03 4.95875040e-04
9.05763036e-02 3.37021730e-03 5.00698817e-04
9.11090217e-02 3.15987810e-03 4.95461837e-04
9.16417382e-02 3.15598009e-03 4.90446570e-04
9.21744532e-02 2.83187999e-03 4.86425761e-04
9.27071668e-02 2.87185047e-03 4.93938999e-04
9.32398789e-02 2.45384153e-03 5.07489415e-04
9.37725894e-02 3.10566957e-03 4.94661773e-04
9.43052985e-02 2.28541663e-03 5.07966958e-04
9.48380060e-02 2.37841044e-03 4.91839089e-04
9.53707120e-02 2.20450775e-03 4.87396601e-04
9.59034164e-02 1.62894766e-03 4.67263845e-04
9.64361193e-02 1.54000508e-03 4.71687641e-04
9.69688206e-02 2.96543540e-03 4.81893938e-04
9.75015204e-02 1.26056420e-03 4.76789545e-04
9.80342186e-02 5.22883916e-04 4.59608586e-04
9.85669152e-02 1.31198110e-03 4.54182578e-04
9.90996102e-02 1.31753911e-03 4.64727942e-04
9.96323036e-02 1.48108658e-03 4.75228860e-04
1.00164995e-01 1.21597258e-03 4.63220460e-04
1.00697686e-01 9.29454635e-04 4.34076509e-04
1.01230374e-01 4.30620372e-04 4.52365479e-04
1.01763061e-01 1.20338900e-03 4.57126784e-04
1.02295746e-01 6.89199657e-04 4.41355215e-04
1.02828430e-01 4.30019434e-04 4.58034616e-04
1.03361112e-01 4.38380139e-04 4.53714392e-04
1.03893792e-01 2.55964108e-04 4.43179130e-04
1.04426471e-01 6.74947843e-04 4.47237431e-04
1.04959148e-01 7.13912647e-04 4.46487742e-04
1.05491823e-01 8.31218560e-04 4.54757981e-04
1.06024496e-01 6.94670634e-04 4.46155188e-04
1.06557168e-01 1.89720223e-04 4.57711480e-04
1.07089838e-01 8.59593205e-04 4.40749196e-04
1.07622506e-01 1.24473894e-05 4.42174662e-04
1.08155173e-01 2.66780263e-04 4.26296777e-04
1.08687838e-01 1.23857478e-03 4.47798658e-04
1.09220501e-01 2.67126056e-04 4.27533942e-04
1.09753162e-01 5.37407524e-04 4.44315927e-04
1.10285822e-01 9.91098123e-05 4.14033087e-04
1.10818479e-01 7.56385994e-04 4.32565427e-04
1.11351135e-01 -1.69558296e-04 4.43642703e-04
1.11883790e-01 2.04618379e-04 4.29548254e-04
1.12416442e-01 -7.24446390e-05 4.37310245e-04
1.12949092e-01 8.03845476e-04 4.36154363e-04
1.13481741e-01 2.77626113e-04 4.19449650e-04
1.14014388e-01 1.58549528e-04 4.11491571e-04
1.14547033e-01 1.15608662e-03 4.27135679e-04
1.15079676e-01 6.14902961e-04 4.19768896e-04
1.15612318e-01 7.12799499e-04 4.14230139e-04
1.16144957e-01 6.33951015e-04 4.16514515e-04
1.16677595e-01 6.11999102e-04 4.15348647e-04
1.17210230e-01 8.26071118e-04 4.06295856e-04
1.17742864e-01 -1.78463527e-04 4.22434093e-04
1.18275496e-01 7.10250191e-04 4.18788911e-04
1.18808126e-01 5.53484062e-04 4.20311794e-04
1.19340754e-01 8.85045275e-04 4.16208565e-04
1.19873380e-01 2.73927818e-04 4.13277408e-04
1.20406004e-01 -8.33840943e-05 4.05556883e-04
1.20938626e-01 4.81946274e-04 4.21144045e-04
1.21471247e-01 4.91503356e-04 4.15856814e-04
1.22003865e-01 9.42283768e-04 4.13228707e-04
1.22536481e-01 6.48415823e-04 4.09983567e-04
1.23069096e-01 6.83133122e-04 4.02782079e-04
1.23601708e-01 1.10857571e-03 4.12114687e-04
1.24134318e-01 7.14051234e-04 4.05875856e-04
1.24666927e-01 4.68758987e-04 4.02738438e-04
1.25199533e-01 3.28488392e-04 4.01159926e-04
1.25732137e-01 7.74239718e-04 4.06933121e-04
1.26264740e-01 5.89589234e-04 3.92636116e-04
1.26797340e-01 8.03306597e-04 3.93467550e-04
1.27329938e-01 7.42286638e-04 4.01448898e-04
1.27862534e-01 1.54515976e-04 3.98673915e-04
1.28395128e-01 9.20246344e-04 4.07010623e-04
1.28927720e-01 3.98283701e-04 3.85775007e-04
1.29460310e-01 1.36670698e-03 4.03765972e-04
1.29992898e-01 1.03108106e-03 3.97984003e-04
1.30525484e-01 1.88578893e-04 3.97326730e-04
1.31058067e-01 -4.20134028e-05 4.12398767e-04
1.31590649e-01 1.30183484e-03 4.16071013e-04
1.32123228e-01 9.47823709e-04 4.14663756e-04
1.32655805e-01 1.05723373e-03 4.25260272e-04
1.33188380e-01 1.18094193e-06 4.10457452e-04
1.33720953e-01 4.06429243e-04 4.13722030e-04
1.34253524e-01 6.46688667e-04 4.14887639e-04
1.34786093e-01 8.79251906e-04 4.16993503e-04
1.35318659e-01 1.16617247e-03 3.94693549e-04
1.35851223e-01 4.15425060e-04 4.01898503e-04
1.36383785e-01 8.44036858e-04 4.04879737e-04
1.36916345e-01 1.29484322e-03 3.99524113e-04
1.37448903e-01 5.00315169e-04 3.91971705e-04
1.37981458e-01 6.75969690e-04 3.90907240e-04
1.38514011e-01 1.16166983e-03 3.86606852e-04
1.39046562e-01 7.90292928e-04 3.81709548e-04
1.39579111e-01 7.71907406e-04 3.89882850e-04
1.40111657e-01 5.66878524e-04 3.86156029e-04
1.40644201e-01 8.45952757e-04 4.02214416e-04
1.41176743e-01 1.09485161e-03 3.88387697e-04
1.41709283e-01 9.75842554e-04 4.00035658e-04
1.42241820e-01 1.19804622e-03 3.89265728e-04
1.42774355e-01 1.22762733e-03 3.80425606e-04
1.43306888e-01 1.34359382e-03 3.75557801e-04
1.43839418e-01 1.04182845e-03 3.74528127e-04
1.44371946e-01 4.77012530e-04 3.81299365e-04
1.44904472e-01 7.52859102e-04 3.83457188e-04
1.45436995e-01 1.19825929e-03 3.78745397e-04
1.45969516e-01 7.51121763e-04 3.76930588e-04
1.46502035e-01 6.62420040e-04 3.67096838e-04
1.47034551e-01 3.00806554e-04 3.72696898e-04
1.47567065e-01 6.85924466e-04 3.73955871e-04
1.48099577e-01 1.39625397e-03 3.69525502e-04
1.48632086e-01 3.06914240e-04 3.67525262e-04
1.49164593e-01 1.62010211e-03 3.70543680e-04
1.49697097e-01 8.01827530e-04 3.81591788e-04
1.50229599e-01 9.97170188e-05 3.72309334e-04
1.50762098e-01 1.07735363e-03 3.64400326e-04
1.51294595e-01 1.55703224e-03 3.72128521e-04
1.51827090e-01 3.57677439e-04 3.66823380e-04
1.52359582e-01 5.49724940e-04 3.72505181e-04
1.52892072e-01 8.27700562e-04 3.68247497e-04
1.53424559e-01 4.87817557e-04 3.60601775e-04
1.53957044e-01 1.06969578e-03 3.61575992e-04
1.54489526e-01 4.83174130e-04 3.66482535e-04
1.55022006e-01 1.10253365e-03 3.76335462e-04
1.55554483e-01 1.03254679e-03 3.73975826e-04
1.56086958e-01 6.78950890e-04 3.64503574e-04
1.56619430e-01 3.58798955e-04 3.76715065e-04
1.57151899e-01 5.76501003e-04 3.71979829e-04
1.57684366e-01 3.05322620e-04 3.63644071e-04
1.58216831e-01 1.25246625e-03 3.60251980e-04
1.58749293e-01 -3.00935875e-05 3.66913096e-04
1.59281752e-01 -4.11313372e-05 3.65070685e-04
1.59814209e-01 6.69990212e-04 3.69901045e-04
1.60346664e-01 7.29348577e-04 3.83606981e-04
1.60879115e-01 1.01654528e-03 3.70734065e-04
1.61411564e-01 4.52455545e-04 3.72088253e-04
1.61944011e-01 1.53501404e-03 3.83408128e-04
1.62476455e-01 9.89095848e-04 3.79976312e-04
1.63008896e-01 2.69619799e-04 3.75699279e-04
1.63541335e-01 5.97026651e-04 3.72269343e-04
1.64073771e-01 7.17043561e-04 3.64313477e-04
1.64606204e-01 3.85778517e-04 3.63923931e-04
1.65138635e-01 4.18319181e-04 3.56828973e-04
1.65671063e-01 7.41988452e-05 3.54363471e-04
1.66203488e-01 2.17131677e-04 3.58886540e-04
1.66735910e-01 -3.74863990e-04 3.45886860e-04
1.67268330e-01 4.37954420e-04 3.53990905e-04
1.67800748e-01 5.78918856e-04 3.47896674e-04
1.68333162e-01 4.50463513e-04 3.49757988e-04
1.68865574e-01 -1.27683474e-04 3.49989388e-04
1.69397983e-01 4.26238188e-04 3.41441243e-04
1.69930389e-01 2.97066559e-04 3.38229152e-04
1.70462793e-01 6.72000128e-04 3.53394729e-04
1.70995194e-01 -4.32906227e-04 3.55750982e-04
1.71527592e-01 3.41178872e-04 3.40299641e-04
1.72059987e-01 3.33751093e-04 3.55366145e-04
1.72592380e-01 -3.37784469e-04 3.40742487e-04
1.73124769e-01 2.56898426e-04 3.41321037e-04
1.73657156e-01 1.88674187e-04 3.45298264e-04
1.74189540e-01 -1.23974463e-04 3.46118520e-04
1.74721922e-01 4.47951896e-05 3.32619918e-04
1.75254300e-01 3.00493461e-04 3.37093853e-04
1.75786676e-01 5.44977949e-04 3.38975015e-04
1.76319049e-01 -1.27260521e-04 3.37914070e-04
1.76851418e-01 -5.47251914e-05 3.44057358e-04
1.77383786e-01 1.87086927e-04 3.45074766e-04
1.77916150e-01 -3.93110121e-04 3.43051132e-04
1.78448511e-01 -1.33849668e-04 3.54256697e-04
1.78980870e-01 -5.18667342e-05 3.54487831e-04
1.79513225e-01 3.52436710e-04 3.48971844e-04
1.80045578e-01 8.88678453e-05 3.44122859e-04
1.80577928e-01 3.28413140e-04 3.47980756e-04
1.81110275e-01 9.52771762e-06 3.46190806e-04
1.81642618e-01 4.66351655e-04 3.51191210e-04
1.82174959e-01 3.60071331e-04 3.49960352e-04
1.82707297e-01 -5.41661566e-05 3.41702932e-04
1.83239633e-01 3.55854275e-04 3.47454381e-04
1.83771965e-01 2.17092379e-04 3.52167717e-04
1.84304294e-01 -2.41365431e-04 3.38584038e-04
1.84836620e-01 1.11081437e-04 3.45647534e-04
1.85368943e-01 2.37745236e-04 3.42010049e-04
1.85901263e-01 -2.73729052e-05 3.48337350e-04
1.86433581e-01 -2.59985532e-04 3.36088010e-04
1.86965895e-01 -2.28848990e-04 3.34430590e-04
1.87498206e-01 2.29035310e-04 3.49190217e-04
1.88030514e-01 1.11636330e-04 3.38685944e-04
1.88562819e-01 -1.15967484e-04 3.35513617e-04
1.89095121e-01 -4.94813181e-04 3.26439675e-04
1.89627420e-01 1.29084048e-04 3.33337122e-04
1.90159716e-01 5.78301297e-04 3.32789949e-04
1.90692009e-01 3.46467202e-04 3.35265331e-04
1.91224299e-01 6.45395525e-04 3.33345368e-04
1.91756586e-01 8.14576550e-04 3.31054807e-04
1.92288869e-01 -1.05915570e-04 3.27132638e-04
1.92821150e-01 -3.10463714e-04 3.25236329e-04
1.93353427e-01 1.07660069e-04 3.31252545e-04
1.93885701e-01 -2.68071632e-04 3.15296046e-04
1.94417972e-01 5.84626076e-04 3.20338892e-04
1.94950240e-01 3.05294063e-04 3.33592686e-04
1.95482505e-01 1.11812939e-04 3.26889072e-04
1.96014767e-01 1.59385379e-04 3.13576684e-04
1.96547025e-01 -2.05545810e-04 3.24286357e-04
1.97079281e-01 3.25531924e-04 3.23562874e-04
1.97611533e-01 1.57461928e-04 3.22651821e-04
1.98143782e-01 4.36527388e-04 3.23049847e-04
1.98676028e-01 -2.26849372e-04 3.18410457e-04
1.99208270e-01 -9.05030100e-05 3.18827038e-04
1.99740510e-01 -1.10880478e-04 3.18301527e-04
2.00272746e-01 3.42707536e-05 3.22335378e-04
2.00804978e-01 2.46377675e-04 3.17647111e-04
2.01337208e-01 -3.80480559e-04 3.16551375e-04
2.01869434e-01 -6.30354849e-05 3.18039950e-04
2.02401658e-01 -6.66604422e-04 3.09795526e-04
2.02933877e-01 4.33957864e-04 3.07598435e-04
2.03466094e-01 2.74639641e-04 3.13882962e-04
2.03998307e-01 -2.91308897e-05 3.10362467e-04
2.04530517e-01 -1.82569248e-04 3.05562239e-04
2.05062724e-01 1.11609668e-04 3.09323214e-04
2.05594927e-01 4.66485742e-04 3.11507036e-04
2.06127127e-01 -7.97334786e-05 3.13285225e-04
2.06659324e-01 -5.20056842e-06 3.04734008e-04
2.07191517e-01 -7.21484799e-05 3.03169174e-04
2.07723707e-01 3.82096389e-04 3.11545433e-04
2.08255894e-01 5.07263959e-04 3.11138718e-04
2.08788077e-01 -1.71480169e-04 3.07406884e-04
2.09320257e-01 6.19349455e-05 3.10251876e-04
2.09852434e-01 1.25374101e-04 3.04733870e-04
2.10384607e-01 -1.62153290e-04 3.19680199e-04
2.10916777e-01 2.88431221e-04 3.01571221e-04
2.11448943e-01 2.44341410e-04 3.07272190e-04
2.11981106e-01 1.57787340e-04 3.03937469e-04
2.12513266e-01 3.78149069e-04 3.10390202e-04
2.13045422e-01 4.47646494e-04 3.06644034e-04
2.13577575e-01 7.76591436e-04 3.03723752e-04
2.14109724e-01 2.12622234e-04 3.02147613e-04
2.14641870e-01 6.74718828e-04 3.05350988e-04
2.15174012e-01 4.32778900e-04 2.97209630e-04
2.15706151e-01 2.02616664e-05 2.94551185e-04
2.16238286e-01 2.22007350e-05 2.93014669e-04
2.16770418e-01 -4.84605410e-04 3.00035497e-04
2.17302546e-01 -5.70250778e-05 2.92788440e-04
2.17834671e-01 -1.40530098e-04 3.02093796e-04
2.18366792e-01 6.95517280e-05 2.95918897e-04
2.18898910e-01 5.86334649e-04 2.99867885e-04
2.19431024e-01 2.54495267e-04 2.96847618e-04
2.19963135e-01 -1.53064317e-04 2.98095137e-04
2.20495242e-01 -1.41435645e-04 2.88344233e-04
2.21027346e-01 -1.38440220e-04 2.94784681e-04
2.21559446e-01 5.50346661e-04 2.99670525e-04
2.22091542e-01 6.33533404e-04 3.01292591e-04
2.22623635e-01 4.24094188e-04 2.98786021e-04
2.23155724e-01 4.10850741e-04 2.99063819e-04
2.23687810e-01 5.25637063e-04 2.88321058e-04
2.24219892e-01 1.87167336e-04 2.88913412e-04
2.24751971e-01 9.27928699e-05 2.88513956e-04
2.25284045e-01 -2.37437024e-04 2.91630732e-04
2.25816117e-01 5.09709212e-04 2.96133655e-04
2.26348184e-01 2.96075730e-04 2.89275415e-04
2.26880248e-01 6.16113335e-05 2.92264817e-04
2.27412308e-01 2.61241739e-05 2.94005974e-04
2.27944365e-01 4.93655424e-05 2.95255199e-04
2.28476418e-01 1.88914893e-04 2.88534156e-04
2.29008467e-01 6.56616146e-05 2.85297925e-04
2.29540512e-01 1.41474534e-04 2.87792594e-04
2.30072554e-01 6.40920748e-04 2.91788311e-04
2.30604592e-01 1.33152698e-04 2.88839122e-04
2.31136626e-01 -1.91757132e-04 2.89779064e-04
2.31668657e-01 -3.76174442e-05 2.85322743e-04
2.32200684e-01 1.11152683e-04 2.85726810e-04
2.32732707e-01 1.87283179e-04 2.79112281e-04
2.33264726e-01 -1.90543738e-04 2.74090443e-04
2.33796742e-01 1.31155483e-05 2.89617620e-04
2.34328754e-01 6.02504548e-04 2.85001036e-04
2.34860762e-01 1.59625184e-04 2.84774300e-04
2.35392766e-01 -1.52209612e-05 2.85031983e-04
2.35924766e-01 3.66705347e-04 2.84544946e-04
2.36456763e-01 4.90157115e-04 2.82646116e-04
2.36988756e-01 5.40036499e-04 2.79626517e-04
2.37520745e-01 3.72269458e-05 2.75005719e-04
2.38052730e-01 -1.66330043e-04 2.82519677e-04
2.38584711e-01 -9.93470129e-05 2.84217654e-04
2.39116689e-01 6.87717944e-04 2.82947486e-04
2.39648662e-01 2.64786286e-04 2.85398671e-04
2.40180632e-01 1.36971159e-05 2.79194156e-04
2.40712598e-01 4.40662029e-04 2.78550570e-04
2.41244560e-01 -2.82567813e-04 2.81896612e-04
2.41776518e-01 -1.96818544e-04 2.75336938e-04
2.42308472e-01 -2.25044227e-04 2.77529635e-04
2.42840423e-01 -1.51840944e-04 2.82076423e-04
2.43372369e-01 6.00366534e-05 2.77172784e-04
2.43904311e-01 2.88014619e-04 2.79643692e-04
2.44436250e-01 3.95799792e-04 2.75183891e-04
2.44968184e-01 2.28418718e-05 2.73883909e-04
2.45500115e-01 3.86692250e-04 2.75697817e-04
2.46032042e-01 7.35185937e-06 2.69284274e-04
2.46563964e-01 -7.34169670e-06 2.71426466e-04
2.47095883e-01 -3.26569386e-06 2.71789459e-04
2.47627798e-01 7.17334577e-05 2.66348407e-04
2.48159708e-01 3.40285601e-04 2.70632942e-04
2.48691615e-01 3.04996956e-04 2.78299244e-04
2.49223518e-01 -3.47414153e-04 2.76258953e-04
2.49755416e-01 4.64912430e-04 2.78591065e-04
2.50287311e-01 6.32600137e-04 2.74852067e-04
2.50819201e-01 -1.70326074e-04 2.70868527e-04
2.51351088e-01 3.07788142e-04 2.69000736e-04
2.51882971e-01 -1.96050272e-04 2.69417762e-04
2.52414849e-01 -3.10742498e-05 2.72199250e-04
2.52946723e-01 1.19108578e-04 2.71136025e-04
2.53478594e-01 7.84945738e-05 2.71603622e-04
2.54010460e-01 1.41016059e-04 2.71736792e-04
2.54542322e-01 2.31945282e-04 2.64687734e-04
2.55074180e-01 2.94769261e-04 2.66675380e-04
2.55606034e-01 2.20484202e-04 2.73342533e-04
2.56137883e-01 2.22453831e-06 2.62910449e-04
2.56669729e-01 2.03025066e-04 2.74576554e-04
2.57201570e-01 -5.82767231e-05 2.70404320e-04
2.57733408e-01 1.47821744e-04 2.67315327e-04
2.58265241e-01 -4.04350948e-04 2.65887608e-04
2.58797070e-01 2.95573540e-04 2.66103532e-04
2.59328895e-01 7.03510943e-05 2.68436361e-04
2.59860715e-01 -6.53484396e-05 2.67633812e-04
2.60392532e-01 -5.29687992e-05 2.73177554e-04
2.60924344e-01 5.92932734e-05 2.64441170e-04
2.61456152e-01 5.12794161e-04 2.63178991e-04
2.61987956e-01 2.46776406e-04 2.60972788e-04
2.62519755e-01 1.78087164e-04 2.63758870e-04
2.63051551e-01 3.27315822e-04 2.62829920e-04
2.63583342e-01 5.01330978e-04 2.61527642e-04
2.64115129e-01 1.08077569e-04 2.58968423e-04
2.64646911e-01 2.92497812e-04 2.64851848e-04
2.65178690e-01 -3.40249055e-04 2.57679452e-04
2.65710464e-01 1.82746962e-04 2.60346169e-04
2.66242233e-01 -1.79022535e-04 2.57708563e-04
2.66773999e-01 4.76342795e-04 2.62238978e-04
2.67305760e-01 4.28459820e-05 2.57915765e-04
2.67837517e-01 6.90824718e-04 2.58719792e-04
2.68369269e-01 3.48732670e-04 2.55503929e-04
2.68901018e-01 1.43720267e-04 2.64061357e-04
2.69432761e-01 2.51859112e-04 2.68196862e-04
2.69964501e-01 -1.23806008e-04 2.69901434e-04
2.70496236e-01 4.35250948e-05 2.68491940e-04
2.71027967e-01 -4.04802544e-04 2.64914685e-04
2.71559693e-01 -4.13180040e-05 2.63512604e-04
2.72091415e-01 -6.69268751e-06 2.65694692e-04
2.72623133e-01 9.77628016e-05 2.68404177e-04
2.73154846e-01 4.29191127e-05 2.65421547e-04
2.73686555e-01 3.54223079e-04 2.71920141e-04
2.74218260e-01 -5.50368767e-05 2.63383651e-04
2.74749960e-01 -1.26504585e-04 2.63964372e-04
2.75281655e-01 1.00739138e-04 2.66832746e-04
2.75813346e-01 2.60768284e-05 2.63867134e-04
2.76345033e-01 -1.29396675e-04 2.65841820e-04
2.76876715e-01 -1.47700501e-04 2.63664527e-04
2.77408393e-01 5.63001443e-05 2.58969600e-04
2.77940066e-01 1.73425043e-04 2.66954016e-04
2.78471735e-01 2.82710020e-05 2.59895459e-04
2.79003400e-01 -1.39038475e-04 2.58147779e-04
2.79535059e-01 -1.85949634e-04 2.55279099e-04
2.80066715e-01 -4.28558480e-04 2.58405322e-04
2.80598366e-01 -8.36573111e-05 2.57617686e-04
2.81130012e-01 -2.44347716e-05 2.56663033e-04
2.81661654e-01 -1.86568902e-04 2.59119643e-04
2.82193291e-01 -1.34485213e-04 2.56623757e-04
2.82724923e-01 1.78469306e-04 2.63246434e-04
2.83256552e-01 1.13844137e-04 2.53023485e-04
2.83788175e-01 -2.87857618e-05 2.51190675e-04
2.84319794e-01 2.82954143e-04 2.57127937e-04
2.84851408e-01 6.70431412e-05 2.56074836e-04
2.85383018e-01 4.33247077e-04 2.53856289e-04
2.85914623e-01 1.85511182e-04 2.53451379e-04
2.86446224e-01 -1.29692732e-05 2.50773523e-04
2.86977820e-01 1.55955482e-05 2.56088058e-04
2.87509411e-01 -1.20053543e-05 2.56037473e-04
2.88040998e-01 2.04299683e-04 2.56010814e-04
2.88572580e-01 1.35143765e-04 2.53856669e-04
2.89104157e-01 7.07321292e-04 2.55594901e-04
2.89635730e-01 1.63967639e-05 2.52286357e-04
2.90167298e-01 4.21367066e-04 2.58763936e-04
2.90698862e-01 7.10861525e-04 2.59721768e-04
2.91230420e-01 3.01287384e-04 2.61992203e-04
2.91761974e-01 8.99479522e-04 2.62491004e-04
2.92293524e-01 2.02579988e-04 2.57577756e-04
2.92825068e-01 2.12424970e-04 2.60939288e-04
2.93356608e-01 1.86338960e-04 2.55467026e-04
2.93888143e-01 -1.36524110e-04 2.56588221e-04
2.94419674e-01 6.75914194e-05 2.55816611e-04
2.94951199e-01 9.15633196e-05 2.54605157e-04
2.95482720e-01 2.77680546e-04 2.53896364e-04
2.96014236e-01 3.39089883e-05 2.55444402e-04
2.96545748e-01 1.56495400e-04 2.55072612e-04
2.97077254e-01 2.27839785e-04 2.54483588e-04
2.97608756e-01 4.08924680e-04 2.58069407e-04
2.98140253e-01 -2.48074627e-04 2.50061566e-04
2.98671745e-01 2.73151923e-04 2.46578623e-04
2.99203233e-01 5.38667764e-04 2.51652908e-04
2.99734715e-01 1.40644817e-04 2.49031710e-04
3.00266193e-01 -2.80906873e-04 2.49460030e-04
3.00797666e-01 -5.19709616e-04 2.44749110e-04
3.01329134e-01 3.73792528e-04 2.41905924e-04
3.01860597e-01 1.56905936e-04 2.46627169e-04
3.02392056e-01 2.49823738e-04 2.49092920e-04
3.02923509e-01 -3.31986571e-04 2.48204599e-04
3.03454958e-01 -1.90434654e-04 2.45909895e-04
3.03986401e-01 2.64122913e-04 2.46404516e-04
3.04517840e-01 -1.11895850e-04 2.46320544e-04
3.05049274e-01 -3.37557471e-05 2.41089812e-04
3.05580703e-01 -1.05546931e-04 2.45076625e-04
3.06112127e-01 -3.99533107e-05 2.45596198e-04
3.06643546e-01 -7.37634286e-05 2.41395554e-04
3.07174960e-01 1.78137415e-04 2.44035719e-04
3.07706370e-01 1.21605730e-04 2.42452266e-04
3.08237774e-01 -1.36017000e-04 2.45042674e-04
3.08769173e-01 2.97930333e-04 2.43296374e-04
3.09300568e-01 -2.88792119e-04 2.39119651e-04
3.09831957e-01 -1.84931067e-05 2.42291134e-04
3.10363341e-01 1.79028636e-04 2.41882231e-04
3.10894721e-01 -4.50331899e-05 2.34698098e-04
3.11426095e-01 2.72321774e-04 2.40688777e-04
3.11957464e-01 -6.95976585e-05 2.44517988e-04
3.12488829e-01 -4.05915767e-05 2.39016375e-04
3.13020188e-01 -2.45052458e-04 2.36452120e-04
3.13551542e-01 1.04203630e-04 2.39302437e-04
3.14082891e-01 4.37403949e-04 2.35840867e-04
3.14614235e-01 -1.88623948e-04 2.34971347e-04
3.15145574e-01 2.18171746e-04 2.36473256e-04
3.15676908e-01 5.12336480e-04 2.39967378e-04
3.16208237e-01 3.92091128e-04 2.39395251e-04
3.16739561e-01 1.81333347e-04 2.38570045e-04
3.17270880e-01 9.14657244e-05 2.35412311e-04
3.17802193e-01 2.55477015e-04 2.36192841e-04
3.18333502e-01 2.45916533e-04 2.35825976e-04
3.18864805e-01 3.41931100e-04 2.42018902e-04
3.19396103e-01 4.73483453e-05 2.34392767e-04
3.19927396e-01 1.65560273e-05 2.33088179e-04
3.20458684e-01 5.77141426e-04 2.36450337e-04
3.20989967e-01 2.48771174e-04 2.32562672e-04
3.21521244e-01 2.19909484e-04 2.30247014e-04
3.22052517e-01 -4.66765733e-04 2.25967430e-04
3.22583784e-01 2.16144131e-04 2.32195690e-04
3.23115046e-01 -7.36205020e-05 2.32591735e-04
3.23646303e-01 4.58408689e-04 2.34757983e-04
3.24177554e-01 3.63379289e-04 2.31304902e-04
3.24708801e-01 -8.16654509e-05 2.29310557e-04
3.25240042e-01 1.14572358e-04 2.38877880e-04
3.25771278e-01 3.43272143e-04 2.31544128e-04
3.26302508e-01 2.02678846e-04 2.32172375e-04
3.26833734e-01 4.12907098e-04 2.31012246e-04
3.27364954e-01 9.10008185e-05 2.31134005e-04
3.27896169e-01 -1.18696882e-04 2.26277193e-04
3.28427378e-01 -8.26260284e-05 2.25769267e-04
3.28958583e-01 -2.97006290e-05 2.26148626e-04
3.29489782e-01 -3.44263820e-06 2.25228390e-04
3.30020975e-01 3.32024577e-04 2.21923874e-04
3.30552164e-01 -7.52884837e-05 2.25823141e-04
3.31083347e-01 -1.84850485e-04 2.25452270e-04
3.31614524e-01 -1.89909554e-04 2.25885131e-04
3.32145697e-01 -6.30859051e-05 2.26917167e-04
3.32676864e-01 4.15972287e-05 2.27501563e-04
3.33208025e-01 -1.13527846e-04 2.27307277e-04
3.33739182e-01 3.79865156e-04 2.25329162e-04
3.34270333e-01 -4.82396967e-05 2.20336392e-04
3.34801478e-01 1.06310834e-04 2.27355898e-04
3.35332618e-01 3.64476875e-04 2.28831625e-04
3.35863753e-01 -4.66067311e-05 2.24036135e-04
3.36394883e-01 2.90872415e-04 2.27488521e-04
3.36926007e-01 3.65493500e-04 2.23791530e-04
3.37457125e-01 6.51362267e-05 2.25231402e-04
3.37988238e-01 -7.41644667e-05 2.26212005e-04
3.38519346e-01 5.71878653e-05 2.27066382e-04
3.39050448e-01 5.87950598e-05 2.18371049e-04
3.39581545e-01 1.24429735e-04 2.23696053e-04
3.40112636e-01 1.12651131e-05 2.23684292e-04
3.40643722e-01 9.62141042e-05 2.26097822e-04
3.41174802e-01 5.49964810e-04 2.24737034e-04
3.41705877e-01 5.41138081e-05 2.23931363e-04
3.42236946e-01 1.29310907e-05 2.22503469e-04
3.42768010e-01 2.33142696e-04 2.22122703e-04
3.43299068e-01 3.49023872e-04 2.23394334e-04
3.43830121e-01 3.57025629e-04 2.23934811e-04
3.44361168e-01 1.42319969e-04 2.24503821e-04
3.44892210e-01 -1.87286315e-05 2.24407242e-04
3.45423246e-01 1.29014104e-04 2.19677343e-04
3.45954277e-01 2.34498216e-04 2.22757994e-04
3.46485302e-01 9.86912146e-05 2.22704894e-04
3.47016321e-01 6.95631761e-05 2.22476634e-04
3.47547335e-01 1.58708763e-04 2.22747125e-04
3.48078343e-01 6.26753505e-05 2.24025356e-04
3.48609346e-01 1.63080377e-04 2.15813802e-04
3.49140343e-01 2.65592010e-04 2.17044716e-04
3.49671334e-01 1.33258568e-04 2.20027481e-04
3.50202320e-01 2.18124533e-04 2.20233783e-04
3.50733300e-01 1.76802516e-04 2.23048451e-04
3.51264275e-01 2.03195323e-05 2.20380543e-04
3.51795244e-01 1.84695187e-05 2.20551336e-04
3.52326207e-01 -6.65528970e-05 2.18628094e-04
3.52857164e-01 3.86817486e-04 2.18795886e-04
3.53388116e-01 -3.39905606e-04 2.16144930e-04
3.53919062e-01 2.05111182e-04 2.15198585e-04
3.54450003e-01 -4.59104499e-04 2.16988047e-04
3.54980938e-01 3.55262144e-04 2.17711307e-04
3.55511867e-01 3.99267207e-04 2.18678414e-04
3.56042790e-01 7.56970148e-05 2.10092401e-04
3.56573708e-01 9.48312399e-08 2.14634849e-04
3.57104620e-01 1.48979382e-04 2.17644584e-04
3.57635526e-01 3.38260614e-04 2.16217340e-04
3.58166426e-01 1.72811588e-04 2.12458659e-04
3.58697321e-01 -8.67728444e-05 2.12335459e-04
3.59228210e-01 1.35111554e-04 2.13180885e-04
3.59759093e-01 -7.24352503e-05 2.11312464e-04
3.60289970e-01 1.54299700e-04 2.10596941e-04
3.60820841e-01 3.66952798e-04 2.12272986e-04
3.61351707e-01 2.22275352e-04 2.15472625e-04
3.61882567e-01 5.92390783e-04 2.12075006e-04
3.62413421e-01 1.90223802e-05 2.10470176e-04
3.62944269e-01 -8.26732856e-05 2.14917852e-04
3.63475112e-01 1.85545441e-04 2.14870481e-04
3.64005948e-01 2.15367064e-04 2.11029201e-04
3.64536779e-01 1.97594310e-04 2.15010494e-04
3.65067604e-01 1.02178571e-04 2.13214330e-04
3.65598423e-01 1.74829453e-05 2.08026268e-04
3.66129236e-01 1.84205935e-04 2.13134082e-04
3.66660043e-01 1.66137658e-04 2.11073360e-04
3.67190844e-01 -1.63849126e-04 2.08081406e-04
3.67721639e-01 3.71789111e-04 2.10311262e-04
3.68252429e-01 1.94874051e-04 2.10001313e-04
3.68783212e-01 1.60189825e-04 2.10949617e-04
3.69313990e-01 3.01994586e-05 2.07093584e-04
3.69844762e-01 -1.48084097e-04 2.09219276e-04
3.70375527e-01 3.45070287e-04 2.13972458e-04
3.70906287e-01 2.35555657e-04 2.10623340e-04
3.71437041e-01 -3.69715981e-05 2.09429076e-04
3.71967789e-01 -8.09109118e-05 2.05979612e-04
3.72498531e-01 2.43272400e-04 2.07250442e-04
3.73029266e-01 4.43795059e-05 2.07982632e-04
3.73559996e-01 1.55813262e-04 2.11440029e-04
3.74090720e-01 1.55564430e-04 2.05616211e-04
3.74621438e-01 9.62029776e-05 2.07564954e-04
3.75152150e-01 -5.35830662e-06 2.05387324e-04
3.75682855e-01 1.99288166e-04 2.11146365e-04
3.76213555e-01 6.07487092e-05 2.06388618e-04
3.76744249e-01 1.07405655e-04 2.09960460e-04
3.77274936e-01 1.35716926e-04 2.08330688e-04
3.77805618e-01 2.60394500e-04 2.07263761e-04
3.78336293e-01 3.23568511e-04 2.07076517e-04
3.78866963e-01 -1.57352405e-04 2.09614911e-04
3.79397626e-01 -2.73754472e-04 2.03165766e-04
3.79928283e-01 -5.72388648e-05 2.04571488e-04
3.80458934e-01 5.71881250e-04 2.09417524e-04
3.80989579e-01 4.98480588e-04 2.12145264e-04
3.81520218e-01 2.55616338e-04 2.10120118e-04
3.82050851e-01 3.04591502e-04 2.09422562e-04
3.82581478e-01 -3.95975259e-04 2.10582346e-04
3.83112098e-01 9.40871300e-05 2.13660003e-04
3.83642712e-01 2.92768151e-04 2.11118308e-04
3.84173320e-01 -2.45811231e-04 2.10535348e-04
3.84703922e-01 2.07280883e-04 2.09137420e-04
3.85234518e-01 -3.04849120e-05 2.06551557e-04
3.85765108e-01 -1.57115800e-04 2.11109489e-04
3.86295691e-01 1.58534530e-04 2.11377718e-04
3.86826268e-01 -6.00858100e-06 2.11110058e-04
3.87356839e-01 3.69447888e-04 2.12442228e-04
3.87887404e-01 1.28065265e-04 2.11583971e-04
3.88417962e-01 2.74255571e-04 2.08966487e-04
3.88948514e-01 1.60221242e-04 2.08545974e-04
3.89479060e-01 -3.41914505e-04 2.03362168e-04
3.90009600e-01 -9.53716074e-05 2.03955628e-04
3.90540134e-01 2.31928996e-04 2.05298217e-04
3.91070661e-01 1.93411389e-04 2.05988303e-04
3.91601182e-01 -2.91375999e-05 2.08931271e-04
3.92131696e-01 -4.50515015e-05 2.11330309e-04
3.92662205e-01 1.64688340e-04 2.10105765e-04
3.93192707e-01 -3.78020904e-05 2.06787319e-04
3.93723202e-01 7.01035193e-05 2.06329995e-04
3.94253692e-01 1.81500302e-06 2.08517075e-04
3.94784175e-01 2.11468845e-04 2.09925075e-04
3.95314651e-01 8.24422666e-05 2.08872076e-04
3.95845122e-01 3.21104586e-04 2.12711317e-04
3.96375585e-01 9.96481731e-05 2.12554844e-04
3.96906043e-01 4.28284694e-04 2.13095725e-04
3.97436494e-01 9.55930578e-05 2.11908545e-04
3.97966939e-01 2.36641405e-04 2.09567127e-04
3.98497377e-01 4.04860375e-05 2.15742464e-04
3.99027809e-01 -5.24941344e-05 2.10884768e-04
3.99558235e-01 2.57946611e-04 2.12262962e-04
4.00088654e-01 7.41214652e-04 2.14735303e-04
4.00619067e-01 4.41480789e-04 2.15086852e-04
4.01149473e-01 -2.26494327e-04 2.16334475e-04
4.01679873e-01 -1.22043276e-04 2.21577771e-04
4.02210267e-01 1.41960721e-04 2.18821046e-04
4.02740654e-01 1.67337832e-08 2.19227972e-04
4.03271034e-01 1.20029088e-04 2.15986590e-04
4.03801408e-01 3.13248973e-05 2.17032242e-04
4.04331776e-01 4.89968516e-04 2.20058350e-04
4.04862137e-01 7.11380841e-05 2.20101273e-04
4.05392491e-01 -6.32741244e-05 2.21847137e-04
4.05922839e-01 2.71666257e-04 2.21383310e-04
4.06453181e-01 2.21501896e-04 2.20993471e-04
4.06983516e-01 4.63107363e-04 2.25575695e-04
4.07513844e-01 5.64064604e-06 2.23219350e-04
4.08044166e-01 -1.14185562e-04 2.22576869e-04
4.08574481e-01 2.70480518e-04 2.25089372e-04
4.09104790e-01 -4.19621348e-04 2.20652294e-04
4.09635092e-01 -3.19003165e-05 2.24290690e-04
4.10165388e-01 -1.54908841e-04 2.22746033e-04
4.10695677e-01 1.39792988e-04 2.34271391e-04
4.11225960e-01 4.16250188e-04 2.46967820e-04
4.11756235e-01 1.85656398e-04 2.55418661e-04
4.12286505e-01 6.31212474e-04 2.75690754e-04
4.12816767e-01 4.35195898e-04 2.83282064e-04
4.13347023e-01 6.21613925e-04 3.05773535e-04
4.13877273e-01 3.06605800e-04 3.17574985e-04
4.14407515e-01 3.95241433e-04 3.31306347e-04
4.14937751e-01 1.58850661e-04 3.32029915e-04
4.15467981e-01 1.11181281e-04 3.40821150e-04
4.15998203e-01 5.62081608e-04 3.38616717e-04
4.16528419e-01 1.96240459e-04 3.64037472e-04
4.17058629e-01 6.14698141e-04 3.58951481e-04
4.17588831e-01 5.91473362e-04 3.61989910e-04
4.18119027e-01 -2.26454372e-06 3.89420152e-04
4.18649217e-01 1.24637695e-05 5.02531227e-04
4.19179399e-01 -1.46112830e-03 1.30144962e-03
