7.45980241e-03 1.66531773e-02 3.29655118e-02
7.99264482e-03 3.08392682e-03 1.97273403e-02
8.52548709e-03 -4.23044495e-04 1.42627984e-02
9.05832923e-03 8.50467698e-03 1.25077371e-02
9.59117122e-03 -1.46239333e-03 1.09494797e-02
1.01240131e-02 2.35273836e-03 8.89322957e-03
1.06568547e-02 -2.17374817e-03 7.75998500e-03
1.11896962e-02 2.70150512e-03 5.66175708e-03
1.17225375e-02 2.53992980e-03 4.38704360e-03
1.22553787e-02 -7.76473790e-05 3.24966605e-03
1.27882196e-02 8.66928789e-04 2.76857455e-03
1.33210603e-02 6.59685811e-04 2.69929951e-03
1.38539008e-02 8.93016135e-04 2.20435453e-03
1.43867411e-02 2.91281436e-04 1.96496853e-03
1.49195812e-02 6.00706538e-04 1.86356742e-03
1.54524210e-02 -3.17856258e-03 1.61893102e-03
1.59852605e-02 -1.57588681e-03 1.58956155e-03
1.65180998e-02 -3.21768537e-03 1.47634435e-03
1.70509389e-02 -1.29262018e-03 1.37350392e-03
1.75837776e-02 1.77479081e-03 1.34154854e-03
1.81166161e-02 6.49897658e-05 1.30802853e-03
1.86494543e-02 1.46651264e-04 1.29907784e-03
1.91822922e-02 1.53221006e-04 1.22789814e-03
1.97151297e-02 3.40845534e-04 1.17376278e-03
2.02479670e-02 -5.98513184e-04 1.09125987e-03
2.07808039e-02 -1.49905747e-03 1.11752445e-03
2.13136405e-02 -6.02910757e-04 1.06469033e-03
2.18464767e-02 -7.66644896e-04 1.14380984e-03
2.23793126e-02 -2.99268564e-03 1.01080213e-03
2.29121481e-02 -5.72690636e-04 1.03963709e-03
2.34449833e-02 5.47744722e-04 1.06313692e-03
2.39778181e-02 4.54133813e-04 9.27703765e-04
2.45106524e-02 -7.07696794e-04 9.86317692e-04
2.50434864e-02 1.64308438e-03 9.57286657e-04
2.55763200e-02 2.94447300e-04 9.46703590e-04
2.61091532e-02 1.33350003e-03 9.67142639e-04
2.66419859e-02 -6.27811031e-04 9.15811358e-04
2.71748182e-02 6.09432869e-05 9.67022511e-04
2.77076501e-02 -2.18656127e-04 8.94579703e-04
2.82404815e-02 5.17686100e-04 8.76032074e-04
2.87733125e-02 5.12242101e-04 8.82524451e-04
2.93061430e-02 1.47987877e-03 8.58730797e-04
2.98389731e-02 7.23906225e-04 8.36402344e-04
3.03718026e-02 1.17283762e-03 8.15490265e-04
3.09046317e-02 1.66910945e-04 8.46898128e-04
3.14374602e-02 3.17158007e-04 7.47709202e-04
3.19702883e-02 9.43411827e-04 7.67577221e-04
3.25031158e-02 2.12529691e-06 7.43755623e-04
3.30359428e-02 4.52917229e-05 7.34465605e-04
3.35687693e-02 -1.36604488e-04 7.90764292e-04
3.41015952e-02 8.25318531e-04 7.58908508e-04
3.46344206e-02 -1.14859668e-03 7.77502286e-04
3.51672454e-02 -5.52353110e-05 7.51238619e-04
3.57000696e-02 2.52983388e-04 7.84793286e-04
3.62328933e-02 1.18238317e-03 7.30695615e-04
3.67657164e-02 3.55907793e-04 7.54151816e-04
3.72985389e-02 2.55966369e-04 6.75759272e-04
3.78313608e-02 -1.16327015e-03 7.35054889e-04
3.83641820e-02 -2.97934980e-04 7.29595190e-04
3.88970027e-02 1.27787476e-03 7.18667241e-04
3.94298227e-02 7.24684718e-04 7.11610311e-04
3.99626421e-02 3.63233462e-04 6.65460636e-04
4.04954608e-02 -2.03592354e-03 6.83387149e-04
4.10282789e-02 2.59172161e-04 6.97638384e-04
4.15610963e-02 -8.93838259e-04 7.06778590e-04
4.20939131e-02 -3.59067550e-04 7.11788334e-04
4.26267291e-02 4.64556194e-04 7.04497538e-04
4.31595445e-02 7.82820484e-04 7.15699752e-04
4.36923592e-02 -1.76053515e-04 7.09236968e-04
4.42251732e-02 -5.22446225e-04 7.11370709e-04
4.47579864e-02 4.12328018e-04 7.09934596e-04
4.52907989e-02 1.35266413e-03 7.15594024e-04
4.58236107e-02 7.89474587e-04 7.10174572e-04
4.63564218e-02 -7.81308765e-04 6.90343315e-04
4.68892321e-02 5.00352957e-04 7.32296722e-04
4.74220417e-02 1.08962930e-03 7.16711970e-04
4.79548504e-02 4.93006756e-04 7.32424871e-04
4.84876584e-02 -4.57947957e-04 6.89134050e-04
4.90204657e-02 -4.72408344e-05 6.96503990e-04
4.95532721e-02 3.09173864e-04 6.86819788e-04
5.00860777e-02 -5.16486989e-04 6.93559808e-04
5.06188825e-02 5.02037563e-04 7.22420328e-04
5.11516865e-02 2.12952099e-06 6.92681633e-04
5.16844897e-02 -1.48103346e-04 6.47619611e-04
5.22172920e-02 1.35574826e-04 6.85764706e-04
5.27500935e-02 -2.66772687e-04 6.53378124e-04
5.32828941e-02 4.87955838e-04 6.29455493e-04
5.38156939e-02 -1.28191225e-04 6.32320457e-04
5.43484928e-02 2.37633444e-04 6.46379856e-04
5.48812908e-02 2.04022051e-05 6.29225934e-04
5.54140880e-02 7.36137744e-05 6.36320167e-04
5.59468842e-02 -5.24322476e-05 6.22972734e-04
5.64796795e-02 -2.88779647e-04 6.22575457e-04
5.70124739e-02 8.36873749e-04 5.72969565e-04
5.75452674e-02 7.28922174e-04 6.21070843e-04
5.80780600e-02 9.86983739e-04 6.11419811e-04
5.86108516e-02 5.40346600e-05 6.16365097e-04
5.91436423e-02 5.20557173e-04 5.81953972e-04
5.96764320e-02 -2.53514575e-04 5.84238766e-04
6.02092208e-02 -2.28158255e-05 5.93826427e-04
6.07420086e-02 1.65551109e-04 5.90062842e-04
6.12747953e-02 -8.49756156e-04 5.81235909e-04
6.18075812e-02 2.30933137e-04 5.86332868e-04
6.23403660e-02 -3.11190327e-05 5.93847080e-04
6.28731498e-02 4.93634304e-04 5.57529987e-04
6.34059325e-02 2.38049749e-04 5.92489184e-04
6.39387143e-02 -1.45390122e-03 5.74107481e-04
6.44714950e-02 -8.68595091e-04 5.56436162e-04
6.50042747e-02 -9.14879463e-04 5.88341404e-04
6.55370533e-02 -3.02315463e-04 5.83032008e-04
6.60698309e-02 -2.19684155e-04 5.86594381e-04
6.66026074e-02 -5.68643872e-05 5.85728509e-04
6.71353828e-02 -7.70487749e-04 5.71133490e-04
6.76681571e-02 7.57665625e-04 5.81374641e-04
6.82009304e-02 -5.44603792e-05 6.00474075e-04
6.87337025e-02 3.65672738e-04 5.77511807e-04
6.92664735e-02 1.20177746e-03 6.16159655e-04
6.97992434e-02 2.32931738e-05 5.98744067e-04
7.03320122e-02 3.22783713e-04 5.89724238e-04
7.08647798e-02 3.52188137e-04 5.62664859e-04
7.13975463e-02 1.21750456e-04 5.65288457e-04
7.19303116e-02 5.28174786e-04 6.00777876e-04
7.24630758e-02 4.13531797e-04 5.52624998e-04
7.29958388e-02 5.90988682e-04 5.63737060e-04
7.35286006e-02 1.14041214e-04 5.57848188e-04
7.40613612e-02 -4.75654305e-04 5.39977343e-04
7.45941207e-02 1.62647300e-04 5.58860518e-04
7.51268789e-02 2.48296092e-04 5.52139061e-04
7.56596359e-02 6.79192111e-04 5.36296502e-04
7.61923917e-02 1.23228630e-04 5.28635519e-04
7.67251462e-02 5.19339543e-04 5.29077738e-04
7.72578995e-02 -2.47009288e-04 5.21152339e-04
7.77906516e-02 -1.73710491e-04 5.16926433e-04
7.83234024e-02 -7.53489524e-05 5.25827661e-04
7.88561519e-02 1.60821108e-03 5.70990197e-04
7.93889002e-02 -8.95828077e-04 5.22780264e-04
7.99216472e-02 1.94115369e-05 5.09601697e-04
8.04543928e-02 1.95014242e-04 5.00754285e-04
8.09871372e-02 -9.33931500e-04 5.16281852e-04
8.15198803e-02 -8.37596619e-04 5.07421501e-04
8.20526220e-02 6.84580662e-04 5.23726294e-04
8.25853624e-02 3.70116639e-04 5.11991518e-04
8.31181015e-02 4.65283752e-04 5.01932893e-04
8.36508393e-02 -2.15972278e-04 4.97739567e-04
8.41835757e-02 2.41631690e-04 5.19641056e-04
8.47163107e-02 4.08059786e-04 5.34056189e-04
8.52490443e-02 4.45502820e-05 5.04330439e-04
8.57817766e-02 3.23700037e-04 4.80930778e-04
8.63145075e-02 4.80403101e-04 4.88758397e-04
8.68472370e-02 -4.44771691e-04 4.87420172e-04
8.73799651e-02 5.08294923e-05 4.82121278e-04
8.79126918e-02 -5.13403191e-04 4.98776618e-04
8.84454170e-02 -5.13155272e-04 4.83314834e-04
8.89781408e-02 -2.02683084e-04 4.79923352e-04
8.95108632e-02 -6.45150966e-06 4.86594259e-04
9.00435842e-02 -4.58117843e-04 5.05406449e-04
9.05763036e-02 7.57624749e-04 4.92328298e-04
9.11090217e-02 1.33072214e-04 4.92480740e-04
9.16417382e-02 -4.89216698e-04 4.65068320e-04
9.21744532e-02 5.37548752e-04 4.53852241e-04
9.27071668e-02 4.25594109e-04 4.82452526e-04
9.32398789e-02 6.10331876e-04 4.77495803e-04
9.37725894e-02 -2.01006411e-04 4.67225781e-04
9.43052985e-02 -4.31138751e-05 4.65334930e-04
9.48380060e-02 -2.41795776e-04 4.70924693e-04
9.53707120e-02 -1.71904661e-04 4.66341118e-04
9.59034164e-02 -2.58047422e-05 4.73673945e-04
9.64361193e-02 1.19238895e-04 4.57860625e-04
9.69688206e-02 -1.14145967e-04 4.43467927e-04
9.75015204e-02 -1.01847195e-03 4.60954677e-04
9.80342186e-02 -1.57402039e-05 4.60780643e-04
9.85669152e-02 -1.21208951e-04 4.68109385e-04
9.90996102e-02 5.79686716e-04 4.70443752e-04
9.96323036e-02 1.10354300e-04 4.37605522e-04
1.00164995e-01 6.34279850e-04 4.43506581e-04
1.00697686e-01 -1.23659802e-04 4.59554325e-04
1.01230374e-01 1.92878189e-04 4.41775492e-04
1.01763061e-01 -1.05697159e-03 4.41934723e-04
1.02295746e-01 -5.92607517e-04 4.32609689e-04
1.02828430e-01 -1.29874394e-04 4.38126899e-04
1.03361112e-01 -4.46011352e-04 4.35225947e-04
1.03893792e-01 7.63100016e-04 4.38725913e-04
1.04426471e-01 6.57730159e-04 4.48674548e-04
1.04959148e-01 6.37699839e-04 4.51742266e-04
1.05491823e-01 -3.00359352e-04 4.59086661e-04
1.06024496e-01 3.24668543e-04 4.38888574e-04
1.06557168e-01 1.09763345e-03 4.51980016e-04
1.07089838e-01 1.14808736e-05 4.39551228e-04
1.07622506e-01 -5.96613111e-04 4.42058757e-04
1.08155173e-01 6.95958734e-04 4.42095968e-04
1.08687838e-01 -2.07900855e-04 4.21291339e-04
1.09220501e-01 6.00668079e-04 4.43913018e-04
1.09753162e-01 2.47982519e-04 4.22874125e-04
1.10285822e-01 -7.41823613e-04 4.14443080e-04
1.10818479e-01 -5.24280841e-04 4.40312071e-04
1.11351135e-01 8.87398730e-05 4.20953249e-04
1.11883790e-01 -9.84177434e-05 4.26025170e-04
1.12416442e-01 2.21269976e-04 4.15707400e-04
1.12949092e-01 -1.59556959e-04 4.05254580e-04
1.13481741e-01 3.37061553e-04 4.20956586e-04
1.14014388e-01 -3.52089900e-04 4.13074499e-04
1.14547033e-01 6.44780913e-04 4.34937587e-04
1.15079676e-01 3.99872840e-04 4.22336184e-04
1.15612318e-01 6.94311149e-05 4.17413095e-04
1.16144957e-01 7.20944041e-04 4.14555899e-04
1.16677595e-01 2.26297573e-04 4.17524288e-04
1.17210230e-01 -2.74374428e-04 4.06886595e-04
1.17742864e-01 1.23537512e-04 4.19467488e-04
1.18275496e-01 -8.33045233e-05 4.21037874e-04
1.18808126e-01 2.55468312e-04 4.18686582e-04
1.19340754e-01 -2.19060872e-04 4.03279237e-04
1.19873380e-01 1.96412546e-04 4.03722201e-04
1.20406004e-01 -3.30025049e-04 4.07267229e-04
1.20938626e-01 -1.49957453e-04 3.98980683e-04
1.21471247e-01 2.35267378e-04 4.11139606e-04
1.22003865e-01 1.95835771e-05 3.96928380e-04
1.22536481e-01 -2.48975500e-05 4.06164750e-04
1.23069096e-01 -5.80341593e-04 3.97371328e-04
1.23601708e-01 -3.95937687e-04 3.92693736e-04
1.24134318e-01 9.97198318e-05 3.96763566e-04
1.24666927e-01 7.96763836e-04 3.93670813e-04
1.25199533e-01 -2.27326643e-04 3.98877317e-04
1.25732137e-01 2.02576934e-04 3.95210311e-04
1.26264740e-01 -8.62601448e-04 3.71381143e-04
1.26797340e-01 3.58739084e-04 3.94502352e-04
1.27329938e-01 2.65469693e-04 3.88102221e-04
1.27862534e-01 -8.36295742e-04 3.93247844e-04
1.28395128e-01 2.75822459e-04 4.04101840e-04
1.28927720e-01 5.78782319e-04 4.08395969e-04
1.29460310e-01 7.51871471e-06 3.94337825e-04
1.29992898e-01 -1.28633539e-05 4.07547570e-04
1.30525484e-01 -7.95488192e-04 3.85454604e-04
1.31058067e-01 -6.46325413e-04 3.85929859e-04
1.31590649e-01 5.07194713e-04 3.97990214e-04
1.32123228e-01 5.53535215e-04 4.07849350e-04
1.32655805e-01 8.35702666e-04 4.04866430e-04
1.33188380e-01 3.48427245e-04 3.95464213e-04
1.33720953e-01 -2.40966616e-04 3.92422847e-04
1.34253524e-01 -7.15270965e-05 4.04670803e-04
1.34786093e-01 1.07042089e-04 3.88178430e-04
1.35318659e-01 9.13756285e-04 3.90848241e-04
1.35851223e-01 -6.84768112e-05 3.93744847e-04
1.36383785e-01 -1.57616959e-04 3.91569005e-04
1.36916345e-01 4.45776083e-04 3.94248479e-04
1.37448903e-01 4.06080701e-04 3.86721233e-04
1.37981458e-01 5.52396398e-04 3.96424346e-04
1.38514011e-01 4.90866077e-04 3.82329455e-04
1.39046562e-01 1.71245561e-04 3.83969385e-04
1.39579111e-01 -1.26159357e-04 3.68855377e-04
1.40111657e-01 1.28672076e-04 3.69257979e-04
1.40644201e-01 -8.18322814e-04 3.70748813e-04
1.41176743e-01 2.15814589e-04 3.82171008e-04
1.41709283e-01 -1.32384734e-04 3.63319769e-04
1.42241820e-01 1.99911642e-04 3.77766404e-04
1.42774355e-01 4.43382551e-04 3.77487214e-04
1.43306888e-01 -8.53552381e-04 3.67331081e-04
1.43839418e-01 3.00355300e-04 3.64278150e-04
1.44371946e-01 4.46269087e-04 3.73362847e-04
1.44904472e-01 7.73545933e-05 3.71524374e-04
1.45436995e-01 4.35512339e-04 3.63233590e-04
1.45969516e-01 -4.54331582e-04 3.69234746e-04
1.46502035e-01 1.14547315e-04 3.59384832e-04
1.47034551e-01 -3.84744299e-04 3.67966464e-04
1.47567065e-01 4.76132921e-04 3.62317284e-04
1.48099577e-01 2.12254665e-04 3.73346939e-04
1.48632086e-01 -5.84831347e-05 3.52228339e-04
1.49164593e-01 2.23439779e-04 3.59954836e-04
1.49697097e-01 -2.46916253e-04 3.59769467e-04
1.50229599e-01 1.53525120e-04 3.60049408e-04
1.50762098e-01 1.54657376e-04 3.58396248e-04
1.51294595e-01 2.83994547e-04 3.61004248e-04
1.51827090e-01 -4.27985357e-04 3.55821511e-04
1.52359582e-01 1.52732658e-05 3.62470719e-04
1.52892072e-01 -3.21686087e-04 3.62912117e-04
1.53424559e-01 2.43520621e-04 3.54531528e-04
1.53957044e-01 -2.97405018e-04 3.46704845e-04
1.54489526e-01 -8.23890742e-05 3.65451194e-04
1.55022006e-01 1.09613309e-03 3.75620020e-04
1.55554483e-01 -1.26475503e-05 3.68025857e-04
1.56086958e-01 4.45283229e-04 3.61910225e-04
1.56619430e-01 4.36460310e-04 3.63891796e-04
1.57151899e-01 8.90839304e-05 3.62146907e-04
1.57684366e-01 2.60246726e-05 3.61884858e-04
1.58216831e-01 5.33691265e-04 3.57150124e-04
1.58749293e-01 3.92951907e-04 3.57156442e-04
1.59281752e-01 1.63316698e-04 3.60421782e-04
1.59814209e-01 2.10320812e-04 3.57450162e-04
1.60346664e-01 1.34553710e-04 3.64655625e-04
1.60879115e-01 4.26888367e-05 3.67034622e-04
1.61411564e-01 -2.87872327e-04 3.66854726e-04
1.61944011e-01 6.33136700e-05 3.70838107e-04
1.62476455e-01 1.45905739e-04 3.57189376e-04
1.63008896e-01 7.38989553e-04 3.68364884e-04
1.63541335e-01 8.07889290e-05 3.51904967e-04
1.64073771e-01 5.56176984e-04 3.62076065e-04
1.64606204e-01 2.71793821e-05 3.58238378e-04
1.65138635e-01 9.38793405e-05 3.51699742e-04
1.65671063e-01 -1.58209333e-04 3.49298293e-04
1.66203488e-01 -3.15094243e-04 3.42883569e-04
1.66735910e-01 3.02098168e-04 3.48825770e-04
1.67268330e-01 -3.99769347e-04 3.43053807e-04
1.67800748e-01 9.63775965e-05 3.52052793e-04
1.68333162e-01 2.17141753e-05 3.49141748e-04
1.68865574e-01 -1.46507462e-04 3.45858773e-04
1.69397983e-01 -1.47372778e-04 3.44892245e-04
1.69930389e-01 -6.20701987e-05 3.51362744e-04
1.70462793e-01 4.13167628e-04 3.35470444e-04
1.70995194e-01 -6.33766120e-04 3.35502167e-04
1.71527592e-01 -1.34907826e-04 3.37977792e-04
1.72059987e-01 1.74402795e-04 3.40155639e-04
1.72592380e-01 -1.60881852e-04 3.39252852e-04
1.73124769e-01 1.08853713e-03 3.41682714e-04
1.73657156e-01 -4.74893882e-04 3.35450842e-04
1.74189540e-01 -1.81960762e-04 3.38636162e-04
1.74721922e-01 8.71625134e-04 3.35532677e-04
1.75254300e-01 1.74721593e-05 3.39489745e-04
1.75786676e-01 -4.14239901e-04 3.39170356e-04
1.76319049e-01 9.13296768e-05 3.39145288e-04
1.76851418e-01 4.74999135e-04 3.43020168e-04
1.77383786e-01 -1.31820395e-04 3.40257875e-04
1.77916150e-01 -1.60582500e-04 3.37956666e-04
1.78448511e-01 1.06997595e-05 3.41463134e-04
1.78980870e-01 5.22720976e-04 3.50382108e-04
1.79513225e-01 -2.64793676e-04 3.43539156e-04
1.80045578e-01 4.36584034e-04 3.38631156e-04
1.80577928e-01 -6.45344022e-05 3.48275323e-04
1.81110275e-01 1.28203222e-04 3.41662138e-04
1.81642618e-01 4.18950689e-04 3.49276717e-04
1.82174959e-01 1.90513657e-04 3.49649893e-04
1.82707297e-01 -1.88780500e-04 3.41268494e-04
1.83239633e-01 -3.94934044e-04 3.40970554e-04
1.83771965e-01 -2.09186633e-04 3.44426946e-04
1.84304294e-01 -1.28001596e-04 3.32858932e-04
1.84836620e-01 -3.76030386e-04 3.45455287e-04
1.85368943e-01 3.58456682e-04 3.28697321e-04
1.85901263e-01 3.61615870e-04 3.32896312e-04
1.86433581e-01 3.03831929e-04 3.36978005e-04
1.86965895e-01 3.01443699e-04 3.38740213e-04
1.87498206e-01 -1.24998845e-04 3.32887298e-04
1.88030514e-01 1.07677557e-04 3.35514805e-04
1.88562819e-01 2.53587217e-04 3.33778573e-04
1.89095121e-01 2.13915470e-04 3.31405100e-04
1.89627420e-01 -3.49189903e-04 3.22351761e-04
1.90159716e-01 -1.27459525e-04 3.25840523e-04
1.90692009e-01 8.45624103e-04 3.26996686e-04
1.91224299e-01 1.40599509e-04 3.24342209e-04
1.91756586e-01 -2.25853749e-04 3.18178372e-04
1.92288869e-01 -3.20398741e-05 3.30776125e-04
1.92821150e-01 -2.04931067e-05 3.26139726e-04
1.93353427e-01 5.70025554e-04 3.15534401e-04
1.93885701e-01 5.78348214e-04 3.27922670e-04
1.94417972e-01 2.23875655e-04 3.25869854e-04
1.94950240e-01 -4.18957918e-04 3.21122049e-04
1.95482505e-01 -3.22670089e-04 3.18364348e-04
1.96014767e-01 3.65078126e-04 3.20360905e-04
1.96547025e-01 6.07999675e-04 3.16449698e-04
1.97079281e-01 8.87417009e-05 3.14098697e-04
1.97611533e-01 2.83396625e-04 3.12663836e-04
1.98143782e-01 -1.71280559e-04 3.12847147e-04
1.98676028e-01 -3.47047302e-04 3.10779289e-04
1.99208270e-01 -2.95766210e-05 3.12475513e-04
1.99740510e-01 6.36409384e-04 3.10952830e-04
2.00272746e-01 8.30089838e-05 3.06432166e-04
2.00804978e-01 2.97562878e-04 3.06804113e-04
2.01337208e-01 -1.45319549e-04 3.10601064e-04
2.01869434e-01 6.68205419e-04 3.18872578e-04
2.02401658e-01 -1.60760176e-04 3.05934260e-04
2.02933877e-01 -5.50661586e-05 3.09848495e-04
2.03466094e-01 3.02168618e-04 3.10756285e-04
2.03998307e-01 -3.68117494e-04 3.05198514e-04
2.04530517e-01 -1.24752521e-04 3.07299499e-04
2.05062724e-01 -2.83608507e-04 3.12496230e-04
2.05594927e-01 1.23947662e-04 3.07026397e-04
2.06127127e-01 1.63669417e-04 3.09071705e-04
2.06659324e-01 -3.38270887e-04 2.97390996e-04
2.07191517e-01 2.37992567e-04 3.06014776e-04
2.07723707e-01 2.29864313e-05 3.04358882e-04
2.08255894e-01 -4.49204510e-04 2.98484191e-04
2.08788077e-01 2.54784527e-04 2.96237758e-04
2.09320257e-01 -1.73426939e-04 2.98357112e-04
2.09852434e-01 -4.28335732e-04 2.96889966e-04
2.10384607e-01 3.14761210e-04 2.92984476e-04
2.10916777e-01 1.83427232e-04 2.97939414e-04
2.11448943e-01 9.88351501e-05 3.05796786e-04
2.11981106e-01 3.17947349e-04 2.93212341e-04
2.12513266e-01 4.87978629e-04 2.97670448e-04
2.13045422e-01 -1.25407809e-04 2.98380146e-04
2.13577575e-01 -3.47199097e-04 2.94351653e-04
2.14109724e-01 -1.27182783e-05 3.02542294e-04
2.14641870e-01 -2.66308587e-04 2.93151897e-04
2.15174012e-01 -3.95369539e-04 2.93751208e-04
2.15706151e-01 1.43212516e-04 2.93063551e-04
2.16238286e-01 -1.37783775e-04 3.00996932e-04
2.16770418e-01 8.36844256e-05 2.97279358e-04
2.17302546e-01 -2.12873150e-04 2.96849013e-04
2.17834671e-01 -3.06859000e-04 2.91761786e-04
2.18366792e-01 -1.38229150e-04 2.96230672e-04
2.18898910e-01 1.51114664e-04 2.87874708e-04
2.19431024e-01 -1.50690075e-05 2.90527146e-04
2.19963135e-01 2.70291812e-04 2.93021458e-04
2.20495242e-01 3.33288701e-04 2.89978108e-04
2.21027346e-01 7.01975499e-04 2.93422638e-04
2.21559446e-01 5.27507414e-04 2.95942355e-04
2.22091542e-01 1.39172345e-04 2.88329370e-04
2.22623635e-01 -1.70540848e-04 2.83911579e-04
2.23155724e-01 3.21343928e-05 2.91513679e-04
2.23687810e-01 -2.59708911e-04 2.83734002e-04
2.24219892e-01 3.67199778e-04 2.82516910e-04
2.24751971e-01 3.66082485e-04 2.86004671e-04
2.25284045e-01 5.60773130e-05 2.84511754e-04
2.25816117e-01 -4.78082395e-05 2.82187862e-04
2.26348184e-01 8.97350299e-05 2.85868192e-04
2.26880248e-01 -3.04284713e-04 2.92201967e-04
2.27412308e-01 1.15776680e-04 2.86351721e-04
2.27944365e-01 2.89528488e-04 2.91790667e-04
2.28476418e-01 2.67646919e-04 2.83155538e-04
2.29008467e-01 3.82058871e-05 2.74178468e-04
2.29540512e-01 9.08185639e-06 2.84723416e-04
2.30072554e-01 -2.57374160e-04 2.76837115e-04
2.30604592e-01 -1.68200186e-04 2.80142323e-04
2.31136626e-01 -4.94815452e-06 2.79419517e-04
2.31668657e-01 -2.03165420e-04 2.76590119e-04
2.32200684e-01 1.38231667e-04 2.78482448e-04
2.32732707e-01 -2.22751548e-04 2.79778867e-04
2.33264726e-01 5.39122785e-04 2.79274181e-04
2.33796742e-01 7.78622959e-05 2.72762776e-04
2.34328754e-01 -9.18631203e-05 2.71875163e-04
2.34860762e-01 7.71722012e-04 2.76347150e-04
2.35392766e-01 1.91963791e-04 2.79123395e-04
2.35924766e-01 -6.61120515e-05 2.79500951e-04
2.36456763e-01 6.97629195e-05 2.78157368e-04
2.36988756e-01 1.71421745e-04 2.78235017e-04
2.37520745e-01 1.69285834e-04 2.75866683e-04
2.38052730e-01 -1.88014529e-05 2.71204314e-04
2.38584711e-01 -3.58148250e-04 2.67962391e-04
2.39116689e-01 -2.99197831e-04 2.71067963e-04
2.39648662e-01 -5.09926231e-04 2.73640668e-04
2.40180632e-01 3.62213858e-04 2.75050068e-04
2.40712598e-01 2.01865368e-04 2.70286035e-04
2.41244560e-01 -4.85300717e-05 2.70769676e-04
2.41776518e-01 -4.18419028e-04 2.68621393e-04
2.42308472e-01 -2.71549307e-04 2.71988312e-04
2.42840423e-01 -1.16597349e-04 2.74339651e-04
2.43372369e-01 -2.59105306e-04 2.70754854e-04
2.43904311e-01 3.98357314e-05 2.73158617e-04
2.44436250e-01 -6.92506726e-05 2.63706449e-04
2.44968184e-01 1.48973007e-04 2.72619537e-04
2.45500115e-01 3.59646052e-04 2.66274704e-04
2.46032042e-01 3.03310946e-04 2.68246635e-04
2.46563964e-01 -3.12225590e-04 2.69674174e-04
2.47095883e-01 -3.52656169e-05 2.70848712e-04
2.47627798e-01 -7.47231338e-05 2.71227905e-04
2.48159708e-01 -3.19192198e-04 2.71535874e-04
2.48691615e-01 -9.50627049e-05 2.63345853e-04
2.49223518e-01 1.98946806e-04 2.65009786e-04
2.49755416e-01 -6.06912880e-05 2.68741584e-04
2.50287311e-01 4.04002932e-04 2.71916236e-04
2.50819201e-01 2.52340305e-04 2.70494984e-04
2.51351088e-01 1.49486139e-04 2.64972518e-04
2.51882971e-01 -2.80488430e-04 2.63255138e-04
2.52414849e-01 8.31762130e-06 2.67924793e-04
2.52946723e-01 2.76305845e-04 2.65853878e-04
2.53478594e-01 9.59645566e-05 2.69838550e-04
2.54010460e-01 1.97428724e-04 2.65832793e-04
2.54542322e-01 -1.44235409e-04 2.63129571e-04
2.55074180e-01 2.25637583e-04 2.61743242e-04
2.55606034e-01 1.55889147e-04 2.63566134e-04
2.56137883e-01 6.78581136e-05 2.59744205e-04
2.56669729e-01 3.70874699e-04 2.65860003e-04
2.57201570e-01 -2.29159331e-04 2.61267482e-04
2.57733408e-01 1.27191450e-06 2.63820312e-04
2.58265241e-01 2.00671074e-04 2.66450970e-04
2.58797070e-01 3.68556574e-04 2.61580701e-04
2.59328895e-01 4.19909953e-05 2.58613338e-04
2.59860715e-01 -1.39902344e-04 2.55997936e-04
2.60392532e-01 1.88437184e-04 2.64650732e-04
2.60924344e-01 -1.27164269e-04 2.57146976e-04
2.61456152e-01 2.21996524e-04 2.66409340e-04
2.61987956e-01 1.98747845e-04 2.59518050e-04
2.62519755e-01 -4.20885018e-05 2.56496089e-04
2.63051551e-01 6.13720871e-05 2.62106819e-04
2.63583342e-01 2.25550431e-04 2.55653434e-04
2.64115129e-01 -6.39794350e-05 2.53754925e-04
2.64646911e-01 6.21499529e-04 2.57153324e-04
2.65178690e-01 -3.00366845e-04 2.59997711e-04
2.65710464e-01 -8.65441765e-05 2.57831106e-04
2.66242233e-01 -7.04073555e-05 2.57220059e-04
2.66773999e-01 1.63340624e-04 2.59254571e-04
2.67305760e-01 -1.20005460e-04 2.64350323e-04
2.67837517e-01 2.57584321e-04 2.61335851e-04
2.68369269e-01 -6.07710177e-06 2.56314918e-04
2.68901018e-01 1.26939333e-04 2.58547415e-04
2.69432761e-01 2.62348839e-05 2.65400911e-04
2.69964501e-01 9.84723785e-05 2.65897402e-04
2.70496236e-01 -7.03610859e-05 2.61470695e-04
2.71027967e-01 2.72992154e-04 2.59570869e-04
2.71559693e-01 2.93281360e-04 2.60590301e-04
2.72091415e-01 -4.73222080e-04 2.64944253e-04
2.72623133e-01 -1.23678923e-04 2.64307218e-04
2.73154846e-01 3.94275620e-04 2.61321291e-04
2.73686555e-01 2.63243295e-04 2.67967268e-04
2.74218260e-01 -1.25869569e-04 2.56325105e-04
2.74749960e-01 1.99546020e-04 2.57809328e-04
2.75281655e-01 1.94633615e-04 2.59380893e-04
2.75813346e-01 -1.52107069e-05 2.63428515e-04
2.76345033e-01 -2.67631549e-04 2.63491103e-04
2.76876715e-01 2.02212167e-04 2.58545694e-04
2.77408393e-01 1.92363803e-04 2.60837159e-04
2.77940066e-01 -2.32914802e-04 2.54678368e-04
2.78471735e-01 5.04936756e-04 2.63737951e-04
2.79003400e-01 1.03394939e-04 2.57463035e-04
2.79535059e-01 4.29168732e-04 2.55418800e-04
2.80066715e-01 3.27662245e-05 2.55428080e-04
2.80598366e-01 -1.53249223e-05 2.55649186e-04
2.81130012e-01 4.64538401e-05 2.54063737e-04
2.81661654e-01 -1.40177483e-04 2.59927587e-04
2.82193291e-01 -1.41909740e-04 2.51349725e-04
2.82724923e-01 3.95136409e-05 2.50595281e-04
2.83256552e-01 -1.91746082e-04 2.51212337e-04
2.83788175e-01 1.15698461e-05 2.50433881e-04
2.84319794e-01 1.46691616e-04 2.48009247e-04
2.84851408e-01 3.27621104e-04 2.47568987e-04
2.85383018e-01 -1.03388431e-05 2.45895983e-04
2.85914623e-01 1.97594718e-04 2.47568008e-04
2.86446224e-01 -4.22113111e-05 2.47695176e-04
2.86977820e-01 3.90233559e-05 2.50047298e-04
2.87509411e-01 5.29410667e-05 2.49483219e-04
2.88040998e-01 1.44365687e-04 2.44459113e-04
2.88572580e-01 3.04564655e-04 2.48426756e-04
2.89104157e-01 4.61866285e-06 2.50680033e-04
2.89635730e-01 2.28395443e-04 2.50475405e-04
2.90167298e-01 1.88849412e-04 2.52769621e-04
2.90698862e-01 7.97325148e-05 2.52925015e-04
2.91230420e-01 2.92939886e-04 2.54331269e-04
2.91761974e-01 1.77753448e-04 2.56138635e-04
2.92293524e-01 6.03566539e-04 2.51217400e-04
2.92825068e-01 4.22509857e-04 2.53939011e-04
2.93356608e-01 3.77111590e-04 2.48751011e-04
2.93888143e-01 -5.76535152e-05 2.57401241e-04
2.94419674e-01 -5.19976371e-05 2.52745144e-04
2.94951199e-01 2.55685871e-04 2.51766663e-04
2.95482720e-01 1.76857534e-04 2.54367540e-04
2.96014236e-01 2.08943952e-04 2.53746108e-04
2.96545748e-01 -2.01264744e-04 2.52325516e-04
2.97077254e-01 1.65839666e-04 2.47688457e-04
2.97608756e-01 2.63297620e-04 2.47353696e-04
2.98140253e-01 2.18110841e-04 2.47700226e-04
2.98671745e-01 2.29948257e-04 2.44949103e-04
2.99203233e-01 3.76410223e-04 2.44187720e-04
2.99734715e-01 1.64908196e-05 2.40980398e-04
3.00266193e-01 3.01289396e-05 2.46798875e-04
3.00797666e-01 -1.91853689e-04 2.45578873e-04
3.01329134e-01 -1.84908714e-05 2.46804584e-04
3.01860597e-01 2.45076883e-06 2.41617355e-04
3.02392056e-01 -5.46155609e-05 2.40267011e-04
3.02923509e-01 -2.01293140e-04 2.41699310e-04
3.03454958e-01 5.74352549e-04 2.40802359e-04
3.03986401e-01 3.22789186e-04 2.39327837e-04
3.04517840e-01 -1.61690596e-04 2.35653261e-04
3.05049274e-01 3.62149809e-04 2.39120032e-04
3.05580703e-01 3.25875101e-04 2.40724909e-04
3.06112127e-01 7.86444767e-05 2.43133971e-04
3.06643546e-01 -2.25473609e-04 2.42733802e-04
3.07174960e-01 7.04336712e-05 2.37105030e-04
3.07706370e-01 -1.27844120e-04 2.33696897e-04
3.08237774e-01 -8.76547661e-05 2.34239755e-04
3.08769173e-01 1.02522358e-04 2.35674304e-04
3.09300568e-01 -7.60994463e-05 2.35287337e-04
3.09831957e-01 1.10153135e-04 2.36483273e-04
3.10363341e-01 -1.98836621e-04 2.34713097e-04
3.10894721e-01 -1.14728819e-04 2.37308575e-04
3.11426095e-01 -1.45646405e-04 2.36830524e-04
3.11957464e-01 2.65875557e-04 2.34388642e-04
3.12488829e-01 1.90474858e-04 2.40136729e-04
3.13020188e-01 -2.03129933e-04 2.33428609e-04
3.13551542e-01 2.82784931e-04 2.38842197e-04
3.14082891e-01 3.48388474e-04 2.35760315e-04
3.14614235e-01 -1.88753115e-05 2.35945637e-04
3.15145574e-01 2.79908080e-05 2.35434962e-04
3.15676908e-01 -2.49141290e-04 2.33711872e-04
3.16208237e-01 2.31186835e-04 2.34877295e-04
3.16739561e-01 4.28968217e-04 2.32871512e-04
3.17270880e-01 4.06370324e-04 2.32602234e-04
3.17802193e-01 4.04937439e-04 2.34422102e-04
3.18333502e-01 2.07700445e-04 2.33539039e-04
3.18864805e-01 1.03532673e-04 2.31598424e-04
3.19396103e-01 2.35010150e-04 2.33957106e-04
3.19927396e-01 -1.35890818e-04 2.31345712e-04
3.20458684e-01 -3.59037406e-04 2.33190586e-04
3.20989967e-01 9.13966657e-05 2.26849806e-04
3.21521244e-01 2.35440758e-04 2.33493011e-04
3.22052517e-01 -1.20157261e-04 2.29231570e-04
3.22583784e-01 1.02287264e-04 2.27000784e-04
3.23115046e-01 2.68662409e-04 2.30360135e-04
3.23646303e-01 7.05683600e-04 2.26532738e-04
3.24177554e-01 -2.28209488e-04 2.27783761e-04
3.24708801e-01 -2.41863034e-05 2.24923635e-04
3.25240042e-01 4.84063334e-04 2.29123006e-04
3.25771278e-01 1.96901939e-04 2.28204106e-04
3.26302508e-01 5.10501954e-04 2.33945912e-04
3.26833734e-01 2.29665210e-04 2.26219931e-04
3.27364954e-01 -6.66045316e-05 2.28335629e-04
3.27896169e-01 9.26296992e-05 2.25827908e-04
3.28427378e-01 -6.97558462e-05 2.25918331e-04
3.28958583e-01 1.37910342e-04 2.23283222e-04
3.29489782e-01 1.02943112e-04 2.24390398e-04
3.30020975e-01 1.76486768e-04 2.19711278e-04
3.30552164e-01 5.46009784e-05 2.19900310e-04
3.31083347e-01 -1.16805233e-04 2.24450872e-04
3.31614524e-01 -2.01666784e-04 2.23592879e-04
3.32145697e-01 1.56920021e-06 2.25125179e-04
3.32676864e-01 1.26992720e-07 2.23153852e-04
3.33208025e-01 5.73435204e-05 2.21356481e-04
3.33739182e-01 1.15493817e-04 2.22585052e-04
3.34270333e-01 -1.64726359e-04 2.24349362e-04
3.34801478e-01 4.05175652e-04 2.22867963e-04
3.35332618e-01 1.77419363e-04 2.22803438e-04
3.35863753e-01 3.77183623e-05 2.21241363e-04
3.36394883e-01 -4.00851278e-05 2.21386084e-04
3.36926007e-01 -1.78020288e-04 2.20383971e-04
3.37457125e-01 6.08459311e-05 2.17275479e-04
3.37988238e-01 -1.03994982e-04 2.17842219e-04
3.38519346e-01 2.16334348e-05 2.19943094e-04
3.39050448e-01 2.23362558e-04 2.21903746e-04
3.39581545e-01 3.21901088e-05 2.19676327e-04
3.40112636e-01 -1.03284565e-04 2.16474791e-04
3.40643722e-01 6.24496903e-05 2.19524932e-04
3.41174802e-01 9.61404818e-05 2.18511830e-04
3.41705877e-01 -2.00532979e-04 2.16655501e-04
3.42236946e-01 -1.83834487e-05 2.17105463e-04
3.42768010e-01 1.10178849e-04 2.18635410e-04
3.43299068e-01 7.28617265e-05 2.18200980e-04
3.43830121e-01 2.93806818e-04 2.20011808e-04
3.44361168e-01 -2.59786597e-04 2.18554067e-04
3.44892210e-01 -4.51664189e-05 2.16790298e-04
3.45423246e-01 5.36548761e-05 2.12017298e-04
3.45954277e-01 7.23843729e-05 2.17921777e-04
3.46485302e-01 5.00059348e-05 2.17640646e-04
3.47016321e-01 3.90811495e-05 2.17927658e-04
3.47547335e-01 3.90771856e-05 2.18013479e-04
3.48078343e-01 3.10080568e-04 2.18365686e-04
3.48609346e-01 -2.36147543e-04 2.14414017e-04
3.49140343e-01 -5.43408091e-05 2.11227511e-04
3.49671334e-01 -4.58237114e-05 2.12530631e-04
3.50202320e-01 -1.31000352e-04 2.15791164e-04
3.50733300e-01 -1.23623929e-04 2.12193521e-04
3.51264275e-01 -1.30569727e-04 2.13914891e-04
3.51795244e-01 2.11606420e-04 2.13898380e-04
3.52326207e-01 2.72553376e-04 2.11178316e-04
3.52857164e-01 -1.25809136e-04 2.15494325e-04
3.53388116e-01 -6.62440415e-05 2.19608361e-04
3.53919062e-01 2.65979095e-04 2.13343837e-04
3.54450003e-01 1.15249145e-04 2.10847213e-04
3.54980938e-01 4.28656354e-04 2.12007740e-04
3.55511867e-01 1.59576701e-04 2.11732694e-04
3.56042790e-01 -3.86604406e-05 2.05864141e-04
3.56573708e-01 -2.74946548e-04 2.13425192e-04
3.57104620e-01 1.62810319e-04 2.11753753e-04
3.57635526e-01 -2.48812526e-04 2.08290960e-04
3.58166426e-01 1.64479324e-04 2.11200897e-04
3.58697321e-01 1.23640381e-04 2.10368780e-04
3.59228210e-01 -2.23041782e-04 2.13909951e-04
3.59759093e-01 -2.90183662e-04 2.08163014e-04
3.60289970e-01 4.61852897e-04 2.10946911e-04
3.60820841e-01 -4.84739040e-05 2.10056232e-04
3.61351707e-01 1.52964290e-04 2.10897120e-04
3.61882567e-01 1.03747270e-04 2.08490553e-04
3.62413421e-01 1.22078433e-04 2.08273860e-04
3.62944269e-01 2.00631394e-05 2.09365458e-04
3.63475112e-01 -9.50959394e-07 2.11987191e-04
3.64005948e-01 -1.31508406e-04 2.10578190e-04
3.64536779e-01 1.99292502e-04 2.11735400e-04
3.65067604e-01 -1.83928001e-04 2.10348145e-04
3.65598423e-01 -2.60148539e-05 2.12329654e-04
3.66129236e-01 3.32270557e-04 2.07258099e-04
3.66660043e-01 1.42802153e-04 2.05256847e-04
3.67190844e-01 -1.95009038e-04 2.04707439e-04
3.67721639e-01 3.78442793e-04 2.09490855e-04
3.68252429e-01 6.10816466e-05 2.03720856e-04
3.68783212e-01 1.93797287e-04 2.05229394e-04
3.69313990e-01 -1.52072367e-06 2.06745238e-04
3.69844762e-01 3.89996673e-04 2.05651624e-04
3.70375527e-01 3.01388072e-04 2.04886110e-04
3.70906287e-01 -9.31030043e-06 2.02343344e-04
3.71437041e-01 -3.10621467e-04 2.03653753e-04
3.71967789e-01 1.68366441e-04 2.05716461e-04
3.72498531e-01 7.39295940e-05 2.04843189e-04
3.73029266e-01 2.35885281e-04 2.05279240e-04
3.73559996e-01 -2.34746076e-04 2.05162524e-04
3.74090720e-01 3.14813046e-04 2.12947993e-04
3.74621438e-01 -7.37887339e-05 2.04926260e-04
3.75152150e-01 4.58323014e-05 2.07438658e-04
3.75682855e-01 1.21383221e-04 2.06324006e-04
3.76213555e-01 9.60259974e-05 2.03533649e-04
3.76744249e-01 -1.97926790e-04 1.99651741e-04
3.77274936e-01 3.85954428e-04 2.05431435e-04
3.77805618e-01 3.99112089e-04 2.01481484e-04
3.78336293e-01 1.60838140e-04 2.01133372e-04
3.78866963e-01 1.07417502e-04 2.03053098e-04
3.79397626e-01 -7.39800230e-05 1.99389060e-04
3.79928283e-01 3.39366040e-04 2.02678528e-04
3.80458934e-01 -9.88942765e-05 2.03837001e-04
3.80989579e-01 -1.70022031e-04 2.05064363e-04
3.81520218e-01 -4.53544191e-05 2.04883648e-04
3.82050851e-01 -3.79426283e-05 2.02387696e-04
3.82581478e-01 -2.80222052e-04 2.02006440e-04
3.83112098e-01 -1.62408355e-04 2.03978121e-04
3.83642712e-01 1.42939941e-05 2.08305286e-04
3.84173320e-01 7.48301765e-05 2.04698425e-04
3.84703922e-01 -4.30822328e-04 2.05573628e-04
3.85234518e-01 -6.59958617e-05 2.09822470e-04
3.85765108e-01 2.59603818e-04 2.07823475e-04
3.86295691e-01 -1.62093858e-04 2.05829727e-04
3.86826268e-01 -8.74361790e-05 2.10969463e-04
3.87356839e-01 1.63356749e-04 2.04633594e-04
3.87887404e-01 -1.12350031e-04 2.04584265e-04
3.88417962e-01 -3.71360414e-05 2.06928991e-04
3.88948514e-01 -4.40863896e-05 2.03455173e-04
3.89479060e-01 9.74129697e-05 2.05374435e-04
3.90009600e-01 -3.14358282e-04 2.03890452e-04
3.90540134e-01 -5.87161962e-05 2.01267602e-04
3.91070661e-01 3.77527219e-04 2.02911785e-04
3.91601182e-01 -1.64091185e-04 2.01485241e-04
3.92131696e-01 1.54395619e-04 2.06002212e-04
3.92662205e-01 1.76916292e-04 2.07980977e-04
3.93192707e-01 2.22910803e-04 2.02742030e-04
3.93723202e-01 4.11980774e-04 2.04655116e-04
3.94253692e-01 1.23988898e-04 2.06419985e-04
3.94784175e-01 -3.12288154e-06 2.06268398e-04
3.95314651e-01 2.02006574e-04 2.08055376e-04
3.95845122e-01 -2.02342250e-04 2.08633296e-04
3.96375585e-01 6.67736445e-05 2.05474485e-04
3.96906043e-01 8.43115455e-05 2.07158760e-04
3.97436494e-01 6.31349528e-05 2.06311216e-04
3.97966939e-01 1.76027441e-04 2.06347274e-04
3.98497377e-01 4.50369412e-04 2.06803754e-04
3.99027809e-01 -1.64039948e-04 2.07700871e-04
3.99558235e-01 -1.30008701e-04 2.07191372e-04
4.00088654e-01 5.37748067e-04 2.12823712e-04
4.00619067e-01 1.95880735e-04 2.08956205e-04
4.01149473e-01 1.96431060e-04 2.13209586e-04
4.01679873e-01 -2.38306670e-04 2.11351100e-04
4.02210267e-01 1.07369758e-04 2.13308604e-04
4.02740654e-01 2.78795480e-05 2.19376912e-04
4.03271034e-01 3.24209427e-04 2.16005848e-04
4.03801408e-01 3.54193485e-04 2.15424459e-04
4.04331776e-01 2.39199292e-06 2.14996012e-04
4.04862137e-01 1.14691378e-04 2.21188107e-04
4.05392491e-01 -1.15018356e-04 2.19976355e-04
4.05922839e-01 1.26851061e-04 2.18653462e-04
4.06453181e-01 5.88154785e-05 2.16150730e-04
4.06983516e-01 5.10400302e-06 2.17104436e-04
4.07513844e-01 -4.96676299e-05 2.18308364e-04
4.08044166e-01 -9.57427874e-05 2.20737156e-04
4.08574481e-01 4.00598212e-04 2.20402250e-04
4.09104790e-01 -5.70337933e-05 2.22697427e-04
4.09635092e-01 3.55829647e-04 2.24657153e-04
4.10165388e-01 -2.18292924e-04 2.25875896e-04
4.10695677e-01 1.31145232e-04 2.22353511e-04
4.11225960e-01 -3.19769661e-04 2.40373393e-04
4.11756235e-01 -8.40113607e-05 2.52039124e-04
4.12286505e-01 3.58323698e-05 2.73155566e-04
4.12816767e-01 5.03649221e-04 2.83386298e-04
4.13347023e-01 3.45684136e-04 2.95084713e-04
4.13877273e-01 1.62011607e-04 3.03889520e-04
4.14407515e-01 2.47027052e-04 3.23854658e-04
4.14937751e-01 4.63177427e-04 3.41338281e-04
4.15467981e-01 2.44031150e-05 3.40915272e-04
4.15998203e-01 3.94618977e-04 3.38011770e-04
4.16528419e-01 -8.16338642e-05 3.40431942e-04
4.17058629e-01 5.96879726e-05 3.51048893e-04
4.17588831e-01 1.14930335e-04 3.64907106e-04
4.18119027e-01 1.46277042e-04 3.89941624e-04
4.18649217e-01 5.65882913e-04 5.38685337e-04
4.19179399e-01 3.23122134e-04 1.31289295e-03
