7.45980241e-03 -6.61664872e-03 3.23772467e-02
7.99264482e-03 5.27869136e-03 2.05386048e-02
8.52548709e-03 -3.91401090e-04 1.45827467e-02
9.05832923e-03 6.04758445e-03 1.17975838e-02
9.59117122e-03 7.95568375e-03 1.05622343e-02
1.01240131e-02 1.82768683e-03 8.38930420e-03
1.06568547e-02 4.90285562e-03 7.64084670e-03
1.11896962e-02 -4.59573851e-03 5.21765987e-03
1.17225375e-02 -8.06189582e-04 4.29934063e-03
1.22553787e-02 1.60608658e-03 3.28234034e-03
1.27882196e-02 3.09033882e-03 2.86211610e-03
1.33210603e-02 4.91201199e-04 2.60888139e-03
1.38539008e-02 -2.33907406e-03 2.33551185e-03
1.43867411e-02 -4.95513816e-04 2.06167287e-03
1.49195812e-02 3.65943970e-05 1.84808063e-03
1.54524210e-02 -2.41256311e-04 1.71254501e-03
1.59852605e-02 1.81988932e-03 1.60120125e-03
1.65180998e-02 -2.54931759e-03 1.54546489e-03
1.70509389e-02 3.61001768e-04 1.55729504e-03
1.75837776e-02 5.87602075e-04 1.43300118e-03
1.81166161e-02 2.96796408e-03 1.53481214e-03
1.86494543e-02 -1.04207073e-03 1.21565566e-03
1.91822922e-02 5.33897108e-04 1.20743847e-03
1.97151297e-02 1.39802793e-04 1.16200601e-03
2.02479670e-02 1.90219739e-04 1.06816143e-03
2.07808039e-02 1.23371923e-03 1.10329228e-03
2.13136405e-02 -6.68526908e-04 1.10935622e-03
2.18464767e-02 -1.98569967e-04 1.03836333e-03
2.23793126e-02 -5.21957446e-04 1.04629719e-03
2.29121481e-02 -3.29955426e-04 1.00144212e-03
2.34449833e-02 1.28407199e-03 1.09044415e-03
2.39778181e-02 -1.63577152e-03 1.00623351e-03
2.45106524e-02 1.09635062e-03 9.73594060e-04
2.50434864e-02 -1.55236091e-04 8.96921087e-04
2.55763200e-02 -1.06082893e-03 9.03896437e-04
2.61091532e-02 4.28655463e-04 8.65307009e-04
2.66419859e-02 5.65558524e-04 8.94923880e-04
2.71748182e-02 -6.57895740e-04 8.92424928e-04
2.77076501e-02 1.74196207e-03 9.42836217e-04
2.82404815e-02 -2.51392258e-04 9.30629206e-04
2.87733125e-02 1.57239006e-04 8.68065133e-04
2.93061430e-02 -8.99778186e-04 8.73208541e-04
2.98389731e-02 -4.98246820e-04 8.60465191e-04
3.03718026e-02 1.17537484e-03 8.47996125e-04
3.09046317e-02 -7.57536384e-04 8.22225267e-04
3.14374602e-02 1.97460338e-03 8.13821153e-04
3.19702883e-02 1.01638087e-03 7.53830591e-04
3.25031158e-02 2.82814231e-05 7.98912428e-04
3.30359428e-02 -2.02307788e-04 7.83980955e-04
3.35687693e-02 9.16395784e-04 7.39783542e-04
3.41015952e-02 4.34090035e-04 7.47913365e-04
3.46344206e-02 8.66268395e-04 7.76850729e-04
3.51672454e-02 3.34645507e-04 7.63903957e-04
3.57000696e-02 -9.94256204e-04 7.10529132e-04
3.62328933e-02 -1.46342641e-04 7.77289875e-04
3.67657164e-02 -7.57218015e-06 7.52137308e-04
3.72985389e-02 3.52992863e-04 7.15441783e-04
3.78313608e-02 -2.09725880e-03 7.38249442e-04
3.83641820e-02 -3.71233184e-04 7.16235989e-04
3.88970027e-02 -1.68302956e-05 7.06355256e-04
3.94298227e-02 2.75407368e-04 7.07060079e-04
3.99626421e-02 -4.89508116e-06 7.19405389e-04
4.04954608e-02 -6.93401031e-04 6.89384710e-04
4.10282789e-02 8.72394063e-04 7.07314627e-04
4.15610963e-02 1.87545045e-03 6.85266974e-04
4.20939131e-02 1.80175364e-04 7.03409205e-04
4.26267291e-02 -3.03135804e-04 6.97024953e-04
4.31595445e-02 -2.02069860e-04 7.03393749e-04
4.36923592e-02 5.49339206e-04 7.11447642e-04
4.42251732e-02 8.34117149e-04 6.85132298e-04
4.47579864e-02 2.83590751e-04 7.52462765e-04
4.52907989e-02 -2.66645084e-04 7.04393134e-04
4.58236107e-02 4.47161488e-04 6.95578466e-04
4.63564218e-02 -7.97369657e-05 6.58192410e-04
4.68892321e-02 9.12463553e-04 6.95690280e-04
4.74220417e-02 3.95012228e-04 6.88363259e-04
4.79548504e-02 1.25840911e-03 7.48208721e-04
4.84876584e-02 -9.54720846e-04 6.93085612e-04
4.90204657e-02 -5.26983012e-05 7.16450653e-04
4.95532721e-02 7.51248379e-04 7.22983791e-04
5.00860777e-02 -6.90391110e-04 6.88117070e-04
5.06188825e-02 3.23174959e-04 6.65970064e-04
5.11516865e-02 -4.41407473e-05 6.59829720e-04
5.16844897e-02 -4.26906884e-04 6.62907123e-04
5.22172920e-02 -1.12005568e-03 6.58549785e-04
5.27500935e-02 2.03887955e-04 6.39525698e-04
5.32828941e-02 -4.43034275e-05 6.40992253e-04
5.38156939e-02 -8.65762254e-04 5.95294118e-04
5.43484928e-02 1.79478362e-04 6.23304577e-04
5.48812908e-02 5.70259514e-05 6.25600803e-04
5.54140880e-02 6.21018696e-04 6.19677737e-04
5.59468842e-02 7.73593380e-04 6.17000639e-04
5.64796795e-02 4.58254609e-04 6.04192006e-04
5.70124739e-02 -7.06158643e-04 6.33821656e-04
5.75452674e-02 -1.01846251e-04 6.07714673e-04
5.80780600e-02 8.78051759e-04 5.98727347e-04
5.86108516e-02 3.57746550e-04 6.04228384e-04
5.91436423e-02 1.16490931e-03 5.85700903e-04
5.96764320e-02 1.78756679e-04 6.04423186e-04
6.02092208e-02 4.01667484e-04 6.03659374e-04
6.07420086e-02 -3.22350042e-04 5.61035361e-04
6.12747953e-02 6.13875895e-04 5.86126208e-04
6.18075812e-02 -3.69841807e-04 5.91940939e-04
6.23403660e-02 -2.57707008e-04 5.85043440e-04
6.28731498e-02 -1.34337396e-03 5.85770985e-04
6.34059325e-02 5.13569584e-04 5.54777803e-04
6.39387143e-02 -4.11608942e-04 5.82585894e-04
6.44714950e-02 -2.80842104e-05 5.76549776e-04
6.50042747e-02 -4.67394441e-04 6.04298598e-04
6.55370533e-02 6.98736892e-04 5.54648887e-04
6.60698309e-02 1.56234035e-04 5.70958621e-04
6.66026074e-02 -6.34797812e-04 5.78267321e-04
6.71353828e-02 -2.65347598e-04 5.79633445e-04
6.76681571e-02 -5.60677311e-04 5.84477367e-04
6.82009304e-02 2.62653241e-06 5.75023421e-04
6.87337025e-02 -4.03497757e-04 5.94601763e-04
6.92664735e-02 -8.84464797e-05 5.76914801e-04
6.97992434e-02 1.61478026e-04 5.67035188e-04
7.03320122e-02 9.60049960e-04 6.02305750e-04
7.08647798e-02 -7.13910162e-04 5.73713876e-04
7.13975463e-02 -9.96187849e-05 5.87215017e-04
7.19303116e-02 2.52809885e-04 5.75403354e-04
7.24630758e-02 -6.78874440e-05 5.87199410e-04
7.29958388e-02 2.71162117e-04 5.49589869e-04
7.35286006e-02 -4.92900332e-05 5.44992011e-04
7.40613612e-02 -5.13608816e-04 5.55062488e-04
7.45941207e-02 5.81506388e-04 5.55152693e-04
7.51268789e-02 -2.86713715e-05 5.15138422e-04
7.56596359e-02 -1.75514819e-04 5.70357681e-04
7.61923917e-02 6.43785861e-05 5.22226273e-04
7.67251462e-02 7.63661082e-04 5.55295815e-04
7.72578995e-02 3.16078595e-04 5.16659691e-04
7.77906516e-02 -1.60569177e-04 5.38338724e-04
7.83234024e-02 -2.39668096e-04 5.25406502e-04
7.88561519e-02 6.43634319e-05 5.31281655e-04
7.93889002e-02 -1.57240615e-04 5.29850960e-04
7.99216472e-02 -1.28951986e-04 5.22861423e-04
8.04543928e-02 -3.98494656e-04 5.26682571e-04
8.09871372e-02 2.09723926e-04 5.04952752e-04
8.15198803e-02 1.06976361e-03 5.25787217e-04
8.20526220e-02 7.96622413e-04 5.07012338e-04
8.25853624e-02 -1.03411360e-03 4.90846492e-04
8.31181015e-02 3.13433085e-04 5.06401627e-04
8.36508393e-02 -6.65992637e-04 4.75855189e-04
8.41835757e-02 1.26361257e-04 5.16258883e-04
8.47163107e-02 4.09051419e-04 4.95661849e-04
8.52490443e-02 8.04714297e-04 4.93901235e-04
8.57817766e-02 2.93783923e-04 4.95485944e-04
8.63145075e-02 -1.15065448e-04 4.78176529e-04
8.68472370e-02 1.53921268e-04 4.82985057e-04
8.73799651e-02 2.61606078e-04 4.84146098e-04
8.79126918e-02 6.84238289e-05 4.89002508e-04
8.84454170e-02 1.31009144e-05 4.64309359e-04
8.89781408e-02 6.93020376e-05 4.76201789e-04
8.95108632e-02 9.25883543e-04 4.87383683e-04
9.00435842e-02 -3.57042212e-04 4.71307718e-04
9.05763036e-02 -5.01829734e-04 4.62895889e-04
9.11090217e-02 -7.85232592e-05 4.71539514e-04
9.16417382e-02 -4.44512579e-04 4.70672067e-04
9.21744532e-02 1.91417237e-04 4.83271039e-04
9.27071668e-02 4.23196476e-04 4.77778636e-04
9.32398789e-02 6.49934543e-04 4.66129271e-04
9.37725894e-02 9.85595695e-04 4.77795110e-04
9.43052985e-02 -2.17510599e-04 4.62820848e-04
9.48380060e-02 6.86515219e-05 4.57193991e-04
9.53707120e-02 2.07123130e-04 4.83228707e-04
9.59034164e-02 5.68994232e-04 4.88097151e-04
9.64361193e-02 8.38937473e-04 4.51051310e-04
9.69688206e-02 3.26799096e-04 4.53249535e-04
9.75015204e-02 -1.02257218e-04 4.66549525e-04
9.80342186e-02 -6.67947752e-04 4.53224205e-04
9.85669152e-02 4.32718202e-04 4.57727705e-04
9.90996102e-02 -4.99436112e-04 4.39485244e-04
9.96323036e-02 4.65311277e-04 4.47432655e-04
1.00164995e-01 -3.17843910e-04 4.44605576e-04
1.00697686e-01 1.56179303e-04 4.33530623e-04
1.01230374e-01 -9.57175092e-05 4.44751079e-04
1.01763061e-01 1.23959928e-04 4.27676561e-04
1.02295746e-01 -2.09582213e-04 4.37242687e-04
1.02828430e-01 -2.39329387e-04 4.41245353e-04
1.03361112e-01 -4.24661042e-04 4.38008807e-04
1.03893792e-01 1.11097370e-04 4.35060855e-04
1.04426471e-01 2.67562014e-04 4.28537624e-04
1.04959148e-01 -2.99246780e-04 4.27402666e-04
1.05491823e-01 3.21705049e-04 4.24132200e-04
1.06024496e-01 3.48349182e-04 4.27119761e-04
1.06557168e-01 1.63530409e-04 4.34102096e-04
1.07089838e-01 -3.28541112e-04 4.25626137e-04
1.07622506e-01 7.09531581e-04 4.32996133e-04
1.08155173e-01 8.56119767e-04 4.29066564e-04
1.08687838e-01 5.70813162e-04 4.44967376e-04
1.09220501e-01 -5.56382356e-04 4.28727554e-04
1.09753162e-01 -2.87861723e-04 4.39489933e-04
1.10285822e-01 -5.95832036e-04 4.17080187e-04
1.10818479e-01 -9.33877853e-05 4.27345390e-04
1.11351135e-01 -3.28659120e-04 4.29371127e-04
1.11883790e-01 -1.71904772e-04 4.29780071e-04
1.12416442e-01 -1.01535072e-04 4.16859583e-04
1.12949092e-01 -5.45814805e-04 4.14189333e-04
1.13481741e-01 -1.62618554e-04 4.05722493e-04
1.14014388e-01 -2.25777833e-04 4.10946483e-04
1.14547033e-01 3.32100096e-04 4.10320142e-04
1.15079676e-01 3.64751608e-04 3.95314914e-04
1.15612318e-01 2.57989513e-04 4.14518092e-04
1.16144957e-01 7.62161102e-04 3.99231537e-04
1.16677595e-01 4.77361146e-04 3.99682755e-04
1.17210230e-01 -3.11660997e-04 4.10943878e-04
1.17742864e-01 -3.68553141e-04 4.00740957e-04
1.18275496e-01 -1.49992273e-04 4.05041428e-04
1.18808126e-01 8.93425750e-05 3.93305914e-04
1.19340754e-01 -5.59306711e-05 4.10741235e-04
1.19873380e-01 3.42395149e-04 4.02927985e-04
1.20406004e-01 -5.93437012e-05 4.00362145e-04
1.20938626e-01 -6.75935070e-04 3.87240197e-04
1.21471247e-01 3.47398289e-04 4.02205427e-04
1.22003865e-01 -1.68894433e-04 4.07391115e-04
1.22536481e-01 -4.03478446e-04 3.95511739e-04
1.23069096e-01 1.83003297e-04 4.03291318e-04
1.23601708e-01 -7.70463055e-05 3.87196227e-04
1.24134318e-01 -2.51175440e-04 3.89728711e-04
1.24666927e-01 -4.38799645e-04 3.91048176e-04
1.25199533e-01 4.68871257e-04 3.90299110e-04
1.25732137e-01 3.06759362e-04 4.00069256e-04
1.26264740e-01 9.68984445e-05 3.91168296e-04
1.26797340e-01 -4.29309803e-04 3.87838443e-04
1.27329938e-01 8.96458758e-04 3.89059522e-04
1.27862534e-01 -3.59418377e-04 3.87130613e-04
1.28395128e-01 -2.53795653e-04 3.81178408e-04
1.28927720e-01 4.81565550e-05 3.94954405e-04
1.29460310e-01 -2.12009771e-04 3.93908255e-04
1.29992898e-01 4.17513852e-04 3.91362263e-04
1.30525484e-01 1.82809625e-04 3.87126442e-04
1.31058067e-01 -8.46053221e-06 3.83716062e-04
1.31590649e-01 4.19900195e-04 3.95919571e-04
1.32123228e-01 -2.68048952e-04 3.93052085e-04
1.32655805e-01 2.09494726e-04 3.92472689e-04
1.33188380e-01 -1.69101703e-04 4.01184664e-04
1.33720953e-01 2.82202501e-04 3.97603419e-04
1.34253524e-01 1.68966809e-05 3.93464566e-04
1.34786093e-01 -9.77774663e-05 3.95340028e-04
1.35318659e-01 4.47527272e-04 3.98025802e-04
1.35851223e-01 -1.61116853e-04 3.85958074e-04
1.36383785e-01 1.41850713e-04 3.90063010e-04
1.36916345e-01 3.62792481e-04 3.87438336e-04
1.37448903e-01 4.84328836e-04 3.83515707e-04
1.37981458e-01 -1.76129593e-04 3.83255456e-04
1.38514011e-01 -3.15895350e-04 3.74052956e-04
1.39046562e-01 -1.48959315e-04 3.63186338e-04
1.39579111e-01 2.12486988e-04 3.83600716e-04
1.40111657e-01 -4.29832850e-04 3.64560785e-04
1.40644201e-01 5.34479417e-05 3.78320791e-04
1.41176743e-01 -1.65278833e-04 3.70185102e-04
1.41709283e-01 -5.71073870e-04 3.74291808e-04
1.42241820e-01 -3.39251003e-04 3.71352831e-04
1.42774355e-01 -4.06438687e-04 3.67829971e-04
1.43306888e-01 -4.61879471e-05 3.71578563e-04
1.43839418e-01 -1.68583752e-04 3.69071760e-04
1.44371946e-01 2.32703073e-04 3.69658665e-04
1.44904472e-01 -8.49193213e-04 3.65484351e-04
1.45436995e-01 -2.57719134e-04 3.68027619e-04
1.45969516e-01 1.12284508e-04 3.72569250e-04
1.46502035e-01 1.88540333e-04 3.66317997e-04
1.47034551e-01 -1.40718552e-04 3.60462441e-04
1.47567065e-01 -1.06172235e-04 3.59681204e-04
1.48099577e-01 5.39994637e-04 3.63496585e-04
1.48632086e-01 -5.61947445e-05 3.59133964e-04
1.49164593e-01 3.87665381e-04 3.65936617e-04
1.49697097e-01 -9.45546127e-05 3.54953204e-04
1.50229599e-01 2.83384706e-05 3.47890272e-04
1.50762098e-01 5.69139714e-04 3.62728098e-04
1.51294595e-01 6.08907600e-04 3.61067775e-04
1.51827090e-01 3.25185542e-04 3.59262545e-04
1.52359582e-01 -7.13459538e-04 3.56287784e-04
1.52892072e-01 3.39461516e-05 3.56534820e-04
1.53424559e-01 3.62879249e-05 3.43009548e-04
1.53957044e-01 1.83634864e-04 3.51242116e-04
1.54489526e-01 -1.37034012e-04 3.50176746e-04
1.55022006e-01 -4.40985431e-05 3.59285424e-04
1.55554483e-01 6.68929513e-04 3.62557815e-04
1.56086958e-01 -2.49457490e-04 3.63282810e-04
1.56619430e-01 -1.99500970e-04 3.63422828e-04
1.57151899e-01 1.06617448e-04 3.62901338e-04
1.57684366e-01 -3.44423548e-05 3.63140606e-04
1.58216831e-01 -1.67072358e-04 3.61836214e-04
1.58749293e-01 2.69631252e-05 3.62996258e-04
1.59281752e-01 2.95594832e-04 3.67228213e-04
1.59814209e-01 -1.03038863e-04 3.59643236e-04
1.60346664e-01 -1.81213439e-04 3.53010107e-04
1.60879115e-01 1.26373533e-04 3.71672223e-04
1.61411564e-01 3.95161136e-04 3.64027764e-04
1.61944011e-01 2.83842727e-04 3.68344804e-04
1.62476455e-01 1.40980438e-04 3.65930031e-04
1.63008896e-01 -2.31182336e-04 3.59643623e-04
1.63541335e-01 3.53913710e-05 3.59509929e-04
1.64073771e-01 3.65044625e-04 3.59050410e-04
1.64606204e-01 1.26959120e-04 3.48769076e-04
1.65138635e-01 1.48348050e-04 3.46651363e-04
1.65671063e-01 3.32148456e-04 3.45759746e-04
1.66203488e-01 -1.93117212e-04 3.39832451e-04
1.66735910e-01 4.15872108e-04 3.46581459e-04
1.67268330e-01 -1.55254692e-04 3.48350336e-04
1.67800748e-01 2.10304592e-04 3.41294266e-04
1.68333162e-01 -3.19987932e-05 3.45449045e-04
1.68865574e-01 -4.63966952e-04 3.40594865e-04
1.69397983e-01 -2.04956759e-04 3.39386336e-04
1.69930389e-01 -2.22705275e-04 3.39737209e-04
1.70462793e-01 6.13589198e-04 3.36895477e-04
1.70995194e-01 -4.79995490e-04 3.44289253e-04
1.71527592e-01 -3.71226792e-04 3.41763821e-04
1.72059987e-01 5.95716128e-05 3.40185273e-04
1.72592380e-01 2.91290341e-04 3.29587436e-04
1.73124769e-01 2.18128663e-04 3.35275253e-04
1.73657156e-01 -2.71726893e-04 3.37003684e-04
1.74189540e-01 4.16716851e-04 3.40940687e-04
1.74721922e-01 7.79024930e-05 3.32704737e-04
1.75254300e-01 3.21037292e-04 3.43870368e-04
1.75786676e-01 -4.47287634e-04 3.35233646e-04
1.76319049e-01 -6.41097971e-04 3.42394652e-04
1.76851418e-01 -7.34159171e-05 3.38421195e-04
1.77383786e-01 -2.44896124e-04 3.39520236e-04
1.77916150e-01 -3.84350784e-04 3.36644339e-04
1.78448511e-01 -3.46914148e-05 3.45815270e-04
1.78980870e-01 -3.55954945e-05 3.36734060e-04
1.79513225e-01 -1.46183098e-04 3.42240391e-04
1.80045578e-01 -4.54331867e-04 3.42025513e-04
1.80577928e-01 5.41814033e-04 3.41211549e-04
1.81110275e-01 2.79001797e-04 3.41385160e-04
1.81642618e-01 4.33212753e-04 3.45065155e-04
1.82174959e-01 3.90612602e-04 3.46587866e-04
1.82707297e-01 -8.03933737e-05 3.33467332e-04
1.83239633e-01 -7.43093528e-05 3.56409182e-04
1.83771965e-01 -4.70881279e-04 3.36566692e-04
1.84304294e-01 2.26288391e-04 3.34058347e-04
1.84836620e-01 1.65747173e-04 3.40206649e-04
1.85368943e-01 2.88033066e-06 3.38215721e-04
1.85901263e-01 1.17617945e-04 3.35583783e-04
1.86433581e-01 4.45833926e-05 3.39109254e-04
1.86965895e-01 -9.95475259e-05 3.23888594e-04
1.87498206e-01 -3.00745221e-04 3.24718662e-04
1.88030514e-01 7.15597494e-04 3.30949346e-04
1.88562819e-01 3.58973561e-04 3.28283740e-04
1.89095121e-01 1.13179131e-04 3.20800731e-04
1.89627420e-01 -5.37543414e-04 3.24728223e-04
1.90159716e-01 -1.13431193e-04 3.20203541e-04
1.90692009e-01 -7.44197564e-05 3.22201311e-04
1.91224299e-01 -2.79631596e-05 3.27340625e-04
1.91756586e-01 1.48997236e-05 3.17009501e-04
1.92288869e-01 -2.67312239e-06 3.15921840e-04
1.92821150e-01 -2.94620625e-04 3.21516787e-04
1.93353427e-01 -4.51371671e-04 3.19265725e-04
1.93885701e-01 2.28525358e-04 3.20158774e-04
1.94417972e-01 1.71176463e-04 3.23822509e-04
1.94950240e-01 -5.07596870e-04 3.17234884e-04
1.95482505e-01 -1.13930840e-04 3.19046700e-04
1.96014767e-01 -1.22312250e-04 3.12276579e-04
1.96547025e-01 -1.48594576e-05 3.11972011e-04
1.97079281e-01 -1.26304563e-04 3.07624672e-04
1.97611533e-01 -1.24353498e-05 3.08706572e-04
1.98143782e-01 -1.56211639e-04 3.08458868e-04
1.98676028e-01 -3.61239049e-04 3.12686314e-04
1.99208270e-01 1.53818996e-04 3.05178413e-04
1.99740510e-01 -4.25292868e-05 3.14617593e-04
2.00272746e-01 5.83772343e-04 3.10559244e-04
2.00804978e-01 -2.15410481e-04 3.10342234e-04
2.01337208e-01 -3.54944738e-04 3.05252856e-04
2.01869434e-01 1.63690578e-04 3.06242182e-04
2.02401658e-01 -1.87380045e-04 3.02643921e-04
2.02933877e-01 -2.41300493e-04 3.05641171e-04
2.03466094e-01 4.60783293e-04 3.08442945e-04
2.03998307e-01 1.55284871e-04 3.10360721e-04
2.04530517e-01 1.82833590e-04 3.03747185e-04
2.05062724e-01 2.33034615e-04 3.03207484e-04
2.05594927e-01 4.83714323e-04 2.98609127e-04
2.06127127e-01 3.58813435e-04 3.12432574e-04
2.06659324e-01 1.37790062e-04 3.02544668e-04
2.07191517e-01 3.26686202e-04 3.09162809e-04
2.07723707e-01 -4.49700500e-04 2.99434193e-04
2.08255894e-01 1.31792559e-04 3.01138467e-04
2.08788077e-01 -3.95670747e-04 2.99308996e-04
2.09320257e-01 -2.68167850e-04 2.97210316e-04
2.09852434e-01 1.14303775e-04 2.90753964e-04
2.10384607e-01 -2.90427008e-05 2.94844888e-04
2.10916777e-01 2.06842139e-04 2.95313118e-04
2.11448943e-01 3.29184737e-05 2.93033268e-04
2.11981106e-01 3.26700923e-04 2.90713586e-04
2.12513266e-01 2.77866815e-04 3.00077586e-04
2.13045422e-01 1.79744644e-04 2.91855637e-04
2.13577575e-01 4.11393658e-05 2.93700994e-04
2.14109724e-01 7.75275817e-05 2.98596976e-04
2.14641870e-01 -5.25084539e-04 2.95314995e-04
2.15174012e-01 1.69478582e-04 2.96736298e-04
2.15706151e-01 -5.75151228e-04 2.85442099e-04
2.16238286e-01 2.12902887e-04 2.93188914e-04
2.16770418e-01 -1.42839951e-04 2.91698089e-04
2.17302546e-01 3.56325390e-04 2.97351073e-04
2.17834671e-01 -6.94144680e-05 2.85863102e-04
2.18366792e-01 -8.79467913e-05 2.90843045e-04
2.18898910e-01 1.62644296e-04 2.92191228e-04
2.19431024e-01 -2.42770400e-04 2.85201723e-04
2.19963135e-01 -2.47743477e-04 2.84549578e-04
2.20495242e-01 3.82819908e-04 2.89652915e-04
2.21027346e-01 1.62583025e-05 2.85785249e-04
2.21559446e-01 -4.22797014e-04 2.78648299e-04
2.22091542e-01 -5.77389543e-05 2.85064997e-04
2.22623635e-01 3.09957180e-04 2.82331760e-04
2.23155724e-01 3.17261888e-04 2.87996723e-04
2.23687810e-01 1.05472070e-04 2.91137574e-04
2.24219892e-01 2.62576745e-04 2.94509631e-04
2.24751971e-01 1.26347877e-04 2.88952428e-04
2.25284045e-01 -1.78653355e-05 2.82629838e-04
2.25816117e-01 4.65990871e-04 2.89879817e-04
2.26348184e-01 -2.55278855e-04 2.81931392e-04
2.26880248e-01 -3.09553861e-05 2.81436676e-04
2.27412308e-01 -4.63927477e-05 2.82358538e-04
2.27944365e-01 1.16350261e-04 2.85082761e-04
2.28476418e-01 9.34321817e-05 2.86242045e-04
2.29008467e-01 1.24445659e-05 2.83382803e-04
2.29540512e-01 -3.36314673e-04 2.78294685e-04
2.30072554e-01 -2.09131909e-04 2.82719716e-04
2.30604592e-01 6.92885429e-05 2.77612565e-04
2.31136626e-01 1.88479659e-04 2.74610551e-04
2.31668657e-01 4.70922392e-04 2.81413990e-04
2.32200684e-01 8.74687574e-06 2.81157039e-04
2.32732707e-01 2.26654268e-04 2.79908884e-04
2.33264726e-01 5.66062765e-04 2.75892986e-04
2.33796742e-01 4.11576973e-05 2.72499211e-04
2.34328754e-01 2.91467526e-04 2.77437818e-04
2.34860762e-01 2.86871775e-04 2.79752432e-04
2.35392766e-01 1.76267478e-04 2.76058667e-04
2.35924766e-01 1.19824832e-04 2.69441839e-04
2.36456763e-01 2.15079371e-05 2.73591643e-04
2.36988756e-01 4.37031761e-04 2.70402046e-04
2.37520745e-01 -1.43784654e-04 2.73904702e-04
2.38052730e-01 1.35049264e-04 2.74590155e-04
2.38584711e-01 8.43765409e-05 2.77724226e-04
2.39116689e-01 5.15895352e-04 2.67774015e-04
2.39648662e-01 -9.84612745e-05 2.67773319e-04
2.40180632e-01 2.19884845e-04 2.70482144e-04
2.40712598e-01 -3.76900992e-04 2.66624164e-04
2.41244560e-01 3.83013360e-04 2.67678474e-04
2.41776518e-01 -3.71369084e-04 2.66629088e-04
2.42308472e-01 8.39725205e-06 2.75552010e-04
2.42840423e-01 -3.52833605e-04 2.75128984e-04
2.43372369e-01 -3.80525159e-05 2.74054069e-04
2.43904311e-01 1.49859796e-04 2.68619176e-04
2.44436250e-01 -1.39212346e-04 2.72983021e-04
2.44968184e-01 -7.69958317e-05 2.69727777e-04
2.45500115e-01 1.62820887e-04 2.67763292e-04
2.46032042e-01 -7.45250390e-06 2.67300739e-04
2.46563964e-01 -1.89372021e-04 2.68961604e-04
2.47095883e-01 2.46540034e-06 2.69921507e-04
2.47627798e-01 1.21583701e-04 2.69839855e-04
2.48159708e-01 -8.71311138e-05 2.67320329e-04
2.48691615e-01 -4.90481404e-04 2.63139425e-04
2.49223518e-01 2.24021329e-04 2.69832649e-04
2.49755416e-01 -2.79328434e-04 2.64083299e-04
2.50287311e-01 -1.33433728e-04 2.69756076e-04
2.50819201e-01 -7.35947425e-05 2.66352150e-04
2.51351088e-01 -5.20771146e-05 2.68336324e-04
2.51882971e-01 -2.12693626e-04 2.60524381e-04
2.52414849e-01 -6.44846220e-05 2.70191115e-04
2.52946723e-01 -3.37697588e-04 2.65873874e-04
2.53478594e-01 -8.52492083e-05 2.63920291e-04
2.54010460e-01 3.20214045e-04 2.61443125e-04
2.54542322e-01 1.70140383e-04 2.60038007e-04
2.55074180e-01 3.66079379e-04 2.67425827e-04
2.55606034e-01 3.63675953e-04 2.67212085e-04
2.56137883e-01 2.99545064e-04 2.66575183e-04
2.56669729e-01 6.18961857e-04 2.63514879e-04
2.57201570e-01 -8.44997415e-05 2.55951630e-04
2.57733408e-01 2.87177692e-04 2.60989600e-04
2.58265241e-01 -2.98088037e-04 2.64466087e-04
2.58797070e-01 7.60352034e-04 2.60358962e-04
2.59328895e-01 -2.41179229e-06 2.60589680e-04
2.59860715e-01 -2.87568925e-04 2.57831432e-04
2.60392532e-01 -2.86387221e-04 2.56305986e-04
2.60924344e-01 -1.88100569e-04 2.56129355e-04
2.61456152e-01 -7.19574439e-05 2.59547534e-04
2.61987956e-01 -1.23491429e-04 2.56806208e-04
2.62519755e-01 1.46234094e-04 2.51109348e-04
2.63051551e-01 1.76488643e-04 2.56365534e-04
2.63583342e-01 2.44795950e-04 2.57304646e-04
2.64115129e-01 3.17518275e-04 2.55782071e-04
2.64646911e-01 3.28816237e-04 2.57684148e-04
2.65178690e-01 1.14232328e-04 2.58718292e-04
2.65710464e-01 5.51871884e-05 2.53474328e-04
2.66242233e-01 -1.28299586e-05 2.52105798e-04
2.66773999e-01 -1.38834513e-04 2.55040728e-04
2.67305760e-01 1.23994666e-04 2.55728839e-04
2.67837517e-01 4.72321640e-05 2.53858253e-04
2.68369269e-01 1.89587588e-04 2.54016029e-04
2.68901018e-01 -7.17331371e-05 2.56602469e-04
2.69432761e-01 1.88283714e-04 2.59255217e-04
2.69964501e-01 4.08347481e-04 2.59980923e-04
2.70496236e-01 1.87030432e-04 2.59381254e-04
2.71027967e-01 -1.29617258e-05 2.65887422e-04
2.71559693e-01 -9.02780146e-05 2.63453015e-04
2.72091415e-01 5.67229419e-04 2.61207973e-04
2.72623133e-01 1.68131559e-04 2.59349752e-04
2.73154846e-01 -2.21576212e-04 2.54981387e-04
2.73686555e-01 -2.49258321e-04 2.63020350e-04
2.74218260e-01 1.70350057e-04 2.57784510e-04
2.74749960e-01 9.15424025e-05 2.61709012e-04
2.75281655e-01 -4.92191857e-05 2.57461687e-04
2.75813346e-01 2.21476446e-04 2.61124400e-04
2.76345033e-01 5.92745916e-05 2.58244125e-04
2.76876715e-01 3.80332836e-04 2.58058531e-04
2.77408393e-01 2.75526108e-04 2.53463570e-04
2.77940066e-01 -7.48580792e-05 2.52105660e-04
2.78471735e-01 -1.10045732e-04 2.52275150e-04
2.79003400e-01 2.17242321e-04 2.59386838e-04
2.79535059e-01 1.76612929e-04 2.60231212e-04
2.80066715e-01 -2.27114151e-04 2.51437885e-04
2.80598366e-01 -1.35771782e-04 2.51671693e-04
2.81130012e-01 1.43552009e-04 2.51728454e-04
2.81661654e-01 6.64214835e-04 2.47474155e-04
2.82193291e-01 1.66944045e-04 2.49341155e-04
2.82724923e-01 -4.79148578e-05 2.52361339e-04
2.83256552e-01 -1.79775057e-04 2.47595943e-04
2.83788175e-01 6.34793619e-04 2.48620056e-04
2.84319794e-01 4.65402715e-04 2.49511065e-04
2.84851408e-01 -3.28442617e-04 2.44768906e-04
2.85383018e-01 8.74056636e-04 2.49639251e-04
2.85914623e-01 -2.39007881e-04 2.45931393e-04
2.86446224e-01 -7.99172061e-05 2.42970151e-04
2.86977820e-01 -1.77158661e-04 2.42786725e-04
2.87509411e-01 2.53592420e-04 2.46270783e-04
2.88040998e-01 5.26060205e-04 2.47593318e-04
2.88572580e-01 3.81042449e-05 2.50589938e-04
2.89104157e-01 2.44392481e-04 2.50147161e-04
2.89635730e-01 -1.21398484e-05 2.49471663e-04
2.90167298e-01 -9.14580427e-05 2.50619706e-04
2.90698862e-01 -5.11406402e-04 2.44529352e-04
2.91230420e-01 2.06479549e-04 2.44014311e-04
2.91761974e-01 2.85834318e-04 2.52347154e-04
2.92293524e-01 -1.13664373e-05 2.47982554e-04
2.92825068e-01 2.01070547e-04 2.49053554e-04
2.93356608e-01 -1.30853334e-04 2.55968521e-04
2.93888143e-01 1.16261997e-04 2.49765115e-04
2.94419674e-01 4.36727700e-05 2.48856793e-04
2.94951199e-01 -1.90794776e-04 2.57305159e-04
2.95482720e-01 2.95016111e-04 2.47213641e-04
2.96014236e-01 1.97016898e-04 2.50693350e-04
2.96545748e-01 -2.96204355e-04 2.48533363e-04
2.97077254e-01 3.49060048e-05 2.43907474e-04
2.97608756e-01 3.63507684e-04 2.46255699e-04
2.98140253e-01 9.62451304e-06 2.45280104e-04
2.98671745e-01 2.59313668e-04 2.43815830e-04
2.99203233e-01 7.10629009e-04 2.44885885e-04
2.99734715e-01 1.37632785e-04 2.46366511e-04
3.00266193e-01 -4.47639443e-05 2.41614513e-04
3.00797666e-01 1.39854824e-04 2.44317712e-04
3.01329134e-01 -1.38479112e-04 2.44166923e-04
3.01860597e-01 -9.28926553e-05 2.37084792e-04
3.02392056e-01 -1.36381115e-04 2.40078609e-04
3.02923509e-01 -3.26238941e-05 2.42563282e-04
3.03454958e-01 7.44024257e-05 2.41257307e-04
3.03986401e-01 2.72533292e-04 2.38759251e-04
3.04517840e-01 -7.96501813e-05 2.37770821e-04
3.05049274e-01 -2.97282264e-04 2.36028691e-04
3.05580703e-01 -2.13080435e-04 2.36361119e-04
3.06112127e-01 3.76748539e-04 2.40693643e-04
3.06643546e-01 -1.72567464e-04 2.34358517e-04
3.07174960e-01 -1.80348295e-04 2.40973148e-04
3.07706370e-01 -4.42307953e-04 2.35331834e-04
3.08237774e-01 -1.63455083e-04 2.31587512e-04
3.08769173e-01 2.58272398e-04 2.34162428e-04
3.09300568e-01 2.83881104e-04 2.36446210e-04
3.09831957e-01 -1.06422362e-04 2.36500372e-04
3.10363341e-01 3.27251221e-04 2.39586183e-04
3.10894721e-01 -1.22140840e-04 2.37693729e-04
3.11426095e-01 -1.13524654e-04 2.33158667e-04
3.11957464e-01 2.41469473e-05 2.36594201e-04
3.12488829e-01 1.42575139e-04 2.40921631e-04
3.13020188e-01 2.47349690e-04 2.33605696e-04
3.13551542e-01 -3.08395861e-04 2.35085012e-04
3.14082891e-01 1.03595591e-04 2.35815653e-04
3.14614235e-01 8.50997049e-05 2.34848211e-04
3.15145574e-01 -1.28722744e-05 2.30514243e-04
3.15676908e-01 3.27518852e-04 2.34782736e-04
3.16208237e-01 -3.09075785e-05 2.32297964e-04
3.16739561e-01 2.15542499e-04 2.27645537e-04
3.17270880e-01 2.35765186e-04 2.26505066e-04
3.17802193e-01 4.12734544e-05 2.28841847e-04
3.18333502e-01 3.59421722e-04 2.32075347e-04
3.18864805e-01 4.25848829e-04 2.34739264e-04
3.19396103e-01 3.24493594e-05 2.35266030e-04
3.19927396e-01 8.72073313e-05 2.26340230e-04
3.20458684e-01 7.53807946e-06 2.27946260e-04
3.20989967e-01 -3.89042593e-05 2.24585154e-04
3.21521244e-01 2.33693106e-04 2.30976828e-04
3.22052517e-01 2.81524078e-04 2.27001368e-04
3.22583784e-01 -1.47705809e-04 2.26239804e-04
3.23115046e-01 1.59444261e-04 2.30460332e-04
3.23646303e-01 1.32211760e-04 2.26948744e-04
3.24177554e-01 -2.34583411e-04 2.29489843e-04
3.24708801e-01 -5.43336913e-05 2.21976866e-04
3.25240042e-01 2.87301188e-04 2.29904421e-04
3.25771278e-01 9.34768232e-05 2.25534772e-04
3.26302508e-01 4.14685175e-04 2.50585606e-04
3.26833734e-01 1.57281168e-04 2.25173717e-04
3.27364954e-01 -1.71848451e-04 2.20482637e-04
3.27896169e-01 8.60942282e-05 2.21176155e-04
3.28427378e-01 -2.67001272e-04 2.21580633e-04
3.28958583e-01 -2.85056580e-04 2.19558711e-04
3.29489782e-01 -8.56740485e-05 2.16820868e-04
3.30020975e-01 6.94152937e-05 2.21132372e-04
3.30552164e-01 1.40045280e-04 2.22886951e-04
3.31083347e-01 -2.03842025e-04 2.21491613e-04
3.31614524e-01 -4.90635352e-04 2.20592676e-04
3.32145697e-01 9.82650579e-05 2.26196911e-04
3.32676864e-01 -5.98263397e-05 2.28543160e-04
3.33208025e-01 3.50948673e-05 2.21908955e-04
3.33739182e-01 -1.34606853e-05 2.19950062e-04
3.34270333e-01 -4.37622924e-04 2.21246089e-04
3.34801478e-01 1.93677392e-04 2.21217060e-04
3.35332618e-01 -9.41771954e-05 2.19624703e-04
3.35863753e-01 -2.34111135e-04 2.17981960e-04
3.36394883e-01 -2.78101772e-04 2.19505985e-04
3.36926007e-01 -7.03682169e-05 2.18449531e-04
3.37457125e-01 -1.97899370e-04 2.16589701e-04
3.37988238e-01 -9.30131236e-06 2.21408835e-04
3.38519346e-01 1.52379902e-04 2.19640175e-04
3.39050448e-01 -1.46762880e-05 2.16172126e-04
3.39581545e-01 -5.32678546e-05 2.16995710e-04
3.40112636e-01 -1.99531548e-05 2.16520575e-04
3.40643722e-01 -1.84175261e-04 2.20640901e-04
3.41174802e-01 4.21984041e-05 2.16331562e-04
3.41705877e-01 -2.33262181e-04 2.16290906e-04
3.42236946e-01 -2.18543986e-05 2.15823824e-04
3.42768010e-01 1.46900859e-04 2.17433875e-04
3.43299068e-01 -2.25311295e-04 2.16508116e-04
3.43830121e-01 -1.16137031e-04 2.19096438e-04
3.44361168e-01 1.28835942e-04 2.18478982e-04
3.44892210e-01 -7.38928662e-05 2.16468887e-04
3.45423246e-01 1.36449491e-04 2.14828205e-04
3.45954277e-01 -1.47206285e-04 2.11668089e-04
3.46485302e-01 -6.94347361e-05 2.13739575e-04
3.47016321e-01 4.87426335e-05 2.15685016e-04
3.47547335e-01 7.42986833e-05 2.15059767e-04
3.48078343e-01 8.50008205e-05 2.16521700e-04
3.48609346e-01 -4.20122035e-05 2.11853007e-04
3.49140343e-01 3.97394222e-04 2.10388074e-04
3.49671334e-01 2.19605816e-04 2.13083414e-04
3.50202320e-01 1.78322204e-04 2.11977043e-04
3.50733300e-01 -4.59015273e-05 2.16172234e-04
3.51264275e-01 3.45839672e-04 2.15499604e-04
3.51795244e-01 2.52381978e-04 2.15004870e-04
3.52326207e-01 2.79572245e-04 2.12686743e-04
3.52857164e-01 -8.83238871e-05 2.10975986e-04
3.53388116e-01 -1.85426800e-04 2.11735613e-04
3.53919062e-01 2.02908591e-04 2.13195740e-04
3.54450003e-01 6.12816028e-05 2.12516795e-04
3.54980938e-01 -1.79710387e-04 2.10818175e-04
3.55511867e-01 -1.83166631e-04 2.10930860e-04
3.56042790e-01 5.30743897e-04 2.13199859e-04
3.56573708e-01 1.62299980e-04 2.12532209e-04
3.57104620e-01 2.17915431e-04 2.07575929e-04
3.57635526e-01 3.34764408e-04 2.12016669e-04
3.58166426e-01 1.83651980e-04 2.08737030e-04
3.58697321e-01 1.33233419e-04 2.12257438e-04
3.59228210e-01 5.09013469e-05 2.05765069e-04
3.59759093e-01 -1.31690035e-04 2.06204051e-04
3.60289970e-01 -1.65117560e-04 2.06195759e-04
3.60820841e-01 8.14219758e-05 2.11136380e-04
3.61351707e-01 3.43131686e-04 2.09182751e-04
3.61882567e-01 8.29402599e-05 2.05867681e-04
3.62413421e-01 -9.76607616e-05 2.09872514e-04
3.62944269e-01 -2.88856212e-04 2.04734540e-04
3.63475112e-01 1.10944395e-04 2.04535918e-04
3.64005948e-01 6.55642876e-05 2.07765106e-04
3.64536779e-01 3.54640156e-04 2.05519531e-04
3.65067604e-01 -1.32228889e-04 2.04217682e-04
3.65598423e-01 1.11143851e-04 2.06084234e-04
3.66129236e-01 -1.17757705e-05 2.06630994e-04
3.66660043e-01 -6.87383417e-05 2.02357958e-04
3.67190844e-01 4.12678397e-04 2.05387576e-04
3.67721639e-01 4.18527184e-04 2.05620799e-04
3.68252429e-01 -3.24224459e-05 2.09850563e-04
3.68783212e-01 1.23052482e-04 2.07278532e-04
3.69313990e-01 2.71666123e-04 2.01599648e-04
3.69844762e-01 -1.63138073e-04 2.02237982e-04
3.70375527e-01 1.53108273e-04 2.04019209e-04
3.70906287e-01 1.54423652e-04 2.07208666e-04
3.71437041e-01 1.34103325e-06 2.04349329e-04
3.71967789e-01 3.50850939e-04 2.04601276e-04
3.72498531e-01 1.85954201e-04 2.03540622e-04
3.73029266e-01 -2.48236045e-04 2.00726351e-04
3.73559996e-01 1.11414496e-04 2.01844772e-04
3.74090720e-01 -2.28314780e-04 2.02972692e-04
3.74621438e-01 2.24230386e-04 2.02986967e-04
3.75152150e-01 1.58063175e-05 2.05206622e-04
3.75682855e-01 1.83782350e-04 2.02501998e-04
3.76213555e-01 -3.70711977e-04 2.03178812e-04
3.76744249e-01 6.39866125e-05 2.03677094e-04
3.77274936e-01 4.41763061e-04 2.04592128e-04
3.77805618e-01 -2.77656773e-04 1.99005610e-04
3.78336293e-01 -7.31446813e-05 1.97721309e-04
3.78866963e-01 1.12734617e-04 2.03799711e-04
3.79397626e-01 3.07926288e-05 2.00379309e-04
3.79928283e-01 9.62164339e-05 2.02868398e-04
3.80458934e-01 -1.20580113e-04 2.00389706e-04
3.80989579e-01 1.19012471e-04 2.04554114e-04
3.81520218e-01 1.95240302e-04 2.03583000e-04
3.82050851e-01 2.73493592e-04 2.03280678e-04
3.82581478e-01 1.50979732e-04 2.04197354e-04
3.83112098e-01 1.68120396e-04 2.01199576e-04
3.83642712e-01 -1.70988001e-04 1.99488461e-04
3.84173320e-01 2.23897612e-04 2.03775188e-04
3.84703922e-01 -5.28355219e-05 2.04227401e-04
3.85234518e-01 1.99653508e-05 2.01099804e-04
3.85765108e-01 1.01724740e-04 2.04393674e-04
3.86295691e-01 1.43487286e-04 2.03732695e-04
3.86826268e-01 1.13951051e-04 2.00599208e-04
3.87356839e-01 1.84490159e-04 2.03948735e-04
3.87887404e-01 1.19288757e-05 2.05106219e-04
3.88417962e-01 -2.39583720e-04 2.06682440e-04
3.88948514e-01 -9.12440799e-05 2.03559728e-04
3.89479060e-01 -3.00999378e-05 2.00048975e-04
3.90009600e-01 -7.01029087e-05 2.01967888e-04
3.90540134e-01 1.32601560e-04 2.02032378e-04
3.91070661e-01 8.11661895e-05 2.02678625e-04
3.91601182e-01 -4.05961972e-05 1.98990190e-04
3.92131696e-01 4.93068665e-04 2.07838237e-04
3.92662205e-01 6.60832391e-05 2.02478454e-04
3.93192707e-01 -4.14034520e-04 2.01932752e-04
3.93723202e-01 7.07910919e-05 2.05008863e-04
3.94253692e-01 1.03933900e-04 2.03288804e-04
3.94784175e-01 -1.24542625e-04 2.04695382e-04
3.95314651e-01 1.83562776e-04 2.06097340e-04
3.95845122e-01 -9.48404631e-05 2.07477095e-04
3.96375585e-01 -2.12313916e-05 2.05688596e-04
3.96906043e-01 -6.74133587e-05 2.06958516e-04
3.97436494e-01 1.96316550e-04 2.08803143e-04
3.97966939e-01 2.55781530e-05 2.08523064e-04
3.98497377e-01 1.17170943e-04 2.05933870e-04
3.99027809e-01 -1.08463481e-04 2.05844020e-04
3.99558235e-01 4.14264499e-04 2.08653895e-04
4.00088654e-01 2.99700639e-04 2.08023021e-04
4.00619067e-01 1.25292224e-04 2.08508405e-04
4.01149473e-01 -2.91448559e-04 2.13107965e-04
4.01679873e-01 6.58232680e-05 2.13803378e-04
4.02210267e-01 -2.07040471e-04 2.06449474e-04
4.02740654e-01 -6.31807566e-05 2.14723628e-04
4.03271034e-01 -1.08812760e-04 2.13171398e-04
4.03801408e-01 1.49693064e-04 2.14240821e-04
4.04331776e-01 5.07183803e-05 2.13994591e-04
4.04862137e-01 -1.02084046e-04 2.15500946e-04
4.05392491e-01 1.03581720e-04 2.16598211e-04
4.05922839e-01 3.48334216e-04 2.15637600e-04
4.06453181e-01 1.34816363e-04 2.18560500e-04
4.06983516e-01 2.10642344e-05 2.17309130e-04
4.07513844e-01 -1.21245239e-04 2.13917658e-04
4.08044166e-01 4.44536059e-05 2.21019534e-04
4.08574481e-01 1.05938262e-05 2.16452275e-04
4.09104790e-01 4.99638234e-05 2.16611367e-04
4.09635092e-01 1.10603844e-04 2.23506729e-04
4.10165388e-01 -1.17830909e-04 2.17350661e-04
4.10695677e-01 7.32435463e-05 2.24355629e-04
4.11225960e-01 8.57180471e-05 2.39682910e-04
4.11756235e-01 4.80613607e-04 2.52295543e-04
4.12286505e-01 6.37860944e-04 2.66919460e-04
4.12816767e-01 3.29368053e-05 2.73448923e-04
4.13347023e-01 -1.47695792e-04 2.85481629e-04
4.13877273e-01 2.68410574e-04 3.06448021e-04
4.14407515e-01 3.07746578e-04 3.26150550e-04
4.14937751e-01 2.90836987e-04 3.36208768e-04
4.15467981e-01 2.79433704e-05 3.36812075e-04
4.15998203e-01 -4.63215015e-04 3.32555118e-04
4.16528419e-01 -4.18473183e-04 3.45460368e-04
4.17058629e-01 6.74879034e-04 3.46086500e-04
4.17588831e-01 1.97639866e-04 3.64545467e-04
4.18119027e-01 5.85309167e-04 3.90864037e-04
4.18649217e-01 4.00707992e-04 5.15138131e-04
4.19179399e-01 -8.48862711e-04 1.16427811e-03
