4.08043586e-03 -5.41222254e-02 2.66544363e-02
4.48847930e-03 -6.00416201e-02 2.68459794e-02
4.89652269e-03 -4.32678578e-02 1.92112867e-02
5.30456604e-03 -3.58244512e-02 1.43777584e-02
5.71260934e-03 -2.44353079e-02 1.09362207e-02
6.12065258e-03 -2.81452288e-02 8.91555745e-03
6.52869577e-03 -1.37051174e-02 7.09582848e-03
6.93673889e-03 -2.01683091e-02 5.99016058e-03
7.34478195e-03 -6.06328068e-03 5.40316638e-03
7.75282494e-03 -1.57915546e-02 5.19587460e-03
8.16086785e-03 -2.75042798e-03 4.49100031e-03
8.56891069e-03 -1.27952201e-02 4.48634873e-03
8.97695345e-03 -4.07745915e-03 3.74852412e-03
9.38499612e-03 -8.37713930e-03 3.85294222e-03
9.79303870e-03 -1.25463208e-03 3.68638263e-03
1.02010812e-02 2.43157633e-03 3.16233761e-03
1.06091236e-02 -1.17043683e-03 3.29136532e-03
1.10171659e-02 -3.84615671e-03 3.00737989e-03
1.14252081e-02 3.94257349e-04 2.98353987e-03
1.18332501e-02 2.17861545e-03 2.93105359e-03
1.22412921e-02 2.48849656e-03 2.70484560e-03
1.26493339e-02 -1.63609789e-03 2.68968156e-03
1.30573757e-02 -3.88093238e-04 2.48713982e-03
1.34654173e-02 -2.46754956e-04 2.59204571e-03
1.38734588e-02 3.62246039e-03 2.41937440e-03
1.42815001e-02 2.86119986e-03 2.41517645e-03
1.46895413e-02 5.25796417e-04 2.28889817e-03
1.50975824e-02 2.08935243e-03 2.26819244e-03
1.55056233e-02 -1.50981921e-04 2.19695591e-03
1.59136641e-02 3.90283491e-03 2.12754323e-03
1.63217047e-02 1.23177929e-03 2.28782883e-03
1.67297452e-02 -8.44237640e-04 2.02894932e-03
1.71377855e-02 2.01004050e-03 2.21332700e-03
1.75458257e-02 2.81126910e-04 2.03328334e-03
1.79538657e-02 -3.83754229e-04 1.95568452e-03
1.83619055e-02 1.46345994e-03 2.03176517e-03
1.87699451e-02 3.88502558e-04 1.99446717e-03
1.91779846e-02 7.64033962e-04 1.88870474e-03
1.95860239e-02 3.32921055e-04 1.82317374e-03
1.99940630e-02 1.06588218e-03 1.97109241e-03
2.04021019e-02 -8.45579889e-04 1.77540760e-03
2.08101406e-02 -5.22650301e-04 1.73060355e-03
2.12181791e-02 -1.21310827e-03 1.76718494e-03
2.16262174e-02 2.45046284e-03 1.79450319e-03
2.20342555e-02 -4.83827038e-04 1.65711595e-03
2.24422934e-02 -7.99486031e-04 1.72922401e-03
2.28503311e-02 1.55115488e-03 1.66048418e-03
2.32583686e-02 1.20484424e-03 1.66869720e-03
2.36664058e-02 2.12327764e-04 1.71540739e-03
2.40744429e-02 2.90779394e-04 1.60232663e-03
2.44824797e-02 -1.27719600e-04 1.69273271e-03
2.48905162e-02 -2.20518827e-03 1.56228542e-03
2.52985525e-02 -5.91862157e-05 1.65630414e-03
2.57065886e-02 -1.78469071e-04 1.67045598e-03
2.61146245e-02 1.25853406e-04 1.76905266e-03
2.65226601e-02 4.37901515e-04 1.63616378e-03
2.69306954e-02 -8.67279723e-04 1.58659480e-03
2.73387305e-02 8.23038646e-04 1.66704695e-03
2.77467653e-02 2.57299841e-03 1.62665193e-03
2.81547999e-02 6.23903622e-04 1.79705133e-03
2.85628342e-02 2.38572659e-03 1.60576641e-03
2.89708682e-02 2.05775677e-03 1.64019533e-03
2.93789020e-02 1.31761692e-03 1.59953935e-03
2.97869355e-02 1.11882677e-03 1.56964315e-03
3.01949687e-02 -1.40235554e-03 1.63507751e-03
3.06030016e-02 7.18849188e-04 1.67033695e-03
3.10110342e-02 1.03291852e-03 1.54950931e-03
3.14190665e-02 -1.68769120e-04 1.52330841e-03
3.18270985e-02 -6.27686597e-04 1.48586862e-03
3.22351302e-02 2.28966607e-04 1.49872843e-03
3.26431617e-02 6.15019640e-06 1.38971712e-03
3.30511928e-02 8.64613625e-04 1.43829685e-03
3.34592236e-02 1.67346744e-03 1.47139426e-03
3.38672540e-02 4.62067440e-04 1.40123981e-03
3.42752842e-02 -5.14872881e-04 1.43768043e-03
3.46833140e-02 -1.91045659e-04 1.48430048e-03
3.50913435e-02 5.75635213e-05 1.43042278e-03
3.54993727e-02 3.72276366e-03 1.37809920e-03
3.59074015e-02 3.83037484e-04 1.34730737e-03
3.63154300e-02 1.07108292e-04 1.36408436e-03
3.67234581e-02 1.23663344e-03 1.38208280e-03
3.71314859e-02 -2.63279810e-04 1.31543875e-03
3.75395134e-02 1.68959459e-03 1.33554070e-03
3.79475405e-02 -6.53374607e-04 1.42913845e-03
3.83555672e-02 1.88642526e-04 1.32894292e-03
3.87635935e-02 3.33496208e-03 1.36295149e-03
3.91716195e-02 3.23815458e-03 1.34246741e-03
3.95796452e-02 1.70575938e-03 1.27845685e-03
3.99876704e-02 1.38959581e-03 1.26789614e-03
4.03956953e-02 -9.65125363e-04 1.35124592e-03
4.08037198e-02 -1.66804638e-03 1.30495500e-03
4.12117439e-02 -1.02279020e-03 1.28428060e-03
4.16197676e-02 2.21942886e-04 1.26515882e-03
4.20277909e-02 1.74914541e-03 1.37382943e-03
4.24358138e-02 2.94844518e-03 1.28237238e-03
4.28438363e-02 1.57905465e-04 1.25052397e-03
4.32518584e-02 1.82143806e-03 1.21193390e-03
4.36598801e-02 -1.27032935e-03 1.17362505e-03
4.40679014e-02 1.07558984e-04 1.22991853e-03
4.44759222e-02 1.45816787e-03 1.18384914e-03
4.48839427e-02 -1.15817574e-03 1.22617149e-03
4.52919627e-02 -2.95298307e-03 1.21369944e-03
4.56999823e-02 1.45100835e-04 1.18353440e-03
4.61080014e-02 -1.61998570e-03 1.11039082e-03
4.65160201e-02 -9.60314637e-04 1.18050528e-03
4.69240384e-02 -1.40924218e-04 1.18354642e-03
4.73320562e-02 4.15985094e-04 1.14836357e-03
4.77400736e-02 -1.21966558e-03 1.18312318e-03
4.81480905e-02 -4.55490990e-04 1.19296678e-03
4.85561070e-02 7.21249210e-04 1.11941343e-03
4.89641230e-02 1.38392121e-03 1.14494648e-03
4.93721385e-02 1.78386028e-04 1.15932918e-03
4.97801536e-02 1.43591555e-03 1.15139973e-03
5.01881682e-02 -2.32191547e-04 1.15170027e-03
5.05961823e-02 3.09790900e-04 1.14071170e-03
5.10041960e-02 -5.97861598e-04 1.07084198e-03
5.14122091e-02 -1.45216392e-04 1.10236330e-03
5.18202218e-02 1.60941837e-03 1.11265811e-03
5.22282340e-02 4.47641404e-04 1.11870346e-03
5.26362457e-02 -3.94584221e-04 1.11689014e-03
5.30442569e-02 -6.68452173e-04 1.08420524e-03
5.34522675e-02 8.22311415e-04 1.13842067e-03
5.38602777e-02 2.79019477e-04 1.09931331e-03
5.42682874e-02 1.18304386e-04 1.09293314e-03
5.46762965e-02 4.45385232e-04 1.09366010e-03
5.50843052e-02 -3.79155883e-04 1.04219756e-03
5.54923133e-02 -6.43722695e-04 1.04098803e-03
5.59003208e-02 -2.40682321e-04 1.10100523e-03
5.63083279e-02 -2.40872373e-03 1.08665139e-03
5.67163344e-02 -1.06454320e-03 1.04513751e-03
5.71243404e-02 -6.16822411e-04 1.04188732e-03
5.75323458e-02 5.42932798e-04 1.13196599e-03
5.79403507e-02 -6.57638299e-04 1.14735614e-03
5.83483551e-02 2.53370497e-04 1.12975627e-03
5.87563588e-02 7.90096509e-04 1.09659622e-03
5.91643621e-02 2.41730976e-04 1.07320463e-03
5.95723647e-02 -6.17179418e-04 1.10839078e-03
5.99803668e-02 -1.09863978e-03 1.14653645e-03
6.03883684e-02 -7.95742876e-04 1.09976143e-03
6.07963693e-02 1.35882305e-03 1.10145977e-03
6.12043697e-02 -7.16975202e-04 1.07351515e-03
6.16123695e-02 -2.03570893e-03 1.09408652e-03
6.20203687e-02 -2.32146125e-05 1.09559840e-03
6.24283674e-02 -1.26962115e-03 1.04106275e-03
6.28363654e-02 6.96589352e-04 1.11378476e-03
6.32443629e-02 -6.56526113e-04 1.05928836e-03
6.36523597e-02 -1.85167114e-03 1.09118572e-03
6.40603559e-02 -9.21585694e-04 1.02513030e-03
6.44683516e-02 3.89226870e-04 1.00422244e-03
6.48763466e-02 -1.06728924e-03 9.91392610e-04
6.52843410e-02 1.29151404e-03 1.01552131e-03
6.56923348e-02 -1.33011906e-03 1.01742406e-03
6.61003279e-02 7.48057927e-04 9.70854435e-04
6.65083205e-02 1.50267927e-03 1.03447599e-03
6.69163124e-02 -4.78494571e-05 1.03131396e-03
6.73243036e-02 8.14152008e-05 9.97692161e-04
6.77322943e-02 -5.01408467e-04 9.52520669e-04
6.81402842e-02 1.26279376e-03 1.01011419e-03
6.85482736e-02 6.39017169e-04 9.72698620e-04
6.89562623e-02 -2.17942737e-04 9.87999533e-04
6.93642503e-02 -5.48970322e-04 9.85277433e-04
6.97722377e-02 1.01456704e-03 9.51743557e-04
7.01802244e-02 -8.98565622e-04 9.77832559e-04
7.05882105e-02 8.68197153e-04 9.62351769e-04
7.09961958e-02 -1.36184415e-04 9.32383044e-04
7.14041805e-02 1.04019337e-03 9.78471415e-04
7.18121646e-02 1.91649966e-04 9.46902936e-04
7.22201479e-02 -5.36019951e-04 9.29492776e-04
7.26281306e-02 -6.25002216e-04 9.13433902e-04
7.30361126e-02 1.07184270e-03 9.64849176e-04
7.34440938e-02 5.78853197e-04 9.35912515e-04
7.38520744e-02 -2.75997994e-04 9.61687407e-04
7.42600543e-02 -2.57129666e-03 9.14972401e-04
7.46680335e-02 4.60411402e-04 9.54672659e-04
7.50760119e-02 -9.05923734e-04 9.12472158e-04
7.54839897e-02 3.63788182e-04 8.90426694e-04
7.58919667e-02 2.17422407e-03 9.28389605e-04
7.62999431e-02 6.10941891e-05 9.24637194e-04
7.67079187e-02 -6.83246281e-04 9.20218106e-04
7.71158935e-02 9.82132790e-04 9.38711075e-04
7.75238677e-02 -1.04650927e-03 9.06014859e-04
7.79318411e-02 -6.29535374e-04 9.08190767e-04
7.83398137e-02 -1.63232417e-03 8.73628920e-04
7.87477857e-02 5.38975831e-04 8.99915688e-04
7.91557568e-02 4.70767259e-04 9.19280254e-04
7.95637273e-02 1.79528498e-04 9.03505192e-04
7.99716969e-02 -2.22966345e-04 8.96258142e-04
8.03796658e-02 -2.28522808e-05 8.86759473e-04
8.07876340e-02 1.14225191e-03 8.80017248e-04
8.11956014e-02 -3.53850973e-04 9.03947564e-04
8.16035680e-02 1.96390521e-03 8.85435403e-04
8.20115338e-02 -1.13859904e-03 8.62648824e-04
8.24194989e-02 8.86907569e-04 8.65259457e-04
8.28274631e-02 1.33428415e-03 8.48753325e-04
8.32354266e-02 3.74035585e-04 8.48289268e-04
8.36433893e-02 3.75429636e-04 8.76362783e-04
8.40513512e-02 1.12886814e-03 8.33605149e-04
8.44593123e-02 3.06858404e-04 8.54722016e-04
8.48672727e-02 -4.67331891e-04 8.25055447e-04
8.52752322e-02 -2.59978928e-04 8.62793277e-04
8.56831909e-02 1.14218344e-04 8.34955655e-04
8.60911487e-02 -2.27359548e-04 8.41570981e-04
8.64991058e-02 -1.35375413e-05 8.72227177e-04
8.69070620e-02 -3.25463869e-04 8.51295010e-04
8.73150175e-02 -5.16983850e-05 8.40557181e-04
8.77229721e-02 3.61944830e-04 8.13745155e-04
8.81309258e-02 -6.32609973e-04 8.29318605e-04
8.85388787e-02 1.55297281e-04 8.35204848e-04
8.89468308e-02 3.57126597e-04 8.37024010e-04
8.93547821e-02 2.29017597e-04 8.12128654e-04
8.97627325e-02 -1.32048300e-04 8.14875337e-04
9.01706820e-02 -1.00103798e-03 7.95263589e-04
9.05786307e-02 1.60074321e-04 8.01117786e-04
9.09865785e-02 5.85156057e-04 7.90999717e-04
9.13945255e-02 -2.96003278e-05 8.13690803e-04
9.18024716e-02 5.04116248e-04 8.09163946e-04
9.22104168e-02 1.83361784e-03 8.21881979e-04
9.26183611e-02 2.23528411e-03 7.99597534e-04
9.30263046e-02 1.19461156e-03 8.27200533e-04
9.34342472e-02 7.50762923e-04 8.11877305e-04
9.38421889e-02 -2.59687063e-04 8.20271710e-04
9.42501297e-02 1.61191315e-03 8.32946632e-04
9.46580696e-02 9.43009910e-05 8.10307930e-04
9.50660087e-02 -1.60978355e-04 8.02986946e-04
9.54739468e-02 -8.87950536e-04 8.08214492e-04
9.58818840e-02 -8.82136062e-05 7.89646833e-04
9.62898203e-02 2.48556711e-04 7.95070232e-04
9.66977557e-02 1.20040761e-03 7.88489941e-04
9.71056902e-02 6.13583210e-04 7.99830890e-04
9.75136237e-02 1.53478981e-03 8.01885332e-04
9.79215564e-02 6.60256611e-04 7.99183036e-04
9.83294881e-02 -2.03916742e-04 7.72007096e-04
9.87374188e-02 1.58112774e-03 7.58574754e-04
9.91453487e-02 5.07162831e-04 7.89515719e-04
9.95532775e-02 3.74304601e-04 7.77816463e-04
9.99612055e-02 -5.23201890e-04 7.58322596e-04
1.00369132e-01 -3.87370455e-04 7.66922457e-04
1.00777059e-01 -1.72679791e-04 7.75391481e-04
1.01184984e-01 -4.81825939e-04 7.41702652e-04
1.01592908e-01 1.20788313e-03 7.59600062e-04
1.02000831e-01 6.59855632e-04 7.43230525e-04
1.02408753e-01 -1.09695718e-05 7.39384839e-04
1.02816674e-01 5.66735974e-04 7.59251156e-04
1.03224595e-01 1.28164380e-03 7.48469605e-04
1.03632514e-01 -3.95271417e-04 7.33702987e-04
1.04040432e-01 -2.47630846e-05 7.19882825e-04
1.04448349e-01 5.81946406e-04 7.26465872e-04
1.04856266e-01 -7.89954439e-04 7.17139388e-04
1.05264181e-01 7.65192839e-04 7.51370087e-04
1.05672095e-01 5.49619915e-04 7.43226355e-04
1.06080009e-01 7.69458891e-04 7.29949615e-04
1.06487921e-01 2.30078088e-04 7.39776498e-04
1.06895832e-01 3.62638391e-04 7.51344396e-04
1.07303743e-01 7.64246202e-04 7.43323300e-04
1.07711652e-01 1.75167536e-03 7.56023120e-04
1.08119560e-01 1.46523486e-03 7.41843479e-04
1.08527467e-01 3.64060929e-04 7.58632252e-04
1.08935374e-01 -6.58661579e-04 7.48100867e-04
1.09343279e-01 -9.30318410e-06 7.56465237e-04
1.09751183e-01 3.86342769e-04 7.31695797e-04
1.10159086e-01 -2.96447685e-04 7.14764066e-04
1.10566988e-01 4.61781590e-04 7.16608289e-04
1.10974889e-01 -6.01263695e-05 7.19889597e-04
1.11382789e-01 5.21160667e-05 7.24244669e-04
1.11790688e-01 -1.21716747e-03 7.29249736e-04
1.12198586e-01 2.81983705e-04 7.45368504e-04
1.12606482e-01 6.96251353e-04 7.35430429e-04
1.13014378e-01 -2.98409346e-04 7.53411799e-04
1.13422273e-01 -8.42231755e-05 7.30776367e-04
1.13830166e-01 -9.99042523e-05 7.43538360e-04
1.14238059e-01 1.31213182e-04 7.43805799e-04
1.14645950e-01 -6.29933735e-04 7.42410527e-04
1.15053840e-01 1.31921146e-03 7.49546521e-04
1.15461730e-01 8.86422586e-04 7.32091887e-04
1.15869618e-01 1.25705364e-05 7.59417209e-04
1.16277505e-01 1.82442125e-04 7.40660938e-04
1.16685391e-01 9.65282664e-04 7.39500659e-04
1.17093275e-01 1.34291233e-03 7.53596927e-04
1.17501159e-01 -1.81989394e-04 7.60123202e-04
1.17909042e-01 2.05215284e-04 7.39466082e-04
1.18316923e-01 -6.19000381e-04 7.25381875e-04
1.18724803e-01 6.75426908e-04 7.15218121e-04
1.19132683e-01 1.34785362e-03 7.30872769e-04
1.19540561e-01 8.45869915e-04 7.04687318e-04
1.19948438e-01 8.63408073e-04 7.00753107e-04
1.20356313e-01 8.28931441e-04 7.13385838e-04
1.20764188e-01 1.46315480e-03 7.10135180e-04
1.21172062e-01 -8.10921916e-04 7.06270920e-04
1.21579934e-01 6.92805340e-04 6.94085311e-04
1.21987805e-01 8.33201796e-04 6.81065112e-04
1.22395675e-01 -1.74257305e-04 6.68780667e-04
1.22803544e-01 -1.32084992e-03 6.62330812e-04
1.23211412e-01 7.35918162e-04 6.74895085e-04
1.23619278e-01 9.19170213e-06 6.66960913e-04
1.24027144e-01 -6.27302947e-04 6.71571387e-04
1.24435008e-01 4.29960431e-04 6.74540658e-04
1.24842871e-01 -3.17587682e-04 6.76883734e-04
1.25250733e-01 -8.06267025e-04 6.86343571e-04
1.25658594e-01 -1.02523141e-04 6.56571522e-04
1.26066453e-01 1.58788485e-04 6.71283446e-04
1.26474311e-01 1.79943191e-04 6.66142940e-04
1.26882168e-01 -1.16129183e-03 6.70389223e-04
1.27290024e-01 2.09033041e-04 6.74537264e-04
1.27697879e-01 7.30562956e-04 6.87418457e-04
1.28105732e-01 6.75258483e-04 6.72799347e-04
1.28513585e-01 3.37919400e-04 6.65546648e-04
1.28921436e-01 -2.18125134e-04 6.66869826e-04
1.29329285e-01 5.06541144e-04 6.58253134e-04
1.29737134e-01 7.23373771e-04 6.65781461e-04
1.30144981e-01 1.46085237e-03 6.72386442e-04
1.30552828e-01 9.96758937e-04 6.65046321e-04
1.30960672e-01 6.86075225e-04 6.44575305e-04
1.31368516e-01 1.45041747e-03 6.68443864e-04
1.31776358e-01 -2.46145843e-04 6.55999164e-04
1.32184200e-01 -4.04211070e-04 6.42306265e-04
1.32592039e-01 -4.20592558e-04 6.63683401e-04
1.32999878e-01 3.96741209e-04 6.52784779e-04
1.33407715e-01 3.79074664e-04 6.56590370e-04
1.33815552e-01 4.66304194e-04 6.26249962e-04
1.34223386e-01 1.27946694e-03 6.52304376e-04
1.34631220e-01 1.06459941e-04 6.43619955e-04
1.35039052e-01 -1.41352148e-04 6.69611256e-04
1.35446883e-01 -3.11641333e-04 6.49731663e-04
1.35854713e-01 4.29167639e-04 6.22933119e-04
1.36262541e-01 1.19090957e-04 6.46518678e-04
1.36670368e-01 6.77732801e-04 6.42557859e-04
1.37078194e-01 4.92545407e-04 6.43718964e-04
1.37486019e-01 2.78340662e-04 6.23771950e-04
1.37893842e-01 2.29329113e-04 6.29228438e-04
1.38301664e-01 -3.76001016e-04 6.56270533e-04
1.38709485e-01 -1.58643475e-04 6.27373998e-04
1.39117304e-01 -1.34278694e-03 6.13242321e-04
1.39525122e-01 -2.60235901e-04 6.11677373e-04
1.39932939e-01 -2.76960895e-04 6.04363364e-04
1.40340754e-01 -1.46321943e-03 6.08441415e-04
1.40748568e-01 -2.43806834e-04 6.28495081e-04
1.41156381e-01 -6.37717628e-04 6.05203617e-04
1.41564192e-01 -1.19523019e-04 6.18436191e-04
1.41972002e-01 4.68100323e-04 6.22160520e-04
1.42379811e-01 2.24528681e-04 6.28763264e-04
1.42787618e-01 4.98959363e-04 6.33374924e-04
1.43195424e-01 -6.07682977e-05 6.31708474e-04
1.43603228e-01 4.39906957e-04 6.41549358e-04
1.44011032e-01 -8.92209251e-05 6.38585916e-04
1.44418833e-01 -5.58229370e-05 6.15561453e-04
1.44826634e-01 -5.98002768e-04 6.23882650e-04
1.45234433e-01 5.32103320e-04 6.11505664e-04
1.45642231e-01 -6.77853410e-04 6.36953384e-04
1.46050027e-01 -9.81627488e-05 6.26402214e-04
1.46457822e-01 7.04002930e-04 6.34178478e-04
1.46865616e-01 -3.25405362e-04 6.25760822e-04
1.47273408e-01 5.26218604e-05 6.47445202e-04
1.47681199e-01 8.27534671e-05 6.49507156e-04
1.48088988e-01 7.66976382e-04 6.26081594e-04
1.48496776e-01 1.78897866e-03 6.60684150e-04
1.48904563e-01 -5.85568201e-04 6.28096862e-04
1.49312348e-01 -7.26459424e-04 6.21843762e-04
1.49720132e-01 1.51306152e-04 6.25009777e-04
1.50127914e-01 1.27589694e-03 6.18792322e-04
1.50535695e-01 2.65987973e-04 6.20206229e-04
1.50943474e-01 -4.06580448e-04 6.05783926e-04
1.51351252e-01 1.35331639e-04 6.02891003e-04
1.51759029e-01 -6.35942438e-04 6.09061432e-04
1.52166804e-01 5.83208043e-04 6.19353300e-04
1.52574578e-01 5.69483805e-04 6.02287486e-04
1.52982350e-01 3.73396462e-04 6.08961675e-04
1.53390121e-01 1.16047444e-03 5.88765872e-04
1.53797890e-01 -1.17473598e-04 5.98078754e-04
1.54205658e-01 -6.72239040e-04 5.93044128e-04
1.54613425e-01 6.56829129e-04 5.88396042e-04
1.55021190e-01 1.30650014e-05 6.05045078e-04
1.55428953e-01 2.29681249e-04 5.93622888e-04
1.55836716e-01 -2.73990714e-04 5.90828384e-04
1.56244476e-01 1.12801600e-03 5.99260546e-04
1.56652235e-01 8.06673725e-04 5.96134585e-04
1.57059993e-01 2.86399667e-04 5.86029224e-04
1.57467749e-01 -1.11493739e-03 5.73292444e-04
1.57875504e-01 -8.06849178e-04 5.71759924e-04
1.58283257e-01 -2.03162178e-04 5.81108639e-04
1.58691008e-01 3.15216063e-05 5.73702958e-04
1.59098758e-01 6.57916268e-04 5.85518136e-04
1.59506507e-01 3.84148901e-04 5.74928371e-04
1.59914254e-01 -9.11536520e-06 5.79539415e-04
1.60322000e-01 1.39384222e-04 5.71947047e-04
1.60729744e-01 -6.29397649e-04 5.73886973e-04
1.61137486e-01 6.43327066e-04 5.67052767e-04
1.61545228e-01 5.53769227e-04 5.68482393e-04
1.61952967e-01 3.64731661e-04 5.60226038e-04
1.62360705e-01 1.46137068e-04 5.72676366e-04
1.62768441e-01 4.47276432e-04 5.60391385e-04
1.63176176e-01 4.74564262e-04 5.79653614e-04
1.63583910e-01 -1.03035724e-04 5.67977618e-04
1.63991641e-01 6.68521068e-04 5.66003582e-04
1.64399372e-01 5.70727239e-04 5.70542394e-04
1.64807100e-01 -5.89316369e-04 5.78714402e-04
1.65214827e-01 4.35320123e-04 5.76842702e-04
1.65622553e-01 1.80172221e-04 5.67279283e-04
1.66030277e-01 5.23165916e-05 5.77483184e-04
1.66437999e-01 -2.04932598e-04 5.61538849e-04
1.66845720e-01 1.24767774e-04 5.49394666e-04
1.67253439e-01 3.87054655e-04 5.60385336e-04
1.67661157e-01 3.53107244e-04 5.58983229e-04
1.68068873e-01 4.67548680e-04 5.51973344e-04
1.68476588e-01 3.07817951e-04 5.51991408e-04
1.68884301e-01 -8.07251339e-04 5.56170375e-04
1.69292012e-01 2.07111315e-04 5.45841901e-04
1.69699721e-01 5.12216119e-04 5.53991437e-04
1.70107430e-01 5.65404651e-05 5.60361156e-04
1.70515136e-01 -4.15178331e-05 5.55493838e-04
1.70922841e-01 -5.82507623e-04 5.49544254e-04
1.71330544e-01 -1.46509214e-04 5.53565013e-04
1.71738246e-01 5.30703771e-04 5.42270732e-04
1.72145946e-01 -7.74301247e-04 5.43878914e-04
1.72553644e-01 -5.58024271e-06 5.45571562e-04
1.72961341e-01 6.25419873e-04 5.65451433e-04
1.73369036e-01 1.79512522e-04 5.41201888e-04
1.73776729e-01 2.15861411e-04 5.50615778e-04
1.74184421e-01 2.51983348e-05 5.51029190e-04
1.74592111e-01 -3.47153235e-05 5.44781524e-04
1.74999799e-01 -3.07653854e-04 5.47792953e-04
1.75407486e-01 -1.90384707e-04 5.36052440e-04
1.75815171e-01 -3.01937070e-04 5.29182577e-04
1.76222855e-01 9.30868272e-04 5.50049851e-04
1.76630537e-01 6.43397199e-04 5.49691215e-04
1.77038217e-01 5.22086778e-04 5.54539424e-04
1.77445895e-01 -2.28217703e-04 5.38620775e-04
1.77853572e-01 -1.15030625e-04 5.42158477e-04
1.78261247e-01 -3.25617311e-04 5.29338843e-04
1.78668921e-01 1.40065212e-03 5.45215202e-04
1.79076592e-01 8.60479120e-04 5.34359574e-04
1.79484262e-01 3.18561410e-04 5.39286471e-04
1.79891931e-01 1.63925929e-05 5.31324276e-04
1.80299597e-01 8.86125622e-04 5.21990575e-04
1.80707262e-01 1.43538070e-05 5.31405960e-04
1.81114925e-01 1.83233140e-04 5.20937804e-04
1.81522587e-01 3.27039260e-04 5.27430854e-04
1.81930247e-01 3.30665238e-04 5.24544749e-04
1.82337905e-01 5.49218891e-04 5.25097633e-04
1.82745561e-01 -5.30889154e-04 5.15805698e-04
1.83153215e-01 8.34056615e-05 5.19815840e-04
1.83560868e-01 -5.71741605e-05 5.32839726e-04
1.83968519e-01 7.58124912e-04 5.07960623e-04
1.84376169e-01 8.30337618e-04 5.22162503e-04
1.84783816e-01 -5.25708205e-05 5.19331580e-04
1.85191462e-01 9.77159612e-05 5.26071610e-04
1.85599106e-01 4.76625217e-04 5.17134524e-04
1.86006749e-01 6.94664848e-06 5.30846361e-04
1.86414389e-01 8.02112026e-04 5.27330215e-04
1.86822028e-01 4.28582245e-04 5.34029815e-04
1.87229665e-01 7.82623302e-04 5.17279354e-04
1.87637300e-01 1.26306988e-03 5.24921018e-04
1.88044934e-01 8.74364888e-04 5.07881284e-04
1.88452566e-01 1.00858129e-04 5.03911251e-04
1.88860195e-01 7.45113482e-04 5.16864144e-04
1.89267824e-01 7.86667359e-04 5.32463121e-04
1.89675450e-01 6.54621382e-04 5.20593166e-04
1.90083074e-01 5.89702940e-04 5.06740101e-04
1.90490697e-01 1.80250804e-05 5.17941685e-04
1.90898318e-01 3.16470753e-04 5.05980938e-04
1.91305937e-01 1.85327523e-04 5.04047301e-04
1.91713555e-01 7.72816036e-04 5.07563884e-04
1.92121170e-01 7.37529870e-04 5.05568944e-04
1.92528784e-01 -6.29612560e-04 5.03137460e-04
1.92936396e-01 2.19760156e-04 5.04624849e-04
1.93344006e-01 7.31017163e-04 4.96420410e-04
1.93751614e-01 4.91253176e-04 5.06657355e-04
1.94159220e-01 6.98498070e-04 4.90542929e-04
1.94566825e-01 1.00260659e-03 4.86698653e-04
1.94974427e-01 3.46632899e-05 5.07158580e-04
1.95382028e-01 7.28112609e-04 5.03261136e-04
1.95789627e-01 5.01332039e-05 4.98003570e-04
1.96197224e-01 3.92447440e-04 4.96370466e-04
1.96604820e-01 -1.77400147e-04 5.09149852e-04
1.97012413e-01 -1.14811412e-05 4.90923242e-04
1.97420005e-01 6.56368433e-04 5.07744022e-04
1.97827594e-01 -3.90399204e-04 4.92270997e-04
1.98235182e-01 -3.08458442e-04 4.93135800e-04
1.98642768e-01 -4.51866577e-04 5.07836436e-04
1.99050352e-01 2.47700487e-04 5.05015106e-04
1.99457934e-01 -5.35144727e-04 5.03646345e-04
1.99865514e-01 -4.87189611e-05 5.07756956e-04
2.00273093e-01 -1.90409599e-04 5.00650054e-04
2.00680669e-01 7.19501648e-04 5.07679828e-04
2.01088244e-01 -6.29483392e-06 5.16209180e-04
2.01495816e-01 9.85031910e-05 5.16975836e-04
2.01903387e-01 -1.94135344e-05 5.11681995e-04
2.02310956e-01 7.90735980e-04 5.10084567e-04
2.02718523e-01 6.60723260e-05 5.05075515e-04
2.03126088e-01 -5.63163596e-05 5.03982649e-04
2.03533651e-01 7.01595202e-04 5.06670922e-04
2.03941212e-01 1.49630638e-03 5.22907704e-04
2.04348771e-01 9.24648518e-04 5.09796623e-04
2.04756329e-01 1.43648459e-03 5.11359133e-04
2.05163884e-01 -5.96516073e-04 4.83306497e-04
2.05571438e-01 -4.57097690e-04 4.96481219e-04
2.05978989e-01 -3.31910077e-04 4.86503127e-04
2.06386539e-01 -5.78655066e-04 4.95129640e-04
2.06794086e-01 6.94234515e-05 4.88832530e-04
2.07201632e-01 7.19654772e-04 5.00590195e-04
2.07609175e-01 2.37753513e-04 4.93605446e-04
2.08016717e-01 -2.42768072e-04 4.90815620e-04
2.08424257e-01 2.26700741e-05 4.85520259e-04
2.08831794e-01 5.34793845e-04 4.89029232e-04
2.09239330e-01 5.42015297e-04 4.88587417e-04
2.09646864e-01 -1.71070159e-04 4.85814629e-04
2.10054396e-01 5.05238082e-04 4.83808758e-04
2.10461925e-01 3.64920704e-04 4.92993364e-04
2.10869453e-01 5.32541086e-05 4.81325314e-04
2.11276979e-01 -2.85432128e-04 4.81807000e-04
2.11684503e-01 5.41506689e-04 4.78949228e-04
2.12092025e-01 2.85168251e-04 4.82052142e-04
2.12499544e-01 1.69225304e-04 4.78649935e-04
2.12907062e-01 -1.66991912e-04 4.86123973e-04
2.13314578e-01 -7.34656276e-05 4.78483528e-04
2.13722092e-01 7.87622657e-04 4.78597835e-04
2.14129603e-01 -2.60766344e-04 4.71249822e-04
2.14537113e-01 3.31945779e-04 4.81507675e-04
2.14944621e-01 6.49321201e-05 4.93578224e-04
2.15352126e-01 8.74175043e-04 4.86860882e-04
2.15759630e-01 1.89874696e-04 4.67502466e-04
2.16167131e-01 4.06261568e-04 4.72599922e-04
2.16574631e-01 -1.21408068e-05 4.74568206e-04
2.16982128e-01 7.29256947e-04 4.69905870e-04
2.17389624e-01 1.51545309e-04 4.79798863e-04
2.17797117e-01 -2.74738588e-04 4.71428569e-04
2.18204608e-01 2.50680893e-04 4.65504750e-04
2.18612098e-01 -2.85954732e-04 4.68181006e-04
2.19019585e-01 -2.08671860e-05 4.60210314e-04
2.19427070e-01 -1.21713743e-04 4.55518661e-04
2.19834553e-01 3.61692849e-04 4.74531836e-04
2.20242034e-01 -3.15762747e-05 4.73413375e-04
2.20649512e-01 2.61468707e-04 4.54567896e-04
2.21056989e-01 5.76393163e-04 4.70049405e-04
2.21464464e-01 -1.90730743e-04 4.59706727e-04
2.21871936e-01 1.89415248e-04 4.65650902e-04
2.22279407e-01 3.69387254e-04 4.61701497e-04
2.22686875e-01 1.17711058e-03 4.61893155e-04
2.23094341e-01 -2.60242300e-04 4.63820608e-04
2.23501805e-01 1.98406879e-04 4.60839027e-04
2.23909267e-01 2.16999627e-04 4.64052131e-04
2.24316727e-01 5.92202114e-04 4.61527350e-04
2.24724185e-01 2.75111189e-04 4.55452851e-04
2.25131641e-01 -1.12706368e-05 4.57941929e-04
2.25539094e-01 -3.75295423e-04 4.59305208e-04
2.25946545e-01 2.43658320e-04 4.66187094e-04
2.26353995e-01 3.96723483e-04 4.59752061e-04
2.26761442e-01 6.10337930e-04 4.56867187e-04
2.27168887e-01 3.84430475e-04 4.60293507e-04
2.27576329e-01 6.54323531e-04 4.47523939e-04
2.27983770e-01 -1.57295355e-04 4.51775098e-04
2.28391208e-01 5.37105115e-04 4.59790407e-04
2.28798645e-01 5.34875308e-04 4.63994907e-04
2.29206079e-01 1.03508912e-03 4.54936386e-04
2.29613511e-01 5.21221922e-05 4.55760921e-04
2.30020941e-01 -3.48213876e-04 4.55685263e-04
2.30428368e-01 -5.34916102e-04 4.60808750e-04
2.30835794e-01 -2.70794180e-04 4.66285572e-04
2.31243217e-01 6.80294661e-04 4.60996079e-04
2.31650638e-01 1.16405401e-04 4.64800482e-04
2.32058057e-01 3.51430990e-04 4.71901129e-04
2.32465473e-01 4.22480460e-05 4.55700751e-04
2.32872888e-01 -5.94278285e-04 4.60189430e-04
2.33280300e-01 1.79848498e-04 4.66075990e-04
2.33687710e-01 3.55632456e-05 4.64950674e-04
2.34095118e-01 -1.96584424e-04 4.66521389e-04
2.34502524e-01 -6.23781424e-04 4.55300473e-04
2.34909927e-01 4.28851018e-04 4.63334566e-04
2.35317328e-01 3.37854193e-05 4.67369697e-04
2.35724727e-01 3.16517500e-04 4.64303088e-04
2.36132124e-01 -1.25939564e-04 4.52691094e-04
2.36539518e-01 1.41635642e-04 4.47257901e-04
2.36946911e-01 -2.38179998e-04 4.47901170e-04
2.37354301e-01 9.00371551e-04 4.51939864e-04
2.37761688e-01 3.60119621e-04 4.51042582e-04
2.38169074e-01 -3.98523507e-04 4.45722292e-04
2.38576457e-01 5.13698953e-04 4.47737783e-04
2.38983838e-01 -4.50341116e-04 4.53559223e-04
2.39391217e-01 5.87929972e-04 4.50231114e-04
2.39798593e-01 8.09953053e-04 4.52726801e-04
2.40205967e-01 4.81800403e-04 4.51452959e-04
2.40613339e-01 -3.54258472e-04 4.57075799e-04
2.41020709e-01 -8.44296472e-04 4.39126734e-04
2.41428076e-01 6.72807783e-05 4.45640144e-04
2.41835441e-01 5.95159776e-04 4.54769169e-04
2.42242804e-01 9.34173035e-05 4.48490968e-04
2.42650165e-01 -8.69128109e-05 4.39381970e-04
2.43057523e-01 1.00155137e-03 4.42621605e-04
2.43464879e-01 2.47548981e-04 4.37327909e-04
2.43872232e-01 9.11049630e-04 4.42089201e-04
2.44279584e-01 1.15615734e-03 4.37553477e-04
2.44686933e-01 5.42340232e-04 4.35889956e-04
2.45094279e-01 2.71058368e-04 4.29771373e-04
2.45501624e-01 1.66068840e-04 4.41857258e-04
2.45908966e-01 -4.19491616e-04 4.44451171e-04
2.46316305e-01 7.70359642e-04 4.34915495e-04
2.46723643e-01 -2.84688504e-05 4.36256192e-04
2.47130978e-01 3.10561730e-04 4.26118939e-04
2.47538310e-01 -2.41464757e-05 4.31637676e-04
2.47945641e-01 -4.83611420e-04 4.32995214e-04
2.48352969e-01 8.62642594e-05 4.34809548e-04
2.48760294e-01 -4.17945216e-04 4.32209629e-04
2.49167618e-01 7.06868441e-04 4.35852582e-04
2.49574939e-01 -6.52728415e-04 4.28595428e-04
2.49982257e-01 -7.25818354e-05 4.31083378e-04
2.50389573e-01 2.58213093e-04 4.37902021e-04
2.50796887e-01 -3.42487852e-05 4.32796590e-04
2.51204199e-01 -3.01810627e-04 4.27528042e-04
2.51611508e-01 4.59135888e-04 4.30608911e-04
2.52018815e-01 1.55608700e-04 4.32721085e-04
2.52426119e-01 1.17772225e-03 4.30161762e-04
2.52833421e-01 5.64399827e-05 4.23466029e-04
2.53240720e-01 4.22112739e-04 4.29226766e-04
2.53648017e-01 -1.91777443e-04 4.35903154e-04
2.54055312e-01 2.72680881e-04 4.30719300e-04
2.54462605e-01 -1.53653454e-04 4.29936058e-04
2.54869894e-01 1.14776204e-03 4.34195515e-04
2.55277182e-01 4.38292151e-04 4.24886896e-04
2.55684467e-01 2.48562899e-04 4.20313074e-04
2.56091750e-01 4.34032925e-04 4.20683679e-04
2.56499030e-01 7.01589079e-04 4.21145173e-04
2.56906308e-01 3.38175486e-04 4.19007643e-04
2.57313583e-01 1.07560620e-04 4.18021132e-04
2.57720856e-01 5.54752760e-04 4.16983475e-04
2.58128127e-01 3.90615334e-04 4.24333980e-04
2.58535395e-01 -4.15936638e-04 4.15963430e-04
2.58942661e-01 1.80276538e-04 4.09063331e-04
2.59349924e-01 1.38208317e-03 4.25800941e-04
2.59757184e-01 4.58905716e-04 4.21552521e-04
2.60164443e-01 6.18176408e-06 4.21193822e-04
2.60571699e-01 1.26368435e-04 4.24934690e-04
2.60978952e-01 5.86931348e-04 4.24087291e-04
2.61386203e-01 9.39844687e-04 4.16544345e-04
2.61793451e-01 3.14035102e-04 4.17179487e-04
2.62200697e-01 6.28915490e-04 4.14476135e-04
2.62607941e-01 4.52420709e-04 4.18733428e-04
2.63015182e-01 4.73660844e-04 4.10238435e-04
2.63422420e-01 7.92439637e-04 4.21960921e-04
2.63829656e-01 3.20258443e-04 4.17220036e-04
2.64236890e-01 1.44259202e-04 4.18263128e-04
2.64644121e-01 1.41208849e-04 4.13420169e-04
2.65051349e-01 -5.14362411e-04 4.11070768e-04
2.65458575e-01 5.40440204e-04 4.12569286e-04
2.65865799e-01 -1.60615750e-05 4.17318647e-04
2.66273019e-01 2.03934817e-04 4.14742401e-04
2.66680238e-01 5.35848304e-04 4.13462368e-04
2.67087454e-01 8.54664209e-04 4.10496110e-04
2.67494667e-01 6.05211105e-04 4.11495200e-04
2.67901878e-01 8.66536968e-04 4.11605219e-04
2.68309086e-01 2.43379175e-04 4.11988466e-04
2.68716292e-01 8.54664964e-04 4.15733434e-04
2.69123495e-01 3.08387665e-04 4.11236831e-04
2.69530696e-01 2.29154898e-04 4.09074747e-04
2.69937894e-01 3.95550104e-04 4.06561871e-04
2.70345090e-01 5.05092528e-04 4.07134992e-04
2.70752283e-01 6.90526388e-04 4.12497193e-04
2.71159473e-01 1.39627603e-04 4.05806558e-04
2.71566661e-01 8.23301457e-04 4.12138479e-04
2.71973847e-01 -2.13702616e-04 4.09600133e-04
2.72381030e-01 -3.12992575e-04 4.08077231e-04
2.72788210e-01 6.20405188e-04 4.06037111e-04
2.73195387e-01 1.91917352e-04 4.11393238e-04
2.73602562e-01 -1.64155998e-04 3.98228371e-04
2.74009735e-01 -1.00671066e-04 4.05495922e-04
2.74416905e-01 5.37368145e-04 4.04260099e-04
2.74824072e-01 2.33219559e-04 3.92290213e-04
2.75231237e-01 3.36873445e-04 3.98330017e-04
2.75638399e-01 5.05315300e-04 4.04566682e-04
2.76045558e-01 4.60118541e-04 3.97004666e-04
2.76452715e-01 -1.80187140e-04 3.93599394e-04
2.76859869e-01 5.23973656e-05 3.90079860e-04
2.77267021e-01 5.04675524e-04 4.05519825e-04
2.77674170e-01 5.68390135e-04 4.03208826e-04
2.78081316e-01 2.29374138e-04 3.93663958e-04
2.78488460e-01 1.71186961e-04 4.04117421e-04
2.78895601e-01 5.93224753e-04 4.03434378e-04
2.79302740e-01 -8.03604770e-05 3.94885353e-04
2.79709875e-01 -3.04723168e-04 3.94026583e-04
2.80117009e-01 4.44532352e-04 3.98233241e-04
2.80524139e-01 -2.46334067e-04 3.92068006e-04
2.80931267e-01 5.66231102e-04 3.96448049e-04
2.81338392e-01 -4.06114452e-04 3.97703676e-04
2.81745515e-01 -4.50404564e-04 3.84787716e-04
2.82152635e-01 1.74184015e-05 3.88878548e-04
2.82559752e-01 9.11532153e-04 4.01098681e-04
2.82966866e-01 1.42546510e-04 3.90167284e-04
2.83373978e-01 -2.65455102e-04 3.87376209e-04
2.83781088e-01 4.26085322e-04 3.96320622e-04
2.84188194e-01 2.48295796e-04 3.99013751e-04
2.84595298e-01 -5.55138220e-05 3.99012521e-04
2.85002399e-01 4.90620358e-04 3.98653042e-04
2.85409497e-01 1.11102178e-05 3.91023836e-04
2.85816593e-01 -1.39028669e-04 3.89044603e-04
2.86223686e-01 -7.22562044e-04 3.91858380e-04
2.86630777e-01 -2.89606267e-04 3.91605384e-04
2.87037864e-01 -1.18353635e-04 3.96656678e-04
2.87444949e-01 6.59334641e-04 4.00894302e-04
2.87852031e-01 6.31457851e-04 4.01019064e-04
2.88259111e-01 -1.05549929e-04 3.95931555e-04
2.88666188e-01 4.74383228e-04 4.02661346e-04
2.89073262e-01 2.97309425e-04 4.04792506e-04
2.89480333e-01 4.45370894e-04 4.07835839e-04
2.89887401e-01 -1.00465355e-05 4.02893427e-04
2.90294467e-01 1.67020347e-04 3.96498229e-04
2.90701530e-01 -1.70776066e-04 3.97339167e-04
2.91108591e-01 4.01670146e-04 3.92738370e-04
2.91515648e-01 5.69581588e-05 4.04139089e-04
2.91922703e-01 -2.74903583e-04 3.87738161e-04
2.92329755e-01 -9.54019911e-05 3.89943969e-04
2.92736804e-01 2.23288466e-04 3.84822040e-04
2.93143851e-01 1.02234253e-04 3.94914395e-04
2.93550895e-01 3.09288318e-04 3.91782486e-04
2.93957936e-01 7.40083882e-04 3.96210779e-04
2.94364974e-01 6.27007918e-04 3.96296988e-04
2.94772009e-01 -5.08082156e-04 3.89933868e-04
2.95179042e-01 -3.66987923e-04 3.90854266e-04
2.95586072e-01 3.95375137e-04 3.94229956e-04
2.95993099e-01 4.68029576e-04 3.93548674e-04
2.96400123e-01 3.08196995e-05 3.91545553e-04
2.96807145e-01 -3.79895582e-04 3.92518546e-04
2.97214163e-01 -2.16971689e-04 3.95496654e-04
2.97621179e-01 3.23777642e-04 3.91931814e-04
2.98028192e-01 3.38101756e-04 3.89546591e-04
2.98435202e-01 2.07619740e-04 3.95257627e-04
2.98842210e-01 -2.49978090e-04 3.95381412e-04
2.99249214e-01 4.24973169e-04 3.97818340e-04
2.99656216e-01 4.26320363e-05 3.96405005e-04
3.00063215e-01 -9.63906866e-05 3.89635754e-04
3.00470211e-01 6.38842171e-04 3.84158932e-04
3.00877204e-01 -5.12489175e-04 3.97917485e-04
3.01284194e-01 2.23837119e-04 3.97848586e-04
3.01691182e-01 -1.70410049e-04 4.00368003e-04
3.02098167e-01 -3.43485922e-04 3.89622533e-04
3.02505149e-01 4.36760422e-04 4.00044184e-04
3.02912128e-01 8.97530917e-05 3.98845273e-04
3.03319104e-01 -2.51231117e-04 3.88250270e-04
3.03726077e-01 -6.11391779e-05 3.98869656e-04
3.04133047e-01 -9.97491875e-05 3.96685436e-04
3.04540015e-01 -1.75701944e-04 3.91759550e-04
3.04946979e-01 1.90550392e-04 3.95268110e-04
3.05353941e-01 -1.07416729e-04 3.89151585e-04
3.05760900e-01 -1.18032397e-04 3.94048645e-04
3.06167856e-01 3.87643849e-04 3.93879061e-04
3.06574809e-01 4.84958696e-04 3.84023454e-04
3.06981759e-01 1.98640288e-04 3.93718089e-04
3.07388706e-01 5.85381725e-05 3.94112524e-04
3.07795651e-01 1.42314708e-04 3.97839054e-04
3.08202592e-01 3.93253299e-04 3.96976921e-04
3.08609531e-01 -4.27589968e-04 3.96904084e-04
3.09016466e-01 -2.51889658e-04 3.96794015e-04
3.09423399e-01 -1.03289709e-04 3.94447347e-04
3.09830329e-01 -2.11001773e-04 3.93378026e-04
3.10237256e-01 1.19896810e-04 4.08607565e-04
3.10644180e-01 2.06307674e-04 3.93812815e-04
3.11051101e-01 2.38133588e-04 3.96943985e-04
3.11458019e-01 1.66985880e-04 4.02072652e-04
3.11864934e-01 -2.14896969e-04 4.07676998e-04
3.12271846e-01 5.47972965e-05 3.97706143e-04
3.12678755e-01 1.81777582e-04 4.04348461e-04
3.13085661e-01 8.11533849e-04 4.05968680e-04
3.13492565e-01 -1.82416054e-04 3.90505873e-04
3.13899465e-01 1.48540134e-04 3.97251479e-04
3.14306362e-01 3.12901578e-04 3.96596433e-04
3.14713257e-01 3.81427869e-04 4.10603942e-04
3.15120148e-01 5.07791519e-04 4.13066140e-04
3.15527037e-01 -3.16734123e-04 3.99848753e-04
3.15933922e-01 3.62890616e-04 4.14823430e-04
3.16340805e-01 -4.94111634e-04 4.45472924e-04
3.16747684e-01 -2.66060974e-04 4.83786635e-04
3.17154561e-01 3.27088191e-04 5.16707958e-04
3.17561434e-01 -2.12240929e-04 5.26697549e-04
3.17968305e-01 -9.84236914e-04 5.59934215e-04
3.18375172e-01 -2.02172464e-04 6.09813645e-04
3.18782037e-01 -4.07693577e-04 6.30789832e-04
3.19188898e-01 7.37710715e-04 6.42431182e-04
3.19595757e-01 -7.55843680e-04 6.80418025e-04
3.20002612e-01 -2.41316948e-04 6.85262630e-04
3.20409465e-01 -8.30242139e-04 7.49416187e-04
3.20816314e-01 -4.83931805e-04 8.13553445e-04
3.21223160e-01 1.12956516e-03 9.15414586e-04
3.21630004e-01 2.99974583e-04 1.07621252e-03
3.22036844e-01 -1.95728345e-03 1.29781660e-03
3.22443681e-01 1.69556338e-03 1.86254529e-03
3.22850516e-01 -1.10514487e-03 5.26998332e-03
