4.08043586e-03 -7.67160820e-02 2.90359602e-02
4.48847930e-03 -7.80892114e-02 2.72630950e-02
4.89652269e-03 -6.71030612e-02 1.94196879e-02
5.30456604e-03 -4.17905538e-02 1.40220718e-02
5.71260934e-03 -2.84291699e-02 1.07072776e-02
6.12065258e-03 -1.79543296e-02 8.65588234e-03
6.52869577e-03 -1.97867415e-02 7.56515693e-03
6.93673889e-03 -1.37748357e-02 6.65768500e-03
7.34478195e-03 -1.52671158e-02 5.50779553e-03
7.75282494e-03 -6.98031479e-03 5.09501769e-03
8.16086785e-03 -5.01300540e-03 4.57834839e-03
8.56891069e-03 -9.29063149e-03 4.19687323e-03
8.97695345e-03 5.17269410e-04 4.15634310e-03
9.38499612e-03 -1.02076603e-03 4.17639923e-03
9.79303870e-03 6.52631121e-04 3.55903502e-03
1.02010812e-02 3.82635423e-03 3.74630364e-03
1.06091236e-02 -2.75603672e-05 3.40452683e-03
1.10171659e-02 -6.52683843e-03 3.07059375e-03
1.14252081e-02 -3.09961242e-03 3.03912721e-03
1.18332501e-02 -3.20269920e-03 2.84346231e-03
1.22412921e-02 -4.46581890e-04 2.75049152e-03
1.26493339e-02 1.89441543e-03 2.62387234e-03
1.30573757e-02 -2.54094687e-04 2.47645578e-03
1.34654173e-02 -2.99639986e-04 2.52542647e-03
1.38734588e-02 3.17331171e-03 2.33538575e-03
1.42815001e-02 9.93418790e-04 2.32861762e-03
1.46895413e-02 2.03796478e-04 2.52611147e-03
1.50975824e-02 2.86201837e-03 2.42246833e-03
1.55056233e-02 -2.30521466e-03 2.05279067e-03
1.59136641e-02 1.11531797e-03 2.21384910e-03
1.63217047e-02 1.24067558e-03 2.01067149e-03
1.67297452e-02 5.70733524e-03 2.11338796e-03
1.71377855e-02 2.35567162e-03 1.95679402e-03
1.75458257e-02 7.55433415e-04 2.15774058e-03
1.79538657e-02 -7.91350173e-04 2.04732543e-03
1.83619055e-02 -1.53717000e-03 1.89042704e-03
1.87699451e-02 1.77413178e-04 1.89073508e-03
1.91779846e-02 1.79271046e-03 1.92799710e-03
1.95860239e-02 -6.08796096e-04 2.03268100e-03
1.99940630e-02 -1.19223830e-04 1.85249196e-03
2.04021019e-02 1.35055349e-03 1.82510487e-03
2.08101406e-02 7.66103610e-04 1.73786165e-03
2.12181791e-02 1.16326218e-03 1.77330831e-03
2.16262174e-02 4.85599243e-03 1.76854439e-03
2.20342555e-02 2.55866508e-03 1.76061725e-03
2.24422934e-02 -1.20501361e-03 1.78816643e-03
2.28503311e-02 -4.64867122e-04 1.64685166e-03
2.32583686e-02 -4.31495505e-04 1.66843953e-03
2.36664058e-02 2.91156313e-04 1.74992955e-03
2.40744429e-02 -8.28588931e-04 1.75800855e-03
2.44824797e-02 3.39534171e-03 1.68888469e-03
2.48905162e-02 -1.60417948e-03 1.66199868e-03
2.52985525e-02 2.05588362e-05 1.57994858e-03
2.57065886e-02 -4.90515137e-04 1.65542586e-03
2.61146245e-02 9.78015766e-05 1.64920302e-03
2.65226601e-02 4.02762670e-03 1.67758041e-03
2.69306954e-02 1.81402329e-03 1.58312456e-03
2.73387305e-02 1.00984119e-03 1.61198290e-03
2.77467653e-02 6.37449287e-04 1.64299552e-03
2.81547999e-02 -2.47502361e-03 1.76441327e-03
2.85628342e-02 1.44160490e-03 1.63785145e-03
2.89708682e-02 -1.00891227e-03 1.72577130e-03
2.93789020e-02 6.85570933e-04 1.62027461e-03
2.97869355e-02 -3.80415340e-04 1.67173977e-03
3.01949687e-02 2.05520804e-04 1.62277324e-03
3.06030016e-02 2.99222983e-03 1.67116038e-03
3.10110342e-02 2.51000572e-03 1.57262798e-03
3.14190665e-02 2.48192847e-03 1.53550663e-03
3.18270985e-02 -1.34343596e-03 1.54814545e-03
3.22351302e-02 1.75635692e-04 1.50262160e-03
3.26431617e-02 2.46087397e-04 1.49877514e-03
3.30511928e-02 -1.47031957e-03 1.39948256e-03
3.34592236e-02 -2.11800780e-04 1.46227872e-03
3.38672540e-02 1.39293017e-04 1.37341860e-03
3.42752842e-02 -1.04786459e-03 1.37686511e-03
3.46833140e-02 2.40739337e-03 1.45992961e-03
3.50913435e-02 1.23137156e-03 1.44441143e-03
3.54993727e-02 -7.16739777e-04 1.38179705e-03
3.59074015e-02 1.91532518e-03 1.35716044e-03
3.63154300e-02 -5.63321548e-04 1.36263064e-03
3.67234581e-02 1.66289759e-04 1.36227071e-03
3.71314859e-02 -3.77860359e-04 1.34687142e-03
3.75395134e-02 3.27551438e-03 1.33318548e-03
3.79475405e-02 2.10536512e-03 1.39897256e-03
3.83555672e-02 1.31663286e-03 1.33498415e-03
3.87635935e-02 -2.76418704e-04 1.29220870e-03
3.91716195e-02 -5.26713548e-04 1.29925105e-03
3.95796452e-02 6.52003782e-04 1.30423771e-03
3.99876704e-02 -2.33481149e-03 1.31337609e-03
4.03956953e-02 -1.73675911e-03 1.36792332e-03
4.08037198e-02 1.35919019e-04 1.29927470e-03
4.12117439e-02 -1.68061268e-03 1.26232931e-03
4.16197676e-02 4.22678295e-04 1.29470055e-03
4.20277909e-02 1.39288112e-03 1.24909490e-03
4.24358138e-02 8.34986246e-04 1.28732564e-03
4.28438363e-02 -3.30572301e-04 1.19583341e-03
4.32518584e-02 -3.78929367e-04 1.20713111e-03
4.36598801e-02 -1.52576887e-03 1.22988362e-03
4.40679014e-02 -2.63889320e-05 1.19566730e-03
4.44759222e-02 2.27149605e-03 1.21465602e-03
4.48839427e-02 9.22667366e-04 1.27330177e-03
4.52919627e-02 6.00396539e-04 1.18070799e-03
4.56999823e-02 4.42610763e-04 1.21458548e-03
4.61080014e-02 5.26628261e-04 1.22689414e-03
4.65160201e-02 6.54874765e-04 1.16731196e-03
4.69240384e-02 8.48583155e-04 1.16800679e-03
4.73320562e-02 -7.96199655e-04 1.15928130e-03
4.77400736e-02 -5.48111868e-05 1.21210036e-03
4.81480905e-02 1.84156126e-03 1.15895915e-03
4.85561070e-02 -3.31103299e-04 1.14189713e-03
4.89641230e-02 -1.97866048e-04 1.13890753e-03
4.93721385e-02 1.32013923e-04 1.18065873e-03
4.97801536e-02 9.39659087e-04 1.13820799e-03
5.01881682e-02 -1.03475040e-03 1.09850144e-03
5.05961823e-02 3.55915247e-05 1.14039138e-03
5.10041960e-02 9.85383982e-04 1.16631655e-03
5.14122091e-02 -4.09235038e-04 1.11902237e-03
5.18202218e-02 1.94647552e-03 1.15659766e-03
5.22282340e-02 -2.29095642e-04 1.09330138e-03
5.26362457e-02 2.97238693e-04 1.05755066e-03
5.30442569e-02 3.83246758e-04 1.10291329e-03
5.34522675e-02 1.83036098e-03 1.09777363e-03
5.38602777e-02 -1.23130655e-03 1.09648863e-03
5.42682874e-02 -5.70342434e-04 1.07186905e-03
5.46762965e-02 2.46068313e-04 1.08943132e-03
5.50843052e-02 1.07186377e-03 1.10423538e-03
5.54923133e-02 -1.04420170e-03 1.02905397e-03
5.59003208e-02 -4.77641474e-04 1.06192993e-03
5.63083279e-02 -1.55511416e-03 1.09016147e-03
5.67163344e-02 -1.08966171e-03 1.07656980e-03
5.71243404e-02 7.25606138e-04 1.10031849e-03
5.75323458e-02 -2.97492383e-04 1.12368640e-03
5.79403507e-02 -1.33897044e-03 1.08186623e-03
5.83483551e-02 3.11578444e-04 1.06143245e-03
5.87563588e-02 -5.60130374e-04 1.04893748e-03
5.91643621e-02 3.15453698e-04 1.12381249e-03
5.95723647e-02 7.54362560e-04 1.11316983e-03
5.99803668e-02 9.98595874e-05 1.05777921e-03
6.03883684e-02 2.62604459e-04 1.12704103e-03
6.07963693e-02 7.88598836e-04 1.08863363e-03
6.12043697e-02 -5.13551858e-04 1.08561057e-03
6.16123695e-02 -3.38894210e-04 1.08263700e-03
6.20203687e-02 1.55515417e-03 1.13832705e-03
6.24283674e-02 5.39383175e-04 1.10107333e-03
6.28363654e-02 9.94530498e-05 1.06752875e-03
6.32443629e-02 1.72449187e-04 1.00394977e-03
6.36523597e-02 1.48423425e-03 1.03571003e-03
6.40603559e-02 1.21946100e-04 1.04755674e-03
6.44683516e-02 8.78099039e-04 1.04002956e-03
6.48763466e-02 3.85902326e-04 1.02675413e-03
6.52843410e-02 6.49011928e-04 1.03168025e-03
6.56923348e-02 1.07597319e-03 1.00528711e-03
6.61003279e-02 1.64195890e-03 1.01124576e-03
6.65083205e-02 1.33913472e-03 1.04792952e-03
6.69163124e-02 1.51050492e-05 9.89179785e-04
6.73243036e-02 4.88668684e-04 1.01130627e-03
6.77322943e-02 5.41173497e-04 9.97700383e-04
6.81402842e-02 2.07087487e-04 9.99925226e-04
6.85482736e-02 4.39575282e-04 1.03114564e-03
6.89562623e-02 1.35102023e-03 9.86991133e-04
6.93642503e-02 1.68852309e-03 1.00287515e-03
6.97722377e-02 6.67282254e-04 9.76155228e-04
7.01802244e-02 -3.17276358e-04 9.53537686e-04
7.05882105e-02 -2.58302043e-04 9.32610538e-04
7.09961958e-02 9.21516065e-04 9.29429004e-04
7.14041805e-02 -8.67058929e-04 9.36369285e-04
7.18121646e-02 1.16783242e-05 9.32361029e-04
7.22201479e-02 -3.54459770e-04 9.22622214e-04
7.26281306e-02 1.27634631e-03 9.34610968e-04
7.30361126e-02 -2.22287342e-03 9.02254254e-04
7.34440938e-02 1.11403773e-03 9.57393437e-04
7.38520744e-02 -1.23228246e-04 9.45239205e-04
7.42600543e-02 6.37623267e-04 9.38194729e-04
7.46680335e-02 1.30679828e-03 9.44485939e-04
7.50760119e-02 -5.64164059e-04 9.21230061e-04
7.54839897e-02 -7.33456315e-04 9.11651961e-04
7.58919667e-02 7.50016243e-04 8.85668491e-04
7.62999431e-02 4.36075704e-04 9.40829363e-04
7.67079187e-02 -2.26525162e-04 8.99337466e-04
7.71158935e-02 -6.56623609e-04 9.36171244e-04
7.75238677e-02 6.18283308e-04 9.23598271e-04
7.79318411e-02 1.48000737e-03 9.11855058e-04
7.83398137e-02 1.18541462e-03 9.35372370e-04
7.87477857e-02 -2.65939732e-04 9.14928786e-04
7.91557568e-02 -6.00957891e-05 8.98982031e-04
7.95637273e-02 -8.44314695e-04 9.06344413e-04
7.99716969e-02 8.40342106e-04 9.14317607e-04
8.03796658e-02 1.41816719e-03 9.22515461e-04
8.07876340e-02 4.98504782e-04 8.72667071e-04
8.11956014e-02 -5.32791036e-04 8.93240029e-04
8.16035680e-02 7.95315310e-04 8.47562030e-04
8.20115338e-02 4.62639879e-04 8.64590175e-04
8.24194989e-02 7.97240060e-04 8.61323362e-04
8.28274631e-02 8.74529294e-04 8.66277728e-04
8.32354266e-02 -5.15426458e-04 8.38369919e-04
8.36433893e-02 -9.50168529e-04 8.22115863e-04
8.40513512e-02 -1.85249705e-04 8.30145304e-04
8.44593123e-02 9.94392057e-04 8.63321826e-04
8.48672727e-02 8.27142526e-05 8.37869818e-04
8.52752322e-02 -1.02395268e-03 8.52335526e-04
8.56831909e-02 -2.01160436e-03 8.03524456e-04
8.60911487e-02 -1.26527124e-05 8.49721771e-04
8.64991058e-02 -7.63043730e-04 8.17178083e-04
8.69070620e-02 5.25073833e-04 8.65576421e-04
8.73150175e-02 -1.07024856e-03 8.31390204e-04
8.77229721e-02 -5.22347204e-04 8.38852435e-04
8.81309258e-02 6.76767475e-04 8.20028361e-04
8.85388787e-02 -8.42764905e-04 8.36517245e-04
8.89468308e-02 -8.35562929e-04 8.38923864e-04
8.93547821e-02 1.45184199e-04 8.40741107e-04
8.97627325e-02 6.08318038e-05 8.05585581e-04
9.01706820e-02 -2.22780274e-04 8.31618463e-04
9.05786307e-02 2.17030972e-05 8.19663604e-04
9.09865785e-02 1.08905977e-04 8.21170430e-04
9.13945255e-02 -3.22952864e-05 7.94566583e-04
9.18024716e-02 4.82661909e-04 7.99008411e-04
9.22104168e-02 -5.81514831e-04 8.13424175e-04
9.26183611e-02 1.05339684e-04 8.28696401e-04
9.30263046e-02 -1.14358936e-03 8.27001521e-04
9.34342472e-02 5.41041537e-04 8.31858147e-04
9.38421889e-02 1.06863458e-03 8.30213551e-04
9.42501297e-02 5.93168514e-04 8.15016562e-04
9.46580696e-02 1.36108294e-03 8.36898771e-04
9.50660087e-02 3.59171268e-04 8.38694191e-04
9.54739468e-02 -8.90892959e-04 8.07511570e-04
9.58818840e-02 -3.49081012e-04 7.97131047e-04
9.62898203e-02 1.21537494e-04 7.87761823e-04
9.66977557e-02 1.59490676e-03 7.79103861e-04
9.71056902e-02 -3.70197441e-04 7.79270352e-04
9.75136237e-02 2.71171668e-04 8.02880346e-04
9.79215564e-02 9.45492475e-04 7.88043072e-04
9.83294881e-02 2.06863988e-04 8.07184400e-04
9.87374188e-02 9.14158148e-04 7.77381557e-04
9.91453487e-02 -1.63678749e-04 7.71360284e-04
9.95532775e-02 -9.49992703e-04 7.59476654e-04
9.99612055e-02 5.01118206e-04 7.84499962e-04
1.00369132e-01 1.55986734e-03 7.85433173e-04
1.00777059e-01 2.70471868e-04 7.68543969e-04
1.01184984e-01 -5.70567924e-05 7.52473934e-04
1.01592908e-01 4.59929878e-04 7.55593648e-04
1.02000831e-01 8.57521653e-04 7.44626776e-04
1.02408753e-01 -1.82861060e-04 7.51961958e-04
1.02816674e-01 3.91343439e-04 7.48021184e-04
1.03224595e-01 -9.73946225e-04 7.50258463e-04
1.03632514e-01 -3.71583371e-04 7.47029580e-04
1.04040432e-01 3.33439977e-04 7.50136386e-04
1.04448349e-01 3.86118840e-04 7.26087219e-04
1.04856266e-01 8.01175300e-04 7.25033374e-04
1.05264181e-01 -1.49420623e-04 7.40816903e-04
1.05672095e-01 8.34690948e-04 7.65707790e-04
1.06080009e-01 2.06863872e-03 7.36548636e-04
1.06487921e-01 1.86311096e-04 7.33717121e-04
1.06895832e-01 3.86593948e-04 7.39367664e-04
1.07303743e-01 1.17166954e-03 7.75223801e-04
1.07711652e-01 -1.97023212e-04 7.78380400e-04
1.08119560e-01 1.79083147e-04 7.47624307e-04
1.08527467e-01 -1.26289399e-03 7.44289409e-04
1.08935374e-01 -5.73255824e-04 7.36617258e-04
1.09343279e-01 5.05551045e-04 7.44899150e-04
1.09751183e-01 -3.29891660e-04 7.48117445e-04
1.10159086e-01 -1.02707164e-03 7.51181134e-04
1.10566988e-01 -3.34460339e-04 7.32969886e-04
1.10974889e-01 -5.00570541e-04 7.14763340e-04
1.11382789e-01 2.91677339e-04 7.20853009e-04
1.11790688e-01 -4.24664369e-04 7.27351381e-04
1.12198586e-01 -8.19427121e-04 7.31669070e-04
1.12606482e-01 -2.27666277e-05 7.24747277e-04
1.13014378e-01 -9.53603802e-05 7.38265385e-04
1.13422273e-01 1.28939164e-03 7.09047916e-04
1.13830166e-01 4.36240380e-04 7.20904488e-04
1.14238059e-01 1.97543735e-04 7.28341258e-04
1.14645950e-01 1.00564098e-04 7.43552539e-04
1.15053840e-01 1.82907624e-03 7.55475067e-04
1.15461730e-01 1.06604437e-03 7.52631477e-04
1.15869618e-01 5.01048887e-04 7.51741543e-04
1.16277505e-01 4.12140143e-04 7.31280572e-04
1.16685391e-01 1.59963805e-04 7.32515474e-04
1.17093275e-01 -3.59983469e-04 7.10605408e-04
1.17501159e-01 4.41317816e-04 7.29017320e-04
1.17909042e-01 -4.91045678e-04 7.24992121e-04
1.18316923e-01 2.37488015e-04 7.12850105e-04
1.18724803e-01 1.36798420e-03 7.26134966e-04
1.19132683e-01 6.93234606e-04 7.00754618e-04
1.19540561e-01 2.53847890e-04 6.97481803e-04
1.19948438e-01 5.72439716e-04 6.79363531e-04
1.20356313e-01 6.21760585e-04 6.94320036e-04
1.20764188e-01 -3.50885411e-04 7.06174446e-04
1.21172062e-01 -6.81288602e-04 6.90455356e-04
1.21579934e-01 -6.40937453e-04 6.91096186e-04
1.21987805e-01 9.23268584e-04 7.00519526e-04
1.22395675e-01 -3.93149308e-04 7.01394940e-04
1.22803544e-01 -1.38563268e-04 6.81816897e-04
1.23211412e-01 4.26290494e-05 6.73679959e-04
1.23619278e-01 1.01106578e-03 7.08923203e-04
1.24027144e-01 -4.19262828e-04 6.84665986e-04
1.24435008e-01 1.61861160e-04 6.82978780e-04
1.24842871e-01 -9.49686483e-05 6.83763528e-04
1.25250733e-01 -4.96070682e-04 6.82178548e-04
1.25658594e-01 -9.62574606e-05 6.82746619e-04
1.26066453e-01 1.13439904e-03 6.93933764e-04
1.26474311e-01 1.89627508e-03 6.92037896e-04
1.26882168e-01 1.46202585e-03 6.87205001e-04
1.27290024e-01 2.00711210e-04 6.91127538e-04
1.27697879e-01 2.45725000e-04 6.73924234e-04
1.28105732e-01 1.91592778e-04 6.69760608e-04
1.28513585e-01 -4.77304850e-04 6.56405902e-04
1.28921436e-01 2.90576887e-04 6.69422472e-04
1.29329285e-01 8.45261419e-04 6.49150840e-04
1.29737134e-01 -3.79748711e-04 6.67870579e-04
1.30144981e-01 3.19621533e-04 6.52070775e-04
1.30552828e-01 6.99749221e-04 6.79222631e-04
1.30960672e-01 2.97704403e-04 6.44394419e-04
1.31368516e-01 -2.71906685e-04 6.41838208e-04
1.31776358e-01 8.10507051e-04 6.75483065e-04
1.32184200e-01 -5.28078062e-04 6.45278402e-04
1.32592039e-01 -2.90544726e-04 6.41090961e-04
1.32999878e-01 5.38168158e-04 6.39124208e-04
1.33407715e-01 8.60399377e-04 6.47111402e-04
1.33815552e-01 1.27101009e-04 6.37459549e-04
1.34223386e-01 -2.24358133e-04 6.36704849e-04
1.34631220e-01 -5.84644560e-04 6.29669271e-04
1.35039052e-01 2.15007072e-04 6.62595081e-04
1.35446883e-01 -5.08685760e-04 6.37590644e-04
1.35854713e-01 -6.09862482e-04 6.24658646e-04
1.36262541e-01 2.60767224e-04 6.36153659e-04
1.36670368e-01 -3.50877529e-04 6.34628045e-04
1.37078194e-01 -6.31950056e-04 6.27309153e-04
1.37486019e-01 -9.80045819e-05 6.31583234e-04
1.37893842e-01 6.36564405e-05 6.40071633e-04
1.38301664e-01 3.38666756e-04 6.31222126e-04
1.38709485e-01 1.64830621e-05 6.21338592e-04
1.39117304e-01 5.18444618e-05 6.28403784e-04
1.39525122e-01 1.04018828e-03 6.27477402e-04
1.39932939e-01 -1.03578656e-03 6.09811451e-04
1.40340754e-01 7.39933226e-05 6.03851849e-04
1.40748568e-01 -1.10367871e-04 6.18555451e-04
1.41156381e-01 3.15657841e-04 6.07639006e-04
1.41564192e-01 9.65417021e-04 6.36123075e-04
1.41972002e-01 7.92625329e-04 6.21321614e-04
1.42379811e-01 8.39590192e-04 6.08017325e-04
1.42787618e-01 9.58337327e-04 6.23642116e-04
1.43195424e-01 5.46050800e-04 6.22179216e-04
1.43603228e-01 6.24460124e-04 6.30839348e-04
1.44011032e-01 -3.93608639e-04 6.39953858e-04
1.44418833e-01 7.00306633e-04 6.38589850e-04
1.44826634e-01 -8.70850850e-04 6.11451851e-04
1.45234433e-01 1.59608383e-04 6.29113171e-04
1.45642231e-01 4.70029744e-05 6.22235690e-04
1.46050027e-01 -8.37569408e-04 6.23373749e-04
1.46457822e-01 1.59292515e-03 6.36510404e-04
1.46865616e-01 5.29748462e-05 6.34843319e-04
1.47273408e-01 7.28516340e-04 6.29674652e-04
1.47681199e-01 3.29040054e-04 6.30014457e-04
1.48088988e-01 -2.92240433e-04 6.32628610e-04
1.48496776e-01 9.78190673e-04 6.31487912e-04
1.48904563e-01 8.93782721e-04 6.30668820e-04
1.49312348e-01 2.90250412e-06 6.19292686e-04
1.49720132e-01 -3.78578094e-04 6.05100976e-04
1.50127914e-01 -8.89384273e-04 6.15261081e-04
1.50535695e-01 -4.29894921e-04 6.10113224e-04
1.50943474e-01 5.37219886e-04 6.15229443e-04
1.51351252e-01 1.53844829e-04 6.07368169e-04
1.51759029e-01 -3.38630187e-04 6.02995991e-04
1.52166804e-01 -5.99767044e-04 6.07432501e-04
1.52574578e-01 4.76394014e-04 6.11208871e-04
1.52982350e-01 -8.13532181e-04 6.01709476e-04
1.53390121e-01 7.53666163e-04 6.06491671e-04
1.53797890e-01 -2.26714603e-04 5.96373829e-04
1.54205658e-01 1.64409940e-04 5.99948535e-04
1.54613425e-01 2.22457125e-04 5.89131300e-04
1.55021190e-01 -7.76430426e-05 5.84115909e-04
1.55428953e-01 1.48079531e-05 5.99463118e-04
1.55836716e-01 2.90307152e-04 6.00039105e-04
1.56244476e-01 1.67140485e-05 6.02295384e-04
1.56652235e-01 6.53695916e-04 5.96427571e-04
1.57059993e-01 -3.74797448e-04 5.74041566e-04
1.57467749e-01 5.21489886e-04 5.76623353e-04
1.57875504e-01 7.44279796e-04 5.83355381e-04
1.58283257e-01 3.34116518e-04 5.72705243e-04
1.58691008e-01 5.06670772e-04 5.70361308e-04
1.59098758e-01 3.60262502e-04 5.80048955e-04
1.59506507e-01 -9.64567919e-05 5.68837172e-04
1.59914254e-01 9.07632686e-04 5.69685432e-04
1.60322000e-01 1.62510711e-04 5.78398621e-04
1.60729744e-01 3.68295848e-04 5.68899583e-04
1.61137486e-01 7.51032825e-04 5.67804763e-04
1.61545228e-01 -1.36985845e-04 5.75683981e-04
1.61952967e-01 5.83799010e-04 5.78624906e-04
1.62360705e-01 8.42239300e-04 5.82011607e-04
1.62768441e-01 5.75511853e-04 5.80960415e-04
1.63176176e-01 1.37289423e-04 5.86404190e-04
1.63583910e-01 9.89136293e-04 5.76175360e-04
1.63991641e-01 7.86470602e-04 5.78375662e-04
1.64399372e-01 -1.29940410e-04 5.64235290e-04
1.64807100e-01 2.90715952e-04 5.70001653e-04
1.65214827e-01 1.46237803e-04 5.70734821e-04
1.65622553e-01 6.93317222e-04 5.59818066e-04
1.66030277e-01 4.15555734e-05 5.41354832e-04
1.66437999e-01 8.13030537e-05 5.62055988e-04
1.66845720e-01 9.01983045e-04 5.72724034e-04
1.67253439e-01 3.43562169e-04 5.71546984e-04
1.67661157e-01 1.35766237e-03 5.61104420e-04
1.68068873e-01 -3.50152243e-04 5.67857000e-04
1.68476588e-01 1.35589901e-04 5.57095520e-04
1.68884301e-01 -7.09934623e-04 5.69262342e-04
1.69292012e-01 -5.99251660e-04 5.51117194e-04
1.69699721e-01 2.63868307e-04 5.43943738e-04
1.70107430e-01 3.65440764e-04 5.53575251e-04
1.70515136e-01 -5.02866220e-04 5.41954210e-04
1.70922841e-01 -3.51587052e-04 5.50085320e-04
1.71330544e-01 -1.25189990e-04 5.40279004e-04
1.71738246e-01 2.24573679e-06 5.52373240e-04
1.72145946e-01 -4.08578164e-04 5.50598977e-04
1.72553644e-01 1.92122770e-04 5.45480069e-04
1.72961341e-01 5.05233635e-04 5.44675427e-04
1.73369036e-01 2.50380647e-05 5.36791983e-04
1.73776729e-01 -3.25107384e-04 5.35614707e-04
1.74184421e-01 -4.20535913e-05 5.43320304e-04
1.74592111e-01 -7.92589053e-04 5.42249248e-04
1.74999799e-01 -4.73687047e-04 5.40159531e-04
1.75407486e-01 8.63664407e-04 5.45157729e-04
1.75815171e-01 -1.46875042e-04 5.38796718e-04
1.76222855e-01 7.87902174e-04 5.28566539e-04
1.76630537e-01 -5.78997778e-04 5.41454238e-04
1.77038217e-01 1.10777188e-03 5.41991479e-04
1.77445895e-01 -5.35879011e-04 5.32692979e-04
1.77853572e-01 5.04629924e-04 5.43808362e-04
1.78261247e-01 -4.90500316e-06 5.28681170e-04
1.78668921e-01 1.38031913e-05 5.36456380e-04
1.79076592e-01 2.87816128e-04 5.37804015e-04
1.79484262e-01 -4.32991858e-04 5.32024141e-04
1.79891931e-01 6.52509099e-04 5.24501627e-04
1.80299597e-01 7.84476062e-04 5.23728979e-04
1.80707262e-01 2.78208268e-04 5.40705401e-04
1.81114925e-01 4.05171596e-04 5.27214629e-04
1.81522587e-01 2.05805626e-04 5.20915704e-04
1.81930247e-01 6.69917266e-04 5.34341833e-04
1.82337905e-01 2.59881613e-04 5.17707292e-04
1.82745561e-01 -7.41707997e-04 5.23787391e-04
1.83153215e-01 2.30286106e-04 5.02568250e-04
1.83560868e-01 -1.39355055e-04 5.30109800e-04
1.83968519e-01 4.45785861e-04 5.19893634e-04
1.84376169e-01 4.26548854e-04 5.24298673e-04
1.84783816e-01 1.19039931e-04 5.21818504e-04
1.85191462e-01 5.57936564e-04 5.15388591e-04
1.85599106e-01 5.79127732e-04 5.23371300e-04
1.86006749e-01 3.56332529e-04 5.23222310e-04
1.86414389e-01 -1.10680295e-04 5.27525464e-04
1.86822028e-01 3.37600237e-04 5.12342143e-04
1.87229665e-01 -1.17734219e-04 5.13951489e-04
1.87637300e-01 8.93189639e-04 5.11761860e-04
1.88044934e-01 1.38358346e-03 5.30225790e-04
1.88452566e-01 5.27858624e-04 5.06187278e-04
1.88860195e-01 2.32856721e-04 5.08231300e-04
1.89267824e-01 -1.30868630e-04 5.09585669e-04
1.89675450e-01 -7.25289179e-04 5.04737477e-04
1.90083074e-01 4.93699105e-04 5.03875150e-04
1.90490697e-01 5.77232439e-04 5.17139520e-04
1.90898318e-01 -1.74902326e-04 5.17035250e-04
1.91305937e-01 3.57476456e-04 5.09795906e-04
1.91713555e-01 1.71568287e-05 5.01123813e-04
1.92121170e-01 2.88655373e-04 5.14342552e-04
1.92528784e-01 1.07067016e-03 5.08996628e-04
1.92936396e-01 -7.12764990e-05 5.25287631e-04
1.93344006e-01 3.30209294e-04 4.94959823e-04
1.93751614e-01 2.32849828e-04 5.10919004e-04
1.94159220e-01 9.92280801e-05 5.01651162e-04
1.94566825e-01 -4.02280057e-04 5.01515631e-04
1.94974427e-01 5.58537861e-04 5.09724026e-04
1.95382028e-01 1.10628607e-04 5.15084630e-04
1.95789627e-01 6.20693989e-04 5.02119468e-04
1.96197224e-01 3.93525905e-04 4.94010328e-04
1.96604820e-01 -3.21431184e-04 4.82911197e-04
1.97012413e-01 -5.50844680e-05 4.84153851e-04
1.97420005e-01 -5.24247907e-04 5.08254332e-04
1.97827594e-01 1.62823383e-04 5.09923929e-04
1.98235182e-01 -2.19808522e-04 4.95028417e-04
1.98642768e-01 3.23947893e-04 5.07554028e-04
1.99050352e-01 6.67658081e-04 5.06153477e-04
1.99457934e-01 4.59642934e-04 5.05178092e-04
1.99865514e-01 -2.75589074e-04 5.02087076e-04
2.00273093e-01 -2.41101106e-04 5.06571806e-04
2.00680669e-01 8.25773138e-05 5.01935258e-04
2.01088244e-01 1.30548441e-03 5.13928301e-04
2.01495816e-01 -1.66373636e-04 5.14647536e-04
2.01903387e-01 7.07069176e-05 5.15713556e-04
2.02310956e-01 -1.47077592e-04 5.02286663e-04
2.02718523e-01 -4.21994962e-05 5.05876536e-04
2.03126088e-01 -5.32071388e-04 5.11294277e-04
2.03533651e-01 5.01999243e-04 5.09554720e-04
2.03941212e-01 7.30701834e-05 5.05806083e-04
2.04348771e-01 -4.39494126e-04 5.12289754e-04
2.04756329e-01 5.32997389e-05 5.00645667e-04
2.05163884e-01 1.92416308e-03 5.07202952e-04
2.05571438e-01 8.00292950e-04 5.08365013e-04
2.05978989e-01 -1.81682522e-04 5.07390683e-04
2.06386539e-01 -1.50517840e-04 4.87707127e-04
2.06794086e-01 3.54047069e-04 5.03485909e-04
2.07201632e-01 -1.83253800e-04 4.87355039e-04
2.07609175e-01 9.95322201e-04 4.84508366e-04
2.08016717e-01 1.82114708e-04 5.02749971e-04
2.08424257e-01 -1.91685134e-04 4.74950986e-04
2.08831794e-01 1.25475392e-03 4.80508423e-04
2.09239330e-01 3.94683184e-04 4.82778027e-04
2.09646864e-01 1.36381961e-04 4.92776006e-04
2.10054396e-01 -1.15459055e-04 4.87491593e-04
2.10461925e-01 -6.83878339e-04 4.81437963e-04
2.10869453e-01 7.16597635e-05 4.82679592e-04
2.11276979e-01 -2.71390651e-04 4.85237868e-04
2.11684503e-01 -1.02526326e-04 4.75039074e-04
2.12092025e-01 -6.54522023e-04 4.84554777e-04
2.12499544e-01 -3.53358466e-04 4.69363681e-04
2.12907062e-01 1.85846642e-04 4.84031975e-04
2.13314578e-01 8.10392024e-04 4.91869072e-04
2.13722092e-01 9.50913099e-04 4.79638636e-04
2.14129603e-01 6.46475692e-05 4.78363230e-04
2.14537113e-01 -6.68837894e-04 4.62642774e-04
2.14944621e-01 2.79250909e-05 4.79607163e-04
2.15352126e-01 5.65292688e-04 4.83434040e-04
2.15759630e-01 -2.34690833e-05 4.72044990e-04
2.16167131e-01 -2.24849306e-04 4.70781965e-04
2.16574631e-01 4.42760758e-04 4.68696937e-04
2.16982128e-01 -1.18480544e-04 4.72623856e-04
2.17389624e-01 -2.70178419e-05 4.83751415e-04
2.17797117e-01 1.08165327e-04 4.76844529e-04
2.18204608e-01 1.58555620e-05 4.68174847e-04
2.18612098e-01 1.51808014e-04 4.76139393e-04
2.19019585e-01 -3.99737496e-05 4.62893089e-04
2.19427070e-01 6.05252035e-04 4.62989952e-04
2.19834553e-01 3.26480848e-04 4.61705481e-04
2.20242034e-01 -2.63286340e-04 4.72502455e-04
2.20649512e-01 -2.77008297e-04 4.66619480e-04
2.21056989e-01 -2.22222735e-04 4.61652974e-04
2.21464464e-01 7.59178831e-04 4.59731018e-04
2.21871936e-01 9.49453548e-04 4.69164516e-04
2.22279407e-01 -2.00297152e-04 4.56973288e-04
2.22686875e-01 -5.15653903e-06 4.49510707e-04
2.23094341e-01 -5.70496667e-04 4.66484729e-04
2.23501805e-01 2.07843098e-04 4.66843174e-04
2.23909267e-01 -4.53126553e-04 4.57098234e-04
2.24316727e-01 2.05269955e-04 4.71170837e-04
2.24724185e-01 4.28121455e-04 4.58167286e-04
2.25131641e-01 3.02792369e-04 4.63003767e-04
2.25539094e-01 2.57496900e-04 4.56206512e-04
2.25946545e-01 -3.93141504e-04 4.54653113e-04
2.26353995e-01 3.11489309e-04 4.58031738e-04
2.26761442e-01 7.80845637e-04 4.48674021e-04
2.27168887e-01 3.42422055e-04 4.50006782e-04
2.27576329e-01 4.02233653e-04 4.57222335e-04
2.27983770e-01 8.97238209e-05 4.50815033e-04
2.28391208e-01 5.19082790e-04 4.61750893e-04
2.28798645e-01 -1.26847814e-03 4.61507362e-04
2.29206079e-01 2.01470630e-04 4.69172295e-04
2.29613511e-01 7.96036226e-04 4.60635583e-04
2.30020941e-01 -3.50982192e-04 4.61499920e-04
2.30428368e-01 -3.27604831e-06 4.61860027e-04
2.30835794e-01 5.59001459e-04 4.61574203e-04
2.31243217e-01 -2.95104934e-04 4.56365470e-04
2.31650638e-01 9.78088492e-04 4.70528512e-04
2.32058057e-01 9.37653541e-04 4.58515220e-04
2.32465473e-01 -1.94828606e-04 4.62743514e-04
2.32872888e-01 -1.69048243e-04 4.60492709e-04
2.33280300e-01 1.97594101e-04 4.73748467e-04
2.33687710e-01 -2.61868407e-04 4.67302180e-04
2.34095118e-01 2.73841027e-04 4.60823534e-04
2.34502524e-01 4.14330642e-04 4.59780852e-04
2.34909927e-01 1.08160634e-03 4.65828925e-04
2.35317328e-01 3.69308773e-04 4.64195449e-04
2.35724727e-01 2.85316819e-04 4.60332970e-04
2.36132124e-01 6.76173009e-05 4.54102318e-04
2.36539518e-01 -1.30868767e-04 4.56808031e-04
2.36946911e-01 -3.63367220e-04 4.54318685e-04
2.37354301e-01 1.00914270e-04 4.55354416e-04
2.37761688e-01 1.72783192e-04 4.62265810e-04
2.38169074e-01 -2.10293856e-04 4.52271110e-04
2.38576457e-01 3.60388472e-04 4.47418794e-04
2.38983838e-01 -4.87547328e-04 4.55082785e-04
2.39391217e-01 3.36241323e-04 4.45614764e-04
2.39798593e-01 2.84974813e-04 4.51563761e-04
2.40205967e-01 1.53993291e-05 4.48425422e-04
2.40613339e-01 1.00903067e-03 4.58898454e-04
2.41020709e-01 -1.42138537e-04 4.39301344e-04
2.41428076e-01 2.70415647e-04 4.43977180e-04
2.41835441e-01 4.65817284e-04 4.46589162e-04
2.42242804e-01 6.83310215e-04 4.34331653e-04
2.42650165e-01 -2.74928104e-04 4.40764047e-04
2.43057523e-01 -4.20625504e-04 4.30321287e-04
2.43464879e-01 1.62413032e-04 4.36200446e-04
2.43872232e-01 -6.68943535e-06 4.28033215e-04
2.44279584e-01 -3.07493938e-04 4.37161362e-04
2.44686933e-01 5.58850793e-04 4.35173420e-04
2.45094279e-01 -4.24897126e-04 4.32087879e-04
2.45501624e-01 -1.46224572e-04 4.33427278e-04
2.45908966e-01 5.93712042e-04 4.38836026e-04
2.46316305e-01 6.91563258e-04 4.42492808e-04
2.46723643e-01 -8.84056812e-04 4.29268593e-04
2.47130978e-01 -1.64227974e-04 4.28509576e-04
2.47538310e-01 -3.34744198e-05 4.34783741e-04
2.47945641e-01 2.29980715e-04 4.25978747e-04
2.48352969e-01 1.89266747e-04 4.34679207e-04
2.48760294e-01 1.25633890e-04 4.33191345e-04
2.49167618e-01 -3.45535626e-04 4.29931889e-04
2.49574939e-01 7.22545837e-04 4.33693720e-04
2.49982257e-01 3.97479061e-04 4.38850998e-04
2.50389573e-01 -2.94335259e-04 4.22252815e-04
2.50796887e-01 3.94679503e-04 4.33209761e-04
2.51204199e-01 5.81210057e-04 4.33062001e-04
2.51611508e-01 3.59321695e-04 4.25164654e-04
2.52018815e-01 -2.98476301e-04 4.29617285e-04
2.52426119e-01 -2.30778739e-04 4.30827958e-04
2.52833421e-01 -8.24757116e-05 4.24003916e-04
2.53240720e-01 4.73852423e-04 4.31707628e-04
2.53648017e-01 2.33846065e-04 4.27661356e-04
2.54055312e-01 -6.81457847e-04 4.19892432e-04
2.54462605e-01 5.56124717e-04 4.30722661e-04
2.54869894e-01 1.54483409e-03 4.32943196e-04
2.55277182e-01 5.29172656e-05 4.20822552e-04
2.55684467e-01 6.10066024e-04 4.24819865e-04
2.56091750e-01 -9.49807981e-05 4.16514706e-04
2.56499030e-01 4.40869735e-04 4.17663538e-04
2.56906308e-01 8.23156366e-05 4.12855308e-04
2.57313583e-01 6.93276545e-04 4.20796126e-04
2.57720856e-01 1.97014170e-04 4.23900425e-04
2.58128127e-01 5.02339896e-04 4.15471020e-04
2.58535395e-01 -3.02683447e-04 4.13434821e-04
2.58942661e-01 5.03321605e-04 4.21590780e-04
2.59349924e-01 5.92914447e-04 4.23714239e-04
2.59757184e-01 1.56692290e-04 4.14915745e-04
2.60164443e-01 -1.63641219e-05 4.22818041e-04
2.60571699e-01 -4.12151159e-04 4.17408913e-04
2.60978952e-01 1.97244274e-04 4.11072098e-04
2.61386203e-01 5.38824848e-04 4.13447319e-04
2.61793451e-01 3.88380205e-04 4.15025012e-04
2.62200697e-01 -2.72892167e-04 4.21570327e-04
2.62607941e-01 6.92267939e-04 4.10116881e-04
2.63015182e-01 1.17585141e-04 4.12668889e-04
2.63422420e-01 -2.44577830e-04 4.16154324e-04
2.63829656e-01 2.02066108e-04 4.18914491e-04
2.64236890e-01 1.06574173e-03 4.19432023e-04
2.64644121e-01 3.83917996e-04 4.17456995e-04
2.65051349e-01 -1.84108278e-04 4.02572426e-04
2.65458575e-01 -2.61543777e-04 4.09660666e-04
2.65865799e-01 -2.42946982e-05 4.08644526e-04
2.66273019e-01 2.32473292e-04 4.10117441e-04
2.66680238e-01 -1.13652797e-04 4.13338155e-04
2.67087454e-01 4.36188008e-05 4.07332306e-04
2.67494667e-01 -1.91439373e-04 4.09953676e-04
2.67901878e-01 -4.57705134e-04 4.08699761e-04
2.68309086e-01 4.80829674e-04 4.08316824e-04
2.68716292e-01 5.06297217e-05 4.03931628e-04
2.69123495e-01 -4.95187035e-06 4.03075505e-04
2.69530696e-01 4.59273687e-04 3.96426013e-04
2.69937894e-01 -7.66429932e-05 4.05992073e-04
2.70345090e-01 -1.72388114e-05 4.08535322e-04
2.70752283e-01 3.22409472e-04 3.98711391e-04
2.71159473e-01 2.27189560e-04 3.98518703e-04
2.71566661e-01 2.45726107e-04 3.97307878e-04
2.71973847e-01 2.60645701e-04 3.99781863e-04
2.72381030e-01 -7.29686351e-05 4.01409725e-04
2.72788210e-01 -1.45987517e-04 4.00859210e-04
2.73195387e-01 4.07486864e-04 4.03017028e-04
2.73602562e-01 5.27461835e-05 4.00953197e-04
2.74009735e-01 2.20405079e-04 4.04352054e-04
2.74416905e-01 2.08812038e-04 3.96059770e-04
2.74824072e-01 2.51119561e-04 3.98503303e-04
2.75231237e-01 -5.72463479e-04 3.98180030e-04
2.75638399e-01 -2.45182884e-04 4.03357087e-04
2.76045558e-01 1.53225940e-04 4.05414889e-04
2.76452715e-01 -2.42479759e-04 4.00668415e-04
2.76859869e-01 4.57804583e-04 4.02631907e-04
2.77267021e-01 -1.70716894e-04 3.94039473e-04
2.77674170e-01 -7.41824184e-04 3.87896790e-04
2.78081316e-01 7.87424799e-05 4.01687714e-04
2.78488460e-01 3.58505188e-04 3.95574215e-04
2.78895601e-01 -4.88552138e-05 3.89511963e-04
2.79302740e-01 9.74261426e-05 3.99831595e-04
2.79709875e-01 -3.78645004e-04 3.93312699e-04
2.80117009e-01 -1.89325756e-04 3.94864934e-04
2.80524139e-01 -2.60508372e-04 4.05994348e-04
2.80931267e-01 -2.87398300e-04 3.95578757e-04
2.81338392e-01 5.06637897e-04 3.96983764e-04
2.81745515e-01 9.40856742e-05 3.95492303e-04
2.82152635e-01 9.83566136e-05 3.95441080e-04
2.82559752e-01 -9.32593176e-06 3.92387948e-04
2.82966866e-01 1.31791062e-04 4.00314760e-04
2.83373978e-01 1.26199982e-03 3.88784591e-04
2.83781088e-01 7.27341673e-04 3.92958150e-04
2.84188194e-01 5.58779552e-04 3.99413059e-04
2.84595298e-01 6.15426810e-07 3.88928871e-04
2.85002399e-01 4.12133078e-04 4.01080190e-04
2.85409497e-01 -1.21727638e-04 3.87950385e-04
2.85816593e-01 2.76418234e-04 3.99358725e-04
2.86223686e-01 4.43101503e-04 3.95619245e-04
2.86630777e-01 2.64035547e-04 3.94737496e-04
2.87037864e-01 8.23195864e-05 3.93742882e-04
2.87444949e-01 4.91906336e-04 3.94658600e-04
2.87852031e-01 -4.39846706e-04 3.97266665e-04
2.88259111e-01 6.01316794e-04 4.01410226e-04
2.88666188e-01 6.16276756e-04 4.02058229e-04
2.89073262e-01 -5.88672822e-05 4.00620788e-04
2.89480333e-01 -3.12258039e-04 4.01833647e-04
2.89887401e-01 -2.32962662e-04 3.98827745e-04
2.90294467e-01 7.02906413e-04 4.02446874e-04
2.90701530e-01 1.70251777e-04 3.84433814e-04
2.91108591e-01 -3.39555313e-04 3.97952175e-04
2.91515648e-01 5.15979189e-04 3.96389478e-04
2.91922703e-01 -6.27755975e-04 3.92792930e-04
2.92329755e-01 2.92869126e-04 3.88978101e-04
2.92736804e-01 -4.30210701e-04 3.93308590e-04
2.93143851e-01 6.28868913e-05 3.92424613e-04
2.93550895e-01 1.75798245e-04 3.90332717e-04
2.93957936e-01 -1.00012643e-04 3.85856335e-04
2.94364974e-01 -4.52721722e-04 3.80736378e-04
2.94772009e-01 1.93526895e-04 3.82941883e-04
2.95179042e-01 -2.00789243e-05 3.97370735e-04
2.95586072e-01 5.24761674e-05 3.87776320e-04
2.95993099e-01 2.52613574e-05 3.96759180e-04
2.96400123e-01 1.50582614e-04 3.98251838e-04
2.96807145e-01 6.37670543e-04 3.97935501e-04
2.97214163e-01 -5.24693851e-04 3.89007821e-04
2.97621179e-01 3.99373327e-04 3.99265547e-04
2.98028192e-01 3.49396352e-04 3.96127732e-04
2.98435202e-01 2.28583053e-04 3.92299688e-04
2.98842210e-01 -2.25700331e-04 3.91258569e-04
2.99249214e-01 -1.45558621e-04 4.03197380e-04
2.99656216e-01 2.93689300e-04 3.89949614e-04
3.00063215e-01 2.34519726e-04 3.91555651e-04
3.00470211e-01 1.16569435e-04 3.93837209e-04
3.00877204e-01 -5.05451062e-05 3.88508510e-04
3.01284194e-01 3.49025044e-04 3.84231954e-04
3.01691182e-01 2.85953408e-04 3.88892520e-04
3.02098167e-01 9.60578925e-05 3.91425733e-04
3.02505149e-01 3.63898259e-04 3.90933460e-04
3.02912128e-01 1.76096444e-04 3.92590247e-04
3.03319104e-01 6.66789818e-04 3.90260459e-04
3.03726077e-01 -4.28082706e-04 3.98486062e-04
3.04133047e-01 -3.52057064e-04 3.94284084e-04
3.04540015e-01 -7.47873654e-04 3.91021606e-04
3.04946979e-01 -1.87067983e-04 3.91289199e-04
3.05353941e-01 7.08799549e-05 3.86833020e-04
3.05760900e-01 -4.26297023e-05 3.89116876e-04
3.06167856e-01 1.31180466e-04 3.86049621e-04
3.06574809e-01 1.88520987e-05 3.87518481e-04
3.06981759e-01 -5.59700878e-04 3.98133503e-04
3.07388706e-01 -3.73543546e-04 3.93899533e-04
3.07795651e-01 8.04630688e-06 3.90846237e-04
3.08202592e-01 3.71805975e-04 3.95550261e-04
3.08609531e-01 -2.30311521e-05 3.97996156e-04
3.09016466e-01 5.40820539e-04 4.00248768e-04
3.09423399e-01 -4.43986635e-04 3.98339780e-04
3.09830329e-01 -4.67732290e-04 4.05546922e-04
3.10237256e-01 -9.99820501e-05 3.90851685e-04
3.10644180e-01 2.76100978e-04 4.02663411e-04
3.11051101e-01 3.51991031e-04 3.94878661e-04
3.11458019e-01 2.64566659e-04 4.04064218e-04
3.11864934e-01 6.52949946e-04 4.10328918e-04
3.12271846e-01 2.27702978e-04 3.95485698e-04
3.12678755e-01 3.39294753e-04 4.03244616e-04
3.13085661e-01 1.21068444e-04 3.97381198e-04
3.13492565e-01 3.97370965e-04 3.98712456e-04
3.13899465e-01 1.14934367e-05 3.99901093e-04
3.14306362e-01 1.11604207e-04 4.05633850e-04
3.14713257e-01 2.95173990e-04 4.09519179e-04
3.15120148e-01 4.41918007e-04 4.08757191e-04
3.15527037e-01 -1.42013948e-04 4.12898479e-04
3.15933922e-01 7.46575875e-04 4.13668383e-04
3.16340805e-01 7.90412252e-04 4.52240101e-04
3.16747684e-01 4.56891546e-04 4.87352229e-04
3.17154561e-01 -5.44843779e-05 4.96846547e-04
3.17561434e-01 1.39053985e-04 5.37802329e-04
3.17968305e-01 -4.30281431e-04 5.71307914e-04
3.18375172e-01 7.33793528e-04 6.18461599e-04
3.18782037e-01 -3.10173149e-04 6.24766386e-04
3.19188898e-01 -1.24564601e-03 6.43461110e-04
3.19595757e-01 1.20128947e-03 6.89733024e-04
3.20002612e-01 -1.18510001e-04 7.00109063e-04
3.20409465e-01 -8.50529674e-04 7.60558257e-04
3.20816314e-01 5.40487182e-05 8.40224214e-04
3.21223160e-01 8.55692518e-04 9.49795444e-04
3.21630004e-01 -9.41410788e-04 1.07204135e-03
3.22036844e-01 -2.19708140e-04 1.26508813e-03
3.22443681e-01 -1.90167261e-03 1.79063261e-03
3.22850516e-01 -4.73533074e-03 5.97297595e-03
