4.08043586e-03 -7.79496700e-02 2.61757172e-02
4.48847930e-03 -8.06465424e-02 2.66551688e-02
4.89652269e-03 -6.66930023e-02 1.99411091e-02
5.30456604e-03 -2.54053831e-02 1.44671839e-02
5.71260934e-03 -3.42912471e-02 1.05995336e-02
6.12065258e-03 -2.05908982e-02 8.56631290e-03
6.52869577e-03 -1.84020206e-02 7.51789824e-03
6.93673889e-03 -2.32146844e-02 6.22331710e-03
7.34478195e-03 -8.18072227e-03 5.83211324e-03
7.75282494e-03 -1.34744683e-02 5.20160513e-03
8.16086785e-03 -7.89134618e-03 4.97629783e-03
8.56891069e-03 -8.33045678e-03 4.31417504e-03
8.97695345e-03 -1.42674244e-02 3.75843348e-03
9.38499612e-03 -1.97723023e-03 4.38057117e-03
9.79303870e-03 -4.61204767e-03 3.45361538e-03
1.02010812e-02 -4.88239962e-03 3.36058348e-03
1.06091236e-02 -1.81798712e-03 3.09374160e-03
1.10171659e-02 -6.16573740e-03 2.97613543e-03
1.14252081e-02 -2.02511874e-03 2.97741104e-03
1.18332501e-02 -4.00636284e-03 2.96066547e-03
1.22412921e-02 -2.78608460e-03 2.66805085e-03
1.26493339e-02 -5.06194695e-04 2.68924634e-03
1.30573757e-02 -6.46534398e-03 2.67392984e-03
1.34654173e-02 -3.00130708e-03 2.60276291e-03
1.38734588e-02 -2.16877314e-03 2.31886970e-03
1.42815001e-02 1.10418071e-03 2.34898797e-03
1.46895413e-02 2.00791402e-04 2.41640648e-03
1.50975824e-02 -2.10404837e-03 2.33709145e-03
1.55056233e-02 1.65203196e-03 2.13545428e-03
1.59136641e-02 -2.32468402e-04 1.98239746e-03
1.63217047e-02 -1.50772540e-03 2.04008493e-03
1.67297452e-02 2.27523402e-03 1.95063606e-03
1.71377855e-02 7.69252711e-04 1.98154782e-03
1.75458257e-02 7.57835922e-04 1.92908983e-03
1.79538657e-02 -1.76115034e-03 1.88074650e-03
1.83619055e-02 2.06828791e-03 1.87863349e-03
1.87699451e-02 4.88756236e-04 1.98563414e-03
1.91779846e-02 4.72604573e-03 2.00520794e-03
1.95860239e-02 7.77696481e-04 1.91242795e-03
1.99940630e-02 -1.01093648e-03 1.82490240e-03
2.04021019e-02 5.56009344e-04 1.91779755e-03
2.08101406e-02 1.97440531e-03 1.87113181e-03
2.12181791e-02 8.08818828e-04 1.92745215e-03
2.16262174e-02 1.64159035e-03 1.64865437e-03
2.20342555e-02 -2.51719934e-03 1.65904299e-03
2.24422934e-02 1.19768915e-04 1.67422205e-03
2.28503311e-02 -9.37653874e-05 1.70875776e-03
2.32583686e-02 7.23481225e-04 1.67974550e-03
2.36664058e-02 1.82324473e-03 1.78552546e-03
2.40744429e-02 3.70888586e-05 1.62068855e-03
2.44824797e-02 3.78307070e-04 1.69660182e-03
2.48905162e-02 1.51285314e-03 1.65391960e-03
2.52985525e-02 -1.26127171e-03 1.69661901e-03
2.57065886e-02 2.04504999e-03 1.69436089e-03
2.61146245e-02 -3.35591739e-03 1.70803267e-03
2.65226601e-02 1.44918293e-03 1.56594933e-03
2.69306954e-02 1.22660913e-03 1.71626612e-03
2.73387305e-02 1.69930215e-03 1.75822331e-03
2.77467653e-02 1.27310426e-03 1.72781896e-03
2.81547999e-02 1.88415026e-03 1.67156198e-03
2.85628342e-02 -2.43014357e-03 1.63920934e-03
2.89708682e-02 2.61255927e-03 1.73801451e-03
2.93789020e-02 1.47765667e-03 1.72436865e-03
2.97869355e-02 -1.53576587e-03 1.68346770e-03
3.01949687e-02 1.06178173e-06 1.67084875e-03
3.06030016e-02 2.09088156e-03 1.62601872e-03
3.10110342e-02 2.28223543e-03 1.71805235e-03
3.14190665e-02 2.97896340e-03 1.52431560e-03
3.18270985e-02 1.65851793e-03 1.55609611e-03
3.22351302e-02 -1.79936582e-03 1.45157158e-03
3.26431617e-02 2.11945358e-03 1.50298632e-03
3.30511928e-02 9.45877481e-04 1.53909079e-03
3.34592236e-02 -3.62879132e-04 1.46776181e-03
3.38672540e-02 1.06532430e-03 1.44619138e-03
3.42752842e-02 7.26929414e-04 1.43358468e-03
3.46833140e-02 8.12651256e-04 1.40368991e-03
3.50913435e-02 1.60986509e-04 1.41153762e-03
3.54993727e-02 9.21167803e-04 1.37479461e-03
3.59074015e-02 2.31103267e-04 1.40204311e-03
3.63154300e-02 9.87766680e-04 1.47189133e-03
3.67234581e-02 3.08219938e-04 1.41289730e-03
3.71314859e-02 4.24354395e-04 1.36106659e-03
3.75395134e-02 1.11029290e-03 1.37278149e-03
3.79475405e-02 -3.39316217e-04 1.32712862e-03
3.83555672e-02 -5.23225201e-04 1.35486688e-03
3.87635935e-02 -1.55635463e-03 1.36110803e-03
3.91716195e-02 2.04899214e-03 1.33278294e-03
3.95796452e-02 1.41170153e-03 1.29193482e-03
3.99876704e-02 5.99325018e-04 1.37626288e-03
4.03956953e-02 7.81985938e-04 1.28130757e-03
4.08037198e-02 7.78331359e-04 1.35977566e-03
4.12117439e-02 -2.62405525e-04 1.27430528e-03
4.16197676e-02 -1.48721279e-03 1.25261365e-03
4.20277909e-02 -8.13300212e-04 1.28357595e-03
4.24358138e-02 2.05572697e-03 1.35776320e-03
4.28438363e-02 -9.70199421e-04 1.20097066e-03
4.32518584e-02 -2.54128668e-04 1.23879129e-03
4.36598801e-02 -1.60505377e-03 1.18566006e-03
4.40679014e-02 1.38044879e-04 1.16890967e-03
4.44759222e-02 -2.00729377e-04 1.20402566e-03
4.48839427e-02 3.59420685e-04 1.20189219e-03
4.52919627e-02 -1.61224408e-03 1.19017451e-03
4.56999823e-02 -1.81597061e-03 1.21488827e-03
4.61080014e-02 1.26407153e-03 1.24233974e-03
4.65160201e-02 -9.29035698e-04 1.17260100e-03
4.69240384e-02 2.30258315e-05 1.18216390e-03
4.73320562e-02 -2.32561001e-03 1.15215044e-03
4.77400736e-02 -2.17263483e-04 1.20627251e-03
4.81480905e-02 2.28945713e-05 1.14639893e-03
4.85561070e-02 -1.27598070e-03 1.17089425e-03
4.89641230e-02 -1.07993124e-03 1.18805249e-03
4.93721385e-02 4.63235624e-04 1.18951586e-03
4.97801536e-02 2.35183800e-03 1.12911737e-03
5.01881682e-02 -1.22145201e-03 1.14590021e-03
5.05961823e-02 1.66423669e-04 1.19574686e-03
5.10041960e-02 2.21115567e-03 1.16507741e-03
5.14122091e-02 1.45034768e-03 1.10877659e-03
5.18202218e-02 -6.45639240e-04 1.09314590e-03
5.22282340e-02 -9.54881159e-04 1.15016199e-03
5.26362457e-02 3.73396040e-04 1.08991000e-03
5.30442569e-02 1.42189862e-03 1.09042099e-03
5.34522675e-02 2.75892884e-04 1.06769299e-03
5.38602777e-02 8.40830466e-04 1.15890942e-03
5.42682874e-02 -1.98462415e-03 1.10552075e-03
5.46762965e-02 -9.21540714e-04 1.08795611e-03
5.50843052e-02 -5.17600224e-04 1.10338978e-03
5.54923133e-02 -4.05663521e-04 1.06871764e-03
5.59003208e-02 1.03201187e-03 1.11558209e-03
5.63083279e-02 -7.80664875e-04 1.09146390e-03
5.67163344e-02 1.39516764e-03 1.08842544e-03
5.71243404e-02 -8.30879288e-04 1.07347944e-03
5.75323458e-02 7.09718724e-04 1.13446318e-03
5.79403507e-02 -1.37872129e-04 1.07747817e-03
5.83483551e-02 3.36994977e-04 1.07269136e-03
5.87563588e-02 -3.48407633e-04 1.14913342e-03
5.91643621e-02 -1.71102769e-03 1.10281368e-03
5.95723647e-02 4.93646910e-04 1.17059210e-03
5.99803668e-02 -4.70898034e-04 1.12158557e-03
6.03883684e-02 6.77317318e-05 1.11386914e-03
6.07963693e-02 1.29023069e-03 1.12088731e-03
6.12043697e-02 -1.66503482e-03 1.11987793e-03
6.16123695e-02 1.77499259e-03 1.14858749e-03
6.20203687e-02 2.11669117e-03 1.14331736e-03
6.24283674e-02 4.08056116e-04 1.05387355e-03
6.28363654e-02 -2.52674047e-03 1.05714805e-03
6.32443629e-02 -3.68271127e-04 1.01490337e-03
6.36523597e-02 -5.66099998e-04 1.03926733e-03
6.40603559e-02 -1.50973486e-03 1.08213713e-03
6.44683516e-02 2.49055015e-04 1.03367248e-03
6.48763466e-02 1.38423793e-04 1.03225996e-03
6.52843410e-02 -9.63161190e-04 9.93786755e-04
6.56923348e-02 -3.61805958e-04 1.01936087e-03
6.61003279e-02 -2.02032782e-04 1.01488697e-03
6.65083205e-02 -7.43775948e-04 1.02790802e-03
6.69163124e-02 -1.38258541e-04 9.93491715e-04
6.73243036e-02 4.75383036e-04 1.01823267e-03
6.77322943e-02 1.82623881e-03 1.00975174e-03
6.81402842e-02 -1.16964121e-03 9.77717805e-04
6.85482736e-02 1.83335293e-03 1.01726243e-03
6.89562623e-02 9.08233923e-04 1.00297908e-03
6.93642503e-02 -8.63523850e-04 1.00330546e-03
6.97722377e-02 -8.02684280e-04 9.47816976e-04
7.01802244e-02 -6.28494554e-04 9.45828244e-04
7.05882105e-02 9.04501552e-04 9.78186254e-04
7.09961958e-02 2.63282588e-05 9.47188465e-04
7.14041805e-02 4.04390009e-04 9.35373363e-04
7.18121646e-02 -2.03356265e-03 9.28932367e-04
7.22201479e-02 -6.12395487e-04 9.49599946e-04
7.26281306e-02 -2.05483757e-04 9.81136527e-04
7.30361126e-02 -1.44116398e-04 9.34259247e-04
7.34440938e-02 -7.84909698e-04 9.45940033e-04
7.38520744e-02 1.00990653e-03 9.39886375e-04
7.42600543e-02 -4.81699543e-04 9.26284700e-04
7.46680335e-02 6.18124508e-04 9.65565758e-04
7.50760119e-02 1.13854768e-03 9.10695782e-04
7.54839897e-02 6.88197400e-04 9.23462590e-04
7.58919667e-02 3.33199044e-05 9.02815316e-04
7.62999431e-02 -5.71880006e-05 8.69979968e-04
7.67079187e-02 4.65118186e-04 9.05475842e-04
7.71158935e-02 -9.49095428e-05 9.37870008e-04
7.75238677e-02 4.47283445e-04 9.24918465e-04
7.79318411e-02 -1.54798162e-03 9.27930511e-04
7.83398137e-02 -4.88833928e-04 8.62104072e-04
7.87477857e-02 1.02192534e-03 8.82593702e-04
7.91557568e-02 -8.83758379e-05 8.72417121e-04
7.95637273e-02 6.83694004e-05 8.99036628e-04
7.99716969e-02 1.10366668e-03 9.01480235e-04
8.03796658e-02 -7.77597584e-04 8.95459931e-04
8.07876340e-02 1.96691070e-04 8.90353910e-04
8.11956014e-02 -1.07325748e-03 8.49354231e-04
8.16035680e-02 8.89746982e-04 8.75386774e-04
8.20115338e-02 5.45914476e-04 8.70336476e-04
8.24194989e-02 -1.15429049e-03 8.67080422e-04
8.28274631e-02 -6.03585348e-04 8.50307375e-04
8.32354266e-02 -1.66080808e-04 8.78537422e-04
8.36433893e-02 -1.33818569e-04 8.62973005e-04
8.40513512e-02 9.11907674e-04 8.64180932e-04
8.44593123e-02 -6.50835053e-05 8.53461663e-04
8.48672727e-02 -4.73141542e-04 8.40034412e-04
8.52752322e-02 2.34832744e-04 8.90963534e-04
8.56831909e-02 -4.51456212e-05 8.48395463e-04
8.60911487e-02 5.77771423e-04 8.52644919e-04
8.64991058e-02 -4.37475232e-04 8.27687261e-04
8.69070620e-02 -1.23581944e-06 8.33854357e-04
8.73150175e-02 1.75966557e-03 8.48748463e-04
8.77229721e-02 3.67913400e-04 8.45797692e-04
8.81309258e-02 1.79738984e-03 8.40269704e-04
8.85388787e-02 2.82189451e-04 8.14754619e-04
8.89468308e-02 -1.34147732e-03 8.43781157e-04
8.93547821e-02 -1.92543599e-03 8.33958194e-04
8.97627325e-02 7.46401476e-04 8.46055254e-04
9.01706820e-02 1.38491994e-04 8.14853037e-04
9.05786307e-02 4.87137125e-04 8.30295171e-04
9.09865785e-02 2.54380989e-04 8.04822078e-04
9.13945255e-02 -2.34550648e-04 8.16093068e-04
9.18024716e-02 9.29318492e-04 8.16165307e-04
9.22104168e-02 8.18475753e-04 8.07520006e-04
9.26183611e-02 6.90900009e-04 8.28025971e-04
9.30263046e-02 -1.04644885e-03 8.19270242e-04
9.34342472e-02 1.67347660e-03 8.10394977e-04
9.38421889e-02 -5.82099674e-04 8.13694770e-04
9.42501297e-02 2.73348040e-04 8.38552012e-04
9.46580696e-02 2.78654614e-04 8.23582187e-04
9.50660087e-02 -1.60651713e-03 8.29758704e-04
9.54739468e-02 -6.78518959e-04 8.41677890e-04
9.58818840e-02 8.46314713e-04 7.91741747e-04
9.62898203e-02 -6.96708360e-05 7.96808493e-04
9.66977557e-02 -3.32640526e-04 8.06725648e-04
9.71056902e-02 1.17831982e-03 7.98374460e-04
9.75136237e-02 -3.30768650e-04 7.85325382e-04
9.79215564e-02 -1.12382450e-03 7.77930321e-04
9.83294881e-02 1.23750261e-03 7.67048167e-04
9.87374188e-02 1.11670444e-03 7.72290494e-04
9.91453487e-02 -7.98957064e-05 7.55276922e-04
9.95532775e-02 -3.72497830e-06 7.77130337e-04
9.99612055e-02 3.59040932e-04 7.54882633e-04
1.00369132e-01 3.15899691e-04 7.60590586e-04
1.00777059e-01 2.31619185e-05 7.78828303e-04
1.01184984e-01 -4.90901995e-04 7.63676239e-04
1.01592908e-01 -1.00368592e-03 7.44057576e-04
1.02000831e-01 -7.36543377e-04 7.52236209e-04
1.02408753e-01 1.16490957e-03 7.44865152e-04
1.02816674e-01 8.36987584e-04 7.57749686e-04
1.03224595e-01 4.26313146e-04 7.27223436e-04
1.03632514e-01 5.37009138e-04 7.40199785e-04
1.04040432e-01 -4.26918676e-04 7.45831269e-04
1.04448349e-01 9.04814404e-04 7.49852061e-04
1.04856266e-01 -3.71435288e-04 7.49691044e-04
1.05264181e-01 4.98991693e-05 7.34259692e-04
1.05672095e-01 -1.03547904e-03 7.48769827e-04
1.06080009e-01 2.22034333e-04 7.60985752e-04
1.06487921e-01 2.40334063e-04 7.38507719e-04
1.06895832e-01 2.67601306e-04 7.49765947e-04
1.07303743e-01 1.52539050e-05 7.28734593e-04
1.07711652e-01 7.56800766e-05 7.70069389e-04
1.08119560e-01 2.39257120e-03 7.64217690e-04
1.08527467e-01 -2.79004406e-04 7.29060668e-04
1.08935374e-01 -3.78686656e-04 7.38361516e-04
1.09343279e-01 9.63554068e-04 7.60795010e-04
1.09751183e-01 -1.33567722e-04 7.41306582e-04
1.10159086e-01 -2.61633791e-04 7.24211080e-04
1.10566988e-01 -7.47728009e-04 7.17056222e-04
1.10974889e-01 1.65608121e-03 7.27406204e-04
1.11382789e-01 1.03549658e-04 7.26438529e-04
1.11790688e-01 1.36095891e-04 7.23603877e-04
1.12198586e-01 -7.57900372e-04 7.20415748e-04
1.12606482e-01 3.06258105e-05 7.17997113e-04
1.13014378e-01 1.13006166e-03 7.37997996e-04
1.13422273e-01 -1.29036792e-03 7.12015969e-04
1.13830166e-01 -2.82823630e-04 7.58916988e-04
1.14238059e-01 -1.42002710e-04 7.40998141e-04
1.14645950e-01 -1.73429181e-04 7.22621894e-04
1.15053840e-01 4.25140310e-04 7.42152251e-04
1.15461730e-01 -4.29754222e-04 7.20254528e-04
1.15869618e-01 -3.92017707e-04 7.56806356e-04
1.16277505e-01 1.90970355e-04 7.64313118e-04
1.16685391e-01 5.71993317e-04 7.61873129e-04
1.17093275e-01 -7.75389148e-04 7.48222843e-04
1.17501159e-01 -1.91700611e-04 7.47496048e-04
1.17909042e-01 -1.11534279e-03 7.18051280e-04
1.18316923e-01 2.82133631e-04 7.20815107e-04
1.18724803e-01 -7.37485825e-04 7.09015992e-04
1.19132683e-01 -4.48309511e-05 7.09198427e-04
1.19540561e-01 1.68580586e-04 6.93731358e-04
1.19948438e-01 8.58208083e-05 7.02336594e-04
1.20356313e-01 1.75116031e-04 6.89201026e-04
1.20764188e-01 1.88814699e-05 6.95076096e-04
1.21172062e-01 2.95457076e-04 7.05069648e-04
1.21579934e-01 -6.13277928e-04 6.88464186e-04
1.21987805e-01 7.16169274e-04 6.80874638e-04
1.22395675e-01 4.81594443e-05 6.88157001e-04
1.22803544e-01 -4.30470947e-04 6.85114990e-04
1.23211412e-01 1.51584303e-03 6.97425188e-04
1.23619278e-01 8.73716065e-04 6.93675507e-04
1.24027144e-01 5.80877873e-04 6.74830539e-04
1.24435008e-01 -4.55499856e-04 6.94410207e-04
1.24842871e-01 -3.50582456e-04 6.80459298e-04
1.25250733e-01 -3.79128104e-04 6.77625231e-04
1.25658594e-01 -9.04014351e-05 6.71670892e-04
1.26066453e-01 1.43916792e-03 6.74251082e-04
1.26474311e-01 8.61430184e-04 6.80805331e-04
1.26882168e-01 1.48580939e-04 6.83702551e-04
1.27290024e-01 -9.30224782e-05 6.73771680e-04
1.27697879e-01 1.48421545e-03 6.78744362e-04
1.28105732e-01 1.04465127e-04 6.52574521e-04
1.28513585e-01 1.24990770e-04 6.62855329e-04
1.28921436e-01 1.03444145e-04 6.51018503e-04
1.29329285e-01 6.89803414e-04 6.54377494e-04
1.29737134e-01 -4.94178378e-04 6.53306529e-04
1.30144981e-01 -3.31165057e-04 6.48074656e-04
1.30552828e-01 -7.04663803e-04 6.73640652e-04
1.30960672e-01 4.78410685e-04 6.43724139e-04
1.31368516e-01 1.83374985e-04 6.55446848e-04
1.31776358e-01 5.46733192e-04 6.56710881e-04
1.32184200e-01 5.95551824e-04 6.48287222e-04
1.32592039e-01 9.22050829e-04 6.76591403e-04
1.32999878e-01 -9.54977526e-04 6.31440449e-04
1.33407715e-01 1.89536187e-04 6.56444353e-04
1.33815552e-01 -6.24099163e-04 6.27676983e-04
1.34223386e-01 8.76283362e-04 6.47267041e-04
1.34631220e-01 1.61018891e-04 6.36327170e-04
1.35039052e-01 3.51048127e-04 6.47009496e-04
1.35446883e-01 3.05319165e-04 6.36409484e-04
1.35854713e-01 5.91192438e-04 6.36549490e-04
1.36262541e-01 5.39664252e-04 6.45155849e-04
1.36670368e-01 1.31265762e-04 6.48658767e-04
1.37078194e-01 1.01679292e-03 6.35805603e-04
1.37486019e-01 1.10492279e-03 6.50727243e-04
1.37893842e-01 -4.83593960e-04 6.25840698e-04
1.38301664e-01 -4.48224803e-04 6.18574233e-04
1.38709485e-01 -4.36734521e-04 6.21410883e-04
1.39117304e-01 2.67386053e-04 6.41779771e-04
1.39525122e-01 -3.75147074e-04 6.31293429e-04
1.39932939e-01 -5.08479442e-04 6.06178383e-04
1.40340754e-01 -5.16953117e-04 6.25247667e-04
1.40748568e-01 5.48501991e-04 6.12154471e-04
1.41156381e-01 -4.26857652e-04 5.98253812e-04
1.41564192e-01 9.43384597e-04 6.29212758e-04
1.41972002e-01 1.57297781e-03 6.16714059e-04
1.42379811e-01 8.61588674e-04 6.34504127e-04
1.42787618e-01 5.07374053e-04 6.18585619e-04
1.43195424e-01 8.81310801e-04 6.36323675e-04
1.43603228e-01 3.41672665e-04 6.30758733e-04
1.44011032e-01 -1.81015146e-04 6.20240103e-04
1.44418833e-01 8.75828790e-04 6.19847482e-04
1.44826634e-01 -2.66862313e-05 6.18222612e-04
1.45234433e-01 -4.30787770e-04 6.12157988e-04
1.45642231e-01 4.61008734e-04 6.28279363e-04
1.46050027e-01 1.38074768e-03 6.32742560e-04
1.46457822e-01 -1.04599300e-04 6.36719847e-04
1.46865616e-01 5.19692662e-04 6.36439282e-04
1.47273408e-01 4.17804640e-04 6.35439360e-04
1.47681199e-01 3.10002293e-04 6.25417212e-04
1.48088988e-01 -1.25050394e-03 6.17944120e-04
1.48496776e-01 1.41289733e-04 6.52023340e-04
1.48904563e-01 -1.12463874e-04 6.31321288e-04
1.49312348e-01 2.82641104e-04 6.11349093e-04
1.49720132e-01 -6.38353964e-05 6.04821526e-04
1.50127914e-01 -6.65801801e-04 6.11964722e-04
1.50535695e-01 9.83359105e-04 6.00802072e-04
1.50943474e-01 2.27505957e-04 6.14587555e-04
1.51351252e-01 6.31614858e-04 6.07843541e-04
1.51759029e-01 5.45020469e-04 6.18698638e-04
1.52166804e-01 -1.23942861e-04 6.22172031e-04
1.52574578e-01 -1.46686922e-04 5.77340615e-04
1.52982350e-01 -1.04475248e-03 5.96737741e-04
1.53390121e-01 3.99038628e-04 5.93500157e-04
1.53797890e-01 4.35821378e-05 6.09310781e-04
1.54205658e-01 -3.47788718e-04 6.10100276e-04
1.54613425e-01 9.08285201e-04 6.02867275e-04
1.55021190e-01 -5.33717882e-04 5.84889359e-04
1.55428953e-01 -6.02490895e-04 5.79605461e-04
1.55836716e-01 -5.73259775e-04 5.95706398e-04
1.56244476e-01 4.44878841e-04 5.95641797e-04
1.56652235e-01 -2.25718590e-04 5.94405511e-04
1.57059993e-01 6.59834000e-04 5.89176725e-04
1.57467749e-01 -2.60496735e-04 5.82865993e-04
1.57875504e-01 5.52403629e-04 5.93167373e-04
1.58283257e-01 3.44453514e-04 5.75452377e-04
1.58691008e-01 4.20413682e-05 5.71231533e-04
1.59098758e-01 -8.67252116e-04 5.78445998e-04
1.59506507e-01 6.29149093e-05 5.74341417e-04
1.59914254e-01 5.22596516e-04 5.81272368e-04
1.60322000e-01 -7.35324425e-05 5.67962982e-04
1.60729744e-01 -1.50725160e-04 5.65154893e-04
1.61137486e-01 -1.27393945e-05 5.88057758e-04
1.61545228e-01 5.65225078e-04 5.66262631e-04
1.61952967e-01 2.63830925e-04 5.65670243e-04
1.62360705e-01 9.21236130e-04 5.90120465e-04
1.62768441e-01 2.03088315e-04 5.72896545e-04
1.63176176e-01 7.89639022e-04 5.62241339e-04
1.63583910e-01 8.00778830e-05 5.86077313e-04
1.63991641e-01 1.97775092e-04 5.61019969e-04
1.64399372e-01 1.07769581e-03 5.69203027e-04
1.64807100e-01 -3.03051596e-04 5.53311004e-04
1.65214827e-01 -4.31026411e-06 5.59092180e-04
1.65622553e-01 -2.12027101e-04 5.59752742e-04
1.66030277e-01 4.79109499e-04 5.75009164e-04
1.66437999e-01 3.18736203e-05 5.79565434e-04
1.66845720e-01 -7.99691921e-04 5.53284838e-04
1.67253439e-01 3.54831796e-04 5.69574978e-04
1.67661157e-01 1.92159177e-04 5.48116897e-04
1.68068873e-01 5.06611616e-04 5.55165829e-04
1.68476588e-01 2.49495106e-04 5.58029321e-04
1.68884301e-01 -3.48666224e-04 5.50326381e-04
1.69292012e-01 4.16009202e-04 5.50003882e-04
1.69699721e-01 3.17920367e-05 5.39453596e-04
1.70107430e-01 8.13492889e-04 5.51851571e-04
1.70515136e-01 7.16669538e-04 5.46700620e-04
1.70922841e-01 9.49974351e-05 5.66495375e-04
1.71330544e-01 4.61365769e-04 5.41013829e-04
1.71738246e-01 1.18924267e-04 5.42775383e-04
1.72145946e-01 -3.96985142e-04 5.44097129e-04
1.72553644e-01 1.21211694e-04 5.52891820e-04
1.72961341e-01 3.27974667e-04 5.48155527e-04
1.73369036e-01 2.69817111e-04 5.31940975e-04
1.73776729e-01 4.10656402e-04 5.37689668e-04
1.74184421e-01 1.99218407e-04 5.48385939e-04
1.74592111e-01 3.59747236e-06 5.47021465e-04
1.74999799e-01 4.49235829e-04 5.31704415e-04
1.75407486e-01 5.40234723e-04 5.50600891e-04
1.75815171e-01 2.15304589e-04 5.48943353e-04
1.76222855e-01 6.36016063e-04 5.38727907e-04
1.76630537e-01 -6.69718615e-04 5.37733683e-04
1.77038217e-01 1.09986438e-03 5.43757872e-04
1.77445895e-01 3.00309366e-04 5.32994415e-04
1.77853572e-01 6.79439148e-04 5.56566111e-04
1.78261247e-01 -2.02690741e-04 5.33373257e-04
1.78668921e-01 -7.70899320e-04 5.35728970e-04
1.79076592e-01 4.09057052e-05 5.34929994e-04
1.79484262e-01 1.89529752e-04 5.30030828e-04
1.79891931e-01 2.12106282e-04 5.34586578e-04
1.80299597e-01 4.50035383e-05 5.33679639e-04
1.80707262e-01 1.56664448e-04 5.33049052e-04
1.81114925e-01 -6.44061846e-04 5.22174643e-04
1.81522587e-01 8.34083234e-04 5.23039221e-04
1.81930247e-01 6.63249179e-04 5.18659958e-04
1.82337905e-01 9.37558940e-05 5.27256409e-04
1.82745561e-01 -7.44456481e-04 5.23070861e-04
1.83153215e-01 6.03571663e-04 5.26324700e-04
1.83560868e-01 -2.83167593e-04 5.20808684e-04
1.83968519e-01 -1.48699781e-04 5.05425992e-04
1.84376169e-01 -8.14497088e-04 5.22214525e-04
1.84783816e-01 2.09723144e-04 5.08314822e-04
1.85191462e-01 8.61129589e-04 5.15924199e-04
1.85599106e-01 7.88122932e-05 5.17197538e-04
1.86006749e-01 -4.39818052e-04 5.19407419e-04
1.86414389e-01 9.55873759e-04 5.19032823e-04
1.86822028e-01 2.97178200e-04 5.19319493e-04
1.87229665e-01 5.15280675e-04 5.12683045e-04
1.87637300e-01 2.02316933e-04 5.09014224e-04
1.88044934e-01 3.84249988e-06 5.11452793e-04
1.88452566e-01 6.87910121e-04 5.12205177e-04
1.88860195e-01 2.27098466e-04 5.12814341e-04
1.89267824e-01 -6.31745681e-04 5.08972148e-04
1.89675450e-01 -3.08609679e-04 5.07193735e-04
1.90083074e-01 3.26881141e-04 5.00371591e-04
1.90490697e-01 -3.02918930e-04 4.96512857e-04
1.90898318e-01 3.34521380e-05 5.14915224e-04
1.91305937e-01 1.02809535e-03 4.98471237e-04
1.91713555e-01 2.19571956e-04 4.99724109e-04
1.92121170e-01 9.07585588e-05 5.00701822e-04
1.92528784e-01 -1.61935877e-04 5.06046644e-04
1.92936396e-01 -4.43189028e-04 5.04794675e-04
1.93344006e-01 1.07835948e-03 5.17359782e-04
1.93751614e-01 -1.82567420e-05 5.08822264e-04
1.94159220e-01 2.85601224e-04 5.03156543e-04
1.94566825e-01 1.40361778e-03 5.09625687e-04
1.94974427e-01 3.70103946e-04 5.05876240e-04
1.95382028e-01 -2.42974384e-04 5.01224135e-04
1.95789627e-01 -2.21878772e-05 5.09478535e-04
1.96197224e-01 4.02532364e-04 4.96148672e-04
1.96604820e-01 8.17098754e-05 4.94475639e-04
1.97012413e-01 4.95293163e-04 4.91138103e-04
1.97420005e-01 7.30736541e-04 4.96028765e-04
1.97827594e-01 -5.40993195e-04 5.05568676e-04
1.98235182e-01 7.48738538e-05 5.05932152e-04
1.98642768e-01 1.50054097e-04 5.07077198e-04
1.99050352e-01 3.16931710e-04 5.07823295e-04
1.99457934e-01 -1.74822683e-04 4.98974740e-04
1.99865514e-01 -2.72241495e-04 5.00270617e-04
2.00273093e-01 1.25277973e-03 5.18783585e-04
2.00680669e-01 1.04325049e-03 5.15532242e-04
2.01088244e-01 -6.33670956e-05 5.15405058e-04
2.01495816e-01 6.86236834e-04 5.05890612e-04
2.01903387e-01 -4.38590652e-04 4.96490135e-04
2.02310956e-01 1.20214772e-04 5.01524983e-04
2.02718523e-01 -1.95957050e-04 5.06943621e-04
2.03126088e-01 5.68611472e-05 5.14731324e-04
2.03533651e-01 9.10831688e-04 5.10295680e-04
2.03941212e-01 8.00047529e-04 5.07690483e-04
2.04348771e-01 7.26517361e-04 5.08457034e-04
2.04756329e-01 1.39891963e-04 5.00684941e-04
2.05163884e-01 5.61359623e-05 5.06967919e-04
2.05571438e-01 -1.78377494e-04 5.04224136e-04
2.05978989e-01 -5.55662173e-05 4.95013496e-04
2.06386539e-01 -2.41029039e-04 4.87635885e-04
2.06794086e-01 1.11516192e-03 4.90650405e-04
2.07201632e-01 5.73106863e-04 4.93914353e-04
2.07609175e-01 9.87109739e-04 5.01038246e-04
2.08016717e-01 -4.80292260e-04 4.93052040e-04
2.08424257e-01 4.86009968e-04 4.88153564e-04
2.08831794e-01 3.88701099e-04 4.84877306e-04
2.09239330e-01 3.25357148e-04 4.78555794e-04
2.09646864e-01 -4.14936865e-04 4.86300059e-04
2.10054396e-01 -2.67321686e-04 4.71240879e-04
2.10461925e-01 1.36797072e-04 4.85894416e-04
2.10869453e-01 9.04542389e-04 4.83879663e-04
2.11276979e-01 -5.98395191e-05 4.83324530e-04
2.11684503e-01 4.44778724e-04 4.87578375e-04
2.12092025e-01 6.80070295e-04 4.76252187e-04
2.12499544e-01 -2.41097515e-04 4.76176442e-04
2.12907062e-01 1.23814248e-03 4.83121320e-04
2.13314578e-01 -1.66489872e-04 4.74554707e-04
2.13722092e-01 1.11887319e-04 4.85947847e-04
2.14129603e-01 4.45527408e-04 4.86185447e-04
2.14537113e-01 -1.07607422e-03 4.86722942e-04
2.14944621e-01 1.18076798e-04 4.72772863e-04
2.15352126e-01 -6.62105515e-04 4.71926900e-04
2.15759630e-01 3.86117542e-04 4.69544356e-04
2.16167131e-01 3.37161881e-04 4.74779592e-04
2.16574631e-01 -3.88585966e-04 4.58721733e-04
2.16982128e-01 6.61690851e-04 4.70483272e-04
2.17389624e-01 -3.68785989e-04 4.67707225e-04
2.17797117e-01 -2.75837367e-04 4.74188576e-04
2.18204608e-01 1.66593114e-04 4.76075530e-04
2.18612098e-01 5.29399307e-04 4.76213500e-04
2.19019585e-01 7.64689520e-05 4.66405328e-04
2.19427070e-01 1.14590948e-05 4.67467983e-04
2.19834553e-01 -3.01772453e-04 4.56495315e-04
2.20242034e-01 -1.75691350e-04 4.63909993e-04
2.20649512e-01 7.52294414e-04 4.67578183e-04
2.21056989e-01 -2.36767567e-04 4.65729501e-04
2.21464464e-01 3.68247873e-04 4.67066285e-04
2.21871936e-01 -5.09313116e-04 4.64874171e-04
2.22279407e-01 6.04015509e-04 4.68605431e-04
2.22686875e-01 1.32438109e-05 4.67165834e-04
2.23094341e-01 -4.67553310e-04 4.55170864e-04
2.23501805e-01 9.65366896e-05 4.58465031e-04
2.23909267e-01 -3.17824954e-04 4.62924139e-04
2.24316727e-01 -1.16391503e-04 4.58396941e-04
2.24724185e-01 -1.40096597e-04 4.53903197e-04
2.25131641e-01 -2.04274293e-04 4.72877519e-04
2.25539094e-01 6.53492440e-04 4.53439904e-04
2.25946545e-01 2.35896005e-04 4.67584807e-04
2.26353995e-01 6.02115757e-04 4.57511646e-04
2.26761442e-01 -2.26845314e-04 4.51078334e-04
2.27168887e-01 5.27078192e-05 4.49833372e-04
2.27576329e-01 1.86694788e-04 4.52516070e-04
2.27983770e-01 2.13654714e-04 4.62563727e-04
2.28391208e-01 7.84062585e-04 4.54112109e-04
2.28798645e-01 3.88213406e-04 4.57594889e-04
2.29206079e-01 -9.60146213e-05 4.59435623e-04
2.29613511e-01 4.37026004e-04 4.57348394e-04
2.30020941e-01 -4.62645777e-04 4.62031192e-04
2.30428368e-01 9.87121614e-04 4.69690722e-04
2.30835794e-01 -8.84810443e-05 4.60557733e-04
2.31243217e-01 -5.63628602e-04 4.62793846e-04
2.31650638e-01 -1.01051913e-04 4.61686553e-04
2.32058057e-01 -9.02590325e-05 4.67066800e-04
2.32465473e-01 -1.89548524e-04 4.61812577e-04
2.32872888e-01 2.43689981e-04 4.60751997e-04
2.33280300e-01 -6.13581955e-05 4.64796829e-04
2.33687710e-01 -4.85025106e-04 4.62235565e-04
2.34095118e-01 2.95776851e-04 4.58701308e-04
2.34502524e-01 -6.30069359e-04 4.62359835e-04
2.34909927e-01 -4.46583002e-04 4.63485841e-04
2.35317328e-01 2.83913182e-05 4.66237070e-04
2.35724727e-01 -6.92307970e-04 4.62407805e-04
2.36132124e-01 -3.85817671e-05 4.58101681e-04
2.36539518e-01 -4.54419335e-04 4.61057558e-04
2.36946911e-01 6.39478157e-04 4.53031216e-04
2.37354301e-01 8.45881470e-04 4.56140737e-04
2.37761688e-01 -3.91311166e-04 4.48803059e-04
2.38169074e-01 -3.09140251e-04 4.48639437e-04
2.38576457e-01 -1.55506548e-04 4.56721225e-04
2.38983838e-01 2.13910323e-04 4.53913026e-04
2.39391217e-01 2.08893819e-04 4.39200136e-04
2.39798593e-01 1.03472548e-04 4.46544093e-04
2.40205967e-01 -3.92268263e-04 4.51065646e-04
2.40613339e-01 -1.23708936e-04 4.46826145e-04
2.41020709e-01 -1.27816426e-04 4.52252436e-04
2.41428076e-01 -1.29929081e-04 4.48606791e-04
2.41835441e-01 -2.39355311e-05 4.46632014e-04
2.42242804e-01 -3.31176025e-04 4.30290268e-04
2.42650165e-01 2.21068241e-04 4.48209708e-04
2.43057523e-01 -5.68858201e-04 4.36665961e-04
2.43464879e-01 2.03414502e-04 4.34304431e-04
2.43872232e-01 -2.61024594e-04 4.40909443e-04
2.44279584e-01 -3.57151405e-04 4.33190861e-04
2.44686933e-01 -2.82367719e-04 4.35160973e-04
2.45094279e-01 -1.57999301e-04 4.30879227e-04
2.45501624e-01 5.92600368e-04 4.45852753e-04
2.45908966e-01 -1.92085798e-05 4.34942184e-04
2.46316305e-01 3.11686759e-04 4.27625459e-04
2.46723643e-01 -2.33577960e-05 4.40887210e-04
2.47130978e-01 8.03815427e-04 4.39439267e-04
2.47538310e-01 -6.66162587e-04 4.29298367e-04
2.47945641e-01 -1.07688995e-04 4.30027624e-04
2.48352969e-01 6.35541933e-04 4.37737636e-04
2.48760294e-01 -1.10604306e-04 4.39454414e-04
2.49167618e-01 -3.46052510e-05 4.35335920e-04
2.49574939e-01 -2.06984730e-05 4.33893796e-04
2.49982257e-01 2.01705255e-04 4.30498615e-04
2.50389573e-01 2.92887563e-04 4.20199626e-04
2.50796887e-01 5.94494316e-04 4.28957225e-04
2.51204199e-01 1.33968202e-04 4.37120769e-04
2.51611508e-01 4.75718804e-04 4.28812189e-04
2.52018815e-01 4.84509739e-04 4.27717385e-04
2.52426119e-01 1.88989259e-04 4.27367174e-04
2.52833421e-01 8.51218766e-04 4.32674759e-04
2.53240720e-01 -9.14416473e-05 4.23384725e-04
2.53648017e-01 5.44892318e-05 4.20520449e-04
2.54055312e-01 -4.92847237e-04 4.20294829e-04
2.54462605e-01 4.07411501e-05 4.27720446e-04
2.54869894e-01 2.57192721e-04 4.28537106e-04
2.55277182e-01 1.06646206e-04 4.26619197e-04
2.55684467e-01 6.07693545e-04 4.30028193e-04
2.56091750e-01 -6.72380021e-06 4.18247276e-04
2.56499030e-01 -1.07619044e-04 4.23901904e-04
2.56906308e-01 1.32189604e-04 4.25303776e-04
2.57313583e-01 9.50459040e-06 4.20006613e-04
2.57720856e-01 1.01110845e-03 4.31744015e-04
2.58128127e-01 -3.90147613e-04 4.16206305e-04
2.58535395e-01 -5.35804541e-04 4.14863122e-04
2.58942661e-01 3.07845574e-04 4.21972953e-04
2.59349924e-01 -6.85837875e-05 4.25202545e-04
2.59757184e-01 -3.84555188e-04 4.14585947e-04
2.60164443e-01 -1.18950985e-04 4.19752835e-04
2.60571699e-01 2.96411251e-04 4.20141549e-04
2.60978952e-01 -2.90192394e-04 4.26604886e-04
2.61386203e-01 -3.97858962e-04 4.19637331e-04
2.61793451e-01 4.52015933e-04 4.23318210e-04
2.62200697e-01 -5.22762481e-04 4.07914732e-04
2.62607941e-01 -3.00983121e-04 4.16196867e-04
2.63015182e-01 7.14086141e-05 4.13942599e-04
2.63422420e-01 5.93593185e-04 4.15309994e-04
2.63829656e-01 -6.87654942e-04 4.13401204e-04
2.64236890e-01 -6.81232360e-05 4.16334013e-04
2.64644121e-01 -2.97028837e-04 4.13692942e-04
2.65051349e-01 -2.46038118e-05 4.14282247e-04
2.65458575e-01 5.98257522e-04 4.13228269e-04
2.65865799e-01 8.43888767e-05 4.05601542e-04
2.66273019e-01 2.98150745e-04 4.12011366e-04
2.66680238e-01 9.29313134e-04 4.11770895e-04
2.67087454e-01 1.15520511e-04 4.10336390e-04
2.67494667e-01 2.11434990e-04 4.09164071e-04
2.67901878e-01 3.35022004e-04 4.01121005e-04
2.68309086e-01 -1.21425048e-04 4.07435845e-04
2.68716292e-01 -2.32145963e-05 4.00574198e-04
2.69123495e-01 2.22784571e-04 4.07719064e-04
2.69530696e-01 -7.33873513e-04 4.02127594e-04
2.69937894e-01 -2.60400327e-04 4.08082854e-04
2.70345090e-01 1.54893954e-04 4.11984923e-04
2.70752283e-01 4.03368013e-05 4.06525604e-04
2.71159473e-01 -6.29229907e-04 3.99477133e-04
2.71566661e-01 8.40800916e-04 4.12450952e-04
2.71973847e-01 -1.89395735e-06 4.10473762e-04
2.72381030e-01 1.34238067e-04 4.01082441e-04
2.72788210e-01 8.31652887e-04 4.15598429e-04
2.73195387e-01 6.89538119e-04 4.09113855e-04
2.73602562e-01 -1.34696433e-05 4.00542453e-04
2.74009735e-01 1.44580837e-04 3.99599268e-04
2.74416905e-01 3.70100211e-04 4.07624891e-04
2.74824072e-01 6.94858379e-04 4.01117549e-04
2.75231237e-01 -2.01813493e-04 3.90270715e-04
2.75638399e-01 -4.06845903e-04 3.98010702e-04
2.76045558e-01 2.84562945e-04 4.00005590e-04
2.76452715e-01 1.63827391e-04 3.99895130e-04
2.76859869e-01 -6.74097169e-04 3.98784495e-04
2.77267021e-01 -2.67850534e-04 3.91374052e-04
2.77674170e-01 4.45784032e-04 3.92875413e-04
2.78081316e-01 7.19302297e-05 3.91451671e-04
2.78488460e-01 1.97997411e-04 3.91515538e-04
2.78895601e-01 4.51255206e-04 3.99321132e-04
2.79302740e-01 3.33777073e-04 3.89888018e-04
2.79709875e-01 1.69858012e-04 3.93674311e-04
2.80117009e-01 1.34371650e-04 3.91141457e-04
2.80524139e-01 1.30852146e-04 3.93246033e-04
2.80931267e-01 -5.25873498e-04 3.89781322e-04
2.81338392e-01 6.00011800e-05 3.96779576e-04
2.81745515e-01 -7.67836792e-05 3.92867256e-04
2.82152635e-01 1.16865897e-04 3.97762829e-04
2.82559752e-01 -4.74762393e-05 3.92047863e-04
2.82966866e-01 -2.30348616e-04 3.87370837e-04
2.83373978e-01 3.34606111e-04 3.86819142e-04
2.83781088e-01 1.62894084e-04 3.90876109e-04
2.84188194e-01 -9.83825886e-05 3.95140988e-04
2.84595298e-01 -9.18767784e-04 3.97965600e-04
2.85002399e-01 -6.77835316e-04 3.90186774e-04
2.85409497e-01 9.51285189e-04 3.93556010e-04
2.85816593e-01 6.15732842e-04 3.93596479e-04
2.86223686e-01 -4.31564702e-05 4.04033192e-04
2.86630777e-01 8.21557366e-05 3.99826402e-04
2.87037864e-01 1.65763251e-04 3.95724090e-04
2.87444949e-01 2.66165903e-04 4.03861457e-04
2.87852031e-01 7.36683123e-04 4.04172371e-04
2.88259111e-01 -1.05544019e-04 3.87989682e-04
2.88666188e-01 -1.51477751e-04 3.89707244e-04
2.89073262e-01 1.36372848e-04 3.99010026e-04
2.89480333e-01 -8.40111698e-06 3.86649778e-04
2.89887401e-01 9.01527938e-04 4.07259258e-04
2.90294467e-01 -1.79282484e-05 4.00750173e-04
2.90701530e-01 3.49393342e-05 3.98131932e-04
2.91108591e-01 -2.92598872e-04 3.91625040e-04
2.91515648e-01 1.28951532e-05 3.94206309e-04
2.91922703e-01 -1.81782740e-04 3.96798532e-04
2.92329755e-01 1.46348911e-04 3.96923104e-04
2.92736804e-01 2.59192058e-04 3.89887360e-04
2.93143851e-01 -7.50724937e-04 3.84730661e-04
2.93550895e-01 2.09306309e-05 3.88131132e-04
2.93957936e-01 5.50558801e-04 3.97086846e-04
2.94364974e-01 5.86984629e-05 3.96735132e-04
2.94772009e-01 -1.87270425e-05 3.99392762e-04
2.95179042e-01 2.82478582e-04 3.93839646e-04
2.95586072e-01 9.59332315e-05 3.93221594e-04
2.95993099e-01 3.42760000e-04 3.97160486e-04
2.96400123e-01 5.26232618e-04 3.95459741e-04
2.96807145e-01 -3.89600599e-04 3.84294601e-04
2.97214163e-01 3.53365238e-05 3.87677069e-04
2.97621179e-01 -1.45526355e-04 3.98296085e-04
2.98028192e-01 -1.70606285e-04 3.90612914e-04
2.98435202e-01 2.20473165e-04 3.93024273e-04
2.98842210e-01 7.75718259e-05 3.92079396e-04
2.99249214e-01 4.54167503e-04 4.00124423e-04
2.99656216e-01 -2.72129715e-04 3.86933497e-04
3.00063215e-01 8.74789868e-05 3.87118478e-04
3.00470211e-01 2.17813422e-04 3.97644221e-04
3.00877204e-01 1.39923785e-04 4.00811212e-04
3.01284194e-01 -4.17725501e-04 4.00566987e-04
3.01691182e-01 -4.29943098e-04 3.93016048e-04
3.02098167e-01 2.79052134e-04 3.98744362e-04
3.02505149e-01 -3.96708266e-05 3.98347143e-04
3.02912128e-01 2.39175936e-04 4.00601497e-04
3.03319104e-01 6.07082576e-04 3.93243648e-04
3.03726077e-01 -1.76110715e-04 3.91079393e-04
3.04133047e-01 3.46831078e-04 3.93367340e-04
3.04540015e-01 -4.85910460e-04 3.87803739e-04
3.04946979e-01 4.02522945e-04 3.84832379e-04
3.05353941e-01 -2.23659820e-04 3.89993969e-04
3.05760900e-01 2.92746688e-04 3.97306215e-04
3.06167856e-01 -2.30791270e-04 3.90627137e-04
3.06574809e-01 -1.30010036e-03 3.90181793e-04
3.06981759e-01 2.88396593e-04 3.92880005e-04
3.07388706e-01 -2.31645475e-05 3.95211154e-04
3.07795651e-01 -2.85402513e-04 3.90444911e-04
3.08202592e-01 -1.46380773e-05 3.91803919e-04
3.08609531e-01 6.37265154e-05 3.93866676e-04
3.09016466e-01 3.84074859e-04 4.04643533e-04
3.09423399e-01 8.00580107e-04 3.94544655e-04
3.09830329e-01 4.18277793e-04 3.99393948e-04
3.10237256e-01 2.26327372e-04 3.97122518e-04
3.10644180e-01 4.74168921e-04 3.99111519e-04
3.11051101e-01 9.24746920e-04 3.98818228e-04
3.11458019e-01 8.38468509e-04 4.08130350e-04
3.11864934e-01 1.72025984e-04 4.01456518e-04
3.12271846e-01 -1.95609554e-04 3.90353996e-04
3.12678755e-01 2.20056860e-04 3.96029754e-04
3.13085661e-01 9.94147480e-05 3.97016614e-04
3.13492565e-01 -1.72181492e-04 4.00565447e-04
3.13899465e-01 -5.54412141e-05 3.98972308e-04
3.14306362e-01 -2.63828029e-04 3.96805867e-04
3.14713257e-01 2.16731584e-04 4.04187915e-04
3.15120148e-01 5.18025834e-04 4.04275876e-04
3.15527037e-01 2.18743488e-05 4.14184139e-04
3.15933922e-01 -9.80607214e-05 4.10995102e-04
3.16340805e-01 -1.16282122e-04 4.47719375e-04
3.16747684e-01 1.36742865e-04 4.93544176e-04
3.17154561e-01 3.18142214e-04 5.10660401e-04
3.17561434e-01 -9.25822678e-04 5.30654503e-04
3.17968305e-01 4.81081476e-04 5.92867538e-04
3.18375172e-01 -3.38281730e-04 6.22017752e-04
3.18782037e-01 5.60932401e-04 6.33301539e-04
3.19188898e-01 -7.40474233e-04 6.54309313e-04
3.19595757e-01 -4.42113644e-05 6.76929786e-04
3.20002612e-01 -1.07995436e-03 7.09427862e-04
3.20409465e-01 -4.94486848e-05 7.81756857e-04
3.20816314e-01 4.27313215e-04 8.24297910e-04
3.21223160e-01 2.35276444e-03 9.43649814e-04
3.21630004e-01 -5.54933373e-04 1.08714703e-03
3.22036844e-01 9.04403403e-04 1.31961234e-03
3.22443681e-01 -1.13998557e-03 1.73388175e-03
3.22850516e-01 -7.62054394e-03 3.92099916e-03
