4.08043586e-03 -7.98128023e-02 2.65397355e-02
4.48847930e-03 -8.55370717e-02 2.61261286e-02
4.89652269e-03 -4.59342319e-02 1.92807833e-02
5.30456604e-03 -4.41988161e-02 1.41451090e-02
5.71260934e-03 -4.27637761e-02 1.09833427e-02
6.12065258e-03 -3.16353930e-02 8.95758719e-03
6.52869577e-03 -2.24927703e-02 7.26511901e-03
6.93673889e-03 -1.77254340e-02 6.52176994e-03
7.34478195e-03 -1.50235999e-02 5.48211648e-03
7.75282494e-03 -1.28160445e-02 5.03332154e-03
8.16086785e-03 -1.54972952e-02 4.41108648e-03
8.56891069e-03 -7.32877013e-03 4.21497035e-03
8.97695345e-03 -7.96720281e-03 3.76227264e-03
9.38499612e-03 -7.87327222e-03 3.91201605e-03
9.79303870e-03 -4.40748986e-03 3.42261811e-03
1.02010812e-02 -6.72183915e-03 3.17617348e-03
1.06091236e-02 -1.05980378e-03 3.30799968e-03
1.10171659e-02 1.19251410e-03 3.30641289e-03
1.14252081e-02 3.26358222e-05 2.70242873e-03
1.18332501e-02 2.85350319e-03 2.85781508e-03
1.22412921e-02 -6.36419308e-04 2.58523715e-03
1.26493339e-02 -2.80711015e-03 2.42255065e-03
1.30573757e-02 2.24181519e-03 2.40600224e-03
1.34654173e-02 -5.98319567e-04 2.41413915e-03
1.38734588e-02 -1.28933002e-03 2.51418893e-03
1.42815001e-02 -9.84060571e-04 2.34114615e-03
1.46895413e-02 2.42643574e-03 2.21937503e-03
1.50975824e-02 3.91211264e-03 2.12702310e-03
1.55056233e-02 -4.44942384e-04 1.97808087e-03
1.59136641e-02 2.17788317e-03 2.11937172e-03
1.63217047e-02 2.45276345e-03 2.09421914e-03
1.67297452e-02 1.48427261e-03 2.05670566e-03
1.71377855e-02 -4.70013580e-04 1.90571408e-03
1.75458257e-02 -2.67830448e-03 1.83588430e-03
1.79538657e-02 -2.81356990e-03 1.88152423e-03
1.83619055e-02 7.12229725e-05 1.84475701e-03
1.87699451e-02 4.53461665e-04 1.94654330e-03
1.91779846e-02 7.40623904e-04 1.98215082e-03
1.95860239e-02 -1.50355728e-03 1.72357996e-03
1.99940630e-02 -2.28117677e-03 1.73171572e-03
2.04021019e-02 -1.94038175e-04 1.86514798e-03
2.08101406e-02 -7.42433019e-04 1.75910521e-03
2.12181791e-02 1.69757118e-03 1.84021683e-03
2.16262174e-02 2.23563562e-03 1.86968908e-03
2.20342555e-02 -4.63469702e-05 1.67509935e-03
2.24422934e-02 4.80292726e-05 1.73271941e-03
2.28503311e-02 -9.95207440e-04 1.74453708e-03
2.32583686e-02 -1.24188184e-03 1.73448133e-03
2.36664058e-02 6.92279960e-04 1.68353827e-03
2.40744429e-02 3.10952820e-04 1.70372300e-03
2.44824797e-02 -3.51455025e-04 1.56134690e-03
2.48905162e-02 1.02504089e-03 1.67101402e-03
2.52985525e-02 6.77933984e-04 1.75626571e-03
2.57065886e-02 1.76186101e-03 1.69662356e-03
2.61146245e-02 5.78374850e-04 1.66596419e-03
2.65226601e-02 -3.87769505e-05 1.64320266e-03
2.69306954e-02 1.93169633e-03 1.71415202e-03
2.73387305e-02 -3.48384182e-03 1.63610953e-03
2.77467653e-02 6.84046489e-04 1.57650768e-03
2.81547999e-02 -1.84214152e-03 1.68419988e-03
2.85628342e-02 -2.56795811e-03 1.58425486e-03
2.89708682e-02 -9.97364450e-04 1.64873125e-03
2.93789020e-02 2.26221203e-03 1.61743804e-03
2.97869355e-02 1.92673941e-03 1.65589956e-03
3.01949687e-02 9.64099337e-04 1.62852689e-03
3.06030016e-02 -1.40816563e-04 1.64715620e-03
3.10110342e-02 -1.61277101e-03 1.65841301e-03
3.14190665e-02 2.78401411e-03 1.61315407e-03
3.18270985e-02 1.81404258e-03 1.55559184e-03
3.22351302e-02 -8.52457117e-04 1.47313929e-03
3.26431617e-02 2.55729639e-05 1.47357576e-03
3.30511928e-02 -1.48751447e-03 1.42564223e-03
3.34592236e-02 8.30059479e-04 1.50551447e-03
3.38672540e-02 2.29999075e-03 1.39952912e-03
3.42752842e-02 1.99212050e-03 1.53714537e-03
3.46833140e-02 -1.18951882e-04 1.50668365e-03
3.50913435e-02 -3.11917100e-04 1.40195698e-03
3.54993727e-02 -1.39762101e-04 1.41675833e-03
3.59074015e-02 2.75199004e-04 1.42122206e-03
3.63154300e-02 -6.02219204e-04 1.38294802e-03
3.67234581e-02 -6.80004467e-04 1.35039854e-03
3.71314859e-02 1.39492235e-03 1.39956699e-03
3.75395134e-02 1.92767206e-03 1.33346238e-03
3.79475405e-02 1.75823830e-03 1.31615586e-03
3.83555672e-02 1.71078413e-05 1.34222625e-03
3.87635935e-02 -8.68363605e-04 1.31306709e-03
3.91716195e-02 7.02604649e-04 1.32241231e-03
3.95796452e-02 2.46395521e-03 1.31761869e-03
3.99876704e-02 -2.07336636e-03 1.30192289e-03
4.03956953e-02 1.18527066e-03 1.39454445e-03
4.08037198e-02 -1.63286758e-04 1.23032354e-03
4.12117439e-02 -5.80555237e-06 1.32099586e-03
4.16197676e-02 -4.88493075e-04 1.27442804e-03
4.20277909e-02 7.63737422e-05 1.29819328e-03
4.24358138e-02 -7.50098662e-04 1.21712494e-03
4.28438363e-02 2.53398791e-03 1.25946715e-03
4.32518584e-02 7.77542559e-04 1.21163484e-03
4.36598801e-02 -2.44520581e-03 1.17983912e-03
4.40679014e-02 6.92906902e-04 1.21007637e-03
4.44759222e-02 6.71719571e-04 1.15980362e-03
4.48839427e-02 -1.76563436e-03 1.25567856e-03
4.52919627e-02 -7.56690429e-04 1.21699230e-03
4.56999823e-02 8.40543035e-04 1.20038259e-03
4.61080014e-02 -1.33170195e-03 1.19406175e-03
4.65160201e-02 -1.20339584e-03 1.15566032e-03
4.69240384e-02 3.31232532e-04 1.18352637e-03
4.73320562e-02 -2.67416270e-04 1.15347979e-03
4.77400736e-02 -2.17191289e-03 1.11872927e-03
4.81480905e-02 1.74138843e-03 1.20769005e-03
4.85561070e-02 1.41661045e-03 1.12766188e-03
4.89641230e-02 5.36481036e-05 1.18098381e-03
4.93721385e-02 -1.40488886e-03 1.12938214e-03
4.97801536e-02 2.15722130e-03 1.18880113e-03
5.01881682e-02 2.27040366e-04 1.13880934e-03
5.05961823e-02 1.15856190e-05 1.14019268e-03
5.10041960e-02 -1.16751249e-04 1.15640497e-03
5.14122091e-02 1.16362190e-03 1.11784337e-03
5.18202218e-02 -1.37026203e-03 1.11157082e-03
5.22282340e-02 1.33457058e-03 1.12646898e-03
5.26362457e-02 8.09281135e-04 1.14121696e-03
5.30442569e-02 2.82242682e-06 1.10731091e-03
5.34522675e-02 1.83168678e-05 1.08751376e-03
5.38602777e-02 1.95972392e-03 1.05698612e-03
5.42682874e-02 -8.28255266e-04 1.11891176e-03
5.46762965e-02 -6.10714085e-05 1.10162600e-03
5.50843052e-02 -2.00823786e-03 1.04307044e-03
5.54923133e-02 2.69321886e-04 1.08562583e-03
5.59003208e-02 -1.10222387e-03 1.07064687e-03
5.63083279e-02 -6.28546834e-05 1.10872773e-03
5.67163344e-02 -2.32159113e-04 1.14983913e-03
5.71243404e-02 3.08368772e-04 1.08441410e-03
5.75323458e-02 5.11844484e-04 1.10642519e-03
5.79403507e-02 1.14160120e-03 1.12529307e-03
5.83483551e-02 1.37107863e-03 1.11241158e-03
5.87563588e-02 1.46856569e-04 1.11750745e-03
5.91643621e-02 -6.82629908e-04 1.11219941e-03
5.95723647e-02 -1.44018687e-04 1.07576938e-03
5.99803668e-02 -1.76116806e-03 1.08287645e-03
6.03883684e-02 -1.33675519e-03 1.11259636e-03
6.07963693e-02 1.87867954e-04 1.15671493e-03
6.12043697e-02 -1.69533386e-03 1.08747567e-03
6.16123695e-02 -4.93502639e-04 1.10075313e-03
6.20203687e-02 7.40358000e-04 1.09364167e-03
6.24283674e-02 -1.47265438e-03 1.08947929e-03
6.28363654e-02 1.10297998e-03 1.04763765e-03
6.32443629e-02 1.07996719e-03 1.02588169e-03
6.36523597e-02 7.31903931e-04 1.06944601e-03
6.40603559e-02 -1.03885488e-04 1.01428709e-03
6.44683516e-02 -1.90461112e-04 1.02502615e-03
6.48763466e-02 -2.24811340e-05 1.00102208e-03
6.52843410e-02 -3.00987856e-04 1.00704391e-03
6.56923348e-02 4.98150637e-04 1.01900181e-03
6.61003279e-02 1.10431597e-03 9.93817018e-04
6.65083205e-02 8.51264052e-04 9.69831756e-04
6.69163124e-02 1.75063583e-03 1.00253511e-03
6.73243036e-02 1.58918003e-03 1.01378451e-03
6.77322943e-02 -5.79861973e-04 9.72078794e-04
6.81402842e-02 -2.18201447e-04 1.00120653e-03
6.85482736e-02 -4.59702505e-04 9.78563211e-04
6.89562623e-02 -1.02117511e-03 9.73468569e-04
6.93642503e-02 1.67851241e-04 9.68871222e-04
6.97722377e-02 6.06827136e-05 9.80134959e-04
7.01802244e-02 1.02452663e-03 9.58498905e-04
7.05882105e-02 -9.12288437e-04 9.55678637e-04
7.09961958e-02 -2.82594417e-04 9.11464118e-04
7.14041805e-02 6.27437605e-04 9.23791695e-04
7.18121646e-02 7.71820670e-04 9.22338758e-04
7.22201479e-02 3.91040039e-04 9.33404315e-04
7.26281306e-02 -4.33761327e-04 9.21157512e-04
7.30361126e-02 1.83914974e-03 9.38293685e-04
7.34440938e-02 -8.14831137e-04 9.42675758e-04
7.38520744e-02 8.83451419e-06 9.31559642e-04
7.42600543e-02 9.50604105e-04 9.24115045e-04
7.46680335e-02 8.91886488e-05 9.14374545e-04
7.50760119e-02 -9.71832318e-04 8.88383277e-04
7.54839897e-02 1.03015346e-03 9.22978504e-04
7.58919667e-02 1.41162568e-03 9.24174922e-04
7.62999431e-02 -1.23809204e-03 9.26441585e-04
7.67079187e-02 -5.70885814e-04 9.25880602e-04
7.71158935e-02 -9.89507023e-04 9.32554802e-04
7.75238677e-02 3.35016151e-04 9.15508130e-04
7.79318411e-02 -1.88735833e-03 8.63130141e-04
7.83398137e-02 2.39743101e-04 8.82168755e-04
7.87477857e-02 1.67807483e-03 9.09430942e-04
7.91557568e-02 6.94809041e-04 9.04747765e-04
7.95637273e-02 -8.59909126e-05 8.65731232e-04
7.99716969e-02 -9.50310743e-04 8.74605747e-04
8.03796658e-02 4.35247698e-04 8.87424463e-04
8.07876340e-02 4.98093008e-04 8.87948230e-04
8.11956014e-02 -4.45740045e-04 8.56104364e-04
8.16035680e-02 1.47778624e-04 8.61139225e-04
8.20115338e-02 -5.86170869e-04 8.55111259e-04
8.24194989e-02 -3.16267987e-05 8.54790808e-04
8.28274631e-02 1.52751775e-04 8.73232694e-04
8.32354266e-02 -9.74724875e-04 8.73196801e-04
8.36433893e-02 -6.24970133e-04 8.51778642e-04
8.40513512e-02 -8.09174129e-04 8.44698007e-04
8.44593123e-02 -3.24715577e-04 8.57438937e-04
8.48672727e-02 -1.23336962e-03 8.18524384e-04
8.52752322e-02 7.89011855e-04 8.41405345e-04
8.56831909e-02 -1.06370478e-03 8.25738986e-04
8.60911487e-02 -8.74754113e-04 8.44702458e-04
8.64991058e-02 -5.99386499e-04 8.25469102e-04
8.69070620e-02 -5.09381693e-05 8.07163511e-04
8.73150175e-02 -7.53978238e-05 8.18787880e-04
8.77229721e-02 3.18541141e-04 8.03739048e-04
8.81309258e-02 3.74110008e-04 8.37028357e-04
8.85388787e-02 -1.83417665e-05 8.28347558e-04
8.89468308e-02 -1.29633233e-04 8.27293230e-04
8.93547821e-02 2.36240833e-04 8.11627871e-04
8.97627325e-02 2.44005623e-03 8.15031989e-04
9.01706820e-02 6.46915878e-04 8.27506063e-04
9.05786307e-02 2.06322646e-04 8.06205076e-04
9.09865785e-02 2.54503686e-04 7.85074865e-04
9.13945255e-02 -2.53776384e-04 8.01636293e-04
9.18024716e-02 9.66485276e-04 8.26527940e-04
9.22104168e-02 1.71780944e-04 8.05590732e-04
9.26183611e-02 1.88203832e-03 8.20648125e-04
9.30263046e-02 1.27865679e-04 8.11423812e-04
9.34342472e-02 4.42916773e-04 8.22923829e-04
9.38421889e-02 1.63549688e-03 8.03810276e-04
9.42501297e-02 3.24504212e-04 8.09343933e-04
9.46580696e-02 7.15639879e-05 8.27010056e-04
9.50660087e-02 7.31759960e-04 8.19622989e-04
9.54739468e-02 -1.25842893e-03 7.84079728e-04
9.58818840e-02 1.58055295e-04 7.76806143e-04
9.62898203e-02 6.38297026e-04 7.85216088e-04
9.66977557e-02 -4.34551133e-04 7.86816388e-04
9.71056902e-02 -8.69743017e-04 7.84655242e-04
9.75136237e-02 2.41462887e-03 7.99990409e-04
9.79215564e-02 -6.03743599e-04 7.81828832e-04
9.83294881e-02 1.29149769e-03 7.90014166e-04
9.87374188e-02 8.78743609e-04 7.68969621e-04
9.91453487e-02 -5.75003992e-04 7.78515202e-04
9.95532775e-02 1.28160171e-03 7.64991523e-04
9.99612055e-02 3.85038282e-04 7.66998509e-04
1.00369132e-01 3.50282482e-04 7.79875871e-04
1.00777059e-01 -9.49053697e-04 7.58892408e-04
1.01184984e-01 4.95636769e-04 7.86608941e-04
1.01592908e-01 6.61524168e-05 7.43029208e-04
1.02000831e-01 4.16283061e-04 7.34298702e-04
1.02408753e-01 -4.79143465e-04 7.37227550e-04
1.02816674e-01 -5.83973896e-05 7.45163365e-04
1.03224595e-01 1.49960763e-04 7.55425741e-04
1.03632514e-01 -1.39478415e-03 7.26047583e-04
1.04040432e-01 1.46063755e-04 7.78560229e-04
1.04448349e-01 -6.16626326e-04 7.33262527e-04
1.04856266e-01 3.76570786e-04 7.30679945e-04
1.05264181e-01 1.07185629e-03 7.53756993e-04
1.05672095e-01 8.19293960e-04 7.42943568e-04
1.06080009e-01 -1.12351396e-03 7.24428824e-04
1.06487921e-01 -2.82423554e-04 7.25329920e-04
1.06895832e-01 2.14136389e-04 7.56697521e-04
1.07303743e-01 -9.53205754e-04 7.54493508e-04
1.07711652e-01 -7.02469539e-04 7.32539872e-04
1.08119560e-01 1.27653888e-04 7.57855269e-04
1.08527467e-01 -2.71361745e-04 7.42785597e-04
1.08935374e-01 6.46895648e-04 7.53123338e-04
1.09343279e-01 1.11137856e-03 7.50186680e-04
1.09751183e-01 5.95940054e-04 7.31225325e-04
1.10159086e-01 6.63965982e-04 7.17652056e-04
1.10566988e-01 2.84406896e-05 7.05080083e-04
1.10974889e-01 5.70501521e-06 7.32100378e-04
1.11382789e-01 1.84778681e-04 7.27574633e-04
1.11790688e-01 -8.53861984e-05 7.20775909e-04
1.12198586e-01 -7.42721712e-04 7.32810346e-04
1.12606482e-01 -3.88491029e-04 7.28856663e-04
1.13014378e-01 3.67338456e-04 7.48541019e-04
1.13422273e-01 2.63034291e-04 7.28956903e-04
1.13830166e-01 -5.61501879e-04 7.33713525e-04
1.14238059e-01 1.90104689e-04 7.45127960e-04
1.14645950e-01 3.51570758e-04 7.64287304e-04
1.15053840e-01 3.89527220e-04 7.21465006e-04
1.15461730e-01 2.53449128e-04 7.41493635e-04
1.15869618e-01 1.86308702e-04 7.45358824e-04
1.16277505e-01 7.82392100e-05 7.66921550e-04
1.16685391e-01 -3.36865344e-04 7.50035805e-04
1.17093275e-01 -2.93780792e-05 7.36266255e-04
1.17501159e-01 7.55059712e-04 7.47538687e-04
1.17909042e-01 -1.04475993e-04 7.13563527e-04
1.18316923e-01 1.99762572e-03 7.57401103e-04
1.18724803e-01 1.24537942e-03 7.43213869e-04
1.19132683e-01 2.59286816e-04 7.25153419e-04
1.19540561e-01 -5.13194422e-04 7.04729657e-04
1.19948438e-01 2.72371282e-05 7.06254760e-04
1.20356313e-01 -5.63549996e-04 6.77657166e-04
1.20764188e-01 -1.42733535e-04 6.79836164e-04
1.21172062e-01 6.15974649e-04 6.79329618e-04
1.21579934e-01 -1.38656321e-03 6.78493840e-04
1.21987805e-01 -1.77737039e-05 6.95468635e-04
1.22395675e-01 -1.08960803e-03 6.77404836e-04
1.22803544e-01 -9.10850330e-04 6.69467890e-04
1.23211412e-01 1.10916758e-03 6.89189586e-04
1.23619278e-01 -2.61795079e-04 7.12843348e-04
1.24027144e-01 -3.87512827e-04 6.76660022e-04
1.24435008e-01 3.79020869e-04 6.75677057e-04
1.24842871e-01 1.46639701e-03 6.73466503e-04
1.25250733e-01 6.03247050e-04 6.83935810e-04
1.25658594e-01 4.59290644e-04 6.60441601e-04
1.26066453e-01 2.52885906e-05 6.77767386e-04
1.26474311e-01 7.53234796e-04 6.79024998e-04
1.26882168e-01 -1.15331979e-03 6.73616176e-04
1.27290024e-01 2.02754793e-04 6.63895922e-04
1.27697879e-01 -4.85495327e-04 6.72229698e-04
1.28105732e-01 3.59458503e-04 6.71611692e-04
1.28513585e-01 -2.20920828e-04 6.61612547e-04
1.28921436e-01 -1.66741864e-04 6.71235832e-04
1.29329285e-01 7.48507924e-04 6.80787491e-04
1.29737134e-01 -1.28100671e-03 6.56614675e-04
1.30144981e-01 -1.05684343e-03 6.36951610e-04
1.30552828e-01 1.37598582e-04 6.55436591e-04
1.30960672e-01 -4.13217618e-04 6.46191988e-04
1.31368516e-01 6.32745754e-04 6.35746372e-04
1.31776358e-01 4.92826360e-04 6.80244801e-04
1.32184200e-01 6.65257507e-04 6.73481771e-04
1.32592039e-01 -5.36140375e-04 6.50186466e-04
1.32999878e-01 -1.01524512e-04 6.47239506e-04
1.33407715e-01 -5.49041113e-04 6.33153554e-04
1.33815552e-01 1.29513522e-04 6.39196894e-04
1.34223386e-01 4.99522570e-04 6.36239521e-04
1.34631220e-01 -5.28207018e-04 6.21956958e-04
1.35039052e-01 -1.45977771e-03 6.58342674e-04
1.35446883e-01 1.35654808e-03 6.43899092e-04
1.35854713e-01 3.91003882e-04 6.43511284e-04
1.36262541e-01 1.00464017e-04 6.30356939e-04
1.36670368e-01 -5.62155439e-04 6.28112243e-04
1.37078194e-01 3.36012114e-04 6.43094761e-04
1.37486019e-01 -4.04372952e-04 6.30714260e-04
1.37893842e-01 5.75131965e-04 6.47343257e-04
1.38301664e-01 -1.14908056e-03 6.24626122e-04
1.38709485e-01 2.79144780e-04 6.29252604e-04
1.39117304e-01 -7.01340800e-04 6.18081067e-04
1.39525122e-01 -3.61611615e-04 6.27524183e-04
1.39932939e-01 -5.02097421e-04 6.11390371e-04
1.40340754e-01 -1.45475726e-03 6.14365112e-04
1.40748568e-01 -5.78532258e-06 6.24780105e-04
1.41156381e-01 -7.23748491e-04 6.27434872e-04
1.41564192e-01 1.19679381e-03 6.21932151e-04
1.41972002e-01 9.67375011e-04 6.31756224e-04
1.42379811e-01 -2.00840254e-04 6.06226498e-04
1.42787618e-01 -6.06125817e-04 6.31547925e-04
1.43195424e-01 2.22096256e-04 6.13752649e-04
1.43603228e-01 -3.90990430e-04 6.19958070e-04
1.44011032e-01 -4.70527312e-04 6.11720237e-04
1.44418833e-01 -5.36369881e-04 6.50540292e-04
1.44826634e-01 -3.44063031e-04 6.05870438e-04
1.45234433e-01 5.47324279e-04 6.33700318e-04
1.45642231e-01 2.15806007e-04 6.24598927e-04
1.46050027e-01 7.66760282e-05 6.28696426e-04
1.46457822e-01 -2.31622364e-04 6.35675561e-04
1.46865616e-01 -5.56504565e-04 6.19104868e-04
1.47273408e-01 -2.91018071e-04 6.39318487e-04
1.47681199e-01 -5.16205601e-04 6.26176660e-04
1.48088988e-01 -2.22997492e-04 6.36072855e-04
1.48496776e-01 5.82102516e-04 6.46808447e-04
1.48904563e-01 -2.47512549e-04 6.13322754e-04
1.49312348e-01 -7.18096481e-04 6.03037276e-04
1.49720132e-01 6.06635237e-04 6.30179502e-04
1.50127914e-01 -6.01972483e-04 6.05863216e-04
1.50535695e-01 1.57847206e-03 6.12878975e-04
1.50943474e-01 9.90221119e-04 6.11242780e-04
1.51351252e-01 3.75187046e-04 6.04590891e-04
1.51759029e-01 -1.08610285e-03 6.07978668e-04
1.52166804e-01 1.37532786e-04 6.10875439e-04
1.52574578e-01 -1.77716670e-04 5.99410504e-04
1.52982350e-01 -1.40535869e-04 6.11707386e-04
1.53390121e-01 -3.90053791e-05 6.19664287e-04
1.53797890e-01 3.64349558e-04 6.01183138e-04
1.54205658e-01 6.28170203e-04 6.16266482e-04
1.54613425e-01 -8.00466000e-04 5.86601990e-04
1.55021190e-01 2.39341343e-04 5.88146602e-04
1.55428953e-01 -7.04738030e-04 6.07459534e-04
1.55836716e-01 2.63572433e-04 6.12259491e-04
1.56244476e-01 8.98052085e-04 5.94214402e-04
1.56652235e-01 5.03586759e-04 5.87295181e-04
1.57059993e-01 4.29984479e-04 5.81389122e-04
1.57467749e-01 1.16525432e-03 5.82044524e-04
1.57875504e-01 2.61184058e-04 5.83616729e-04
1.58283257e-01 -2.52723885e-04 5.98441399e-04
1.58691008e-01 6.19849244e-04 5.65596779e-04
1.59098758e-01 -4.27382497e-04 5.65891678e-04
1.59506507e-01 -1.32641218e-05 5.72389153e-04
1.59914254e-01 -1.35924585e-04 5.77703572e-04
1.60322000e-01 -2.35706628e-04 5.77525528e-04
1.60729744e-01 3.60214409e-04 5.76640527e-04
1.61137486e-01 4.54606664e-04 5.71897803e-04
1.61545228e-01 -1.05787928e-04 5.72216625e-04
1.61952967e-01 -8.05531276e-05 5.79140047e-04
1.62360705e-01 6.47394736e-04 5.67393768e-04
1.62768441e-01 -3.38582865e-04 5.68147770e-04
1.63176176e-01 6.07386555e-04 5.80238814e-04
1.63583910e-01 2.55192829e-04 5.60851527e-04
1.63991641e-01 -1.40376741e-04 5.64719435e-04
1.64399372e-01 -2.60387135e-04 5.60309854e-04
1.64807100e-01 -2.72410068e-04 5.55744340e-04
1.65214827e-01 2.10641142e-04 5.72203009e-04
1.65622553e-01 2.16558704e-04 5.65868817e-04
1.66030277e-01 6.26257923e-04 5.79690752e-04
1.66437999e-01 -1.28477184e-03 5.56385242e-04
1.66845720e-01 5.33270632e-04 5.50603473e-04
1.67253439e-01 -3.11700819e-04 5.62756248e-04
1.67661157e-01 -4.26973615e-05 5.35370856e-04
1.68068873e-01 1.10666976e-04 5.59466784e-04
1.68476588e-01 -7.57067422e-04 5.55458796e-04
1.68884301e-01 7.04895864e-04 5.61208475e-04
1.69292012e-01 -5.74766501e-04 5.49678242e-04
1.69699721e-01 2.46022111e-04 5.55757426e-04
1.70107430e-01 -3.00492252e-05 5.36750753e-04
1.70515136e-01 -6.38312655e-05 5.42029512e-04
1.70922841e-01 -5.73444359e-04 5.49058494e-04
1.71330544e-01 -1.10980001e-03 5.47482108e-04
1.71738246e-01 3.93336641e-04 5.51596478e-04
1.72145946e-01 1.89636605e-04 5.30650051e-04
1.72553644e-01 -3.28352191e-04 5.28025487e-04
1.72961341e-01 8.55256647e-04 5.42465793e-04
1.73369036e-01 9.02350894e-04 5.49373213e-04
1.73776729e-01 5.16681715e-04 5.44394549e-04
1.74184421e-01 5.97669467e-04 5.46238663e-04
1.74592111e-01 5.51119105e-04 5.46454024e-04
1.74999799e-01 -1.28774402e-03 5.41213181e-04
1.75407486e-01 -6.66771546e-04 5.30800716e-04
1.75815171e-01 -3.59843324e-04 5.39801319e-04
1.76222855e-01 3.44905964e-04 5.34306787e-04
1.76630537e-01 1.66509366e-04 5.44483693e-04
1.77038217e-01 5.98107204e-04 5.29598848e-04
1.77445895e-01 8.82932751e-04 5.39028926e-04
1.77853572e-01 8.53217810e-04 5.44495759e-04
1.78261247e-01 -5.01509249e-04 5.34883038e-04
1.78668921e-01 -1.28002994e-04 5.34521975e-04
1.79076592e-01 -1.42557774e-04 5.43702102e-04
1.79484262e-01 1.45960860e-04 5.28675953e-04
1.79891931e-01 1.83295881e-04 5.28178914e-04
1.80299597e-01 -2.08410397e-04 5.14710353e-04
1.80707262e-01 2.76801853e-04 5.22473586e-04
1.81114925e-01 1.13911045e-04 5.28158359e-04
1.81522587e-01 2.38141467e-05 5.24774440e-04
1.81930247e-01 -2.43748681e-04 5.34038056e-04
1.82337905e-01 1.95802222e-04 5.21250762e-04
1.82745561e-01 1.67025067e-04 5.32735955e-04
1.83153215e-01 5.60125881e-04 5.25845504e-04
1.83560868e-01 9.28381262e-04 5.24702420e-04
1.83968519e-01 2.04651608e-04 5.22606700e-04
1.84376169e-01 -5.06097196e-04 5.19783398e-04
1.84783816e-01 3.71552140e-04 5.27325627e-04
1.85191462e-01 7.55029415e-04 5.15306553e-04
1.85599106e-01 2.29453264e-04 5.22034920e-04
1.86006749e-01 1.31381581e-03 5.30636871e-04
1.86414389e-01 4.07567120e-04 5.12864417e-04
1.86822028e-01 -8.38483842e-04 5.07150275e-04
1.87229665e-01 1.42642810e-03 5.22643269e-04
1.87637300e-01 -4.53704109e-04 5.21929798e-04
1.88044934e-01 -5.18511729e-04 4.99466637e-04
1.88452566e-01 -8.39931602e-05 5.05886833e-04
1.88860195e-01 -2.29706650e-04 4.99256212e-04
1.89267824e-01 -2.54445733e-04 5.07507622e-04
1.89675450e-01 -7.34813760e-05 5.08449292e-04
1.90083074e-01 -1.95955073e-04 5.06200909e-04
1.90490697e-01 -3.44837665e-04 5.06444344e-04
1.90898318e-01 -8.63468096e-04 4.97993344e-04
1.91305937e-01 -1.23484270e-03 4.92154048e-04
1.91713555e-01 3.02349047e-04 4.90373921e-04
1.92121170e-01 1.73025304e-04 4.96117007e-04
1.92528784e-01 4.72464049e-04 5.11798716e-04
1.92936396e-01 1.96653150e-04 5.05247653e-04
1.93344006e-01 -2.29677319e-04 5.02733605e-04
1.93751614e-01 -3.75010501e-04 4.95810851e-04
1.94159220e-01 -2.89341533e-05 4.96467075e-04
1.94566825e-01 -3.29731468e-04 5.05297756e-04
1.94974427e-01 8.52332691e-05 5.05976294e-04
1.95382028e-01 3.52617468e-04 5.00130895e-04
1.95789627e-01 6.29065958e-04 5.06844703e-04
1.96197224e-01 3.74738147e-04 4.94108995e-04
1.96604820e-01 -6.26025695e-04 5.02561056e-04
1.97012413e-01 -4.22416946e-04 4.92346421e-04
1.97420005e-01 4.86455577e-04 5.10979126e-04
1.97827594e-01 3.94778073e-04 5.04937630e-04
1.98235182e-01 -4.07058711e-05 5.06880357e-04
1.98642768e-01 4.77007784e-04 5.08487067e-04
1.99050352e-01 1.41783459e-04 4.99556487e-04
1.99457934e-01 1.05882616e-03 5.06376144e-04
1.99865514e-01 1.46411759e-04 4.99060786e-04
2.00273093e-01 1.09171890e-04 5.07228634e-04
2.00680669e-01 5.45862367e-04 5.07350236e-04
2.01088244e-01 1.29514709e-03 5.19647251e-04
2.01495816e-01 -2.05371355e-05 5.10780158e-04
2.01903387e-01 -4.37982450e-04 5.06684938e-04
2.02310956e-01 8.47209907e-04 5.13330495e-04
2.02718523e-01 4.40399859e-04 5.08015418e-04
2.03126088e-01 -5.62044369e-04 5.07801623e-04
2.03533651e-01 6.63037494e-04 5.22553611e-04
2.03941212e-01 4.40972569e-04 5.15831620e-04
2.04348771e-01 5.00780035e-04 5.10232520e-04
2.04756329e-01 1.99602312e-05 5.03624326e-04
2.05163884e-01 1.10336901e-03 5.17823630e-04
2.05571438e-01 2.26230604e-05 4.97850514e-04
2.05978989e-01 5.81981798e-04 5.06320757e-04
2.06386539e-01 9.14925162e-05 4.89007861e-04
2.06794086e-01 5.10877551e-04 4.85023524e-04
2.07201632e-01 -4.75021116e-04 4.85948511e-04
2.07609175e-01 7.64706146e-04 4.90661176e-04
2.08016717e-01 -4.32298221e-04 4.89260774e-04
2.08424257e-01 -4.29835004e-04 4.98869742e-04
2.08831794e-01 -1.08518941e-03 4.86353561e-04
2.09239330e-01 -1.51911514e-04 4.79709824e-04
2.09646864e-01 1.05161261e-04 4.91892023e-04
2.10054396e-01 2.36274698e-04 4.81827475e-04
2.10461925e-01 -1.33422647e-04 4.87568121e-04
2.10869453e-01 2.52172861e-04 4.85944695e-04
2.11276979e-01 1.84271818e-04 4.67500242e-04
2.11684503e-01 -5.97814603e-04 4.83850882e-04
2.12092025e-01 -5.25670488e-04 4.90729029e-04
2.12499544e-01 -9.97981111e-04 4.88524837e-04
2.12907062e-01 9.40367035e-04 4.77858594e-04
2.13314578e-01 -5.46576235e-04 4.68464121e-04
2.13722092e-01 -3.02240293e-05 4.73667035e-04
2.14129603e-01 1.06702172e-03 4.84396923e-04
2.14537113e-01 -4.10317371e-04 4.66421972e-04
2.14944621e-01 -3.80035859e-04 4.69176430e-04
2.15352126e-01 -4.12408102e-04 4.73847096e-04
2.15759630e-01 -2.84742399e-04 4.63372710e-04
2.16167131e-01 4.32495148e-04 4.82246554e-04
2.16574631e-01 9.91999959e-04 4.78352705e-04
2.16982128e-01 6.02154408e-05 4.75112159e-04
2.17389624e-01 -1.61174479e-04 4.62103275e-04
2.17797117e-01 -5.97874737e-04 4.59989076e-04
2.18204608e-01 -1.33556440e-04 4.72348900e-04
2.18612098e-01 -5.33693333e-04 4.68436193e-04
2.19019585e-01 3.76796460e-04 4.64123498e-04
2.19427070e-01 -1.12384573e-04 4.70829996e-04
2.19834553e-01 5.29706325e-04 4.73713995e-04
2.20242034e-01 1.29016271e-04 4.65591722e-04
2.20649512e-01 2.01831954e-04 4.69218186e-04
2.21056989e-01 -1.82908364e-05 4.65810022e-04
2.21464464e-01 7.71358164e-04 4.67655895e-04
2.21871936e-01 1.21254517e-04 4.76650243e-04
2.22279407e-01 -1.96392247e-04 4.59342379e-04
2.22686875e-01 6.85625488e-06 4.61482835e-04
2.23094341e-01 2.01623298e-05 4.61432312e-04
2.23501805e-01 -1.80880973e-04 4.63904202e-04
2.23909267e-01 1.04986938e-04 4.58604057e-04
2.24316727e-01 2.69915965e-04 4.65290641e-04
2.24724185e-01 3.84283638e-04 4.64962501e-04
2.25131641e-01 -1.39882468e-05 4.62842686e-04
2.25539094e-01 1.82072887e-04 4.58380227e-04
2.25946545e-01 4.31511332e-04 4.64326328e-04
2.26353995e-01 -6.06638604e-04 4.50106348e-04
2.26761442e-01 -3.31557459e-04 4.49419264e-04
2.27168887e-01 5.79539073e-04 4.72915937e-04
2.27576329e-01 5.90294299e-05 4.53446777e-04
2.27983770e-01 1.27508633e-03 4.49819774e-04
2.28391208e-01 2.73238797e-04 4.48323513e-04
2.28798645e-01 7.22280256e-05 4.57394311e-04
2.29206079e-01 -2.98080563e-04 4.66915567e-04
2.29613511e-01 1.06101154e-03 4.73036949e-04
2.30020941e-01 -3.99751840e-04 4.68318025e-04
2.30428368e-01 5.10851350e-04 4.63014043e-04
2.30835794e-01 7.71361910e-05 4.59830657e-04
2.31243217e-01 -2.17739766e-04 4.58509981e-04
2.31650638e-01 4.64111603e-04 4.64964008e-04
2.32058057e-01 -2.36910907e-04 4.55194743e-04
2.32465473e-01 4.37638261e-04 4.70258683e-04
2.32872888e-01 2.87974466e-04 4.76353034e-04
2.33280300e-01 4.98774864e-04 4.61145754e-04
2.33687710e-01 5.50779889e-04 4.64498433e-04
2.34095118e-01 5.68382370e-04 4.61770340e-04
2.34502524e-01 -1.62139588e-04 4.67951399e-04
2.34909927e-01 -3.72422881e-04 4.63787834e-04
2.35317328e-01 8.50218390e-04 4.72954033e-04
2.35724727e-01 -1.08885315e-04 4.66522292e-04
2.36132124e-01 6.34992943e-05 4.66089257e-04
2.36539518e-01 4.20825107e-04 4.59926867e-04
2.36946911e-01 5.38049306e-04 4.48316718e-04
2.37354301e-01 4.66123715e-04 4.47259067e-04
2.37761688e-01 5.11007184e-04 4.64592680e-04
2.38169074e-01 4.71179178e-04 4.49850752e-04
2.38576457e-01 9.29397744e-04 4.55312852e-04
2.38983838e-01 1.87932787e-04 4.54978510e-04
2.39391217e-01 -6.57308424e-04 4.43002632e-04
2.39798593e-01 -8.56411163e-04 4.42604429e-04
2.40205967e-01 1.07620384e-04 4.39449102e-04
2.40613339e-01 8.29002255e-04 4.47788905e-04
2.41020709e-01 3.94219895e-04 4.53592882e-04
2.41428076e-01 9.17905111e-05 4.46832955e-04
2.41835441e-01 3.35161299e-04 4.51779682e-04
2.42242804e-01 -1.82054938e-04 4.36591761e-04
2.42650165e-01 7.29685898e-04 4.53401441e-04
2.43057523e-01 -2.58045018e-04 4.51925417e-04
2.43464879e-01 1.36308618e-04 4.40080934e-04
2.43872232e-01 6.21606246e-04 4.48171092e-04
2.44279584e-01 1.26713112e-03 4.29718476e-04
2.44686933e-01 8.69436537e-04 4.36328195e-04
2.45094279e-01 3.10108519e-04 4.34450782e-04
2.45501624e-01 4.33922353e-04 4.34330678e-04
2.45908966e-01 -3.29043921e-04 4.30460810e-04
2.46316305e-01 -1.56286940e-04 4.39254938e-04
2.46723643e-01 -2.18736908e-04 4.38305594e-04
2.47130978e-01 2.09992040e-04 4.31051473e-04
2.47538310e-01 1.34271418e-04 4.37095813e-04
2.47945641e-01 3.36884144e-04 4.35263945e-04
2.48352969e-01 2.51356090e-04 4.32390915e-04
2.48760294e-01 6.06126200e-05 4.25874315e-04
2.49167618e-01 1.09826969e-04 4.29798788e-04
2.49574939e-01 2.23764318e-04 4.33473081e-04
2.49982257e-01 -2.63134808e-04 4.28269131e-04
2.50389573e-01 3.21881992e-04 4.36496461e-04
2.50796887e-01 -4.31317833e-05 4.36491531e-04
2.51204199e-01 -1.60011289e-04 4.29171550e-04
2.51611508e-01 8.16231693e-04 4.29371526e-04
2.52018815e-01 4.52001460e-04 4.33687140e-04
2.52426119e-01 3.51855739e-04 4.27834616e-04
2.52833421e-01 -9.99496823e-06 4.28199900e-04
2.53240720e-01 1.05589816e-04 4.24335951e-04
2.53648017e-01 1.62443410e-04 4.24361155e-04
2.54055312e-01 -3.89650425e-04 4.19549070e-04
2.54462605e-01 5.21148937e-04 4.30169682e-04
2.54869894e-01 1.93409991e-04 4.30578052e-04
2.55277182e-01 6.90490886e-04 4.24196710e-04
2.55684467e-01 -5.97127570e-05 4.19750785e-04
2.56091750e-01 -6.18171947e-04 4.19698982e-04
2.56499030e-01 4.06542271e-04 4.23334856e-04
2.56906308e-01 -2.02457521e-04 4.20868307e-04
2.57313583e-01 -1.30037806e-04 4.15358970e-04
2.57720856e-01 -3.38858897e-05 4.18819083e-04
2.58128127e-01 -4.14746321e-04 4.15097922e-04
2.58535395e-01 -2.56737926e-04 4.26604016e-04
2.58942661e-01 1.61956134e-04 4.20936596e-04
2.59349924e-01 1.59954559e-04 4.23157387e-04
2.59757184e-01 2.99009811e-04 4.25748611e-04
2.60164443e-01 1.71083699e-04 4.22348593e-04
2.60571699e-01 -4.91236122e-05 4.22039946e-04
2.60978952e-01 7.62593297e-04 4.18983807e-04
2.61386203e-01 -2.52200788e-04 4.18197743e-04
2.61793451e-01 4.75614804e-04 4.24455224e-04
2.62200697e-01 -1.03891814e-04 4.12739297e-04
2.62607941e-01 1.28991554e-05 4.16190841e-04
2.63015182e-01 2.17186075e-04 4.20434451e-04
2.63422420e-01 4.10984647e-04 4.19049659e-04
2.63829656e-01 2.61050154e-04 4.16853501e-04
2.64236890e-01 -3.04734491e-04 4.15584655e-04
2.64644121e-01 -3.55384968e-04 4.11890195e-04
2.65051349e-01 -9.10942101e-04 4.07331430e-04
2.65458575e-01 5.43150036e-04 4.17587507e-04
2.65865799e-01 -3.59762201e-04 4.09979762e-04
2.66273019e-01 1.12784747e-04 4.14621519e-04
2.66680238e-01 3.33682661e-04 4.20144491e-04
2.67087454e-01 1.01103382e-04 4.01021203e-04
2.67494667e-01 7.24873105e-04 4.06032908e-04
2.67901878e-01 -2.81574210e-04 3.99499177e-04
2.68309086e-01 3.52285324e-04 4.15542312e-04
2.68716292e-01 -4.10928023e-04 4.08957309e-04
2.69123495e-01 5.63229625e-04 4.09831144e-04
2.69530696e-01 -9.80171335e-06 3.98209391e-04
2.69937894e-01 6.00485198e-04 4.06778907e-04
2.70345090e-01 -3.60316412e-04 4.06223488e-04
2.70752283e-01 -4.00118056e-04 4.08368895e-04
2.71159473e-01 2.11599056e-04 4.03156275e-04
2.71566661e-01 3.02603082e-04 4.03435210e-04
2.71973847e-01 5.22684654e-04 4.07610503e-04
2.72381030e-01 9.00874995e-05 4.05655187e-04
2.72788210e-01 4.29482913e-04 4.01141304e-04
2.73195387e-01 5.96768462e-05 4.01832574e-04
2.73602562e-01 9.93298626e-05 3.98979440e-04
2.74009735e-01 2.63743367e-04 4.02711106e-04
2.74416905e-01 4.26846678e-04 3.99802836e-04
2.74824072e-01 -3.97894911e-04 3.93092512e-04
2.75231237e-01 5.78851637e-04 3.99487372e-04
2.75638399e-01 3.18524921e-04 3.94594492e-04
2.76045558e-01 -3.53956825e-04 3.98052819e-04
2.76452715e-01 -6.70828507e-04 3.96968757e-04
2.76859869e-01 -2.23559658e-04 3.96368580e-04
2.77267021e-01 -2.75684437e-04 3.98183747e-04
2.77674170e-01 4.75810003e-04 4.01534530e-04
2.78081316e-01 2.25910434e-04 4.07541016e-04
2.78488460e-01 -3.57064532e-04 3.97622902e-04
2.78895601e-01 5.83409670e-04 3.99287823e-04
2.79302740e-01 4.31312845e-04 3.98811102e-04
2.79709875e-01 1.30212297e-04 3.91152935e-04
2.80117009e-01 1.93128056e-04 3.92316683e-04
2.80524139e-01 -1.19333158e-04 3.90100353e-04
2.80931267e-01 -5.01911530e-04 3.88682370e-04
2.81338392e-01 -5.93992520e-05 3.97269337e-04
2.81745515e-01 5.49602424e-04 3.95624588e-04
2.82152635e-01 2.86216532e-04 3.94788591e-04
2.82559752e-01 -4.96495448e-04 3.93865727e-04
2.82966866e-01 -1.03028564e-04 3.91534662e-04
2.83373978e-01 5.17546356e-04 3.84855678e-04
2.83781088e-01 -2.29753217e-04 3.86759907e-04
2.84188194e-01 -2.86160880e-04 3.98761635e-04
2.84595298e-01 -1.13733144e-03 3.81153865e-04
2.85002399e-01 -5.11855032e-04 3.89719142e-04
2.85409497e-01 5.20104295e-04 3.89281493e-04
2.85816593e-01 -1.39649569e-04 3.92795029e-04
2.86223686e-01 4.05228264e-04 3.95443891e-04
2.86630777e-01 2.16525444e-04 3.98917539e-04
2.87037864e-01 1.48396218e-04 3.94671297e-04
2.87444949e-01 -2.45898191e-05 3.91896825e-04
2.87852031e-01 2.21946366e-05 3.95040472e-04
2.88259111e-01 -4.32945874e-04 3.89559913e-04
2.88666188e-01 4.50871230e-04 3.96778232e-04
2.89073262e-01 1.42136119e-04 3.98689267e-04
2.89480333e-01 -6.43632207e-04 3.91798820e-04
2.89887401e-01 2.79585474e-04 4.02152621e-04
2.90294467e-01 6.27864137e-04 4.04620522e-04
2.90701530e-01 1.64540388e-04 4.05995795e-04
2.91108591e-01 -1.61083123e-04 3.93102461e-04
2.91515648e-01 2.80281504e-04 3.93950128e-04
2.91922703e-01 3.44153336e-04 3.96329539e-04
2.92329755e-01 -1.35404104e-05 3.92431916e-04
2.92736804e-01 -4.16650047e-04 3.95475158e-04
2.93143851e-01 2.18739767e-04 3.91897048e-04
2.93550895e-01 -2.35359157e-04 3.88576005e-04
2.93957936e-01 3.96539921e-04 3.92108555e-04
2.94364974e-01 -3.63318445e-04 3.88810910e-04
2.94772009e-01 -2.30788872e-04 3.96068424e-04
2.95179042e-01 5.24328519e-04 3.86782602e-04
2.95586072e-01 -5.78574449e-04 3.88169426e-04
2.95993099e-01 -1.06036751e-04 3.97170680e-04
2.96400123e-01 -8.70051225e-04 3.91877062e-04
2.96807145e-01 7.76105125e-05 3.96446255e-04
2.97214163e-01 -6.06890906e-04 3.85399441e-04
2.97621179e-01 6.44528987e-04 3.95646740e-04
2.98028192e-01 7.23555848e-04 3.93778229e-04
2.98435202e-01 -2.21760439e-05 3.87915281e-04
2.98842210e-01 2.32836147e-04 3.96412799e-04
2.99249214e-01 -2.51572749e-04 3.90135907e-04
2.99656216e-01 -1.72195005e-04 3.94526544e-04
3.00063215e-01 -4.75152695e-04 3.94843651e-04
3.00470211e-01 2.61974023e-04 3.89463587e-04
3.00877204e-01 4.47591036e-05 3.92722550e-04
3.01284194e-01 -5.93723822e-04 3.88972641e-04
3.01691182e-01 -4.36686452e-04 3.90024028e-04
3.02098167e-01 4.79633476e-04 3.90824239e-04
3.02505149e-01 5.05065657e-05 3.91285559e-04
3.02912128e-01 4.08326988e-04 3.97042180e-04
3.03319104e-01 2.70562304e-04 3.92124992e-04
3.03726077e-01 -4.07986190e-04 3.90145783e-04
3.04133047e-01 -1.39303355e-04 3.88703663e-04
3.04540015e-01 -8.32879956e-05 3.89797988e-04
3.04946979e-01 -2.50718489e-04 3.86930885e-04
3.05353941e-01 2.48325145e-04 3.93314290e-04
3.05760900e-01 -1.67240239e-04 3.90916250e-04
3.06167856e-01 2.72111487e-04 3.92664540e-04
3.06574809e-01 2.42057907e-04 3.93710237e-04
3.06981759e-01 6.54926051e-04 3.87289673e-04
3.07388706e-01 -1.70292638e-05 3.83348676e-04
3.07795651e-01 9.62651127e-04 3.99048373e-04
3.08202592e-01 -8.35906345e-05 3.98548079e-04
3.08609531e-01 3.99128747e-06 3.93592727e-04
3.09016466e-01 3.24166399e-04 4.01243613e-04
3.09423399e-01 -6.28217803e-04 3.95343089e-04
3.09830329e-01 1.46457981e-05 4.07635706e-04
3.10237256e-01 8.80517640e-04 4.07152349e-04
3.10644180e-01 8.72263557e-04 4.00262895e-04
3.11051101e-01 1.79264029e-05 4.01781534e-04
3.11458019e-01 -7.92470737e-05 4.09067850e-04
3.11864934e-01 -3.75948184e-04 3.98318620e-04
3.12271846e-01 -9.48922090e-05 4.01368510e-04
3.12678755e-01 4.43568312e-04 3.97234533e-04
3.13085661e-01 1.62470517e-04 4.00997441e-04
3.13492565e-01 -5.99366421e-05 3.96631072e-04
3.13899465e-01 7.61876809e-04 4.03642366e-04
3.14306362e-01 3.17765411e-04 3.96594514e-04
3.14713257e-01 -4.18719845e-04 3.97480974e-04
3.15120148e-01 -5.14922687e-04 3.94352433e-04
3.15527037e-01 2.44931744e-04 4.05654665e-04
3.15933922e-01 -4.96480275e-04 4.08991348e-04
3.16340805e-01 -2.70670902e-05 4.49922686e-04
3.16747684e-01 -1.18508970e-03 4.86202073e-04
3.17154561e-01 -1.89675201e-04 5.22575237e-04
3.17561434e-01 5.11607028e-04 5.40329320e-04
3.17968305e-01 8.46814442e-04 5.83528042e-04
3.18375172e-01 -2.94028069e-04 6.20607711e-04
3.18782037e-01 3.44997565e-05 6.25433776e-04
3.19188898e-01 9.39451064e-04 6.56461388e-04
3.19595757e-01 4.29325027e-04 6.78418765e-04
3.20002612e-01 -4.87256809e-04 7.15164571e-04
3.20409465e-01 6.17559491e-04 7.65783849e-04
3.20816314e-01 -6.59505775e-04 8.47747743e-04
3.21223160e-01 7.70029780e-04 9.69306503e-04
3.21630004e-01 7.19574059e-04 1.11984557e-03
3.22036844e-01 2.22810390e-03 1.39431316e-03
3.22443681e-01 3.39912650e-03 2.05577604e-03
3.22850516e-01 1.19944200e-02 6.10758148e-03
