4.08043586e-03 -1.17112121e-01 2.94888794e-02
4.48847930e-03 -8.53566151e-02 2.68929097e-02
4.89652269e-03 -7.74359741e-02 2.01142378e-02
5.30456604e-03 -5.28684308e-02 1.46245010e-02
5.71260934e-03 -3.38689819e-02 1.11534564e-02
6.12065258e-03 -3.68497899e-02 8.61754673e-03
6.52869577e-03 -2.08618180e-02 7.16647548e-03
6.93673889e-03 -1.31626639e-02 6.55787768e-03
7.34478195e-03 -1.74661005e-02 5.51363162e-03
7.75282494e-03 -1.93727273e-02 5.35193020e-03
8.16086785e-03 -9.11886771e-03 4.79201225e-03
8.56891069e-03 -1.06785438e-02 4.37017516e-03
8.97695345e-03 -5.02617772e-03 4.19783084e-03
9.38499612e-03 -1.15788579e-02 3.55456208e-03
9.79303870e-03 -2.04031230e-03 3.53778190e-03
1.02010812e-02 -2.69902532e-03 3.25361080e-03
1.06091236e-02 -1.01660375e-03 3.21117828e-03
1.10171659e-02 -5.27344805e-03 2.88704377e-03
1.14252081e-02 -6.22518403e-03 2.84324020e-03
1.18332501e-02 -1.92600734e-03 2.86501055e-03
1.22412921e-02 -1.24358801e-04 2.65659408e-03
1.26493339e-02 1.21051143e-03 2.67515661e-03
1.30573757e-02 -1.08092032e-03 2.65848318e-03
1.34654173e-02 -1.69441831e-03 2.53765332e-03
1.38734588e-02 6.81914432e-04 2.25686772e-03
1.42815001e-02 2.39178111e-03 2.38297997e-03
1.46895413e-02 -1.36283166e-03 2.39137242e-03
1.50975824e-02 2.56551392e-03 2.17030595e-03
1.55056233e-02 -8.50672765e-04 2.03217853e-03
1.59136641e-02 -1.30615901e-03 2.12167390e-03
1.63217047e-02 2.68204120e-04 2.06913471e-03
1.67297452e-02 -1.98997285e-03 1.96078815e-03
1.71377855e-02 -4.58395308e-04 1.99153641e-03
1.75458257e-02 3.57341205e-04 1.93943301e-03
1.79538657e-02 1.17027383e-03 2.00211152e-03
1.83619055e-02 -1.19647350e-03 1.90389397e-03
1.87699451e-02 1.55468361e-03 1.87006725e-03
1.91779846e-02 -2.00135650e-03 1.93225299e-03
1.95860239e-02 2.28048970e-04 1.79863025e-03
1.99940630e-02 3.72981056e-03 1.89510630e-03
2.04021019e-02 1.82686173e-03 1.74357254e-03
2.08101406e-02 2.69558403e-03 1.81880040e-03
2.12181791e-02 5.32051636e-04 1.79358995e-03
2.16262174e-02 -1.24313115e-04 1.75036325e-03
2.20342555e-02 -2.40377668e-04 1.70135328e-03
2.24422934e-02 -5.58465071e-04 1.73712149e-03
2.28503311e-02 1.23746093e-03 1.67516643e-03
2.32583686e-02 -8.56600910e-04 1.67710285e-03
2.36664058e-02 -3.41842201e-04 1.63480800e-03
2.40744429e-02 -2.36318055e-03 1.65782220e-03
2.44824797e-02 1.03033858e-03 1.71150008e-03
2.48905162e-02 7.34293232e-05 1.66208367e-03
2.52985525e-02 -1.76594810e-03 1.67492928e-03
2.57065886e-02 1.85893747e-03 1.74820174e-03
2.61146245e-02 -6.53232003e-04 1.64862237e-03
2.65226601e-02 -1.25069810e-03 1.54043238e-03
2.69306954e-02 5.15753633e-04 1.61680202e-03
2.73387305e-02 2.04994064e-03 1.73370954e-03
2.77467653e-02 1.81905405e-03 1.64547628e-03
2.81547999e-02 -2.97733755e-03 1.58165512e-03
2.85628342e-02 9.86318410e-04 1.67929470e-03
2.89708682e-02 3.54974183e-04 1.72771486e-03
2.93789020e-02 6.54761869e-04 1.62586306e-03
2.97869355e-02 -2.25984468e-03 1.67654118e-03
3.01949687e-02 -6.77512217e-04 1.61731314e-03
3.06030016e-02 -2.54852419e-03 1.54803537e-03
3.10110342e-02 -3.32644902e-03 1.58895782e-03
3.14190665e-02 -1.15972813e-03 1.56470003e-03
3.18270985e-02 3.83981647e-04 1.51914693e-03
3.22351302e-02 2.73742057e-03 1.51075648e-03
3.26431617e-02 -8.33991902e-04 1.44819174e-03
3.30511928e-02 2.92582127e-04 1.51621019e-03
3.34592236e-02 1.16974361e-03 1.49572629e-03
3.38672540e-02 -1.02657763e-03 1.36143889e-03
3.42752842e-02 1.03555825e-04 1.47102643e-03
3.46833140e-02 1.91789197e-03 1.41899877e-03
3.50913435e-02 3.37130977e-04 1.35341849e-03
3.54993727e-02 -8.57331110e-04 1.45310261e-03
3.59074015e-02 1.87471787e-03 1.43497693e-03
3.63154300e-02 3.96503744e-03 1.41105962e-03
3.67234581e-02 8.84942303e-04 1.32502070e-03
3.71314859e-02 8.04130518e-04 1.32758922e-03
3.75395134e-02 6.13048090e-04 1.36684961e-03
3.79475405e-02 1.82405041e-03 1.41311785e-03
3.83555672e-02 1.06065337e-03 1.34072536e-03
3.87635935e-02 -1.10546217e-03 1.28780703e-03
3.91716195e-02 1.93865893e-03 1.33732894e-03
3.95796452e-02 2.87502419e-04 1.34546958e-03
3.99876704e-02 -1.26021508e-03 1.32293364e-03
4.03956953e-02 1.15455545e-03 1.32489985e-03
4.08037198e-02 -9.25090200e-04 1.30094085e-03
4.12117439e-02 -6.57263100e-04 1.28032182e-03
4.16197676e-02 -5.86079232e-06 1.19787452e-03
4.20277909e-02 1.32790820e-03 1.22435634e-03
4.24358138e-02 -3.41927118e-04 1.25771503e-03
4.28438363e-02 -7.03899020e-04 1.18182737e-03
4.32518584e-02 2.11271669e-04 1.17057890e-03
4.36598801e-02 1.30154179e-03 1.23721257e-03
4.40679014e-02 -2.51599619e-04 1.21864975e-03
4.44759222e-02 -1.01333462e-03 1.19072327e-03
4.48839427e-02 1.22970828e-03 1.21045741e-03
4.52919627e-02 -5.22987281e-04 1.18540217e-03
4.56999823e-02 -5.86466758e-04 1.21789699e-03
4.61080014e-02 -7.69540564e-04 1.22948343e-03
4.65160201e-02 -6.79368280e-04 1.22986548e-03
4.69240384e-02 6.70991101e-04 1.22726416e-03
4.73320562e-02 -1.45002524e-03 1.16920859e-03
4.77400736e-02 -1.55673926e-04 1.18722025e-03
4.81480905e-02 1.58754357e-04 1.19481643e-03
4.85561070e-02 -2.89203096e-05 1.12220706e-03
4.89641230e-02 -9.62570689e-04 1.17337303e-03
4.93721385e-02 -1.69396854e-03 1.17156216e-03
4.97801536e-02 3.90017612e-04 1.16923699e-03
5.01881682e-02 -3.75961647e-04 1.15842886e-03
5.05961823e-02 1.02822644e-03 1.16309938e-03
5.10041960e-02 2.29050015e-03 1.12405803e-03
5.14122091e-02 2.07162180e-03 1.14423193e-03
5.18202218e-02 2.03734239e-03 1.14601839e-03
5.22282340e-02 4.25207022e-04 1.11895278e-03
5.26362457e-02 -3.66272658e-04 1.11709108e-03
5.30442569e-02 -8.74593445e-05 1.11764550e-03
5.34522675e-02 -1.23295827e-03 1.07531991e-03
5.38602777e-02 1.05361464e-03 1.11821620e-03
5.42682874e-02 1.21672219e-03 1.10442225e-03
5.46762965e-02 -8.83109551e-04 1.10216545e-03
5.50843052e-02 3.33766573e-04 1.04796031e-03
5.54923133e-02 2.13876785e-03 1.06717862e-03
5.59003208e-02 6.32376900e-04 1.09368975e-03
5.63083279e-02 -5.55194039e-05 1.08934581e-03
5.67163344e-02 -4.59353521e-05 1.05913432e-03
5.71243404e-02 1.02039741e-04 1.06128705e-03
5.75323458e-02 3.71033785e-04 1.07760702e-03
5.79403507e-02 5.97128984e-04 1.09886011e-03
5.83483551e-02 1.48208361e-03 1.17313550e-03
5.87563588e-02 1.36192908e-03 1.14518982e-03
5.91643621e-02 -4.91404626e-04 1.06616317e-03
5.95723647e-02 1.69781775e-04 1.04630243e-03
5.99803668e-02 -9.14582180e-04 1.11122678e-03
6.03883684e-02 -5.96262650e-04 1.09134219e-03
6.07963693e-02 5.05064935e-04 1.13171022e-03
6.12043697e-02 5.01883596e-04 1.10539601e-03
6.16123695e-02 -1.44369911e-03 1.09899645e-03
6.20203687e-02 1.41074699e-03 1.08126945e-03
6.24283674e-02 -3.28877219e-04 1.05881462e-03
6.28363654e-02 -7.68399403e-04 1.07515752e-03
6.32443629e-02 2.06516747e-03 1.09118302e-03
6.36523597e-02 -3.63933250e-04 1.07854121e-03
6.40603559e-02 -1.02897969e-04 1.07739687e-03
6.44683516e-02 5.09322710e-04 1.04961142e-03
6.48763466e-02 7.86285743e-04 1.04510520e-03
6.52843410e-02 -1.13584790e-03 1.01114945e-03
6.56923348e-02 -8.38316553e-04 1.00284789e-03
6.61003279e-02 6.23023623e-04 1.02246228e-03
6.65083205e-02 4.22091356e-04 1.05086291e-03
6.69163124e-02 1.62267487e-04 9.94758640e-04
6.73243036e-02 9.61101622e-05 1.01908779e-03
6.77322943e-02 -6.93111646e-04 9.64238665e-04
6.81402842e-02 8.26309432e-04 9.76624419e-04
6.85482736e-02 3.36721839e-04 9.96206374e-04
6.89562623e-02 6.56536794e-04 9.48100058e-04
6.93642503e-02 6.32428333e-04 9.82494205e-04
6.97722377e-02 3.95403457e-04 9.59738514e-04
7.01802244e-02 4.42948227e-04 9.46737496e-04
7.05882105e-02 1.88619360e-04 9.71612233e-04
7.09961958e-02 -4.80642351e-04 9.25767286e-04
7.14041805e-02 4.15593552e-04 9.58807648e-04
7.18121646e-02 -1.18452144e-03 9.51214310e-04
7.22201479e-02 1.57516747e-03 1.00096138e-03
7.26281306e-02 3.98162333e-04 9.59429834e-04
7.30361126e-02 -7.11803333e-04 9.15494775e-04
7.34440938e-02 1.69270333e-04 9.60307666e-04
7.38520744e-02 -1.06830122e-03 8.97601713e-04
7.42600543e-02 -5.82367522e-04 9.25305927e-04
7.46680335e-02 3.22099435e-04 9.30498595e-04
7.50760119e-02 8.92187571e-04 9.22993787e-04
7.54839897e-02 -4.45034367e-04 9.37927567e-04
7.58919667e-02 3.58463307e-04 9.06118530e-04
7.62999431e-02 7.90443558e-04 9.16636812e-04
7.67079187e-02 -2.02405131e-03 9.12376824e-04
7.71158935e-02 -8.34544349e-04 8.91444653e-04
7.75238677e-02 -3.58174547e-04 9.11805795e-04
7.79318411e-02 -1.14083286e-03 8.66882433e-04
7.83398137e-02 1.57334455e-04 8.81392157e-04
7.87477857e-02 -9.19757602e-04 8.79525400e-04
7.91557568e-02 4.52033605e-04 9.29401534e-04
7.95637273e-02 -3.59754952e-04 8.80038277e-04
7.99716969e-02 -7.30654289e-04 8.94943464e-04
8.03796658e-02 2.51924153e-04 9.17934590e-04
8.07876340e-02 7.25364366e-04 8.81866829e-04
8.11956014e-02 5.23427277e-04 8.72416288e-04
8.16035680e-02 7.35526564e-04 8.70802158e-04
8.20115338e-02 8.83914588e-04 8.43481923e-04
8.24194989e-02 5.65330806e-04 8.48127390e-04
8.28274631e-02 9.37161350e-05 8.52628505e-04
8.32354266e-02 7.90988012e-04 8.85821391e-04
8.36433893e-02 1.70712073e-03 8.64356979e-04
8.40513512e-02 3.58316307e-04 8.71982447e-04
8.44593123e-02 1.04974496e-03 8.70309898e-04
8.48672727e-02 -9.56883034e-04 8.53259226e-04
8.52752322e-02 4.17227985e-04 8.59378192e-04
8.56831909e-02 -1.94900631e-04 8.41342105e-04
8.60911487e-02 -5.38178515e-04 8.17784460e-04
8.64991058e-02 -5.45111353e-04 8.16299541e-04
8.69070620e-02 -8.88363186e-05 8.42103411e-04
8.73150175e-02 5.01558927e-04 8.74380884e-04
8.77229721e-02 1.18079081e-03 8.30027085e-04
8.81309258e-02 4.16517987e-04 8.15062977e-04
8.85388787e-02 -3.27801991e-04 8.13468645e-04
8.89468308e-02 8.59656686e-04 8.51326357e-04
8.93547821e-02 1.46805381e-03 8.43730056e-04
8.97627325e-02 1.30012634e-04 8.15292598e-04
9.01706820e-02 1.78421318e-04 7.89834196e-04
9.05786307e-02 6.51162038e-04 7.91702013e-04
9.09865785e-02 1.08428757e-03 8.26663605e-04
9.13945255e-02 2.37642610e-04 8.21665836e-04
9.18024716e-02 9.54419203e-04 8.01334702e-04
9.22104168e-02 1.16458586e-03 8.23130248e-04
9.26183611e-02 1.94290013e-04 8.42219701e-04
9.30263046e-02 6.01875087e-04 8.20795322e-04
9.34342472e-02 2.37728586e-04 8.19238031e-04
9.38421889e-02 2.02293546e-03 8.32680762e-04
9.42501297e-02 9.78816421e-05 8.17584901e-04
9.46580696e-02 2.32482665e-04 8.29376670e-04
9.50660087e-02 1.00602047e-03 8.02439399e-04
9.54739468e-02 -7.05370222e-04 8.06453323e-04
9.58818840e-02 1.67615055e-04 7.98142563e-04
9.62898203e-02 -1.07155865e-03 7.94974991e-04
9.66977557e-02 3.40110580e-05 7.69847178e-04
9.71056902e-02 -5.48987902e-04 8.07323093e-04
9.75136237e-02 1.77419124e-04 7.93510137e-04
9.79215564e-02 -7.62124270e-04 7.91346890e-04
9.83294881e-02 3.42974246e-04 7.64738202e-04
9.87374188e-02 1.28482263e-03 7.88884111e-04
9.91453487e-02 1.23489618e-03 7.85549516e-04
9.95532775e-02 5.49289301e-04 7.79972945e-04
9.99612055e-02 8.48242333e-05 7.72377183e-04
1.00369132e-01 3.28725190e-04 7.75534244e-04
1.00777059e-01 1.35361760e-03 7.92791152e-04
1.01184984e-01 -2.55297604e-04 7.68740608e-04
1.01592908e-01 -3.59201729e-04 7.81399286e-04
1.02000831e-01 1.09567917e-03 7.41191765e-04
1.02408753e-01 -9.85909932e-04 7.20097707e-04
1.02816674e-01 -1.15070633e-04 7.41587314e-04
1.03224595e-01 1.57435913e-03 7.47400137e-04
1.03632514e-01 1.61620711e-04 7.31074774e-04
1.04040432e-01 7.22285316e-05 7.49552437e-04
1.04448349e-01 -3.09916681e-04 7.16071958e-04
1.04856266e-01 3.87380509e-05 7.51556098e-04
1.05264181e-01 2.37909638e-07 7.64401881e-04
1.05672095e-01 -1.30313020e-03 7.38657539e-04
1.06080009e-01 8.38679698e-04 7.29147173e-04
1.06487921e-01 1.85882757e-03 7.29563410e-04
1.06895832e-01 2.18770346e-04 7.62377646e-04
1.07303743e-01 2.88776300e-04 7.62477553e-04
1.07711652e-01 1.15270451e-03 7.61800424e-04
1.08119560e-01 7.35292278e-04 7.46097583e-04
1.08527467e-01 -2.48608593e-04 7.59233244e-04
1.08935374e-01 1.61292645e-04 7.43218891e-04
1.09343279e-01 6.55181596e-05 7.27668818e-04
1.09751183e-01 2.87854298e-04 7.38992417e-04
1.10159086e-01 -5.44687145e-05 7.25965801e-04
1.10566988e-01 -1.63932114e-04 7.11144809e-04
1.10974889e-01 3.05535371e-04 7.19082032e-04
1.11382789e-01 2.62298554e-04 7.29106769e-04
1.11790688e-01 5.94238354e-04 7.46199234e-04
1.12198586e-01 7.87323557e-04 7.43971751e-04
1.12606482e-01 8.39583224e-04 7.16404886e-04
1.13014378e-01 -2.94673410e-04 7.36769538e-04
1.13422273e-01 1.16642076e-03 7.21961650e-04
1.13830166e-01 2.95039380e-04 7.44246971e-04
1.14238059e-01 -3.52063563e-04 7.34894139e-04
1.14645950e-01 1.41320130e-04 7.18296207e-04
1.15053840e-01 5.08014481e-04 7.27888107e-04
1.15461730e-01 -5.70981204e-04 7.44883257e-04
1.15869618e-01 4.03236322e-04 7.31280845e-04
1.16277505e-01 1.29315509e-03 7.64860509e-04
1.16685391e-01 -3.03785149e-04 7.47973505e-04
1.17093275e-01 2.10882459e-04 7.37654722e-04
1.17501159e-01 8.73602382e-04 7.60048200e-04
1.17909042e-01 -1.20344740e-03 7.36719644e-04
1.18316923e-01 -4.15728062e-04 7.29696482e-04
1.18724803e-01 4.13325169e-04 7.19153937e-04
1.19132683e-01 1.91215540e-03 7.48428005e-04
1.19540561e-01 5.72162075e-04 7.15317751e-04
1.19948438e-01 1.32205918e-03 7.09091077e-04
1.20356313e-01 3.07338830e-04 6.93505829e-04
1.20764188e-01 -9.67524322e-04 6.92019430e-04
1.21172062e-01 -7.49034977e-04 6.86071834e-04
1.21579934e-01 -7.47065271e-04 6.65843915e-04
1.21987805e-01 -2.09193207e-04 6.75692167e-04
1.22395675e-01 -1.27091849e-03 6.77174441e-04
1.22803544e-01 -3.03030012e-04 6.77213257e-04
1.23211412e-01 6.21947797e-04 6.85873494e-04
1.23619278e-01 1.39458217e-03 7.17252944e-04
1.24027144e-01 -1.20793655e-04 6.79420139e-04
1.24435008e-01 -2.45090240e-05 6.59099174e-04
1.24842871e-01 4.63742422e-04 6.67551109e-04
1.25250733e-01 5.77614371e-04 6.80130581e-04
1.25658594e-01 -1.58350037e-05 6.71043968e-04
1.26066453e-01 1.21502513e-03 7.00971379e-04
1.26474311e-01 4.01301533e-04 6.71572110e-04
1.26882168e-01 9.70206277e-05 6.72765904e-04
1.27290024e-01 6.74240102e-04 6.82200878e-04
1.27697879e-01 -2.53489894e-04 6.69396270e-04
1.28105732e-01 1.06791700e-03 6.64361556e-04
1.28513585e-01 2.33761492e-04 6.57666451e-04
1.28921436e-01 3.81511693e-04 6.58580725e-04
1.29329285e-01 1.43568713e-03 6.83834070e-04
1.29737134e-01 7.29959693e-05 6.66419591e-04
1.30144981e-01 1.26007036e-03 6.67656407e-04
1.30552828e-01 3.86452398e-04 6.63864858e-04
1.30960672e-01 -5.42924408e-04 6.42689145e-04
1.31368516e-01 8.87565025e-04 6.46439116e-04
1.31776358e-01 3.69092930e-07 6.42772870e-04
1.32184200e-01 5.96641515e-04 6.50769947e-04
1.32592039e-01 8.27208766e-04 6.43806312e-04
1.32999878e-01 -1.89383148e-04 6.44233250e-04
1.33407715e-01 -3.04059291e-04 6.51515469e-04
1.33815552e-01 3.46111004e-04 6.44661120e-04
1.34223386e-01 1.38554518e-05 6.53307691e-04
1.34631220e-01 3.85785765e-04 6.30785557e-04
1.35039052e-01 7.62202640e-04 6.79246808e-04
1.35446883e-01 -4.92170674e-04 6.25074720e-04
1.35854713e-01 4.87641731e-05 6.40670361e-04
1.36262541e-01 5.68195686e-04 6.30401207e-04
1.36670368e-01 3.85162767e-04 6.32207671e-04
1.37078194e-01 9.02787753e-04 6.44651091e-04
1.37486019e-01 7.82848701e-04 6.43711507e-04
1.37893842e-01 -2.84744028e-04 6.37878865e-04
1.38301664e-01 4.46063274e-04 6.48072562e-04
1.38709485e-01 2.83555148e-04 6.20030419e-04
1.39117304e-01 -4.89689974e-04 6.26175489e-04
1.39525122e-01 7.94188983e-04 6.35071471e-04
1.39932939e-01 6.13056590e-04 6.17576586e-04
1.40340754e-01 -7.35824367e-04 6.11638478e-04
1.40748568e-01 1.75909443e-04 6.27860336e-04
1.41156381e-01 -1.18065656e-03 6.19318475e-04
1.41564192e-01 -1.00938239e-04 6.23746130e-04
1.41972002e-01 1.37729255e-03 6.22090701e-04
1.42379811e-01 2.70147767e-04 6.27073313e-04
1.42787618e-01 -5.03551466e-04 6.42066968e-04
1.43195424e-01 -4.67173238e-05 6.27251001e-04
1.43603228e-01 1.01567452e-03 6.36716282e-04
1.44011032e-01 7.57082739e-04 6.39146707e-04
1.44418833e-01 1.51199374e-03 6.46035388e-04
1.44826634e-01 8.57027645e-04 6.20355916e-04
1.45234433e-01 -1.10201089e-04 6.32481989e-04
1.45642231e-01 -5.15851925e-04 6.40990095e-04
1.46050027e-01 7.55011798e-04 6.27072848e-04
1.46457822e-01 -5.82613367e-04 6.28245150e-04
1.46865616e-01 -8.40036038e-05 6.24497613e-04
1.47273408e-01 -5.94141927e-05 6.42617264e-04
1.47681199e-01 8.91594421e-04 6.29381667e-04
1.48088988e-01 -1.28253425e-04 6.10176796e-04
1.48496776e-01 -1.18454710e-03 6.12234644e-04
1.48904563e-01 5.32480079e-04 6.22399103e-04
1.49312348e-01 -4.21839714e-04 6.08748732e-04
1.49720132e-01 1.03114216e-03 6.31956886e-04
1.50127914e-01 5.40783955e-05 6.21019855e-04
1.50535695e-01 7.76494058e-05 6.26928298e-04
1.50943474e-01 2.42001401e-05 5.97777636e-04
1.51351252e-01 1.56384781e-03 6.28624887e-04
1.51759029e-01 -5.99283549e-04 5.96703791e-04
1.52166804e-01 9.80216876e-04 6.14937453e-04
1.52574578e-01 -2.42524607e-04 6.03080016e-04
1.52982350e-01 1.75457745e-04 6.08928859e-04
1.53390121e-01 7.21332945e-05 6.11641032e-04
1.53797890e-01 3.83896254e-04 5.99575653e-04
1.54205658e-01 2.95290333e-05 5.93735988e-04
1.54613425e-01 4.13526373e-04 5.96780635e-04
1.55021190e-01 1.92639558e-04 6.15175503e-04
1.55428953e-01 9.25115288e-04 5.98902131e-04
1.55836716e-01 4.18226569e-04 5.92325645e-04
1.56244476e-01 5.28282224e-04 5.86899729e-04
1.56652235e-01 6.09389352e-04 5.78497773e-04
1.57059993e-01 1.19564014e-03 5.97897849e-04
1.57467749e-01 5.82058665e-04 5.68652670e-04
1.57875504e-01 -3.81444388e-04 5.65899629e-04
1.58283257e-01 2.49300450e-04 5.75209736e-04
1.58691008e-01 5.43463742e-04 5.76326060e-04
1.59098758e-01 1.78804748e-04 5.77077797e-04
1.59506507e-01 5.86289033e-04 5.82234343e-04
1.59914254e-01 1.22497949e-03 5.71063680e-04
1.60322000e-01 -4.73637125e-05 5.68471437e-04
1.60729744e-01 5.15709035e-04 5.70578658e-04
1.61137486e-01 6.44715433e-04 5.64803519e-04
1.61545228e-01 1.17243773e-03 5.85141515e-04
1.61952967e-01 2.76348870e-04 5.83678169e-04
1.62360705e-01 1.19797093e-04 5.73321457e-04
1.62768441e-01 7.36867945e-04 5.64601760e-04
1.63176176e-01 -8.55950768e-04 5.71944834e-04
1.63583910e-01 -1.19262161e-03 5.66119168e-04
1.63991641e-01 1.49814362e-03 5.89657400e-04
1.64399372e-01 1.41663453e-03 5.76257749e-04
1.64807100e-01 6.42347813e-04 5.68957129e-04
1.65214827e-01 -3.36643274e-04 5.71726789e-04
1.65622553e-01 1.58891371e-04 5.62101721e-04
1.66030277e-01 -3.22650753e-04 5.68218956e-04
1.66437999e-01 6.09185847e-04 5.62173430e-04
1.66845720e-01 -8.85706748e-04 5.54869947e-04
1.67253439e-01 -8.92621821e-05 5.46113603e-04
1.67661157e-01 3.26282303e-04 5.63558698e-04
1.68068873e-01 6.98656215e-04 5.63241009e-04
1.68476588e-01 -1.77220279e-04 5.64160732e-04
1.68884301e-01 4.47780607e-04 5.64928276e-04
1.69292012e-01 -2.65505534e-04 5.41933479e-04
1.69699721e-01 9.40147669e-04 5.39050279e-04
1.70107430e-01 -3.20894729e-04 5.41237208e-04
1.70515136e-01 -4.51311582e-04 5.64060314e-04
1.70922841e-01 -8.07913937e-04 5.53224406e-04
1.71330544e-01 -4.21686490e-04 5.30340242e-04
1.71738246e-01 -7.16158964e-04 5.41314149e-04
1.72145946e-01 4.29616271e-04 5.39205136e-04
1.72553644e-01 6.30624204e-04 5.61231859e-04
1.72961341e-01 -1.30992789e-04 5.44232721e-04
1.73369036e-01 8.65220820e-04 5.54468115e-04
1.73776729e-01 -1.80436150e-04 5.33140128e-04
1.74184421e-01 1.07893759e-04 5.43349727e-04
1.74592111e-01 4.93855178e-04 5.49853498e-04
1.74999799e-01 4.54275005e-05 5.46637848e-04
1.75407486e-01 1.04175116e-03 5.47092450e-04
1.75815171e-01 -4.21124948e-04 5.41847123e-04
1.76222855e-01 6.93042871e-04 5.37820482e-04
1.76630537e-01 1.08629623e-03 5.45212234e-04
1.77038217e-01 1.50480262e-03 5.48539366e-04
1.77445895e-01 -4.57003879e-04 5.35472562e-04
1.77853572e-01 9.37966944e-04 5.35347693e-04
1.78261247e-01 8.71444096e-05 5.27147171e-04
1.78668921e-01 9.60590335e-05 5.24949971e-04
1.79076592e-01 7.03111052e-04 5.28582478e-04
1.79484262e-01 5.51405482e-04 5.32190842e-04
1.79891931e-01 -1.78157520e-04 5.33038488e-04
1.80299597e-01 1.45571348e-04 5.24842695e-04
1.80707262e-01 2.50106585e-04 5.30969640e-04
1.81114925e-01 5.68271406e-04 5.18240644e-04
1.81522587e-01 3.13563523e-05 5.17655683e-04
1.81930247e-01 5.48248490e-04 5.37590380e-04
1.82337905e-01 3.08759299e-04 5.24956457e-04
1.82745561e-01 4.69813597e-05 5.19896880e-04
1.83153215e-01 4.93832122e-04 5.26234774e-04
1.83560868e-01 -3.71960917e-04 5.21679017e-04
1.83968519e-01 1.17546072e-03 5.22378432e-04
1.84376169e-01 1.93827695e-04 5.18556260e-04
1.84783816e-01 1.54539011e-04 5.25493338e-04
1.85191462e-01 8.19532436e-04 5.21852845e-04
1.85599106e-01 5.21662154e-04 5.29203794e-04
1.86006749e-01 7.17487545e-05 5.26212971e-04
1.86414389e-01 1.02693756e-05 5.14893051e-04
1.86822028e-01 -3.66715997e-04 5.29371006e-04
1.87229665e-01 8.35863742e-04 5.06174749e-04
1.87637300e-01 -7.27054686e-04 4.96873618e-04
1.88044934e-01 6.58918784e-05 5.21724461e-04
1.88452566e-01 -3.52206568e-05 5.04362932e-04
1.88860195e-01 3.73845208e-04 5.11431575e-04
1.89267824e-01 5.65819120e-04 5.15056086e-04
1.89675450e-01 2.56167203e-04 5.09025406e-04
1.90083074e-01 7.60349975e-04 5.07562312e-04
1.90490697e-01 7.48127839e-04 4.99644473e-04
1.90898318e-01 2.42319490e-04 5.06354853e-04
1.91305937e-01 -4.55103913e-05 5.00948507e-04
1.91713555e-01 2.19416531e-04 4.97888982e-04
1.92121170e-01 -4.87746607e-04 5.05530696e-04
1.92528784e-01 -3.64582438e-05 5.08498212e-04
1.92936396e-01 -2.47666762e-04 5.04608482e-04
1.93344006e-01 5.78622471e-04 5.09473505e-04
1.93751614e-01 1.39836532e-04 5.00214021e-04
1.94159220e-01 1.15834610e-05 4.92589831e-04
1.94566825e-01 2.76834668e-04 4.88093378e-04
1.94974427e-01 4.79379096e-04 5.00831516e-04
1.95382028e-01 4.39439490e-04 4.94880481e-04
1.95789627e-01 -1.77502804e-04 5.06283243e-04
1.96197224e-01 6.21940795e-04 4.99563107e-04
1.96604820e-01 1.15852036e-03 5.01727024e-04
1.97012413e-01 4.65688504e-04 4.94379453e-04
1.97420005e-01 3.25450742e-04 4.94589006e-04
1.97827594e-01 -1.70980540e-04 4.97067530e-04
1.98235182e-01 8.82584918e-04 5.12279600e-04
1.98642768e-01 9.99441748e-05 4.98771595e-04
1.99050352e-01 2.43634367e-04 4.97366654e-04
1.99457934e-01 5.39252599e-04 5.14258857e-04
1.99865514e-01 5.46716133e-04 5.10130611e-04
2.00273093e-01 -2.02964068e-04 5.08263606e-04
2.00680669e-01 2.84471195e-04 5.09305494e-04
2.01088244e-01 1.50026231e-04 5.05483691e-04
2.01495816e-01 1.23957938e-04 5.05163616e-04
2.01903387e-01 -3.74682691e-04 5.07432551e-04
2.02310956e-01 -9.43352995e-05 5.02467268e-04
2.02718523e-01 2.19513519e-04 5.21882763e-04
2.03126088e-01 1.60018438e-04 5.19061884e-04
2.03533651e-01 2.45527885e-04 5.06623726e-04
2.03941212e-01 1.13096003e-04 5.06737228e-04
2.04348771e-01 7.44672712e-05 4.96790847e-04
2.04756329e-01 6.24945591e-04 5.09851635e-04
2.05163884e-01 2.65916983e-04 4.91082845e-04
2.05571438e-01 1.78265627e-04 4.84610484e-04
2.05978989e-01 6.44595998e-04 5.03461260e-04
2.06386539e-01 6.88774243e-04 4.95265840e-04
2.06794086e-01 -2.72274792e-06 4.98386660e-04
2.07201632e-01 -9.16410217e-07 5.11631572e-04
2.07609175e-01 -3.64103001e-04 4.95312780e-04
2.08016717e-01 4.13962445e-04 4.94331365e-04
2.08424257e-01 5.22615596e-04 4.80790101e-04
2.08831794e-01 4.02536743e-04 4.77286021e-04
2.09239330e-01 5.31865624e-04 4.86516972e-04
2.09646864e-01 1.16642765e-04 4.86768810e-04
2.10054396e-01 4.42819938e-04 4.88891929e-04
2.10461925e-01 -3.77883129e-04 4.82713597e-04
2.10869453e-01 4.00427874e-04 4.82099446e-04
2.11276979e-01 4.48483532e-04 4.68947721e-04
2.11684503e-01 4.53776494e-05 4.83490312e-04
2.12092025e-01 5.94552455e-05 4.82943983e-04
2.12499544e-01 2.17167166e-05 4.77989332e-04
2.12907062e-01 5.55852320e-04 4.85193116e-04
2.13314578e-01 -7.93226812e-04 4.77027236e-04
2.13722092e-01 5.16958867e-04 4.85471703e-04
2.14129603e-01 7.94948519e-04 4.76004231e-04
2.14537113e-01 3.34081066e-04 4.75866064e-04
2.14944621e-01 2.20043933e-04 4.81384998e-04
2.15352126e-01 -1.10525590e-05 4.78516479e-04
2.15759630e-01 -1.23439304e-04 4.73155442e-04
2.16167131e-01 -3.41524555e-04 4.76911917e-04
2.16574631e-01 1.05435399e-03 4.73096531e-04
2.16982128e-01 -2.71714672e-04 4.72189254e-04
2.17389624e-01 -6.02974374e-04 4.71001263e-04
2.17797117e-01 2.75990904e-04 4.69251181e-04
2.18204608e-01 7.77759402e-04 4.76202902e-04
2.18612098e-01 -4.35521893e-04 4.63296897e-04
2.19019585e-01 4.74227768e-04 4.69069500e-04
2.19427070e-01 4.17869119e-04 4.63422372e-04
2.19834553e-01 8.61897498e-04 4.61493995e-04
2.20242034e-01 -1.56984247e-04 4.58570046e-04
2.20649512e-01 -2.96881551e-05 4.72288930e-04
2.21056989e-01 -4.58780645e-04 4.65405536e-04
2.21464464e-01 4.01620272e-04 4.68805268e-04
2.21871936e-01 1.70055740e-04 4.63537347e-04
2.22279407e-01 9.28407230e-04 4.60378895e-04
2.22686875e-01 -4.55072985e-04 4.61333619e-04
2.23094341e-01 6.01924864e-05 4.56139673e-04
2.23501805e-01 6.60250614e-04 4.60746440e-04
2.23909267e-01 7.83559462e-04 4.66079022e-04
2.24316727e-01 4.95673117e-04 4.64772975e-04
2.24724185e-01 -1.96476049e-05 4.59073155e-04
2.25131641e-01 -5.47351911e-04 4.65431022e-04
2.25539094e-01 -1.64373098e-04 4.52058155e-04
2.25946545e-01 2.97523328e-05 4.51582103e-04
2.26353995e-01 7.36544883e-05 4.54692703e-04
2.26761442e-01 5.35215242e-04 4.60930732e-04
2.27168887e-01 7.11828594e-04 4.63568964e-04
2.27576329e-01 8.05567329e-04 4.54154660e-04
2.27983770e-01 3.79844665e-04 4.54320405e-04
2.28391208e-01 -4.10360491e-05 4.49670805e-04
2.28798645e-01 8.55819067e-04 4.67331780e-04
2.29206079e-01 3.16290255e-04 4.62632327e-04
2.29613511e-01 4.54065852e-04 4.55595623e-04
2.30020941e-01 9.18816209e-04 4.58903517e-04
2.30428368e-01 2.35187665e-04 4.69185853e-04
2.30835794e-01 1.26551222e-04 4.70727396e-04
2.31243217e-01 3.87355605e-04 4.62028749e-04
2.31650638e-01 1.19634630e-05 4.61274116e-04
2.32058057e-01 3.90704966e-04 4.65817901e-04
2.32465473e-01 8.51987345e-05 4.57025501e-04
2.32872888e-01 1.14517158e-03 4.69102134e-04
2.33280300e-01 -6.99240047e-05 4.57049819e-04
2.33687710e-01 -4.96821817e-04 4.57655256e-04
2.34095118e-01 3.37020821e-04 4.62409625e-04
2.34502524e-01 5.38156205e-04 4.66026253e-04
2.34909927e-01 -6.97849965e-06 4.65204292e-04
2.35317328e-01 1.98310938e-04 4.64858055e-04
2.35724727e-01 7.43091413e-05 4.62971363e-04
2.36132124e-01 1.75251341e-04 4.55284152e-04
2.36539518e-01 1.19299535e-03 4.53867385e-04
2.36946911e-01 -4.86277390e-04 4.48757869e-04
2.37354301e-01 -5.32178756e-05 4.54113975e-04
2.37761688e-01 1.95231387e-04 4.59429042e-04
2.38169074e-01 7.37712402e-04 4.55560882e-04
2.38576457e-01 1.69159547e-04 4.44665079e-04
2.38983838e-01 6.79341211e-04 4.41968418e-04
2.39391217e-01 4.79661930e-04 4.42085729e-04
2.39798593e-01 -4.04406796e-04 4.50903008e-04
2.40205967e-01 -4.15661638e-04 4.40533341e-04
2.40613339e-01 6.26847019e-04 4.46741361e-04
2.41020709e-01 5.48661360e-04 4.42613288e-04
2.41428076e-01 2.07231603e-04 4.44101481e-04
2.41835441e-01 -1.62809966e-04 4.51063476e-04
2.42242804e-01 3.54331881e-04 4.47756268e-04
2.42650165e-01 -2.01270270e-04 4.43382817e-04
2.43057523e-01 5.01886045e-04 4.33422283e-04
2.43464879e-01 7.69590486e-04 4.41315060e-04
2.43872232e-01 7.28223344e-04 4.43108223e-04
2.44279584e-01 3.02354733e-04 4.42953079e-04
2.44686933e-01 -7.28583461e-04 4.28952901e-04
2.45094279e-01 5.77115927e-04 4.38903206e-04
2.45501624e-01 9.02190098e-04 4.39223789e-04
2.45908966e-01 -3.69099528e-04 4.37989620e-04
2.46316305e-01 4.42852551e-04 4.29607994e-04
2.46723643e-01 8.08442727e-05 4.38950964e-04
2.47130978e-01 -4.34622994e-04 4.32005298e-04
2.47538310e-01 -2.65900407e-04 4.25728317e-04
2.47945641e-01 1.78881537e-04 4.40451706e-04
2.48352969e-01 2.75928567e-04 4.32213507e-04
2.48760294e-01 2.38932929e-05 4.31664065e-04
2.49167618e-01 4.55269080e-04 4.21156380e-04
2.49574939e-01 5.43856568e-04 4.29636273e-04
2.49982257e-01 1.39736579e-04 4.28072856e-04
2.50389573e-01 3.03120613e-04 4.29514555e-04
2.50796887e-01 -1.69963181e-04 4.30379895e-04
2.51204199e-01 8.05946602e-04 4.30945459e-04
2.51611508e-01 6.55991121e-04 4.20504007e-04
2.52018815e-01 -1.26284444e-04 4.24392010e-04
2.52426119e-01 2.53772568e-04 4.35434991e-04
2.52833421e-01 4.46759053e-04 4.29352467e-04
2.53240720e-01 6.52198840e-04 4.35548079e-04
2.53648017e-01 3.80971748e-04 4.32077051e-04
2.54055312e-01 2.63077464e-04 4.23077170e-04
2.54462605e-01 4.52165495e-04 4.29036822e-04
2.54869894e-01 4.35621961e-04 4.23369992e-04
2.55277182e-01 -4.47065937e-04 4.22063023e-04
2.55684467e-01 7.28765686e-04 4.25871792e-04
2.56091750e-01 2.32112146e-04 4.26162923e-04
2.56499030e-01 1.60049191e-04 4.19821293e-04
2.56906308e-01 3.69814132e-04 4.22016724e-04
2.57313583e-01 2.64349138e-04 4.21427938e-04
2.57720856e-01 -2.91340688e-04 4.22002295e-04
2.58128127e-01 5.72942797e-05 4.09713504e-04
2.58535395e-01 7.31894618e-05 4.11199796e-04
2.58942661e-01 4.42814551e-04 4.17482859e-04
2.59349924e-01 1.33708791e-04 4.19010878e-04
2.59757184e-01 2.76089157e-04 4.19159166e-04
2.60164443e-01 3.03701551e-04 4.21210711e-04
2.60571699e-01 -7.12055404e-04 4.17590504e-04
2.60978952e-01 2.47875568e-04 4.14588334e-04
2.61386203e-01 7.76787710e-04 4.18736523e-04
2.61793451e-01 -6.12286752e-04 4.08969827e-04
2.62200697e-01 8.30371742e-05 4.13197409e-04
2.62607941e-01 3.69920718e-04 4.22793377e-04
2.63015182e-01 3.20102058e-04 4.22611101e-04
2.63422420e-01 -1.70391465e-04 4.11828026e-04
2.63829656e-01 -3.67696334e-04 4.13663264e-04
2.64236890e-01 3.15740239e-05 4.18936874e-04
2.64644121e-01 5.41292162e-06 4.21974240e-04
2.65051349e-01 -5.71490775e-04 4.09163504e-04
2.65458575e-01 -8.54268222e-05 4.00595570e-04
2.65865799e-01 3.49096394e-04 4.10948606e-04
2.66273019e-01 -1.81458844e-04 4.14445326e-04
2.66680238e-01 3.23819908e-04 4.11692521e-04
2.67087454e-01 1.27881877e-04 4.14077304e-04
2.67494667e-01 -2.70242936e-04 4.03628511e-04
2.67901878e-01 2.96663517e-04 4.09141224e-04
2.68309086e-01 6.86940802e-04 4.14025326e-04
2.68716292e-01 2.95441714e-04 4.05620545e-04
2.69123495e-01 -2.09591899e-04 4.07698937e-04
2.69530696e-01 -2.04906954e-04 4.04070155e-04
2.69937894e-01 5.23672168e-04 4.04998154e-04
2.70345090e-01 2.20795274e-04 4.03523839e-04
2.70752283e-01 -2.34088901e-05 3.99741328e-04
2.71159473e-01 2.34379775e-04 4.04633491e-04
2.71566661e-01 1.18702154e-03 4.10706856e-04
2.71973847e-01 4.72799680e-04 3.99371138e-04
2.72381030e-01 -6.19306500e-05 4.16894841e-04
2.72788210e-01 -4.40358049e-04 4.04947056e-04
2.73195387e-01 5.22972343e-04 4.04730135e-04
2.73602562e-01 5.38448017e-04 3.99117396e-04
2.74009735e-01 6.21016998e-04 4.05749609e-04
2.74416905e-01 -4.38316659e-04 3.98437339e-04
2.74824072e-01 -2.98792077e-04 4.03610006e-04
2.75231237e-01 1.12558316e-04 4.05682891e-04
2.75638399e-01 -4.02419220e-04 3.99942525e-04
2.76045558e-01 4.03698121e-04 3.95890780e-04
2.76452715e-01 1.09681176e-04 3.96349558e-04
2.76859869e-01 -3.45735548e-06 3.93380995e-04
2.77267021e-01 -2.12269920e-04 4.00574268e-04
2.77674170e-01 -6.36378277e-04 3.90255010e-04
2.78081316e-01 1.79945489e-04 3.90681652e-04
2.78488460e-01 2.84684885e-04 4.02373292e-04
2.78895601e-01 1.10362638e-04 3.98099895e-04
2.79302740e-01 1.70843652e-04 3.95415289e-04
2.79709875e-01 2.19967742e-04 3.92712766e-04
2.80117009e-01 -1.70248464e-04 3.94058544e-04
2.80524139e-01 4.20424635e-05 3.87609709e-04
2.80931267e-01 -3.53860375e-04 3.96938849e-04
2.81338392e-01 5.57138090e-04 4.00872967e-04
2.81745515e-01 2.73322028e-04 4.01490394e-04
2.82152635e-01 1.03441423e-03 3.98755310e-04
2.82559752e-01 1.97832800e-04 3.92355547e-04
2.82966866e-01 -8.24848500e-05 3.88832408e-04
2.83373978e-01 1.11588009e-04 3.86204188e-04
2.83781088e-01 -1.01870173e-04 3.85205895e-04
2.84188194e-01 1.26245031e-03 3.96666220e-04
2.84595298e-01 2.63503155e-05 3.88294242e-04
2.85002399e-01 -6.91064182e-05 3.97425851e-04
2.85409497e-01 2.62920718e-04 4.04521349e-04
2.85816593e-01 -5.33789683e-05 3.95055010e-04
2.86223686e-01 1.81794520e-04 3.94348156e-04
2.86630777e-01 -2.41818208e-04 3.96731508e-04
2.87037864e-01 -2.03443094e-04 3.96005262e-04
2.87444949e-01 2.35709050e-04 4.03692165e-04
2.87852031e-01 8.20281114e-04 4.07207957e-04
2.88259111e-01 3.15012030e-04 3.97035353e-04
2.88666188e-01 6.00223495e-05 3.96328058e-04
2.89073262e-01 -3.78609250e-04 3.94748000e-04
2.89480333e-01 3.76052670e-04 3.95938179e-04
2.89887401e-01 -1.71558818e-04 3.97197330e-04
2.90294467e-01 9.11903103e-05 4.00316620e-04
2.90701530e-01 1.55029677e-04 3.87508438e-04
2.91108591e-01 -2.60876177e-04 3.90808746e-04
2.91515648e-01 -1.51744495e-04 3.98291706e-04
2.91922703e-01 8.95520712e-04 3.97702808e-04
2.92329755e-01 8.87993566e-04 3.94122254e-04
2.92736804e-01 4.41228926e-05 3.87060742e-04
2.93143851e-01 1.35674771e-04 3.86942982e-04
2.93550895e-01 4.08300095e-04 3.89658887e-04
2.93957936e-01 -1.53369162e-04 3.96988530e-04
2.94364974e-01 7.51781462e-04 3.96142517e-04
2.94772009e-01 1.14395626e-04 3.95297630e-04
2.95179042e-01 4.79757415e-05 3.95457852e-04
2.95586072e-01 1.10675246e-04 4.03671267e-04
2.95993099e-01 4.93094876e-04 3.90401497e-04
2.96400123e-01 -5.18310142e-04 3.88521769e-04
2.96807145e-01 2.02747900e-04 3.93822185e-04
2.97214163e-01 -5.49011011e-05 3.90363473e-04
2.97621179e-01 -8.78188025e-05 3.93117521e-04
2.98028192e-01 2.34881092e-04 3.90120489e-04
2.98435202e-01 2.78317057e-04 3.94804510e-04
2.98842210e-01 1.36522217e-04 3.99193584e-04
2.99249214e-01 8.08997277e-04 4.04686116e-04
2.99656216e-01 -4.07180529e-04 3.90373086e-04
3.00063215e-01 -3.38234145e-04 3.88835158e-04
3.00470211e-01 4.03842707e-04 3.98792714e-04
3.00877204e-01 3.53166917e-04 3.93942161e-04
3.01284194e-01 8.67496004e-04 3.90694582e-04
3.01691182e-01 -2.15443618e-04 3.91477710e-04
3.02098167e-01 7.26964959e-04 3.92984026e-04
3.02505149e-01 -2.19801189e-04 3.90874674e-04
3.02912128e-01 -7.26240873e-05 3.92466408e-04
3.03319104e-01 -9.27951555e-05 3.90190213e-04
3.03726077e-01 -4.15615149e-04 3.92475849e-04
3.04133047e-01 2.11889069e-04 3.92607273e-04
3.04540015e-01 -4.87609718e-04 3.93045735e-04
3.04946979e-01 3.25460848e-04 3.90280348e-04
3.05353941e-01 1.81859539e-04 3.90992310e-04
3.05760900e-01 3.98848894e-04 3.92429121e-04
3.06167856e-01 5.81536992e-04 3.91698912e-04
3.06574809e-01 3.85155815e-04 3.95018952e-04
3.06981759e-01 1.69973052e-04 3.87207215e-04
3.07388706e-01 1.23813452e-04 3.91230487e-04
3.07795651e-01 -1.93167288e-04 3.90714042e-04
3.08202592e-01 -1.22040873e-05 3.88239183e-04
3.08609531e-01 6.72924465e-05 3.84206301e-04
3.09016466e-01 5.64284620e-04 3.89640311e-04
3.09423399e-01 5.45519518e-04 3.98577655e-04
3.09830329e-01 2.90354685e-04 4.08574545e-04
3.10237256e-01 -2.37347160e-05 4.01619863e-04
3.10644180e-01 3.18719986e-04 4.00783254e-04
3.11051101e-01 -2.73607590e-04 3.98828094e-04
3.11458019e-01 -2.31951071e-04 3.97033497e-04
3.11864934e-01 6.81185356e-05 4.05680910e-04
3.12271846e-01 1.71164616e-04 4.02009146e-04
3.12678755e-01 -1.92876173e-04 3.95775058e-04
3.13085661e-01 -2.55172543e-04 3.95959458e-04
3.13492565e-01 1.86647349e-05 4.01415736e-04
3.13899465e-01 1.20906926e-04 4.02792122e-04
3.14306362e-01 -2.36384646e-04 4.01561516e-04
3.14713257e-01 -2.30015608e-04 3.98766578e-04
3.15120148e-01 -9.12275222e-05 3.97888384e-04
3.15527037e-01 -6.00266222e-04 4.00444722e-04
3.15933922e-01 3.06462884e-04 4.13204104e-04
3.16340805e-01 -6.92558898e-04 4.41529803e-04
3.16747684e-01 2.01120122e-04 4.84894088e-04
3.17154561e-01 2.93011593e-04 5.07652495e-04
3.17561434e-01 6.92214019e-04 5.47954936e-04
3.17968305e-01 6.71765031e-04 5.71442801e-04
3.18375172e-01 -2.44545235e-04 5.93047567e-04
3.18782037e-01 5.95580412e-04 6.29128240e-04
3.19188898e-01 -4.98423835e-04 6.62141012e-04
3.19595757e-01 -1.55834994e-03 6.72202780e-04
3.20002612e-01 1.63695598e-04 6.96814869e-04
3.20409465e-01 9.94112837e-04 7.66763615e-04
3.20816314e-01 1.55453212e-03 8.48272300e-04
3.21223160e-01 -2.06706923e-04 9.40485224e-04
3.21630004e-01 -7.10532975e-05 1.06572032e-03
3.22036844e-01 4.46983890e-04 1.36743082e-03
3.22443681e-01 -1.35263043e-03 2.00204066e-03
3.22850516e-01 1.03906135e-03 5.94825617e-03
