4.08043586e-03 -2.74551146e-02 2.84134045e-02
4.48847930e-03 -3.60376931e-02 2.70001738e-02
4.89652269e-03 -1.09548354e-02 1.96030092e-02
5.30456604e-03 -1.45711844e-02 1.40831920e-02
5.71260934e-03 -1.08082153e-02 1.11179001e-02
6.12065258e-03 -1.02721748e-02 8.92053484e-03
6.52869577e-03 -1.11649064e-02 8.08646556e-03
6.93673889e-03 -1.06902158e-02 6.37642104e-03
7.34478195e-03 -3.03012692e-03 5.92893240e-03
7.75282494e-03 -2.16870530e-03 5.28189361e-03
8.16086785e-03 3.90661635e-03 4.99463820e-03
8.56891069e-03 3.10307635e-03 4.97071503e-03
8.97695345e-03 -1.09691905e-03 3.87461634e-03
9.38499612e-03 -3.13100604e-03 3.61418416e-03
9.79303870e-03 -2.99471218e-03 3.69667351e-03
1.02010812e-02 -1.40217426e-03 3.56276682e-03
1.06091236e-02 -3.61705986e-03 3.06379201e-03
1.10171659e-02 -4.23812836e-03 3.27239563e-03
1.14252081e-02 -5.65482630e-04 3.07142345e-03
1.18332501e-02 -1.93738064e-03 2.98543379e-03
1.22412921e-02 1.03635165e-05 2.74494845e-03
1.26493339e-02 2.87054785e-03 2.77560590e-03
1.30573757e-02 1.28128117e-03 2.51541427e-03
1.34654173e-02 4.88230594e-03 2.51122873e-03
1.38734588e-02 1.09682428e-03 2.27360169e-03
1.42815001e-02 9.81989935e-04 2.42841320e-03
1.46895413e-02 -1.18925377e-03 2.16114236e-03
1.50975824e-02 1.24750318e-04 2.28759307e-03
1.55056233e-02 -2.36802487e-03 2.12212961e-03
1.59136641e-02 1.76349148e-03 2.09864275e-03
1.63217047e-02 5.88669805e-03 2.08160620e-03
1.67297452e-02 7.66311960e-04 2.08795130e-03
1.71377855e-02 3.70373012e-03 1.90563752e-03
1.75458257e-02 3.13323479e-03 1.94039496e-03
1.79538657e-02 -2.69040490e-03 1.82621596e-03
1.83619055e-02 -8.08832837e-04 1.88782089e-03
1.87699451e-02 1.45525150e-03 1.97140029e-03
1.91779846e-02 1.17406596e-03 1.90629469e-03
1.95860239e-02 -1.30420494e-04 1.96167823e-03
1.99940630e-02 -7.31763431e-05 1.74760113e-03
2.04021019e-02 2.91536717e-03 1.86285565e-03
2.08101406e-02 2.14722632e-04 1.77763101e-03
2.12181791e-02 -3.94532660e-04 1.71341811e-03
2.16262174e-02 -4.68046312e-05 1.77257199e-03
2.20342555e-02 -2.28699035e-03 1.74180745e-03
2.24422934e-02 -1.49482979e-03 1.63241785e-03
2.28503311e-02 -1.97158609e-04 1.57133787e-03
2.32583686e-02 8.37215898e-04 1.72005532e-03
2.36664058e-02 -8.19984753e-05 1.66481041e-03
2.40744429e-02 5.57271530e-04 1.55368829e-03
2.44824797e-02 -2.43762226e-03 1.59351511e-03
2.48905162e-02 -2.39309635e-03 1.56862199e-03
2.52985525e-02 -5.33781843e-07 1.63645204e-03
2.57065886e-02 -2.00702870e-03 1.61046244e-03
2.61146245e-02 -2.23431385e-03 1.60987755e-03
2.65226601e-02 2.94623587e-03 1.81783841e-03
2.69306954e-02 1.79624157e-03 1.62861227e-03
2.73387305e-02 -1.91029699e-03 1.61452963e-03
2.77467653e-02 -1.79967544e-04 1.55239582e-03
2.81547999e-02 -7.45688623e-04 1.72203508e-03
2.85628342e-02 4.56377258e-05 1.68416193e-03
2.89708682e-02 -2.78657214e-03 1.69869357e-03
2.93789020e-02 1.69664885e-03 1.69948470e-03
2.97869355e-02 2.65342980e-03 1.70406962e-03
3.01949687e-02 -1.01157808e-04 1.67937833e-03
3.06030016e-02 2.19964331e-03 1.60818966e-03
3.10110342e-02 1.19461360e-03 1.69257210e-03
3.14190665e-02 3.50439194e-03 1.60397766e-03
3.18270985e-02 8.17477574e-04 1.54119436e-03
3.22351302e-02 8.41228785e-04 1.45002927e-03
3.26431617e-02 -2.10964317e-03 1.46240392e-03
3.30511928e-02 7.57508084e-04 1.45214635e-03
3.34592236e-02 1.50590702e-04 1.48654966e-03
3.38672540e-02 6.36642656e-04 1.43344085e-03
3.42752842e-02 -2.12917799e-03 1.46405040e-03
3.46833140e-02 -1.00125756e-04 1.41010178e-03
3.50913435e-02 -2.14463478e-04 1.42043640e-03
3.54993727e-02 6.00612545e-05 1.40087831e-03
3.59074015e-02 -2.93477313e-03 1.30507441e-03
3.63154300e-02 -1.79372400e-04 1.38353928e-03
3.67234581e-02 -1.56571437e-03 1.32045183e-03
3.71314859e-02 5.86545323e-04 1.41829362e-03
3.75395134e-02 8.58440123e-04 1.37295965e-03
3.79475405e-02 1.06498562e-03 1.25766164e-03
3.83555672e-02 4.94173833e-04 1.33666864e-03
3.87635935e-02 1.36246691e-03 1.28403410e-03
3.91716195e-02 4.63574924e-04 1.30283867e-03
3.95796452e-02 -1.06682592e-03 1.28452251e-03
3.99876704e-02 3.65597774e-04 1.28393382e-03
4.03956953e-02 -5.55155856e-04 1.30141575e-03
4.08037198e-02 -2.70327405e-04 1.32548906e-03
4.12117439e-02 -2.39954102e-03 1.24899394e-03
4.16197676e-02 -3.75182977e-04 1.19738098e-03
4.20277909e-02 1.25754409e-04 1.19503143e-03
4.24358138e-02 -7.63974067e-04 1.21763679e-03
4.28438363e-02 -1.28356644e-03 1.28145140e-03
4.32518584e-02 -6.45122515e-04 1.21992863e-03
4.36598801e-02 -4.53345839e-04 1.20839793e-03
4.40679014e-02 1.81714017e-03 1.18906139e-03
4.44759222e-02 1.17554454e-03 1.24665021e-03
4.48839427e-02 3.59228084e-04 1.23359141e-03
4.52919627e-02 -9.56687461e-04 1.14386569e-03
4.56999823e-02 -3.27037034e-04 1.20206565e-03
4.61080014e-02 -1.24265948e-04 1.20735337e-03
4.65160201e-02 3.82006024e-04 1.13577914e-03
4.69240384e-02 -2.40539636e-04 1.13927033e-03
4.73320562e-02 -5.48600835e-04 1.20187877e-03
4.77400736e-02 -2.89858211e-05 1.18562481e-03
4.81480905e-02 1.94374583e-03 1.15419111e-03
4.85561070e-02 2.98998938e-04 1.13925971e-03
4.89641230e-02 3.27403536e-04 1.15177470e-03
4.93721385e-02 -2.54554812e-04 1.12017919e-03
4.97801536e-02 -2.75247884e-04 1.19882822e-03
5.01881682e-02 -6.36649543e-04 1.11388406e-03
5.05961823e-02 3.81411254e-04 1.13845871e-03
5.10041960e-02 1.15341694e-03 1.14352983e-03
5.14122091e-02 6.06109039e-04 1.11933263e-03
5.18202218e-02 1.82196765e-03 1.17017952e-03
5.22282340e-02 1.02417100e-04 1.09877748e-03
5.26362457e-02 9.30084305e-04 1.10761820e-03
5.30442569e-02 4.64629989e-04 1.13649339e-03
5.34522675e-02 -1.42995031e-03 1.09855625e-03
5.38602777e-02 1.63150151e-03 1.08571601e-03
5.42682874e-02 2.86497087e-04 1.09279469e-03
5.46762965e-02 -1.12240905e-03 1.07333099e-03
5.50843052e-02 -1.59465148e-03 1.08165029e-03
5.54923133e-02 -7.60136641e-04 1.10042658e-03
5.59003208e-02 1.13615067e-03 1.10694130e-03
5.63083279e-02 -3.51590240e-04 1.09827677e-03
5.67163344e-02 1.96057516e-04 1.12315283e-03
5.71243404e-02 -1.30428210e-03 1.08105199e-03
5.75323458e-02 2.15734803e-04 1.05592768e-03
5.79403507e-02 7.57821593e-04 1.12991021e-03
5.83483551e-02 -1.21582269e-03 1.12571564e-03
5.87563588e-02 -5.82319209e-04 1.11546432e-03
5.91643621e-02 8.20450669e-05 1.12317147e-03
5.95723647e-02 1.03782707e-03 1.09509578e-03
5.99803668e-02 -1.43822708e-03 1.12707515e-03
6.03883684e-02 -2.50286399e-04 1.14887533e-03
6.07963693e-02 6.99375086e-04 1.13607865e-03
6.12043697e-02 9.89035973e-04 1.07985193e-03
6.16123695e-02 1.72422664e-04 1.09013904e-03
6.20203687e-02 -2.92502339e-04 1.07508455e-03
6.24283674e-02 -1.07297478e-04 1.04614233e-03
6.28363654e-02 6.60986088e-04 1.04284239e-03
6.32443629e-02 -5.54762989e-04 1.02062005e-03
6.36523597e-02 -8.49573458e-04 1.04227339e-03
6.40603559e-02 -3.31491342e-04 1.03457680e-03
6.44683516e-02 4.18483106e-04 1.06173807e-03
6.48763466e-02 -2.43685771e-04 1.00915356e-03
6.52843410e-02 4.88875273e-04 1.01516311e-03
6.56923348e-02 3.51809667e-04 1.03751546e-03
6.61003279e-02 -8.26634964e-04 9.95946165e-04
6.65083205e-02 -1.02066276e-03 9.97729019e-04
6.69163124e-02 -6.57802153e-04 1.03718032e-03
6.73243036e-02 -1.50230411e-03 9.86258661e-04
6.77322943e-02 -9.68133322e-04 9.91806586e-04
6.81402842e-02 1.33739781e-03 9.99221421e-04
6.85482736e-02 1.51280372e-03 9.63197748e-04
6.89562623e-02 -1.45667486e-04 9.61338645e-04
6.93642503e-02 9.08594597e-04 9.70059967e-04
6.97722377e-02 -7.39377402e-04 9.83371288e-04
7.01802244e-02 -5.78337166e-04 9.86450971e-04
7.05882105e-02 2.89951681e-04 9.42002276e-04
7.09961958e-02 -1.39339954e-03 9.41820744e-04
7.14041805e-02 3.65728688e-04 9.75482962e-04
7.18121646e-02 7.77782097e-04 9.87715216e-04
7.22201479e-02 6.08755844e-04 9.42184484e-04
7.26281306e-02 -4.78362429e-04 9.25702101e-04
7.30361126e-02 -1.86448451e-03 9.15536264e-04
7.34440938e-02 -9.32572503e-04 8.99670343e-04
7.38520744e-02 -6.76578082e-04 9.21545123e-04
7.42600543e-02 -7.23204112e-04 9.29875533e-04
7.46680335e-02 3.75156597e-04 9.64508660e-04
7.50760119e-02 1.56115430e-05 9.28965258e-04
7.54839897e-02 -1.13767736e-03 9.15446365e-04
7.58919667e-02 1.38478464e-03 9.53306241e-04
7.62999431e-02 1.23853834e-03 9.26194203e-04
7.67079187e-02 -8.36430910e-04 8.90652423e-04
7.71158935e-02 -8.99943449e-04 9.28434325e-04
7.75238677e-02 6.95883750e-04 9.25188408e-04
7.79318411e-02 1.36327534e-03 8.99863161e-04
7.83398137e-02 1.75434092e-03 9.21299044e-04
7.87477857e-02 1.77246445e-04 9.19164095e-04
7.91557568e-02 -7.85410305e-04 8.95108967e-04
7.95637273e-02 -8.47997378e-04 8.94204149e-04
7.99716969e-02 -8.51718332e-04 8.68683419e-04
8.03796658e-02 4.56529398e-04 9.14076249e-04
8.07876340e-02 -2.64035718e-04 9.04181460e-04
8.11956014e-02 -9.06178913e-04 8.84781917e-04
8.16035680e-02 -2.49211901e-06 8.80111125e-04
8.20115338e-02 8.82441526e-04 8.54464103e-04
8.24194989e-02 -4.13805021e-05 8.74683875e-04
8.28274631e-02 7.81556652e-04 8.48602072e-04
8.32354266e-02 -9.80343693e-05 8.53490655e-04
8.36433893e-02 2.82403897e-05 8.35390848e-04
8.40513512e-02 1.69548657e-05 8.06106669e-04
8.44593123e-02 7.25438913e-04 8.53800504e-04
8.48672727e-02 -2.38848156e-04 8.51823480e-04
8.52752322e-02 -2.40283113e-04 8.43615196e-04
8.56831909e-02 7.23125578e-04 8.69304777e-04
8.60911487e-02 -8.93729203e-04 8.49307145e-04
8.64991058e-02 1.50762602e-04 8.51569186e-04
8.69070620e-02 -1.30320741e-04 8.60899657e-04
8.73150175e-02 8.51676499e-04 8.55386319e-04
8.77229721e-02 1.40747338e-03 8.55919573e-04
8.81309258e-02 -2.62474784e-05 8.28000785e-04
8.85388787e-02 -6.68196758e-04 8.25053969e-04
8.89468308e-02 -7.53218800e-05 8.49479526e-04
8.93547821e-02 -9.01169356e-04 8.29797967e-04
8.97627325e-02 -1.20695291e-03 8.05050338e-04
9.01706820e-02 -1.06790345e-03 8.12368616e-04
9.05786307e-02 -3.50133498e-04 7.93733295e-04
9.09865785e-02 3.82137242e-05 7.92187382e-04
9.13945255e-02 -8.75939913e-04 8.41449781e-04
9.18024716e-02 5.76357877e-04 8.13148993e-04
9.22104168e-02 1.00859135e-03 8.13513816e-04
9.26183611e-02 1.24403187e-03 7.77211102e-04
9.30263046e-02 -3.54299631e-05 8.21164432e-04
9.34342472e-02 1.01913586e-03 8.16175684e-04
9.38421889e-02 -1.27357721e-03 7.85893962e-04
9.42501297e-02 -4.99272000e-04 8.20025762e-04
9.46580696e-02 -4.39915689e-05 8.21719758e-04
9.50660087e-02 1.70753834e-04 8.04015131e-04
9.54739468e-02 4.31568165e-04 8.13384288e-04
9.58818840e-02 -6.01916651e-04 7.98684804e-04
9.62898203e-02 5.09841211e-05 7.79628746e-04
9.66977557e-02 9.67527037e-04 8.13706481e-04
9.71056902e-02 -1.01558414e-03 7.83947927e-04
9.75136237e-02 -1.79006161e-05 8.01865505e-04
9.79215564e-02 -3.37419741e-04 7.73931817e-04
9.83294881e-02 5.18766280e-04 7.67348918e-04
9.87374188e-02 7.59599408e-04 7.82836496e-04
9.91453487e-02 -4.21435081e-04 7.69563308e-04
9.95532775e-02 3.05450457e-05 7.67872033e-04
9.99612055e-02 -5.89370260e-04 7.79472220e-04
1.00369132e-01 -4.60857154e-04 7.56551203e-04
1.00777059e-01 -1.01291699e-03 7.52630791e-04
1.01184984e-01 -1.30297228e-03 7.60968855e-04
1.01592908e-01 5.93935246e-04 7.49246338e-04
1.02000831e-01 1.25190118e-03 7.66028569e-04
1.02408753e-01 -7.09301322e-07 7.23770040e-04
1.02816674e-01 5.06760911e-04 7.42850691e-04
1.03224595e-01 -2.86429018e-05 7.59120587e-04
1.03632514e-01 1.35440540e-04 7.60793782e-04
1.04040432e-01 6.28280473e-04 7.57760005e-04
1.04448349e-01 2.33269317e-03 7.82462232e-04
1.04856266e-01 1.27416533e-03 7.52652191e-04
1.05264181e-01 4.94004079e-05 7.64846349e-04
1.05672095e-01 9.40347459e-04 7.32468211e-04
1.06080009e-01 9.32333137e-04 7.21746700e-04
1.06487921e-01 5.59708905e-04 7.34160347e-04
1.06895832e-01 -1.93966580e-04 7.43361948e-04
1.07303743e-01 -5.44282213e-04 7.52369682e-04
1.07711652e-01 1.35018054e-03 7.57569693e-04
1.08119560e-01 -1.00244130e-04 7.52520294e-04
1.08527467e-01 7.89447538e-04 7.25888589e-04
1.08935374e-01 2.42800112e-04 7.53859978e-04
1.09343279e-01 5.70030563e-06 7.51696029e-04
1.09751183e-01 2.10878149e-04 7.43210919e-04
1.10159086e-01 1.19715532e-04 7.33600629e-04
1.10566988e-01 -3.29118334e-04 7.23965789e-04
1.10974889e-01 6.46128638e-04 7.44986461e-04
1.11382789e-01 3.20003896e-04 7.11584081e-04
1.11790688e-01 -6.09381156e-04 7.12383090e-04
1.12198586e-01 -1.53612760e-04 7.36031947e-04
1.12606482e-01 5.54604046e-05 7.48502352e-04
1.13014378e-01 1.45538948e-04 7.51678445e-04
1.13422273e-01 -6.28995268e-04 7.27233684e-04
1.13830166e-01 -7.01995521e-04 7.40561588e-04
1.14238059e-01 -6.48083485e-04 7.19742927e-04
1.14645950e-01 3.25461011e-04 7.37405823e-04
1.15053840e-01 -8.91591044e-05 7.47211581e-04
1.15461730e-01 -4.66476951e-04 7.39942713e-04
1.15869618e-01 1.39550193e-03 7.47361344e-04
1.16277505e-01 -5.32593204e-04 7.44943588e-04
1.16685391e-01 -6.44665563e-04 7.24798511e-04
1.17093275e-01 5.62573435e-05 7.36629686e-04
1.17501159e-01 -2.80913957e-04 7.66650564e-04
1.17909042e-01 -4.31155610e-04 7.17606147e-04
1.18316923e-01 1.17444577e-03 7.47051673e-04
1.18724803e-01 4.78100421e-04 7.20538205e-04
1.19132683e-01 1.36798888e-03 7.07710447e-04
1.19540561e-01 5.73626000e-04 7.41272864e-04
1.19948438e-01 9.87327362e-04 7.08812382e-04
1.20356313e-01 2.54426835e-05 6.95302445e-04
1.20764188e-01 -7.20748076e-04 6.88147422e-04
1.21172062e-01 1.23124135e-03 6.96955433e-04
1.21579934e-01 6.64088346e-05 6.96156073e-04
1.21987805e-01 1.19803629e-03 6.76100489e-04
1.22395675e-01 -4.15468506e-04 6.68711427e-04
1.22803544e-01 9.28206597e-04 6.82509337e-04
1.23211412e-01 2.44804542e-04 6.81582262e-04
1.23619278e-01 1.29146653e-03 6.90159455e-04
1.24027144e-01 -9.50238183e-04 6.61569980e-04
1.24435008e-01 -9.13637190e-04 6.75152773e-04
1.24842871e-01 8.24153694e-04 6.81334032e-04
1.25250733e-01 1.50177351e-04 6.95344959e-04
1.25658594e-01 1.21990102e-03 6.96495470e-04
1.26066453e-01 -1.32942418e-04 6.67848636e-04
1.26474311e-01 1.71260406e-03 6.89915406e-04
1.26882168e-01 -2.54643064e-04 6.61126012e-04
1.27290024e-01 6.71301309e-04 6.89726201e-04
1.27697879e-01 5.11445104e-04 6.96168967e-04
1.28105732e-01 2.30221534e-04 6.57125401e-04
1.28513585e-01 6.29942859e-04 6.71889938e-04
1.28921436e-01 -5.76030021e-04 6.53936569e-04
1.29329285e-01 -5.38613245e-04 6.65792420e-04
1.29737134e-01 -6.05017458e-04 6.69724719e-04
1.30144981e-01 5.83200387e-04 6.71312710e-04
1.30552828e-01 4.63732593e-04 6.56256735e-04
1.30960672e-01 9.44235485e-05 6.42649096e-04
1.31368516e-01 -4.53681001e-04 6.41956113e-04
1.31776358e-01 -9.32680193e-04 6.34358545e-04
1.32184200e-01 2.57576252e-04 6.48751483e-04
1.32592039e-01 -1.07168311e-04 6.35131463e-04
1.32999878e-01 -1.03150000e-05 6.31131313e-04
1.33407715e-01 1.53226136e-04 6.41098583e-04
1.33815552e-01 1.27185740e-03 6.43428086e-04
1.34223386e-01 5.30347415e-04 6.25752859e-04
1.34631220e-01 7.14391866e-04 6.36528103e-04
1.35039052e-01 -1.76937720e-04 6.43532276e-04
1.35446883e-01 -4.56340756e-04 6.35936085e-04
1.35854713e-01 -7.11906000e-04 6.30189454e-04
1.36262541e-01 -4.53222552e-04 6.36831030e-04
1.36670368e-01 -2.31620711e-04 6.43237591e-04
1.37078194e-01 9.22963104e-04 6.36620910e-04
1.37486019e-01 2.82690728e-05 6.42225090e-04
1.37893842e-01 3.04586742e-05 6.40028154e-04
1.38301664e-01 4.38033614e-04 6.38320389e-04
1.38709485e-01 -4.44754855e-04 6.29085577e-04
1.39117304e-01 1.12644723e-03 6.45367896e-04
1.39525122e-01 -4.02440297e-04 6.38159901e-04
1.39932939e-01 4.08510777e-04 6.12451727e-04
1.40340754e-01 -1.12470101e-03 6.42007125e-04
1.40748568e-01 2.29352259e-04 6.43318989e-04
1.41156381e-01 4.04151691e-05 6.20676609e-04
1.41564192e-01 -4.41740133e-04 6.09797994e-04
1.41972002e-01 1.44996760e-04 6.21722621e-04
1.42379811e-01 -8.90363489e-04 6.20721168e-04
1.42787618e-01 -3.49395509e-04 6.33650356e-04
1.43195424e-01 4.02929822e-04 6.26691616e-04
1.43603228e-01 4.19121453e-04 6.27489554e-04
1.44011032e-01 4.91427961e-04 6.40457012e-04
1.44418833e-01 -6.07896573e-04 6.18139660e-04
1.44826634e-01 -1.15423181e-04 6.33753099e-04
1.45234433e-01 1.85164240e-04 6.21993139e-04
1.45642231e-01 9.91338856e-05 6.33894158e-04
1.46050027e-01 1.59729555e-04 6.15279805e-04
1.46457822e-01 3.34148753e-04 6.46898137e-04
1.46865616e-01 8.77086044e-04 6.38498968e-04
1.47273408e-01 9.97560331e-04 6.46336333e-04
1.47681199e-01 6.71368671e-05 6.27135301e-04
1.48088988e-01 3.35955904e-04 6.17561463e-04
1.48496776e-01 9.36024450e-04 6.39570740e-04
1.48904563e-01 9.92358620e-04 6.24399861e-04
1.49312348e-01 8.82691207e-04 6.32673233e-04
1.49720132e-01 4.01268720e-04 6.24598253e-04
1.50127914e-01 1.32945196e-03 6.27027824e-04
1.50535695e-01 5.37681702e-04 6.07199963e-04
1.50943474e-01 -7.55649114e-04 6.09375376e-04
1.51351252e-01 4.62502129e-04 6.19404120e-04
1.51759029e-01 -2.86514441e-04 6.10266096e-04
1.52166804e-01 -6.10676827e-04 6.05207756e-04
1.52574578e-01 9.07272464e-04 6.08513689e-04
1.52982350e-01 -1.03936903e-03 6.06584074e-04
1.53390121e-01 9.54049857e-05 5.94978589e-04
1.53797890e-01 -6.11868398e-04 5.94806247e-04
1.54205658e-01 1.00598536e-03 6.21840843e-04
1.54613425e-01 1.01173235e-03 6.00245165e-04
1.55021190e-01 3.73391138e-04 5.99383520e-04
1.55428953e-01 3.60072112e-04 5.88070201e-04
1.55836716e-01 -1.07237283e-03 5.94345056e-04
1.56244476e-01 4.81414221e-04 5.94096741e-04
1.56652235e-01 2.64366223e-04 6.05407680e-04
1.57059993e-01 6.94028888e-05 5.82649635e-04
1.57467749e-01 2.88531422e-04 5.79471891e-04
1.57875504e-01 -6.28022884e-04 5.73314072e-04
1.58283257e-01 8.48438850e-04 5.89916774e-04
1.58691008e-01 7.23608456e-05 5.78888192e-04
1.59098758e-01 -1.06692573e-03 5.73823689e-04
1.59506507e-01 2.02027673e-04 5.74986585e-04
1.59914254e-01 5.58646264e-04 5.76265328e-04
1.60322000e-01 1.34507518e-04 5.87306234e-04
1.60729744e-01 -1.48870688e-04 5.59680711e-04
1.61137486e-01 -1.01832057e-03 5.74465521e-04
1.61545228e-01 7.41848843e-04 5.79737480e-04
1.61952967e-01 9.06108204e-04 5.69954318e-04
1.62360705e-01 -9.40064552e-04 5.79232850e-04
1.62768441e-01 -4.56851762e-04 5.65728280e-04
1.63176176e-01 -3.17818977e-04 5.84336816e-04
1.63583910e-01 -2.00690380e-04 5.57790363e-04
1.63991641e-01 8.97064326e-06 5.65109603e-04
1.64399372e-01 -4.01344919e-04 5.68999034e-04
1.64807100e-01 -6.30998093e-04 5.74240897e-04
1.65214827e-01 -1.01642266e-03 5.75282759e-04
1.65622553e-01 7.43387951e-05 5.64675233e-04
1.66030277e-01 1.07471761e-03 5.83274276e-04
1.66437999e-01 1.16788072e-04 5.81570731e-04
1.66845720e-01 3.36046148e-04 5.59470281e-04
1.67253439e-01 4.72745472e-04 5.69582028e-04
1.67661157e-01 6.97546721e-04 5.63729467e-04
1.68068873e-01 -6.16662734e-04 5.47772655e-04
1.68476588e-01 2.19863364e-04 5.57720503e-04
1.68884301e-01 -1.11201283e-03 5.53893899e-04
1.69292012e-01 -8.54880431e-05 5.45778290e-04
1.69699721e-01 5.96849242e-04 5.55155413e-04
1.70107430e-01 -9.86472999e-05 5.67136960e-04
1.70515136e-01 7.36229397e-04 5.51867728e-04
1.70922841e-01 2.71535441e-04 5.41384353e-04
1.71330544e-01 -6.42725382e-04 5.47384338e-04
1.71738246e-01 6.99606987e-05 5.46630333e-04
1.72145946e-01 -7.69863957e-04 5.34407899e-04
1.72553644e-01 3.06656727e-04 5.51514680e-04
1.72961341e-01 -2.41713250e-04 5.40691414e-04
1.73369036e-01 4.06570395e-05 5.55705672e-04
1.73776729e-01 8.26079446e-04 5.46399302e-04
1.74184421e-01 4.59770235e-05 5.40542113e-04
1.74592111e-01 3.19067891e-04 5.40517934e-04
1.74999799e-01 3.64278440e-04 5.46030471e-04
1.75407486e-01 5.28603538e-04 5.44133729e-04
1.75815171e-01 6.94655215e-05 5.38565136e-04
1.76222855e-01 -7.06036273e-04 5.36516457e-04
1.76630537e-01 1.38081109e-04 5.42620707e-04
1.77038217e-01 -5.18310769e-05 5.45067452e-04
1.77445895e-01 -3.58463948e-04 5.29381085e-04
1.77853572e-01 1.40087234e-04 5.51299967e-04
1.78261247e-01 4.67077635e-05 5.29864600e-04
1.78668921e-01 -6.66827952e-04 5.22684224e-04
1.79076592e-01 2.04958308e-04 5.32090986e-04
1.79484262e-01 -3.32586149e-04 5.27886526e-04
1.79891931e-01 -1.43207840e-04 5.15694385e-04
1.80299597e-01 -7.47374243e-04 5.14802349e-04
1.80707262e-01 2.35603640e-04 5.29211479e-04
1.81114925e-01 1.17728430e-04 5.27741591e-04
1.81522587e-01 1.15608734e-04 5.28387625e-04
1.81930247e-01 -4.66167488e-04 5.16877789e-04
1.82337905e-01 3.31135529e-04 5.13938682e-04
1.82745561e-01 -3.61393161e-05 5.28001716e-04
1.83153215e-01 -1.61481678e-04 5.22262685e-04
1.83560868e-01 -5.57301960e-04 5.21161295e-04
1.83968519e-01 -9.28259505e-04 5.12700109e-04
1.84376169e-01 4.24449236e-04 5.21797261e-04
1.84783816e-01 1.99657063e-04 5.28422503e-04
1.85191462e-01 1.54504313e-04 5.21320940e-04
1.85599106e-01 1.27133078e-04 5.15188464e-04
1.86006749e-01 3.54626114e-04 5.22375384e-04
1.86414389e-01 1.01421746e-03 5.13261470e-04
1.86822028e-01 1.71313921e-04 5.17271651e-04
1.87229665e-01 1.10293859e-03 5.21277588e-04
1.87637300e-01 1.16884704e-04 5.04412753e-04
1.88044934e-01 6.56331120e-05 5.05326681e-04
1.88452566e-01 -4.44227377e-04 5.05409744e-04
1.88860195e-01 2.04087026e-04 5.05844903e-04
1.89267824e-01 7.57432328e-05 5.06704060e-04
1.89675450e-01 2.70074594e-04 5.04348293e-04
1.90083074e-01 1.56762131e-04 4.99401973e-04
1.90490697e-01 -5.07206860e-04 4.96880466e-04
1.90898318e-01 -3.33080277e-04 5.14616166e-04
1.91305937e-01 -4.38514032e-04 4.95866226e-04
1.91713555e-01 -4.77046698e-04 5.00217809e-04
1.92121170e-01 -1.61015079e-04 4.98664401e-04
1.92528784e-01 -1.25533277e-03 4.95170345e-04
1.92936396e-01 -2.50097087e-05 4.98448322e-04
1.93344006e-01 -4.37088658e-04 5.17313867e-04
1.93751614e-01 9.05212812e-04 5.16251165e-04
1.94159220e-01 -5.37259786e-04 4.99122445e-04
1.94566825e-01 -7.93575205e-04 4.86612827e-04
1.94974427e-01 2.70204675e-04 5.00250717e-04
1.95382028e-01 -4.89939011e-04 5.02414509e-04
1.95789627e-01 2.38883627e-04 5.05722138e-04
1.96197224e-01 1.27615221e-03 5.11281661e-04
1.96604820e-01 1.60068876e-04 4.87104993e-04
1.97012413e-01 2.91270489e-04 4.90841186e-04
1.97420005e-01 -3.17567022e-04 4.92218305e-04
1.97827594e-01 -4.16985965e-04 5.02144909e-04
1.98235182e-01 -7.42630868e-04 5.06535365e-04
1.98642768e-01 6.97348145e-04 5.03228133e-04
1.99050352e-01 8.83623098e-06 4.95578695e-04
1.99457934e-01 2.90018114e-04 5.05145202e-04
1.99865514e-01 -3.45749006e-05 4.99520927e-04
2.00273093e-01 2.02951649e-04 5.13008300e-04
2.00680669e-01 2.50439512e-04 5.14277322e-04
2.01088244e-01 4.58895950e-04 5.18155930e-04
2.01495816e-01 -6.15076899e-04 5.14360470e-04
2.01903387e-01 1.58670215e-04 5.17785722e-04
2.02310956e-01 -1.53633724e-04 5.11076227e-04
2.02718523e-01 -2.48464084e-04 5.07318264e-04
2.03126088e-01 2.52212319e-04 5.29819952e-04
2.03533651e-01 7.19810439e-04 5.14569133e-04
2.03941212e-01 3.19827712e-04 5.16178676e-04
2.04348771e-01 6.41982104e-04 5.11826181e-04
2.04756329e-01 8.95824280e-05 5.01009293e-04
2.05163884e-01 6.31507319e-04 5.09018518e-04
2.05571438e-01 -8.47397555e-06 4.99234383e-04
2.05978989e-01 4.27069640e-06 4.88944245e-04
2.06386539e-01 9.52935523e-04 4.92839182e-04
2.06794086e-01 -1.17896274e-04 4.92785447e-04
2.07201632e-01 7.26912962e-04 4.92388878e-04
2.07609175e-01 -5.47760507e-04 4.86904422e-04
2.08016717e-01 6.02076838e-05 4.98863307e-04
2.08424257e-01 -1.81224178e-04 4.88956322e-04
2.08831794e-01 -1.19428972e-04 4.78177713e-04
2.09239330e-01 6.05183696e-05 4.82651277e-04
2.09646864e-01 5.68050077e-04 4.91845723e-04
2.10054396e-01 1.69778329e-04 4.91271917e-04
2.10461925e-01 -4.56329525e-04 4.89979927e-04
2.10869453e-01 9.17849302e-05 4.82820307e-04
2.11276979e-01 -8.79853207e-05 4.81394477e-04
2.11684503e-01 -8.26701296e-05 4.82286423e-04
2.12092025e-01 2.24332364e-04 4.80696292e-04
2.12499544e-01 7.36549823e-04 4.84519686e-04
2.12907062e-01 1.15928089e-03 4.77945702e-04
2.13314578e-01 -1.60290642e-04 4.70731401e-04
2.13722092e-01 -4.32295965e-04 4.74076843e-04
2.14129603e-01 1.01936039e-04 4.81258013e-04
2.14537113e-01 5.06914263e-04 4.87679876e-04
2.14944621e-01 6.30287384e-04 4.70258135e-04
2.15352126e-01 4.20065881e-04 4.71030832e-04
2.15759630e-01 6.01964040e-05 4.73978020e-04
2.16167131e-01 -2.89178517e-04 4.72066717e-04
2.16574631e-01 -4.36282599e-04 4.66003393e-04
2.16982128e-01 4.06348629e-04 4.70097008e-04
2.17389624e-01 6.06729992e-05 4.79789193e-04
2.17797117e-01 -2.15457418e-04 4.70809620e-04
2.18204608e-01 3.18676790e-04 4.67841942e-04
2.18612098e-01 4.91960718e-04 4.56380893e-04
2.19019585e-01 6.44225470e-04 4.60621283e-04
2.19427070e-01 6.47804131e-04 4.55397875e-04
2.19834553e-01 -4.81948038e-04 4.71916196e-04
2.20242034e-01 4.65670178e-04 4.64742507e-04
2.20649512e-01 4.42883168e-04 4.48958980e-04
2.21056989e-01 -2.70626961e-04 4.59914681e-04
2.21464464e-01 -4.88795297e-04 4.64946151e-04
2.21871936e-01 -1.02525736e-03 4.52495330e-04
2.22279407e-01 2.18227193e-04 4.69179153e-04
2.22686875e-01 6.03203538e-04 4.69182068e-04
2.23094341e-01 5.76467415e-04 4.65498674e-04
2.23501805e-01 -3.66346786e-04 4.62310130e-04
2.23909267e-01 9.32437649e-04 4.66483103e-04
2.24316727e-01 7.69982351e-05 4.59471035e-04
2.24724185e-01 7.22001175e-04 4.62983510e-04
2.25131641e-01 1.56124675e-04 4.54513628e-04
2.25539094e-01 3.19360377e-04 4.55124752e-04
2.25946545e-01 4.85671192e-04 4.55917850e-04
2.26353995e-01 6.17911205e-04 4.52579506e-04
2.26761442e-01 6.39856901e-05 4.49856378e-04
2.27168887e-01 9.35687559e-07 4.59901334e-04
2.27576329e-01 1.08580413e-04 4.56146073e-04
2.27983770e-01 4.28437739e-04 4.51331288e-04
2.28391208e-01 -2.55519162e-04 4.54908181e-04
2.28798645e-01 6.14251329e-04 4.53330481e-04
2.29206079e-01 -4.48783750e-04 4.59821763e-04
2.29613511e-01 7.45768571e-04 4.61213277e-04
2.30020941e-01 2.89827217e-04 4.57477881e-04
2.30428368e-01 9.17707823e-04 4.64980179e-04
2.30835794e-01 -1.34857359e-04 4.69530726e-04
2.31243217e-01 -8.59913507e-04 4.62637693e-04
2.31650638e-01 5.91546957e-04 4.60984743e-04
2.32058057e-01 9.47580686e-05 4.57578345e-04
2.32465473e-01 7.87687025e-04 4.57628978e-04
2.32872888e-01 4.95779650e-04 4.63544927e-04
2.33280300e-01 -1.87114421e-04 4.72549312e-04
2.33687710e-01 5.63456271e-04 4.64137435e-04
2.34095118e-01 -2.34021749e-04 4.70705467e-04
2.34502524e-01 9.70665553e-05 4.59748108e-04
2.34909927e-01 4.33339564e-04 4.72130151e-04
2.35317328e-01 -5.89293307e-04 4.70816372e-04
2.35724727e-01 -2.75213416e-04 4.54724663e-04
2.36132124e-01 4.86735266e-05 4.61774366e-04
2.36539518e-01 -3.20296736e-04 4.54618766e-04
2.36946911e-01 5.75844237e-04 4.54964330e-04
2.37354301e-01 -4.86641648e-04 4.44449838e-04
2.37761688e-01 -6.59765329e-04 4.38514824e-04
2.38169074e-01 1.85400345e-04 4.45857683e-04
2.38576457e-01 -3.57242347e-04 4.58764822e-04
2.38983838e-01 -8.94827551e-04 4.46424645e-04
2.39391217e-01 6.43083396e-04 4.41751959e-04
2.39798593e-01 6.96062572e-04 4.50197977e-04
2.40205967e-01 -4.30293191e-05 4.46549729e-04
2.40613339e-01 2.21719641e-05 4.45422529e-04
2.41020709e-01 -7.03516451e-05 4.45523579e-04
2.41428076e-01 -5.37432179e-04 4.39831341e-04
2.41835441e-01 -2.82168005e-04 4.48218817e-04
2.42242804e-01 -2.01905779e-04 4.42948073e-04
2.42650165e-01 1.68390401e-04 4.43747623e-04
2.43057523e-01 4.25516016e-04 4.42199016e-04
2.43464879e-01 -1.77022331e-04 4.37373351e-04
2.43872232e-01 -3.70802893e-04 4.38091944e-04
2.44279584e-01 1.16255638e-03 4.36121220e-04
2.44686933e-01 3.97622145e-05 4.34345345e-04
2.45094279e-01 4.40649109e-04 4.40253387e-04
2.45501624e-01 -5.30041036e-04 4.31668422e-04
2.45908966e-01 -1.88422021e-04 4.30756836e-04
2.46316305e-01 7.11835494e-04 4.40427195e-04
2.46723643e-01 6.43146243e-04 4.41047765e-04
2.47130978e-01 9.71429823e-05 4.37800873e-04
2.47538310e-01 -2.83548872e-05 4.34132954e-04
2.47945641e-01 -5.53982350e-05 4.26140834e-04
2.48352969e-01 -3.41974166e-04 4.30968991e-04
2.48760294e-01 -6.34061971e-04 4.19945797e-04
2.49167618e-01 6.38852405e-04 4.34616611e-04
2.49574939e-01 1.11576756e-04 4.30587876e-04
2.49982257e-01 -1.16799000e-03 4.27467757e-04
2.50389573e-01 5.84398218e-05 4.22277995e-04
2.50796887e-01 6.28491707e-04 4.30325610e-04
2.51204199e-01 -2.91535488e-04 4.23727433e-04
2.51611508e-01 -3.20756890e-04 4.32863799e-04
2.52018815e-01 5.86604106e-04 4.35295686e-04
2.52426119e-01 -2.33450731e-04 4.31498248e-04
2.52833421e-01 3.08226159e-04 4.29975285e-04
2.53240720e-01 4.79620351e-04 4.30421128e-04
2.53648017e-01 5.70140315e-04 4.33764302e-04
2.54055312e-01 4.15290452e-04 4.29830436e-04
2.54462605e-01 1.13237873e-03 4.28911264e-04
2.54869894e-01 1.17345975e-04 4.14941788e-04
2.55277182e-01 -1.77049960e-04 4.25913350e-04
2.55684467e-01 4.92962331e-04 4.18258324e-04
2.56091750e-01 3.33841935e-05 4.20137525e-04
2.56499030e-01 1.98667826e-04 4.18103764e-04
2.56906308e-01 7.68148888e-04 4.25227087e-04
2.57313583e-01 3.31495706e-04 4.25604786e-04
2.57720856e-01 5.84929633e-05 4.17478020e-04
2.58128127e-01 -2.29993470e-04 4.12264789e-04
2.58535395e-01 -1.74574200e-04 4.21187530e-04
2.58942661e-01 5.62497832e-04 4.21156434e-04
2.59349924e-01 2.73571403e-04 4.17657536e-04
2.59757184e-01 4.50380100e-04 4.28860846e-04
2.60164443e-01 2.60247423e-04 4.23857547e-04
2.60571699e-01 3.67991648e-04 4.20830419e-04
2.60978952e-01 6.75450010e-04 4.31435114e-04
2.61386203e-01 2.22306613e-04 4.19464808e-04
2.61793451e-01 3.11935868e-04 4.14317810e-04
2.62200697e-01 -3.80146726e-04 4.17787288e-04
2.62607941e-01 4.12462777e-04 4.16253887e-04
2.63015182e-01 2.54374210e-04 4.08280673e-04
2.63422420e-01 -3.90991184e-05 4.10411251e-04
2.63829656e-01 2.38707309e-05 4.22170400e-04
2.64236890e-01 3.30959448e-04 4.21712566e-04
2.64644121e-01 -1.96503101e-04 4.17977572e-04
2.65051349e-01 -2.94002608e-04 4.03430961e-04
2.65458575e-01 -4.56222603e-04 4.13055057e-04
2.65865799e-01 -6.29509976e-05 4.11738957e-04
2.66273019e-01 -6.27842765e-04 4.06543844e-04
2.66680238e-01 -2.57646154e-04 4.13969016e-04
2.67087454e-01 2.74777703e-04 4.17027692e-04
2.67494667e-01 5.34315405e-05 4.14801702e-04
2.67901878e-01 2.15392143e-04 4.08681876e-04
2.68309086e-01 6.71498523e-05 4.05449858e-04
2.68716292e-01 -4.86799759e-04 4.05550532e-04
2.69123495e-01 5.44300325e-04 4.07515143e-04
2.69530696e-01 1.86087109e-04 4.03074753e-04
2.69937894e-01 -4.73678426e-04 4.03899462e-04
2.70345090e-01 3.77920290e-04 4.14025126e-04
2.70752283e-01 8.29837030e-04 4.14901074e-04
2.71159473e-01 2.18869867e-04 4.08843938e-04
2.71566661e-01 5.80141111e-04 4.04647901e-04
2.71973847e-01 1.49459437e-04 4.06570581e-04
2.72381030e-01 -1.91349847e-04 4.03187042e-04
2.72788210e-01 5.61948556e-04 4.06378602e-04
2.73195387e-01 2.28116388e-04 4.06049404e-04
2.73602562e-01 2.04698630e-04 4.08633903e-04
2.74009735e-01 3.59499196e-04 3.95246620e-04
2.74416905e-01 1.10482880e-04 4.04275531e-04
2.74824072e-01 -3.30009875e-05 3.99665072e-04
2.75231237e-01 -5.51597077e-04 3.99126944e-04
2.75638399e-01 4.13563226e-04 3.98020039e-04
2.76045558e-01 4.29387038e-04 3.94709779e-04
2.76452715e-01 1.28483540e-04 3.94806392e-04
2.76859869e-01 3.45151050e-04 3.94630969e-04
2.77267021e-01 3.93747464e-04 3.99089399e-04
2.77674170e-01 6.85073136e-04 3.99072432e-04
2.78081316e-01 -2.07912350e-04 3.99410791e-04
2.78488460e-01 2.84344773e-04 3.99557649e-04
2.78895601e-01 2.94943785e-04 3.95949558e-04
2.79302740e-01 -1.94893368e-04 3.96975590e-04
2.79709875e-01 -1.39447547e-04 3.94509780e-04
2.80117009e-01 -9.79442416e-04 3.92398242e-04
2.80524139e-01 2.77499694e-04 3.99107637e-04
2.80931267e-01 6.12565869e-04 3.97524285e-04
2.81338392e-01 1.87354699e-04 3.95805686e-04
2.81745515e-01 4.38125177e-04 3.87797435e-04
2.82152635e-01 -8.08771222e-04 3.84295721e-04
2.82559752e-01 -2.01903167e-04 3.86400334e-04
2.82966866e-01 3.74126015e-04 3.89596922e-04
2.83373978e-01 -6.09149336e-04 3.90135398e-04
2.83781088e-01 -1.24116322e-04 3.84056289e-04
2.84188194e-01 8.77632185e-05 3.95973935e-04
2.84595298e-01 -3.49577368e-04 3.86913307e-04
2.85002399e-01 -9.67580406e-05 3.96553269e-04
2.85409497e-01 2.48825547e-04 3.93439914e-04
2.85816593e-01 3.29761578e-04 3.95900142e-04
2.86223686e-01 -4.45286583e-04 3.97188416e-04
2.86630777e-01 2.30203749e-04 4.03266030e-04
2.87037864e-01 3.10096623e-05 3.98802587e-04
2.87444949e-01 5.58607896e-04 3.98394301e-04
2.87852031e-01 7.13098428e-04 4.03430777e-04
2.88259111e-01 6.48452456e-04 3.98584675e-04
2.88666188e-01 2.39098696e-04 3.99344573e-04
2.89073262e-01 4.70466034e-04 3.91807586e-04
2.89480333e-01 -7.20477412e-04 3.97005834e-04
2.89887401e-01 3.32088729e-04 4.05472428e-04
2.90294467e-01 -2.80072697e-04 3.94590941e-04
2.90701530e-01 -2.48298591e-05 4.02683837e-04
2.91108591e-01 9.77694891e-05 4.00518457e-04
2.91515648e-01 -9.00736644e-05 3.97314009e-04
2.91922703e-01 5.84997721e-04 4.00692586e-04
2.92329755e-01 6.34561140e-04 3.95787102e-04
2.92736804e-01 -5.78672991e-04 3.88890830e-04
2.93143851e-01 -1.56566930e-04 3.86545799e-04
2.93550895e-01 5.33995167e-04 3.99073931e-04
2.93957936e-01 -7.30715364e-05 3.93697580e-04
2.94364974e-01 7.41342229e-05 3.85869443e-04
2.94772009e-01 2.71706390e-04 3.95612491e-04
2.95179042e-01 -7.87248390e-04 3.90280232e-04
2.95586072e-01 7.08595929e-04 3.95769150e-04
2.95993099e-01 -3.28742655e-04 4.01646541e-04
2.96400123e-01 3.30847046e-04 3.96222682e-04
2.96807145e-01 2.70254694e-04 4.00125747e-04
2.97214163e-01 3.18753907e-04 3.92284022e-04
2.97621179e-01 -3.91209454e-04 3.87126774e-04
2.98028192e-01 6.14311365e-04 4.00758282e-04
2.98435202e-01 -5.35890116e-04 3.92964846e-04
2.98842210e-01 2.58263687e-04 3.93205546e-04
2.99249214e-01 2.94594990e-04 3.91836787e-04
2.99656216e-01 1.74010520e-04 3.93812328e-04
3.00063215e-01 -3.00648721e-05 3.96290191e-04
3.00470211e-01 1.40157515e-05 3.87900497e-04
3.00877204e-01 7.79165062e-04 3.97945286e-04
3.01284194e-01 3.64624917e-05 3.96830007e-04
3.01691182e-01 -2.64754674e-04 3.95555422e-04
3.02098167e-01 2.48460785e-04 3.98185211e-04
3.02505149e-01 -4.36613983e-04 3.83607353e-04
3.02912128e-01 1.56003876e-04 3.98839084e-04
3.03319104e-01 5.44638593e-04 3.95367576e-04
3.03726077e-01 -6.35827793e-05 3.94033784e-04
3.04133047e-01 4.00772480e-05 3.83500913e-04
3.04540015e-01 3.09419200e-04 3.95346071e-04
3.04946979e-01 -7.47814570e-05 3.93625605e-04
3.05353941e-01 3.21789162e-04 3.94438982e-04
3.05760900e-01 -3.45039815e-04 3.88378308e-04
3.06167856e-01 -3.37403444e-04 3.90929893e-04
3.06574809e-01 7.48185464e-04 3.98966907e-04
3.06981759e-01 4.03083859e-04 3.91158969e-04
3.07388706e-01 8.66031569e-04 3.89002300e-04
3.07795651e-01 5.60946896e-04 3.99175302e-04
3.08202592e-01 1.54048352e-04 3.96153984e-04
3.08609531e-01 1.64661778e-04 3.99358021e-04
3.09016466e-01 4.35134992e-04 3.97189728e-04
3.09423399e-01 -1.28351267e-04 3.99864117e-04
3.09830329e-01 -2.43992437e-04 3.95131096e-04
3.10237256e-01 2.22816659e-05 4.04676312e-04
3.10644180e-01 -2.04454179e-04 3.96594585e-04
3.11051101e-01 3.68791254e-04 4.01685778e-04
3.11458019e-01 -3.86889339e-04 4.00610043e-04
3.11864934e-01 5.07194542e-04 4.06307391e-04
3.12271846e-01 7.32106175e-04 3.99113954e-04
3.12678755e-01 -1.07046576e-04 3.99100962e-04
3.13085661e-01 4.16290665e-04 3.99789190e-04
3.13492565e-01 -1.93451328e-04 4.03228975e-04
3.13899465e-01 3.87247848e-04 4.03592824e-04
3.14306362e-01 1.34657249e-04 4.01692837e-04
3.14713257e-01 1.56635718e-04 4.11052774e-04
3.15120148e-01 -1.50537623e-04 4.01758222e-04
3.15527037e-01 2.52227027e-04 4.07127716e-04
3.15933922e-01 -1.91045461e-04 4.13164678e-04
3.16340805e-01 2.33132158e-04 4.44100259e-04
3.16747684e-01 5.01843873e-04 4.92067028e-04
3.17154561e-01 3.47467225e-05 5.14363115e-04
3.17561434e-01 -5.17732375e-04 5.30761727e-04
3.17968305e-01 9.48029248e-04 5.71272528e-04
3.18375172e-01 -1.71013648e-04 6.12221522e-04
3.18782037e-01 -4.96669192e-04 6.35484432e-04
3.19188898e-01 1.97024574e-04 6.71663478e-04
3.19595757e-01 -4.84195682e-04 6.65580845e-04
3.20002612e-01 3.08596580e-04 7.09730052e-04
3.20409465e-01 -1.50021859e-03 7.45654602e-04
3.20816314e-01 1.17348761e-03 8.37455208e-04
3.21223160e-01 -6.17443182e-04 9.56611745e-04
3.21630004e-01 -4.58562442e-04 1.03140314e-03
3.22036844e-01 5.39991199e-04 1.33293548e-03
3.22443681e-01 -3.76563471e-03 1.90296301e-03
3.22850516e-01 -3.96084776e-03 5.26495385e-03
