4.08043586e-03 -1.01219075e-01 2.75328490e-02
4.48847930e-03 -8.18939957e-02 2.62895501e-02
4.89652269e-03 -6.18819506e-02 1.95283229e-02
5.30456604e-03 -6.16365854e-02 1.35243933e-02
5.71260934e-03 -4.27873335e-02 1.12464310e-02
6.12065258e-03 -3.30525731e-02 8.91484349e-03
6.52869577e-03 -2.39950751e-02 7.41195592e-03
6.93673889e-03 -1.70474940e-02 6.39723904e-03
7.34478195e-03 -2.44582735e-02 5.67963840e-03
7.75282494e-03 -1.60537540e-02 5.08806736e-03
8.16086785e-03 -1.43965872e-02 4.52849953e-03
8.56891069e-03 -1.25497366e-02 4.33331440e-03
8.97695345e-03 -1.18762247e-02 4.28108226e-03
9.38499612e-03 -9.64038425e-03 3.85157683e-03
9.79303870e-03 -2.61820637e-04 3.61084206e-03
1.02010812e-02 -1.99466955e-03 3.12512737e-03
1.06091236e-02 -3.18310884e-04 3.30634494e-03
1.10171659e-02 -2.75870004e-03 3.13418909e-03
1.14252081e-02 -8.07275503e-04 2.74455653e-03
1.18332501e-02 -5.18537102e-03 2.74507513e-03
1.22412921e-02 1.22308539e-03 2.94577396e-03
1.26493339e-02 2.38409322e-03 2.65854252e-03
1.30573757e-02 -4.44736283e-03 2.39305728e-03
1.34654173e-02 -4.96970987e-03 2.38822368e-03
1.38734588e-02 1.75668374e-03 2.41207271e-03
1.42815001e-02 -2.45686658e-03 2.28983331e-03
1.46895413e-02 -7.71412272e-04 2.17187203e-03
1.50975824e-02 3.31486742e-03 2.15354547e-03
1.55056233e-02 1.56212898e-03 2.21530379e-03
1.59136641e-02 9.78986926e-04 2.17187624e-03
1.63217047e-02 2.30342487e-03 2.05308633e-03
1.67297452e-02 -1.15269287e-03 1.94909620e-03
1.71377855e-02 1.26212695e-03 2.03267078e-03
1.75458257e-02 1.27932783e-03 2.00639272e-03
1.79538657e-02 -2.21196247e-03 1.81329140e-03
1.83619055e-02 3.89368462e-04 1.85850088e-03
1.87699451e-02 2.51384808e-03 2.00458412e-03
1.91779846e-02 1.31514721e-03 1.92318215e-03
1.95860239e-02 -3.79326632e-03 1.79146078e-03
1.99940630e-02 -6.69966065e-05 1.78117521e-03
2.04021019e-02 8.54296861e-04 1.86224675e-03
2.08101406e-02 -5.47227035e-04 1.77392768e-03
2.12181791e-02 -3.14570799e-04 1.75886132e-03
2.16262174e-02 9.71791009e-04 1.76943123e-03
2.20342555e-02 -2.89672160e-03 1.72830774e-03
2.24422934e-02 1.65691638e-03 1.72714121e-03
2.28503311e-02 1.05658390e-03 1.63555260e-03
2.32583686e-02 -2.49590525e-04 1.64042564e-03
2.36664058e-02 6.47621759e-04 1.68559894e-03
2.40744429e-02 -3.52438865e-03 1.50918228e-03
2.44824797e-02 1.41366351e-03 1.69480248e-03
2.48905162e-02 9.10657607e-04 1.68277511e-03
2.52985525e-02 6.33410353e-04 1.56583758e-03
2.57065886e-02 2.39226643e-03 1.75454142e-03
2.61146245e-02 3.54104921e-04 1.61180701e-03
2.65226601e-02 6.26590647e-04 1.63884706e-03
2.69306954e-02 -1.52520194e-04 1.72382992e-03
2.73387305e-02 1.51369635e-03 1.73432060e-03
2.77467653e-02 9.52390194e-04 1.70454087e-03
2.81547999e-02 -1.22694576e-03 1.64991922e-03
2.85628342e-02 -1.97538899e-03 1.54794094e-03
2.89708682e-02 1.21145738e-03 1.68749216e-03
2.93789020e-02 1.57792904e-03 1.76844194e-03
2.97869355e-02 8.20874949e-04 1.62140933e-03
3.01949687e-02 1.31134073e-03 1.76577642e-03
3.06030016e-02 -1.16375054e-03 1.56061965e-03
3.10110342e-02 -1.00581548e-03 1.65375936e-03
3.14190665e-02 -6.32086975e-05 1.59937010e-03
3.18270985e-02 -8.70990241e-04 1.54327297e-03
3.22351302e-02 -6.19616803e-04 1.49411946e-03
3.26431617e-02 1.83885122e-03 1.62274311e-03
3.30511928e-02 1.98321850e-03 1.40923428e-03
3.34592236e-02 6.47656058e-04 1.50533686e-03
3.38672540e-02 -2.23243689e-03 1.36928922e-03
3.42752842e-02 -4.57007736e-04 1.37817436e-03
3.46833140e-02 -1.16551275e-03 1.44128733e-03
3.50913435e-02 1.12215161e-03 1.37488604e-03
3.54993727e-02 1.74548486e-03 1.32223608e-03
3.59074015e-02 3.76317514e-03 1.43364610e-03
3.63154300e-02 7.61821999e-04 1.45968686e-03
3.67234581e-02 2.82963909e-03 1.42046179e-03
3.71314859e-02 1.30274516e-03 1.36948652e-03
3.75395134e-02 -1.70713719e-03 1.33067141e-03
3.79475405e-02 1.40410891e-03 1.31570152e-03
3.83555672e-02 -7.27612731e-05 1.29623902e-03
3.87635935e-02 2.35991245e-03 1.37044352e-03
3.91716195e-02 1.80586263e-03 1.31485369e-03
3.95796452e-02 1.31305496e-03 1.29318593e-03
3.99876704e-02 -1.58089931e-04 1.29726806e-03
4.03956953e-02 6.38647689e-04 1.31280125e-03
4.08037198e-02 -2.49377579e-04 1.30630475e-03
4.12117439e-02 4.84260954e-04 1.31205647e-03
4.16197676e-02 4.88512215e-05 1.29327772e-03
4.20277909e-02 1.08346126e-03 1.31357668e-03
4.24358138e-02 5.10066423e-04 1.26514031e-03
4.28438363e-02 -5.46969624e-04 1.26197306e-03
4.32518584e-02 6.12535861e-04 1.20705342e-03
4.36598801e-02 1.45665003e-03 1.24108689e-03
4.40679014e-02 1.85765622e-04 1.32200751e-03
4.44759222e-02 2.56541549e-04 1.27540472e-03
4.48839427e-02 -5.15830555e-04 1.22647264e-03
4.52919627e-02 -6.24789154e-04 1.24392576e-03
4.56999823e-02 9.72489079e-04 1.24520646e-03
4.61080014e-02 3.61186449e-04 1.21032108e-03
4.65160201e-02 8.10975533e-04 1.20475844e-03
4.69240384e-02 -1.54157536e-03 1.13395938e-03
4.73320562e-02 -3.64470936e-04 1.16420393e-03
4.77400736e-02 1.94629593e-04 1.17273892e-03
4.81480905e-02 1.53140955e-03 1.17935963e-03
4.85561070e-02 -5.07429298e-04 1.08677492e-03
4.89641230e-02 1.41619791e-03 1.22558657e-03
4.93721385e-02 -8.16040396e-04 1.24466673e-03
4.97801536e-02 7.83016845e-04 1.16816767e-03
5.01881682e-02 -3.42980430e-04 1.17169563e-03
5.05961823e-02 1.00880181e-03 1.14878618e-03
5.10041960e-02 -8.42858592e-04 1.08329034e-03
5.14122091e-02 -3.20509914e-04 1.09502662e-03
5.18202218e-02 -2.01731985e-03 1.06593971e-03
5.22282340e-02 1.09222414e-03 1.09854379e-03
5.26362457e-02 -5.00475153e-04 1.16292908e-03
5.30442569e-02 -6.90802342e-04 1.08951084e-03
5.34522675e-02 -5.87698478e-04 1.09300345e-03
5.38602777e-02 1.13476450e-03 1.06289653e-03
5.42682874e-02 -7.42654918e-04 1.08535377e-03
5.46762965e-02 -8.50503938e-04 1.08551812e-03
5.50843052e-02 2.17695244e-05 1.04734215e-03
5.54923133e-02 4.16041811e-04 1.01788337e-03
5.59003208e-02 7.89519779e-05 1.05778666e-03
5.63083279e-02 6.27987855e-04 1.16738473e-03
5.67163344e-02 -9.07876881e-04 1.05260714e-03
5.71243404e-02 6.45659854e-04 1.08862759e-03
5.75323458e-02 -1.00881240e-03 1.06215596e-03
5.79403507e-02 8.62654428e-06 1.10927470e-03
5.83483551e-02 8.89986869e-04 1.10430326e-03
5.87563588e-02 3.00679841e-03 1.14189149e-03
5.91643621e-02 7.15173456e-04 1.08678088e-03
5.95723647e-02 -1.02653800e-03 1.08922686e-03
5.99803668e-02 1.27762911e-03 1.12097196e-03
6.03883684e-02 -1.71598330e-03 1.14517617e-03
6.07963693e-02 1.53991932e-03 1.11668616e-03
6.12043697e-02 -7.88103000e-04 1.11537668e-03
6.16123695e-02 -1.03097039e-03 1.04822784e-03
6.20203687e-02 3.91565396e-04 1.09541429e-03
6.24283674e-02 1.22008410e-03 1.08374643e-03
6.28363654e-02 -4.10841656e-04 1.09729673e-03
6.32443629e-02 1.18777267e-03 1.06742626e-03
6.36523597e-02 -4.23377391e-04 1.03655358e-03
6.40603559e-02 1.24629190e-03 1.08299025e-03
6.44683516e-02 1.05221415e-03 1.05339420e-03
6.48763466e-02 3.85160640e-04 1.05039552e-03
6.52843410e-02 6.47379855e-04 9.86265397e-04
6.56923348e-02 3.85335477e-04 1.04834068e-03
6.61003279e-02 5.00684554e-04 9.90905286e-04
6.65083205e-02 1.05270601e-03 1.04747528e-03
6.69163124e-02 7.78078801e-04 1.00048250e-03
6.73243036e-02 -3.54186687e-04 9.98227219e-04
6.77322943e-02 1.13233877e-03 1.01804522e-03
6.81402842e-02 1.29478230e-03 9.72890177e-04
6.85482736e-02 1.04000459e-05 9.49900131e-04
6.89562623e-02 -2.26360471e-04 9.90149726e-04
6.93642503e-02 -6.51379443e-04 9.53113628e-04
6.97722377e-02 8.21509105e-04 9.91687779e-04
7.01802244e-02 -3.07355105e-04 9.58861929e-04
7.05882105e-02 1.74486907e-03 9.99511377e-04
7.09961958e-02 8.22716244e-05 9.37855817e-04
7.14041805e-02 -6.55081868e-04 9.29588875e-04
7.18121646e-02 8.93582938e-04 9.23993363e-04
7.22201479e-02 1.25925516e-03 9.24228142e-04
7.26281306e-02 2.16325423e-05 9.60824981e-04
7.30361126e-02 1.17122150e-04 9.45866287e-04
7.34440938e-02 -1.44319057e-03 8.84611133e-04
7.38520744e-02 -5.76517750e-04 9.26612804e-04
7.42600543e-02 3.18499782e-04 9.48407325e-04
7.46680335e-02 8.15517996e-04 9.01804930e-04
7.50760119e-02 1.43779688e-03 9.31554392e-04
7.54839897e-02 -1.37914014e-04 8.82067246e-04
7.58919667e-02 -2.60589237e-04 8.88410981e-04
7.62999431e-02 -4.46715603e-04 9.08071823e-04
7.67079187e-02 -1.24861834e-03 9.10597107e-04
7.71158935e-02 -3.41897272e-04 9.10949177e-04
7.75238677e-02 1.21229167e-03 9.06755685e-04
7.79318411e-02 5.20523244e-04 9.19944410e-04
7.83398137e-02 1.03964652e-03 9.19220287e-04
7.87477857e-02 4.02984496e-04 9.02668144e-04
7.91557568e-02 2.88908643e-04 8.86971482e-04
7.95637273e-02 1.12784197e-04 8.83008790e-04
7.99716969e-02 -1.87791096e-03 8.48550924e-04
8.03796658e-02 2.15352701e-04 8.98175751e-04
8.07876340e-02 9.00003539e-04 9.29197674e-04
8.11956014e-02 4.23338864e-04 8.46991356e-04
8.16035680e-02 2.70649659e-04 8.60194406e-04
8.20115338e-02 -6.03409953e-04 8.49284565e-04
8.24194989e-02 -1.13485526e-04 8.83874326e-04
8.28274631e-02 -1.08855878e-04 8.49108553e-04
8.32354266e-02 3.26446590e-05 8.56707185e-04
8.36433893e-02 1.05689168e-03 8.72352050e-04
8.40513512e-02 7.90504394e-04 8.58100440e-04
8.44593123e-02 -7.60765810e-04 8.45521837e-04
8.48672727e-02 8.68790331e-04 8.33959070e-04
8.52752322e-02 1.12492720e-03 8.45594846e-04
8.56831909e-02 -3.04949279e-05 8.62886492e-04
8.60911487e-02 -5.90914363e-04 8.41927287e-04
8.64991058e-02 1.28938839e-04 8.20110203e-04
8.69070620e-02 -5.72569180e-04 8.46270456e-04
8.73150175e-02 9.83218123e-04 8.63764248e-04
8.77229721e-02 3.40971178e-04 8.48650970e-04
8.81309258e-02 -2.19214636e-04 8.18290943e-04
8.85388787e-02 1.44400048e-04 8.44639176e-04
8.89468308e-02 1.31360689e-03 8.40944466e-04
8.93547821e-02 -2.45699202e-04 8.26371499e-04
8.97627325e-02 -1.04306358e-03 8.25143473e-04
9.01706820e-02 -2.99060727e-04 8.11883488e-04
9.05786307e-02 9.23550469e-04 8.44775001e-04
9.09865785e-02 -6.36749051e-05 8.26458516e-04
9.13945255e-02 5.09404647e-04 7.82178990e-04
9.18024716e-02 3.12908125e-04 8.10142092e-04
9.22104168e-02 5.68067839e-04 8.19613540e-04
9.26183611e-02 2.53469321e-04 7.93983507e-04
9.30263046e-02 8.58505839e-04 8.21056328e-04
9.34342472e-02 -1.56310586e-03 8.19959822e-04
9.38421889e-02 -2.19580116e-05 8.32627172e-04
9.42501297e-02 1.32215692e-03 8.35944942e-04
9.46580696e-02 -1.42357287e-03 7.94223491e-04
9.50660087e-02 1.48888705e-03 8.36911472e-04
9.54739468e-02 -1.47895082e-03 8.01833951e-04
9.58818840e-02 1.39891680e-04 8.07667920e-04
9.62898203e-02 4.47914728e-04 8.03753285e-04
9.66977557e-02 -8.40435544e-05 7.93731294e-04
9.71056902e-02 3.38432819e-04 7.85615783e-04
9.75136237e-02 3.08908030e-04 7.77874233e-04
9.79215564e-02 -3.89888714e-04 7.86040574e-04
9.83294881e-02 -6.73870173e-04 7.74393537e-04
9.87374188e-02 -9.33579773e-04 7.92602256e-04
9.91453487e-02 -1.10588148e-03 7.70727126e-04
9.95532775e-02 1.80138546e-03 7.76149832e-04
9.99612055e-02 1.08625409e-03 8.00032811e-04
1.00369132e-01 1.49689464e-03 7.51662238e-04
1.00777059e-01 5.10753759e-04 7.82535933e-04
1.01184984e-01 -3.95115542e-04 7.75321982e-04
1.01592908e-01 2.22432918e-04 7.48720666e-04
1.02000831e-01 -1.14721132e-03 7.57451177e-04
1.02408753e-01 -5.64556225e-05 7.52777725e-04
1.02816674e-01 5.37932704e-04 7.43848671e-04
1.03224595e-01 -1.49702220e-05 7.71895652e-04
1.03632514e-01 -6.71080102e-04 7.56596393e-04
1.04040432e-01 8.81097953e-04 7.36262955e-04
1.04448349e-01 1.10170798e-03 7.51038212e-04
1.04856266e-01 5.69989558e-04 7.55527314e-04
1.05264181e-01 -7.33899196e-05 7.70297757e-04
1.05672095e-01 1.30553546e-03 7.51300928e-04
1.06080009e-01 8.76148969e-04 7.61954170e-04
1.06487921e-01 1.02413297e-03 7.52560451e-04
1.06895832e-01 1.15817869e-03 7.62648103e-04
1.07303743e-01 -3.00742322e-04 7.46811758e-04
1.07711652e-01 -1.69777932e-03 7.39614494e-04
1.08119560e-01 5.89456477e-04 7.61203530e-04
1.08527467e-01 1.44550988e-04 7.64747105e-04
1.08935374e-01 -1.07256964e-03 7.32398675e-04
1.09343279e-01 2.86593578e-04 7.45369752e-04
1.09751183e-01 -1.06982407e-03 7.25059411e-04
1.10159086e-01 2.71887788e-04 7.25089987e-04
1.10566988e-01 2.81613158e-04 6.83016919e-04
1.10974889e-01 -3.03013502e-04 7.17485101e-04
1.11382789e-01 -6.91217891e-04 7.28927310e-04
1.11790688e-01 8.17061316e-04 7.34008425e-04
1.12198586e-01 4.41983045e-05 7.44462660e-04
1.12606482e-01 6.26514172e-04 7.42901088e-04
1.13014378e-01 4.76747423e-04 7.38127518e-04
1.13422273e-01 -1.14759568e-03 7.34945902e-04
1.13830166e-01 8.78854596e-04 7.41631224e-04
1.14238059e-01 9.14804972e-04 7.43942193e-04
1.14645950e-01 1.51368252e-03 7.37697368e-04
1.15053840e-01 -2.70435711e-04 7.33304876e-04
1.15461730e-01 -2.40464221e-04 7.23589346e-04
1.15869618e-01 -1.11810815e-04 7.49238668e-04
1.16277505e-01 6.52310791e-04 7.40975268e-04
1.16685391e-01 -5.81337924e-04 7.55686135e-04
1.17093275e-01 -4.72275129e-04 7.50594421e-04
1.17501159e-01 4.15518733e-04 7.33575766e-04
1.17909042e-01 -1.82433624e-04 7.35168314e-04
1.18316923e-01 1.95127309e-04 7.20610617e-04
1.18724803e-01 1.05271061e-03 7.36109831e-04
1.19132683e-01 7.23866415e-04 7.19204596e-04
1.19540561e-01 4.86970819e-04 7.04250441e-04
1.19948438e-01 3.29911947e-04 7.12767782e-04
1.20356313e-01 8.96606164e-04 6.94832380e-04
1.20764188e-01 8.47641052e-04 6.99236074e-04
1.21172062e-01 -7.91143187e-04 7.07022810e-04
1.21579934e-01 5.73513853e-04 7.01702092e-04
1.21987805e-01 1.90706478e-04 6.90161331e-04
1.22395675e-01 1.66952485e-04 6.73458954e-04
1.22803544e-01 1.69616300e-03 7.15689710e-04
1.23211412e-01 1.09617670e-03 6.72620679e-04
1.23619278e-01 1.22666867e-03 6.65213077e-04
1.24027144e-01 5.41655237e-04 6.62999261e-04
1.24435008e-01 -5.67931091e-04 7.04468848e-04
1.24842871e-01 4.46638063e-04 6.80938290e-04
1.25250733e-01 -2.02420897e-04 6.96527728e-04
1.25658594e-01 4.61497975e-04 6.87719967e-04
1.26066453e-01 2.66600176e-04 6.68261040e-04
1.26474311e-01 3.02350963e-04 6.85117677e-04
1.26882168e-01 -9.66113091e-04 6.71975726e-04
1.27290024e-01 -8.99273438e-04 6.57423603e-04
1.27697879e-01 -1.02510695e-03 6.59810699e-04
1.28105732e-01 1.16767268e-03 6.60269025e-04
1.28513585e-01 -7.12742595e-04 6.60915269e-04
1.28921436e-01 -1.11216912e-03 6.47927990e-04
1.29329285e-01 3.10974145e-04 6.59938816e-04
1.29737134e-01 -4.82725348e-04 6.69984277e-04
1.30144981e-01 6.51286346e-04 6.73998692e-04
1.30552828e-01 5.75873269e-04 6.50375553e-04
1.30960672e-01 2.36309093e-05 6.55545656e-04
1.31368516e-01 4.39999064e-04 6.39938681e-04
1.31776358e-01 4.86331195e-04 6.49340591e-04
1.32184200e-01 1.75957552e-03 6.82642146e-04
1.32592039e-01 2.14643079e-04 6.51095506e-04
1.32999878e-01 -5.40827733e-04 6.42754400e-04
1.33407715e-01 -2.36595064e-04 6.43768430e-04
1.33815552e-01 4.13780690e-04 6.37125721e-04
1.34223386e-01 4.99020667e-04 6.44442923e-04
1.34631220e-01 8.86434810e-04 6.67711709e-04
1.35039052e-01 -9.92072182e-05 6.54874153e-04
1.35446883e-01 -2.28529490e-04 6.40115955e-04
1.35854713e-01 2.09599478e-04 6.35522911e-04
1.36262541e-01 8.93192549e-04 6.44163849e-04
1.36670368e-01 1.58666974e-03 6.37821347e-04
1.37078194e-01 -8.34723689e-04 6.09681812e-04
1.37486019e-01 5.86377141e-05 6.14497413e-04
1.37893842e-01 1.24801140e-03 6.34291140e-04
1.38301664e-01 2.94190591e-04 6.39010891e-04
1.38709485e-01 2.58382612e-04 6.14259935e-04
1.39117304e-01 -5.27856953e-04 6.22691445e-04
1.39525122e-01 -4.66099356e-04 6.26753383e-04
1.39932939e-01 -2.35045155e-05 6.10211057e-04
1.40340754e-01 -8.43397455e-04 6.11704374e-04
1.40748568e-01 -2.65473433e-05 6.30596662e-04
1.41156381e-01 -5.92736398e-04 6.22319462e-04
1.41564192e-01 -4.54981527e-04 6.14872842e-04
1.41972002e-01 4.87005819e-05 6.21580916e-04
1.42379811e-01 -8.10447856e-04 6.12535126e-04
1.42787618e-01 4.99971388e-04 6.21469099e-04
1.43195424e-01 -9.47080710e-04 6.10848247e-04
1.43603228e-01 2.63033847e-04 6.27753930e-04
1.44011032e-01 7.44313241e-04 6.38610804e-04
1.44418833e-01 7.49306803e-04 6.34584946e-04
1.44826634e-01 1.87005224e-04 6.28253811e-04
1.45234433e-01 -3.07173280e-05 6.27004310e-04
1.45642231e-01 1.22463770e-04 6.47520386e-04
1.46050027e-01 2.69528648e-04 6.15471047e-04
1.46457822e-01 -3.38811449e-05 6.31790966e-04
1.46865616e-01 6.13609221e-04 6.34183280e-04
1.47273408e-01 -2.69855863e-04 6.28076137e-04
1.47681199e-01 4.11427013e-04 6.42724639e-04
1.48088988e-01 1.55227578e-03 6.46406886e-04
1.48496776e-01 -1.14858922e-05 6.27135451e-04
1.48904563e-01 -8.68383595e-04 6.30582265e-04
1.49312348e-01 -8.21824737e-04 6.27756717e-04
1.49720132e-01 3.43620925e-04 6.15617198e-04
1.50127914e-01 8.27079790e-04 6.18258111e-04
1.50535695e-01 1.66462216e-04 5.92226391e-04
1.50943474e-01 4.44152560e-04 6.23411362e-04
1.51351252e-01 8.72734265e-04 6.01726109e-04
1.51759029e-01 3.74719117e-04 6.15751013e-04
1.52166804e-01 9.20888775e-05 6.09686050e-04
1.52574578e-01 -2.84722577e-04 5.99748239e-04
1.52982350e-01 -5.05228478e-04 6.06641179e-04
1.53390121e-01 5.23066752e-04 5.96133046e-04
1.53797890e-01 1.33748679e-03 6.08775833e-04
1.54205658e-01 6.25323968e-04 5.98332719e-04
1.54613425e-01 -6.08179208e-05 5.85157858e-04
1.55021190e-01 5.55969360e-05 5.97160818e-04
1.55428953e-01 -8.66921427e-05 5.87963508e-04
1.55836716e-01 3.49424471e-04 5.98961961e-04
1.56244476e-01 2.13946402e-04 6.00295782e-04
1.56652235e-01 -3.76953546e-04 5.84816187e-04
1.57059993e-01 8.00844909e-04 6.03371468e-04
1.57467749e-01 3.63664459e-04 5.72998216e-04
1.57875504e-01 7.31799608e-04 5.86244506e-04
1.58283257e-01 1.17645986e-04 5.75621676e-04
1.58691008e-01 -3.66326982e-06 5.88195599e-04
1.59098758e-01 2.27597827e-04 5.77112658e-04
1.59506507e-01 -3.77551123e-04 5.64929886e-04
1.59914254e-01 -2.11440340e-05 5.69700363e-04
1.60322000e-01 -1.99242972e-04 5.78301689e-04
1.60729744e-01 4.79707192e-04 5.82529524e-04
1.61137486e-01 -4.87617165e-04 5.96583125e-04
1.61545228e-01 -2.84033181e-04 5.61696196e-04
1.61952967e-01 -2.30513517e-04 5.74482614e-04
1.62360705e-01 1.73708158e-04 5.83942161e-04
1.62768441e-01 -7.65183104e-04 5.73957088e-04
1.63176176e-01 5.46842181e-04 5.75726775e-04
1.63583910e-01 7.15956714e-04 5.71149672e-04
1.63991641e-01 9.53149190e-04 5.71754161e-04
1.64399372e-01 2.74925697e-04 5.67101152e-04
1.64807100e-01 4.26445292e-04 5.80305827e-04
1.65214827e-01 -6.11688003e-04 5.67325098e-04
1.65622553e-01 9.58625269e-04 5.62138239e-04
1.66030277e-01 3.28140949e-04 5.60146282e-04
1.66437999e-01 3.10685344e-04 5.64285325e-04
1.66845720e-01 -2.16643973e-06 5.75055103e-04
1.67253439e-01 -1.42944674e-03 5.53567633e-04
1.67661157e-01 3.13973059e-04 5.47046368e-04
1.68068873e-01 -4.32472210e-04 5.51137636e-04
1.68476588e-01 6.24706435e-04 5.53558993e-04
1.68884301e-01 -3.07488200e-04 5.75149260e-04
1.69292012e-01 4.97325018e-04 5.59798260e-04
1.69699721e-01 1.98253497e-04 5.52863762e-04
1.70107430e-01 5.28066454e-04 5.58283969e-04
1.70515136e-01 -9.04225564e-05 5.42619291e-04
1.70922841e-01 7.01960060e-05 5.42134717e-04
1.71330544e-01 -3.03498624e-04 5.35566435e-04
1.71738246e-01 8.37446775e-05 5.33160733e-04
1.72145946e-01 4.55038934e-04 5.43756208e-04
1.72553644e-01 -2.97741732e-04 5.49166174e-04
1.72961341e-01 2.92979665e-04 5.46605381e-04
1.73369036e-01 -2.71988466e-04 5.34628973e-04
1.73776729e-01 -7.21510210e-05 5.42942413e-04
1.74184421e-01 -8.07147470e-05 5.47424419e-04
1.74592111e-01 4.20528032e-04 5.41514927e-04
1.74999799e-01 1.79823916e-04 5.47117874e-04
1.75407486e-01 -1.71485332e-04 5.40406026e-04
1.75815171e-01 -5.09541854e-04 5.48417433e-04
1.76222855e-01 1.64425113e-04 5.33698666e-04
1.76630537e-01 4.27643831e-05 5.47647612e-04
1.77038217e-01 -3.39215292e-05 5.48264689e-04
1.77445895e-01 5.37749080e-04 5.41606138e-04
1.77853572e-01 3.54724460e-04 5.41940845e-04
1.78261247e-01 3.97022723e-04 5.31113341e-04
1.78668921e-01 8.37163916e-04 5.44372675e-04
1.79076592e-01 1.02247577e-03 5.23446442e-04
1.79484262e-01 -6.22802847e-04 5.27004911e-04
1.79891931e-01 3.78307234e-04 5.35584283e-04
1.80299597e-01 4.97637122e-04 5.33133808e-04
1.80707262e-01 1.06382948e-04 5.31819207e-04
1.81114925e-01 9.56853378e-04 5.23511930e-04
1.81522587e-01 5.14880545e-04 5.39355290e-04
1.81930247e-01 -4.36618872e-04 5.23244460e-04
1.82337905e-01 -4.83497221e-04 5.18821636e-04
1.82745561e-01 3.76662025e-04 5.29938126e-04
1.83153215e-01 4.26394584e-04 5.22826480e-04
1.83560868e-01 -4.79132192e-04 5.20615254e-04
1.83968519e-01 -3.45044214e-04 5.18260424e-04
1.84376169e-01 2.96525076e-04 5.13714909e-04
1.84783816e-01 -1.52482890e-04 5.17579953e-04
1.85191462e-01 1.45353452e-03 5.16265487e-04
1.85599106e-01 4.06278174e-04 5.18957012e-04
1.86006749e-01 3.09346342e-04 5.15735795e-04
1.86414389e-01 7.82135299e-05 5.17331391e-04
1.86822028e-01 6.04771330e-04 5.26255806e-04
1.87229665e-01 6.74894515e-04 5.22893962e-04
1.87637300e-01 2.14405041e-04 5.13974986e-04
1.88044934e-01 1.14018506e-04 5.11746434e-04
1.88452566e-01 5.76088865e-04 5.17855669e-04
1.88860195e-01 3.27920573e-04 4.95929156e-04
1.89267824e-01 -7.41884314e-04 5.05333726e-04
1.89675450e-01 -1.37101047e-04 5.06136304e-04
1.90083074e-01 5.21827565e-04 5.07495993e-04
1.90490697e-01 9.41240179e-05 5.00137414e-04
1.90898318e-01 -2.48434903e-04 5.01543910e-04
1.91305937e-01 6.21066183e-05 5.00004788e-04
1.91713555e-01 2.85363158e-04 5.04927457e-04
1.92121170e-01 3.71692016e-04 5.02331985e-04
1.92528784e-01 -7.94310122e-04 4.97312642e-04
1.92936396e-01 8.28086585e-06 5.01239130e-04
1.93344006e-01 1.92301409e-04 5.07877481e-04
1.93751614e-01 1.82684012e-04 5.07247606e-04
1.94159220e-01 7.54252450e-04 5.03379990e-04
1.94566825e-01 1.38971413e-03 5.06067514e-04
1.94974427e-01 -3.39683171e-04 5.02959084e-04
1.95382028e-01 1.11226567e-04 5.04377980e-04
1.95789627e-01 3.97749108e-04 4.94068802e-04
1.96197224e-01 -2.46965858e-04 4.98040291e-04
1.96604820e-01 9.56758455e-04 5.10386632e-04
1.97012413e-01 8.65553107e-04 4.96753784e-04
1.97420005e-01 -6.37493373e-05 5.07853209e-04
1.97827594e-01 4.00591735e-04 4.89821047e-04
1.98235182e-01 9.49393116e-05 5.04989736e-04
1.98642768e-01 -2.51017202e-05 4.99887460e-04
1.99050352e-01 1.11360333e-04 4.99624553e-04
1.99457934e-01 -1.90796780e-04 4.96809890e-04
1.99865514e-01 4.68967041e-04 5.10399509e-04
2.00273093e-01 2.94102328e-04 5.03670746e-04
2.00680669e-01 -3.47549579e-04 5.11078771e-04
2.01088244e-01 1.24981588e-03 5.21462724e-04
2.01495816e-01 1.35281894e-03 5.04705672e-04
2.01903387e-01 1.56212910e-05 4.98978418e-04
2.02310956e-01 -1.73936855e-04 5.01839259e-04
2.02718523e-01 -4.06711734e-05 5.06561314e-04
2.03126088e-01 8.02527848e-06 5.14748191e-04
2.03533651e-01 1.69573961e-04 5.14454014e-04
2.03941212e-01 -2.41433968e-04 5.08896895e-04
2.04348771e-01 -1.46133841e-04 4.94019098e-04
2.04756329e-01 8.29123597e-04 5.05074029e-04
2.05163884e-01 3.08545911e-04 5.03550546e-04
2.05571438e-01 2.42888334e-05 4.95530303e-04
2.05978989e-01 4.97121467e-04 5.00239826e-04
2.06386539e-01 9.46774546e-04 4.91515914e-04
2.06794086e-01 9.39228916e-04 5.07737830e-04
2.07201632e-01 7.29785452e-04 4.89583880e-04
2.07609175e-01 4.51149974e-04 5.03361861e-04
2.08016717e-01 -1.36240975e-03 4.82734413e-04
2.08424257e-01 3.57794830e-04 4.88233956e-04
2.08831794e-01 3.04478014e-05 4.80499235e-04
2.09239330e-01 1.97970491e-04 4.85512544e-04
2.09646864e-01 2.24942693e-05 4.84465989e-04
2.10054396e-01 3.97345223e-04 4.81799567e-04
2.10461925e-01 4.56790218e-04 4.88983029e-04
2.10869453e-01 2.73702100e-04 4.85774084e-04
2.11276979e-01 2.70332073e-04 4.74439156e-04
2.11684503e-01 1.85267854e-04 4.83788578e-04
2.12092025e-01 2.60094808e-04 4.81703886e-04
2.12499544e-01 1.52789364e-04 4.80465860e-04
2.12907062e-01 3.14030470e-04 4.77547588e-04
2.13314578e-01 -6.19204894e-04 4.74654864e-04
2.13722092e-01 -6.31148559e-04 4.67168846e-04
2.14129603e-01 1.79316576e-04 4.77256020e-04
2.14537113e-01 2.13649937e-04 4.74868901e-04
2.14944621e-01 5.87440120e-04 4.79757194e-04
2.15352126e-01 8.61885749e-04 4.75605514e-04
2.15759630e-01 -3.67656664e-05 4.66175052e-04
2.16167131e-01 -6.04622251e-04 4.70089807e-04
2.16574631e-01 1.02424761e-03 4.76725533e-04
2.16982128e-01 2.84260848e-04 4.72911548e-04
2.17389624e-01 3.40040987e-04 4.74123956e-04
2.17797117e-01 4.80193925e-04 4.76269870e-04
2.18204608e-01 -5.15047266e-04 4.68957189e-04
2.18612098e-01 -5.58957939e-04 4.59532911e-04
2.19019585e-01 4.24498399e-04 4.76694085e-04
2.19427070e-01 3.36221419e-04 4.69350813e-04
2.19834553e-01 6.50082007e-05 4.68652704e-04
2.20242034e-01 1.72904616e-04 4.61023642e-04
2.20649512e-01 6.59074891e-04 4.66366419e-04
2.21056989e-01 2.94814302e-04 4.67319179e-04
2.21464464e-01 -2.87879367e-04 4.57873788e-04
2.21871936e-01 3.04932699e-05 4.58191641e-04
2.22279407e-01 1.19922007e-03 4.62641497e-04
2.22686875e-01 -4.39845134e-04 4.70185979e-04
2.23094341e-01 -6.19438171e-05 4.59075651e-04
2.23501805e-01 1.90339434e-04 4.61248386e-04
2.23909267e-01 2.12950191e-04 4.59205822e-04
2.24316727e-01 7.94236526e-04 4.61521490e-04
2.24724185e-01 6.93598390e-04 4.53085516e-04
2.25131641e-01 -1.23527188e-04 4.52781686e-04
2.25539094e-01 5.49578745e-04 4.66141885e-04
2.25946545e-01 -1.80650284e-04 4.63728047e-04
2.26353995e-01 -6.59232336e-04 4.58411489e-04
2.26761442e-01 -2.27079933e-04 4.56458571e-04
2.27168887e-01 9.52587314e-04 4.59776578e-04
2.27576329e-01 5.99100653e-04 4.56546590e-04
2.27983770e-01 1.89048559e-04 4.52623686e-04
2.28391208e-01 4.42822458e-04 4.55427925e-04
2.28798645e-01 3.91804504e-04 4.61463683e-04
2.29206079e-01 1.91964328e-04 4.63928383e-04
2.29613511e-01 7.42286700e-04 4.61377533e-04
2.30020941e-01 -4.85560838e-04 4.60993789e-04
2.30428368e-01 -1.08905565e-03 4.56745447e-04
2.30835794e-01 -1.31672271e-04 4.63054972e-04
2.31243217e-01 2.02456350e-04 4.63874710e-04
2.31650638e-01 5.93586912e-04 4.56430353e-04
2.32058057e-01 -1.49895433e-04 4.64122833e-04
2.32465473e-01 -7.63957992e-05 4.65243949e-04
2.32872888e-01 3.20980319e-04 4.71933907e-04
2.33280300e-01 6.47223779e-05 4.70140332e-04
2.33687710e-01 2.22683645e-04 4.60340222e-04
2.34095118e-01 4.80740470e-04 4.63792004e-04
2.34502524e-01 1.54335658e-04 4.56177015e-04
2.34909927e-01 2.91699977e-04 4.68505209e-04
2.35317328e-01 2.25635759e-04 4.66476793e-04
2.35724727e-01 -2.96291233e-04 4.68698511e-04
2.36132124e-01 3.66628325e-04 4.54134489e-04
2.36539518e-01 7.68366202e-04 4.58163081e-04
2.36946911e-01 2.91333884e-04 4.52842971e-04
2.37354301e-01 4.91756663e-04 4.55014301e-04
2.37761688e-01 -4.22276304e-04 4.47303405e-04
2.38169074e-01 -1.06791988e-04 4.48602396e-04
2.38576457e-01 -2.52579920e-04 4.53399128e-04
2.38983838e-01 7.78150438e-05 4.49530150e-04
2.39391217e-01 7.29122715e-04 4.54319505e-04
2.39798593e-01 -1.28399853e-05 4.51336806e-04
2.40205967e-01 2.54977159e-04 4.48983798e-04
2.40613339e-01 4.16163022e-04 4.44310595e-04
2.41020709e-01 7.42058813e-05 4.42059852e-04
2.41428076e-01 -4.04935680e-04 4.49078681e-04
2.41835441e-01 3.83052985e-04 4.49212668e-04
2.42242804e-01 2.71142076e-04 4.46838948e-04
2.42650165e-01 -1.06466409e-04 4.40008338e-04
2.43057523e-01 3.66411658e-04 4.50428044e-04
2.43464879e-01 -1.07103405e-04 4.46111771e-04
2.43872232e-01 -1.03249179e-04 4.40694718e-04
2.44279584e-01 6.85730487e-04 4.37323305e-04
2.44686933e-01 3.99454627e-04 4.31797780e-04
2.45094279e-01 2.14482024e-04 4.37015339e-04
2.45501624e-01 3.16412396e-04 4.34443634e-04
2.45908966e-01 3.36309516e-04 4.41705992e-04
2.46316305e-01 1.33182589e-04 4.30629745e-04
2.46723643e-01 1.77459103e-04 4.36125978e-04
2.47130978e-01 3.10890869e-05 4.30336483e-04
2.47538310e-01 -2.57848009e-04 4.25559202e-04
2.47945641e-01 -1.17524173e-04 4.35811074e-04
2.48352969e-01 2.26304024e-04 4.30082651e-04
2.48760294e-01 -4.33458619e-06 4.33727212e-04
2.49167618e-01 1.84799416e-06 4.30919357e-04
2.49574939e-01 7.49778308e-05 4.33651639e-04
2.49982257e-01 -1.89760486e-04 4.28010143e-04
2.50389573e-01 2.28094387e-04 4.30637940e-04
2.50796887e-01 4.57075935e-04 4.32972723e-04
2.51204199e-01 6.96351843e-04 4.37971390e-04
2.51611508e-01 -3.56593857e-04 4.32494304e-04
2.52018815e-01 6.31403132e-04 4.34318369e-04
2.52426119e-01 1.61366543e-05 4.30063214e-04
2.52833421e-01 5.27011360e-04 4.31113739e-04
2.53240720e-01 2.13967528e-06 4.21159182e-04
2.53648017e-01 -2.79000734e-04 4.34562369e-04
2.54055312e-01 -2.08068381e-04 4.20976379e-04
2.54462605e-01 5.50522758e-05 4.28037883e-04
2.54869894e-01 2.21697631e-04 4.23579121e-04
2.55277182e-01 7.71144682e-06 4.24661068e-04
2.55684467e-01 6.80946604e-04 4.25633395e-04
2.56091750e-01 -2.34069345e-04 4.16940727e-04
2.56499030e-01 2.59341136e-04 4.23809444e-04
2.56906308e-01 5.27952805e-04 4.13902557e-04
2.57313583e-01 -9.54848757e-05 4.26191645e-04
2.57720856e-01 3.07753842e-04 4.23090870e-04
2.58128127e-01 6.39670199e-04 4.22235952e-04
2.58535395e-01 2.22767729e-05 4.14042170e-04
2.58942661e-01 7.31290236e-04 4.12310748e-04
2.59349924e-01 2.01142561e-04 4.18829857e-04
2.59757184e-01 -2.84953617e-04 4.13007434e-04
2.60164443e-01 8.76167500e-05 4.19530933e-04
2.60571699e-01 1.56296399e-04 4.15730111e-04
2.60978952e-01 4.15630927e-04 4.11889550e-04
2.61386203e-01 3.37762018e-04 4.24393597e-04
2.61793451e-01 6.03089135e-04 4.26170899e-04
2.62200697e-01 2.63187468e-04 4.18519286e-04
2.62607941e-01 5.64709602e-04 4.16404418e-04
2.63015182e-01 6.65152912e-05 4.09338579e-04
2.63422420e-01 1.80657272e-04 4.18748622e-04
2.63829656e-01 3.83633921e-04 4.08441778e-04
2.64236890e-01 2.55403941e-04 4.16661024e-04
2.64644121e-01 1.80215952e-04 4.16557925e-04
2.65051349e-01 -4.35390688e-05 4.05197166e-04
2.65458575e-01 1.65296515e-04 4.06385815e-04
2.65865799e-01 -7.36901177e-04 4.03886867e-04
2.66273019e-01 -2.83281968e-04 4.10013003e-04
2.66680238e-01 -3.62020250e-04 4.11870611e-04
2.67087454e-01 8.09265353e-04 4.13767541e-04
2.67494667e-01 2.72598658e-04 4.12443896e-04
2.67901878e-01 -3.09187813e-04 4.02851410e-04
2.68309086e-01 4.53773892e-04 4.05995814e-04
2.68716292e-01 1.71765436e-05 4.14697714e-04
2.69123495e-01 8.23602207e-04 4.07794932e-04
2.69530696e-01 -7.05521917e-05 4.04309013e-04
2.69937894e-01 3.80265771e-04 4.12738316e-04
2.70345090e-01 -2.10924412e-04 4.11021769e-04
2.70752283e-01 3.94617319e-04 4.08949179e-04
2.71159473e-01 3.22403381e-04 4.07449343e-04
2.71566661e-01 -1.00216372e-04 4.00764561e-04
2.71973847e-01 4.94866784e-04 4.09153369e-04
2.72381030e-01 8.13606431e-04 4.05435654e-04
2.72788210e-01 1.88384664e-04 4.04829491e-04
2.73195387e-01 2.03107587e-04 4.08410444e-04
2.73602562e-01 -2.47583598e-04 4.03288618e-04
2.74009735e-01 -2.23181142e-04 3.96294530e-04
2.74416905e-01 3.14972758e-04 4.01846085e-04
2.74824072e-01 4.76812510e-05 4.01297457e-04
2.75231237e-01 4.73532577e-04 3.99991611e-04
2.75638399e-01 -1.12191752e-05 3.92433202e-04
2.76045558e-01 1.78153162e-04 4.02963658e-04
2.76452715e-01 9.44785401e-04 3.98379111e-04
2.76859869e-01 9.43596242e-04 4.03715602e-04
2.77267021e-01 -2.64410106e-04 4.04711641e-04
2.77674170e-01 4.39433844e-05 3.94869285e-04
2.78081316e-01 2.77878085e-04 3.96646539e-04
2.78488460e-01 2.39338011e-04 3.93548521e-04
2.78895601e-01 8.42464931e-05 3.95435982e-04
2.79302740e-01 6.78839441e-04 3.94216495e-04
2.79709875e-01 6.19970014e-04 3.97551139e-04
2.80117009e-01 7.63097361e-04 3.95990394e-04
2.80524139e-01 7.96187599e-05 3.98177761e-04
2.80931267e-01 1.39455087e-04 3.90150998e-04
2.81338392e-01 -3.38046481e-04 3.95386416e-04
2.81745515e-01 3.07636375e-04 3.95523930e-04
2.82152635e-01 3.09556554e-04 4.00915308e-04
2.82559752e-01 -2.81006215e-04 3.89362002e-04
2.82966866e-01 9.93552970e-05 3.88959973e-04
2.83373978e-01 -4.36763948e-04 3.89980774e-04
2.83781088e-01 1.65368583e-04 3.98848735e-04
2.84188194e-01 1.15925881e-05 3.96489084e-04
2.84595298e-01 8.31092861e-05 3.86536810e-04
2.85002399e-01 5.49439819e-04 3.94958996e-04
2.85409497e-01 -2.98356611e-04 3.87696466e-04
2.85816593e-01 -1.40943832e-04 3.94468937e-04
2.86223686e-01 -3.33135260e-04 3.98549198e-04
2.86630777e-01 3.66779623e-04 3.91823494e-04
2.87037864e-01 1.50585225e-04 4.01274205e-04
2.87444949e-01 -1.42698475e-04 4.01477044e-04
2.87852031e-01 4.23550360e-04 3.93513860e-04
2.88259111e-01 1.57110002e-04 3.99811655e-04
2.88666188e-01 -3.58363518e-05 3.98580821e-04
2.89073262e-01 -9.16063863e-05 3.98353529e-04
2.89480333e-01 2.89203470e-04 3.88728037e-04
2.89887401e-01 2.55746283e-04 4.04069277e-04
2.90294467e-01 6.89519546e-04 4.00715329e-04
2.90701530e-01 -1.72456097e-04 3.93321913e-04
2.91108591e-01 3.48530385e-05 3.96634300e-04
2.91515648e-01 7.09644748e-05 3.89500773e-04
2.91922703e-01 3.23461963e-04 3.96551141e-04
2.92329755e-01 6.65872587e-04 3.95359035e-04
2.92736804e-01 -2.07968744e-04 3.88174686e-04
2.93143851e-01 8.71067057e-04 4.02157261e-04
2.93550895e-01 -1.92811269e-04 3.82740726e-04
2.93957936e-01 6.15168922e-05 3.91091715e-04
2.94364974e-01 3.40328235e-04 3.85489078e-04
2.94772009e-01 6.59607919e-04 3.90465998e-04
2.95179042e-01 -1.13002319e-04 3.87797384e-04
2.95586072e-01 1.27691009e-03 3.95375918e-04
2.95993099e-01 4.27554390e-04 3.91574355e-04
2.96400123e-01 3.53753608e-05 3.87021143e-04
2.96807145e-01 8.74279148e-04 3.94303354e-04
2.97214163e-01 -1.14871617e-05 3.92260655e-04
2.97621179e-01 -2.98107138e-04 3.85380779e-04
2.98028192e-01 6.61800344e-05 3.91339444e-04
2.98435202e-01 6.66798070e-04 3.96011535e-04
2.98842210e-01 -3.77956066e-04 3.89777610e-04
2.99249214e-01 1.09843655e-04 3.94826698e-04
2.99656216e-01 -1.49964309e-04 3.92811570e-04
3.00063215e-01 2.40933940e-04 3.86598149e-04
3.00470211e-01 3.28602511e-04 3.94533104e-04
3.00877204e-01 -1.80701482e-04 3.88648129e-04
3.01284194e-01 -3.27134579e-04 3.97261337e-04
3.01691182e-01 4.23588127e-04 3.95774152e-04
3.02098167e-01 6.44405327e-04 3.93123754e-04
3.02505149e-01 3.64009536e-04 3.98594633e-04
3.02912128e-01 -7.46180496e-05 3.86086703e-04
3.03319104e-01 2.57036909e-04 3.87518066e-04
3.03726077e-01 -2.25438599e-04 3.88740715e-04
3.04133047e-01 -6.91082367e-05 3.92430902e-04
3.04540015e-01 -3.73610216e-04 3.84723867e-04
3.04946979e-01 3.78531030e-04 3.88516446e-04
3.05353941e-01 4.37220198e-04 3.88223890e-04
3.05760900e-01 -3.12044132e-04 3.85076768e-04
3.06167856e-01 -2.44617462e-04 3.85800170e-04
3.06574809e-01 -4.20941765e-05 3.91079167e-04
3.06981759e-01 -1.43972156e-04 3.87873641e-04
3.07388706e-01 3.77423787e-04 3.94821065e-04
3.07795651e-01 3.05774938e-04 3.95833844e-04
3.08202592e-01 2.81228646e-05 3.92614504e-04
3.08609531e-01 -4.54977387e-04 3.92349378e-04
3.09016466e-01 5.08348742e-04 4.00409256e-04
3.09423399e-01 4.00986010e-05 3.94553862e-04
3.09830329e-01 5.35098507e-04 3.97976213e-04
3.10237256e-01 -9.16205981e-05 3.97114445e-04
3.10644180e-01 3.49607642e-04 4.04229863e-04
3.11051101e-01 -3.24870394e-04 3.93030339e-04
3.11458019e-01 -8.75144022e-06 4.01296561e-04
3.11864934e-01 3.23278583e-04 4.01988450e-04
3.12271846e-01 3.83830617e-04 4.00643488e-04
3.12678755e-01 4.38413448e-04 4.11445898e-04
3.13085661e-01 5.21984599e-04 4.04105435e-04
3.13492565e-01 8.66751199e-04 4.05565364e-04
3.13899465e-01 -4.77224167e-04 3.97929610e-04
3.14306362e-01 -3.32780733e-04 3.96974997e-04
3.14713257e-01 5.10675925e-04 4.06530730e-04
3.15120148e-01 -1.80093958e-05 4.03285947e-04
3.15527037e-01 7.45005367e-05 4.07110769e-04
3.15933922e-01 3.48777581e-04 4.14667938e-04
3.16340805e-01 -2.21433846e-05 4.49996400e-04
3.16747684e-01 -2.53973250e-04 4.83883253e-04
3.17154561e-01 1.54223300e-04 5.02274990e-04
3.17561434e-01 1.39363277e-04 5.46355764e-04
3.17968305e-01 -2.20513802e-04 5.77078970e-04
3.18375172e-01 -3.51474710e-04 5.98474356e-04
3.18782037e-01 -2.35997964e-04 6.25809654e-04
3.19188898e-01 4.52314144e-04 6.52725093e-04
3.19595757e-01 2.15950836e-04 6.86887168e-04
3.20002612e-01 -2.34023474e-04 7.04014954e-04
3.20409465e-01 2.04107527e-04 7.81631616e-04
3.20816314e-01 8.84727136e-04 8.19543610e-04
3.21223160e-01 6.87414991e-04 9.20857922e-04
3.21630004e-01 2.85364695e-04 1.05106944e-03
3.22036844e-01 2.90740770e-03 1.40801484e-03
3.22443681e-01 -2.50800251e-03 1.78945940e-03
3.22850516e-01 1.19606933e-02 6.35840731e-03
