4.08043586e-03 -7.28365462e-02 2.74226707e-02
4.48847930e-03 -6.08631520e-02 2.80229787e-02
4.89652269e-03 -4.29879596e-02 1.99097781e-02
5.30456604e-03 -3.42856535e-02 1.41400213e-02
5.71260934e-03 -2.46982603e-02 1.11527578e-02
6.12065258e-03 -1.80850652e-02 8.85365924e-03
6.52869577e-03 -1.76427256e-02 7.64560928e-03
6.93673889e-03 -1.37474012e-02 6.66928618e-03
7.34478195e-03 -1.15869118e-02 5.33695442e-03
7.75282494e-03 -1.12280913e-02 5.60045241e-03
8.16086785e-03 -6.85349539e-03 4.92261581e-03
8.56891069e-03 -8.07532196e-03 4.33025939e-03
8.97695345e-03 -9.28426382e-04 3.93435411e-03
9.38499612e-03 -4.81694776e-03 3.56426181e-03
9.79303870e-03 -7.12440335e-03 3.58719170e-03
1.02010812e-02 -1.57152581e-03 3.32158240e-03
1.06091236e-02 -7.02735143e-04 3.20085765e-03
1.10171659e-02 -3.93702921e-03 3.11101867e-03
1.14252081e-02 -3.74291749e-03 2.89122076e-03
1.18332501e-02 -9.28338215e-04 2.81548200e-03
1.22412921e-02 2.94773860e-03 2.59000453e-03
1.26493339e-02 3.79089136e-03 2.58172368e-03
1.30573757e-02 3.31065525e-03 2.42981192e-03
1.34654173e-02 1.30085508e-03 2.25268261e-03
1.38734588e-02 -1.33024491e-05 2.48359990e-03
1.42815001e-02 2.32776655e-03 2.35598035e-03
1.46895413e-02 2.82256113e-03 2.44075524e-03
1.50975824e-02 1.68703769e-03 2.00134636e-03
1.55056233e-02 1.35655890e-03 2.33175705e-03
1.59136641e-02 3.42741033e-03 2.01771576e-03
1.63217047e-02 4.40307135e-03 2.19609820e-03
1.67297452e-02 8.72147469e-04 1.97869664e-03
1.71377855e-02 6.21581727e-03 2.16724445e-03
1.75458257e-02 4.77057402e-03 2.02802803e-03
1.79538657e-02 1.76432365e-03 1.89713666e-03
1.83619055e-02 -2.91656491e-04 1.84929148e-03
1.87699451e-02 -2.94163110e-04 1.82047176e-03
1.91779846e-02 1.18326353e-03 1.88607981e-03
1.95860239e-02 6.10855560e-06 1.92839030e-03
1.99940630e-02 4.31954012e-03 1.72582952e-03
2.04021019e-02 3.29180670e-03 1.89940349e-03
2.08101406e-02 1.40995491e-03 1.80474303e-03
2.12181791e-02 -9.57814605e-04 1.73012430e-03
2.16262174e-02 1.83692923e-04 1.91492039e-03
2.20342555e-02 -1.19372485e-03 1.76444192e-03
2.24422934e-02 -4.51792359e-04 1.72827587e-03
2.28503311e-02 -4.65952668e-04 1.71951756e-03
2.32583686e-02 6.37561917e-04 1.83611078e-03
2.36664058e-02 2.44342210e-03 1.77915992e-03
2.40744429e-02 -8.20990961e-05 1.59147571e-03
2.44824797e-02 2.24118509e-03 1.59352358e-03
2.48905162e-02 1.39218249e-03 1.67560946e-03
2.52985525e-02 1.09349955e-03 1.71421332e-03
2.57065886e-02 3.59352728e-03 1.66658793e-03
2.61146245e-02 1.42967048e-03 1.64204777e-03
2.65226601e-02 2.53426510e-03 1.67325534e-03
2.69306954e-02 2.47775052e-03 1.69554279e-03
2.73387305e-02 -2.49230514e-03 1.66137753e-03
2.77467653e-02 2.40251482e-03 1.58704560e-03
2.81547999e-02 1.14334366e-03 1.62345231e-03
2.85628342e-02 2.60123425e-03 1.74651536e-03
2.89708682e-02 2.09928104e-03 1.70177013e-03
2.93789020e-02 3.24211996e-03 1.79641957e-03
2.97869355e-02 -5.20189586e-04 1.67865312e-03
3.01949687e-02 -2.21082284e-03 1.75310407e-03
3.06030016e-02 3.17172330e-04 1.64592214e-03
3.10110342e-02 -1.07922571e-03 1.58449454e-03
3.14190665e-02 3.27805527e-03 1.55114389e-03
3.18270985e-02 5.34331470e-03 1.58624983e-03
3.22351302e-02 -4.80728428e-05 1.50558619e-03
3.26431617e-02 -1.12958186e-03 1.42902608e-03
3.30511928e-02 1.15496930e-04 1.41388758e-03
3.34592236e-02 5.24134650e-04 1.45230937e-03
3.38672540e-02 1.11444359e-03 1.36904488e-03
3.42752842e-02 -2.98136165e-03 1.42099105e-03
3.46833140e-02 1.17251819e-03 1.48302131e-03
3.50913435e-02 -1.01475001e-03 1.39032614e-03
3.54993727e-02 1.02708522e-05 1.31063246e-03
3.59074015e-02 5.48888980e-04 1.41363446e-03
3.63154300e-02 -3.06589378e-04 1.32832080e-03
3.67234581e-02 -3.20433595e-04 1.38902063e-03
3.71314859e-02 1.28702861e-03 1.34055945e-03
3.75395134e-02 4.61781111e-04 1.35583722e-03
3.79475405e-02 6.71037974e-04 1.33839211e-03
3.83555672e-02 -9.69161442e-04 1.35629913e-03
3.87635935e-02 3.95531298e-04 1.31661468e-03
3.91716195e-02 5.96914389e-04 1.35586896e-03
3.95796452e-02 1.31930630e-03 1.34492514e-03
3.99876704e-02 -1.01574159e-03 1.23373236e-03
4.03956953e-02 -3.85147510e-04 1.31689358e-03
4.08037198e-02 5.76021192e-04 1.31094877e-03
4.12117439e-02 -3.25529328e-03 1.21496224e-03
4.16197676e-02 1.81009412e-03 1.28314881e-03
4.20277909e-02 -2.57879906e-05 1.24196324e-03
4.24358138e-02 3.02915711e-04 1.26186367e-03
4.28438363e-02 -1.31249512e-04 1.24705219e-03
4.32518584e-02 1.12476777e-03 1.25896181e-03
4.36598801e-02 3.45774735e-03 1.27569586e-03
4.40679014e-02 1.98555859e-03 1.21689456e-03
4.44759222e-02 6.88826727e-04 1.16537943e-03
4.48839427e-02 1.98606875e-03 1.20301356e-03
4.52919627e-02 1.01162787e-03 1.21531005e-03
4.56999823e-02 1.62861539e-03 1.26140695e-03
4.61080014e-02 -8.52120383e-04 1.14967203e-03
4.65160201e-02 -1.03979591e-03 1.19477553e-03
4.69240384e-02 7.03015197e-04 1.20201931e-03
4.73320562e-02 -3.66159308e-04 1.14836673e-03
4.77400736e-02 1.25599814e-03 1.21075866e-03
4.81480905e-02 -3.86144862e-04 1.19183335e-03
4.85561070e-02 -2.53636736e-04 1.17666183e-03
4.89641230e-02 3.61334050e-04 1.14666462e-03
4.93721385e-02 1.48331574e-03 1.24729038e-03
4.97801536e-02 -5.86649005e-04 1.17633250e-03
5.01881682e-02 1.71218204e-03 1.14822100e-03
5.05961823e-02 5.65081108e-04 1.15128171e-03
5.10041960e-02 1.80070870e-04 1.14012833e-03
5.14122091e-02 7.94181997e-04 1.08116144e-03
5.18202218e-02 -9.81760952e-05 1.10502011e-03
5.22282340e-02 1.75354109e-03 1.14560165e-03
5.26362457e-02 -1.25557762e-03 1.14766517e-03
5.30442569e-02 1.35769190e-03 1.09569645e-03
5.34522675e-02 1.17943136e-03 1.13640832e-03
5.38602777e-02 -1.96884531e-03 1.09514584e-03
5.42682874e-02 -1.48421628e-04 1.11081934e-03
5.46762965e-02 -1.81107330e-03 1.11605287e-03
5.50843052e-02 -5.80998972e-04 1.07092703e-03
5.54923133e-02 1.28656797e-03 1.10934063e-03
5.59003208e-02 1.84775806e-03 1.16754814e-03
5.63083279e-02 -6.78966326e-04 1.08701318e-03
5.67163344e-02 3.54965969e-04 1.10765654e-03
5.71243404e-02 -2.35589540e-06 1.06909541e-03
5.75323458e-02 5.31547256e-04 1.05153283e-03
5.79403507e-02 1.63200531e-03 1.11470556e-03
5.83483551e-02 1.05418643e-03 1.07334311e-03
5.87563588e-02 -1.18863911e-04 1.13052978e-03
5.91643621e-02 8.41739742e-04 1.14484110e-03
5.95723647e-02 3.82958320e-04 1.11151293e-03
5.99803668e-02 3.19389790e-03 1.14764887e-03
6.03883684e-02 -6.35647998e-04 1.08189209e-03
6.07963693e-02 2.29914320e-03 1.17061212e-03
6.12043697e-02 -1.16838794e-03 1.12819745e-03
6.16123695e-02 -3.40427993e-04 1.07988612e-03
6.20203687e-02 1.68016622e-03 1.08271996e-03
6.24283674e-02 2.01807238e-03 1.13954281e-03
6.28363654e-02 1.36362956e-03 1.09060589e-03
6.32443629e-02 8.20842273e-04 1.06171448e-03
6.36523597e-02 1.15600997e-03 1.08935503e-03
6.40603559e-02 3.14501269e-03 1.03515281e-03
6.44683516e-02 1.01387192e-03 1.00686646e-03
6.48763466e-02 2.03747976e-03 1.08014339e-03
6.52843410e-02 -1.01418660e-03 1.01466816e-03
6.56923348e-02 -5.99807466e-04 1.04862338e-03
6.61003279e-02 1.30702583e-05 9.94158015e-04
6.65083205e-02 1.15711880e-03 1.03041619e-03
6.69163124e-02 1.43492369e-03 9.79353042e-04
6.73243036e-02 1.44062688e-03 9.59810184e-04
6.77322943e-02 -6.84732440e-04 9.76582705e-04
6.81402842e-02 8.61632733e-04 9.92135137e-04
6.85482736e-02 2.89940988e-04 9.83877309e-04
6.89562623e-02 1.17558562e-03 9.92135169e-04
6.93642503e-02 1.47250786e-03 9.83953622e-04
6.97722377e-02 -1.74949170e-03 9.65820265e-04
7.01802244e-02 -1.62076536e-04 9.62415154e-04
7.05882105e-02 -4.15779752e-04 9.70359918e-04
7.09961958e-02 7.02410545e-04 9.49121712e-04
7.14041805e-02 2.20132843e-04 9.04149143e-04
7.18121646e-02 -1.40189796e-03 9.04926201e-04
7.22201479e-02 1.20890907e-03 9.34540795e-04
7.26281306e-02 -4.35903245e-04 9.39515901e-04
7.30361126e-02 -4.10558280e-04 9.28673708e-04
7.34440938e-02 2.89673149e-05 8.92372181e-04
7.38520744e-02 7.80094053e-04 9.09256112e-04
7.42600543e-02 -1.10674331e-03 8.77469643e-04
7.46680335e-02 -5.58021590e-04 8.99741127e-04
7.50760119e-02 1.70426894e-04 9.14857571e-04
7.54839897e-02 1.13279494e-03 9.34735959e-04
7.58919667e-02 -1.78778700e-04 9.23833309e-04
7.62999431e-02 1.59098288e-03 9.32019038e-04
7.67079187e-02 1.18578860e-03 9.43430756e-04
7.71158935e-02 2.13099729e-04 9.17236138e-04
7.75238677e-02 1.29267882e-03 9.41045212e-04
7.79318411e-02 -2.04903492e-04 9.19739059e-04
7.83398137e-02 6.87967347e-04 9.06670835e-04
7.87477857e-02 1.26316232e-04 9.29015543e-04
7.91557568e-02 6.75429621e-04 9.18153705e-04
7.95637273e-02 7.55513467e-04 8.90274417e-04
7.99716969e-02 1.25224630e-03 8.88394775e-04
8.03796658e-02 -1.17458053e-03 8.75397811e-04
8.07876340e-02 7.42085672e-04 8.84947182e-04
8.11956014e-02 -3.12589858e-04 8.87560507e-04
8.16035680e-02 1.02120806e-03 8.70601152e-04
8.20115338e-02 4.08251402e-04 8.84647554e-04
8.24194989e-02 -3.64524772e-04 8.59762561e-04
8.28274631e-02 -5.37073784e-04 8.63506892e-04
8.32354266e-02 1.59606921e-03 8.58928770e-04
8.36433893e-02 -3.21551145e-04 8.72064108e-04
8.40513512e-02 6.90996292e-04 8.78474844e-04
8.44593123e-02 -3.77881154e-04 8.37963670e-04
8.48672727e-02 -4.50793535e-04 8.28219550e-04
8.52752322e-02 -3.55704140e-05 8.68616283e-04
8.56831909e-02 7.77790010e-04 8.62721141e-04
8.60911487e-02 3.59305906e-04 8.65107280e-04
8.64991058e-02 -1.20390529e-03 8.36953551e-04
8.69070620e-02 -1.54312370e-03 8.18683896e-04
8.73150175e-02 1.50036837e-03 8.34657937e-04
8.77229721e-02 -1.39449915e-03 8.30269263e-04
8.81309258e-02 1.27883031e-03 8.49956831e-04
8.85388787e-02 3.59858424e-04 8.36078860e-04
8.89468308e-02 -4.24653080e-04 8.43970340e-04
8.93547821e-02 3.43990390e-04 8.11216342e-04
8.97627325e-02 3.20416514e-04 8.17559530e-04
9.01706820e-02 -4.90100086e-04 8.15717891e-04
9.05786307e-02 8.39522786e-04 8.06705456e-04
9.09865785e-02 5.48056187e-04 8.15922250e-04
9.13945255e-02 -1.32083910e-03 7.92486410e-04
9.18024716e-02 -9.71014714e-04 8.14842178e-04
9.22104168e-02 8.12331258e-04 8.24446877e-04
9.26183611e-02 1.82695168e-03 8.04104327e-04
9.30263046e-02 3.11275433e-04 7.89873881e-04
9.34342472e-02 2.12984820e-04 7.79553124e-04
9.38421889e-02 4.19568381e-04 8.11106685e-04
9.42501297e-02 4.60923346e-04 8.29147139e-04
9.46580696e-02 -1.88854684e-04 8.39188000e-04
9.50660087e-02 2.46695673e-04 8.19456152e-04
9.54739468e-02 -6.25393739e-05 8.36520498e-04
9.58818840e-02 4.96794963e-04 8.11143407e-04
9.62898203e-02 8.90633792e-04 7.92796888e-04
9.66977557e-02 8.21831890e-04 8.02655304e-04
9.71056902e-02 3.50854083e-04 8.19698342e-04
9.75136237e-02 6.72698491e-04 7.91696259e-04
9.79215564e-02 1.37465189e-03 7.61678697e-04
9.83294881e-02 -9.37230260e-04 7.63268172e-04
9.87374188e-02 6.70218334e-04 7.72186230e-04
9.91453487e-02 1.50311948e-04 7.73787102e-04
9.95532775e-02 -1.11619382e-04 7.89933829e-04
9.99612055e-02 3.13776213e-04 7.64290019e-04
1.00369132e-01 8.21759790e-04 7.69418811e-04
1.00777059e-01 -9.31017875e-05 7.55093477e-04
1.01184984e-01 1.52399872e-05 7.56871683e-04
1.01592908e-01 -2.32615376e-04 7.56047044e-04
1.02000831e-01 -2.61725596e-04 7.25010314e-04
1.02408753e-01 1.45559993e-03 7.57455541e-04
1.02816674e-01 -1.97961740e-04 7.49446672e-04
1.03224595e-01 1.99540525e-04 7.48426070e-04
1.03632514e-01 -6.50453386e-05 7.53569278e-04
1.04040432e-01 -1.55421468e-04 7.32195699e-04
1.04448349e-01 1.00851381e-03 7.45301488e-04
1.04856266e-01 -1.10856729e-04 7.32145419e-04
1.05264181e-01 1.38444385e-03 7.51826436e-04
1.05672095e-01 8.41388500e-04 7.55792086e-04
1.06080009e-01 -4.57507677e-04 7.27843056e-04
1.06487921e-01 1.02365617e-03 7.57503358e-04
1.06895832e-01 1.87882689e-04 7.41271584e-04
1.07303743e-01 3.53504815e-04 7.34763659e-04
1.07711652e-01 -5.26675518e-04 7.35308928e-04
1.08119560e-01 -2.73197474e-04 7.46600694e-04
1.08527467e-01 6.23287710e-04 7.55484582e-04
1.08935374e-01 3.40431273e-04 7.46383513e-04
1.09343279e-01 8.15690863e-06 7.40827102e-04
1.09751183e-01 -5.23020502e-04 7.25888969e-04
1.10159086e-01 6.89866250e-06 7.21871458e-04
1.10566988e-01 -5.93812095e-04 7.09579911e-04
1.10974889e-01 1.68155533e-03 7.44811830e-04
1.11382789e-01 3.32321015e-04 7.34552500e-04
1.11790688e-01 7.58287881e-04 7.28600110e-04
1.12198586e-01 -3.49598661e-04 7.26840869e-04
1.12606482e-01 -1.51591747e-05 7.17965797e-04
1.13014378e-01 -1.17041591e-03 7.28003999e-04
1.13422273e-01 -6.11476524e-04 7.12375094e-04
1.13830166e-01 2.72866638e-04 7.23704159e-04
1.14238059e-01 5.31185481e-04 7.25119578e-04
1.14645950e-01 -3.88799918e-04 7.35647288e-04
1.15053840e-01 5.24248455e-05 7.29349507e-04
1.15461730e-01 3.58067117e-04 7.37052204e-04
1.15869618e-01 1.88301150e-04 7.37922306e-04
1.16277505e-01 -9.84873574e-04 7.32894804e-04
1.16685391e-01 6.64760574e-05 7.43319031e-04
1.17093275e-01 -2.44686960e-04 7.27824742e-04
1.17501159e-01 7.73299680e-04 7.44755264e-04
1.17909042e-01 9.15044031e-04 7.35787486e-04
1.18316923e-01 2.08716239e-05 7.33441391e-04
1.18724803e-01 3.25985617e-04 7.26950306e-04
1.19132683e-01 3.44663207e-04 7.23106391e-04
1.19540561e-01 8.58262564e-04 7.12285198e-04
1.19948438e-01 7.95304937e-04 7.15045437e-04
1.20356313e-01 5.75904554e-05 6.88368486e-04
1.20764188e-01 -1.77937898e-04 7.09749219e-04
1.21172062e-01 1.07204726e-03 6.97728488e-04
1.21579934e-01 -6.05503666e-04 6.73194792e-04
1.21987805e-01 9.10341681e-04 7.13177743e-04
1.22395675e-01 -9.30518054e-04 6.97889901e-04
1.22803544e-01 3.39232086e-04 6.68088045e-04
1.23211412e-01 1.18988191e-04 6.87113991e-04
1.23619278e-01 4.02744642e-04 6.76525156e-04
1.24027144e-01 3.87743422e-05 6.92766162e-04
1.24435008e-01 1.26431607e-04 6.79543233e-04
1.24842871e-01 -3.60808900e-04 6.80277096e-04
1.25250733e-01 -4.86265217e-04 6.70182883e-04
1.25658594e-01 2.76660864e-03 7.04771391e-04
1.26066453e-01 1.15068008e-03 6.98393992e-04
1.26474311e-01 9.38861722e-04 6.83019444e-04
1.26882168e-01 7.92012062e-04 6.53168382e-04
1.27290024e-01 -4.99644004e-04 6.69112032e-04
1.27697879e-01 -6.53585333e-04 6.80730506e-04
1.28105732e-01 4.80102367e-04 6.60438279e-04
1.28513585e-01 9.83966398e-05 6.66089676e-04
1.28921436e-01 1.10111762e-03 6.60960724e-04
1.29329285e-01 7.31391534e-04 6.53287687e-04
1.29737134e-01 -1.51882629e-04 6.55970072e-04
1.30144981e-01 -3.79500704e-05 6.67919306e-04
1.30552828e-01 4.80476277e-04 6.58495451e-04
1.30960672e-01 -1.57116868e-03 6.41397668e-04
1.31368516e-01 1.40580376e-03 6.54227385e-04
1.31776358e-01 -1.84928662e-04 6.58800821e-04
1.32184200e-01 -6.43862524e-05 6.44112065e-04
1.32592039e-01 4.09946892e-04 6.42777504e-04
1.32999878e-01 1.57164826e-04 6.51065263e-04
1.33407715e-01 -3.22176668e-04 6.64579355e-04
1.33815552e-01 2.12942540e-04 6.34998968e-04
1.34223386e-01 -4.62185457e-04 6.41842416e-04
1.34631220e-01 -5.25044956e-04 6.27534706e-04
1.35039052e-01 5.48998850e-04 6.57649351e-04
1.35446883e-01 -3.68151607e-04 6.43457781e-04
1.35854713e-01 -1.36544064e-04 6.44172738e-04
1.36262541e-01 -2.42019688e-04 6.48796105e-04
1.36670368e-01 1.73806047e-04 6.36277993e-04
1.37078194e-01 -2.00448624e-05 6.38688224e-04
1.37486019e-01 -1.20093740e-04 6.30152115e-04
1.37893842e-01 2.19118375e-04 6.14838583e-04
1.38301664e-01 -3.59019673e-04 6.22114113e-04
1.38709485e-01 -2.62367683e-05 6.30443127e-04
1.39117304e-01 1.89782692e-04 6.36685252e-04
1.39525122e-01 6.54774745e-05 6.35020588e-04
1.39932939e-01 -4.39877269e-04 5.93226338e-04
1.40340754e-01 5.28088066e-04 6.32138496e-04
1.40748568e-01 -1.84875727e-04 6.06919839e-04
1.41156381e-01 9.85289695e-04 6.25099728e-04
1.41564192e-01 -6.57028835e-04 6.09285272e-04
1.41972002e-01 -7.90226737e-04 6.10347011e-04
1.42379811e-01 -4.20392681e-04 6.19174204e-04
1.42787618e-01 9.35489017e-05 6.16558909e-04
1.43195424e-01 -5.46998575e-04 6.29056045e-04
1.43603228e-01 4.63096879e-04 6.38041546e-04
1.44011032e-01 5.41340392e-04 6.13503887e-04
1.44418833e-01 -8.00783761e-04 6.08087177e-04
1.44826634e-01 -6.26596612e-04 6.27729033e-04
1.45234433e-01 2.17106249e-04 6.42783672e-04
1.45642231e-01 -9.59181223e-04 6.15555427e-04
1.46050027e-01 -2.27020639e-04 6.18524755e-04
1.46457822e-01 1.60418445e-03 6.27711785e-04
1.46865616e-01 1.18026546e-03 6.28372858e-04
1.47273408e-01 -7.06036394e-04 6.36237464e-04
1.47681199e-01 1.87066525e-04 6.34032170e-04
1.48088988e-01 4.56319131e-04 6.26407031e-04
1.48496776e-01 -5.54843472e-04 6.30034799e-04
1.48904563e-01 9.02375535e-04 6.26155436e-04
1.49312348e-01 7.70096670e-05 6.35839073e-04
1.49720132e-01 -3.75662906e-04 6.21816111e-04
1.50127914e-01 1.06785025e-03 6.19397630e-04
1.50535695e-01 2.10933693e-04 6.12371734e-04
1.50943474e-01 -8.02031942e-05 6.10196107e-04
1.51351252e-01 -8.18499590e-05 6.08441803e-04
1.51759029e-01 -7.58527526e-04 6.17357849e-04
1.52166804e-01 -4.04979899e-04 6.03772384e-04
1.52574578e-01 7.24855048e-04 6.01532420e-04
1.52982350e-01 -4.86325451e-04 6.05244387e-04
1.53390121e-01 5.95460939e-04 6.01495982e-04
1.53797890e-01 5.55107045e-04 5.95730739e-04
1.54205658e-01 1.53349455e-03 6.07548923e-04
1.54613425e-01 5.83854335e-04 5.86750477e-04
1.55021190e-01 3.08920713e-04 5.90516360e-04
1.55428953e-01 8.25184568e-04 5.98356702e-04
1.55836716e-01 -6.84040721e-04 6.01523949e-04
1.56244476e-01 4.16389778e-04 5.90067518e-04
1.56652235e-01 8.87336966e-04 5.89489792e-04
1.57059993e-01 7.76044804e-04 5.80083269e-04
1.57467749e-01 6.59066247e-04 5.90270721e-04
1.57875504e-01 7.58997348e-04 5.72826700e-04
1.58283257e-01 -6.88470740e-04 5.82248185e-04
1.58691008e-01 -1.55419016e-04 5.80978391e-04
1.59098758e-01 9.47088866e-04 5.85629437e-04
1.59506507e-01 7.13385255e-04 5.82944374e-04
1.59914254e-01 1.22616116e-03 5.74660049e-04
1.60322000e-01 5.15144062e-04 5.77346210e-04
1.60729744e-01 8.90401911e-05 5.80050004e-04
1.61137486e-01 7.55982849e-05 5.70437278e-04
1.61545228e-01 4.32667462e-04 5.70130981e-04
1.61952967e-01 -6.42428328e-05 5.76192628e-04
1.62360705e-01 9.01043394e-04 5.74568918e-04
1.62768441e-01 -5.89276557e-04 5.66839741e-04
1.63176176e-01 2.13258063e-04 5.67934869e-04
1.63583910e-01 7.79827933e-04 5.66669430e-04
1.63991641e-01 3.18484075e-04 5.78056879e-04
1.64399372e-01 5.11759129e-04 5.72643059e-04
1.64807100e-01 4.67659439e-04 5.59633487e-04
1.65214827e-01 3.54099469e-04 5.69579090e-04
1.65622553e-01 4.16112691e-04 5.49190993e-04
1.66030277e-01 -3.54619749e-04 5.62328341e-04
1.66437999e-01 -4.05869528e-04 5.60592414e-04
1.66845720e-01 7.93318940e-04 5.58728707e-04
1.67253439e-01 -1.53881582e-04 5.66209672e-04
1.67661157e-01 -7.71406385e-05 5.43553314e-04
1.68068873e-01 -5.90949039e-04 5.61497245e-04
1.68476588e-01 1.25764287e-04 5.61228632e-04
1.68884301e-01 1.05159284e-03 5.60319336e-04
1.69292012e-01 4.30928396e-05 5.74956798e-04
1.69699721e-01 3.85568932e-04 5.57686618e-04
1.70107430e-01 -6.45758119e-06 5.46586757e-04
1.70515136e-01 1.89402268e-04 5.44644173e-04
1.70922841e-01 2.96854697e-04 5.44722492e-04
1.71330544e-01 -1.62442380e-04 5.37523207e-04
1.71738246e-01 -3.59308486e-04 5.36739913e-04
1.72145946e-01 3.73162986e-04 5.46679910e-04
1.72553644e-01 -8.86709798e-04 5.34048675e-04
1.72961341e-01 -7.85752979e-04 5.40197157e-04
1.73369036e-01 -2.54789856e-04 5.37247816e-04
1.73776729e-01 2.36673581e-04 5.44409343e-04
1.74184421e-01 -4.38263829e-04 5.44518765e-04
1.74592111e-01 4.53214113e-04 5.41978758e-04
1.74999799e-01 7.17147511e-04 5.47407392e-04
1.75407486e-01 2.17117990e-04 5.40677029e-04
1.75815171e-01 -1.68115582e-04 5.44070527e-04
1.76222855e-01 1.91445570e-04 5.39930744e-04
1.76630537e-01 -1.55298039e-04 5.34778488e-04
1.77038217e-01 -5.34837719e-04 5.33995319e-04
1.77445895e-01 -4.30920226e-04 5.24169749e-04
1.77853572e-01 -5.46483498e-04 5.47466090e-04
1.78261247e-01 6.37372385e-04 5.53927395e-04
1.78668921e-01 2.46952620e-04 5.33467049e-04
1.79076592e-01 -6.06478078e-04 5.31959880e-04
1.79484262e-01 1.73752600e-04 5.22709281e-04
1.79891931e-01 3.93276172e-04 5.32227958e-04
1.80299597e-01 -4.44243680e-04 5.26349203e-04
1.80707262e-01 1.51624588e-04 5.33026051e-04
1.81114925e-01 -6.43629478e-05 5.22026317e-04
1.81522587e-01 2.46648501e-04 5.18616487e-04
1.81930247e-01 1.40145528e-03 5.24459550e-04
1.82337905e-01 3.33509079e-04 5.28012345e-04
1.82745561e-01 1.06646803e-04 5.26104251e-04
1.83153215e-01 8.34873084e-04 5.29416345e-04
1.83560868e-01 8.52632870e-04 5.18939294e-04
1.83968519e-01 -3.34602643e-04 5.07050690e-04
1.84376169e-01 1.65264569e-04 5.14269384e-04
1.84783816e-01 1.86726537e-05 5.32267113e-04
1.85191462e-01 7.33155590e-04 5.14343107e-04
1.85599106e-01 3.67549627e-04 5.17883786e-04
1.86006749e-01 1.20747099e-04 5.31372276e-04
1.86414389e-01 3.18353560e-04 5.15611926e-04
1.86822028e-01 3.87317741e-04 5.16158939e-04
1.87229665e-01 4.07705854e-05 5.05616686e-04
1.87637300e-01 1.33521040e-03 5.29927909e-04
1.88044934e-01 1.55716518e-04 5.09610152e-04
1.88452566e-01 1.14302339e-03 5.13006127e-04
1.88860195e-01 2.23815093e-04 5.14638678e-04
1.89267824e-01 -5.16036410e-04 5.06444890e-04
1.89675450e-01 -3.42494932e-05 5.04498333e-04
1.90083074e-01 3.12819012e-04 5.08469689e-04
1.90490697e-01 -2.55273077e-04 5.10320524e-04
1.90898318e-01 -5.04386287e-04 5.02609901e-04
1.91305937e-01 -4.51690727e-04 5.02736564e-04
1.91713555e-01 2.33693792e-04 5.05399179e-04
1.92121170e-01 -8.36208700e-05 5.04115853e-04
1.92528784e-01 -7.57620750e-04 5.02949017e-04
1.92936396e-01 -1.22137922e-04 5.04730932e-04
1.93344006e-01 -2.79242784e-04 5.04327186e-04
1.93751614e-01 5.29035139e-04 5.05471210e-04
1.94159220e-01 2.89161461e-04 4.92048323e-04
1.94566825e-01 -5.99453584e-04 4.90159243e-04
1.94974427e-01 2.69009222e-04 4.96238525e-04
1.95382028e-01 2.79650223e-04 4.99704535e-04
1.95789627e-01 1.23351543e-04 5.07853444e-04
1.96197224e-01 2.01569673e-03 5.07110602e-04
1.96604820e-01 7.51296047e-04 5.11252737e-04
1.97012413e-01 1.66744004e-04 4.94546489e-04
1.97420005e-01 4.34597955e-06 4.92831624e-04
1.97827594e-01 -2.29801178e-04 4.99152134e-04
1.98235182e-01 -4.17824068e-04 4.97579608e-04
1.98642768e-01 5.38876613e-04 5.06709013e-04
1.99050352e-01 8.74293035e-04 5.05498656e-04
1.99457934e-01 -3.54858827e-04 5.08031068e-04
1.99865514e-01 -2.79435693e-04 4.95491304e-04
2.00273093e-01 6.02674340e-04 5.12507227e-04
2.00680669e-01 1.11647971e-04 4.91748323e-04
2.01088244e-01 -2.39014474e-04 5.11733098e-04
2.01495816e-01 4.75326118e-04 5.17688651e-04
2.01903387e-01 6.35140807e-04 5.11980298e-04
2.02310956e-01 1.51324106e-04 5.11490917e-04
2.02718523e-01 -3.91113139e-04 5.07276528e-04
2.03126088e-01 2.60624162e-04 5.17558894e-04
2.03533651e-01 1.13294766e-03 5.10275315e-04
2.03941212e-01 5.59280502e-04 5.03803891e-04
2.04348771e-01 3.71326793e-04 4.93979908e-04
2.04756329e-01 -3.01111208e-04 4.97932632e-04
2.05163884e-01 5.20954134e-04 4.95594996e-04
2.05571438e-01 -3.41635922e-04 4.93523679e-04
2.05978989e-01 2.06650638e-04 4.97785505e-04
2.06386539e-01 1.23095542e-04 5.00706005e-04
2.06794086e-01 -6.52798497e-05 5.04404952e-04
2.07201632e-01 6.20932136e-04 4.79417039e-04
2.07609175e-01 5.20170441e-04 4.88451355e-04
2.08016717e-01 4.27497938e-04 4.98580698e-04
2.08424257e-01 -4.03976166e-04 4.93968483e-04
2.08831794e-01 -1.71659889e-04 4.86522302e-04
2.09239330e-01 5.67032232e-04 4.70863220e-04
2.09646864e-01 2.08749854e-04 4.76473281e-04
2.10054396e-01 3.64862599e-04 4.82041610e-04
2.10461925e-01 -5.68285091e-05 4.84618402e-04
2.10869453e-01 1.28306800e-03 4.98642277e-04
2.11276979e-01 4.44395855e-04 4.87084143e-04
2.11684503e-01 7.80484941e-04 4.90027785e-04
2.12092025e-01 3.57221188e-04 4.73922115e-04
2.12499544e-01 4.50852689e-04 4.83528142e-04
2.12907062e-01 2.04703553e-04 4.85044584e-04
2.13314578e-01 -4.22961815e-04 4.83879062e-04
2.13722092e-01 5.98693355e-06 4.71078744e-04
2.14129603e-01 -4.45250118e-04 4.80431431e-04
2.14537113e-01 6.31175396e-04 4.90181020e-04
2.14944621e-01 6.35789341e-04 4.81842011e-04
2.15352126e-01 6.34326986e-04 4.76792097e-04
2.15759630e-01 7.34256445e-04 4.71571440e-04
2.16167131e-01 7.56424332e-05 4.72714501e-04
2.16574631e-01 6.71891719e-04 4.79760372e-04
2.16982128e-01 4.22838092e-04 4.66862106e-04
2.17389624e-01 1.15833340e-04 4.74334659e-04
2.17797117e-01 3.58036041e-04 4.69456839e-04
2.18204608e-01 -3.97439712e-04 4.62592135e-04
2.18612098e-01 4.89616945e-04 4.62032240e-04
2.19019585e-01 3.39528861e-04 4.60433714e-04
2.19427070e-01 7.17568701e-04 4.67113011e-04
2.19834553e-01 3.33938793e-04 4.71765604e-04
2.20242034e-01 -1.97728141e-04 4.69379495e-04
2.20649512e-01 2.94769038e-04 4.64193753e-04
2.21056989e-01 -6.31428328e-05 4.63748623e-04
2.21464464e-01 2.07249961e-04 4.61410308e-04
2.21871936e-01 -6.48963452e-04 4.61599786e-04
2.22279407e-01 6.93718129e-04 4.78217628e-04
2.22686875e-01 -4.91102556e-04 4.61756225e-04
2.23094341e-01 8.04504256e-05 4.57257832e-04
2.23501805e-01 3.40822360e-04 4.66536686e-04
2.23909267e-01 2.86506500e-04 4.55234439e-04
2.24316727e-01 1.40079706e-04 4.63054596e-04
2.24724185e-01 3.35080630e-04 4.58773820e-04
2.25131641e-01 -2.66090227e-05 4.61693317e-04
2.25539094e-01 3.31571949e-04 4.53398056e-04
2.25946545e-01 3.66352933e-04 4.52561695e-04
2.26353995e-01 4.23959993e-04 4.67557672e-04
2.26761442e-01 -1.36371758e-04 4.43104195e-04
2.27168887e-01 1.98785284e-04 4.56541057e-04
2.27576329e-01 5.20912259e-04 4.50315275e-04
2.27983770e-01 -1.77132531e-04 4.48898636e-04
2.28391208e-01 -1.37884990e-05 4.58281847e-04
2.28798645e-01 1.08954943e-03 4.60919794e-04
2.29206079e-01 8.19242829e-04 4.62036642e-04
2.29613511e-01 1.69929238e-05 4.55904836e-04
2.30020941e-01 1.70976955e-05 4.66138730e-04
2.30428368e-01 -6.00260444e-05 4.72394169e-04
2.30835794e-01 1.10353225e-04 4.63674772e-04
2.31243217e-01 6.07913876e-04 4.66885551e-04
2.31650638e-01 1.36458520e-03 4.80955124e-04
2.32058057e-01 3.95008741e-04 4.70167318e-04
2.32465473e-01 4.09605912e-04 4.63807417e-04
2.32872888e-01 2.39706121e-04 4.73611811e-04
2.33280300e-01 -5.56525085e-04 4.63268411e-04
2.33687710e-01 -3.18424976e-04 4.65127776e-04
2.34095118e-01 3.20600480e-04 4.63781767e-04
2.34502524e-01 7.19166286e-04 4.55713569e-04
2.34909927e-01 4.23034301e-04 4.69402381e-04
2.35317328e-01 5.85314298e-04 4.58538852e-04
2.35724727e-01 7.92571418e-04 4.65270424e-04
2.36132124e-01 4.99417641e-04 4.64254853e-04
2.36539518e-01 3.88022825e-04 4.58666222e-04
2.36946911e-01 9.94840171e-04 4.53584507e-04
2.37354301e-01 -1.08128238e-04 4.46597994e-04
2.37761688e-01 -2.40801017e-04 4.46078659e-04
2.38169074e-01 -4.44798730e-04 4.54182796e-04
2.38576457e-01 4.24220621e-04 4.49144003e-04
2.38983838e-01 1.74195756e-04 4.50601922e-04
2.39391217e-01 4.02890526e-04 4.53497822e-04
2.39798593e-01 5.36179210e-04 4.43487522e-04
2.40205967e-01 -1.74328200e-04 4.45878580e-04
2.40613339e-01 1.93646719e-04 4.50981116e-04
2.41020709e-01 1.04746752e-04 4.47586680e-04
2.41428076e-01 9.10362929e-04 4.44747166e-04
2.41835441e-01 6.82787317e-04 4.37076903e-04
2.42242804e-01 -1.95716835e-04 4.45849889e-04
2.42650165e-01 -1.10509791e-04 4.39647823e-04
2.43057523e-01 3.05544005e-04 4.45495048e-04
2.43464879e-01 6.00071451e-04 4.49606322e-04
2.43872232e-01 5.50433569e-04 4.41171216e-04
2.44279584e-01 8.65213324e-04 4.34578157e-04
2.44686933e-01 5.89759231e-05 4.35943762e-04
2.45094279e-01 9.06774692e-04 4.42697753e-04
2.45501624e-01 -8.76031034e-04 4.33735905e-04
2.45908966e-01 -1.07363755e-04 4.27183396e-04
2.46316305e-01 -3.53670533e-04 4.34269222e-04
2.46723643e-01 4.00611426e-05 4.36361384e-04
2.47130978e-01 -1.16303011e-04 4.36697859e-04
2.47538310e-01 7.65470774e-04 4.37329949e-04
2.47945641e-01 6.73709489e-04 4.33780804e-04
2.48352969e-01 -5.02259776e-04 4.26456805e-04
2.48760294e-01 2.16286774e-04 4.29368479e-04
2.49167618e-01 4.19449610e-06 4.35166552e-04
2.49574939e-01 -8.98297495e-05 4.27273578e-04
2.49982257e-01 -2.70489821e-04 4.30617597e-04
2.50389573e-01 -8.30099747e-06 4.29370171e-04
2.50796887e-01 2.20604557e-04 4.30969481e-04
2.51204199e-01 7.37609769e-04 4.28492058e-04
2.51611508e-01 6.99144334e-04 4.30213201e-04
2.52018815e-01 5.65292499e-04 4.23553862e-04
2.52426119e-01 1.81292711e-04 4.31639553e-04
2.52833421e-01 1.11854723e-04 4.27667637e-04
2.53240720e-01 4.76647314e-04 4.23404041e-04
2.53648017e-01 1.36565779e-04 4.25400231e-04
2.54055312e-01 8.76857716e-04 4.39252220e-04
2.54462605e-01 1.63886744e-04 4.28696273e-04
2.54869894e-01 4.77638379e-04 4.26503670e-04
2.55277182e-01 -6.06616209e-05 4.20217139e-04
2.55684467e-01 5.87662604e-06 4.18092453e-04
2.56091750e-01 1.90215015e-05 4.12058444e-04
2.56499030e-01 1.41808335e-03 4.28496568e-04
2.56906308e-01 4.52908558e-04 4.16665104e-04
2.57313583e-01 4.86716338e-05 4.18856286e-04
2.57720856e-01 1.39959522e-04 4.30866782e-04
2.58128127e-01 -9.76012002e-05 4.20702014e-04
2.58535395e-01 -3.17100696e-05 4.17397271e-04
2.58942661e-01 -4.08514627e-05 4.18308330e-04
2.59349924e-01 -2.16672393e-04 4.15286830e-04
2.59757184e-01 4.30990390e-04 4.22976365e-04
2.60164443e-01 3.17156858e-04 4.22123352e-04
2.60571699e-01 1.82427590e-04 4.15470910e-04
2.60978952e-01 -3.71852640e-04 4.15826957e-04
2.61386203e-01 2.70016104e-04 4.16865107e-04
2.61793451e-01 6.28687104e-04 4.21495456e-04
2.62200697e-01 2.98912482e-04 4.21869727e-04
2.62607941e-01 4.73027592e-04 4.17313338e-04
2.63015182e-01 5.98864643e-04 4.16378516e-04
2.63422420e-01 7.24412472e-05 4.10595662e-04
2.63829656e-01 1.28198883e-04 4.07241135e-04
2.64236890e-01 4.14613832e-05 4.14471166e-04
2.64644121e-01 -1.10260481e-04 4.10772931e-04
2.65051349e-01 -4.64690395e-04 4.10399814e-04
2.65458575e-01 5.42438008e-04 4.08891124e-04
2.65865799e-01 2.72116442e-04 4.16200859e-04
2.66273019e-01 -1.08269358e-04 4.02703866e-04
2.66680238e-01 4.34068659e-04 4.02731448e-04
2.67087454e-01 6.49967366e-04 4.15367244e-04
2.67494667e-01 6.97837124e-05 4.01928742e-04
2.67901878e-01 -4.24023104e-04 4.05570480e-04
2.68309086e-01 3.64629462e-05 3.99939188e-04
2.68716292e-01 3.70857587e-04 4.04240626e-04
2.69123495e-01 4.56053168e-04 4.11878845e-04
2.69530696e-01 2.41013402e-04 4.03733877e-04
2.69937894e-01 1.65744723e-05 4.06097978e-04
2.70345090e-01 6.13888961e-04 4.08539088e-04
2.70752283e-01 9.29736924e-04 4.09121374e-04
2.71159473e-01 -3.26575544e-04 3.98222150e-04
2.71566661e-01 5.15588342e-04 4.06497805e-04
2.71973847e-01 7.46414071e-04 4.09263161e-04
2.72381030e-01 1.65843842e-04 4.05472036e-04
2.72788210e-01 -5.55556469e-04 4.09202479e-04
2.73195387e-01 1.51147004e-04 4.11245767e-04
2.73602562e-01 -4.55383044e-04 3.98708372e-04
2.74009735e-01 -6.95989357e-05 4.01894147e-04
2.74416905e-01 1.74975008e-05 4.03112618e-04
2.74824072e-01 5.97543306e-04 4.02241908e-04
2.75231237e-01 -3.65658620e-04 3.93802449e-04
2.75638399e-01 -7.43359087e-04 3.96435170e-04
2.76045558e-01 9.15292843e-05 3.94413566e-04
2.76452715e-01 2.30775936e-04 4.01163860e-04
2.76859869e-01 6.87292665e-04 4.07358663e-04
2.77267021e-01 -1.48620328e-04 4.03073016e-04
2.77674170e-01 1.61719262e-04 3.99211281e-04
2.78081316e-01 4.33257797e-04 3.99962077e-04
2.78488460e-01 1.91499506e-04 3.94779175e-04
2.78895601e-01 7.40407466e-04 4.04914076e-04
2.79302740e-01 1.41559665e-04 4.02488492e-04
2.79709875e-01 2.28877188e-04 3.92732915e-04
2.80117009e-01 2.10300387e-04 4.04007623e-04
2.80524139e-01 2.86633792e-04 3.95876402e-04
2.80931267e-01 2.91384223e-04 3.89189937e-04
2.81338392e-01 4.80230538e-04 4.00962376e-04
2.81745515e-01 7.55089507e-04 4.01458923e-04
2.82152635e-01 2.20927464e-04 3.92797941e-04
2.82559752e-01 6.72373293e-04 3.94467452e-04
2.82966866e-01 3.94537374e-04 3.99332358e-04
2.83373978e-01 6.55614486e-04 3.91502128e-04
2.83781088e-01 -3.60566766e-04 3.91203902e-04
2.84188194e-01 -6.97896856e-04 3.90881500e-04
2.84595298e-01 4.41285075e-04 3.99627470e-04
2.85002399e-01 3.66732144e-04 3.91886006e-04
2.85409497e-01 -2.24473887e-05 3.92098086e-04
2.85816593e-01 7.08755310e-04 3.99464171e-04
2.86223686e-01 5.75438859e-04 3.97260564e-04
2.86630777e-01 1.25377357e-04 3.98573776e-04
2.87037864e-01 -8.64956193e-05 3.99290546e-04
2.87444949e-01 2.77535061e-04 4.02036145e-04
2.87852031e-01 5.22425928e-04 4.04789062e-04
2.88259111e-01 3.73550025e-05 3.97778321e-04
2.88666188e-01 -1.35781534e-04 3.97742893e-04
2.89073262e-01 1.22851160e-04 3.94369609e-04
2.89480333e-01 -4.94544007e-04 3.97290834e-04
2.89887401e-01 -1.75192357e-04 3.97140731e-04
2.90294467e-01 -4.03353322e-04 3.97884730e-04
2.90701530e-01 8.16413476e-04 4.04242435e-04
2.91108591e-01 -9.66924149e-05 3.96007082e-04
2.91515648e-01 1.12980101e-04 3.93153730e-04
2.91922703e-01 1.51544178e-04 3.91667281e-04
2.92329755e-01 3.59833836e-05 3.88489224e-04
2.92736804e-01 -4.74287476e-04 3.89959923e-04
2.93143851e-01 3.24655934e-04 3.94140042e-04
2.93550895e-01 3.60653071e-04 3.98739505e-04
2.93957936e-01 4.33347813e-04 3.91279838e-04
2.94364974e-01 6.12257996e-04 3.98867483e-04
2.94772009e-01 -1.15936235e-04 3.95066928e-04
2.95179042e-01 -3.16545598e-04 3.85514904e-04
2.95586072e-01 4.96841808e-05 3.94134586e-04
2.95993099e-01 -4.05017529e-04 3.94020582e-04
2.96400123e-01 -1.99833935e-04 3.87999248e-04
2.96807145e-01 3.30407983e-04 3.96889844e-04
2.97214163e-01 3.11100519e-04 3.90723610e-04
2.97621179e-01 1.65493695e-04 3.97484559e-04
2.98028192e-01 -9.98718316e-05 3.88848599e-04
2.98435202e-01 8.47000075e-05 3.98459963e-04
2.98842210e-01 2.01058124e-04 3.95212093e-04
2.99249214e-01 3.40311100e-04 3.95633260e-04
2.99656216e-01 -2.61838510e-04 3.89906426e-04
3.00063215e-01 2.61376401e-04 3.91195348e-04
3.00470211e-01 5.89702411e-04 3.95438679e-04
3.00877204e-01 8.38954280e-04 3.90943276e-04
3.01284194e-01 2.43201407e-04 3.96667567e-04
3.01691182e-01 -5.88113185e-05 3.91851688e-04
3.02098167e-01 1.94993239e-04 3.90582701e-04
3.02505149e-01 4.23515154e-04 3.96905215e-04
3.02912128e-01 -4.47631001e-04 3.95320430e-04
3.03319104e-01 -4.47575617e-05 3.92473019e-04
3.03726077e-01 4.66933118e-04 3.90506624e-04
3.04133047e-01 -2.82871115e-04 3.91098713e-04
3.04540015e-01 1.91506771e-04 3.92333785e-04
3.04946979e-01 7.42457947e-04 3.99515321e-04
3.05353941e-01 2.74162972e-05 3.90518029e-04
3.05760900e-01 -3.48985280e-04 3.87132335e-04
3.06167856e-01 3.61512549e-04 3.92388293e-04
3.06574809e-01 4.64804946e-05 3.93716351e-04
3.06981759e-01 1.34267403e-04 3.92820638e-04
3.07388706e-01 1.04120161e-04 3.87613533e-04
3.07795651e-01 1.00507269e-04 3.96253568e-04
3.08202592e-01 1.08514589e-03 4.01976270e-04
3.08609531e-01 7.26238127e-04 3.98309335e-04
3.09016466e-01 -2.79870853e-04 4.00735156e-04
3.09423399e-01 5.08464030e-04 4.02883884e-04
3.09830329e-01 -5.03516155e-04 3.99846104e-04
3.10237256e-01 2.48159946e-04 3.98321281e-04
3.10644180e-01 1.54407942e-04 4.00524935e-04
3.11051101e-01 5.20178323e-04 4.01397276e-04
3.11458019e-01 4.63049854e-05 4.03300066e-04
3.11864934e-01 -1.47021464e-05 4.04173671e-04
3.12271846e-01 3.63146218e-04 3.99181135e-04
3.12678755e-01 4.62852772e-04 3.90001068e-04
3.13085661e-01 -3.61779618e-04 3.99629995e-04
3.13492565e-01 -5.55902356e-04 3.94473940e-04
3.13899465e-01 1.58871118e-04 3.94086851e-04
3.14306362e-01 1.95804809e-04 4.02289080e-04
3.14713257e-01 1.30059612e-04 4.09160282e-04
3.15120148e-01 2.15650951e-04 4.01305849e-04
3.15527037e-01 3.39905516e-04 4.11136217e-04
3.15933922e-01 1.17316851e-04 4.02487281e-04
3.16340805e-01 1.05934794e-04 4.48130193e-04
3.16747684e-01 -1.91614764e-05 4.84245016e-04
3.17154561e-01 -2.09731337e-04 4.99096615e-04
3.17561434e-01 1.97548211e-04 5.33731396e-04
3.17968305e-01 -1.58595996e-04 5.74647112e-04
3.18375172e-01 7.45964452e-04 6.21772601e-04
3.18782037e-01 5.41445671e-04 6.48034991e-04
3.19188898e-01 -6.01194093e-04 6.48744059e-04
3.19595757e-01 9.01130284e-04 7.05735885e-04
3.20002612e-01 -3.43876117e-04 7.19117158e-04
3.20409465e-01 4.79057520e-04 7.94778700e-04
3.20816314e-01 6.58209378e-04 8.17926570e-04
3.21223160e-01 6.62495520e-04 9.53514389e-04
3.21630004e-01 7.15479718e-04 1.01386289e-03
3.22036844e-01 1.93954456e-05 1.31041899e-03
3.22443681e-01 -1.94363902e-03 1.80704376e-03
3.22850516e-01 -4.77475226e-03 5.87843095e-03
