4.08043586e-03 -3.64722908e-02 2.77590428e-02
4.48847930e-03 -3.23759158e-02 2.70507829e-02
4.89652269e-03 -3.23556181e-02 2.03281514e-02
5.30456604e-03 -2.04349314e-02 1.41033899e-02
5.71260934e-03 -4.57843850e-03 1.09627915e-02
6.12065258e-03 -6.14786258e-03 8.76953878e-03
6.52869577e-03 -9.53380626e-04 7.44077941e-03
6.93673889e-03 -1.01035429e-03 5.88720689e-03
7.34478195e-03 1.14562783e-02 5.89956103e-03
7.75282494e-03 3.10414261e-03 5.28693220e-03
8.16086785e-03 4.14366039e-03 4.79034098e-03
8.56891069e-03 4.42028661e-03 4.54539994e-03
8.97695345e-03 2.81015175e-03 4.12937546e-03
9.38499612e-03 4.87342062e-03 3.97088965e-03
9.79303870e-03 6.20959247e-03 3.68235679e-03
1.02010812e-02 2.97849461e-03 3.41333272e-03
1.06091236e-02 6.71857139e-04 3.35004153e-03
1.10171659e-02 -1.39457632e-03 3.17256103e-03
1.14252081e-02 4.89711263e-03 2.98829285e-03
1.18332501e-02 5.89798217e-03 2.90345548e-03
1.22412921e-02 6.91505864e-04 2.59157432e-03
1.26493339e-02 9.16852163e-03 2.65648501e-03
1.30573757e-02 6.47284744e-03 2.68307152e-03
1.34654173e-02 3.86767068e-03 2.46100386e-03
1.38734588e-02 4.34657137e-03 2.46327386e-03
1.42815001e-02 3.35306299e-03 2.39480004e-03
1.46895413e-02 4.03825035e-03 2.27446038e-03
1.50975824e-02 5.22977041e-03 2.01902471e-03
1.55056233e-02 1.46408371e-03 2.10626345e-03
1.59136641e-02 4.07819172e-03 2.08361120e-03
1.63217047e-02 2.75854133e-03 1.98464798e-03
1.67297452e-02 4.02487325e-03 2.03670690e-03
1.71377855e-02 6.21792044e-03 2.04894832e-03
1.75458257e-02 2.26035671e-03 1.95711932e-03
1.79538657e-02 5.23091481e-03 1.99340705e-03
1.83619055e-02 4.72085053e-03 1.91077091e-03
1.87699451e-02 1.50638174e-03 1.88080796e-03
1.91779846e-02 3.66685400e-03 2.07342935e-03
1.95860239e-02 5.87579922e-03 2.10332636e-03
1.99940630e-02 2.70333841e-03 1.99087753e-03
2.04021019e-02 1.65435639e-03 1.86666350e-03
2.08101406e-02 4.93000001e-03 1.98979426e-03
2.12181791e-02 3.89631228e-03 1.72523622e-03
2.16262174e-02 1.36330211e-03 1.91023782e-03
2.20342555e-02 1.72586011e-03 1.69212175e-03
2.24422934e-02 2.66805827e-03 1.69226091e-03
2.28503311e-02 4.01395296e-03 1.69085136e-03
2.32583686e-02 1.35380124e-03 1.69609035e-03
2.36664058e-02 2.44530286e-03 1.71561536e-03
2.40744429e-02 1.21679578e-03 1.62743372e-03
2.44824797e-02 3.39042703e-03 1.62324237e-03
2.48905162e-02 2.40501600e-03 1.51899121e-03
2.52985525e-02 -1.58244922e-04 1.63644225e-03
2.57065886e-02 3.98190052e-04 1.68369456e-03
2.61146245e-02 1.46752052e-03 1.63873214e-03
2.65226601e-02 3.28012026e-03 1.68678348e-03
2.69306954e-02 -1.03467000e-03 1.53963328e-03
2.73387305e-02 3.83167389e-03 1.78696916e-03
2.77467653e-02 2.85516134e-03 1.64594945e-03
2.81547999e-02 1.03561282e-03 1.58824452e-03
2.85628342e-02 1.93357799e-03 1.67118710e-03
2.89708682e-02 3.06552302e-03 1.73150346e-03
2.93789020e-02 -1.55187093e-03 1.69346583e-03
2.97869355e-02 9.75886090e-05 1.49893705e-03
3.01949687e-02 -2.10252617e-03 1.61787497e-03
3.06030016e-02 -2.55327478e-04 1.52897800e-03
3.10110342e-02 1.85799167e-03 1.64447726e-03
3.14190665e-02 -6.48483450e-04 1.56807662e-03
3.18270985e-02 3.79934553e-04 1.56391576e-03
3.22351302e-02 4.42398685e-04 1.47737785e-03
3.26431617e-02 8.14280773e-04 1.43140798e-03
3.30511928e-02 1.40174271e-03 1.44442575e-03
3.34592236e-02 2.83456491e-03 1.49606732e-03
3.38672540e-02 -4.25030415e-04 1.39968425e-03
3.42752842e-02 8.28816029e-04 1.44095248e-03
3.46833140e-02 2.20429982e-03 1.47277481e-03
3.50913435e-02 2.45588075e-03 1.40353972e-03
3.54993727e-02 1.27051840e-03 1.36463381e-03
3.59074015e-02 1.44483812e-04 1.37215564e-03
3.63154300e-02 -3.29951218e-04 1.36062029e-03
3.67234581e-02 5.87121266e-04 1.43784654e-03
3.71314859e-02 3.29253792e-03 1.37657957e-03
3.75395134e-02 2.04006166e-03 1.33318410e-03
3.79475405e-02 1.27028396e-03 1.34305037e-03
3.83555672e-02 1.24712442e-03 1.31669869e-03
3.87635935e-02 -1.99476371e-05 1.33812681e-03
3.91716195e-02 -9.31674560e-05 1.30054191e-03
3.95796452e-02 9.90699352e-05 1.26662514e-03
3.99876704e-02 1.64606935e-03 1.37878226e-03
4.03956953e-02 5.78165510e-04 1.28182969e-03
4.08037198e-02 -1.21702692e-03 1.30817995e-03
4.12117439e-02 -6.83335569e-04 1.30413689e-03
4.16197676e-02 5.90275966e-04 1.26621564e-03
4.20277909e-02 1.70903116e-03 1.27988568e-03
4.24358138e-02 -1.60490607e-03 1.24941327e-03
4.28438363e-02 -4.69174164e-05 1.25133604e-03
4.32518584e-02 1.90273706e-03 1.26220185e-03
4.36598801e-02 -5.81598109e-04 1.23188649e-03
4.40679014e-02 -1.64970991e-03 1.26817836e-03
4.44759222e-02 4.15746274e-04 1.22992581e-03
4.48839427e-02 6.00400114e-04 1.18639513e-03
4.52919627e-02 -7.19436439e-04 1.22030448e-03
4.56999823e-02 1.45656733e-03 1.23561141e-03
4.61080014e-02 -1.56280707e-03 1.17117299e-03
4.65160201e-02 -3.84445954e-04 1.16024251e-03
4.69240384e-02 1.45933337e-03 1.20225443e-03
4.73320562e-02 -1.58312924e-03 1.14388750e-03
4.77400736e-02 2.13390239e-04 1.14950083e-03
4.81480905e-02 2.10631243e-04 1.14099635e-03
4.85561070e-02 -5.44068799e-04 1.16016046e-03
4.89641230e-02 9.53925911e-04 1.16515942e-03
4.93721385e-02 -1.03245180e-03 1.21403938e-03
4.97801536e-02 1.21327432e-03 1.19095054e-03
5.01881682e-02 1.83173105e-04 1.17386618e-03
5.05961823e-02 2.11516444e-03 1.18522210e-03
5.10041960e-02 5.24005693e-04 1.15775393e-03
5.14122091e-02 1.51575551e-04 1.07606786e-03
5.18202218e-02 8.03930416e-04 1.11636115e-03
5.22282340e-02 -1.81314290e-03 1.08573806e-03
5.26362457e-02 -1.36689820e-04 1.11725152e-03
5.30442569e-02 9.03004663e-04 1.09935201e-03
5.34522675e-02 1.05221072e-03 1.11296139e-03
5.38602777e-02 1.64028245e-03 1.10150925e-03
5.42682874e-02 -6.05149233e-04 1.08815752e-03
5.46762965e-02 5.44391793e-04 1.04164696e-03
5.50843052e-02 7.06057769e-04 1.08051325e-03
5.54923133e-02 3.63462909e-04 1.07261428e-03
5.59003208e-02 -6.90237856e-04 1.10137446e-03
5.63083279e-02 1.84501542e-04 1.14485601e-03
5.67163344e-02 4.37978019e-04 1.06701109e-03
5.71243404e-02 8.16730369e-05 1.12179257e-03
5.75323458e-02 -2.30867160e-04 1.10080777e-03
5.79403507e-02 3.07955971e-04 1.09405378e-03
5.83483551e-02 2.33956096e-03 1.12965818e-03
5.87563588e-02 1.39190931e-03 1.12595047e-03
5.91643621e-02 -3.24911531e-05 1.07199448e-03
5.95723647e-02 1.44463393e-03 1.10889157e-03
5.99803668e-02 2.02264856e-03 1.12640265e-03
6.03883684e-02 -1.37906973e-03 1.08735605e-03
6.07963693e-02 2.63507955e-04 1.13466284e-03
6.12043697e-02 -1.31362250e-03 1.08562615e-03
6.16123695e-02 9.35468777e-04 1.09480841e-03
6.20203687e-02 1.05088089e-03 1.08108333e-03
6.24283674e-02 1.18300473e-03 1.05287828e-03
6.28363654e-02 -7.41223688e-04 1.07724176e-03
6.32443629e-02 2.85292689e-04 1.01755889e-03
6.36523597e-02 8.06858457e-04 1.05697875e-03
6.40603559e-02 1.15030572e-03 1.06726687e-03
6.44683516e-02 1.27790662e-03 1.03216102e-03
6.48763466e-02 -5.53955745e-05 1.03181657e-03
6.52843410e-02 2.58064499e-04 1.04637066e-03
6.56923348e-02 -6.12496231e-04 1.02072183e-03
6.61003279e-02 -3.92923542e-04 1.06384059e-03
6.65083205e-02 -1.76057439e-03 1.01392619e-03
6.69163124e-02 5.33581735e-04 9.95706288e-04
6.73243036e-02 2.30063748e-04 1.01716113e-03
6.77322943e-02 -3.65910579e-04 1.04085817e-03
6.81402842e-02 5.77341906e-04 9.85929252e-04
6.85482736e-02 1.90335476e-03 1.00481403e-03
6.89562623e-02 -3.02203162e-04 9.91113343e-04
6.93642503e-02 5.61497359e-04 1.00843324e-03
6.97722377e-02 3.65346346e-04 9.50381887e-04
7.01802244e-02 -9.29432288e-04 9.73370601e-04
7.05882105e-02 3.28062122e-04 9.69021022e-04
7.09961958e-02 -3.83241557e-04 9.34314097e-04
7.14041805e-02 -2.84923629e-04 9.28333209e-04
7.18121646e-02 4.20970676e-04 9.34670760e-04
7.22201479e-02 -1.07814184e-03 9.33412458e-04
7.26281306e-02 5.18072743e-04 9.37345572e-04
7.30361126e-02 1.19762129e-03 9.45058082e-04
7.34440938e-02 1.04191353e-04 9.25841837e-04
7.38520744e-02 2.36534552e-04 9.45658064e-04
7.42600543e-02 -5.98144156e-04 9.11864272e-04
7.46680335e-02 2.47663444e-06 9.20444811e-04
7.50760119e-02 5.30233483e-04 9.13462036e-04
7.54839897e-02 1.01450943e-03 9.28049456e-04
7.58919667e-02 1.53800589e-04 8.83719345e-04
7.62999431e-02 8.73997444e-05 9.21473120e-04
7.67079187e-02 9.98318051e-04 9.38926905e-04
7.71158935e-02 2.02901000e-04 8.93072050e-04
7.75238677e-02 2.60689050e-04 8.90720981e-04
7.79318411e-02 -1.89051633e-03 8.81817977e-04
7.83398137e-02 1.23722845e-03 9.23068270e-04
7.87477857e-02 3.33631219e-04 8.67508680e-04
7.91557568e-02 -2.37940921e-04 8.91524956e-04
7.95637273e-02 2.47798492e-04 8.97106393e-04
7.99716969e-02 -9.00786959e-05 8.72412916e-04
8.03796658e-02 -1.43243361e-03 8.90944620e-04
8.07876340e-02 -3.25511769e-04 8.64677106e-04
8.11956014e-02 1.44884726e-03 8.76421653e-04
8.16035680e-02 2.54245855e-03 8.64834353e-04
8.20115338e-02 1.22225900e-03 8.74825173e-04
8.24194989e-02 1.64748769e-03 8.53820782e-04
8.28274631e-02 1.17154123e-03 8.53740864e-04
8.32354266e-02 -1.83056241e-04 8.26994556e-04
8.36433893e-02 -1.28446130e-03 8.59359084e-04
8.40513512e-02 2.04425911e-03 8.85396849e-04
8.44593123e-02 1.46439412e-03 8.48823377e-04
8.48672727e-02 -5.74419044e-04 8.51190340e-04
8.52752322e-02 2.47044503e-04 8.21127278e-04
8.56831909e-02 -3.63216137e-04 8.44188290e-04
8.60911487e-02 -3.23883786e-04 8.62616639e-04
8.64991058e-02 1.41227150e-03 8.31119151e-04
8.69070620e-02 4.62551362e-04 8.49777353e-04
8.73150175e-02 1.72737853e-03 8.50004393e-04
8.77229721e-02 8.93820113e-04 8.57711318e-04
8.81309258e-02 6.14665015e-04 8.27834342e-04
8.85388787e-02 1.10445818e-03 8.42384063e-04
8.89468308e-02 9.16448933e-04 8.37725835e-04
8.93547821e-02 2.44770366e-04 8.23933129e-04
8.97627325e-02 -6.46028511e-04 8.02865173e-04
9.01706820e-02 -1.95874648e-04 8.42249860e-04
9.05786307e-02 -4.74921108e-04 7.91797050e-04
9.09865785e-02 -2.00274627e-05 8.14357752e-04
9.13945255e-02 -3.54494045e-04 8.12830878e-04
9.18024716e-02 3.26478082e-04 8.03208993e-04
9.22104168e-02 1.61410040e-03 8.10077488e-04
9.26183611e-02 -3.34759625e-05 8.07465287e-04
9.30263046e-02 1.36615926e-03 8.31605238e-04
9.34342472e-02 5.98163107e-04 8.13569102e-04
9.38421889e-02 1.43186483e-04 8.32004119e-04
9.42501297e-02 2.43593857e-04 8.34811227e-04
9.46580696e-02 -3.55815759e-04 8.38600461e-04
9.50660087e-02 -1.84181816e-04 8.12772941e-04
9.54739468e-02 9.63964148e-04 7.89939539e-04
9.58818840e-02 -1.34469601e-03 8.10511031e-04
9.62898203e-02 1.09133356e-04 7.97835184e-04
9.66977557e-02 1.68803729e-04 7.78117833e-04
9.71056902e-02 9.65047284e-04 7.85235847e-04
9.75136237e-02 -5.39493785e-04 7.89949490e-04
9.79215564e-02 -5.70853522e-04 7.71693753e-04
9.83294881e-02 -7.79769731e-04 7.79722195e-04
9.87374188e-02 1.08113920e-03 7.84346933e-04
9.91453487e-02 6.95000287e-05 7.58548801e-04
9.95532775e-02 -2.44881407e-04 7.65699275e-04
9.99612055e-02 1.38597770e-03 7.92245617e-04
1.00369132e-01 1.11676484e-03 7.78901346e-04
1.00777059e-01 5.40256337e-04 7.80354554e-04
1.01184984e-01 -6.23124676e-04 7.47801665e-04
1.01592908e-01 4.52794182e-04 7.55183307e-04
1.02000831e-01 -1.30919367e-03 7.34592870e-04
1.02408753e-01 -7.93917746e-04 7.50094136e-04
1.02816674e-01 3.40667195e-04 7.33962771e-04
1.03224595e-01 -3.72566261e-04 7.46321021e-04
1.03632514e-01 -1.29154834e-03 7.24118872e-04
1.04040432e-01 -4.19505533e-04 7.36569411e-04
1.04448349e-01 1.30503567e-03 7.31038298e-04
1.04856266e-01 2.56612950e-04 7.69743617e-04
1.05264181e-01 1.73537672e-03 7.74310780e-04
1.05672095e-01 1.10419007e-03 7.43594368e-04
1.06080009e-01 7.08645749e-04 7.49244094e-04
1.06487921e-01 3.12388904e-04 7.38873504e-04
1.06895832e-01 1.24700722e-03 7.37620609e-04
1.07303743e-01 -5.40812185e-05 7.38799145e-04
1.07711652e-01 1.55046251e-05 7.64039879e-04
1.08119560e-01 1.47168675e-04 7.52210428e-04
1.08527467e-01 -6.96756061e-05 7.56990562e-04
1.08935374e-01 -1.66289045e-04 7.61261765e-04
1.09343279e-01 6.21616428e-05 7.46973731e-04
1.09751183e-01 4.44014735e-04 7.31747539e-04
1.10159086e-01 8.60603520e-04 7.18369601e-04
1.10566988e-01 -9.53272023e-04 7.15953732e-04
1.10974889e-01 -2.51855613e-04 7.09016478e-04
1.11382789e-01 1.77733429e-05 7.26050437e-04
1.11790688e-01 1.62117517e-03 7.49251280e-04
1.12198586e-01 -1.91623997e-03 7.22105036e-04
1.12606482e-01 -3.86896304e-05 7.45052778e-04
1.13014378e-01 1.54557166e-04 7.36040514e-04
1.13422273e-01 -1.82317893e-03 7.34928980e-04
1.13830166e-01 5.86631622e-04 7.25221601e-04
1.14238059e-01 -1.16297961e-04 7.35694863e-04
1.14645950e-01 1.04225054e-03 7.41708802e-04
1.15053840e-01 1.81371891e-03 7.59188032e-04
1.15461730e-01 -1.67893517e-04 7.39163612e-04
1.15869618e-01 8.11449317e-04 7.62012975e-04
1.16277505e-01 8.02454634e-05 7.29993852e-04
1.16685391e-01 -6.55933460e-04 7.44664341e-04
1.17093275e-01 1.10048037e-03 7.36021569e-04
1.17501159e-01 4.36216463e-04 7.63598193e-04
1.17909042e-01 4.62765214e-04 7.04684098e-04
1.18316923e-01 -5.43908109e-04 7.35305358e-04
1.18724803e-01 8.79363670e-05 6.95345045e-04
1.19132683e-01 6.03866535e-04 7.14279609e-04
1.19540561e-01 -1.19255010e-03 6.99355590e-04
1.19948438e-01 5.39789176e-04 7.03853599e-04
1.20356313e-01 5.72780883e-04 6.99355770e-04
1.20764188e-01 2.52377919e-04 6.95763953e-04
1.21172062e-01 1.72061260e-03 6.99213463e-04
1.21579934e-01 5.19320894e-04 7.08167093e-04
1.21987805e-01 -7.35090609e-06 7.02379601e-04
1.22395675e-01 -6.96596345e-04 6.77997642e-04
1.22803544e-01 -9.75561949e-04 6.88179286e-04
1.23211412e-01 9.90471367e-04 6.75034290e-04
1.23619278e-01 9.69297082e-04 7.04271206e-04
1.24027144e-01 -1.31862495e-03 6.60855675e-04
1.24435008e-01 -5.00034930e-05 6.75354278e-04
1.24842871e-01 5.94628140e-04 6.98451763e-04
1.25250733e-01 5.00259753e-04 6.66809079e-04
1.25658594e-01 -1.66539583e-04 6.72900384e-04
1.26066453e-01 -2.18503877e-04 6.66001156e-04
1.26474311e-01 9.92289751e-04 6.88356763e-04
1.26882168e-01 1.82146815e-04 6.70433066e-04
1.27290024e-01 -1.04630117e-03 6.75908052e-04
1.27697879e-01 6.07516646e-04 6.80174729e-04
1.28105732e-01 -2.81553654e-04 6.60786076e-04
1.28513585e-01 1.07302584e-03 6.75645045e-04
1.28921436e-01 6.99015350e-05 6.62902242e-04
1.29329285e-01 2.80552747e-04 6.63093282e-04
1.29737134e-01 -4.77306912e-04 7.07252522e-04
1.30144981e-01 -2.74237830e-04 6.36540367e-04
1.30552828e-01 -6.03425338e-04 6.62666489e-04
1.30960672e-01 -2.97080636e-04 6.47603982e-04
1.31368516e-01 -1.46884794e-03 6.23781904e-04
1.31776358e-01 -5.93588603e-04 6.50544879e-04
1.32184200e-01 4.49819171e-04 6.39454710e-04
1.32592039e-01 -3.31359785e-04 6.50442068e-04
1.32999878e-01 -2.12827941e-04 6.41758467e-04
1.33407715e-01 2.62346811e-04 6.32293583e-04
1.33815552e-01 -3.26989030e-04 6.32993450e-04
1.34223386e-01 5.42750680e-04 6.53160269e-04
1.34631220e-01 -2.53143994e-04 6.31657979e-04
1.35039052e-01 -1.82983530e-04 6.48433582e-04
1.35446883e-01 5.26428962e-04 6.52565512e-04
1.35854713e-01 -9.78582378e-04 6.21955948e-04
1.36262541e-01 2.12956077e-04 6.39272188e-04
1.36670368e-01 3.15267944e-04 6.30883663e-04
1.37078194e-01 5.16422024e-04 6.29942544e-04
1.37486019e-01 5.51702612e-04 6.50048225e-04
1.37893842e-01 6.86482160e-05 6.34204710e-04
1.38301664e-01 -4.70118953e-04 6.18056681e-04
1.38709485e-01 -4.53481888e-04 6.24675307e-04
1.39117304e-01 6.21136502e-05 6.19560779e-04
1.39525122e-01 8.67065937e-06 6.28109031e-04
1.39932939e-01 -6.78497671e-04 6.13876365e-04
1.40340754e-01 -1.80978182e-03 6.24112156e-04
1.40748568e-01 -4.57051258e-04 6.13546024e-04
1.41156381e-01 -5.21257215e-04 6.10039753e-04
1.41564192e-01 -4.59125421e-04 6.13521202e-04
1.41972002e-01 2.54140387e-05 6.25319168e-04
1.42379811e-01 3.96424921e-04 6.14115907e-04
1.42787618e-01 1.20798067e-04 6.35607362e-04
1.43195424e-01 1.52231457e-03 6.22039497e-04
1.43603228e-01 5.17296888e-04 6.21616925e-04
1.44011032e-01 -2.29386240e-04 6.41344638e-04
1.44418833e-01 8.46417836e-04 6.40516601e-04
1.44826634e-01 2.70174360e-04 6.27079398e-04
1.45234433e-01 -7.14676772e-06 6.25419973e-04
1.45642231e-01 -9.33842449e-05 6.24893948e-04
1.46050027e-01 4.03287379e-05 6.25569498e-04
1.46457822e-01 4.79414798e-04 6.29827854e-04
1.46865616e-01 1.09530398e-03 6.17989372e-04
1.47273408e-01 1.48542886e-03 6.45320860e-04
1.47681199e-01 2.28435389e-04 6.49373543e-04
1.48088988e-01 -6.53486954e-04 6.33799147e-04
1.48496776e-01 1.94240373e-03 6.44484677e-04
1.48904563e-01 -1.42084762e-04 6.19345827e-04
1.49312348e-01 2.59050280e-04 6.17198148e-04
1.49720132e-01 -8.74801725e-05 6.09149084e-04
1.50127914e-01 -1.51426226e-04 6.20152247e-04
1.50535695e-01 -6.76779293e-04 6.02025950e-04
1.50943474e-01 2.08475438e-04 6.09784601e-04
1.51351252e-01 -3.55063783e-04 5.98557661e-04
1.51759029e-01 -3.54648526e-04 6.13857961e-04
1.52166804e-01 1.92822198e-05 6.02637139e-04
1.52574578e-01 -1.06885586e-03 6.08414673e-04
1.52982350e-01 -8.29014597e-04 5.80941460e-04
1.53390121e-01 -2.46407203e-04 6.06768325e-04
1.53797890e-01 2.47513592e-04 6.02680127e-04
1.54205658e-01 2.03859876e-05 5.77900803e-04
1.54613425e-01 1.87416393e-04 5.92478861e-04
1.55021190e-01 -3.71752179e-04 6.00290653e-04
1.55428953e-01 -6.82341470e-04 6.07052113e-04
1.55836716e-01 -1.48628887e-04 6.04274680e-04
1.56244476e-01 -1.25481206e-04 5.82458469e-04
1.56652235e-01 4.14761068e-05 5.82556796e-04
1.57059993e-01 3.33056179e-04 5.86023272e-04
1.57467749e-01 -8.52268391e-04 5.74966835e-04
1.57875504e-01 1.70589788e-04 5.68764293e-04
1.58283257e-01 9.22926989e-04 5.92532479e-04
1.58691008e-01 -7.79093231e-04 5.74805255e-04
1.59098758e-01 3.98965972e-04 5.67987085e-04
1.59506507e-01 3.43016962e-04 5.80048469e-04
1.59914254e-01 3.06242513e-04 5.67733149e-04
1.60322000e-01 1.78640099e-04 5.82739021e-04
1.60729744e-01 -1.12308834e-04 5.60494081e-04
1.61137486e-01 -6.68493266e-04 5.67432331e-04
1.61545228e-01 -4.47264108e-04 5.47849249e-04
1.61952967e-01 2.34072754e-04 5.73920493e-04
1.62360705e-01 3.59797198e-04 5.80356392e-04
1.62768441e-01 4.94985500e-04 5.61016895e-04
1.63176176e-01 5.85531376e-04 5.79605795e-04
1.63583910e-01 1.00105264e-04 5.70900608e-04
1.63991641e-01 -1.44689019e-04 5.60963140e-04
1.64399372e-01 -1.26112268e-04 5.59660581e-04
1.64807100e-01 -6.93069082e-05 5.68791323e-04
1.65214827e-01 -5.62077409e-04 5.54853051e-04
1.65622553e-01 -3.67273243e-04 5.63430388e-04
1.66030277e-01 -2.37128571e-04 5.66754514e-04
1.66437999e-01 5.84163705e-04 5.69804251e-04
1.66845720e-01 -8.74968239e-06 5.63997064e-04
1.67253439e-01 -9.58331382e-04 5.59985884e-04
1.67661157e-01 -7.58308995e-05 5.51058822e-04
1.68068873e-01 1.26496542e-05 5.65796803e-04
1.68476588e-01 4.23582287e-04 5.55827451e-04
1.68884301e-01 8.64558120e-04 5.67559065e-04
1.69292012e-01 4.15654050e-04 5.57181442e-04
1.69699721e-01 1.05879342e-03 5.59400441e-04
1.70107430e-01 5.73874222e-04 5.35724604e-04
1.70515136e-01 5.26330374e-04 5.46512991e-04
1.70922841e-01 1.93547981e-04 5.39557611e-04
1.71330544e-01 -5.43509657e-04 5.40091552e-04
1.71738246e-01 5.26443642e-04 5.47626910e-04
1.72145946e-01 3.43203711e-04 5.67310466e-04
1.72553644e-01 1.09900921e-05 5.51264800e-04
1.72961341e-01 -1.86422024e-04 5.43879800e-04
1.73369036e-01 2.78523738e-04 5.49997282e-04
1.73776729e-01 4.14854417e-04 5.47295599e-04
1.74184421e-01 -2.38975963e-04 5.50707808e-04
1.74592111e-01 -5.15967842e-04 5.46556809e-04
1.74999799e-01 -3.78760374e-04 5.42436457e-04
1.75407486e-01 8.94472818e-05 5.48336930e-04
1.75815171e-01 9.49614794e-04 5.43755070e-04
1.76222855e-01 5.00350415e-04 5.26742140e-04
1.76630537e-01 -7.21997486e-05 5.37771845e-04
1.77038217e-01 -1.23416028e-04 5.41997429e-04
1.77445895e-01 1.47173628e-05 5.30692580e-04
1.77853572e-01 -1.13321688e-03 5.15215773e-04
1.78261247e-01 -3.40429594e-04 5.20982837e-04
1.78668921e-01 7.30765388e-05 5.33265327e-04
1.79076592e-01 5.20761589e-04 5.34906819e-04
1.79484262e-01 -7.92786094e-04 5.21910557e-04
1.79891931e-01 -1.81094796e-04 5.33329022e-04
1.80299597e-01 -3.79527389e-04 5.16244400e-04
1.80707262e-01 -1.57043370e-05 5.21428100e-04
1.81114925e-01 3.01971999e-05 5.28373522e-04
1.81522587e-01 2.43058247e-04 5.28153859e-04
1.81930247e-01 -1.79915635e-04 5.31797052e-04
1.82337905e-01 3.73465916e-04 5.26058747e-04
1.82745561e-01 -1.96777938e-04 5.42690385e-04
1.83153215e-01 5.20049665e-04 5.19178966e-04
1.83560868e-01 5.17476886e-04 5.19707669e-04
1.83968519e-01 8.98689727e-04 5.23778733e-04
1.84376169e-01 8.86130109e-05 5.15662707e-04
1.84783816e-01 7.61135301e-04 5.10678307e-04
1.85191462e-01 6.81303948e-04 5.21245272e-04
1.85599106e-01 8.84215594e-05 5.18508913e-04
1.86006749e-01 2.42940305e-04 5.22253209e-04
1.86414389e-01 2.57181289e-04 5.19403525e-04
1.86822028e-01 -4.27562342e-04 5.06718175e-04
1.87229665e-01 1.02348033e-03 5.10709796e-04
1.87637300e-01 -6.48579604e-05 5.13374074e-04
1.88044934e-01 1.86537466e-06 5.05882172e-04
1.88452566e-01 -6.24616758e-04 5.14412178e-04
1.88860195e-01 1.31005188e-04 5.16051887e-04
1.89267824e-01 4.99351583e-05 5.06264494e-04
1.89675450e-01 1.21867519e-04 5.10783959e-04
1.90083074e-01 -1.29218140e-04 5.06053550e-04
1.90490697e-01 1.22430437e-04 5.12788880e-04
1.90898318e-01 -1.41145228e-04 5.12717334e-04
1.91305937e-01 9.94756382e-05 5.07461959e-04
1.91713555e-01 8.06563936e-04 5.05129501e-04
1.92121170e-01 3.67172620e-04 5.14205646e-04
1.92528784e-01 6.70548000e-05 5.09341191e-04
1.92936396e-01 -3.84839753e-04 5.03705883e-04
1.93344006e-01 1.69625614e-04 5.11082079e-04
1.93751614e-01 3.12805682e-04 5.15330344e-04
1.94159220e-01 4.94909975e-04 5.00827171e-04
1.94566825e-01 5.53950550e-04 5.10341646e-04
1.94974427e-01 6.09360055e-04 5.10366334e-04
1.95382028e-01 -2.82110456e-04 4.94072685e-04
1.95789627e-01 -4.89897607e-04 5.05130046e-04
1.96197224e-01 -1.29537274e-04 4.92843288e-04
1.96604820e-01 1.27668290e-04 5.00650908e-04
1.97012413e-01 1.49005709e-03 4.91142164e-04
1.97420005e-01 3.59304453e-04 4.98910438e-04
1.97827594e-01 1.31189826e-05 5.08218176e-04
1.98235182e-01 1.09299447e-04 5.06013118e-04
1.98642768e-01 9.73895323e-04 5.11976558e-04
1.99050352e-01 1.90167131e-04 5.05343893e-04
1.99457934e-01 -2.22459401e-04 5.11775489e-04
1.99865514e-01 1.90344340e-05 5.01111394e-04
2.00273093e-01 -3.74319394e-04 5.07033751e-04
2.00680669e-01 -5.29037457e-04 5.03413449e-04
2.01088244e-01 7.24528116e-04 5.03330651e-04
2.01495816e-01 6.14053398e-04 5.02981169e-04
2.01903387e-01 2.56184075e-04 5.11477854e-04
2.02310956e-01 2.23271812e-04 5.11091526e-04
2.02718523e-01 -3.85132116e-04 5.06473626e-04
2.03126088e-01 -6.37905457e-04 5.00191983e-04
2.03533651e-01 -4.72501099e-04 5.07375890e-04
2.03941212e-01 -3.16110074e-04 5.11025622e-04
2.04348771e-01 -3.28100674e-04 5.05479031e-04
2.04756329e-01 -5.67237153e-04 5.07899842e-04
2.05163884e-01 -8.86404934e-05 4.96381683e-04
2.05571438e-01 -3.13009877e-04 5.00151223e-04
2.05978989e-01 1.08485624e-04 4.91185019e-04
2.06386539e-01 6.27497309e-04 4.98674827e-04
2.06794086e-01 -3.87827225e-04 4.82711825e-04
2.07201632e-01 3.31573580e-04 5.03572436e-04
2.07609175e-01 6.14233088e-04 4.86791376e-04
2.08016717e-01 4.06122769e-05 4.89200101e-04
2.08424257e-01 -7.38966658e-06 4.77356876e-04
2.08831794e-01 1.77729657e-04 4.81744553e-04
2.09239330e-01 3.23924803e-04 4.83138522e-04
2.09646864e-01 -8.73210332e-05 4.83876084e-04
2.10054396e-01 -4.63724116e-04 4.83545501e-04
2.10461925e-01 -3.15668967e-04 4.82725398e-04
2.10869453e-01 -3.28785834e-05 4.70493644e-04
2.11276979e-01 -1.43483026e-05 4.74901997e-04
2.11684503e-01 -5.46204243e-04 4.80684825e-04
2.12092025e-01 -1.80504316e-04 4.83754167e-04
2.12499544e-01 -1.09773684e-04 4.78058826e-04
2.12907062e-01 5.61581466e-04 4.79734904e-04
2.13314578e-01 1.54697956e-04 4.81773592e-04
2.13722092e-01 -1.54654863e-04 4.78906114e-04
2.14129603e-01 -3.50257166e-04 4.67725751e-04
2.14537113e-01 1.91275841e-04 4.83117027e-04
2.14944621e-01 7.72722466e-04 4.83928662e-04
2.15352126e-01 -1.92116289e-04 4.90067444e-04
2.15759630e-01 3.10938622e-04 4.74807040e-04
2.16167131e-01 1.82160428e-04 4.82479872e-04
2.16574631e-01 8.06184752e-04 4.65819465e-04
2.16982128e-01 2.41113479e-04 4.69096656e-04
2.17389624e-01 -6.51699902e-04 4.58738913e-04
2.17797117e-01 1.62494731e-04 4.64807095e-04
2.18204608e-01 -1.97588401e-04 4.61720394e-04
2.18612098e-01 3.72669833e-04 4.66588292e-04
2.19019585e-01 -2.14501650e-04 4.58993760e-04
2.19427070e-01 3.46212507e-04 4.71529124e-04
2.19834553e-01 -2.09040547e-04 4.63553712e-04
2.20242034e-01 -4.04803116e-04 4.60580747e-04
2.20649512e-01 -5.10942982e-04 4.60385449e-04
2.21056989e-01 -5.87949545e-04 4.67390310e-04
2.21464464e-01 2.40870768e-04 4.53513072e-04
2.21871936e-01 -5.54035320e-04 4.64092899e-04
2.22279407e-01 4.64318544e-04 4.67962408e-04
2.22686875e-01 4.48191157e-04 4.54787830e-04
2.23094341e-01 1.34218284e-04 4.63481074e-04
2.23501805e-01 -5.01926092e-05 4.54606416e-04
2.23909267e-01 6.59511191e-04 4.70771444e-04
2.24316727e-01 4.16093326e-04 4.70272837e-04
2.24724185e-01 -2.24140637e-05 4.72084068e-04
2.25131641e-01 2.66684690e-05 4.58752657e-04
2.25539094e-01 1.70117927e-04 4.55178266e-04
2.25946545e-01 9.14101467e-04 4.57120466e-04
2.26353995e-01 -4.09361173e-04 4.41408038e-04
2.26761442e-01 1.82921504e-04 4.53127893e-04
2.27168887e-01 4.52540950e-04 4.64433203e-04
2.27576329e-01 -4.28926395e-04 4.58465891e-04
2.27983770e-01 5.83457829e-04 4.53205067e-04
2.28391208e-01 7.24756052e-04 4.54874963e-04
2.28798645e-01 2.22938524e-04 4.57081485e-04
2.29206079e-01 2.53635757e-04 4.51325784e-04
2.29613511e-01 -1.70282056e-04 4.48547562e-04
2.30020941e-01 -2.12179771e-04 4.52467460e-04
2.30428368e-01 -4.06681048e-04 4.56738668e-04
2.30835794e-01 2.25735387e-04 4.77510916e-04
2.31243217e-01 -1.28120211e-03 4.52731164e-04
2.31650638e-01 9.05471037e-04 4.61343594e-04
2.32058057e-01 7.19526818e-04 4.62041544e-04
2.32465473e-01 1.48122870e-04 4.66698552e-04
2.32872888e-01 1.37058552e-04 4.60717982e-04
2.33280300e-01 -5.22331940e-04 4.55918284e-04
2.33687710e-01 -2.42642988e-04 4.63496983e-04
2.34095118e-01 6.66166645e-04 4.65042789e-04
2.34502524e-01 6.29939800e-04 4.65903981e-04
2.34909927e-01 -6.10590035e-04 4.65563535e-04
2.35317328e-01 -1.01744687e-04 4.56646748e-04
2.35724727e-01 5.09768441e-04 4.66055929e-04
2.36132124e-01 5.24638468e-04 4.51227014e-04
2.36539518e-01 5.79557341e-04 4.59825809e-04
2.36946911e-01 2.44626596e-05 4.58551741e-04
2.37354301e-01 -9.12467874e-05 4.48741891e-04
2.37761688e-01 -1.02125198e-04 4.48033634e-04
2.38169074e-01 -1.48004185e-04 4.52411156e-04
2.38576457e-01 1.00137979e-03 4.51030906e-04
2.38983838e-01 5.60917717e-04 4.57165189e-04
2.39391217e-01 -3.58602779e-04 4.35864182e-04
2.39798593e-01 2.30232180e-04 4.47077592e-04
2.40205967e-01 -1.92299757e-04 4.43711333e-04
2.40613339e-01 -4.64373385e-04 4.41184149e-04
2.41020709e-01 7.15037664e-05 4.46318473e-04
2.41428076e-01 8.84962448e-04 4.55383500e-04
2.41835441e-01 -3.80771313e-04 4.42924325e-04
2.42242804e-01 8.90150775e-04 4.49935782e-04
2.42650165e-01 2.31863059e-05 4.47466442e-04
2.43057523e-01 7.97212727e-04 4.46644033e-04
2.43464879e-01 6.20083727e-04 4.36635217e-04
2.43872232e-01 3.58876149e-04 4.35528920e-04
2.44279584e-01 1.01654805e-03 4.34164505e-04
2.44686933e-01 1.01223352e-04 4.31899890e-04
2.45094279e-01 3.51989954e-04 4.36857912e-04
2.45501624e-01 3.79320967e-04 4.33727979e-04
2.45908966e-01 3.40160201e-04 4.40790259e-04
2.46316305e-01 1.33310087e-04 4.33377951e-04
2.46723643e-01 2.33165692e-04 4.36155438e-04
2.47130978e-01 6.05950639e-05 4.29638287e-04
2.47538310e-01 9.73715325e-04 4.41901332e-04
2.47945641e-01 6.23564063e-04 4.42573869e-04
2.48352969e-01 -1.39262581e-04 4.30547283e-04
2.48760294e-01 -6.96547280e-05 4.33542822e-04
2.49167618e-01 4.45346962e-04 4.38782602e-04
2.49574939e-01 2.41952568e-05 4.24017580e-04
2.49982257e-01 -8.42780223e-05 4.27025520e-04
2.50389573e-01 -2.56797704e-04 4.31482886e-04
2.50796887e-01 -9.30192000e-05 4.22743358e-04
2.51204199e-01 5.86501826e-05 4.34282108e-04
2.51611508e-01 7.79702930e-05 4.30010242e-04
2.52018815e-01 -3.15344389e-04 4.26747263e-04
2.52426119e-01 3.99203161e-04 4.36108745e-04
2.52833421e-01 -3.09172886e-05 4.33077528e-04
2.53240720e-01 7.42502528e-04 4.28960558e-04
2.53648017e-01 3.63933864e-04 4.30878595e-04
2.54055312e-01 -2.01034684e-04 4.25390226e-04
2.54462605e-01 5.66810755e-04 4.32662530e-04
2.54869894e-01 4.08272492e-04 4.28341899e-04
2.55277182e-01 -1.54413961e-04 4.16480938e-04
2.55684467e-01 6.45007133e-04 4.28990170e-04
2.56091750e-01 -1.12367829e-04 4.12630198e-04
2.56499030e-01 8.70480985e-04 4.29181681e-04
2.56906308e-01 -1.96104190e-04 4.20187681e-04
2.57313583e-01 4.14514154e-04 4.20603168e-04
2.57720856e-01 -3.83741280e-04 4.17924223e-04
2.58128127e-01 8.21193451e-05 4.25728603e-04
2.58535395e-01 -5.88341633e-04 4.17236699e-04
2.58942661e-01 3.40035500e-04 4.18891582e-04
2.59349924e-01 -1.21944989e-04 4.12491461e-04
2.59757184e-01 8.08233959e-04 4.25085881e-04
2.60164443e-01 5.56703449e-04 4.26553470e-04
2.60571699e-01 -1.57605163e-04 4.17429743e-04
2.60978952e-01 3.83641840e-04 4.22322518e-04
2.61386203e-01 6.59654113e-04 4.19141062e-04
2.61793451e-01 1.04298751e-04 4.17288188e-04
2.62200697e-01 -4.27551654e-04 4.12376518e-04
2.62607941e-01 -1.43090309e-04 4.08525295e-04
2.63015182e-01 2.45964482e-04 4.19902849e-04
2.63422420e-01 5.46237613e-04 4.19491686e-04
2.63829656e-01 7.76162612e-04 4.21250287e-04
2.64236890e-01 1.72419882e-04 4.07188387e-04
2.64644121e-01 9.09644332e-05 4.07752812e-04
2.65051349e-01 6.68580646e-04 4.16193583e-04
2.65458575e-01 -7.53296215e-04 4.06888047e-04
2.65865799e-01 1.20252040e-04 4.12463081e-04
2.66273019e-01 -5.52040951e-04 4.08869853e-04
2.66680238e-01 -7.92270527e-04 4.05833878e-04
2.67087454e-01 -1.17688283e-04 4.17136647e-04
2.67494667e-01 4.64756611e-04 4.12856851e-04
2.67901878e-01 -4.98877472e-04 4.08312115e-04
2.68309086e-01 -6.85195886e-05 4.11175621e-04
2.68716292e-01 2.69719404e-04 4.01515619e-04
2.69123495e-01 3.18024824e-04 4.00154047e-04
2.69530696e-01 1.49581811e-04 4.13615777e-04
2.69937894e-01 -9.95551236e-04 4.08448885e-04
2.70345090e-01 5.81010620e-05 4.10887284e-04
2.70752283e-01 1.29083907e-04 4.05663587e-04
2.71159473e-01 4.88944437e-04 4.01367883e-04
2.71566661e-01 5.56199328e-04 4.06321649e-04
2.71973847e-01 4.27258047e-04 3.99403815e-04
2.72381030e-01 2.79424229e-04 3.96754615e-04
2.72788210e-01 -4.69162675e-04 4.03864074e-04
2.73195387e-01 4.34909615e-04 4.02380148e-04
2.73602562e-01 6.00967578e-04 3.99690671e-04
2.74009735e-01 -1.01020093e-04 3.99028196e-04
2.74416905e-01 7.04020232e-05 3.99402240e-04
2.74824072e-01 6.56546802e-04 3.97616553e-04
2.75231237e-01 1.32564098e-04 3.92628130e-04
2.75638399e-01 4.71915006e-04 3.98694910e-04
2.76045558e-01 4.78203559e-04 4.00807216e-04
2.76452715e-01 2.38309488e-04 3.95229377e-04
2.76859869e-01 -7.64321973e-05 3.92297435e-04
2.77267021e-01 -1.73149229e-04 3.89356622e-04
2.77674170e-01 -4.70287746e-04 3.93890265e-04
2.78081316e-01 5.04469524e-05 4.00376849e-04
2.78488460e-01 4.56300579e-05 3.99718794e-04
2.78895601e-01 1.77857608e-04 3.94179914e-04
2.79302740e-01 2.25813076e-04 3.95071324e-04
2.79709875e-01 1.25889354e-05 3.89325104e-04
2.80117009e-01 3.51142802e-04 3.94139584e-04
2.80524139e-01 3.00494420e-04 3.97746580e-04
2.80931267e-01 -1.66473539e-04 3.93072697e-04
2.81338392e-01 7.20036135e-04 3.97984931e-04
2.81745515e-01 3.68477062e-04 3.94992384e-04
2.82152635e-01 1.84091958e-04 3.96156109e-04
2.82559752e-01 1.07164691e-04 3.92897675e-04
2.82966866e-01 -1.32161659e-04 3.91639598e-04
2.83373978e-01 -1.31960734e-04 3.85671713e-04
2.83781088e-01 2.15264582e-05 3.90792641e-04
2.84188194e-01 2.50994095e-04 3.94980901e-04
2.84595298e-01 -4.97086722e-04 3.92491466e-04
2.85002399e-01 1.36872819e-04 3.95026780e-04
2.85409497e-01 5.06840825e-04 3.92129315e-04
2.85816593e-01 8.09214929e-04 3.84969980e-04
2.86223686e-01 5.08730436e-04 4.01281395e-04
2.86630777e-01 1.74865752e-04 4.09650199e-04
2.87037864e-01 -9.42584032e-04 3.97833172e-04
2.87444949e-01 -1.27644735e-04 3.96338206e-04
2.87852031e-01 3.65761946e-05 3.91578473e-04
2.88259111e-01 1.49366798e-04 3.91524383e-04
2.88666188e-01 9.36839307e-04 4.02491704e-04
2.89073262e-01 5.66729754e-04 3.94389502e-04
2.89480333e-01 2.25722313e-04 3.91687170e-04
2.89887401e-01 5.02166258e-04 4.04525063e-04
2.90294467e-01 -7.18538309e-04 4.02206762e-04
2.90701530e-01 4.85012302e-04 4.08348571e-04
2.91108591e-01 -3.92482048e-04 3.98589979e-04
2.91515648e-01 -3.04426790e-04 3.91228129e-04
2.91922703e-01 1.68608297e-04 3.90195589e-04
2.92329755e-01 -1.46504075e-04 3.89015801e-04
2.92736804e-01 1.65526391e-04 4.00593215e-04
2.93143851e-01 2.43665895e-04 3.99981566e-04
2.93550895e-01 3.49353773e-05 3.87739282e-04
2.93957936e-01 7.70888693e-04 3.96308629e-04
2.94364974e-01 -3.12296662e-04 3.91068344e-04
2.94772009e-01 -1.91478633e-04 3.91031219e-04
2.95179042e-01 7.09823217e-04 3.87759522e-04
2.95586072e-01 7.30966235e-05 3.93871888e-04
2.95993099e-01 3.65075684e-04 3.96182666e-04
2.96400123e-01 -5.49484586e-04 3.89703203e-04
2.96807145e-01 5.01208144e-04 3.89981120e-04
2.97214163e-01 -9.88213985e-05 3.96994430e-04
2.97621179e-01 1.21632668e-04 3.95698664e-04
2.98028192e-01 -2.16211505e-05 3.91335763e-04
2.98435202e-01 1.66309091e-04 3.95470937e-04
2.98842210e-01 6.30352436e-04 3.95246898e-04
2.99249214e-01 8.03231478e-04 3.95751603e-04
2.99656216e-01 -4.38776179e-04 3.93262986e-04
3.00063215e-01 3.91493531e-04 3.86329361e-04
3.00470211e-01 -9.64109547e-05 3.91213941e-04
3.00877204e-01 4.61599453e-04 3.98432380e-04
3.01284194e-01 -2.30147802e-04 3.91006202e-04
3.01691182e-01 -4.04251508e-04 3.93052792e-04
3.02098167e-01 -8.26920809e-05 3.87925641e-04
3.02505149e-01 1.91734788e-04 3.82767545e-04
3.02912128e-01 -5.08472391e-04 3.90573864e-04
3.03319104e-01 -2.72578166e-04 3.95713303e-04
3.03726077e-01 3.47492176e-04 3.98632873e-04
3.04133047e-01 2.86459414e-04 3.98670541e-04
3.04540015e-01 4.12503676e-05 3.90256591e-04
3.04946979e-01 3.29400380e-04 3.92057860e-04
3.05353941e-01 -5.30131383e-04 3.92093061e-04
3.05760900e-01 -2.80547352e-04 3.92222423e-04
3.06167856e-01 -4.93666626e-04 3.84768540e-04
3.06574809e-01 2.31229691e-04 3.89313534e-04
3.06981759e-01 -1.50952779e-04 3.90076254e-04
3.07388706e-01 -1.21096354e-04 3.89111686e-04
3.07795651e-01 -3.60354213e-04 3.89231846e-04
3.08202592e-01 3.39207810e-04 3.94288293e-04
3.08609531e-01 3.31169207e-04 4.03919397e-04
3.09016466e-01 -4.25588636e-04 3.95386923e-04
3.09423399e-01 -2.98642588e-05 4.02748903e-04
3.09830329e-01 -1.80211641e-04 4.03630910e-04
3.10237256e-01 -3.69573557e-04 4.01902432e-04
3.10644180e-01 3.77862628e-04 4.03146407e-04
3.11051101e-01 1.32839315e-04 4.01826360e-04
3.11458019e-01 1.23958179e-03 4.08390076e-04
3.11864934e-01 6.03794798e-04 4.01217368e-04
3.12271846e-01 3.77931931e-04 4.09706652e-04
3.12678755e-01 1.02598352e-03 4.08663940e-04
3.13085661e-01 1.02841744e-03 4.03789002e-04
3.13492565e-01 8.95402987e-04 4.04745427e-04
3.13899465e-01 6.84929014e-04 4.06347690e-04
3.14306362e-01 -4.03446583e-04 3.97491071e-04
3.14713257e-01 2.15009085e-04 4.06159560e-04
3.15120148e-01 2.34343059e-04 4.07647240e-04
3.15527037e-01 4.81966012e-04 4.03082866e-04
3.15933922e-01 2.27588270e-04 4.09705018e-04
3.16340805e-01 2.84702962e-04 4.41111412e-04
3.16747684e-01 -5.24111354e-04 4.89163618e-04
3.17154561e-01 8.29661592e-04 5.25708959e-04
3.17561434e-01 1.92301399e-04 5.32388061e-04
3.17968305e-01 5.69528488e-04 5.79070816e-04
3.18375172e-01 1.10882728e-04 6.31782149e-04
3.18782037e-01 -9.41913040e-04 6.16818605e-04
3.19188898e-01 -1.26824496e-03 6.48647077e-04
3.19595757e-01 6.75628094e-04 6.94429792e-04
3.20002612e-01 1.71961396e-04 7.40493663e-04
3.20409465e-01 5.30043901e-04 7.87791452e-04
3.20816314e-01 6.16116318e-04 8.31470215e-04
3.21223160e-01 -6.36285281e-04 8.93393621e-04
3.21630004e-01 -1.21431636e-04 1.08158351e-03
3.22036844e-01 -4.03510740e-04 1.31574669e-03
3.22443681e-01 2.60736789e-04 1.81568269e-03
3.22850516e-01 -1.86863653e-03 4.24611921e-03
