4.08043586e-03 -3.21201736e-02 2.72913490e-02
4.48847930e-03 -2.02669541e-02 2.86723553e-02
4.89652269e-03 -1.89109838e-02 2.01513505e-02
5.30456604e-03 -2.04413931e-02 1.40279605e-02
5.71260934e-03 -2.44546122e-03 1.09058274e-02
6.12065258e-03 1.31831215e-03 8.48832977e-03
6.52869577e-03 -1.12609527e-03 7.51957640e-03
6.93673889e-03 -6.74856944e-03 6.70472336e-03
7.34478195e-03 4.44041643e-05 5.31614284e-03
7.75282494e-03 -2.71219074e-03 5.25658361e-03
8.16086785e-03 -2.95318654e-03 4.48358882e-03
8.56891069e-03 -4.07649646e-03 4.22902873e-03
8.97695345e-03 -4.36163021e-03 3.87133504e-03
9.38499612e-03 5.45637321e-03 3.94313794e-03
9.79303870e-03 1.19195790e-04 3.77855709e-03
1.02010812e-02 -2.61032014e-03 3.33978313e-03
1.06091236e-02 -4.28276807e-05 3.10552218e-03
1.10171659e-02 -4.09854363e-04 2.80116691e-03
1.14252081e-02 -1.24412982e-03 2.85530604e-03
1.18332501e-02 -5.44456396e-03 2.79266246e-03
1.22412921e-02 -3.91412279e-04 2.52609429e-03
1.26493339e-02 -2.76774569e-03 2.50880360e-03
1.30573757e-02 -5.78545469e-03 2.37349993e-03
1.34654173e-02 1.69141220e-03 2.49929970e-03
1.38734588e-02 2.87386757e-03 2.47276146e-03
1.42815001e-02 -2.48865167e-03 2.41150091e-03
1.46895413e-02 -1.07758472e-03 2.43139139e-03
1.50975824e-02 -6.38871948e-04 2.30006827e-03
1.55056233e-02 2.37903352e-03 2.23663352e-03
1.59136641e-02 -1.89247706e-03 2.05437946e-03
1.63217047e-02 2.92739673e-03 2.10935390e-03
1.67297452e-02 5.65445548e-04 2.12599522e-03
1.71377855e-02 -6.85995065e-04 1.93914392e-03
1.75458257e-02 1.67576140e-03 1.96066212e-03
1.79538657e-02 1.13972426e-03 1.83687512e-03
1.83619055e-02 1.23329140e-03 1.86959379e-03
1.87699451e-02 2.88894570e-03 1.99147685e-03
1.91779846e-02 2.29630276e-04 1.94920434e-03
1.95860239e-02 -2.51920858e-03 1.89471266e-03
1.99940630e-02 9.78483082e-04 1.72934317e-03
2.04021019e-02 1.17169473e-03 1.85342690e-03
2.08101406e-02 2.75621729e-03 1.84281231e-03
2.12181791e-02 -2.70018255e-03 1.80100170e-03
2.16262174e-02 7.58767931e-04 1.79931776e-03
2.20342555e-02 2.72564142e-04 1.84276394e-03
2.24422934e-02 1.49186898e-03 1.77916764e-03
2.28503311e-02 -4.84836810e-03 1.65206580e-03
2.32583686e-02 -5.13223961e-04 1.65319049e-03
2.36664058e-02 2.93310831e-03 1.70173574e-03
2.40744429e-02 8.69432370e-04 1.78480864e-03
2.44824797e-02 2.96720243e-03 1.65083218e-03
2.48905162e-02 1.77031251e-03 1.69387554e-03
2.52985525e-02 5.12280151e-04 1.67016633e-03
2.57065886e-02 2.13048866e-03 1.62058277e-03
2.61146245e-02 3.62004338e-03 1.73645253e-03
2.65226601e-02 -9.11558408e-04 1.65995723e-03
2.69306954e-02 3.45682105e-03 1.66595638e-03
2.73387305e-02 -1.10944895e-03 1.63192376e-03
2.77467653e-02 -1.31612085e-03 1.62111883e-03
2.81547999e-02 -3.28392726e-04 1.68881904e-03
2.85628342e-02 -1.20321375e-04 1.58483517e-03
2.89708682e-02 -3.03731742e-04 1.66359074e-03
2.93789020e-02 -5.68819870e-04 1.62066579e-03
2.97869355e-02 -1.93158772e-03 1.59734579e-03
3.01949687e-02 2.00884770e-03 1.71076303e-03
3.06030016e-02 1.08870579e-03 1.64070662e-03
3.10110342e-02 -7.79697186e-04 1.61735521e-03
3.14190665e-02 2.24620521e-03 1.57681669e-03
3.18270985e-02 2.16951999e-03 1.61641319e-03
3.22351302e-02 4.47616570e-03 1.45596209e-03
3.26431617e-02 -2.34575033e-03 1.39714416e-03
3.30511928e-02 -3.73679882e-03 1.35632132e-03
3.34592236e-02 -2.36511998e-03 1.42181682e-03
3.38672540e-02 -9.17202689e-04 1.49525819e-03
3.42752842e-02 -1.76038279e-03 1.40402066e-03
3.46833140e-02 1.07570221e-03 1.38851205e-03
3.50913435e-02 4.18284895e-04 1.37453874e-03
3.54993727e-02 4.59465023e-03 1.52163059e-03
3.59074015e-02 2.89620122e-03 1.49712754e-03
3.63154300e-02 -1.52723321e-03 1.32928415e-03
3.67234581e-02 -1.24007310e-03 1.38272277e-03
3.71314859e-02 -9.01124628e-04 1.31481021e-03
3.75395134e-02 1.54191821e-03 1.35661385e-03
3.79475405e-02 1.25820890e-03 1.32783713e-03
3.83555672e-02 -2.42330530e-04 1.34107977e-03
3.87635935e-02 -2.39678975e-04 1.34357789e-03
3.91716195e-02 -1.75394826e-03 1.29313454e-03
3.95796452e-02 -6.26916505e-04 1.29766717e-03
3.99876704e-02 -2.32206435e-05 1.26052588e-03
4.03956953e-02 -1.19253962e-04 1.30354961e-03
4.08037198e-02 -1.15991861e-03 1.30540478e-03
4.12117439e-02 -5.81216274e-04 1.24783314e-03
4.16197676e-02 1.48545806e-03 1.24198665e-03
4.20277909e-02 -1.80127606e-04 1.24319240e-03
4.24358138e-02 6.18012168e-06 1.25671203e-03
4.28438363e-02 -1.00157468e-03 1.22558203e-03
4.32518584e-02 -2.82128813e-03 1.20421311e-03
4.36598801e-02 -4.22919090e-04 1.20762736e-03
4.40679014e-02 1.90538760e-03 1.23853139e-03
4.44759222e-02 3.95309491e-04 1.21366524e-03
4.48839427e-02 -9.64529764e-04 1.18077945e-03
4.52919627e-02 -4.69122163e-04 1.20147576e-03
4.56999823e-02 4.65145200e-05 1.15448131e-03
4.61080014e-02 -5.81352956e-04 1.17616494e-03
4.65160201e-02 -6.50714117e-05 1.24280286e-03
4.69240384e-02 1.91504498e-03 1.14983498e-03
4.73320562e-02 -1.58184553e-03 1.13464262e-03
4.77400736e-02 1.26080023e-03 1.16387508e-03
4.81480905e-02 2.49807526e-04 1.11726989e-03
4.85561070e-02 -1.74766769e-03 1.16485169e-03
4.89641230e-02 2.36162686e-04 1.18922996e-03
4.93721385e-02 1.20225484e-03 1.14920228e-03
4.97801536e-02 -9.95692837e-04 1.12700828e-03
5.01881682e-02 -9.91362505e-04 1.14958075e-03
5.05961823e-02 1.15309166e-03 1.12002971e-03
5.10041960e-02 4.79117692e-04 1.13772151e-03
5.14122091e-02 2.58501812e-03 1.11675913e-03
5.18202218e-02 1.51725024e-04 1.10173168e-03
5.22282340e-02 1.78077611e-03 1.09325557e-03
5.26362457e-02 3.71160922e-04 1.11306483e-03
5.30442569e-02 1.46677327e-03 1.14784515e-03
5.34522675e-02 5.29938960e-04 1.10685301e-03
5.38602777e-02 1.01194298e-03 1.07747566e-03
5.42682874e-02 -2.94993221e-04 1.07634409e-03
5.46762965e-02 7.77675948e-04 1.07547780e-03
5.50843052e-02 -4.57880372e-06 1.09528359e-03
5.54923133e-02 -1.58693883e-03 1.08892247e-03
5.59003208e-02 1.64732204e-04 1.07840518e-03
5.63083279e-02 -2.11767622e-03 1.11087198e-03
5.67163344e-02 -7.57264071e-04 1.05363719e-03
5.71243404e-02 -7.50582690e-04 1.09675416e-03
5.75323458e-02 7.90355766e-04 1.06640308e-03
5.79403507e-02 5.66547491e-04 1.09758619e-03
5.83483551e-02 -2.38785965e-04 1.08638568e-03
5.87563588e-02 2.06089956e-03 1.09794380e-03
5.91643621e-02 4.05192745e-04 1.14490634e-03
5.95723647e-02 5.25965636e-04 1.12606748e-03
5.99803668e-02 -6.26684914e-05 1.11748946e-03
6.03883684e-02 5.07343902e-04 1.08923715e-03
6.07963693e-02 2.20647065e-03 1.07198435e-03
6.12043697e-02 9.79905589e-04 1.05476890e-03
6.16123695e-02 1.37417134e-03 1.09264594e-03
6.20203687e-02 3.14918838e-04 1.05016276e-03
6.24283674e-02 -3.86614924e-04 1.05323668e-03
6.28363654e-02 3.22590625e-04 1.07824552e-03
6.32443629e-02 8.94910303e-04 1.03966483e-03
6.36523597e-02 -9.06973019e-04 1.03759399e-03
6.40603559e-02 -2.57441452e-04 1.01670788e-03
6.44683516e-02 -1.90274780e-03 1.05878812e-03
6.48763466e-02 -1.02578979e-03 1.03472759e-03
6.52843410e-02 -9.00504998e-04 1.00645820e-03
6.56923348e-02 -5.42080902e-04 1.04727660e-03
6.61003279e-02 2.05452732e-03 1.03377469e-03
6.65083205e-02 -1.22151160e-03 1.04035942e-03
6.69163124e-02 1.42411178e-03 1.01268869e-03
6.73243036e-02 1.73395931e-03 9.93469926e-04
6.77322943e-02 6.56037049e-04 1.00030766e-03
6.81402842e-02 2.25046573e-04 9.72407493e-04
6.85482736e-02 -4.65854822e-04 9.96274949e-04
6.89562623e-02 -1.12138415e-04 9.90329004e-04
6.93642503e-02 -1.14190900e-03 9.73403828e-04
6.97722377e-02 4.74050214e-04 9.51679690e-04
7.01802244e-02 2.08682145e-03 9.82373308e-04
7.05882105e-02 -1.50197399e-04 9.61402054e-04
7.09961958e-02 2.03581470e-04 9.41124758e-04
7.14041805e-02 9.74887873e-04 9.35552823e-04
7.18121646e-02 1.49750739e-05 9.54279651e-04
7.22201479e-02 1.34356244e-04 9.28435673e-04
7.26281306e-02 -2.05996668e-04 9.36428306e-04
7.30361126e-02 2.59859994e-04 9.15956162e-04
7.34440938e-02 -9.81818174e-04 9.36271551e-04
7.38520744e-02 -7.26526431e-04 9.19378617e-04
7.42600543e-02 -1.42538317e-03 8.91655955e-04
7.46680335e-02 8.23334462e-04 9.28326906e-04
7.50760119e-02 -7.88280319e-04 9.27902251e-04
7.54839897e-02 5.29971172e-04 9.10333359e-04
7.58919667e-02 1.73051462e-04 9.35404749e-04
7.62999431e-02 1.06751505e-03 9.35920317e-04
7.67079187e-02 -2.71035924e-04 9.21310901e-04
7.71158935e-02 -3.10386361e-04 9.16022967e-04
7.75238677e-02 2.31376028e-03 8.85604434e-04
7.79318411e-02 -8.49623810e-04 9.00925548e-04
7.83398137e-02 -4.56343305e-04 8.83704184e-04
7.87477857e-02 8.45911194e-04 8.91102239e-04
7.91557568e-02 1.04125433e-03 8.88467589e-04
7.95637273e-02 6.30805856e-04 8.91440095e-04
7.99716969e-02 1.42037045e-04 8.94257418e-04
8.03796658e-02 -2.84336937e-04 8.42625698e-04
8.07876340e-02 1.09625899e-03 8.87755180e-04
8.11956014e-02 1.27434696e-03 9.11187497e-04
8.16035680e-02 7.75519029e-04 8.65327610e-04
8.20115338e-02 7.85276809e-04 8.63254780e-04
8.24194989e-02 -5.89038760e-04 8.51360028e-04
8.28274631e-02 -5.77637862e-04 8.48261760e-04
8.32354266e-02 8.40556294e-05 8.09866957e-04
8.36433893e-02 6.14918879e-04 8.79990984e-04
8.40513512e-02 1.14816390e-03 8.58137492e-04
8.44593123e-02 1.37558165e-04 8.30998877e-04
8.48672727e-02 -5.21344394e-04 8.33199913e-04
8.52752322e-02 -7.40972985e-04 8.33597071e-04
8.56831909e-02 1.31776959e-03 8.60788517e-04
8.60911487e-02 5.70407684e-04 8.50165234e-04
8.64991058e-02 4.95743932e-04 8.60393166e-04
8.69070620e-02 -1.04728730e-03 8.43584058e-04
8.73150175e-02 2.13102018e-04 8.46142802e-04
8.77229721e-02 6.94326853e-04 8.42027355e-04
8.81309258e-02 1.03139509e-03 8.26340928e-04
8.85388787e-02 3.29060676e-05 8.22510648e-04
8.89468308e-02 8.08922743e-04 8.06053840e-04
8.93547821e-02 4.39063728e-04 8.61626950e-04
8.97627325e-02 6.78406279e-04 7.86786757e-04
9.01706820e-02 7.12636609e-05 8.21256985e-04
9.05786307e-02 -1.22564579e-04 8.11972453e-04
9.09865785e-02 -1.51043484e-04 8.35444606e-04
9.13945255e-02 -1.97225838e-03 8.08434184e-04
9.18024716e-02 -9.41223485e-05 7.72371725e-04
9.22104168e-02 -8.50603365e-04 7.90069408e-04
9.26183611e-02 -3.32594376e-04 8.24098544e-04
9.30263046e-02 1.87871646e-04 8.39234704e-04
9.34342472e-02 3.05961332e-04 8.06511004e-04
9.38421889e-02 8.81032724e-04 8.24664915e-04
9.42501297e-02 3.85356886e-04 8.22410315e-04
9.46580696e-02 1.62015447e-03 8.04029068e-04
9.50660087e-02 1.12553293e-03 8.47721614e-04
9.54739468e-02 1.94186103e-04 8.14180871e-04
9.58818840e-02 -1.66419480e-04 7.85468343e-04
9.62898203e-02 -5.90311261e-05 8.09840791e-04
9.66977557e-02 1.93678605e-03 8.15564324e-04
9.71056902e-02 3.94852058e-04 7.79666789e-04
9.75136237e-02 -1.45374312e-04 7.83789888e-04
9.79215564e-02 -1.20969704e-04 7.83040136e-04
9.83294881e-02 3.26884870e-04 7.68243283e-04
9.87374188e-02 6.32426533e-04 7.66635502e-04
9.91453487e-02 5.60345609e-04 7.61306533e-04
9.95532775e-02 -3.19852413e-04 7.74879307e-04
9.99612055e-02 8.52812357e-04 7.73590822e-04
1.00369132e-01 1.39104184e-03 7.77397816e-04
1.00777059e-01 -6.75192617e-05 7.69477522e-04
1.01184984e-01 -4.65757110e-04 7.56323828e-04
1.01592908e-01 -6.62904081e-05 7.38332914e-04
1.02000831e-01 3.19734041e-04 7.35548609e-04
1.02408753e-01 8.37467517e-04 7.58489748e-04
1.02816674e-01 8.81210492e-05 7.52034710e-04
1.03224595e-01 -1.02499780e-03 7.41747480e-04
1.03632514e-01 8.23504292e-04 7.65969731e-04
1.04040432e-01 3.42210251e-04 7.48827658e-04
1.04448349e-01 1.43224341e-03 7.33796655e-04
1.04856266e-01 4.43495323e-04 7.39667522e-04
1.05264181e-01 -5.15921598e-04 7.54247830e-04
1.05672095e-01 -3.37854881e-04 7.50541652e-04
1.06080009e-01 4.97446343e-04 7.23728594e-04
1.06487921e-01 1.17672962e-03 7.37126420e-04
1.06895832e-01 1.02033694e-03 7.47980605e-04
1.07303743e-01 -4.30879576e-04 7.50243714e-04
1.07711652e-01 -3.06627541e-05 7.39113460e-04
1.08119560e-01 -1.30525215e-03 7.17040236e-04
1.08527467e-01 -6.01990857e-04 7.25284439e-04
1.08935374e-01 2.16606994e-04 7.40831767e-04
1.09343279e-01 1.90579950e-04 7.62108140e-04
1.09751183e-01 -1.11140430e-04 7.34518018e-04
1.10159086e-01 -4.14104869e-05 7.34956724e-04
1.10566988e-01 3.55738154e-04 7.25662552e-04
1.10974889e-01 -1.44562293e-04 7.20327619e-04
1.11382789e-01 -9.81621364e-04 7.18694588e-04
1.11790688e-01 4.80075697e-04 7.38555724e-04
1.12198586e-01 1.96368237e-04 7.36041636e-04
1.12606482e-01 6.07894003e-05 7.25914257e-04
1.13014378e-01 -4.36974844e-05 7.57557972e-04
1.13422273e-01 1.37448442e-03 7.15368195e-04
1.13830166e-01 1.60011836e-03 7.67038157e-04
1.14238059e-01 2.06449831e-04 7.30936146e-04
1.14645950e-01 6.65717276e-05 7.32401199e-04
1.15053840e-01 -4.78485336e-04 7.56639183e-04
1.15461730e-01 4.69375074e-04 7.33510125e-04
1.15869618e-01 -1.64356075e-04 7.30354970e-04
1.16277505e-01 -6.94917711e-04 7.42643204e-04
1.16685391e-01 -2.23470366e-04 7.46355519e-04
1.17093275e-01 4.99610751e-04 7.36066692e-04
1.17501159e-01 7.89403441e-04 7.32807990e-04
1.17909042e-01 -1.30613831e-04 7.60010892e-04
1.18316923e-01 5.96086132e-04 7.36074470e-04
1.18724803e-01 -2.87841619e-05 7.35471348e-04
1.19132683e-01 7.95190108e-06 7.11561417e-04
1.19540561e-01 3.02409484e-04 6.97015248e-04
1.19948438e-01 6.04570178e-04 7.04479063e-04
1.20356313e-01 3.60551747e-04 7.13556804e-04
1.20764188e-01 -4.30367284e-04 6.97215753e-04
1.21172062e-01 3.51678064e-04 6.88289590e-04
1.21579934e-01 -1.26488933e-03 6.96134538e-04
1.21987805e-01 4.51417807e-04 6.94716794e-04
1.22395675e-01 -1.45865782e-04 7.03914048e-04
1.22803544e-01 3.44667778e-04 6.94294985e-04
1.23211412e-01 1.09150645e-03 6.74539609e-04
1.23619278e-01 -5.20316498e-04 6.79320198e-04
1.24027144e-01 -9.87586862e-04 6.92437360e-04
1.24435008e-01 8.71251380e-05 6.78261238e-04
1.24842871e-01 -3.93798914e-04 6.95205524e-04
1.25250733e-01 3.72076054e-05 6.86533382e-04
1.25658594e-01 6.78090951e-04 6.96398947e-04
1.26066453e-01 1.55138569e-05 6.94920162e-04
1.26474311e-01 3.56742814e-04 6.89033088e-04
1.26882168e-01 8.05230335e-04 6.93679042e-04
1.27290024e-01 7.70547926e-04 6.49448796e-04
1.27697879e-01 -6.63757314e-04 6.63757092e-04
1.28105732e-01 -4.28708672e-04 6.53293105e-04
1.28513585e-01 -1.26021645e-05 6.74384530e-04
1.28921436e-01 3.04197181e-04 6.67967692e-04
1.29329285e-01 5.61501711e-04 6.57904228e-04
1.29737134e-01 3.37759120e-04 6.54082545e-04
1.30144981e-01 -4.71899286e-04 6.55895820e-04
1.30552828e-01 3.39167792e-04 6.68575567e-04
1.30960672e-01 -7.48544999e-04 6.53974600e-04
1.31368516e-01 -3.17737219e-05 6.44704483e-04
1.31776358e-01 -3.21094856e-05 6.70449044e-04
1.32184200e-01 8.53318969e-04 6.46253566e-04
1.32592039e-01 -1.19341096e-04 6.47339213e-04
1.32999878e-01 -5.10471664e-04 6.32642217e-04
1.33407715e-01 2.55316610e-04 6.58381055e-04
1.33815552e-01 2.75075488e-04 6.42045438e-04
1.34223386e-01 1.52119691e-04 6.23524699e-04
1.34631220e-01 4.16229142e-04 6.38499095e-04
1.35039052e-01 4.90045146e-04 6.72329980e-04
1.35446883e-01 -2.11644931e-04 6.51298258e-04
1.35854713e-01 8.22827472e-04 6.44459933e-04
1.36262541e-01 -8.57658398e-05 6.37318780e-04
1.36670368e-01 5.29265382e-04 6.26345070e-04
1.37078194e-01 -1.63581977e-04 6.13791006e-04
1.37486019e-01 -6.82736056e-04 6.18450360e-04
1.37893842e-01 -1.88566758e-04 6.26282418e-04
1.38301664e-01 1.25657863e-04 6.14580851e-04
1.38709485e-01 1.21771835e-03 6.23248359e-04
1.39117304e-01 2.12051518e-04 6.11008423e-04
1.39525122e-01 -2.22983010e-04 6.30487503e-04
1.39932939e-01 2.58730682e-04 6.14459732e-04
1.40340754e-01 5.82989952e-04 6.23113255e-04
1.40748568e-01 -5.19152134e-04 6.12694414e-04
1.41156381e-01 -5.76132746e-04 6.02966612e-04
1.41564192e-01 -5.20847939e-04 6.07333506e-04
1.41972002e-01 8.42161839e-04 6.22309503e-04
1.42379811e-01 6.50443138e-04 6.26758178e-04
1.42787618e-01 -7.39154802e-04 6.25185083e-04
1.43195424e-01 8.77825071e-04 6.15992082e-04
1.43603228e-01 1.31059110e-03 6.20444497e-04
1.44011032e-01 8.33869837e-04 6.26767457e-04
1.44418833e-01 1.50183439e-04 6.37198552e-04
1.44826634e-01 7.08178290e-04 6.34975672e-04
1.45234433e-01 -1.01032473e-03 6.24389574e-04
1.45642231e-01 -2.72043047e-05 6.33854436e-04
1.46050027e-01 5.52471452e-04 6.26441945e-04
1.46457822e-01 -4.79001428e-04 6.28355939e-04
1.46865616e-01 4.53471717e-05 6.30571918e-04
1.47273408e-01 -1.85720870e-04 6.24784776e-04
1.47681199e-01 3.68088688e-04 6.41731404e-04
1.48088988e-01 -6.14681192e-04 6.06405129e-04
1.48496776e-01 5.04635576e-04 6.47976893e-04
1.48904563e-01 2.01149865e-04 6.19234866e-04
1.49312348e-01 -2.40764983e-05 6.10688471e-04
1.49720132e-01 6.40950426e-04 6.19495598e-04
1.50127914e-01 1.71739756e-03 6.33583012e-04
1.50535695e-01 -1.55406862e-04 6.15177349e-04
1.50943474e-01 -3.20605927e-04 5.86493255e-04
1.51351252e-01 -5.84432187e-04 6.10405700e-04
1.51759029e-01 8.37634854e-04 6.09738726e-04
1.52166804e-01 7.18581423e-04 6.11647334e-04
1.52574578e-01 1.42283925e-03 6.20778384e-04
1.52982350e-01 3.04206250e-04 6.06347872e-04
1.53390121e-01 2.60328545e-04 6.10417580e-04
1.53797890e-01 1.43712344e-05 6.02432442e-04
1.54205658e-01 1.08361611e-04 5.96603597e-04
1.54613425e-01 5.20468252e-05 5.95284506e-04
1.55021190e-01 -4.83799816e-04 6.07582727e-04
1.55428953e-01 -6.73178903e-04 6.06865831e-04
1.55836716e-01 3.92500833e-05 5.99288478e-04
1.56244476e-01 6.89845982e-05 5.89589119e-04
1.56652235e-01 5.22477087e-04 5.99099316e-04
1.57059993e-01 3.98980654e-06 5.74574678e-04
1.57467749e-01 -1.73136767e-04 5.76997219e-04
1.57875504e-01 -2.70186988e-04 5.73238222e-04
1.58283257e-01 9.30729033e-05 5.96013889e-04
1.58691008e-01 -5.78161476e-04 5.73248876e-04
1.59098758e-01 1.05163563e-03 5.71943475e-04
1.59506507e-01 -1.23098478e-05 5.74746744e-04
1.59914254e-01 1.93003744e-04 5.92582659e-04
1.60322000e-01 2.32334396e-05 5.81753077e-04
1.60729744e-01 -5.91461212e-04 5.69188636e-04
1.61137486e-01 -7.31598096e-04 5.76254202e-04
1.61545228e-01 -2.90440109e-04 5.84991815e-04
1.61952967e-01 1.22049997e-04 5.61369461e-04
1.62360705e-01 1.45129010e-05 5.70470309e-04
1.62768441e-01 3.40138852e-04 5.63396507e-04
1.63176176e-01 2.93039229e-04 5.80882862e-04
1.63583910e-01 7.98748475e-04 5.73329336e-04
1.63991641e-01 1.51703710e-04 5.77104392e-04
1.64399372e-01 -6.60197917e-04 5.49143411e-04
1.64807100e-01 -1.37695247e-03 5.47265815e-04
1.65214827e-01 -6.01344172e-04 5.63403557e-04
1.65622553e-01 9.68509184e-05 5.61329583e-04
1.66030277e-01 -3.77853636e-05 5.68743814e-04
1.66437999e-01 -5.25288092e-04 5.56681750e-04
1.66845720e-01 1.12316245e-04 5.73481906e-04
1.67253439e-01 -4.09922790e-04 5.67123724e-04
1.67661157e-01 -8.02153368e-05 5.74266675e-04
1.68068873e-01 6.92081567e-04 5.57276929e-04
1.68476588e-01 -5.40772831e-04 5.60296605e-04
1.68884301e-01 1.77007096e-04 5.58474204e-04
1.69292012e-01 2.53371943e-04 5.50370521e-04
1.69699721e-01 -2.25295856e-04 5.35189519e-04
1.70107430e-01 -6.83954913e-04 5.49152703e-04
1.70515136e-01 -1.08742132e-03 5.45681992e-04
1.70922841e-01 1.19089621e-03 5.59358320e-04
1.71330544e-01 4.26031034e-04 5.40908677e-04
1.71738246e-01 1.10169568e-04 5.55814115e-04
1.72145946e-01 2.04997597e-04 5.50220964e-04
1.72553644e-01 -3.70086837e-04 5.47675595e-04
1.72961341e-01 3.58718025e-05 5.52578340e-04
1.73369036e-01 1.41829475e-04 5.39362681e-04
1.73776729e-01 4.69486206e-04 5.45767384e-04
1.74184421e-01 -2.63102897e-04 5.44824657e-04
1.74592111e-01 -9.29585886e-04 5.39157506e-04
1.74999799e-01 1.33241930e-04 5.47461374e-04
1.75407486e-01 6.13614310e-04 5.43870842e-04
1.75815171e-01 -3.34306985e-04 5.47449805e-04
1.76222855e-01 2.52073224e-04 5.36257170e-04
1.76630537e-01 5.95841026e-04 5.38826046e-04
1.77038217e-01 -7.77541918e-04 5.30020857e-04
1.77445895e-01 1.89762933e-04 5.31802500e-04
1.77853572e-01 1.79990336e-07 5.46910246e-04
1.78261247e-01 -3.77082749e-04 5.32860001e-04
1.78668921e-01 -4.54254818e-04 5.25143137e-04
1.79076592e-01 7.49279695e-04 5.33979151e-04
1.79484262e-01 -8.08897748e-04 5.29414931e-04
1.79891931e-01 -4.92287632e-04 5.24390979e-04
1.80299597e-01 -2.14246897e-04 5.26755614e-04
1.80707262e-01 -6.82017717e-04 5.29529629e-04
1.81114925e-01 -4.61877047e-04 5.29920364e-04
1.81522587e-01 3.84148755e-04 5.18007807e-04
1.81930247e-01 8.93147822e-04 5.31569537e-04
1.82337905e-01 3.78440788e-04 5.15243019e-04
1.82745561e-01 2.84171637e-04 5.29023575e-04
1.83153215e-01 -5.55712112e-04 5.25180444e-04
1.83560868e-01 -2.39207370e-04 5.19892996e-04
1.83968519e-01 -4.32361031e-04 5.15053707e-04
1.84376169e-01 6.97235096e-04 5.15955268e-04
1.84783816e-01 1.46058476e-04 5.26817770e-04
1.85191462e-01 3.96036291e-04 5.19498526e-04
1.85599106e-01 -2.02271121e-04 5.24404681e-04
1.86006749e-01 -9.04531576e-04 5.05481751e-04
1.86414389e-01 -3.14944182e-04 5.22108749e-04
1.86822028e-01 -2.01225499e-04 5.19817524e-04
1.87229665e-01 3.99691408e-04 5.16181076e-04
1.87637300e-01 -1.36190333e-04 5.00479309e-04
1.88044934e-01 5.76484036e-04 5.16193988e-04
1.88452566e-01 1.18341651e-03 5.08343362e-04
1.88860195e-01 9.17071036e-06 5.15865425e-04
1.89267824e-01 -1.24945595e-03 5.11428051e-04
1.89675450e-01 -1.82789774e-04 4.98716207e-04
1.90083074e-01 -2.02068092e-04 5.10061435e-04
1.90490697e-01 4.67740618e-04 5.08985791e-04
1.90898318e-01 -5.47160263e-06 5.13722209e-04
1.91305937e-01 -7.97457019e-05 4.99556467e-04
1.91713555e-01 -3.35890686e-04 5.06214157e-04
1.92121170e-01 -1.13243045e-04 4.98500984e-04
1.92528784e-01 -2.60652905e-04 4.94882671e-04
1.92936396e-01 2.46116444e-04 5.05556246e-04
1.93344006e-01 6.04858333e-04 4.97615857e-04
1.93751614e-01 -2.14182924e-04 5.00400029e-04
1.94159220e-01 -1.62491137e-04 4.99123122e-04
1.94566825e-01 5.27950003e-04 5.04203639e-04
1.94974427e-01 2.80867711e-04 5.09466143e-04
1.95382028e-01 3.05185376e-04 4.91020561e-04
1.95789627e-01 -3.56762044e-04 4.97862581e-04
1.96197224e-01 3.18792423e-04 4.89872032e-04
1.96604820e-01 -8.36588725e-05 5.02124790e-04
1.97012413e-01 9.34737013e-04 4.95199193e-04
1.97420005e-01 4.80671262e-05 4.91454143e-04
1.97827594e-01 7.03448750e-04 4.99645651e-04
1.98235182e-01 2.44124937e-04 5.06109500e-04
1.98642768e-01 -1.87224276e-04 5.01013487e-04
1.99050352e-01 7.15850070e-04 5.00683170e-04
1.99457934e-01 -4.05304512e-04 5.08031919e-04
1.99865514e-01 -2.17478499e-04 4.97415813e-04
2.00273093e-01 -1.12199502e-04 5.07827565e-04
2.00680669e-01 -1.72971886e-04 5.16164825e-04
2.01088244e-01 -3.03702739e-04 5.04714929e-04
2.01495816e-01 1.06484009e-03 5.09435497e-04
2.01903387e-01 7.78136004e-05 5.06308753e-04
2.02310956e-01 3.93372989e-05 5.00770984e-04
2.02718523e-01 7.28555682e-04 5.23312777e-04
2.03126088e-01 1.33355014e-03 5.22085582e-04
2.03533651e-01 3.48294137e-06 5.05015469e-04
2.03941212e-01 8.04902168e-05 5.09447362e-04
2.04348771e-01 -5.59331769e-04 4.94329988e-04
2.04756329e-01 2.21667762e-04 5.07338436e-04
2.05163884e-01 5.32158937e-04 5.02936188e-04
2.05571438e-01 -8.39013679e-05 4.96866778e-04
2.05978989e-01 3.58634520e-04 5.00718186e-04
2.06386539e-01 1.30340155e-04 4.90212495e-04
2.06794086e-01 -4.00090960e-04 4.88305267e-04
2.07201632e-01 -1.45393160e-04 4.88296593e-04
2.07609175e-01 5.94007802e-05 4.91136459e-04
2.08016717e-01 -6.76082041e-05 4.83749506e-04
2.08424257e-01 -3.17277523e-04 4.80456278e-04
2.08831794e-01 1.63141617e-04 4.74377451e-04
2.09239330e-01 7.32739926e-04 4.77799659e-04
2.09646864e-01 1.03526352e-03 4.92413002e-04
2.10054396e-01 2.11521648e-05 4.80639881e-04
2.10461925e-01 7.58269783e-04 4.86419126e-04
2.10869453e-01 5.81745387e-04 4.80201935e-04
2.11276979e-01 -5.49287391e-04 4.76480642e-04
2.11684503e-01 5.83093195e-04 4.88653030e-04
2.12092025e-01 -5.70671518e-04 4.81092291e-04
2.12499544e-01 4.12490597e-04 4.76974621e-04
2.12907062e-01 -4.90023363e-04 4.80957925e-04
2.13314578e-01 -4.58046609e-04 4.76213103e-04
2.13722092e-01 7.13720842e-04 4.68283992e-04
2.14129603e-01 6.72096489e-04 4.86321057e-04
2.14537113e-01 4.06946024e-04 4.85907868e-04
2.14944621e-01 -1.44421642e-04 4.72758198e-04
2.15352126e-01 -1.80758070e-04 4.78527368e-04
2.15759630e-01 -2.57479245e-04 4.67011516e-04
2.16167131e-01 6.76362679e-05 4.76076616e-04
2.16574631e-01 -2.46579150e-04 4.67616778e-04
2.16982128e-01 -2.91741511e-04 4.64358758e-04
2.17389624e-01 -6.27619672e-04 4.73489083e-04
2.17797117e-01 1.58769786e-04 4.62315191e-04
2.18204608e-01 5.35063023e-04 4.76266710e-04
2.18612098e-01 3.61143058e-04 4.70011700e-04
2.19019585e-01 2.22906114e-04 4.63726279e-04
2.19427070e-01 -2.16328775e-04 4.56541243e-04
2.19834553e-01 2.22093227e-04 4.69975459e-04
2.20242034e-01 -7.15571765e-04 4.59240383e-04
2.20649512e-01 -6.05313100e-05 4.64359606e-04
2.21056989e-01 -1.71853189e-04 4.69605593e-04
2.21464464e-01 -1.55637428e-04 4.61422541e-04
2.21871936e-01 6.57050618e-04 4.68784192e-04
2.22279407e-01 3.51790156e-04 4.68294160e-04
2.22686875e-01 -5.33527898e-04 4.51954040e-04
2.23094341e-01 3.04778973e-04 4.61640360e-04
2.23501805e-01 8.77477233e-05 4.57756310e-04
2.23909267e-01 -9.24938059e-04 4.60699410e-04
2.24316727e-01 -1.69564380e-04 4.57191427e-04
2.24724185e-01 -2.64796327e-04 4.47547054e-04
2.25131641e-01 9.01295850e-04 4.54716991e-04
2.25539094e-01 -4.40200027e-04 4.58704524e-04
2.25946545e-01 6.34664960e-04 4.69692903e-04
2.26353995e-01 1.82585436e-04 4.72287046e-04
2.26761442e-01 -1.22091775e-04 4.62704875e-04
2.27168887e-01 9.31987833e-04 4.56978301e-04
2.27576329e-01 2.09672199e-05 4.53577373e-04
2.27983770e-01 7.72829713e-04 4.57966213e-04
2.28391208e-01 2.03828829e-04 4.49593866e-04
2.28798645e-01 6.00904142e-04 4.52197677e-04
2.29206079e-01 3.89018128e-05 4.57395903e-04
2.29613511e-01 -1.13806592e-04 4.52105499e-04
2.30020941e-01 5.65031314e-04 4.63054763e-04
2.30428368e-01 6.61996735e-04 4.64302432e-04
2.30835794e-01 5.84861734e-04 4.69267227e-04
2.31243217e-01 5.56312288e-04 4.70708246e-04
2.31650638e-01 7.79619812e-04 4.68667803e-04
2.32058057e-01 5.40868928e-04 4.70301327e-04
2.32465473e-01 -6.32835323e-04 4.58025554e-04
2.32872888e-01 -7.59366518e-05 4.68778578e-04
2.33280300e-01 1.11981447e-03 4.74158718e-04
2.33687710e-01 -7.36386845e-05 4.64004520e-04
2.34095118e-01 2.83714616e-04 4.66784844e-04
2.34502524e-01 3.04728057e-04 4.59972752e-04
2.34909927e-01 4.81757638e-04 4.62319108e-04
2.35317328e-01 -1.38779608e-04 4.56395134e-04
2.35724727e-01 4.30626280e-05 4.59306010e-04
2.36132124e-01 -4.71726689e-04 4.54521573e-04
2.36539518e-01 1.15618034e-03 4.63159596e-04
2.36946911e-01 -1.05144231e-04 4.44615588e-04
2.37354301e-01 -3.80755343e-04 4.51341980e-04
2.37761688e-01 4.92413722e-04 4.59421580e-04
2.38169074e-01 5.22733281e-04 4.55872277e-04
2.38576457e-01 7.09627596e-04 4.45874086e-04
2.38983838e-01 5.12912351e-04 4.50766411e-04
2.39391217e-01 -1.03893410e-04 4.51395610e-04
2.39798593e-01 -2.21238032e-04 4.47394249e-04
2.40205967e-01 4.30574681e-04 4.48771383e-04
2.40613339e-01 6.45536049e-04 4.54573590e-04
2.41020709e-01 -6.83308914e-05 4.45503480e-04
2.41428076e-01 -1.54744170e-04 4.40428842e-04
2.41835441e-01 4.09126298e-04 4.51808412e-04
2.42242804e-01 -3.32017133e-05 4.46800475e-04
2.42650165e-01 -1.82998016e-04 4.32620008e-04
2.43057523e-01 -4.57374841e-04 4.31997052e-04
2.43464879e-01 2.39820071e-05 4.32551256e-04
2.43872232e-01 2.77983598e-04 4.31466084e-04
2.44279584e-01 5.12415602e-04 4.41812259e-04
2.44686933e-01 -3.07128363e-04 4.42009765e-04
2.45094279e-01 3.25345013e-04 4.31513251e-04
2.45501624e-01 6.00352766e-04 4.40229491e-04
2.45908966e-01 2.54777565e-04 4.40483366e-04
2.46316305e-01 1.51171601e-04 4.28719901e-04
2.46723643e-01 2.10290949e-04 4.38834793e-04
2.47130978e-01 5.32706819e-04 4.36851446e-04
2.47538310e-01 -8.72946290e-05 4.35131344e-04
2.47945641e-01 -2.25113023e-05 4.31121647e-04
2.48352969e-01 -3.45851728e-05 4.31970157e-04
2.48760294e-01 -4.95663833e-04 4.25435585e-04
2.49167618e-01 8.83056322e-05 4.34306144e-04
2.49574939e-01 4.35366079e-04 4.35028954e-04
2.49982257e-01 4.52634194e-04 4.32525131e-04
2.50389573e-01 -1.08888267e-04 4.36785131e-04
2.50796887e-01 -8.26610898e-05 4.25754525e-04
2.51204199e-01 -9.17608845e-05 4.28090889e-04
2.51611508e-01 5.77293566e-04 4.31723784e-04
2.52018815e-01 8.39498415e-04 4.34413408e-04
2.52426119e-01 6.23210146e-04 4.33644732e-04
2.52833421e-01 7.42977512e-04 4.21186767e-04
2.53240720e-01 2.77582559e-04 4.26947338e-04
2.53648017e-01 3.68833216e-05 4.32240937e-04
2.54055312e-01 -5.38627247e-04 4.19834903e-04
2.54462605e-01 9.44540065e-04 4.38743479e-04
2.54869894e-01 5.74627727e-04 4.23456759e-04
2.55277182e-01 4.54543462e-04 4.20666407e-04
2.55684467e-01 4.61560797e-05 4.25787820e-04
2.56091750e-01 -9.44274107e-05 4.27203619e-04
2.56499030e-01 5.88301089e-04 4.27105827e-04
2.56906308e-01 6.81341290e-04 4.23951380e-04
2.57313583e-01 3.66941088e-04 4.21508627e-04
2.57720856e-01 2.63123976e-04 4.21259297e-04
2.58128127e-01 -5.00850982e-04 4.11859294e-04
2.58535395e-01 -6.99859538e-04 4.19809457e-04
2.58942661e-01 3.24056924e-04 4.07547768e-04
2.59349924e-01 5.79454606e-04 4.22105243e-04
2.59757184e-01 -4.26426822e-04 4.15428108e-04
2.60164443e-01 3.29884115e-04 4.21518465e-04
2.60571699e-01 -4.56884226e-05 4.19863376e-04
2.60978952e-01 -1.31282213e-04 4.10678391e-04
2.61386203e-01 5.67058197e-04 4.20840816e-04
2.61793451e-01 4.51129749e-04 4.20181045e-04
2.62200697e-01 -1.76205130e-04 4.10109862e-04
2.62607941e-01 2.12957614e-04 4.09170439e-04
2.63015182e-01 -3.62447707e-04 4.14102428e-04
2.63422420e-01 1.19901234e-03 4.18474496e-04
2.63829656e-01 5.00465949e-04 4.18715243e-04
2.64236890e-01 -5.61340541e-04 4.15409431e-04
2.64644121e-01 -4.33694110e-04 4.07105604e-04
2.65051349e-01 -2.30719601e-04 4.02071957e-04
2.65458575e-01 4.14443076e-05 4.09488965e-04
2.65865799e-01 3.88793587e-04 4.05508127e-04
2.66273019e-01 -3.46450183e-04 4.04821667e-04
2.66680238e-01 -4.25452318e-04 4.12060478e-04
2.67087454e-01 3.10393957e-04 4.17532504e-04
2.67494667e-01 -4.28261958e-04 4.13937212e-04
2.67901878e-01 -3.94580853e-04 4.06266187e-04
2.68309086e-01 3.35003020e-04 4.08370030e-04
2.68716292e-01 -8.44073006e-04 4.01713247e-04
2.69123495e-01 -3.66193427e-04 4.07113665e-04
2.69530696e-01 3.80061234e-04 4.00989338e-04
2.69937894e-01 1.15853710e-04 4.02989388e-04
2.70345090e-01 7.32082134e-05 4.01589149e-04
2.70752283e-01 4.48138827e-04 4.00442217e-04
2.71159473e-01 1.27017303e-03 4.09917225e-04
2.71566661e-01 4.76370327e-04 4.03654876e-04
2.71973847e-01 6.92259858e-05 4.02419018e-04
2.72381030e-01 1.01959732e-03 4.12843908e-04
2.72788210e-01 -1.91678435e-04 4.07403563e-04
2.73195387e-01 2.36663763e-04 4.07372994e-04
2.73602562e-01 -2.46935715e-04 4.03031679e-04
2.74009735e-01 6.27815920e-04 4.04222795e-04
2.74416905e-01 -2.05576548e-04 3.92829074e-04
2.74824072e-01 3.05914844e-04 3.94724551e-04
2.75231237e-01 2.32192127e-04 3.93167741e-04
2.75638399e-01 3.23984086e-04 3.99088746e-04
2.76045558e-01 1.72633755e-04 3.91472162e-04
2.76452715e-01 -1.14210300e-04 4.00611142e-04
2.76859869e-01 -3.21655108e-05 3.92698256e-04
2.77267021e-01 -6.16639433e-04 3.95284358e-04
2.77674170e-01 -4.10953423e-05 3.96956891e-04
2.78081316e-01 4.09099540e-04 3.94430911e-04
2.78488460e-01 -2.80571926e-06 3.94102876e-04
2.78895601e-01 4.93119469e-04 4.00854615e-04
2.79302740e-01 6.38307342e-04 3.98329185e-04
2.79709875e-01 7.97734472e-04 4.01305899e-04
2.80117009e-01 5.25867804e-04 4.00426588e-04
2.80524139e-01 4.91486911e-04 3.97165750e-04
2.80931267e-01 2.95653980e-04 3.93420673e-04
2.81338392e-01 9.90317701e-05 3.90608045e-04
2.81745515e-01 1.54095638e-04 3.90299236e-04
2.82152635e-01 5.41296367e-05 3.97310765e-04
2.82559752e-01 3.02477333e-04 3.97093587e-04
2.82966866e-01 4.17973078e-04 3.92104707e-04
2.83373978e-01 4.96463995e-05 3.85528343e-04
2.83781088e-01 3.61770508e-04 3.90591279e-04
2.84188194e-01 -9.38304564e-05 3.93356726e-04
2.84595298e-01 1.22309052e-04 3.94654058e-04
2.85002399e-01 -3.40276010e-05 3.95054765e-04
2.85409497e-01 2.08465024e-04 3.96041217e-04
2.85816593e-01 1.01416641e-03 3.96823945e-04
2.86223686e-01 3.60677927e-06 3.98322838e-04
2.86630777e-01 -7.00753490e-04 3.93573598e-04
2.87037864e-01 -2.17644165e-05 3.99767077e-04
2.87444949e-01 -3.89451924e-04 4.02841066e-04
2.87852031e-01 -5.34655692e-05 3.92034414e-04
2.88259111e-01 6.21154545e-04 3.99199889e-04
2.88666188e-01 2.61227977e-04 3.95050586e-04
2.89073262e-01 9.03290293e-04 3.94397192e-04
2.89480333e-01 4.99962034e-04 4.09728232e-04
2.89887401e-01 -3.11250816e-05 3.97868073e-04
2.90294467e-01 4.17540426e-06 3.99647776e-04
2.90701530e-01 1.31399154e-04 3.96219639e-04
2.91108591e-01 -2.48799370e-04 3.92538267e-04
2.91515648e-01 -1.55343001e-04 4.01294340e-04
2.91922703e-01 2.82707995e-04 3.91968153e-04
2.92329755e-01 3.43691230e-04 3.87441438e-04
2.92736804e-01 1.58411910e-04 3.88377835e-04
2.93143851e-01 -2.56152491e-04 3.88435368e-04
2.93550895e-01 -1.88917506e-04 3.83999907e-04
2.93957936e-01 -3.66611248e-04 3.84906001e-04
2.94364974e-01 5.99995483e-06 3.91988902e-04
2.94772009e-01 -2.63241562e-04 3.89470525e-04
2.95179042e-01 2.67903132e-04 3.93760246e-04
2.95586072e-01 2.12255647e-04 3.99555364e-04
2.95993099e-01 1.38296351e-04 3.98525906e-04
2.96400123e-01 -1.68289731e-04 3.92366411e-04
2.96807145e-01 2.72578429e-04 3.97076266e-04
2.97214163e-01 3.07945093e-04 3.95430665e-04
2.97621179e-01 1.10029014e-03 3.97364259e-04
2.98028192e-01 9.35374735e-04 4.01738240e-04
2.98435202e-01 3.73988413e-04 3.89133322e-04
2.98842210e-01 5.08495910e-04 3.92661766e-04
2.99249214e-01 -2.55600966e-05 3.95112064e-04
2.99656216e-01 9.90528660e-04 4.09622089e-04
3.00063215e-01 -5.20528588e-04 3.92555228e-04
3.00470211e-01 3.67611647e-04 3.94762148e-04
3.00877204e-01 3.38520791e-04 3.92637530e-04
3.01284194e-01 1.08759227e-04 3.87947797e-04
3.01691182e-01 -5.57719072e-04 3.97102715e-04
3.02098167e-01 -1.33840122e-04 3.91687801e-04
3.02505149e-01 5.84414119e-04 3.98275564e-04
3.02912128e-01 -1.62598124e-04 3.89861200e-04
3.03319104e-01 -6.94506590e-04 3.92269730e-04
3.03726077e-01 3.86965122e-05 3.91237787e-04
3.04133047e-01 1.59282351e-04 3.90114672e-04
3.04540015e-01 -2.09156443e-04 3.93614531e-04
3.04946979e-01 6.72129925e-05 3.90799133e-04
3.05353941e-01 7.77164835e-05 3.93152674e-04
3.05760900e-01 1.63288828e-04 3.90179320e-04
3.06167856e-01 -2.63490976e-04 3.86571324e-04
3.06574809e-01 1.09614676e-04 3.94157908e-04
3.06981759e-01 1.55554635e-04 3.95683496e-04
3.07388706e-01 -4.63586700e-04 3.91027155e-04
3.07795651e-01 -2.08078993e-04 3.89931949e-04
3.08202592e-01 -6.14690008e-04 3.90537221e-04
3.08609531e-01 -3.56495934e-05 3.98494700e-04
3.09016466e-01 3.04442340e-04 3.99287967e-04
3.09423399e-01 2.29106735e-05 3.95018026e-04
3.09830329e-01 1.64615531e-04 3.99053305e-04
3.10237256e-01 3.36455680e-04 3.93961180e-04
3.10644180e-01 9.89380469e-05 3.97641299e-04
3.11051101e-01 4.92659551e-04 3.98137138e-04
3.11458019e-01 -3.12200484e-04 3.95291354e-04
3.11864934e-01 8.50633307e-04 4.02384391e-04
3.12271846e-01 -3.92614134e-04 3.98679094e-04
3.12678755e-01 -2.77791974e-04 3.94002484e-04
3.13085661e-01 3.38839698e-04 4.03032912e-04
3.13492565e-01 -1.52443457e-04 3.99124759e-04
3.13899465e-01 5.48313857e-04 3.96732327e-04
3.14306362e-01 1.19423917e-04 4.07113295e-04
3.14713257e-01 -4.62897109e-04 4.00772160e-04
3.15120148e-01 4.92453890e-04 4.00602454e-04
3.15527037e-01 2.24820914e-04 4.11110870e-04
3.15933922e-01 7.38373342e-05 4.07924748e-04
3.16340805e-01 -1.30889643e-04 4.50680269e-04
3.16747684e-01 -1.94899474e-04 4.87116726e-04
3.17154561e-01 1.44170525e-04 5.15152034e-04
3.17561434e-01 5.36562373e-04 5.43932803e-04
3.17968305e-01 -2.72003625e-04 5.80567144e-04
3.18375172e-01 9.34696850e-04 6.26843550e-04
3.18782037e-01 3.84910804e-05 6.44940983e-04
3.19188898e-01 9.08152742e-04 6.73207817e-04
3.19595757e-01 5.05011981e-04 6.76555329e-04
3.20002612e-01 7.87862787e-04 7.38288621e-04
3.20409465e-01 -2.44672314e-04 7.78034780e-04
3.20816314e-01 7.54067561e-04 8.32454229e-04
3.21223160e-01 -1.91252844e-04 9.61081062e-04
3.21630004e-01 8.01945037e-04 1.10774752e-03
3.22036844e-01 -3.67184109e-04 1.31958598e-03
3.22443681e-01 -1.31944018e-03 1.79883591e-03
3.22850516e-01 -1.20096303e-02 4.17950582e-03
