4.08043586e-03 -2.80815752e-02 2.66909142e-02
4.48847930e-03 -2.21563035e-02 2.76550569e-02
4.89652269e-03 1.94250867e-03 2.01034852e-02
5.30456604e-03 1.81254560e-02 1.51106947e-02
5.71260934e-03 8.71226468e-03 1.13837377e-02
6.12065258e-03 2.28613210e-02 9.01091770e-03
6.52869577e-03 2.59922331e-02 7.42724825e-03
6.93673889e-03 2.32464392e-02 7.02780144e-03
7.34478195e-03 3.05705926e-02 6.65282074e-03
7.75282494e-03 2.27931100e-02 5.55873934e-03
8.16086785e-03 2.37771544e-02 4.48519172e-03
8.56891069e-03 1.82823979e-02 4.70137350e-03
8.97695345e-03 3.04684572e-02 4.58800833e-03
9.38499612e-03 2.79259101e-02 4.10145699e-03
9.79303870e-03 3.09087618e-02 3.87775535e-03
1.02010812e-02 2.71083758e-02 3.67474362e-03
1.06091236e-02 2.24675466e-02 3.43789486e-03
1.10171659e-02 2.34925806e-02 3.56412470e-03
1.14252081e-02 2.18649386e-02 3.24385443e-03
1.18332501e-02 1.85461602e-02 2.90221468e-03
1.22412921e-02 1.95910390e-02 2.83910901e-03
1.26493339e-02 2.45752847e-02 2.93456465e-03
1.30573757e-02 2.26570185e-02 2.67872750e-03
1.34654173e-02 2.29569042e-02 2.65319727e-03
1.38734588e-02 1.86365316e-02 2.61886559e-03
1.42815001e-02 2.58215550e-02 2.68032829e-03
1.46895413e-02 2.33050673e-02 2.48947458e-03
1.50975824e-02 2.34934385e-02 2.68610530e-03
1.55056233e-02 2.39911355e-02 2.42472826e-03
1.59136641e-02 2.33082977e-02 2.33743458e-03
1.63217047e-02 1.94898268e-02 2.32800367e-03
1.67297452e-02 1.75387771e-02 2.23257251e-03
1.71377855e-02 2.18086315e-02 2.05519994e-03
1.75458257e-02 1.95386330e-02 2.12576873e-03
1.79538657e-02 1.81367407e-02 2.12506352e-03
1.83619055e-02 1.92240958e-02 1.99748070e-03
1.87699451e-02 1.96881586e-02 2.20251432e-03
1.91779846e-02 1.91072177e-02 2.13411965e-03
1.95860239e-02 1.64213243e-02 2.18785142e-03
1.99940630e-02 1.98420726e-02 1.98070061e-03
2.04021019e-02 1.70583518e-02 2.03455617e-03
2.08101406e-02 1.63844507e-02 1.89759973e-03
2.12181791e-02 1.50237780e-02 1.92575936e-03
2.16262174e-02 1.64201462e-02 2.04410936e-03
2.20342555e-02 1.42892157e-02 1.88644944e-03
2.24422934e-02 1.54249432e-02 1.87363201e-03
2.28503311e-02 1.59908135e-02 1.86553062e-03
2.32583686e-02 1.39853027e-02 1.82123820e-03
2.36664058e-02 1.47640692e-02 1.85925443e-03
2.40744429e-02 1.53385641e-02 1.82392959e-03
2.44824797e-02 1.31131738e-02 1.79193274e-03
2.48905162e-02 9.32725010e-03 1.76734305e-03
2.52985525e-02 1.45488336e-02 1.75199645e-03
2.57065886e-02 1.13955111e-02 1.79899286e-03
2.61146245e-02 1.18233968e-02 1.83226622e-03
2.65226601e-02 8.57708273e-03 1.76152804e-03
2.69306954e-02 9.94929988e-03 1.75137789e-03
2.73387305e-02 1.16739202e-02 1.77925160e-03
2.77467653e-02 9.01198527e-03 1.79162778e-03
2.81547999e-02 1.00367491e-02 1.71967966e-03
2.85628342e-02 8.04759379e-03 1.70515919e-03
2.89708682e-02 8.61942216e-03 1.73677470e-03
2.93789020e-02 1.18961956e-02 1.82482482e-03
2.97869355e-02 1.19255900e-02 1.75679101e-03
3.01949687e-02 8.28806129e-03 1.79121260e-03
3.06030016e-02 9.72967437e-03 1.79850064e-03
3.10110342e-02 1.02745565e-02 1.80953031e-03
3.14190665e-02 1.06109367e-02 1.73825521e-03
3.18270985e-02 9.95550209e-03 1.62039935e-03
3.22351302e-02 8.58931422e-03 1.57289630e-03
3.26431617e-02 7.56232678e-03 1.64020344e-03
3.30511928e-02 9.24745866e-03 1.49198789e-03
3.34592236e-02 1.14839670e-02 1.61514382e-03
3.38672540e-02 5.43251476e-03 1.50685419e-03
3.42752842e-02 5.57928538e-03 1.43842017e-03
3.46833140e-02 1.18457349e-02 1.52417191e-03
3.50913435e-02 9.29114538e-03 1.52985941e-03
3.54993727e-02 7.94850869e-03 1.45254221e-03
3.59074015e-02 9.08145990e-03 1.38768873e-03
3.63154300e-02 5.59174800e-03 1.34711536e-03
3.67234581e-02 8.20394314e-03 1.41849249e-03
3.71314859e-02 3.68371747e-03 1.40612251e-03
3.75395134e-02 5.80108032e-03 1.38768806e-03
3.79475405e-02 3.78084409e-03 1.39743637e-03
3.83555672e-02 6.13149748e-03 1.43049312e-03
3.87635935e-02 4.59582524e-03 1.35286609e-03
3.91716195e-02 4.03505474e-03 1.35696634e-03
3.95796452e-02 5.77498843e-03 1.35284463e-03
3.99876704e-02 3.44545998e-03 1.29522903e-03
4.03956953e-02 4.22159230e-03 1.29547465e-03
4.08037198e-02 2.24275515e-03 1.34974017e-03
4.12117439e-02 2.75479604e-03 1.33176110e-03
4.16197676e-02 2.67406594e-03 1.33479461e-03
4.20277909e-02 3.66169097e-03 1.26459959e-03
4.24358138e-02 4.59260997e-03 1.26008196e-03
4.28438363e-02 2.62375872e-03 1.23581446e-03
4.32518584e-02 4.09631087e-03 1.29673204e-03
4.36598801e-02 4.94334969e-03 1.23749153e-03
4.40679014e-02 6.21988506e-03 1.25802854e-03
4.44759222e-02 2.87779605e-03 1.21542604e-03
4.48839427e-02 2.68023991e-03 1.21384004e-03
4.52919627e-02 2.87117291e-03 1.25314650e-03
4.56999823e-02 3.55134771e-03 1.19548286e-03
4.61080014e-02 3.20216457e-03 1.20453816e-03
4.65160201e-02 1.30581647e-03 1.22281160e-03
4.69240384e-02 3.77148200e-03 1.23405173e-03
4.73320562e-02 9.56196721e-04 1.18078072e-03
4.77400736e-02 2.74145800e-03 1.18511083e-03
4.81480905e-02 4.12695100e-03 1.22643689e-03
4.85561070e-02 2.38804988e-03 1.21570287e-03
4.89641230e-02 2.47834894e-03 1.17568920e-03
4.93721385e-02 4.39296889e-03 1.25769810e-03
4.97801536e-02 5.03850690e-03 1.22156299e-03
5.01881682e-02 1.12716434e-03 1.15678560e-03
5.05961823e-02 3.41219628e-03 1.15366875e-03
5.10041960e-02 7.92442646e-04 1.16317544e-03
5.14122091e-02 2.36903081e-03 1.13630025e-03
5.18202218e-02 7.80820440e-04 1.15835120e-03
5.22282340e-02 3.32033154e-03 1.13974628e-03
5.26362457e-02 9.76562808e-04 1.14278942e-03
5.30442569e-02 2.04183718e-03 1.09140800e-03
5.34522675e-02 2.87290452e-03 1.14956586e-03
5.38602777e-02 4.00275976e-03 1.14095980e-03
5.42682874e-02 3.01494439e-03 1.10623878e-03
5.46762965e-02 2.21376968e-03 1.08904897e-03
5.50843052e-02 1.20695148e-03 1.10167087e-03
5.54923133e-02 2.73060856e-03 1.11731115e-03
5.59003208e-02 1.22804745e-03 1.11082354e-03
5.63083279e-02 1.77576270e-03 1.03763531e-03
5.67163344e-02 1.94815143e-03 1.14585625e-03
5.71243404e-02 2.63159241e-03 1.11024331e-03
5.75323458e-02 2.93924075e-03 1.12638785e-03
5.79403507e-02 2.08281623e-03 1.15865355e-03
5.83483551e-02 2.79171578e-03 1.12935024e-03
5.87563588e-02 8.44062628e-04 1.09262928e-03
5.91643621e-02 -5.32950689e-05 1.12520075e-03
5.95723647e-02 2.33238614e-03 1.12321479e-03
5.99803668e-02 3.61699855e-03 1.20025784e-03
6.03883684e-02 2.22379878e-03 1.13899284e-03
6.07963693e-02 1.09004097e-03 1.11829785e-03
6.12043697e-02 1.75186919e-03 1.13586614e-03
6.16123695e-02 1.14683377e-03 1.10850726e-03
6.20203687e-02 -1.44543077e-03 1.10885827e-03
6.24283674e-02 1.26052825e-03 1.11637644e-03
6.28363654e-02 -2.00738735e-04 1.11231296e-03
6.32443629e-02 1.88351493e-03 1.07108209e-03
6.36523597e-02 1.82906570e-03 1.09054355e-03
6.40603559e-02 4.55971918e-04 1.04679601e-03
6.44683516e-02 9.88037246e-04 1.00453529e-03
6.48763466e-02 1.02978417e-03 1.03690681e-03
6.52843410e-02 -1.06805868e-04 1.04165039e-03
6.56923348e-02 7.53002336e-04 1.06340362e-03
6.61003279e-02 1.91593414e-03 1.01088655e-03
6.65083205e-02 1.24662087e-03 1.01571988e-03
6.69163124e-02 2.24639027e-03 1.04104646e-03
6.73243036e-02 1.77716230e-03 1.00069078e-03
6.77322943e-02 1.03064943e-03 1.00180558e-03
6.81402842e-02 2.25737367e-03 9.86074699e-04
6.85482736e-02 3.63520064e-04 9.99359431e-04
6.89562623e-02 1.35675310e-03 9.90097900e-04
6.93642503e-02 2.47302412e-03 9.87756272e-04
6.97722377e-02 1.69698951e-03 9.91172253e-04
7.01802244e-02 1.31840086e-03 9.88330902e-04
7.05882105e-02 1.90048372e-04 9.45774482e-04
7.09961958e-02 -7.18922682e-04 9.41261749e-04
7.14041805e-02 2.78669032e-04 9.72721836e-04
7.18121646e-02 5.77628344e-04 9.16525590e-04
7.22201479e-02 5.33532089e-04 9.47572076e-04
7.26281306e-02 6.24134356e-04 9.56769502e-04
7.30361126e-02 1.16868890e-03 9.30915669e-04
7.34440938e-02 7.61714168e-04 9.23948221e-04
7.38520744e-02 -7.62134624e-04 9.11708716e-04
7.42600543e-02 5.80617178e-04 9.36365321e-04
7.46680335e-02 1.65069999e-03 9.08064717e-04
7.50760119e-02 6.69852766e-04 9.10376591e-04
7.54839897e-02 1.44427553e-05 8.86598223e-04
7.58919667e-02 1.11974560e-03 9.10093436e-04
7.62999431e-02 5.69692970e-04 9.51133068e-04
7.67079187e-02 7.34840382e-04 9.41067922e-04
7.71158935e-02 -4.99308437e-04 9.05916710e-04
7.75238677e-02 6.44820593e-04 9.38718148e-04
7.79318411e-02 6.43761570e-04 9.00349265e-04
7.83398137e-02 2.06245827e-03 9.07345440e-04
7.87477857e-02 1.09745298e-03 9.10518515e-04
7.91557568e-02 -1.72850432e-03 8.47163338e-04
7.95637273e-02 2.90970198e-04 8.95499152e-04
7.99716969e-02 3.64137336e-04 8.79418467e-04
8.03796658e-02 4.71968524e-04 9.07021204e-04
8.07876340e-02 -4.15245317e-04 8.72859645e-04
8.11956014e-02 1.05509152e-03 8.87255364e-04
8.16035680e-02 -1.49967307e-06 8.46654542e-04
8.20115338e-02 -6.70105473e-04 8.02596528e-04
8.24194989e-02 2.51966977e-03 9.05823902e-04
8.28274631e-02 9.49689188e-04 8.63697467e-04
8.32354266e-02 2.96942525e-04 8.46259099e-04
8.36433893e-02 6.87570549e-04 8.34501526e-04
8.40513512e-02 8.41013911e-04 8.72647456e-04
8.44593123e-02 2.83692721e-03 8.53075128e-04
8.48672727e-02 4.17694401e-04 8.62236109e-04
8.52752322e-02 1.54184714e-04 8.62090343e-04
8.56831909e-02 2.07897265e-03 8.57591233e-04
8.60911487e-02 1.90891071e-03 8.83183945e-04
8.64991058e-02 4.33477801e-04 8.12345019e-04
8.69070620e-02 1.12211367e-03 8.54683327e-04
8.73150175e-02 -8.50239166e-05 8.15112049e-04
8.77229721e-02 1.47297838e-03 8.07755443e-04
8.81309258e-02 7.78008301e-04 8.23977383e-04
8.85388787e-02 -6.01045880e-04 8.55354786e-04
8.89468308e-02 6.76842163e-04 8.54326202e-04
8.93547821e-02 1.15421419e-03 8.61529443e-04
8.97627325e-02 5.59704456e-04 8.39046085e-04
9.01706820e-02 7.14438795e-04 8.33794448e-04
9.05786307e-02 -5.59837834e-05 8.39234172e-04
9.09865785e-02 9.10489764e-04 8.07106807e-04
9.13945255e-02 6.14099120e-04 8.21269486e-04
9.18024716e-02 1.37165336e-03 8.00433557e-04
9.22104168e-02 9.33068589e-04 8.33573368e-04
9.26183611e-02 1.92958876e-03 8.28859506e-04
9.30263046e-02 9.05966910e-04 8.22972470e-04
9.34342472e-02 1.85037259e-03 8.37655373e-04
9.38421889e-02 8.60104584e-04 8.39993715e-04
9.42501297e-02 -1.03362110e-04 8.33570115e-04
9.46580696e-02 9.04940636e-04 8.03315694e-04
9.50660087e-02 -3.54585486e-04 8.21288213e-04
9.54739468e-02 3.38168803e-04 7.90320536e-04
9.58818840e-02 2.24228524e-04 8.07496166e-04
9.62898203e-02 7.99838440e-04 8.09443437e-04
9.66977557e-02 -5.83580959e-04 7.77673784e-04
9.71056902e-02 1.95915481e-03 8.04017602e-04
9.75136237e-02 3.90966836e-04 7.82773551e-04
9.79215564e-02 1.26006033e-03 8.09473555e-04
9.83294881e-02 1.28007076e-03 7.75381891e-04
9.87374188e-02 -3.06857591e-04 7.82710391e-04
9.91453487e-02 3.93974781e-04 7.76107424e-04
9.95532775e-02 -5.01236600e-04 7.49386257e-04
9.99612055e-02 1.13018203e-03 7.79577871e-04
1.00369132e-01 1.76291082e-03 7.73084196e-04
1.00777059e-01 1.72077310e-03 7.60655356e-04
1.01184984e-01 -1.38564786e-05 7.66052863e-04
1.01592908e-01 3.00419203e-04 7.52408468e-04
1.02000831e-01 -1.94031696e-04 7.54884922e-04
1.02408753e-01 1.46779877e-04 7.53379703e-04
1.02816674e-01 2.68313099e-04 7.52872673e-04
1.03224595e-01 7.72316403e-04 7.28913881e-04
1.03632514e-01 -7.82901425e-04 7.57060684e-04
1.04040432e-01 -3.54117365e-04 7.52949454e-04
1.04448349e-01 1.02516077e-03 7.49161295e-04
1.04856266e-01 -4.52777468e-04 7.50158528e-04
1.05264181e-01 4.62978049e-04 7.42810646e-04
1.05672095e-01 -5.59072375e-04 7.25431548e-04
1.06080009e-01 4.44742287e-04 7.54765634e-04
1.06487921e-01 3.01866355e-04 7.36924191e-04
1.06895832e-01 2.19824884e-03 7.56997954e-04
1.07303743e-01 -1.36370337e-04 7.75385564e-04
1.07711652e-01 -8.43880264e-04 7.59255925e-04
1.08119560e-01 9.81359822e-04 7.52396285e-04
1.08527467e-01 8.99196802e-04 7.52891184e-04
1.08935374e-01 1.07425241e-03 7.67756455e-04
1.09343279e-01 1.18790310e-03 7.50679107e-04
1.09751183e-01 1.55860690e-04 7.21035402e-04
1.10159086e-01 1.56281348e-03 7.51005367e-04
1.10566988e-01 5.54052161e-04 7.23930893e-04
1.10974889e-01 8.71185599e-04 7.44483780e-04
1.11382789e-01 1.39663330e-03 7.44544351e-04
1.11790688e-01 3.93699999e-04 7.21502567e-04
1.12198586e-01 -3.59388439e-04 7.31579984e-04
1.12606482e-01 4.21704110e-05 7.25137453e-04
1.13014378e-01 4.15993398e-04 7.44112920e-04
1.13422273e-01 6.50956660e-04 7.30692978e-04
1.13830166e-01 -7.19429487e-04 7.26190303e-04
1.14238059e-01 2.13254287e-04 7.19020700e-04
1.14645950e-01 9.78452939e-04 7.47692755e-04
1.15053840e-01 -2.63010329e-04 7.27620996e-04
1.15461730e-01 9.57475344e-05 7.37496792e-04
1.15869618e-01 9.03256924e-04 7.68037511e-04
1.16277505e-01 1.04612919e-03 7.38835114e-04
1.16685391e-01 -2.77229126e-04 7.38034757e-04
1.17093275e-01 1.22473617e-05 7.34595219e-04
1.17501159e-01 1.26558445e-03 7.54798976e-04
1.17909042e-01 1.52981193e-03 7.30246715e-04
1.18316923e-01 8.85830386e-04 7.31092245e-04
1.18724803e-01 3.57814850e-04 7.30310312e-04
1.19132683e-01 6.50754602e-04 7.17699841e-04
1.19540561e-01 1.35952844e-03 7.19380894e-04
1.19948438e-01 9.72112879e-04 6.99373796e-04
1.20356313e-01 -1.32001685e-04 6.97033364e-04
1.20764188e-01 1.36376495e-03 6.94708829e-04
1.21172062e-01 1.77541259e-03 6.92615874e-04
1.21579934e-01 -6.04807838e-04 6.85872723e-04
1.21987805e-01 1.03422037e-03 7.03640353e-04
1.22395675e-01 6.54687125e-04 6.74742431e-04
1.22803544e-01 6.76864357e-04 6.82786550e-04
1.23211412e-01 3.37207556e-04 6.75160289e-04
1.23619278e-01 -8.54402610e-04 6.80235146e-04
1.24027144e-01 -1.12511100e-05 6.66981965e-04
1.24435008e-01 3.29252947e-04 6.76195994e-04
1.24842871e-01 7.82167875e-04 6.84327343e-04
1.25250733e-01 -1.80297510e-04 6.99059603e-04
1.25658594e-01 -1.81228377e-05 6.73081651e-04
1.26066453e-01 3.55920112e-04 6.95274786e-04
1.26474311e-01 1.33536578e-03 6.78447673e-04
1.26882168e-01 -6.56749116e-04 6.73421039e-04
1.27290024e-01 8.04429018e-05 6.66279014e-04
1.27697879e-01 8.14192676e-04 6.69353242e-04
1.28105732e-01 1.23360078e-04 6.60474867e-04
1.28513585e-01 6.53441399e-04 6.76779012e-04
1.28921436e-01 1.86578010e-03 6.79920355e-04
1.29329285e-01 3.53587550e-04 6.75549319e-04
1.29737134e-01 -1.34186103e-05 6.92758056e-04
1.30144981e-01 1.68917099e-04 6.64695874e-04
1.30552828e-01 -1.50257277e-04 6.78536194e-04
1.30960672e-01 1.19365058e-03 6.51874368e-04
1.31368516e-01 -2.13706386e-04 6.53051231e-04
1.31776358e-01 -1.74048282e-04 6.31819933e-04
1.32184200e-01 1.45484015e-04 6.40794544e-04
1.32592039e-01 -7.41550839e-04 6.44865881e-04
1.32999878e-01 -1.48544275e-04 6.61516618e-04
1.33407715e-01 1.70870948e-04 6.39372982e-04
1.33815552e-01 5.97050429e-04 6.33145535e-04
1.34223386e-01 -6.93395954e-04 6.29785853e-04
1.34631220e-01 -5.00421840e-04 6.40889339e-04
1.35039052e-01 -6.17214343e-04 6.51944859e-04
1.35446883e-01 -3.70342775e-04 6.33592805e-04
1.35854713e-01 5.58401119e-04 6.57607342e-04
1.36262541e-01 -2.51253056e-04 6.42136558e-04
1.36670368e-01 -1.07571445e-03 6.16852689e-04
1.37078194e-01 3.16439834e-05 6.42449474e-04
1.37486019e-01 -2.89791899e-04 6.32749924e-04
1.37893842e-01 1.01744219e-03 6.37435886e-04
1.38301664e-01 2.74851877e-04 6.17341280e-04
1.38709485e-01 -8.32733190e-04 6.40486302e-04
1.39117304e-01 -8.75951874e-04 6.23004540e-04
1.39525122e-01 1.42625947e-04 6.22376345e-04
1.39932939e-01 -5.21977471e-04 6.16932369e-04
1.40340754e-01 -5.82433100e-05 6.31338278e-04
1.40748568e-01 5.91658071e-04 6.22232186e-04
1.41156381e-01 -9.32486124e-05 6.09228164e-04
1.41564192e-01 6.24221529e-04 6.19152004e-04
1.41972002e-01 1.14432173e-03 6.26665394e-04
1.42379811e-01 7.50788353e-04 6.23004670e-04
1.42787618e-01 2.93491821e-04 6.14691793e-04
1.43195424e-01 -1.05763599e-03 6.26946195e-04
1.43603228e-01 -1.59341995e-04 6.31949902e-04
1.44011032e-01 8.57128857e-04 6.25257679e-04
1.44418833e-01 -1.47334882e-04 6.26160133e-04
1.44826634e-01 7.25029765e-04 6.26051216e-04
1.45234433e-01 3.01706492e-04 6.25840219e-04
1.45642231e-01 7.61665112e-04 6.34415279e-04
1.46050027e-01 7.03442998e-05 6.26989917e-04
1.46457822e-01 6.31638279e-04 6.50730605e-04
1.46865616e-01 1.51809051e-03 6.34966970e-04
1.47273408e-01 9.95237394e-04 6.55661588e-04
1.47681199e-01 5.45250566e-04 6.36803204e-04
1.48088988e-01 6.68627148e-04 6.37234552e-04
1.48496776e-01 -2.74490106e-04 6.25791983e-04
1.48904563e-01 -5.77212529e-04 6.09009363e-04
1.49312348e-01 4.31271403e-04 6.03878338e-04
1.49720132e-01 -4.21093769e-04 6.17897605e-04
1.50127914e-01 2.83582407e-04 5.95774105e-04
1.50535695e-01 1.60922343e-04 5.93848872e-04
1.50943474e-01 -8.80089731e-04 6.17015222e-04
1.51351252e-01 1.05531703e-04 6.06535185e-04
1.51759029e-01 -7.70850362e-04 6.06801784e-04
1.52166804e-01 6.21841073e-04 6.04926013e-04
1.52574578e-01 -4.63632347e-04 6.02600171e-04
1.52982350e-01 3.74598256e-04 6.06144258e-04
1.53390121e-01 9.55000586e-04 6.14951126e-04
1.53797890e-01 -5.46723993e-04 5.93631191e-04
1.54205658e-01 -1.79955506e-04 5.91044052e-04
1.54613425e-01 -7.41451716e-04 5.85229927e-04
1.55021190e-01 6.24193706e-04 6.04571765e-04
1.55428953e-01 5.82681286e-04 6.17137320e-04
1.55836716e-01 5.16731432e-04 6.02434043e-04
1.56244476e-01 7.58471611e-04 5.96309269e-04
1.56652235e-01 -5.58497863e-04 5.83984245e-04
1.57059993e-01 1.99382448e-04 5.91392346e-04
1.57467749e-01 1.08612971e-04 5.83170372e-04
1.57875504e-01 -2.85303819e-04 5.77782365e-04
1.58283257e-01 1.04686010e-03 5.95049787e-04
1.58691008e-01 1.41621202e-03 5.87236529e-04
1.59098758e-01 5.12268321e-05 5.71868768e-04
1.59506507e-01 9.85162788e-05 5.85153958e-04
1.59914254e-01 7.05363679e-05 5.77080879e-04
1.60322000e-01 -2.21050217e-04 5.77132993e-04
1.60729744e-01 5.82401291e-04 5.90391365e-04
1.61137486e-01 -3.05665291e-04 5.77936725e-04
1.61545228e-01 2.45137668e-04 5.71096654e-04
1.61952967e-01 -6.10980265e-05 5.64530136e-04
1.62360705e-01 -5.15101159e-04 5.74634925e-04
1.62768441e-01 -2.80520745e-04 5.71081938e-04
1.63176176e-01 3.11865764e-04 5.68949628e-04
1.63583910e-01 4.40278014e-04 5.64485766e-04
1.63991641e-01 6.96461984e-05 5.60030323e-04
1.64399372e-01 1.76079512e-04 5.68485046e-04
1.64807100e-01 -7.75901278e-04 5.67376052e-04
1.65214827e-01 -7.63424844e-05 5.72772345e-04
1.65622553e-01 1.12597329e-05 5.86358713e-04
1.66030277e-01 -1.32584378e-03 5.60456974e-04
1.66437999e-01 6.19823486e-04 5.70358196e-04
1.66845720e-01 -5.00697715e-05 5.62989319e-04
1.67253439e-01 4.14627389e-04 5.52521666e-04
1.67661157e-01 4.98854630e-04 5.55837769e-04
1.68068873e-01 1.06972557e-04 5.65281124e-04
1.68476588e-01 7.12450079e-04 5.54111384e-04
1.68884301e-01 2.77532278e-05 5.54363582e-04
1.69292012e-01 -2.54739717e-04 5.49676866e-04
1.69699721e-01 5.01469705e-04 5.44448150e-04
1.70107430e-01 -1.11826907e-03 5.45974218e-04
1.70515136e-01 8.03121350e-04 5.42802589e-04
1.70922841e-01 -1.56043620e-06 5.50326245e-04
1.71330544e-01 -1.72687056e-04 5.40647643e-04
1.71738246e-01 -5.58871999e-04 5.39830147e-04
1.72145946e-01 2.58399200e-04 5.47547274e-04
1.72553644e-01 -7.05842435e-04 5.44556210e-04
1.72961341e-01 6.25184426e-04 5.45439856e-04
1.73369036e-01 9.59642377e-04 5.49900420e-04
1.73776729e-01 6.16465411e-04 5.30978907e-04
1.74184421e-01 1.18879156e-04 5.43961089e-04
1.74592111e-01 8.45233535e-05 5.47147097e-04
1.74999799e-01 1.29305803e-04 5.47396327e-04
1.75407486e-01 1.34611540e-04 5.45248130e-04
1.75815171e-01 1.15995029e-03 5.51746212e-04
1.76222855e-01 -7.67680504e-04 5.30240177e-04
1.76630537e-01 2.64328862e-04 5.37535852e-04
1.77038217e-01 8.56136194e-05 5.40145636e-04
1.77445895e-01 6.50580962e-04 5.35445006e-04
1.77853572e-01 1.45705094e-03 5.41839988e-04
1.78261247e-01 2.33768897e-04 5.46300372e-04
1.78668921e-01 -2.25085385e-05 5.32651502e-04
1.79076592e-01 6.70305391e-04 5.40936672e-04
1.79484262e-01 1.33544179e-03 5.31008213e-04
1.79891931e-01 6.85322523e-04 5.34710012e-04
1.80299597e-01 -7.89672837e-04 5.15025245e-04
1.80707262e-01 -4.57775130e-05 5.29369522e-04
1.81114925e-01 1.38319299e-04 5.26269146e-04
1.81522587e-01 6.97265493e-04 5.20407790e-04
1.81930247e-01 -5.23219820e-04 5.06879791e-04
1.82337905e-01 -2.78664251e-04 5.19066787e-04
1.82745561e-01 -2.60928067e-04 5.28019303e-04
1.83153215e-01 -6.82111184e-05 5.09542900e-04
1.83560868e-01 -1.39329023e-05 5.17484838e-04
1.83968519e-01 1.65386427e-04 5.14232815e-04
1.84376169e-01 4.05484813e-04 5.21629793e-04
1.84783816e-01 4.57463939e-07 5.20867837e-04
1.85191462e-01 6.91612540e-04 5.12366352e-04
1.85599106e-01 4.08065881e-04 5.20346656e-04
1.86006749e-01 -4.43872945e-04 5.07741541e-04
1.86414389e-01 -5.25769895e-04 5.16211573e-04
1.86822028e-01 2.29638736e-04 5.18027131e-04
1.87229665e-01 4.38388320e-04 5.12961878e-04
1.87637300e-01 1.06708931e-03 5.24375061e-04
1.88044934e-01 6.23910268e-04 5.16828500e-04
1.88452566e-01 2.42221789e-05 5.16492771e-04
1.88860195e-01 3.90983983e-04 4.98529755e-04
1.89267824e-01 1.82820731e-04 4.96216773e-04
1.89675450e-01 1.49652708e-05 5.03395282e-04
1.90083074e-01 -4.04994416e-04 5.00233160e-04
1.90490697e-01 -2.57407907e-04 5.05342424e-04
1.90898318e-01 1.48158269e-04 4.99652110e-04
1.91305937e-01 1.42611954e-04 5.01498789e-04
1.91713555e-01 6.00941169e-04 5.10571781e-04
1.92121170e-01 2.95620688e-04 5.08745408e-04
1.92528784e-01 6.84126212e-04 5.18032595e-04
1.92936396e-01 5.38425935e-04 5.11469256e-04
1.93344006e-01 3.78898570e-04 5.03979261e-04
1.93751614e-01 4.11450148e-04 5.12871768e-04
1.94159220e-01 7.15366537e-04 4.95070855e-04
1.94566825e-01 2.34262954e-04 5.09263744e-04
1.94974427e-01 4.27409755e-05 4.93502961e-04
1.95382028e-01 5.75743835e-04 5.04277344e-04
1.95789627e-01 -5.79588591e-04 4.94371272e-04
1.96197224e-01 4.94979885e-04 4.93560424e-04
1.96604820e-01 -5.18374177e-04 4.99314430e-04
1.97012413e-01 4.38611680e-04 4.87862483e-04
1.97420005e-01 -6.18783298e-05 5.08843929e-04
1.97827594e-01 1.09151781e-03 5.05904739e-04
1.98235182e-01 5.16855731e-04 5.03426771e-04
1.98642768e-01 6.34741716e-04 5.22964830e-04
1.99050352e-01 9.93879294e-05 5.04267194e-04
1.99457934e-01 -1.98421867e-04 5.15367752e-04
1.99865514e-01 2.15245366e-04 5.08466101e-04
2.00273093e-01 7.59590166e-04 5.05801931e-04
2.00680669e-01 6.29434059e-04 5.18850489e-04
2.01088244e-01 -6.69421108e-04 5.02700870e-04
2.01495816e-01 1.97362582e-04 5.02186687e-04
2.01903387e-01 3.61546364e-05 5.03690261e-04
2.02310956e-01 -2.33531941e-04 5.03603526e-04
2.02718523e-01 -2.90270558e-04 5.04954899e-04
2.03126088e-01 -2.84017642e-05 5.12763063e-04
2.03533651e-01 -8.64021365e-04 4.93785852e-04
2.03941212e-01 -3.40505859e-04 5.10497344e-04
2.04348771e-01 5.56689986e-04 4.99516029e-04
2.04756329e-01 5.60816384e-05 5.05135159e-04
2.05163884e-01 -3.42575700e-04 4.90192607e-04
2.05571438e-01 -5.60777739e-05 4.92524329e-04
2.05978989e-01 2.54891645e-04 5.08406954e-04
2.06386539e-01 2.50082853e-07 4.93761190e-04
2.06794086e-01 -8.94761505e-04 4.96584156e-04
2.07201632e-01 3.96239505e-04 5.03088788e-04
2.07609175e-01 3.86821898e-04 4.78826111e-04
2.08016717e-01 -8.06939793e-05 4.87539442e-04
2.08424257e-01 -1.85244859e-04 4.82375866e-04
2.08831794e-01 -5.46696710e-04 4.85655828e-04
2.09239330e-01 -1.05656282e-04 4.80512347e-04
2.09646864e-01 -1.05022718e-05 4.85246099e-04
2.10054396e-01 9.95022898e-04 4.90458809e-04
2.10461925e-01 5.15259103e-04 4.86811538e-04
2.10869453e-01 5.25614740e-04 4.83453232e-04
2.11276979e-01 -7.17310739e-05 4.77065293e-04
2.11684503e-01 -7.71647434e-04 4.68071456e-04
2.12092025e-01 -2.46971399e-04 4.80670371e-04
2.12499544e-01 -2.87205951e-04 4.82197231e-04
2.12907062e-01 1.66039464e-04 4.82957204e-04
2.13314578e-01 9.62535464e-04 4.81983664e-04
2.13722092e-01 -3.69157678e-04 4.78107345e-04
2.14129603e-01 6.19681409e-05 4.76703174e-04
2.14537113e-01 -2.46899885e-04 4.75682284e-04
2.14944621e-01 1.10299838e-03 4.86743644e-04
2.15352126e-01 -2.36462865e-05 4.85447177e-04
2.15759630e-01 1.01691105e-03 4.80547039e-04
2.16167131e-01 5.60574210e-04 4.81377388e-04
2.16574631e-01 -2.42577730e-04 4.73253583e-04
2.16982128e-01 1.78243793e-04 4.70509513e-04
2.17389624e-01 -1.55304621e-04 4.81172816e-04
2.17797117e-01 9.58293346e-04 4.72522671e-04
2.18204608e-01 7.99743249e-04 4.81895482e-04
2.18612098e-01 6.90990994e-04 4.71588916e-04
2.19019585e-01 -1.86066390e-04 4.61527859e-04
2.19427070e-01 -9.91959578e-05 4.58369598e-04
2.19834553e-01 -2.21314686e-04 4.57456839e-04
2.20242034e-01 2.03713162e-04 4.65047723e-04
2.20649512e-01 1.24969608e-03 4.54936024e-04
2.21056989e-01 7.66285868e-04 4.66745349e-04
2.21464464e-01 -6.46386331e-04 4.57271766e-04
2.21871936e-01 1.22385588e-04 4.55976787e-04
2.22279407e-01 4.28249847e-04 4.60034726e-04
2.22686875e-01 -8.41782789e-06 4.59760588e-04
2.23094341e-01 8.13984048e-04 4.61742749e-04
2.23501805e-01 6.98334993e-04 4.58946923e-04
2.23909267e-01 4.25446928e-04 4.57410971e-04
2.24316727e-01 1.89960664e-04 4.65554796e-04
2.24724185e-01 -1.65547609e-04 4.65760402e-04
2.25131641e-01 -6.52138152e-05 4.57403094e-04
2.25539094e-01 -2.97719801e-04 4.55795375e-04
2.25946545e-01 4.39815232e-04 4.62820538e-04
2.26353995e-01 -2.82831776e-04 4.49615239e-04
2.26761442e-01 1.25663265e-03 4.54426721e-04
2.27168887e-01 3.35038397e-04 4.55200095e-04
2.27576329e-01 2.62146784e-04 4.52281237e-04
2.27983770e-01 3.39475624e-04 4.56219874e-04
2.28391208e-01 -7.57189316e-04 4.52815563e-04
2.28798645e-01 2.19616047e-04 4.53439074e-04
2.29206079e-01 3.84261931e-05 4.67791064e-04
2.29613511e-01 6.52259778e-04 4.62177149e-04
2.30020941e-01 3.66281713e-04 4.64034751e-04
2.30428368e-01 6.24797981e-05 4.55424504e-04
2.30835794e-01 4.94722420e-04 4.68127927e-04
2.31243217e-01 4.66067374e-04 4.75925518e-04
2.31650638e-01 4.97935090e-04 4.64438647e-04
2.32058057e-01 1.17523082e-03 4.61053754e-04
2.32465473e-01 8.33374604e-04 4.63863155e-04
2.32872888e-01 2.27433386e-04 4.72774933e-04
2.33280300e-01 -1.93264993e-04 4.56642086e-04
2.33687710e-01 -1.11088222e-04 4.64516074e-04
2.34095118e-01 -1.89726939e-04 4.63657697e-04
2.34502524e-01 1.24304320e-05 4.63408085e-04
2.34909927e-01 9.53452487e-04 4.64598713e-04
2.35317328e-01 5.94540624e-04 4.55948007e-04
2.35724727e-01 2.01117700e-04 4.54417020e-04
2.36132124e-01 3.16787241e-04 4.60003204e-04
2.36539518e-01 1.35817697e-04 4.50010025e-04
2.36946911e-01 3.66808271e-05 4.55897273e-04
2.37354301e-01 -4.75406703e-04 4.55733485e-04
2.37761688e-01 1.26264113e-04 4.60389955e-04
2.38169074e-01 1.95135080e-04 4.52815291e-04
2.38576457e-01 5.89002786e-04 4.50001215e-04
2.38983838e-01 4.11877321e-04 4.47857242e-04
2.39391217e-01 4.89896614e-04 4.37893161e-04
2.39798593e-01 7.80877419e-04 4.59903042e-04
2.40205967e-01 2.45798606e-04 4.41806803e-04
2.40613339e-01 4.83694308e-04 4.52692761e-04
2.41020709e-01 3.55972382e-04 4.42764328e-04
2.41428076e-01 2.47789284e-04 4.38619805e-04
2.41835441e-01 4.04592371e-04 4.43866166e-04
2.42242804e-01 -7.89138698e-04 4.41940424e-04
2.42650165e-01 7.82354118e-04 4.52465180e-04
2.43057523e-01 5.83968743e-04 4.43495824e-04
2.43464879e-01 6.52084418e-04 4.47478999e-04
2.43872232e-01 9.12589762e-04 4.45175237e-04
2.44279584e-01 1.52567688e-03 4.40263888e-04
2.44686933e-01 1.96403074e-04 4.39347324e-04
2.45094279e-01 -1.50315913e-04 4.32479085e-04
2.45501624e-01 2.45009556e-04 4.31326163e-04
2.45908966e-01 2.64915508e-04 4.40876347e-04
2.46316305e-01 -1.75088211e-04 4.34779878e-04
2.46723643e-01 9.85949242e-05 4.38650444e-04
2.47130978e-01 6.08626637e-04 4.30218085e-04
2.47538310e-01 1.02399536e-03 4.28656038e-04
2.47945641e-01 -1.66523298e-04 4.36679164e-04
2.48352969e-01 -4.84529855e-04 4.26091483e-04
2.48760294e-01 7.83629238e-04 4.25094425e-04
2.49167618e-01 -1.32849836e-04 4.20301518e-04
2.49574939e-01 5.10876179e-04 4.33816609e-04
2.49982257e-01 -5.32317136e-04 4.23110264e-04
2.50389573e-01 -6.16725416e-04 4.28120546e-04
2.50796887e-01 5.28316534e-04 4.28783486e-04
2.51204199e-01 8.99202052e-05 4.29224573e-04
2.51611508e-01 3.04713436e-04 4.29366916e-04
2.52018815e-01 5.99844725e-05 4.25040406e-04
2.52426119e-01 3.29759668e-05 4.33368801e-04
2.52833421e-01 -1.18681805e-04 4.25555158e-04
2.53240720e-01 -1.29467882e-03 4.21609854e-04
2.53648017e-01 -5.20968143e-04 4.25174571e-04
2.54055312e-01 -3.33545643e-04 4.28061593e-04
2.54462605e-01 -3.72998660e-04 4.24836947e-04
2.54869894e-01 -3.19314364e-04 4.27371029e-04
2.55277182e-01 1.50866622e-04 4.18368011e-04
2.55684467e-01 9.16253483e-04 4.26767438e-04
2.56091750e-01 -1.79289637e-04 4.17914060e-04
2.56499030e-01 7.86482869e-04 4.24846445e-04
2.56906308e-01 4.95694135e-04 4.21703546e-04
2.57313583e-01 -3.84965928e-04 4.15208033e-04
2.57720856e-01 -6.63473376e-05 4.10875811e-04
2.58128127e-01 8.72492755e-04 4.15399337e-04
2.58535395e-01 -1.91544897e-04 4.12131667e-04
2.58942661e-01 1.57000449e-04 4.16290838e-04
2.59349924e-01 -2.99229738e-04 4.14121376e-04
2.59757184e-01 7.73964674e-04 4.21003699e-04
2.60164443e-01 -7.23705597e-05 4.21969755e-04
2.60571699e-01 5.66366047e-04 4.24968993e-04
2.60978952e-01 4.38924379e-04 4.19817363e-04
2.61386203e-01 -1.49143912e-04 4.17798263e-04
2.61793451e-01 7.44011475e-04 4.22738399e-04
2.62200697e-01 -6.34122794e-04 4.12484846e-04
2.62607941e-01 5.56871924e-04 4.19571220e-04
2.63015182e-01 -1.95444074e-05 4.00282208e-04
2.63422420e-01 3.44241432e-04 4.10813945e-04
2.63829656e-01 3.68698868e-05 4.15374124e-04
2.64236890e-01 5.28332754e-05 4.13615145e-04
2.64644121e-01 5.72987888e-04 4.11617236e-04
2.65051349e-01 8.97350994e-05 4.10819058e-04
2.65458575e-01 3.05712549e-04 4.11948953e-04
2.65865799e-01 3.17443299e-04 4.12518761e-04
2.66273019e-01 2.34730303e-04 4.10207556e-04
2.66680238e-01 1.03581887e-04 4.11541105e-04
2.67087454e-01 -2.93778569e-04 4.10523213e-04
2.67494667e-01 -2.25786620e-04 4.04394381e-04
2.67901878e-01 1.09901739e-04 4.07323339e-04
2.68309086e-01 5.89122444e-04 4.12261018e-04
2.68716292e-01 -1.25528916e-04 4.08327671e-04
2.69123495e-01 9.34279478e-05 4.04177874e-04
2.69530696e-01 5.83759751e-04 4.11142940e-04
2.69937894e-01 -1.14156491e-04 4.00166801e-04
2.70345090e-01 -3.28565788e-04 4.05706603e-04
2.70752283e-01 4.06058987e-05 4.03583209e-04
2.71159473e-01 3.90980646e-04 4.07536996e-04
2.71566661e-01 8.30365701e-04 4.09809570e-04
2.71973847e-01 3.32236200e-04 4.03705895e-04
2.72381030e-01 8.76340934e-06 3.95715377e-04
2.72788210e-01 2.43470947e-04 4.04453959e-04
2.73195387e-01 -6.06969361e-05 4.06533128e-04
2.73602562e-01 2.69876797e-04 4.06747141e-04
2.74009735e-01 4.04783447e-04 4.01080549e-04
2.74416905e-01 -5.30779712e-04 3.95478521e-04
2.74824072e-01 5.19895751e-04 4.03452473e-04
2.75231237e-01 8.12103198e-04 4.03279543e-04
2.75638399e-01 6.27786960e-04 4.09165280e-04
2.76045558e-01 -2.17717606e-05 3.96340296e-04
2.76452715e-01 -1.06075522e-04 3.98493207e-04
2.76859869e-01 5.62012546e-04 3.99812953e-04
2.77267021e-01 -7.59192461e-04 3.90047340e-04
2.77674170e-01 -3.99163802e-04 3.91941557e-04
2.78081316e-01 2.77337693e-04 3.98544632e-04
2.78488460e-01 3.44273056e-04 3.96727590e-04
2.78895601e-01 2.30242789e-04 3.93045514e-04
2.79302740e-01 2.08024237e-04 3.97513698e-04
2.79709875e-01 2.28531768e-04 3.99752806e-04
2.80117009e-01 2.63736641e-04 3.85385355e-04
2.80524139e-01 -2.36308479e-04 3.91144034e-04
2.80931267e-01 6.67863694e-04 3.91550897e-04
2.81338392e-01 -1.85856100e-04 3.89864263e-04
2.81745515e-01 1.62011980e-04 3.96284950e-04
2.82152635e-01 -7.50736070e-06 3.96106719e-04
2.82559752e-01 1.87537251e-04 3.99706353e-04
2.82966866e-01 3.59529725e-05 3.90751589e-04
2.83373978e-01 2.29736937e-04 3.91186073e-04
2.83781088e-01 7.34690236e-05 3.91459363e-04
2.84188194e-01 -4.45623512e-04 3.90917769e-04
2.84595298e-01 5.26955236e-04 3.97735473e-04
2.85002399e-01 -2.15197535e-04 3.90976386e-04
2.85409497e-01 8.21083858e-05 3.88462316e-04
2.85816593e-01 9.32457443e-04 4.03495471e-04
2.86223686e-01 6.81077704e-04 4.02479243e-04
2.86630777e-01 3.69332534e-04 3.99369997e-04
2.87037864e-01 4.23776696e-04 3.92580206e-04
2.87444949e-01 -2.28055375e-04 4.01049399e-04
2.87852031e-01 -2.24761233e-04 3.98655807e-04
2.88259111e-01 -7.24930302e-04 3.98287114e-04
2.88666188e-01 -3.00625451e-04 4.00176394e-04
2.89073262e-01 9.67575937e-04 3.96549561e-04
2.89480333e-01 -4.60839397e-04 4.03818814e-04
2.89887401e-01 5.98188388e-04 4.02169562e-04
2.90294467e-01 8.46971602e-04 4.02136979e-04
2.90701530e-01 -4.60358312e-04 4.05659917e-04
2.91108591e-01 2.92446272e-04 3.98537016e-04
2.91515648e-01 4.95473917e-04 3.95580637e-04
2.91922703e-01 -1.52947348e-04 3.93839512e-04
2.92329755e-01 6.47383695e-06 3.90048156e-04
2.92736804e-01 5.76739532e-04 3.96814616e-04
2.93143851e-01 6.77787925e-04 3.96388468e-04
2.93550895e-01 5.10941693e-04 3.85140227e-04
2.93957936e-01 -5.33059378e-04 3.95248203e-04
2.94364974e-01 -2.79911230e-04 3.91994494e-04
2.94772009e-01 2.43559135e-04 3.92294111e-04
2.95179042e-01 6.40514897e-04 3.99466003e-04
2.95586072e-01 -1.24019753e-04 3.96055647e-04
2.95993099e-01 2.33626461e-04 3.96167618e-04
2.96400123e-01 4.87714100e-04 3.91347071e-04
2.96807145e-01 9.40896296e-04 3.92397528e-04
2.97214163e-01 6.98763869e-04 3.94835978e-04
2.97621179e-01 1.02725216e-04 3.93997702e-04
2.98028192e-01 1.71522850e-04 3.90030674e-04
2.98435202e-01 2.14574130e-05 3.89328208e-04
2.98842210e-01 7.37751849e-04 3.94447612e-04
2.99249214e-01 -2.94952200e-04 3.91443779e-04
2.99656216e-01 6.29040557e-05 3.94791018e-04
3.00063215e-01 -4.02189291e-04 3.87558212e-04
3.00470211e-01 3.40660266e-04 3.94059139e-04
3.00877204e-01 1.21936607e-04 3.95108371e-04
3.01284194e-01 2.24700839e-04 3.93614627e-04
3.01691182e-01 5.95785094e-05 4.00276271e-04
3.02098167e-01 -6.05240338e-04 3.92666379e-04
3.02505149e-01 -7.37768337e-05 3.86536287e-04
3.02912128e-01 6.28712684e-04 3.97574191e-04
3.03319104e-01 -2.66441455e-04 3.90444386e-04
3.03726077e-01 1.22384131e-04 3.97781523e-04
3.04133047e-01 1.70962504e-04 3.91260468e-04
3.04540015e-01 -2.71447018e-04 3.94012194e-04
3.04946979e-01 1.97794300e-04 3.87324567e-04
3.05353941e-01 -3.53904148e-04 3.93345139e-04
3.05760900e-01 7.22595430e-05 3.84734287e-04
3.06167856e-01 6.14222687e-06 3.97010427e-04
3.06574809e-01 -2.17145633e-04 3.93092059e-04
3.06981759e-01 3.16260790e-06 3.89192848e-04
3.07388706e-01 1.74484266e-05 3.85896606e-04
3.07795651e-01 -6.03980440e-05 3.88736365e-04
3.08202592e-01 1.25438592e-04 3.96288650e-04
3.08609531e-01 3.50907499e-06 3.92887209e-04
3.09016466e-01 4.17094345e-04 4.00568229e-04
3.09423399e-01 -4.49196067e-05 3.99061873e-04
3.09830329e-01 6.22126161e-04 3.98770041e-04
3.10237256e-01 2.33666712e-04 3.93748183e-04
3.10644180e-01 -8.65373597e-05 3.99205918e-04
3.11051101e-01 -3.05818897e-04 3.96339790e-04
3.11458019e-01 1.58299563e-04 3.97624121e-04
3.11864934e-01 1.80352375e-04 4.00301897e-04
3.12271846e-01 1.52723522e-05 4.02733333e-04
3.12678755e-01 1.17568255e-04 4.04574834e-04
3.13085661e-01 1.14338560e-03 4.03731678e-04
3.13492565e-01 -2.98364226e-04 4.00454604e-04
3.13899465e-01 7.55101202e-04 3.99559157e-04
3.14306362e-01 3.76305518e-04 4.03025404e-04
3.14713257e-01 4.53207523e-04 4.08886830e-04
3.15120148e-01 2.23848535e-04 4.02696894e-04
3.15527037e-01 -9.01021086e-05 4.04969737e-04
3.15933922e-01 -2.68697276e-04 4.02252783e-04
3.16340805e-01 -8.06167356e-04 4.44567543e-04
3.16747684e-01 9.23398288e-05 4.72323438e-04
3.17154561e-01 9.94223345e-04 5.11512957e-04
3.17561434e-01 -2.39622648e-04 5.53816892e-04
3.17968305e-01 -2.96742244e-05 5.68514409e-04
3.18375172e-01 -4.41542153e-04 6.12288065e-04
3.18782037e-01 7.14683288e-04 6.15917501e-04
3.19188898e-01 -6.98537421e-04 6.41289794e-04
3.19595757e-01 3.89037883e-04 6.83653358e-04
3.20002612e-01 3.72424946e-04 7.12590270e-04
3.20409465e-01 1.85736880e-03 7.97787835e-04
3.20816314e-01 1.81247323e-03 8.77062832e-04
3.21223160e-01 1.64077482e-03 9.47486667e-04
3.21630004e-01 8.42078553e-04 1.04465697e-03
3.22036844e-01 6.85944868e-04 1.23505026e-03
3.22443681e-01 -1.50956130e-04 1.74526601e-03
3.22850516e-01 6.88051421e-03 8.14189048e-03
