4.08043586e-03 -9.93046242e-02 2.81197366e-02
4.48847930e-03 -7.36455834e-02 2.70775243e-02
4.89652269e-03 -7.00846494e-02 2.01195404e-02
5.30456604e-03 -3.07909539e-02 1.45471197e-02
5.71260934e-03 -2.57101113e-02 1.08742813e-02
6.12065258e-03 -2.07729776e-02 8.92895311e-03
6.52869577e-03 -2.20021604e-02 7.12181556e-03
6.93673889e-03 -8.16135261e-03 6.13328046e-03
7.34478195e-03 -9.89491074e-03 5.15132266e-03
7.75282494e-03 -1.36042522e-02 5.22251732e-03
8.16086785e-03 -1.16909080e-02 4.40909835e-03
8.56891069e-03 -1.07990255e-02 4.07125150e-03
8.97695345e-03 -4.77126825e-03 3.83889364e-03
9.38499612e-03 -9.11072507e-03 3.54132675e-03
9.79303870e-03 -3.62617111e-03 3.70053797e-03
1.02010812e-02 -2.48402352e-03 3.12015884e-03
1.06091236e-02 -4.21547546e-03 3.18145186e-03
1.10171659e-02 8.33526684e-05 3.12495417e-03
1.14252081e-02 -9.10550772e-04 3.37849564e-03
1.18332501e-02 8.47867272e-04 2.96106362e-03
1.22412921e-02 -5.15943242e-03 2.69391411e-03
1.26493339e-02 -6.08636605e-04 2.54171199e-03
1.30573757e-02 -1.71443891e-03 2.47621863e-03
1.34654173e-02 1.98389021e-03 2.50410310e-03
1.38734588e-02 1.31973865e-03 2.44063768e-03
1.42815001e-02 2.45637641e-03 2.34641825e-03
1.46895413e-02 -2.58181223e-04 2.15919008e-03
1.50975824e-02 3.66904199e-03 2.13479889e-03
1.55056233e-02 2.33199539e-03 2.33177429e-03
1.59136641e-02 -1.38867897e-03 2.12694328e-03
1.63217047e-02 1.38508938e-03 2.25080487e-03
1.67297452e-02 4.87515401e-04 1.98754899e-03
1.71377855e-02 3.03253370e-03 1.96581310e-03
1.75458257e-02 4.31577216e-04 1.93650765e-03
1.79538657e-02 3.05628897e-03 2.00276965e-03
1.83619055e-02 3.12314441e-03 1.96413542e-03
1.87699451e-02 8.46212871e-04 1.84806314e-03
1.91779846e-02 -7.77208881e-04 1.98641079e-03
1.95860239e-02 2.34310874e-03 1.85834216e-03
1.99940630e-02 -1.52527082e-04 1.87267717e-03
2.04021019e-02 4.37769848e-04 1.74840447e-03
2.08101406e-02 -2.22056980e-03 1.85939957e-03
2.12181791e-02 5.83949439e-05 1.80499534e-03
2.16262174e-02 -3.14666253e-03 1.68178792e-03
2.20342555e-02 8.80546328e-04 1.67008002e-03
2.24422934e-02 1.01850051e-04 1.73116503e-03
2.28503311e-02 2.91206985e-04 1.73999572e-03
2.32583686e-02 -1.00630178e-03 1.65988093e-03
2.36664058e-02 6.10088010e-04 1.76596512e-03
2.40744429e-02 1.70932202e-03 1.68460854e-03
2.44824797e-02 3.34671541e-04 1.55020692e-03
2.48905162e-02 5.26291880e-04 1.66410319e-03
2.52985525e-02 -3.78436416e-04 1.71441595e-03
2.57065886e-02 1.57237106e-03 1.69299588e-03
2.61146245e-02 3.34394508e-03 1.69251536e-03
2.65226601e-02 1.68722237e-03 1.64730959e-03
2.69306954e-02 -7.22403725e-04 1.59878488e-03
2.73387305e-02 -1.68110703e-03 1.63620013e-03
2.77467653e-02 -2.04053477e-03 1.63145412e-03
2.81547999e-02 -8.41655788e-04 1.65492486e-03
2.85628342e-02 -1.59855372e-03 1.50043449e-03
2.89708682e-02 -2.95328068e-03 1.64670553e-03
2.93789020e-02 -1.52882317e-03 1.57327045e-03
2.97869355e-02 -1.99437449e-03 1.60417473e-03
3.01949687e-02 -1.76046641e-03 1.67695193e-03
3.06030016e-02 7.63808687e-04 1.63895974e-03
3.10110342e-02 7.34857358e-04 1.63326568e-03
3.14190665e-02 7.84283672e-04 1.59486830e-03
3.18270985e-02 1.16782891e-04 1.59088119e-03
3.22351302e-02 3.15732949e-04 1.51647939e-03
3.26431617e-02 5.92051996e-04 1.44276856e-03
3.30511928e-02 2.44903254e-03 1.55773755e-03
3.34592236e-02 1.25657985e-04 1.44571355e-03
3.38672540e-02 1.49668803e-03 1.45921766e-03
3.42752842e-02 1.12550096e-03 1.41501535e-03
3.46833140e-02 -6.23703173e-04 1.39226135e-03
3.50913435e-02 -2.58647551e-04 1.35178559e-03
3.54993727e-02 1.56274200e-03 1.38560872e-03
3.59074015e-02 -6.37088868e-04 1.35687584e-03
3.63154300e-02 -7.99070821e-04 1.39312184e-03
3.67234581e-02 -7.20243231e-04 1.33614166e-03
3.71314859e-02 -2.19537821e-03 1.34751181e-03
3.75395134e-02 -3.93756402e-04 1.32248819e-03
3.79475405e-02 -1.84572648e-03 1.37552381e-03
3.83555672e-02 4.36817140e-04 1.35201306e-03
3.87635935e-02 -2.94661372e-04 1.33173370e-03
3.91716195e-02 -1.03060054e-03 1.34974331e-03
3.95796452e-02 -1.50056777e-04 1.34416471e-03
3.99876704e-02 -1.07681435e-03 1.29863504e-03
4.03956953e-02 1.64245167e-03 1.36225533e-03
4.08037198e-02 1.37024322e-03 1.27151802e-03
4.12117439e-02 6.13601750e-05 1.31490093e-03
4.16197676e-02 2.09595424e-03 1.34093255e-03
4.20277909e-02 -7.76954701e-04 1.26950085e-03
4.24358138e-02 -7.85215158e-04 1.22265247e-03
4.28438363e-02 5.61014424e-04 1.24201982e-03
4.32518584e-02 -7.45537612e-04 1.20618836e-03
4.36598801e-02 7.25436000e-04 1.21308663e-03
4.40679014e-02 2.69445592e-03 1.21122365e-03
4.44759222e-02 5.32471042e-04 1.24632021e-03
4.48839427e-02 -9.67730378e-04 1.23028727e-03
4.52919627e-02 3.24680818e-04 1.25402270e-03
4.56999823e-02 -1.66086960e-04 1.23687345e-03
4.61080014e-02 1.93022916e-03 1.25183244e-03
4.65160201e-02 9.35448424e-04 1.17566271e-03
4.69240384e-02 -1.50013597e-03 1.18741123e-03
4.73320562e-02 -9.41779146e-05 1.18316019e-03
4.77400736e-02 -9.73632107e-04 1.21668746e-03
4.81480905e-02 -1.52982619e-04 1.16420942e-03
4.85561070e-02 4.38432769e-04 1.15408941e-03
4.89641230e-02 2.11617694e-03 1.17888859e-03
4.93721385e-02 -1.48757634e-03 1.19671819e-03
4.97801536e-02 -8.41073821e-04 1.20834272e-03
5.01881682e-02 3.12102302e-04 1.14533863e-03
5.05961823e-02 -1.72336238e-03 1.09869920e-03
5.10041960e-02 -4.09690031e-04 1.08342249e-03
5.14122091e-02 -1.09569503e-03 1.09240850e-03
5.18202218e-02 -1.20164011e-03 1.20073424e-03
5.22282340e-02 -1.18570261e-03 1.11151891e-03
5.26362457e-02 1.38286446e-03 1.14497230e-03
5.30442569e-02 -9.56006845e-04 1.07865413e-03
5.34522675e-02 -3.28740672e-04 1.11353147e-03
5.38602777e-02 8.68058065e-04 1.11805273e-03
5.42682874e-02 -4.54100836e-04 1.07145794e-03
5.46762965e-02 -1.19919307e-03 1.04360767e-03
5.50843052e-02 3.27326329e-04 1.06620536e-03
5.54923133e-02 -6.45989598e-04 1.04412542e-03
5.59003208e-02 -4.32103109e-06 1.07334639e-03
5.63083279e-02 -7.41595169e-04 1.12103241e-03
5.67163344e-02 2.35193367e-03 1.11467331e-03
5.71243404e-02 -8.91653680e-04 1.10381910e-03
5.75323458e-02 4.32613193e-04 1.08830247e-03
5.79403507e-02 1.63285713e-03 1.14527933e-03
5.83483551e-02 -1.10064767e-03 1.11122939e-03
5.87563588e-02 1.01403620e-03 1.13394787e-03
5.91643621e-02 -1.26050702e-03 1.09143026e-03
5.95723647e-02 -7.68862423e-04 1.12777696e-03
5.99803668e-02 -4.36124820e-04 1.10317093e-03
6.03883684e-02 -1.16331826e-04 1.11567489e-03
6.07963693e-02 -1.03088700e-04 1.11782424e-03
6.12043697e-02 1.07297004e-03 1.07157253e-03
6.16123695e-02 -5.57879916e-04 1.07063465e-03
6.20203687e-02 2.98766675e-03 1.06934044e-03
6.24283674e-02 -5.15472441e-04 1.05087241e-03
6.28363654e-02 4.51580973e-05 1.06114079e-03
6.32443629e-02 -3.08034727e-04 1.03660285e-03
6.36523597e-02 -5.23404839e-04 1.06329429e-03
6.40603559e-02 1.94656792e-03 1.01647591e-03
6.44683516e-02 1.46634780e-03 1.05647804e-03
6.48763466e-02 -4.81063296e-04 1.01388759e-03
6.52843410e-02 -1.36673105e-04 9.80911905e-04
6.56923348e-02 -1.16355565e-03 1.02114688e-03
6.61003279e-02 1.07351570e-03 1.01147848e-03
6.65083205e-02 3.16974564e-04 1.03786833e-03
6.69163124e-02 2.31227710e-04 9.77173108e-04
6.73243036e-02 -5.65482154e-04 9.33600936e-04
6.77322943e-02 -1.58218119e-05 9.58801500e-04
6.81402842e-02 1.31144102e-03 1.00019170e-03
6.85482736e-02 3.04711212e-03 1.07099527e-03
6.89562623e-02 -1.09026528e-03 9.84198230e-04
6.93642503e-02 -6.24922826e-04 9.45910145e-04
6.97722377e-02 1.17166583e-03 9.72411395e-04
7.01802244e-02 -1.66154726e-03 9.59457073e-04
7.05882105e-02 -4.64562761e-04 9.75475518e-04
7.09961958e-02 -1.46882374e-04 9.02073918e-04
7.14041805e-02 -1.14154792e-03 9.24916774e-04
7.18121646e-02 1.09751640e-03 9.53589161e-04
7.22201479e-02 -1.26885511e-03 9.24102003e-04
7.26281306e-02 -2.74213299e-04 9.36993249e-04
7.30361126e-02 -1.97053236e-03 9.07599801e-04
7.34440938e-02 1.04189704e-03 9.42004755e-04
7.38520744e-02 8.39753717e-05 9.47541031e-04
7.42600543e-02 1.10037975e-03 9.14036368e-04
7.46680335e-02 1.99443190e-04 9.65162835e-04
7.50760119e-02 8.40192703e-05 8.95823774e-04
7.54839897e-02 -4.57536514e-04 9.27455183e-04
7.58919667e-02 2.65198645e-03 9.31412222e-04
7.62999431e-02 1.45068155e-03 9.11318545e-04
7.67079187e-02 1.29408559e-03 9.40472503e-04
7.71158935e-02 -1.81814974e-03 8.82535050e-04
7.75238677e-02 -1.39244077e-03 8.71992433e-04
7.79318411e-02 -5.26772746e-05 9.05652868e-04
7.83398137e-02 -2.30243866e-03 9.17405399e-04
7.87477857e-02 -1.17630530e-03 9.14501112e-04
7.91557568e-02 4.98094340e-04 8.83577106e-04
7.95637273e-02 2.08055943e-03 9.39884495e-04
7.99716969e-02 4.29990565e-04 8.68315914e-04
8.03796658e-02 -2.01026734e-03 8.52741640e-04
8.07876340e-02 -9.92917760e-04 8.70699834e-04
8.11956014e-02 9.59113962e-04 8.69528298e-04
8.16035680e-02 -1.83535855e-04 8.63694151e-04
8.20115338e-02 -8.60890922e-04 8.67840252e-04
8.24194989e-02 -3.40360022e-04 8.81533630e-04
8.28274631e-02 -1.49730822e-04 8.87700578e-04
8.32354266e-02 1.56369173e-03 8.60024884e-04
8.36433893e-02 -3.77203875e-04 8.33654075e-04
8.40513512e-02 5.71545809e-04 8.60774772e-04
8.44593123e-02 9.30353445e-04 8.55232768e-04
8.48672727e-02 1.25210284e-03 8.32278714e-04
8.52752322e-02 -7.78785311e-04 8.41407755e-04
8.56831909e-02 -3.13458680e-04 8.15687788e-04
8.60911487e-02 -1.29859055e-04 8.42393967e-04
8.64991058e-02 2.18470420e-04 8.34894903e-04
8.69070620e-02 -1.16190099e-05 8.50844484e-04
8.73150175e-02 4.26424170e-04 8.23812107e-04
8.77229721e-02 -1.58365017e-04 8.21492722e-04
8.81309258e-02 1.13356400e-03 7.91525824e-04
8.85388787e-02 5.56741621e-04 8.24117667e-04
8.89468308e-02 9.27554570e-05 8.48428947e-04
8.93547821e-02 -6.93761736e-04 8.04675340e-04
8.97627325e-02 -1.30808606e-03 7.91599707e-04
9.01706820e-02 5.63679261e-04 8.20374368e-04
9.05786307e-02 5.12398384e-04 8.14521694e-04
9.09865785e-02 -9.99150011e-04 8.06674257e-04
9.13945255e-02 -7.80379638e-04 8.03710369e-04
9.18024716e-02 1.19453822e-03 8.07744635e-04
9.22104168e-02 1.53101153e-03 8.27659640e-04
9.26183611e-02 2.94483524e-04 7.91056244e-04
9.30263046e-02 9.29414508e-04 8.07411310e-04
9.34342472e-02 -1.22341370e-03 8.12756704e-04
9.38421889e-02 -1.21891609e-03 8.07593404e-04
9.42501297e-02 -3.84256420e-04 8.22019228e-04
9.46580696e-02 5.88416670e-04 8.34984320e-04
9.50660087e-02 6.70202015e-04 8.23368452e-04
9.54739468e-02 -1.62651278e-03 8.07660775e-04
9.58818840e-02 1.06307059e-03 8.35763560e-04
9.62898203e-02 -6.49907075e-04 8.03265158e-04
9.66977557e-02 -3.83706387e-05 7.61011550e-04
9.71056902e-02 5.80942802e-04 7.97556335e-04
9.75136237e-02 2.05810491e-04 8.02516416e-04
9.79215564e-02 4.99798758e-04 7.72609893e-04
9.83294881e-02 5.02239852e-04 7.73673061e-04
9.87374188e-02 7.43792382e-04 7.95817359e-04
9.91453487e-02 -5.34689317e-05 7.87168251e-04
9.95532775e-02 -9.13615845e-04 7.54779743e-04
9.99612055e-02 1.73203800e-03 7.99276000e-04
1.00369132e-01 8.97567384e-04 7.83561957e-04
1.00777059e-01 1.93973580e-04 7.57117874e-04
1.01184984e-01 3.39354660e-04 7.68140886e-04
1.01592908e-01 8.36010121e-04 7.53576770e-04
1.02000831e-01 3.53405827e-04 7.51195299e-04
1.02408753e-01 -1.05748260e-04 7.57774848e-04
1.02816674e-01 -2.01150742e-04 7.44186949e-04
1.03224595e-01 7.57838013e-04 7.54711422e-04
1.03632514e-01 2.69349588e-04 7.62081631e-04
1.04040432e-01 3.20519186e-05 7.48624072e-04
1.04448349e-01 -4.83623400e-04 7.46525517e-04
1.04856266e-01 -1.11158072e-04 7.34857418e-04
1.05264181e-01 6.61258389e-04 7.42799359e-04
1.05672095e-01 7.52425703e-04 7.44618012e-04
1.06080009e-01 8.70912064e-04 7.44833545e-04
1.06487921e-01 1.11607661e-04 7.25371112e-04
1.06895832e-01 2.35190450e-04 7.54109282e-04
1.07303743e-01 1.03882104e-03 7.79069335e-04
1.07711652e-01 3.65623804e-04 7.41506197e-04
1.08119560e-01 7.60177398e-04 7.57528034e-04
1.08527467e-01 3.14291903e-04 7.42297021e-04
1.08935374e-01 7.20051372e-04 7.57019171e-04
1.09343279e-01 8.24590230e-04 7.32590547e-04
1.09751183e-01 2.07457428e-04 7.36346333e-04
1.10159086e-01 2.17012947e-04 7.38595650e-04
1.10566988e-01 9.67783379e-05 7.28329296e-04
1.10974889e-01 4.20459861e-04 7.16760107e-04
1.11382789e-01 6.09166477e-04 7.25600907e-04
1.11790688e-01 -2.07801900e-04 7.31953192e-04
1.12198586e-01 -5.86292358e-04 7.16426882e-04
1.12606482e-01 2.94815345e-04 7.43181592e-04
1.13014378e-01 2.12830346e-03 7.69055195e-04
1.13422273e-01 1.05915276e-03 7.35143268e-04
1.13830166e-01 3.08994809e-04 7.39422838e-04
1.14238059e-01 -4.91252225e-04 7.50064338e-04
1.14645950e-01 -9.50697828e-05 7.40320055e-04
1.15053840e-01 -1.13683085e-04 7.32518404e-04
1.15461730e-01 -4.13027063e-04 7.31766582e-04
1.15869618e-01 1.28386915e-03 7.55418533e-04
1.16277505e-01 1.28527071e-03 7.41353783e-04
1.16685391e-01 -9.59128016e-04 7.32449414e-04
1.17093275e-01 1.51064028e-03 7.40114076e-04
1.17501159e-01 1.96719364e-03 7.35617252e-04
1.17909042e-01 -2.31624851e-04 7.16047006e-04
1.18316923e-01 -2.15199067e-04 7.27986004e-04
1.18724803e-01 1.78397331e-03 7.24366841e-04
1.19132683e-01 -7.41763270e-04 7.21684175e-04
1.19540561e-01 5.80077752e-04 7.18902158e-04
1.19948438e-01 7.44612717e-04 7.15607206e-04
1.20356313e-01 1.99005329e-04 6.86365830e-04
1.20764188e-01 5.12280354e-04 7.21424570e-04
1.21172062e-01 7.23380171e-04 6.92366200e-04
1.21579934e-01 -2.95635369e-04 6.86741345e-04
1.21987805e-01 4.46633848e-04 6.91619717e-04
1.22395675e-01 -1.00020399e-03 6.74127068e-04
1.22803544e-01 2.31296402e-04 6.73684114e-04
1.23211412e-01 7.10653039e-04 6.85344418e-04
1.23619278e-01 5.99365814e-04 6.80123514e-04
1.24027144e-01 -6.46610313e-05 6.79905732e-04
1.24435008e-01 -3.40591641e-05 6.71507163e-04
1.24842871e-01 -2.79066445e-04 6.89277476e-04
1.25250733e-01 -2.47848979e-04 6.82639401e-04
1.25658594e-01 1.88674561e-04 6.96965270e-04
1.26066453e-01 8.85757711e-04 6.74149578e-04
1.26474311e-01 1.32935549e-03 6.84912808e-04
1.26882168e-01 6.62060926e-05 6.91670276e-04
1.27290024e-01 -1.39176769e-03 6.92627193e-04
1.27697879e-01 -6.38388191e-04 6.63954647e-04
1.28105732e-01 3.93761092e-04 6.56422819e-04
1.28513585e-01 6.05069317e-04 6.62615147e-04
1.28921436e-01 4.78412716e-04 6.77065301e-04
1.29329285e-01 1.77017798e-03 6.68681850e-04
1.29737134e-01 -3.58332686e-04 6.57510279e-04
1.30144981e-01 9.26597690e-04 6.71198695e-04
1.30552828e-01 8.86787098e-04 6.62578588e-04
1.30960672e-01 4.54815401e-04 6.45145973e-04
1.31368516e-01 7.12296443e-04 6.37956918e-04
1.31776358e-01 6.48225919e-04 6.56435436e-04
1.32184200e-01 -6.26781371e-04 6.30178920e-04
1.32592039e-01 3.40837027e-04 6.42285756e-04
1.32999878e-01 -3.68389272e-04 6.34674165e-04
1.33407715e-01 8.81872884e-04 6.34198508e-04
1.33815552e-01 5.88286135e-04 6.43382087e-04
1.34223386e-01 4.57661359e-04 6.56525180e-04
1.34631220e-01 7.97100679e-04 6.45929405e-04
1.35039052e-01 9.24094188e-04 6.69931399e-04
1.35446883e-01 3.94097848e-05 6.41726617e-04
1.35854713e-01 9.87720069e-04 6.70767998e-04
1.36262541e-01 4.83690837e-04 6.36525953e-04
1.36670368e-01 5.12276610e-04 6.52465775e-04
1.37078194e-01 4.44952920e-05 6.49494784e-04
1.37486019e-01 6.07502722e-04 6.41357607e-04
1.37893842e-01 -2.06196063e-04 6.32818053e-04
1.38301664e-01 7.25495130e-04 6.27124815e-04
1.38709485e-01 6.91302592e-04 6.33126231e-04
1.39117304e-01 -6.68295137e-05 6.17222638e-04
1.39525122e-01 5.86103560e-04 6.33572322e-04
1.39932939e-01 6.28927671e-04 6.11604602e-04
1.40340754e-01 5.34399394e-04 6.35307211e-04
1.40748568e-01 -2.06844483e-04 6.23006849e-04
1.41156381e-01 6.08452816e-04 6.23202249e-04
1.41564192e-01 4.90637581e-04 6.16357643e-04
1.41972002e-01 8.25436333e-04 6.45008607e-04
1.42379811e-01 -4.92632885e-04 6.29862210e-04
1.42787618e-01 6.45753312e-04 6.40181540e-04
1.43195424e-01 7.19620449e-04 6.54375763e-04
1.43603228e-01 9.90831652e-06 6.32161050e-04
1.44011032e-01 1.06272732e-03 6.32164807e-04
1.44418833e-01 4.32210471e-04 6.28003202e-04
1.44826634e-01 3.15038816e-05 6.18613474e-04
1.45234433e-01 -1.46795356e-04 6.30048550e-04
1.45642231e-01 -5.13820424e-04 6.21666519e-04
1.46050027e-01 2.71599857e-05 6.26375554e-04
1.46457822e-01 4.69753590e-04 6.40574617e-04
1.46865616e-01 -2.10957384e-05 6.32772748e-04
1.47273408e-01 5.63884191e-04 6.43541856e-04
1.47681199e-01 5.95849626e-04 6.42281499e-04
1.48088988e-01 6.09229566e-05 6.33534628e-04
1.48496776e-01 2.94138182e-05 6.44263055e-04
1.48904563e-01 -9.34263144e-04 6.24510548e-04
1.49312348e-01 5.62350301e-04 6.15543627e-04
1.49720132e-01 2.25636427e-04 6.19048884e-04
1.50127914e-01 3.76310346e-04 6.23870477e-04
1.50535695e-01 3.09658308e-04 6.01501660e-04
1.50943474e-01 8.14335644e-04 6.10155482e-04
1.51351252e-01 7.98893557e-04 6.02053868e-04
1.51759029e-01 -1.01849319e-04 6.00942588e-04
1.52166804e-01 -4.13768195e-04 6.01332130e-04
1.52574578e-01 -7.51824821e-04 5.99746561e-04
1.52982350e-01 -5.79649069e-04 6.03057655e-04
1.53390121e-01 -3.92054313e-04 6.06664700e-04
1.53797890e-01 -6.98190740e-04 5.83580760e-04
1.54205658e-01 3.07665024e-04 6.00977369e-04
1.54613425e-01 -3.78253606e-04 6.00907402e-04
1.55021190e-01 -3.04990590e-04 6.02402834e-04
1.55428953e-01 -2.67275457e-04 5.98810370e-04
1.55836716e-01 9.40733091e-05 6.00661860e-04
1.56244476e-01 5.47865509e-04 5.94087872e-04
1.56652235e-01 -8.44136900e-04 5.76161131e-04
1.57059993e-01 -7.56379665e-04 5.75092273e-04
1.57467749e-01 3.94360854e-05 5.75086776e-04
1.57875504e-01 -1.05027013e-03 5.71896316e-04
1.58283257e-01 1.42636399e-04 5.99636692e-04
1.58691008e-01 -2.04282950e-04 5.85114597e-04
1.59098758e-01 -1.58267692e-04 5.75584781e-04
1.59506507e-01 1.01380909e-03 5.80470458e-04
1.59914254e-01 1.13511164e-03 5.76117312e-04
1.60322000e-01 -1.15714825e-04 5.90717211e-04
1.60729744e-01 -2.36042394e-04 5.69290550e-04
1.61137486e-01 -1.49656305e-04 5.85730271e-04
1.61545228e-01 -3.67172353e-05 5.65778769e-04
1.61952967e-01 2.35976981e-04 5.85591044e-04
1.62360705e-01 7.66845454e-05 5.60661994e-04
1.62768441e-01 6.38769150e-04 5.63766865e-04
1.63176176e-01 -3.15352584e-04 5.61543216e-04
1.63583910e-01 5.64116368e-04 5.77406083e-04
1.63991641e-01 -3.85285520e-05 5.70566930e-04
1.64399372e-01 2.04050047e-04 5.72184344e-04
1.64807100e-01 -2.08276831e-04 5.77337425e-04
1.65214827e-01 4.05494806e-05 5.69614630e-04
1.65622553e-01 1.28297330e-04 5.68211324e-04
1.66030277e-01 -3.41232062e-04 5.59704691e-04
1.66437999e-01 7.77022214e-04 5.64148865e-04
1.66845720e-01 1.15253242e-03 5.79641105e-04
1.67253439e-01 -5.03199688e-05 5.64186250e-04
1.67661157e-01 9.03561206e-04 5.50543978e-04
1.68068873e-01 -4.34107815e-04 5.56059280e-04
1.68476588e-01 7.90472521e-05 5.71116948e-04
1.68884301e-01 7.65621864e-04 5.59751217e-04
1.69292012e-01 1.91922638e-04 5.54141633e-04
1.69699721e-01 6.29941788e-04 5.53927434e-04
1.70107430e-01 -8.76043598e-05 5.51100099e-04
1.70515136e-01 -1.29662195e-04 5.48469956e-04
1.70922841e-01 -4.50913004e-04 5.53137897e-04
1.71330544e-01 -5.01504991e-05 5.52258037e-04
1.71738246e-01 -1.75336809e-04 5.31187624e-04
1.72145946e-01 -1.15548300e-04 5.58749213e-04
1.72553644e-01 6.41700977e-04 5.49326697e-04
1.72961341e-01 6.64177061e-04 5.46129501e-04
1.73369036e-01 9.39197230e-04 5.50007417e-04
1.73776729e-01 1.06846737e-03 5.46890110e-04
1.74184421e-01 5.90906242e-04 5.47612931e-04
1.74592111e-01 1.95942046e-04 5.41796428e-04
1.74999799e-01 -5.67832397e-04 5.39206135e-04
1.75407486e-01 -1.67709150e-04 5.42351826e-04
1.75815171e-01 8.76652890e-04 5.50097796e-04
1.76222855e-01 3.08500175e-04 5.41289698e-04
1.76630537e-01 -3.62149587e-04 5.37740014e-04
1.77038217e-01 -3.84171158e-04 5.31706125e-04
1.77445895e-01 -6.80353920e-04 5.37149114e-04
1.77853572e-01 3.20735903e-04 5.41478350e-04
1.78261247e-01 -9.52248948e-04 5.25162938e-04
1.78668921e-01 -4.18223894e-04 5.31428882e-04
1.79076592e-01 -1.26174626e-04 5.28291383e-04
1.79484262e-01 3.76193547e-04 5.26734105e-04
1.79891931e-01 1.14430650e-03 5.36710334e-04
1.80299597e-01 9.50410661e-04 5.20937965e-04
1.80707262e-01 -1.17862228e-03 5.26979274e-04
1.81114925e-01 1.12209387e-04 5.30355132e-04
1.81522587e-01 4.13689176e-04 5.29256452e-04
1.81930247e-01 1.42172188e-04 5.24600104e-04
1.82337905e-01 5.98374812e-04 5.21416006e-04
1.82745561e-01 6.82804601e-04 5.25757680e-04
1.83153215e-01 3.40648865e-04 5.41588795e-04
1.83560868e-01 3.26976818e-04 5.28905322e-04
1.83968519e-01 -7.73313918e-04 5.26592970e-04
1.84376169e-01 6.63652760e-04 5.18669182e-04
1.84783816e-01 3.21444187e-04 5.07388332e-04
1.85191462e-01 5.85677516e-04 5.27462691e-04
1.85599106e-01 4.85996329e-04 5.35155600e-04
1.86006749e-01 -3.34539154e-05 5.32052795e-04
1.86414389e-01 -7.96888172e-04 5.16859416e-04
1.86822028e-01 7.91491396e-05 5.25870007e-04
1.87229665e-01 5.83612548e-04 5.15486978e-04
1.87637300e-01 2.89046919e-04 5.10878258e-04
1.88044934e-01 -1.16925220e-04 5.11975460e-04
1.88452566e-01 1.16002785e-03 5.20543077e-04
1.88860195e-01 4.17793495e-04 5.05504897e-04
1.89267824e-01 -6.54938883e-04 4.99360692e-04
1.89675450e-01 1.02019085e-04 5.03046433e-04
1.90083074e-01 1.68343529e-04 5.03721233e-04
1.90490697e-01 1.84150340e-04 5.01363363e-04
1.90898318e-01 7.67372229e-04 5.07643802e-04
1.91305937e-01 -2.60923305e-04 5.06722721e-04
1.91713555e-01 2.36515223e-04 4.98739273e-04
1.92121170e-01 -1.91131274e-04 5.00251860e-04
1.92528784e-01 -3.36070782e-04 5.09445188e-04
1.92936396e-01 -8.73573508e-04 5.04146930e-04
1.93344006e-01 1.66059281e-04 5.13191671e-04
1.93751614e-01 -3.08734228e-04 4.89595191e-04
1.94159220e-01 2.39874402e-04 5.01054097e-04
1.94566825e-01 -2.34128068e-05 4.96372657e-04
1.94974427e-01 1.12318721e-03 4.98645345e-04
1.95382028e-01 -1.67983396e-06 4.98387803e-04
1.95789627e-01 4.06627930e-05 5.00666433e-04
1.96197224e-01 5.33864877e-04 4.99167882e-04
1.96604820e-01 6.75066925e-05 5.04547439e-04
1.97012413e-01 2.05574729e-04 4.97172956e-04
1.97420005e-01 5.96547641e-04 5.07619994e-04
1.97827594e-01 6.32337294e-04 5.10406011e-04
1.98235182e-01 1.11868055e-03 5.02609247e-04
1.98642768e-01 1.24192163e-03 5.03812189e-04
1.99050352e-01 7.80990664e-04 4.90640489e-04
1.99457934e-01 5.72967325e-04 5.07012878e-04
1.99865514e-01 -4.28091769e-05 5.10475548e-04
2.00273093e-01 3.72778492e-04 5.08838584e-04
2.00680669e-01 2.08916937e-05 5.08273827e-04
2.01088244e-01 3.93936764e-04 5.00088515e-04
2.01495816e-01 5.87223481e-04 5.16793833e-04
2.01903387e-01 -5.99118906e-04 5.03763474e-04
2.02310956e-01 -7.02187144e-04 5.13738829e-04
2.02718523e-01 -1.87198535e-04 5.05470701e-04
2.03126088e-01 2.99776591e-04 5.04266646e-04
2.03533651e-01 4.18537494e-04 5.02237357e-04
2.03941212e-01 3.04615572e-04 5.23656723e-04
2.04348771e-01 4.82212212e-04 5.09425320e-04
2.04756329e-01 3.86742395e-04 5.09088661e-04
2.05163884e-01 1.46412589e-03 5.19744867e-04
2.05571438e-01 1.00541409e-03 5.08271870e-04
2.05978989e-01 2.64993262e-04 4.88885080e-04
2.06386539e-01 3.20934547e-04 4.82394424e-04
2.06794086e-01 -2.73327523e-04 4.91377700e-04
2.07201632e-01 2.32471471e-04 4.87579199e-04
2.07609175e-01 -1.90420607e-04 4.77731810e-04
2.08016717e-01 1.08153068e-03 4.92206211e-04
2.08424257e-01 1.35150237e-04 4.85589308e-04
2.08831794e-01 -2.36109380e-05 4.81764604e-04
2.09239330e-01 5.56911697e-05 4.92666036e-04
2.09646864e-01 -1.77529527e-04 4.77042911e-04
2.10054396e-01 3.04900155e-04 4.88739243e-04
2.10461925e-01 -2.26485088e-04 4.90569589e-04
2.10869453e-01 4.67887051e-04 4.90592542e-04
2.11276979e-01 5.24635681e-04 4.80878394e-04
2.11684503e-01 9.42238477e-05 4.84157029e-04
2.12092025e-01 7.47975728e-04 4.74896844e-04
2.12499544e-01 -2.04668859e-04 4.81538106e-04
2.12907062e-01 1.11922050e-04 4.73620448e-04
2.13314578e-01 2.28066280e-04 4.84008543e-04
2.13722092e-01 2.08809209e-04 4.69089684e-04
2.14129603e-01 6.41455056e-04 4.83605230e-04
2.14537113e-01 -1.89625751e-04 4.81301248e-04
2.14944621e-01 1.50949520e-04 4.74996709e-04
2.15352126e-01 4.97713176e-04 4.75405030e-04
2.15759630e-01 6.14668117e-05 4.77475170e-04
2.16167131e-01 -6.51944977e-04 4.75781952e-04
2.16574631e-01 1.44514573e-04 4.66024447e-04
2.16982128e-01 1.20536777e-03 4.81162289e-04
2.17389624e-01 -3.40132549e-04 4.74503565e-04
2.17797117e-01 -4.31160878e-04 4.69865832e-04
2.18204608e-01 -5.28305196e-05 4.64931735e-04
2.18612098e-01 -8.52835864e-05 4.66728257e-04
2.19019585e-01 -2.40937157e-05 4.60987745e-04
2.19427070e-01 -1.36712496e-04 4.50577851e-04
2.19834553e-01 9.07874798e-05 4.64229031e-04
2.20242034e-01 8.45714854e-04 4.64355767e-04
2.20649512e-01 -1.35672433e-04 4.64599458e-04
2.21056989e-01 1.77639719e-04 4.72547582e-04
2.21464464e-01 5.98466655e-04 4.62834145e-04
2.21871936e-01 -2.22589966e-04 4.58505476e-04
2.22279407e-01 -3.95719159e-04 4.59629207e-04
2.22686875e-01 -1.97058368e-04 4.59832256e-04
2.23094341e-01 3.65135072e-04 4.54417006e-04
2.23501805e-01 -2.30176159e-04 4.61511765e-04
2.23909267e-01 3.07905160e-04 4.69837801e-04
2.24316727e-01 1.97494738e-04 4.62355827e-04
2.24724185e-01 -2.49345770e-04 4.51021351e-04
2.25131641e-01 4.68970157e-04 4.59795077e-04
2.25539094e-01 3.99036377e-04 4.59214272e-04
2.25946545e-01 -3.80047397e-04 4.48251546e-04
2.26353995e-01 3.69912756e-04 4.60670624e-04
2.26761442e-01 3.28252453e-04 4.59623378e-04
2.27168887e-01 -2.12937860e-04 4.61476884e-04
2.27576329e-01 8.17119159e-04 4.53218382e-04
2.27983770e-01 4.88378355e-04 4.63867277e-04
2.28391208e-01 3.08444712e-04 4.67923604e-04
2.28798645e-01 7.38752144e-05 4.60324767e-04
2.29206079e-01 4.07056084e-04 4.66349419e-04
2.29613511e-01 5.92518930e-04 4.56036745e-04
2.30020941e-01 2.88815702e-04 4.72225569e-04
2.30428368e-01 -2.14967185e-04 4.68943505e-04
2.30835794e-01 1.33975243e-03 4.82559221e-04
2.31243217e-01 1.19985521e-04 4.76042538e-04
2.31650638e-01 5.24656564e-04 4.64237736e-04
2.32058057e-01 9.56684500e-04 4.65265627e-04
2.32465473e-01 6.70581177e-04 4.67617568e-04
2.32872888e-01 6.77348754e-05 4.66364648e-04
2.33280300e-01 -6.60483326e-05 4.67952305e-04
2.33687710e-01 -6.28033060e-04 4.56504815e-04
2.34095118e-01 -2.53872200e-05 4.64919888e-04
2.34502524e-01 2.09746896e-04 4.59952612e-04
2.34909927e-01 4.84437778e-04 4.62364964e-04
2.35317328e-01 6.86687745e-04 4.58599232e-04
2.35724727e-01 1.74242637e-04 4.59843329e-04
2.36132124e-01 2.60255670e-04 4.61433128e-04
2.36539518e-01 1.79791828e-04 4.56606889e-04
2.36946911e-01 6.15507760e-04 4.59735062e-04
2.37354301e-01 -1.49073175e-04 4.60229469e-04
2.37761688e-01 -1.21018344e-04 4.58676617e-04
2.38169074e-01 2.71537438e-04 4.50877652e-04
2.38576457e-01 5.57921749e-04 4.52496567e-04
2.38983838e-01 9.15028401e-04 4.55005834e-04
2.39391217e-01 -2.39697454e-04 4.43177339e-04
2.39798593e-01 6.36036359e-04 4.49084814e-04
2.40205967e-01 4.88285156e-04 4.50767080e-04
2.40613339e-01 -3.76973019e-04 4.41874796e-04
2.41020709e-01 -2.99949652e-04 4.41335912e-04
2.41428076e-01 -1.70766051e-04 4.42258600e-04
2.41835441e-01 5.93446346e-04 4.44802250e-04
2.42242804e-01 4.26349141e-05 4.41951932e-04
2.42650165e-01 -1.41461995e-04 4.37324826e-04
2.43057523e-01 8.28686955e-04 4.35261131e-04
2.43464879e-01 4.13244108e-04 4.42286595e-04
2.43872232e-01 3.54221250e-04 4.34927038e-04
2.44279584e-01 1.02223689e-03 4.51183854e-04
2.44686933e-01 -1.79221160e-04 4.33640023e-04
2.45094279e-01 -5.53238000e-04 4.22040702e-04
2.45501624e-01 -8.77472759e-05 4.40522638e-04
2.45908966e-01 -1.23170014e-04 4.42848962e-04
2.46316305e-01 1.13334244e-03 4.34550713e-04
2.46723643e-01 1.01889125e-04 4.35411037e-04
2.47130978e-01 5.33461249e-04 4.38196323e-04
2.47538310e-01 9.87332729e-05 4.32212939e-04
2.47945641e-01 2.96751707e-04 4.39019429e-04
2.48352969e-01 4.74084257e-04 4.39516950e-04
2.48760294e-01 -2.81691905e-04 4.33785984e-04
2.49167618e-01 -3.62844978e-04 4.34914542e-04
2.49574939e-01 5.30893788e-04 4.34506889e-04
2.49982257e-01 -3.18240885e-04 4.31403297e-04
2.50389573e-01 1.59600721e-04 4.34978670e-04
2.50796887e-01 -7.20959436e-05 4.31219594e-04
2.51204199e-01 9.93900095e-04 4.36051606e-04
2.51611508e-01 6.29272650e-05 4.23084459e-04
2.52018815e-01 2.52638271e-04 4.34866785e-04
2.52426119e-01 6.53512050e-04 4.33904801e-04
2.52833421e-01 6.00439562e-04 4.29107192e-04
2.53240720e-01 2.21519819e-04 4.17849725e-04
2.53648017e-01 3.07297653e-04 4.27060310e-04
2.54055312e-01 1.13524411e-03 4.24741343e-04
2.54462605e-01 5.20247577e-04 4.28614006e-04
2.54869894e-01 2.76859392e-04 4.19348995e-04
2.55277182e-01 -8.84800751e-05 4.16796685e-04
2.55684467e-01 3.02994091e-04 4.25975001e-04
2.56091750e-01 7.76151443e-04 4.11660649e-04
2.56499030e-01 5.92604641e-05 4.15410084e-04
2.56906308e-01 5.71214197e-04 4.26557553e-04
2.57313583e-01 4.16577284e-04 4.14691437e-04
2.57720856e-01 -4.05902435e-05 4.20812806e-04
2.58128127e-01 -1.59629744e-04 4.08486907e-04
2.58535395e-01 8.49077180e-05 4.21804645e-04
2.58942661e-01 -1.41968682e-04 4.16942246e-04
2.59349924e-01 7.29741732e-06 4.22670481e-04
2.59757184e-01 -1.01707690e-04 4.10042623e-04
2.60164443e-01 1.06260066e-03 4.29218183e-04
2.60571699e-01 1.21172933e-04 4.19044755e-04
2.60978952e-01 5.90549347e-04 4.17688476e-04
2.61386203e-01 8.77658184e-04 4.16094198e-04
2.61793451e-01 7.12237072e-04 4.17697118e-04
2.62200697e-01 7.05467464e-04 4.18307334e-04
2.62607941e-01 4.51967140e-04 4.17388336e-04
2.63015182e-01 5.53686692e-04 4.12991009e-04
2.63422420e-01 2.44112213e-04 4.19093505e-04
2.63829656e-01 6.81289764e-04 4.20932453e-04
2.64236890e-01 1.03350738e-04 4.10153189e-04
2.64644121e-01 7.71484211e-04 4.11765829e-04
2.65051349e-01 2.93140426e-04 4.09262346e-04
2.65458575e-01 -2.68803917e-04 4.19997372e-04
2.65865799e-01 -8.91065356e-04 4.02783622e-04
2.66273019e-01 7.19918991e-04 4.13408109e-04
2.66680238e-01 5.51939056e-04 4.15851529e-04
2.67087454e-01 -5.60444910e-04 4.09973369e-04
2.67494667e-01 6.35388945e-04 4.16943210e-04
2.67901878e-01 2.22138698e-04 4.19847754e-04
2.68309086e-01 7.72142816e-04 4.06746034e-04
2.68716292e-01 -2.26022137e-04 4.06730100e-04
2.69123495e-01 3.61707879e-04 4.08960114e-04
2.69530696e-01 1.19106496e-03 4.16077245e-04
2.69937894e-01 4.48944875e-04 4.00151916e-04
2.70345090e-01 3.90859755e-04 4.07949527e-04
2.70752283e-01 -2.25808411e-04 4.08036859e-04
2.71159473e-01 -1.88116164e-04 3.99205242e-04
2.71566661e-01 3.09827956e-04 4.03296396e-04
2.71973847e-01 4.27275120e-04 4.01932483e-04
2.72381030e-01 1.72741278e-04 4.08941908e-04
2.72788210e-01 5.26218883e-04 3.98356851e-04
2.73195387e-01 4.91792325e-04 4.02016493e-04
2.73602562e-01 3.58641455e-04 4.02785867e-04
2.74009735e-01 -3.18174736e-05 3.99466305e-04
2.74416905e-01 3.67435259e-04 4.00259866e-04
2.74824072e-01 3.38529666e-04 3.97916356e-04
2.75231237e-01 2.44968755e-04 4.03601443e-04
2.75638399e-01 2.15022291e-04 4.03089670e-04
2.76045558e-01 3.56466447e-04 4.01404913e-04
2.76452715e-01 5.11579772e-04 3.96986197e-04
2.76859869e-01 4.20088611e-04 3.86005924e-04
2.77267021e-01 -3.99564088e-06 3.92023737e-04
2.77674170e-01 3.16590460e-04 3.96042191e-04
2.78081316e-01 6.84313361e-04 4.03355760e-04
2.78488460e-01 5.61107849e-04 4.02531025e-04
2.78895601e-01 1.80900966e-05 3.98634759e-04
2.79302740e-01 2.48286896e-04 4.00077689e-04
2.79709875e-01 3.51668194e-04 3.93719521e-04
2.80117009e-01 6.20839022e-05 3.90939530e-04
2.80524139e-01 -1.42918767e-04 3.99061705e-04
2.80931267e-01 1.40579726e-05 3.92766928e-04
2.81338392e-01 2.84008623e-04 3.95006082e-04
2.81745515e-01 3.13319220e-04 3.94506401e-04
2.82152635e-01 4.80761971e-05 3.92993191e-04
2.82559752e-01 -7.40593552e-04 3.93043850e-04
2.82966866e-01 -1.75730057e-04 3.94715941e-04
2.83373978e-01 -1.49391202e-05 3.89156597e-04
2.83781088e-01 -3.69441808e-04 3.86049363e-04
2.84188194e-01 3.97336427e-04 3.90988041e-04
2.84595298e-01 -4.07242131e-04 3.89046500e-04
2.85002399e-01 1.22197285e-04 3.99331874e-04
2.85409497e-01 1.01561746e-04 3.88152690e-04
2.85816593e-01 4.97358125e-04 3.98368447e-04
2.86223686e-01 -1.09063780e-04 3.94554611e-04
2.86630777e-01 1.26715632e-04 3.97659636e-04
2.87037864e-01 3.80139345e-04 4.02419285e-04
2.87444949e-01 -4.79943835e-05 4.01867604e-04
2.87852031e-01 5.37277489e-05 4.00520915e-04
2.88259111e-01 4.38776865e-04 3.98391018e-04
2.88666188e-01 2.31881257e-04 4.02171609e-04
2.89073262e-01 2.68832979e-04 4.02258759e-04
2.89480333e-01 -3.53814581e-04 3.92053452e-04
2.89887401e-01 -3.37782064e-04 3.97389210e-04
2.90294467e-01 2.96455184e-04 4.00635737e-04
2.90701530e-01 -3.29995154e-04 3.96325347e-04
2.91108591e-01 -7.10007683e-05 3.97524230e-04
2.91515648e-01 5.47740641e-04 4.00703146e-04
2.91922703e-01 2.68692394e-04 3.92734934e-04
2.92329755e-01 7.94463772e-04 3.92645005e-04
2.92736804e-01 1.37651533e-05 3.89065497e-04
2.93143851e-01 -2.13381653e-04 3.94304737e-04
2.93550895e-01 -3.23608858e-05 3.83897638e-04
2.93957936e-01 -5.41264173e-04 3.97210275e-04
2.94364974e-01 -3.81995391e-04 3.82375114e-04
2.94772009e-01 4.50975529e-04 3.94930746e-04
2.95179042e-01 -5.22788003e-04 3.91569587e-04
2.95586072e-01 3.21983954e-04 3.97059859e-04
2.95993099e-01 2.15450987e-04 3.84748918e-04
2.96400123e-01 1.54811458e-04 3.98909613e-04
2.96807145e-01 -8.68166836e-05 3.94846142e-04
2.97214163e-01 -3.62388421e-05 3.89820831e-04
2.97621179e-01 1.77566819e-04 4.00936997e-04
2.98028192e-01 1.68790509e-05 3.89477762e-04
2.98435202e-01 1.40621379e-04 3.95492519e-04
2.98842210e-01 6.79848285e-04 3.95257296e-04
2.99249214e-01 -6.88367209e-04 3.92460611e-04
2.99656216e-01 1.95257554e-04 3.91239988e-04
3.00063215e-01 -3.81097141e-04 3.93729174e-04
3.00470211e-01 -3.88939060e-05 3.86079383e-04
3.00877204e-01 4.69986420e-04 3.95804659e-04
3.01284194e-01 -1.44488678e-05 4.03778704e-04
3.01691182e-01 1.13389564e-05 3.97470267e-04
3.02098167e-01 2.56429058e-04 3.94690889e-04
3.02505149e-01 4.75721248e-05 3.86885940e-04
3.02912128e-01 -3.17024392e-04 3.92094490e-04
3.03319104e-01 -3.29920318e-04 3.95058646e-04
3.03726077e-01 -3.17696007e-04 3.96349976e-04
3.04133047e-01 -1.70750469e-07 3.93930320e-04
3.04540015e-01 4.88787980e-04 3.82757264e-04
3.04946979e-01 -1.18525512e-04 3.88932036e-04
3.05353941e-01 4.52442941e-04 3.85262430e-04
3.05760900e-01 -4.43850881e-04 3.99312296e-04
3.06167856e-01 9.82610353e-05 3.93679213e-04
3.06574809e-01 2.55463852e-04 3.94864832e-04
3.06981759e-01 4.82129173e-04 3.97659934e-04
3.07388706e-01 -1.11688746e-04 3.90051515e-04
3.07795651e-01 2.61064839e-04 3.94410091e-04
3.08202592e-01 9.63751862e-06 3.88346967e-04
3.08609531e-01 -3.07010847e-04 4.00705226e-04
3.09016466e-01 2.57108386e-04 4.01760445e-04
3.09423399e-01 -4.57491126e-05 3.96720038e-04
3.09830329e-01 -6.58473034e-05 4.01516308e-04
3.10237256e-01 -4.23335227e-04 3.99450809e-04
3.10644180e-01 5.68493970e-05 4.05201025e-04
3.11051101e-01 3.50594436e-05 4.02985927e-04
3.11458019e-01 2.68120964e-04 4.06903886e-04
3.11864934e-01 -5.61363470e-05 4.04775693e-04
3.12271846e-01 3.23967994e-04 4.01877823e-04
3.12678755e-01 8.63869283e-04 4.06438033e-04
3.13085661e-01 -3.97218964e-07 4.04387186e-04
3.13492565e-01 1.11034222e-05 4.02606122e-04
3.13899465e-01 3.01051118e-04 4.05869921e-04
3.14306362e-01 -1.16058980e-04 4.03874902e-04
3.14713257e-01 3.10379314e-04 4.00160949e-04
3.15120148e-01 1.24007429e-04 4.06031625e-04
3.15527037e-01 -3.74009605e-04 4.10651320e-04
3.15933922e-01 3.82817068e-04 4.14076608e-04
3.16340805e-01 1.45737396e-04 4.51466411e-04
3.16747684e-01 -3.84057780e-04 4.90217617e-04
3.17154561e-01 -4.43624048e-04 5.09740336e-04
3.17561434e-01 3.86017721e-04 5.42434300e-04
3.17968305e-01 -9.37306331e-04 5.57043648e-04
3.18375172e-01 -7.65287351e-04 6.10563427e-04
3.18782037e-01 6.46492541e-04 6.41627165e-04
3.19188898e-01 -1.00949562e-03 6.46111965e-04
3.19595757e-01 -6.67715858e-05 6.68742576e-04
3.20002612e-01 9.10426731e-04 7.40947186e-04
3.20409465e-01 1.90529262e-04 7.79161393e-04
3.20816314e-01 -1.08312783e-03 8.30159671e-04
3.21223160e-01 3.85483880e-04 9.15083717e-04
3.21630004e-01 2.69796757e-05 1.02300575e-03
3.22036844e-01 -5.75815273e-04 1.24293824e-03
3.22443681e-01 1.15193282e-04 1.98285485e-03
3.22850516e-01 1.18914638e-03 6.39597863e-03
