4.08043586e-03 -7.72383198e-02 2.64900359e-02
4.48847930e-03 -3.82414685e-02 2.77001862e-02
4.89652269e-03 -3.88575762e-02 2.00248980e-02
5.30456604e-03 -3.14801736e-02 1.38679332e-02
5.71260934e-03 -2.03566891e-02 1.08949186e-02
6.12065258e-03 -2.33888820e-02 8.94573832e-03
6.52869577e-03 -1.42570001e-02 7.38723563e-03
6.93673889e-03 -1.30439974e-02 6.38812571e-03
7.34478195e-03 -9.96017711e-03 5.71540708e-03
7.75282494e-03 -2.11092532e-03 5.67133160e-03
8.16086785e-03 -6.34176441e-03 4.57650754e-03
8.56891069e-03 -5.92965202e-03 4.33606648e-03
8.97695345e-03 -6.05013363e-03 3.97932824e-03
9.38499612e-03 -5.17993362e-03 3.59320418e-03
9.79303870e-03 -7.28420752e-03 3.43755645e-03
1.02010812e-02 -7.47259957e-04 3.44979940e-03
1.06091236e-02 -9.33184939e-04 3.28942563e-03
1.10171659e-02 -1.08721309e-03 3.17896420e-03
1.14252081e-02 -9.30885501e-04 3.06335593e-03
1.18332501e-02 -2.21093777e-03 2.85990127e-03
1.22412921e-02 -1.69633651e-03 2.73410397e-03
1.26493339e-02 1.87649947e-03 2.84609729e-03
1.30573757e-02 5.61330426e-03 2.69786610e-03
1.34654173e-02 2.62409425e-03 2.48883013e-03
1.38734588e-02 1.37221263e-03 2.49204250e-03
1.42815001e-02 6.48674999e-03 2.34923591e-03
1.46895413e-02 1.28679315e-04 2.30212915e-03
1.50975824e-02 1.70699530e-04 2.05964708e-03
1.55056233e-02 -9.54067090e-04 2.00434952e-03
1.59136641e-02 2.23884141e-03 2.16616519e-03
1.63217047e-02 6.65756979e-03 2.14751938e-03
1.67297452e-02 2.95005358e-03 2.01012432e-03
1.71377855e-02 -2.28299419e-03 2.05408063e-03
1.75458257e-02 4.52343122e-04 1.96257899e-03
1.79538657e-02 -6.75697206e-04 1.90855990e-03
1.83619055e-02 -1.74124786e-03 1.98534493e-03
1.87699451e-02 -2.42172685e-04 1.83179382e-03
1.91779846e-02 -3.59709613e-04 1.92308785e-03
1.95860239e-02 9.20326854e-04 1.84461254e-03
1.99940630e-02 2.53933327e-03 1.79268337e-03
2.04021019e-02 1.07206584e-03 1.75657967e-03
2.08101406e-02 -1.38067054e-03 1.70224215e-03
2.12181791e-02 1.72978126e-04 1.76376063e-03
2.16262174e-02 1.13390696e-03 1.73727575e-03
2.20342555e-02 -7.31188382e-04 1.72067631e-03
2.24422934e-02 5.70452339e-04 1.69088965e-03
2.28503311e-02 -1.33104427e-04 1.79843044e-03
2.32583686e-02 -6.04723748e-04 1.68739392e-03
2.36664058e-02 -1.75345357e-03 1.72509631e-03
2.40744429e-02 1.08634491e-03 1.75578934e-03
2.44824797e-02 1.97101288e-03 1.72595684e-03
2.48905162e-02 -6.56911050e-04 1.69894561e-03
2.52985525e-02 1.02975743e-03 1.74222580e-03
2.57065886e-02 -9.32316585e-05 1.64220130e-03
2.61146245e-02 1.22143737e-03 1.59115579e-03
2.65226601e-02 1.68320299e-04 1.67278804e-03
2.69306954e-02 9.58177087e-05 1.64466829e-03
2.73387305e-02 -8.77402608e-04 1.62752659e-03
2.77467653e-02 -1.85513825e-03 1.66077753e-03
2.81547999e-02 -5.40149104e-05 1.65351845e-03
2.85628342e-02 2.83328580e-04 1.56213150e-03
2.89708682e-02 7.85424419e-04 1.70748814e-03
2.93789020e-02 3.17901673e-03 1.75723607e-03
2.97869355e-02 9.59084965e-04 1.55158594e-03
3.01949687e-02 2.23751455e-03 1.60549352e-03
3.06030016e-02 2.79095351e-03 1.59135321e-03
3.10110342e-02 2.17116620e-03 1.67581404e-03
3.14190665e-02 3.44694378e-03 1.63192009e-03
3.18270985e-02 5.74322194e-04 1.58769572e-03
3.22351302e-02 -9.99637454e-06 1.55991702e-03
3.26431617e-02 1.39992726e-03 1.46520757e-03
3.30511928e-02 2.77787731e-03 1.45991048e-03
3.34592236e-02 1.42188869e-03 1.50149640e-03
3.38672540e-02 5.44049070e-04 1.42117046e-03
3.42752842e-02 1.32329878e-04 1.41234600e-03
3.46833140e-02 1.50052944e-04 1.35675945e-03
3.50913435e-02 1.76280729e-03 1.39903595e-03
3.54993727e-02 -2.06285924e-03 1.37428397e-03
3.59074015e-02 9.62577756e-04 1.38160039e-03
3.63154300e-02 4.03470440e-04 1.39494976e-03
3.67234581e-02 1.20499638e-03 1.40218880e-03
3.71314859e-02 -5.38176477e-04 1.39746414e-03
3.75395134e-02 2.07017752e-03 1.35513515e-03
3.79475405e-02 -6.12129864e-04 1.36070149e-03
3.83555672e-02 -1.75938622e-04 1.28107870e-03
3.87635935e-02 2.69795943e-03 1.36908901e-03
3.91716195e-02 -1.25653344e-03 1.33126215e-03
3.95796452e-02 -7.94506292e-04 1.32329600e-03
3.99876704e-02 -4.62686809e-04 1.31492937e-03
4.03956953e-02 5.83886285e-04 1.39286278e-03
4.08037198e-02 -4.35878894e-04 1.29670863e-03
4.12117439e-02 3.63791985e-04 1.34979899e-03
4.16197676e-02 9.38918607e-04 1.26043290e-03
4.20277909e-02 -8.52932474e-04 1.21678103e-03
4.24358138e-02 3.52324972e-04 1.23808038e-03
4.28438363e-02 5.16412429e-04 1.26177383e-03
4.32518584e-02 -5.63276870e-04 1.19717228e-03
4.36598801e-02 3.93962134e-04 1.23206687e-03
4.40679014e-02 -3.91339009e-04 1.26210481e-03
4.44759222e-02 1.46576293e-04 1.21496641e-03
4.48839427e-02 1.95681162e-04 1.17016112e-03
4.52919627e-02 2.11666596e-03 1.18494584e-03
4.56999823e-02 8.44306860e-04 1.16593990e-03
4.61080014e-02 3.48946525e-04 1.13065605e-03
4.65160201e-02 1.97452392e-03 1.18510060e-03
4.69240384e-02 4.84066794e-04 1.19054399e-03
4.73320562e-02 1.00768326e-03 1.24409049e-03
4.77400736e-02 -1.91259948e-04 1.18921398e-03
4.81480905e-02 1.41868171e-04 1.20775553e-03
4.85561070e-02 -6.37299771e-05 1.14449871e-03
4.89641230e-02 2.45538735e-03 1.16778531e-03
4.93721385e-02 -2.89562666e-04 1.12038821e-03
4.97801536e-02 3.16123111e-03 1.16441157e-03
5.01881682e-02 1.88834579e-04 1.14996999e-03
5.05961823e-02 3.78887742e-04 1.15341295e-03
5.10041960e-02 -1.20645182e-04 1.10655692e-03
5.14122091e-02 2.41975350e-04 1.11468043e-03
5.18202218e-02 1.48496376e-03 1.19301050e-03
5.22282340e-02 1.56090363e-03 1.13824668e-03
5.26362457e-02 1.80333007e-03 1.08069449e-03
5.30442569e-02 2.40275618e-04 1.08086732e-03
5.34522675e-02 -1.03782715e-03 1.10865506e-03
5.38602777e-02 9.91482984e-04 1.10206354e-03
5.42682874e-02 -5.04741301e-04 1.03461949e-03
5.46762965e-02 -1.50172712e-03 1.07583206e-03
5.50843052e-02 -5.11050208e-04 1.08558491e-03
5.54923133e-02 -1.01213764e-04 1.03959313e-03
5.59003208e-02 3.89861169e-04 1.09455710e-03
5.63083279e-02 -6.22970834e-04 1.12998727e-03
5.67163344e-02 -1.09279120e-04 1.11729778e-03
5.71243404e-02 -7.52496139e-04 1.10308069e-03
5.75323458e-02 -7.58051050e-05 1.09685933e-03
5.79403507e-02 7.83442777e-04 1.12849249e-03
5.83483551e-02 4.70301291e-04 1.10246446e-03
5.87563588e-02 1.08800141e-04 1.08812102e-03
5.91643621e-02 7.49930482e-04 1.12137140e-03
5.95723647e-02 -1.10734280e-03 1.08043742e-03
5.99803668e-02 1.24627267e-03 1.11040253e-03
6.03883684e-02 1.57315543e-03 1.15781697e-03
6.07963693e-02 -2.23360639e-04 1.08450772e-03
6.12043697e-02 -7.36916752e-04 1.11813840e-03
6.16123695e-02 -5.98015966e-04 1.09157013e-03
6.20203687e-02 6.94445532e-05 1.08769456e-03
6.24283674e-02 7.93898455e-04 1.04352765e-03
6.28363654e-02 9.68225984e-04 1.09489606e-03
6.32443629e-02 9.62460783e-04 1.05710291e-03
6.36523597e-02 5.37820988e-04 1.04690298e-03
6.40603559e-02 1.45170436e-03 1.06697516e-03
6.44683516e-02 1.15232782e-03 1.04214969e-03
6.48763466e-02 8.45754861e-04 1.03569202e-03
6.52843410e-02 -2.30590871e-04 1.00092540e-03
6.56923348e-02 7.13296107e-04 1.07306465e-03
6.61003279e-02 1.45413814e-03 1.06402773e-03
6.65083205e-02 -3.88035741e-04 1.03215933e-03
6.69163124e-02 6.36319366e-04 1.01002060e-03
6.73243036e-02 5.93738617e-04 9.74383073e-04
6.77322943e-02 1.48756407e-03 1.01418704e-03
6.81402842e-02 1.47045905e-04 1.00816916e-03
6.85482736e-02 6.96578694e-04 1.00679219e-03
6.89562623e-02 7.79261089e-04 9.87668935e-04
6.93642503e-02 -1.31226051e-03 9.81261279e-04
6.97722377e-02 8.69629122e-04 9.96924427e-04
7.01802244e-02 -1.22387410e-03 9.69349285e-04
7.05882105e-02 7.96784321e-06 9.62238689e-04
7.09961958e-02 3.17585184e-04 9.36939899e-04
7.14041805e-02 1.01268443e-03 9.22803614e-04
7.18121646e-02 -2.26947461e-05 9.18262487e-04
7.22201479e-02 -1.27390354e-04 9.27144100e-04
7.26281306e-02 9.05839552e-05 9.51140491e-04
7.30361126e-02 1.30123338e-03 9.61875913e-04
7.34440938e-02 2.14553275e-03 9.13041047e-04
7.38520744e-02 3.02526061e-04 9.29406607e-04
7.42600543e-02 1.56810209e-03 9.41337880e-04
7.46680335e-02 -6.24024793e-04 9.25736208e-04
7.50760119e-02 1.65511324e-04 9.10669852e-04
7.54839897e-02 2.06346122e-03 8.93650826e-04
7.58919667e-02 4.07375304e-04 9.23196193e-04
7.62999431e-02 8.03940339e-04 8.94213378e-04
7.67079187e-02 8.73700168e-04 9.19461113e-04
7.71158935e-02 2.79254375e-04 9.09966992e-04
7.75238677e-02 -8.61682345e-04 9.42808438e-04
7.79318411e-02 2.95586372e-04 8.94566315e-04
7.83398137e-02 -1.27430855e-03 9.04104113e-04
7.87477857e-02 -3.81716499e-05 8.90386427e-04
7.91557568e-02 1.89999440e-05 9.07300678e-04
7.95637273e-02 1.16999538e-03 8.99996401e-04
7.99716969e-02 7.14984362e-04 8.74872898e-04
8.03796658e-02 4.34027226e-04 8.74243932e-04
8.07876340e-02 7.65833320e-05 8.82825023e-04
8.11956014e-02 -1.10376412e-03 8.60845926e-04
8.16035680e-02 3.27562676e-04 8.68166596e-04
8.20115338e-02 8.94016056e-06 8.75790461e-04
8.24194989e-02 -1.05657615e-03 8.44623810e-04
8.28274631e-02 -3.19295590e-05 8.50776353e-04
8.32354266e-02 3.12718611e-04 8.48830827e-04
8.36433893e-02 -1.91888050e-03 8.40143726e-04
8.40513512e-02 9.93550772e-04 8.62252016e-04
8.44593123e-02 9.88603760e-04 8.71618691e-04
8.48672727e-02 2.55059018e-04 8.54270094e-04
8.52752322e-02 -9.12356608e-05 8.39482910e-04
8.56831909e-02 -1.25366535e-03 8.36231646e-04
8.60911487e-02 -1.44972433e-03 8.59647201e-04
8.64991058e-02 -4.30469420e-05 8.40913708e-04
8.69070620e-02 -4.61459843e-05 8.11101949e-04
8.73150175e-02 -2.96571683e-05 8.52621328e-04
8.77229721e-02 4.23439140e-04 8.55783207e-04
8.81309258e-02 9.22497353e-04 8.35308101e-04
8.85388787e-02 -2.45905281e-04 8.18661350e-04
8.89468308e-02 -3.77675405e-04 8.14379770e-04
8.93547821e-02 9.05158672e-04 8.28223212e-04
8.97627325e-02 -5.13816416e-04 8.11750124e-04
9.01706820e-02 -4.05429310e-04 7.81756815e-04
9.05786307e-02 -3.34360437e-04 8.06772925e-04
9.09865785e-02 -3.81833133e-04 8.14710222e-04
9.13945255e-02 5.96226853e-04 8.06314342e-04
9.18024716e-02 1.06952251e-03 7.98188180e-04
9.22104168e-02 8.96197134e-04 7.96973763e-04
9.26183611e-02 -4.18382291e-04 8.02037795e-04
9.30263046e-02 -1.23758199e-03 8.01796811e-04
9.34342472e-02 9.86929725e-04 8.31947558e-04
9.38421889e-02 -1.29677474e-04 8.11255287e-04
9.42501297e-02 5.96240482e-05 8.15574963e-04
9.46580696e-02 -3.21056766e-04 7.95143900e-04
9.50660087e-02 1.93282949e-03 8.25480397e-04
9.54739468e-02 -1.23631208e-04 8.16138506e-04
9.58818840e-02 1.20056694e-03 8.23902626e-04
9.62898203e-02 6.87173353e-04 7.81682393e-04
9.66977557e-02 1.01287767e-03 7.88842754e-04
9.71056902e-02 5.83674997e-04 7.93050655e-04
9.75136237e-02 -5.43790511e-04 7.78758321e-04
9.79215564e-02 6.58065649e-04 7.75066458e-04
9.83294881e-02 2.06883311e-04 7.91394472e-04
9.87374188e-02 1.76385274e-04 7.87856058e-04
9.91453487e-02 -8.77012823e-04 7.79820349e-04
9.95532775e-02 6.31689196e-04 7.65305588e-04
9.99612055e-02 -4.80539539e-04 7.80645895e-04
1.00369132e-01 1.61097536e-03 7.82279603e-04
1.00777059e-01 6.69854730e-04 7.55385852e-04
1.01184984e-01 3.96261676e-06 7.55322688e-04
1.01592908e-01 1.77191482e-04 7.76892553e-04
1.02000831e-01 1.46134986e-03 7.35796278e-04
1.02408753e-01 6.89132168e-04 7.48299986e-04
1.02816674e-01 1.20359081e-04 7.63926387e-04
1.03224595e-01 6.25512016e-04 7.48187284e-04
1.03632514e-01 -1.10761782e-03 7.59070965e-04
1.04040432e-01 -9.97226542e-04 7.44245918e-04
1.04448349e-01 2.30471252e-03 7.31281938e-04
1.04856266e-01 -1.27910166e-03 7.44737717e-04
1.05264181e-01 -3.30669192e-04 7.20313406e-04
1.05672095e-01 -2.81703915e-04 7.32537176e-04
1.06080009e-01 1.56605806e-03 7.42938119e-04
1.06487921e-01 4.76623078e-04 7.35963520e-04
1.06895832e-01 -3.95305241e-04 7.49413155e-04
1.07303743e-01 8.29947412e-04 7.40283356e-04
1.07711652e-01 2.03588173e-05 7.72709691e-04
1.08119560e-01 4.13857974e-04 7.47809164e-04
1.08527467e-01 -2.14216695e-05 7.37525475e-04
1.08935374e-01 3.55555229e-04 7.59090223e-04
1.09343279e-01 3.19588290e-05 7.38080800e-04
1.09751183e-01 6.26091476e-05 7.17582699e-04
1.10159086e-01 -7.31533403e-04 7.27784873e-04
1.10566988e-01 -1.46425074e-04 7.22544604e-04
1.10974889e-01 -1.80999504e-03 7.03782269e-04
1.11382789e-01 -1.18811360e-04 7.42128129e-04
1.11790688e-01 1.53320365e-03 7.52259030e-04
1.12198586e-01 8.89448999e-04 7.52734458e-04
1.12606482e-01 1.67435083e-03 7.46524034e-04
1.13014378e-01 7.99857656e-04 7.47033239e-04
1.13422273e-01 9.38833185e-04 7.21445520e-04
1.13830166e-01 3.13858754e-04 7.52092658e-04
1.14238059e-01 6.99765592e-04 7.29272089e-04
1.14645950e-01 4.44226811e-04 7.45913265e-04
1.15053840e-01 9.34300452e-04 7.59026530e-04
1.15461730e-01 4.33501460e-04 7.52032149e-04
1.15869618e-01 1.27163534e-03 7.50259964e-04
1.16277505e-01 1.79386726e-04 7.31308087e-04
1.16685391e-01 5.43685554e-04 7.30579043e-04
1.17093275e-01 4.72434633e-04 7.44892014e-04
1.17501159e-01 -1.31972496e-04 7.42112413e-04
1.17909042e-01 -2.25960562e-04 7.48899375e-04
1.18316923e-01 1.93613411e-04 7.16347754e-04
1.18724803e-01 1.02594736e-03 7.24407944e-04
1.19132683e-01 4.15305993e-04 7.12766157e-04
1.19540561e-01 8.07049067e-05 6.81955269e-04
1.19948438e-01 6.48933191e-04 7.11904531e-04
1.20356313e-01 2.85065462e-04 7.09112745e-04
1.20764188e-01 -5.92794203e-04 6.98282755e-04
1.21172062e-01 -5.93536340e-04 6.91651134e-04
1.21579934e-01 7.16435812e-04 7.02066950e-04
1.21987805e-01 -5.80014047e-04 6.84191049e-04
1.22395675e-01 -2.79389361e-04 6.90883917e-04
1.22803544e-01 3.60285435e-04 6.80129201e-04
1.23211412e-01 -9.16061159e-04 6.59475953e-04
1.23619278e-01 6.19877200e-04 6.94601313e-04
1.24027144e-01 7.24367319e-04 6.78336069e-04
1.24435008e-01 -1.71315357e-04 6.72649118e-04
1.24842871e-01 -2.42947326e-04 6.73961258e-04
1.25250733e-01 1.04974429e-04 6.96045435e-04
1.25658594e-01 3.83778862e-04 6.95355799e-04
1.26066453e-01 7.09894493e-04 6.95357322e-04
1.26474311e-01 4.54720702e-04 7.06616310e-04
1.26882168e-01 -3.80327514e-04 6.66106403e-04
1.27290024e-01 -1.10019141e-03 6.51642933e-04
1.27697879e-01 -1.86164760e-04 6.70849376e-04
1.28105732e-01 -1.47350258e-04 6.67462440e-04
1.28513585e-01 -2.07896341e-04 6.80741273e-04
1.28921436e-01 5.40712181e-04 6.62191034e-04
1.29329285e-01 -6.26474147e-04 6.58706305e-04
1.29737134e-01 -7.85363637e-04 6.70697333e-04
1.30144981e-01 -1.64765806e-04 6.58762645e-04
1.30552828e-01 -4.20680237e-05 6.46951886e-04
1.30960672e-01 5.23764709e-04 6.51917352e-04
1.31368516e-01 6.96315469e-04 6.55925297e-04
1.31776358e-01 6.96834194e-04 6.70149754e-04
1.32184200e-01 1.11090447e-03 6.56371877e-04
1.32592039e-01 3.08324948e-05 6.58562220e-04
1.32999878e-01 1.41927007e-03 6.43844157e-04
1.33407715e-01 4.97510360e-04 6.53782948e-04
1.33815552e-01 1.41672579e-03 6.42066810e-04
1.34223386e-01 7.29244989e-04 6.32347852e-04
1.34631220e-01 9.82387017e-04 6.45314605e-04
1.35039052e-01 7.56883376e-04 6.60533022e-04
1.35446883e-01 -5.38157862e-04 6.39626111e-04
1.35854713e-01 -1.43980041e-04 6.54564391e-04
1.36262541e-01 -4.73091244e-04 6.21640079e-04
1.36670368e-01 -5.67320193e-04 6.25786812e-04
1.37078194e-01 5.19649835e-05 6.43489112e-04
1.37486019e-01 8.84821336e-04 6.38376913e-04
1.37893842e-01 -6.54640336e-05 6.25831829e-04
1.38301664e-01 9.90006707e-04 6.26074919e-04
1.38709485e-01 5.66525643e-06 6.22404518e-04
1.39117304e-01 1.50271876e-05 6.15190010e-04
1.39525122e-01 -1.35509284e-04 6.35278332e-04
1.39932939e-01 -5.50469680e-05 6.19746375e-04
1.40340754e-01 -7.76149323e-06 5.94556268e-04
1.40748568e-01 -1.41960176e-03 6.04214876e-04
1.41156381e-01 -9.39527303e-04 6.14952146e-04
1.41564192e-01 -2.39053390e-04 6.21533853e-04
1.41972002e-01 -4.64170612e-05 6.05469016e-04
1.42379811e-01 -4.40429667e-04 6.24425474e-04
1.42787618e-01 6.68726643e-04 6.21081437e-04
1.43195424e-01 1.33706602e-05 6.09220898e-04
1.43603228e-01 1.55852312e-03 6.41869764e-04
1.44011032e-01 -2.05094344e-04 6.46241422e-04
1.44418833e-01 -5.87563810e-04 6.26360863e-04
1.44826634e-01 8.98215368e-04 6.29659874e-04
1.45234433e-01 3.35820084e-04 6.22404239e-04
1.45642231e-01 9.01987054e-04 6.24445760e-04
1.46050027e-01 1.08890810e-03 6.39881499e-04
1.46457822e-01 9.11378415e-04 6.45914663e-04
1.46865616e-01 1.10652621e-03 6.32095974e-04
1.47273408e-01 9.06711482e-05 6.33122199e-04
1.47681199e-01 -3.40431251e-04 6.23760621e-04
1.48088988e-01 3.14938883e-04 6.30849856e-04
1.48496776e-01 -1.30805398e-04 6.41265410e-04
1.48904563e-01 -9.83389130e-04 6.21519803e-04
1.49312348e-01 3.12375155e-05 6.20865717e-04
1.49720132e-01 5.28940066e-04 6.15568502e-04
1.50127914e-01 -2.54493230e-04 6.05481040e-04
1.50535695e-01 1.97975674e-04 5.99440788e-04
1.50943474e-01 -3.80470130e-04 6.16919217e-04
1.51351252e-01 6.47864793e-04 6.04987151e-04
1.51759029e-01 2.75926165e-05 6.19602072e-04
1.52166804e-01 -3.24577657e-04 6.01295755e-04
1.52574578e-01 -1.04991536e-04 6.06167426e-04
1.52982350e-01 -1.36458068e-05 5.98229931e-04
1.53390121e-01 2.31223400e-04 6.02200149e-04
1.53797890e-01 7.48763768e-04 5.98870154e-04
1.54205658e-01 3.94386909e-04 5.96959531e-04
1.54613425e-01 -5.25444421e-04 5.81057739e-04
1.55021190e-01 -1.50069830e-04 5.98853181e-04
1.55428953e-01 1.05174207e-03 5.96674078e-04
1.55836716e-01 6.33233934e-04 5.90967549e-04
1.56244476e-01 6.96793494e-04 5.96934415e-04
1.56652235e-01 5.46021169e-04 5.79172584e-04
1.57059993e-01 6.59072153e-04 5.80697335e-04
1.57467749e-01 -6.61748331e-04 5.77654799e-04
1.57875504e-01 2.73304652e-04 5.90500150e-04
1.58283257e-01 -3.38597374e-04 5.92909405e-04
1.58691008e-01 -3.17534843e-04 5.79612746e-04
1.59098758e-01 8.15537442e-04 5.73640654e-04
1.59506507e-01 4.78972687e-04 5.54775720e-04
1.59914254e-01 1.67106391e-05 5.70630961e-04
1.60322000e-01 1.31499100e-04 5.77532985e-04
1.60729744e-01 1.42357565e-03 5.69863834e-04
1.61137486e-01 -5.98888924e-05 5.75242582e-04
1.61545228e-01 8.76272298e-04 5.78370274e-04
1.61952967e-01 1.99227609e-04 5.73506855e-04
1.62360705e-01 1.01986918e-03 5.76437589e-04
1.62768441e-01 7.72860682e-05 5.74332913e-04
1.63176176e-01 -4.89294569e-04 5.54840539e-04
1.63583910e-01 -3.60694063e-04 5.57160988e-04
1.63991641e-01 -3.81033464e-04 5.73743543e-04
1.64399372e-01 2.72888012e-04 5.71884008e-04
1.64807100e-01 -1.33940848e-03 5.46585742e-04
1.65214827e-01 -2.18544018e-04 5.59494699e-04
1.65622553e-01 -3.28177967e-06 5.52831458e-04
1.66030277e-01 -1.14573732e-03 5.61310157e-04
1.66437999e-01 3.02892955e-04 5.68214865e-04
1.66845720e-01 -6.82175362e-04 5.68878330e-04
1.67253439e-01 -2.36234474e-07 5.66390441e-04
1.67661157e-01 7.75273783e-04 5.63559620e-04
1.68068873e-01 -5.29474084e-05 5.62241795e-04
1.68476588e-01 -3.26872899e-04 5.67931963e-04
1.68884301e-01 -4.60883224e-05 5.61646463e-04
1.69292012e-01 2.55587959e-04 5.59828227e-04
1.69699721e-01 -3.65411065e-04 5.41928692e-04
1.70107430e-01 4.34790029e-04 5.48373189e-04
1.70515136e-01 -9.84934718e-04 5.33428931e-04
1.70922841e-01 9.82641794e-04 5.54941164e-04
1.71330544e-01 -4.83127963e-05 5.46468730e-04
1.71738246e-01 4.83687038e-04 5.51689132e-04
1.72145946e-01 2.32840364e-04 5.54482306e-04
1.72553644e-01 4.97216459e-04 5.43522699e-04
1.72961341e-01 1.01150343e-04 5.50980231e-04
1.73369036e-01 1.12366451e-04 5.23007486e-04
1.73776729e-01 2.99500509e-04 5.57119344e-04
1.74184421e-01 3.69741939e-04 5.51346655e-04
1.74592111e-01 3.70602699e-04 5.37295784e-04
1.74999799e-01 -5.09728165e-04 5.48814900e-04
1.75407486e-01 2.27876876e-04 5.36449446e-04
1.75815171e-01 -5.89632492e-04 5.42737983e-04
1.76222855e-01 4.48255160e-04 5.35614129e-04
1.76630537e-01 -6.79363504e-05 5.40526614e-04
1.77038217e-01 3.88908612e-06 5.37693054e-04
1.77445895e-01 7.76452214e-04 5.35046545e-04
1.77853572e-01 1.11164378e-03 5.38140795e-04
1.78261247e-01 1.38398060e-04 5.36568308e-04
1.78668921e-01 8.23141969e-04 5.29719810e-04
1.79076592e-01 -2.32296231e-04 5.19762982e-04
1.79484262e-01 1.24056541e-03 5.25802396e-04
1.79891931e-01 5.51384168e-04 5.30294433e-04
1.80299597e-01 -1.21960413e-03 5.16739470e-04
1.80707262e-01 -5.91773414e-04 5.27472775e-04
1.81114925e-01 -2.15957580e-04 5.22465112e-04
1.81522587e-01 2.01327859e-03 5.29481666e-04
1.81930247e-01 5.00543657e-04 5.27482433e-04
1.82337905e-01 -1.09161528e-03 5.13769749e-04
1.82745561e-01 1.87765016e-05 5.19308817e-04
1.83153215e-01 7.77235181e-04 5.33051702e-04
1.83560868e-01 -1.41487869e-04 5.23200039e-04
1.83968519e-01 -3.58493657e-04 5.18050877e-04
1.84376169e-01 4.24053269e-04 5.15625535e-04
1.84783816e-01 5.02059843e-04 5.17300345e-04
1.85191462e-01 4.92280417e-04 5.21282108e-04
1.85599106e-01 3.48888119e-04 5.19132998e-04
1.86006749e-01 5.85170548e-05 5.20659694e-04
1.86414389e-01 8.86043011e-04 5.24428881e-04
1.86822028e-01 2.28611207e-04 5.28987126e-04
1.87229665e-01 1.31989327e-04 5.20633152e-04
1.87637300e-01 5.80663942e-04 5.12987075e-04
1.88044934e-01 -6.66227438e-04 5.08062102e-04
1.88452566e-01 -7.95506895e-04 5.15252193e-04
1.88860195e-01 4.10952678e-05 4.96794600e-04
1.89267824e-01 1.81184885e-04 5.10790067e-04
1.89675450e-01 1.08337593e-03 5.12477104e-04
1.90083074e-01 -3.60589701e-04 5.09899555e-04
1.90490697e-01 -5.46469207e-05 5.10779465e-04
1.90898318e-01 -4.15449129e-04 5.07269840e-04
1.91305937e-01 -5.52609163e-04 5.03742711e-04
1.91713555e-01 5.71048792e-04 5.03383584e-04
1.92121170e-01 -5.18606809e-04 4.97099184e-04
1.92528784e-01 -8.14596932e-05 4.93923735e-04
1.92936396e-01 5.17756831e-04 5.11368762e-04
1.93344006e-01 -5.69669074e-05 4.99366464e-04
1.93751614e-01 3.21590378e-04 5.01574881e-04
1.94159220e-01 7.71755733e-04 4.99817671e-04
1.94566825e-01 1.22017587e-04 5.01318809e-04
1.94974427e-01 4.89814868e-04 5.02853758e-04
1.95382028e-01 -8.36497949e-04 4.96753414e-04
1.95789627e-01 -3.12818332e-04 5.00255011e-04
1.96197224e-01 2.62416835e-04 5.02566805e-04
1.96604820e-01 5.84667420e-04 5.00315717e-04
1.97012413e-01 2.39153599e-04 4.93071102e-04
1.97420005e-01 1.52149808e-04 5.02647141e-04
1.97827594e-01 -4.20450977e-05 5.05235328e-04
1.98235182e-01 8.74636551e-04 5.07825917e-04
1.98642768e-01 -2.29966265e-04 5.04930545e-04
1.99050352e-01 -1.27301545e-05 5.05063013e-04
1.99457934e-01 2.99211429e-05 5.04817827e-04
1.99865514e-01 -1.57974257e-04 5.02621012e-04
2.00273093e-01 3.31923087e-04 4.94874732e-04
2.00680669e-01 4.56690088e-06 5.05410420e-04
2.01088244e-01 -5.10639976e-04 5.10102303e-04
2.01495816e-01 3.00611408e-04 5.21458040e-04
2.01903387e-01 -4.90802809e-04 4.94619554e-04
2.02310956e-01 7.69415009e-04 5.17640859e-04
2.02718523e-01 1.30735248e-04 5.15056315e-04
2.03126088e-01 4.04094903e-04 5.17662026e-04
2.03533651e-01 -9.17529617e-05 5.06640339e-04
2.03941212e-01 3.01188190e-04 5.10039448e-04
2.04348771e-01 3.86108367e-04 5.05540354e-04
2.04756329e-01 1.34537698e-03 5.14411781e-04
2.05163884e-01 7.16084999e-04 5.15814522e-04
2.05571438e-01 9.69262452e-04 5.04547752e-04
2.05978989e-01 3.61144805e-04 4.96245205e-04
2.06386539e-01 8.74238573e-04 4.91925980e-04
2.06794086e-01 -2.84608852e-05 4.83916715e-04
2.07201632e-01 -3.97625410e-04 4.86110292e-04
2.07609175e-01 4.10615826e-04 4.98653945e-04
2.08016717e-01 5.82830016e-04 4.96906741e-04
2.08424257e-01 1.85591724e-04 4.82242116e-04
2.08831794e-01 4.38606109e-04 4.75495747e-04
2.09239330e-01 5.85481361e-04 4.82642470e-04
2.09646864e-01 1.52865927e-04 4.87130659e-04
2.10054396e-01 9.65470513e-04 4.93807612e-04
2.10461925e-01 1.82551014e-04 4.90028265e-04
2.10869453e-01 -1.40752789e-04 4.80666105e-04
2.11276979e-01 -6.68090400e-04 4.86706574e-04
2.11684503e-01 -4.36447045e-05 4.79140058e-04
2.12092025e-01 7.98049651e-04 4.88712995e-04
2.12499544e-01 -1.56551750e-05 4.80578380e-04
2.12907062e-01 3.68545975e-04 4.82417325e-04
2.13314578e-01 2.06079086e-04 4.84300520e-04
2.13722092e-01 -7.82110835e-05 4.69659328e-04
2.14129603e-01 1.43980034e-04 4.74694827e-04
2.14537113e-01 4.75307482e-04 4.88445735e-04
2.14944621e-01 1.77194347e-05 4.71743575e-04
2.15352126e-01 8.51876717e-04 4.87122856e-04
2.15759630e-01 -8.43816107e-05 4.66550098e-04
2.16167131e-01 5.98346123e-05 4.71130339e-04
2.16574631e-01 1.00569530e-03 4.81748689e-04
2.16982128e-01 -5.01010604e-05 4.82657017e-04
2.17389624e-01 -4.22093087e-04 4.80680542e-04
2.17797117e-01 -6.24728924e-04 4.57033644e-04
2.18204608e-01 8.24523419e-04 4.74841797e-04
2.18612098e-01 7.19051923e-04 4.71370015e-04
2.19019585e-01 1.16146098e-04 4.61447989e-04
2.19427070e-01 3.94796315e-04 4.56551064e-04
2.19834553e-01 -5.78718120e-04 4.60464058e-04
2.20242034e-01 5.25341927e-05 4.68820176e-04
2.20649512e-01 3.97327510e-04 4.57614530e-04
2.21056989e-01 3.17253192e-04 4.60217790e-04
2.21464464e-01 1.15619116e-03 4.67267144e-04
2.21871936e-01 4.97314500e-04 4.65054362e-04
2.22279407e-01 5.24996353e-04 4.65342466e-04
2.22686875e-01 3.72038075e-04 4.55197209e-04
2.23094341e-01 2.43331376e-04 4.64815288e-04
2.23501805e-01 -1.59449389e-04 4.61272375e-04
2.23909267e-01 1.15660632e-03 4.65308823e-04
2.24316727e-01 -5.78135144e-04 4.65088685e-04
2.24724185e-01 2.28696574e-04 4.65506640e-04
2.25131641e-01 -3.49882444e-04 4.64056869e-04
2.25539094e-01 -4.80599661e-04 4.50115258e-04
2.25946545e-01 5.02283942e-04 4.60150143e-04
2.26353995e-01 1.33915440e-04 4.61865989e-04
2.26761442e-01 1.20134779e-04 4.59340586e-04
2.27168887e-01 6.98015742e-05 4.58407473e-04
2.27576329e-01 -7.52441810e-04 4.50524167e-04
2.27983770e-01 2.01911174e-04 4.51779235e-04
2.28391208e-01 -1.06156918e-04 4.53003665e-04
2.28798645e-01 -1.48303209e-05 4.57896993e-04
2.29206079e-01 -2.37398272e-04 4.53578715e-04
2.29613511e-01 4.75331599e-04 4.54175196e-04
2.30020941e-01 4.02420111e-04 4.72696784e-04
2.30428368e-01 4.30572395e-04 4.79871440e-04
2.30835794e-01 2.17474863e-04 4.59870929e-04
2.31243217e-01 3.35489478e-04 4.67485017e-04
2.31650638e-01 6.03928106e-04 4.70908751e-04
2.32058057e-01 -2.67538015e-05 4.69239488e-04
2.32465473e-01 -2.17362485e-04 4.69738253e-04
2.32872888e-01 -1.99653912e-04 4.66427490e-04
2.33280300e-01 -1.26480417e-04 4.59273671e-04
2.33687710e-01 1.17675838e-04 4.62553430e-04
2.34095118e-01 -2.59256370e-04 4.62049093e-04
2.34502524e-01 4.16027111e-04 4.72072994e-04
2.34909927e-01 7.66235167e-04 4.74952633e-04
2.35317328e-01 8.91917636e-04 4.60470011e-04
2.35724727e-01 -2.85632013e-04 4.61036664e-04
2.36132124e-01 -1.71709459e-04 4.59481093e-04
2.36539518e-01 -1.19695961e-03 4.49180662e-04
2.36946911e-01 9.48720625e-04 4.61810400e-04
2.37354301e-01 3.36317469e-04 4.50134289e-04
2.37761688e-01 -7.46388727e-05 4.49430400e-04
2.38169074e-01 -2.33568883e-04 4.55472517e-04
2.38576457e-01 1.70353050e-04 4.49721192e-04
2.38983838e-01 1.48485536e-04 4.42487842e-04
2.39391217e-01 -5.77027444e-04 4.39316924e-04
2.39798593e-01 2.14965852e-04 4.42043259e-04
2.40205967e-01 4.47678260e-04 4.49753919e-04
2.40613339e-01 3.90408469e-04 4.57272850e-04
2.41020709e-01 7.56478042e-04 4.41526415e-04
2.41428076e-01 2.04622290e-04 4.41049105e-04
2.41835441e-01 5.03421618e-04 4.50673696e-04
2.42242804e-01 -4.75121046e-04 4.38299872e-04
2.42650165e-01 -7.22599501e-04 4.37650709e-04
2.43057523e-01 1.89905368e-04 4.43583192e-04
2.43464879e-01 3.41759765e-04 4.35540532e-04
2.43872232e-01 9.90225482e-04 4.41090968e-04
2.44279584e-01 7.57738387e-04 4.46903353e-04
2.44686933e-01 8.36852699e-04 4.42754824e-04
2.45094279e-01 4.93052521e-04 4.42228718e-04
2.45501624e-01 7.85341117e-04 4.41368906e-04
2.45908966e-01 1.18149512e-03 4.37638165e-04
2.46316305e-01 1.07961430e-04 4.35421394e-04
2.46723643e-01 8.57149779e-05 4.35496082e-04
2.47130978e-01 -3.85860756e-04 4.36708349e-04
2.47538310e-01 -2.49698387e-05 4.35511107e-04
2.47945641e-01 -1.90341194e-04 4.33227007e-04
2.48352969e-01 2.01117671e-04 4.30247115e-04
2.48760294e-01 5.15759227e-04 4.32194598e-04
2.49167618e-01 5.53834567e-04 4.32694473e-04
2.49574939e-01 1.91881712e-04 4.39926466e-04
2.49982257e-01 6.47076564e-05 4.33263419e-04
2.50389573e-01 2.75349033e-04 4.31241161e-04
2.50796887e-01 -9.21478049e-04 4.28269206e-04
2.51204199e-01 -7.71261151e-05 4.25726904e-04
2.51611508e-01 -5.93187629e-05 4.33156810e-04
2.52018815e-01 1.90351421e-04 4.27717551e-04
2.52426119e-01 1.47963109e-03 4.42792354e-04
2.52833421e-01 2.10416871e-04 4.30310961e-04
2.53240720e-01 9.78889838e-04 4.33683944e-04
2.53648017e-01 -3.39612182e-04 4.19284188e-04
2.54055312e-01 -7.65435880e-05 4.31424851e-04
2.54462605e-01 5.24452305e-04 4.28385831e-04
2.54869894e-01 2.14593294e-04 4.21919094e-04
2.55277182e-01 1.62266253e-04 4.27313238e-04
2.55684467e-01 -7.37539684e-05 4.25873112e-04
2.56091750e-01 -4.95782954e-04 4.17487998e-04
2.56499030e-01 -4.36568762e-04 4.15283300e-04
2.56906308e-01 -3.34887622e-04 4.24162520e-04
2.57313583e-01 -1.33938901e-04 4.21933390e-04
2.57720856e-01 2.72693598e-04 4.18481275e-04
2.58128127e-01 -3.91433871e-04 4.14340215e-04
2.58535395e-01 1.47562447e-04 4.19330810e-04
2.58942661e-01 -3.50066100e-04 4.20253925e-04
2.59349924e-01 4.46817419e-04 4.12112813e-04
2.59757184e-01 -3.92160492e-04 4.10492380e-04
2.60164443e-01 -6.48749215e-04 4.15381183e-04
2.60571699e-01 -5.63415372e-05 4.21431864e-04
2.60978952e-01 -1.07408844e-04 4.20672880e-04
2.61386203e-01 1.39683790e-04 4.15348828e-04
2.61793451e-01 6.37135105e-04 4.20907565e-04
2.62200697e-01 4.72053094e-04 4.20351432e-04
2.62607941e-01 -4.66968608e-04 4.11465977e-04
2.63015182e-01 9.99512622e-05 4.10993326e-04
2.63422420e-01 3.85643021e-04 4.11873571e-04
2.63829656e-01 6.84169253e-04 4.17093099e-04
2.64236890e-01 3.36774016e-04 4.13782035e-04
2.64644121e-01 -1.01968243e-04 4.10754272e-04
2.65051349e-01 -4.83261096e-04 4.18624781e-04
2.65458575e-01 2.95412335e-04 4.13249732e-04
2.65865799e-01 1.09230157e-05 3.98273025e-04
2.66273019e-01 -6.68759279e-04 4.07945950e-04
2.66680238e-01 2.88074982e-04 4.11893311e-04
2.67087454e-01 1.58981015e-04 4.17638812e-04
2.67494667e-01 -1.92337846e-04 4.11910655e-04
2.67901878e-01 4.03544173e-04 4.14789447e-04
2.68309086e-01 -1.01260946e-04 4.02544711e-04
2.68716292e-01 6.69478029e-04 4.01591340e-04
2.69123495e-01 1.32898644e-04 4.07470562e-04
2.69530696e-01 -4.74911526e-04 4.05773758e-04
2.69937894e-01 3.29441179e-04 4.06160630e-04
2.70345090e-01 1.61905036e-04 4.11944503e-04
2.70752283e-01 5.12306716e-04 4.10450418e-04
2.71159473e-01 4.00392170e-04 4.03273860e-04
2.71566661e-01 1.48827388e-04 3.99646977e-04
2.71973847e-01 -5.89427078e-04 4.03530326e-04
2.72381030e-01 8.28893527e-04 4.06047235e-04
2.72788210e-01 3.61090593e-04 4.07769579e-04
2.73195387e-01 -3.59983095e-04 3.98340451e-04
2.73602562e-01 -4.73378030e-04 3.99863151e-04
2.74009735e-01 1.01274544e-05 3.96386008e-04
2.74416905e-01 -3.10986866e-04 3.99993149e-04
2.74824072e-01 5.44580306e-04 3.96309809e-04
2.75231237e-01 -3.54396254e-04 3.92435108e-04
2.75638399e-01 1.19098212e-04 3.97118274e-04
2.76045558e-01 -8.45065398e-04 3.98718852e-04
2.76452715e-01 -4.62083908e-04 3.93446828e-04
2.76859869e-01 3.60729687e-05 3.95204029e-04
2.77267021e-01 5.39246175e-04 3.93323353e-04
2.77674170e-01 3.82918347e-04 4.00584478e-04
2.78081316e-01 6.04851224e-05 3.95140090e-04
2.78488460e-01 1.45197662e-04 4.00425473e-04
2.78895601e-01 7.80323352e-04 3.99996233e-04
2.79302740e-01 1.36800716e-04 4.01231709e-04
2.79709875e-01 2.99871145e-04 3.90174351e-04
2.80117009e-01 6.81942752e-04 4.00664815e-04
2.80524139e-01 7.84893982e-04 3.96912928e-04
2.80931267e-01 3.59523190e-04 3.88829817e-04
2.81338392e-01 3.86407818e-04 3.91925206e-04
2.81745515e-01 -4.03380059e-04 3.84801358e-04
2.82152635e-01 5.83195320e-04 3.95925148e-04
2.82559752e-01 3.34261607e-04 3.87493423e-04
2.82966866e-01 -4.55276255e-04 3.87967369e-04
2.83373978e-01 -5.94682850e-04 3.90211645e-04
2.83781088e-01 -2.17263809e-04 3.88578836e-04
2.84188194e-01 2.09693691e-04 3.91202484e-04
2.84595298e-01 6.37874286e-04 3.97920317e-04
2.85002399e-01 2.81722967e-04 3.91961489e-04
2.85409497e-01 -3.36809420e-05 3.95723365e-04
2.85816593e-01 8.89841516e-04 3.93623754e-04
2.86223686e-01 -3.66285898e-04 3.98668931e-04
2.86630777e-01 -4.79360323e-04 3.96835383e-04
2.87037864e-01 2.57266854e-04 3.96717795e-04
2.87444949e-01 1.57835265e-05 4.00715625e-04
2.87852031e-01 9.22737379e-04 4.04526271e-04
2.88259111e-01 3.78109342e-04 4.02077999e-04
2.88666188e-01 2.53055481e-05 3.96650081e-04
2.89073262e-01 2.97232549e-06 3.95654263e-04
2.89480333e-01 -1.18734652e-04 3.88836784e-04
2.89887401e-01 1.99041825e-04 4.00842675e-04
2.90294467e-01 -5.59678951e-05 3.91570260e-04
2.90701530e-01 6.15942969e-05 3.96614479e-04
2.91108591e-01 -4.56644404e-04 3.86267249e-04
2.91515648e-01 -6.36287628e-04 3.87341921e-04
2.91922703e-01 2.54625858e-05 3.92808038e-04
2.92329755e-01 7.52997175e-04 3.88876339e-04
2.92736804e-01 -9.14240337e-05 3.88290522e-04
2.93143851e-01 4.39951152e-04 3.91480219e-04
2.93550895e-01 3.90554716e-04 3.96249181e-04
2.93957936e-01 -3.10977179e-04 3.94916236e-04
2.94364974e-01 -4.44564500e-04 3.85808517e-04
2.94772009e-01 3.83750366e-04 4.03328579e-04
2.95179042e-01 1.35318788e-04 3.84658098e-04
2.95586072e-01 -3.60055924e-04 3.84884804e-04
2.95993099e-01 -2.13726611e-04 3.93840271e-04
2.96400123e-01 5.25518795e-04 3.96607115e-04
2.96807145e-01 -2.25233963e-04 3.98546850e-04
2.97214163e-01 -1.58961799e-04 3.85164973e-04
2.97621179e-01 1.25233517e-04 3.90559657e-04
2.98028192e-01 1.00924073e-04 3.96967896e-04
2.98435202e-01 3.34169179e-04 3.98613727e-04
2.98842210e-01 1.31125114e-04 3.94103190e-04
2.99249214e-01 5.38804979e-04 3.95924699e-04
2.99656216e-01 5.64992854e-04 3.99315921e-04
3.00063215e-01 -6.69410821e-04 3.85864635e-04
3.00470211e-01 -3.97945769e-04 3.89953893e-04
3.00877204e-01 -2.16737309e-04 3.91719299e-04
3.01284194e-01 2.60879888e-04 3.91111304e-04
3.01691182e-01 -3.87639312e-04 3.94724702e-04
3.02098167e-01 -2.86617907e-04 3.97733204e-04
3.02505149e-01 -5.37625837e-05 3.92588590e-04
3.02912128e-01 -3.89569507e-05 3.99641082e-04
3.03319104e-01 4.69296274e-04 3.94033637e-04
3.03726077e-01 -3.49383870e-04 3.90259019e-04
3.04133047e-01 6.11107758e-04 3.98334887e-04
3.04540015e-01 4.63427127e-04 3.91677813e-04
3.04946979e-01 -3.38078624e-04 3.90277841e-04
3.05353941e-01 -4.81683941e-04 3.85557767e-04
3.05760900e-01 -6.17123835e-04 3.86454693e-04
3.06167856e-01 9.87507777e-05 3.85352024e-04
3.06574809e-01 1.57432687e-04 3.89738657e-04
3.06981759e-01 6.43959351e-04 3.97531563e-04
3.07388706e-01 3.96458296e-04 3.91935099e-04
3.07795651e-01 1.92339952e-04 3.88866534e-04
3.08202592e-01 -1.22542417e-04 3.89534832e-04
3.08609531e-01 1.28290139e-04 3.94119669e-04
3.09016466e-01 -4.75498815e-04 3.93744336e-04
3.09423399e-01 1.07667856e-04 3.92025810e-04
3.09830329e-01 -2.75094876e-04 3.88665713e-04
3.10237256e-01 -2.26687337e-04 3.93965791e-04
3.10644180e-01 2.47933678e-04 3.95042150e-04
3.11051101e-01 1.36669448e-05 3.97745641e-04
3.11458019e-01 1.81431377e-04 4.03296093e-04
3.11864934e-01 2.45112067e-04 4.04102773e-04
3.12271846e-01 5.42639889e-04 4.05474198e-04
3.12678755e-01 3.00887993e-04 4.01512411e-04
3.13085661e-01 -2.71314710e-04 3.99652133e-04
3.13492565e-01 -4.02583162e-04 3.95330153e-04
3.13899465e-01 2.08321929e-04 4.02849026e-04
3.14306362e-01 1.55760444e-04 4.05957714e-04
3.14713257e-01 3.09381744e-04 4.00944285e-04
3.15120148e-01 4.24749751e-04 3.96560116e-04
3.15527037e-01 -2.62972475e-04 4.13666396e-04
3.15933922e-01 -1.11170626e-04 4.15125666e-04
3.16340805e-01 8.17030057e-04 4.48221671e-04
3.16747684e-01 7.85649436e-04 4.89166995e-04
3.17154561e-01 2.25962345e-04 5.11214325e-04
3.17561434e-01 -8.37081725e-04 5.40037359e-04
3.17968305e-01 4.94614001e-04 5.81924023e-04
3.18375172e-01 -6.01359179e-04 6.04191000e-04
3.18782037e-01 7.36880628e-05 6.37451343e-04
3.19188898e-01 2.52046780e-04 6.71196648e-04
3.19595757e-01 -4.63705014e-04 6.61766776e-04
3.20002612e-01 -7.79057374e-04 7.04164213e-04
3.20409465e-01 2.10552117e-03 7.97292539e-04
3.20816314e-01 2.18920445e-03 8.33657976e-04
3.21223160e-01 2.02943239e-04 9.24696690e-04
3.21630004e-01 -1.57852161e-03 1.05083419e-03
3.22036844e-01 2.40541601e-05 1.34533408e-03
3.22443681e-01 -7.63971891e-04 1.84337995e-03
3.22850516e-01 -2.59153336e-03 6.40168045e-03
