4.08043586e-03 -1.11474718e-01 2.58017059e-02
4.48847930e-03 -9.66278883e-02 2.69489851e-02
4.89652269e-03 -7.43411235e-02 2.02711014e-02
5.30456604e-03 -6.84340344e-02 1.38437033e-02
5.71260934e-03 -3.23190595e-02 1.07853026e-02
6.12065258e-03 -3.86603593e-02 8.84168260e-03
6.52869577e-03 -2.65048096e-02 8.00390918e-03
6.93673889e-03 -2.90058724e-02 6.83684517e-03
7.34478195e-03 -2.18996981e-02 5.18969268e-03
7.75282494e-03 -1.59627559e-02 5.39908414e-03
8.16086785e-03 -1.45082393e-02 4.53895983e-03
8.56891069e-03 -2.02150121e-02 4.35188326e-03
8.97695345e-03 -1.81461716e-02 3.72741866e-03
9.38499612e-03 -6.73369921e-03 3.61442776e-03
9.79303870e-03 -4.23027676e-03 3.63718579e-03
1.02010812e-02 -7.60965719e-03 3.21707930e-03
1.06091236e-02 -8.12082940e-04 3.38612092e-03
1.10171659e-02 -5.25382298e-04 2.85105542e-03
1.14252081e-02 -2.70908416e-04 2.97251981e-03
1.18332501e-02 -4.47475463e-03 2.81695261e-03
1.22412921e-02 -3.03077252e-03 2.93589303e-03
1.26493339e-02 -1.20906483e-03 2.59204874e-03
1.30573757e-02 -1.97531389e-03 2.24846555e-03
1.34654173e-02 9.68128427e-04 2.40941860e-03
1.38734588e-02 6.01828901e-04 2.25711332e-03
1.42815001e-02 1.06167297e-03 2.42092506e-03
1.46895413e-02 -5.02560251e-04 2.42006905e-03
1.50975824e-02 1.07322550e-03 2.16370568e-03
1.55056233e-02 -3.56062799e-03 2.03078976e-03
1.59136641e-02 -3.25971343e-04 2.24797049e-03
1.63217047e-02 3.79403831e-03 2.14058196e-03
1.67297452e-02 6.28351832e-04 2.15266775e-03
1.71377855e-02 -1.14888613e-03 1.99342156e-03
1.75458257e-02 -2.21824581e-03 1.78324981e-03
1.79538657e-02 -9.70617452e-04 1.90301079e-03
1.83619055e-02 3.84619378e-03 1.87083511e-03
1.87699451e-02 -2.18900940e-03 1.88690831e-03
1.91779846e-02 -1.54492803e-04 1.89337493e-03
1.95860239e-02 -6.05225853e-04 1.82662293e-03
1.99940630e-02 2.67434410e-04 1.88149224e-03
2.04021019e-02 5.11396689e-04 1.86684355e-03
2.08101406e-02 9.26311991e-04 1.76636261e-03
2.12181791e-02 1.64493809e-03 1.79387519e-03
2.16262174e-02 3.71470191e-03 1.79163432e-03
2.20342555e-02 -2.03087841e-03 1.61224116e-03
2.24422934e-02 5.60530944e-04 1.79541169e-03
2.28503311e-02 -7.20138245e-04 1.67052178e-03
2.32583686e-02 1.37182776e-04 1.69401696e-03
2.36664058e-02 8.88760547e-04 1.63066070e-03
2.40744429e-02 -7.98460761e-04 1.57499702e-03
2.44824797e-02 -2.03632487e-03 1.69507130e-03
2.48905162e-02 -2.65310068e-03 1.63675338e-03
2.52985525e-02 1.12878648e-03 1.63444438e-03
2.57065886e-02 1.74614189e-03 1.78111578e-03
2.61146245e-02 -2.28583932e-04 1.74629111e-03
2.65226601e-02 -1.47082760e-03 1.63666321e-03
2.69306954e-02 -2.05723172e-03 1.70341656e-03
2.73387305e-02 -1.85164910e-03 1.65368903e-03
2.77467653e-02 -1.44758733e-03 1.54602397e-03
2.81547999e-02 -3.20579049e-03 1.54555977e-03
2.85628342e-02 -1.17055040e-03 1.59716707e-03
2.89708682e-02 -2.93998419e-03 1.61336493e-03
2.93789020e-02 -8.45053828e-04 1.60597053e-03
2.97869355e-02 -1.75315195e-03 1.47425168e-03
3.01949687e-02 -1.92905430e-03 1.62197222e-03
3.06030016e-02 6.55263578e-04 1.54171473e-03
3.10110342e-02 -3.94856750e-03 1.64006645e-03
3.14190665e-02 -1.03565505e-03 1.50597213e-03
3.18270985e-02 -7.82639026e-04 1.52976249e-03
3.22351302e-02 2.91152875e-04 1.45385628e-03
3.26431617e-02 -6.03339144e-04 1.43664592e-03
3.30511928e-02 9.77513172e-04 1.46170380e-03
3.34592236e-02 -3.04569880e-04 1.48833453e-03
3.38672540e-02 -5.58645548e-04 1.45838944e-03
3.42752842e-02 -9.76430645e-04 1.44826186e-03
3.46833140e-02 1.60290269e-03 1.42260478e-03
3.50913435e-02 -1.18893811e-03 1.37492693e-03
3.54993727e-02 -1.16418518e-03 1.44722657e-03
3.59074015e-02 -1.11912547e-03 1.36723033e-03
3.63154300e-02 -1.72945109e-03 1.32246473e-03
3.67234581e-02 -8.74940229e-04 1.36914847e-03
3.71314859e-02 3.05679824e-03 1.41659626e-03
3.75395134e-02 3.49600711e-04 1.32376791e-03
3.79475405e-02 2.88046853e-03 1.30700024e-03
3.83555672e-02 -1.41281192e-03 1.27214472e-03
3.87635935e-02 -2.60882179e-03 1.30657822e-03
3.91716195e-02 -3.57021891e-03 1.28088797e-03
3.95796452e-02 -1.34569551e-03 1.32409692e-03
3.99876704e-02 -2.37040266e-03 1.30445179e-03
4.03956953e-02 1.11368233e-03 1.37623323e-03
4.08037198e-02 -3.21767250e-04 1.25735283e-03
4.12117439e-02 -4.30584163e-04 1.23437679e-03
4.16197676e-02 6.43734417e-05 1.26008810e-03
4.20277909e-02 -1.23435954e-03 1.22252026e-03
4.24358138e-02 -4.17333114e-05 1.28605339e-03
4.28438363e-02 3.18694879e-03 1.24929598e-03
4.32518584e-02 5.86131126e-04 1.17964036e-03
4.36598801e-02 1.14740599e-03 1.22961331e-03
4.40679014e-02 -1.13410111e-03 1.16797714e-03
4.44759222e-02 4.47024401e-04 1.15375930e-03
4.48839427e-02 -1.33679204e-05 1.23175615e-03
4.52919627e-02 1.21850182e-03 1.18311004e-03
4.56999823e-02 -1.21648363e-03 1.14010690e-03
4.61080014e-02 5.47899451e-04 1.22731420e-03
4.65160201e-02 1.44027227e-03 1.20102542e-03
4.69240384e-02 1.35908420e-03 1.23716021e-03
4.73320562e-02 -1.81123854e-03 1.13909935e-03
4.77400736e-02 -4.45639605e-04 1.10202957e-03
4.81480905e-02 -6.14087666e-04 1.16299972e-03
4.85561070e-02 -2.04765487e-03 1.14464320e-03
4.89641230e-02 1.98288721e-03 1.16499651e-03
4.93721385e-02 2.70423527e-03 1.14178605e-03
4.97801536e-02 3.27331763e-04 1.16698011e-03
5.01881682e-02 9.12256005e-05 1.13056264e-03
5.05961823e-02 1.00286822e-03 1.18324564e-03
5.10041960e-02 -1.98103561e-04 1.14000978e-03
5.14122091e-02 2.13339162e-03 1.19483311e-03
5.18202218e-02 2.63636407e-04 1.15512507e-03
5.22282340e-02 2.13728090e-03 1.09486003e-03
5.26362457e-02 1.49561178e-03 1.11545872e-03
5.30442569e-02 -5.33488852e-04 1.03931190e-03
5.34522675e-02 -6.25763423e-04 1.11985408e-03
5.38602777e-02 -4.68089557e-04 1.05863205e-03
5.42682874e-02 -6.37735550e-04 1.08286881e-03
5.46762965e-02 8.93918897e-04 1.11300915e-03
5.50843052e-02 1.09799216e-03 1.10334660e-03
5.54923133e-02 1.17860000e-03 1.07244485e-03
5.59003208e-02 1.47386842e-03 1.03946596e-03
5.63083279e-02 -1.88306096e-03 1.04531056e-03
5.67163344e-02 -7.99770349e-04 1.07533936e-03
5.71243404e-02 -6.28600716e-04 1.06856110e-03
5.75323458e-02 4.90593586e-05 1.10730876e-03
5.79403507e-02 1.19489915e-03 1.09278911e-03
5.83483551e-02 -7.54951445e-04 1.06445630e-03
5.87563588e-02 -1.66422776e-03 1.04351122e-03
5.91643621e-02 -1.32447343e-03 1.09141372e-03
5.95723647e-02 -9.64895684e-04 1.13056919e-03
5.99803668e-02 1.86701749e-03 1.11005405e-03
6.03883684e-02 -1.02704357e-03 1.10524915e-03
6.07963693e-02 4.12983024e-04 1.14515177e-03
6.12043697e-02 1.50847355e-03 1.12984400e-03
6.16123695e-02 -2.03001521e-03 1.15314793e-03
6.20203687e-02 -4.23563470e-04 1.09055117e-03
6.24283674e-02 -7.28696302e-04 1.06340083e-03
6.28363654e-02 3.58238992e-04 1.05850458e-03
6.32443629e-02 5.84692523e-04 1.01089792e-03
6.36523597e-02 -7.34310035e-04 1.09455460e-03
6.40603559e-02 5.89447822e-04 1.06673312e-03
6.44683516e-02 6.08964907e-04 1.05647594e-03
6.48763466e-02 1.33741357e-04 1.03128526e-03
6.52843410e-02 -1.71713020e-03 9.93442735e-04
6.56923348e-02 -1.51643335e-04 1.03770261e-03
6.61003279e-02 3.08494479e-05 1.01733090e-03
6.65083205e-02 1.13241550e-03 1.00757350e-03
6.69163124e-02 2.19003243e-03 1.04223892e-03
6.73243036e-02 -1.43483672e-03 9.40448629e-04
6.77322943e-02 -8.04950432e-04 9.64465609e-04
6.81402842e-02 -7.13740340e-04 9.71531071e-04
6.85482736e-02 -5.18975644e-04 9.50300542e-04
6.89562623e-02 4.67691453e-04 9.64193877e-04
6.93642503e-02 1.22292323e-03 9.84072495e-04
6.97722377e-02 -1.15196481e-05 9.95644876e-04
7.01802244e-02 1.76032236e-03 1.00289645e-03
7.05882105e-02 5.79665798e-04 9.59935520e-04
7.09961958e-02 4.05474606e-04 9.51918201e-04
7.14041805e-02 -7.87414433e-04 9.49677834e-04
7.18121646e-02 5.38419931e-04 9.28736982e-04
7.22201479e-02 -3.02039555e-04 9.44029870e-04
7.26281306e-02 -9.36764473e-04 9.63187722e-04
7.30361126e-02 5.77705649e-04 9.66258646e-04
7.34440938e-02 5.75713775e-04 9.06248058e-04
7.38520744e-02 -2.66938547e-04 9.02875215e-04
7.42600543e-02 -1.10009553e-03 9.35129250e-04
7.46680335e-02 -1.62114789e-03 9.27797942e-04
7.50760119e-02 6.67638441e-04 9.20386025e-04
7.54839897e-02 1.22441625e-03 9.18625798e-04
7.58919667e-02 5.85312002e-04 9.02097308e-04
7.62999431e-02 -2.74384691e-04 9.24546487e-04
7.67079187e-02 1.00457595e-03 9.06320212e-04
7.71158935e-02 1.37832416e-04 9.10946533e-04
7.75238677e-02 -9.55536515e-04 8.81317729e-04
7.79318411e-02 -7.94107461e-04 9.28235351e-04
7.83398137e-02 -8.31078415e-04 8.93357037e-04
7.87477857e-02 -7.68720400e-04 8.94522032e-04
7.91557568e-02 7.63928283e-04 8.87072027e-04
7.95637273e-02 2.32671055e-03 8.94423716e-04
7.99716969e-02 3.72477929e-04 9.27882990e-04
8.03796658e-02 -1.06534752e-03 9.17656445e-04
8.07876340e-02 -7.15622740e-04 8.75756916e-04
8.11956014e-02 1.88163329e-04 9.04691541e-04
8.16035680e-02 9.44436135e-04 8.80485782e-04
8.20115338e-02 1.17705922e-03 8.72464390e-04
8.24194989e-02 -8.39592181e-04 8.41938403e-04
8.28274631e-02 -4.32537945e-04 8.47824229e-04
8.32354266e-02 3.78385194e-05 8.38720163e-04
8.36433893e-02 -3.22634756e-04 8.37359351e-04
8.40513512e-02 8.69527121e-04 8.66570120e-04
8.44593123e-02 8.13782237e-04 8.48253622e-04
8.48672727e-02 1.11731205e-04 8.47458568e-04
8.52752322e-02 1.02567656e-03 8.67283681e-04
8.56831909e-02 -4.06674575e-04 8.62670924e-04
8.60911487e-02 1.05413800e-03 8.73009482e-04
8.64991058e-02 1.32921556e-03 8.29072230e-04
8.69070620e-02 6.14796551e-04 8.31808795e-04
8.73150175e-02 -2.11259625e-04 8.36770492e-04
8.77229721e-02 -4.33787925e-04 8.24978745e-04
8.81309258e-02 -1.13552251e-04 8.27496993e-04
8.85388787e-02 2.84988202e-05 8.53911242e-04
8.89468308e-02 -2.19515246e-05 8.22100045e-04
8.93547821e-02 -5.43487855e-04 8.37741565e-04
8.97627325e-02 -2.16846810e-04 8.06096010e-04
9.01706820e-02 8.18073897e-04 8.20964930e-04
9.05786307e-02 -9.83636819e-05 8.05455918e-04
9.09865785e-02 -1.42134321e-03 8.21507364e-04
9.13945255e-02 -5.48133771e-04 8.12203273e-04
9.18024716e-02 -1.08362904e-03 8.04049408e-04
9.22104168e-02 -7.29759838e-04 7.96098168e-04
9.26183611e-02 -6.29634336e-04 8.18730470e-04
9.30263046e-02 1.53884708e-04 8.22162131e-04
9.34342472e-02 -2.00324151e-04 8.07549782e-04
9.38421889e-02 -2.95399424e-04 8.14328693e-04
9.42501297e-02 7.25749427e-05 8.11869260e-04
9.46580696e-02 1.30803251e-03 8.18653814e-04
9.50660087e-02 1.24203934e-03 8.33890272e-04
9.54739468e-02 -1.24226965e-03 7.82004095e-04
9.58818840e-02 -2.76174741e-04 7.87673459e-04
9.62898203e-02 1.84687248e-04 8.03014687e-04
9.66977557e-02 -1.54659733e-03 7.68533539e-04
9.71056902e-02 4.08595941e-04 7.82328404e-04
9.75136237e-02 1.15642183e-03 8.14657251e-04
9.79215564e-02 2.26405794e-04 7.90721288e-04
9.83294881e-02 3.48918847e-04 7.78713888e-04
9.87374188e-02 -2.19680684e-04 7.75820496e-04
9.91453487e-02 -3.05583247e-04 7.79292543e-04
9.95532775e-02 1.36456729e-03 7.83757237e-04
9.99612055e-02 4.50885551e-04 7.73045491e-04
1.00369132e-01 1.53608702e-03 7.67589677e-04
1.00777059e-01 3.18570317e-04 7.60807587e-04
1.01184984e-01 -1.21827057e-03 7.70965349e-04
1.01592908e-01 -2.38903178e-04 7.57976455e-04
1.02000831e-01 -3.45699103e-04 7.43298967e-04
1.02408753e-01 1.48508615e-03 7.53001554e-04
1.02816674e-01 1.06144358e-03 7.41845659e-04
1.03224595e-01 4.93805928e-04 7.31174456e-04
1.03632514e-01 3.13488172e-04 7.61737485e-04
1.04040432e-01 -7.78251831e-04 7.44362958e-04
1.04448349e-01 6.32719746e-04 7.69297520e-04
1.04856266e-01 7.94723356e-04 7.83190972e-04
1.05264181e-01 5.86545979e-04 7.69400913e-04
1.05672095e-01 4.38707062e-05 7.40027535e-04
1.06080009e-01 5.16360664e-04 7.59449275e-04
1.06487921e-01 9.93795291e-04 7.46079674e-04
1.06895832e-01 7.80064196e-04 7.39199135e-04
1.07303743e-01 -5.75746487e-04 7.55055183e-04
1.07711652e-01 1.21148172e-03 7.30677183e-04
1.08119560e-01 -9.66627122e-05 7.21106596e-04
1.08527467e-01 5.20672564e-07 7.61119145e-04
1.08935374e-01 -5.86643617e-04 7.39689454e-04
1.09343279e-01 9.97283798e-06 7.43446894e-04
1.09751183e-01 -9.31966334e-04 7.52967892e-04
1.10159086e-01 6.64158819e-04 7.36094709e-04
1.10566988e-01 -3.09192750e-04 7.11717232e-04
1.10974889e-01 -2.17029046e-04 7.30965227e-04
1.11382789e-01 5.01898159e-04 7.18902833e-04
1.11790688e-01 -3.45522450e-04 7.53196285e-04
1.12198586e-01 -7.07499302e-04 7.27499608e-04
1.12606482e-01 7.88148697e-04 7.13773374e-04
1.13014378e-01 -1.86110334e-04 7.44851211e-04
1.13422273e-01 -1.89089385e-03 7.33370327e-04
1.13830166e-01 -1.50326415e-04 7.49330643e-04
1.14238059e-01 -1.15419125e-04 7.37400133e-04
1.14645950e-01 8.53751712e-04 7.39817287e-04
1.15053840e-01 6.09264115e-04 7.47452920e-04
1.15461730e-01 7.40686867e-04 7.61513018e-04
1.15869618e-01 9.25692011e-04 7.55458562e-04
1.16277505e-01 2.18180802e-04 7.16178907e-04
1.16685391e-01 1.41178294e-03 7.53441975e-04
1.17093275e-01 5.80898400e-04 7.35004550e-04
1.17501159e-01 -1.09189882e-03 7.29898558e-04
1.17909042e-01 -1.94323433e-03 7.36838074e-04
1.18316923e-01 -6.67886957e-04 7.10205238e-04
1.18724803e-01 7.83302976e-04 7.04974927e-04
1.19132683e-01 -6.75244609e-04 7.05826109e-04
1.19540561e-01 -7.57509325e-05 7.11414531e-04
1.19948438e-01 1.20868958e-03 7.06621601e-04
1.20356313e-01 1.32500908e-04 6.94279253e-04
1.20764188e-01 7.15520969e-04 7.09719896e-04
1.21172062e-01 -4.06910571e-05 7.10402712e-04
1.21579934e-01 -9.47941974e-04 6.97630107e-04
1.21987805e-01 -3.38586450e-04 6.90047359e-04
1.22395675e-01 -6.85895121e-04 6.86020524e-04
1.22803544e-01 6.92570350e-05 6.77160227e-04
1.23211412e-01 1.09157394e-04 6.94604481e-04
1.23619278e-01 -1.19056412e-03 6.86851241e-04
1.24027144e-01 4.02262538e-04 6.77922848e-04
1.24435008e-01 2.27971205e-04 6.78724310e-04
1.24842871e-01 6.65425179e-04 6.91142460e-04
1.25250733e-01 -2.44337305e-04 6.80736776e-04
1.25658594e-01 5.45122958e-04 6.73390198e-04
1.26066453e-01 -1.07971177e-03 6.55393602e-04
1.26474311e-01 4.16389593e-04 6.93564856e-04
1.26882168e-01 -5.65646644e-04 6.68068028e-04
1.27290024e-01 -2.38782785e-04 6.82301899e-04
1.27697879e-01 1.93770050e-04 6.91751379e-04
1.28105732e-01 -2.41665313e-04 6.62092120e-04
1.28513585e-01 1.91281409e-03 6.77973108e-04
1.28921436e-01 1.17078704e-04 6.71138332e-04
1.29329285e-01 2.35439894e-04 6.65996909e-04
1.29737134e-01 7.84839740e-04 6.63597127e-04
1.30144981e-01 -2.69816467e-04 6.51651642e-04
1.30552828e-01 -5.92340230e-04 6.51643105e-04
1.30960672e-01 9.32278145e-04 6.29113823e-04
1.31368516e-01 7.99991119e-04 6.68648137e-04
1.31776358e-01 1.14204032e-03 6.32553043e-04
1.32184200e-01 -1.67544244e-04 6.43556400e-04
1.32592039e-01 2.92396477e-04 6.58594257e-04
1.32999878e-01 6.23145969e-04 6.44898013e-04
1.33407715e-01 -2.61708469e-04 6.24156211e-04
1.33815552e-01 -1.52912660e-04 6.23229433e-04
1.34223386e-01 1.43754742e-03 6.34558467e-04
1.34631220e-01 8.76595616e-06 6.50332971e-04
1.35039052e-01 -4.53997511e-04 6.53082184e-04
1.35446883e-01 -3.69757495e-05 6.31446920e-04
1.35854713e-01 1.05530513e-03 6.48191475e-04
1.36262541e-01 2.78791488e-04 6.41963871e-04
1.36670368e-01 3.47283165e-04 6.39210693e-04
1.37078194e-01 2.04786212e-04 6.32691492e-04
1.37486019e-01 -6.68389238e-05 6.39825487e-04
1.37893842e-01 1.07010098e-04 6.34142134e-04
1.38301664e-01 -1.01084596e-04 6.27435980e-04
1.38709485e-01 1.35165125e-03 6.29502552e-04
1.39117304e-01 -4.55079088e-04 6.16368880e-04
1.39525122e-01 -1.15038429e-04 6.34831924e-04
1.39932939e-01 9.32148931e-04 6.20635938e-04
1.40340754e-01 1.84977611e-04 6.17468251e-04
1.40748568e-01 9.61579520e-04 6.20160417e-04
1.41156381e-01 7.16730864e-05 6.22648793e-04
1.41564192e-01 -3.32816252e-04 6.31001169e-04
1.41972002e-01 5.08590488e-04 6.22821042e-04
1.42379811e-01 -1.35253469e-04 6.22604955e-04
1.42787618e-01 -8.12023501e-04 6.06728994e-04
1.43195424e-01 3.92731204e-04 6.27518506e-04
1.43603228e-01 6.21623042e-04 6.26912689e-04
1.44011032e-01 -6.73325718e-04 6.27150893e-04
1.44418833e-01 -1.04929937e-03 6.23869725e-04
1.44826634e-01 -3.61825406e-04 6.15504875e-04
1.45234433e-01 4.35961511e-04 6.15656569e-04
1.45642231e-01 5.12220670e-05 6.17158749e-04
1.46050027e-01 3.97855306e-04 6.33345542e-04
1.46457822e-01 7.55539843e-04 6.36765810e-04
1.46865616e-01 2.40398352e-05 6.36695447e-04
1.47273408e-01 -2.00119135e-04 6.50903862e-04
1.47681199e-01 2.04741258e-03 6.45295542e-04
1.48088988e-01 1.74612482e-04 6.29622387e-04
1.48496776e-01 3.75271884e-04 6.25320511e-04
1.48904563e-01 2.96029384e-04 6.08194159e-04
1.49312348e-01 -3.87456825e-04 6.13297616e-04
1.49720132e-01 -4.13544738e-04 6.26526936e-04
1.50127914e-01 1.26316436e-04 6.00791515e-04
1.50535695e-01 -1.51389859e-04 5.98544951e-04
1.50943474e-01 -1.14151649e-03 6.09172599e-04
1.51351252e-01 8.61770529e-04 5.97441469e-04
1.51759029e-01 -1.38023473e-04 6.23730980e-04
1.52166804e-01 6.97203745e-04 6.17796689e-04
1.52574578e-01 2.18471404e-04 6.06726619e-04
1.52982350e-01 -2.14811045e-04 6.04820243e-04
1.53390121e-01 -5.86181397e-04 6.13171093e-04
1.53797890e-01 2.78187196e-04 6.05737067e-04
1.54205658e-01 -1.57262036e-05 5.94124221e-04
1.54613425e-01 5.79770697e-04 5.91860302e-04
1.55021190e-01 1.77789772e-04 5.93452926e-04
1.55428953e-01 -9.02780650e-04 5.98853412e-04
1.55836716e-01 -8.84158898e-04 5.85135886e-04
1.56244476e-01 4.36272924e-04 5.92173706e-04
1.56652235e-01 -1.40189305e-04 5.84452946e-04
1.57059993e-01 3.98438363e-04 5.99364324e-04
1.57467749e-01 9.81850696e-04 5.81975521e-04
1.57875504e-01 -4.06630977e-04 5.74852562e-04
1.58283257e-01 5.91615116e-04 5.97643235e-04
1.58691008e-01 2.63858656e-04 5.88513533e-04
1.59098758e-01 -5.32882867e-04 5.79554444e-04
1.59506507e-01 1.04823157e-03 5.75121466e-04
1.59914254e-01 3.70110963e-04 5.70503805e-04
1.60322000e-01 8.96132233e-04 5.84377677e-04
1.60729744e-01 4.01871137e-04 5.80196331e-04
1.61137486e-01 2.76218147e-04 5.58262175e-04
1.61545228e-01 2.39307058e-04 5.59456851e-04
1.61952967e-01 4.26464903e-04 5.72604865e-04
1.62360705e-01 5.60558873e-05 5.84718033e-04
1.62768441e-01 -1.41843936e-04 5.62905691e-04
1.63176176e-01 -2.78677726e-04 5.67518042e-04
1.63583910e-01 6.44883640e-04 5.75719938e-04
1.63991641e-01 -8.72396941e-05 5.63384258e-04
1.64399372e-01 -1.15874475e-03 5.70647845e-04
1.64807100e-01 -8.86035868e-04 5.43420833e-04
1.65214827e-01 -6.32867671e-04 5.54522929e-04
1.65622553e-01 4.79714651e-04 5.73015665e-04
1.66030277e-01 -3.29526836e-04 5.66476378e-04
1.66437999e-01 -4.52225461e-04 5.50982975e-04
1.66845720e-01 3.48716227e-04 5.68415208e-04
1.67253439e-01 1.31903151e-03 5.71757465e-04
1.67661157e-01 3.52612479e-04 5.44444678e-04
1.68068873e-01 -4.95781230e-05 5.62882059e-04
1.68476588e-01 3.18127801e-04 5.58454880e-04
1.68884301e-01 -3.71195677e-04 5.56469623e-04
1.69292012e-01 2.32784757e-04 5.57346277e-04
1.69699721e-01 -1.55580025e-04 5.40493104e-04
1.70107430e-01 3.16260181e-04 5.55680017e-04
1.70515136e-01 3.09955447e-05 5.43879790e-04
1.70922841e-01 6.20455440e-04 5.51931208e-04
1.71330544e-01 -1.63228399e-04 5.39090874e-04
1.71738246e-01 -8.99844116e-04 5.48636067e-04
1.72145946e-01 1.16765021e-04 5.49669542e-04
1.72553644e-01 -5.85629359e-05 5.49075359e-04
1.72961341e-01 3.25227346e-04 5.42001568e-04
1.73369036e-01 2.60980226e-04 5.57298538e-04
1.73776729e-01 3.65777942e-04 5.41114486e-04
1.74184421e-01 -1.11230915e-04 5.54963228e-04
1.74592111e-01 -4.87396177e-04 5.43737317e-04
1.74999799e-01 -6.98665195e-04 5.33183119e-04
1.75407486e-01 -1.50126964e-04 5.44305870e-04
1.75815171e-01 1.44887951e-04 5.39909026e-04
1.76222855e-01 -1.83680998e-04 5.46708247e-04
1.76630537e-01 9.96837588e-05 5.36808193e-04
1.77038217e-01 -1.78537243e-05 5.43198801e-04
1.77445895e-01 1.59439811e-04 5.32820583e-04
1.77853572e-01 8.72609903e-04 5.45166401e-04
1.78261247e-01 -1.87175884e-04 5.24561485e-04
1.78668921e-01 -1.98836740e-04 5.20288363e-04
1.79076592e-01 1.15791072e-04 5.31037792e-04
1.79484262e-01 1.07342753e-03 5.20325555e-04
1.79891931e-01 1.57265191e-04 5.24624474e-04
1.80299597e-01 -8.29046240e-05 5.21798691e-04
1.80707262e-01 7.86662000e-04 5.34073034e-04
1.81114925e-01 -4.22821539e-04 5.30014672e-04
1.81522587e-01 7.00768532e-04 5.26465551e-04
1.81930247e-01 -4.50795183e-04 5.22144944e-04
1.82337905e-01 -5.21710300e-04 5.20506364e-04
1.82745561e-01 2.78803512e-04 5.29039725e-04
1.83153215e-01 -4.02859605e-05 5.34877931e-04
1.83560868e-01 3.99497919e-04 5.22461211e-04
1.83968519e-01 3.64706483e-04 5.23215021e-04
1.84376169e-01 7.84286798e-04 5.20040488e-04
1.84783816e-01 6.09051018e-04 5.20835368e-04
1.85191462e-01 -1.84612436e-04 5.34140240e-04
1.85599106e-01 -7.39642124e-04 5.22594195e-04
1.86006749e-01 1.94579179e-05 5.23743760e-04
1.86414389e-01 -5.27012287e-04 5.09221499e-04
1.86822028e-01 -1.29212660e-04 5.25136036e-04
1.87229665e-01 -5.06818742e-04 5.11361212e-04
1.87637300e-01 9.27663792e-04 5.14735110e-04
1.88044934e-01 -2.28973301e-04 5.07548711e-04
1.88452566e-01 -8.13188837e-05 5.10609283e-04
1.88860195e-01 -2.60048738e-04 5.11075797e-04
1.89267824e-01 -1.20011027e-04 5.12308637e-04
1.89675450e-01 4.31294012e-04 5.05293239e-04
1.90083074e-01 -3.23388236e-04 4.95563366e-04
1.90490697e-01 5.08208543e-04 5.06440785e-04
1.90898318e-01 2.85796591e-04 5.15625531e-04
1.91305937e-01 6.49526302e-04 4.96473395e-04
1.91713555e-01 -5.21431302e-04 5.06567063e-04
1.92121170e-01 -9.61724689e-05 4.95125693e-04
1.92528784e-01 4.18606289e-04 5.09461820e-04
1.92936396e-01 -6.55513139e-05 5.11111657e-04
1.93344006e-01 1.78728667e-04 4.91887429e-04
1.93751614e-01 -1.50353403e-04 5.01704546e-04
1.94159220e-01 -2.77538748e-04 5.10044005e-04
1.94566825e-01 1.00411924e-03 5.09489135e-04
1.94974427e-01 -5.22758829e-04 4.95705142e-04
1.95382028e-01 -2.59446045e-04 4.94654639e-04
1.95789627e-01 1.08714549e-05 4.93999953e-04
1.96197224e-01 6.05951442e-04 4.88273158e-04
1.96604820e-01 5.49176730e-04 5.05363010e-04
1.97012413e-01 -3.69768801e-05 5.03924144e-04
1.97420005e-01 -7.26556602e-05 5.12839081e-04
1.97827594e-01 -8.73003010e-05 4.93054380e-04
1.98235182e-01 -1.26284183e-04 5.01562889e-04
1.98642768e-01 -1.36726404e-04 5.02178021e-04
1.99050352e-01 5.39657705e-04 5.04522268e-04
1.99457934e-01 1.98546445e-04 5.00802867e-04
1.99865514e-01 -6.87623837e-04 4.91934489e-04
2.00273093e-01 3.08513101e-04 5.08453218e-04
2.00680669e-01 5.85737088e-04 5.05066519e-04
2.01088244e-01 1.13624268e-04 5.08366483e-04
2.01495816e-01 8.22439352e-05 5.11206442e-04
2.01903387e-01 -1.10773636e-04 5.01785143e-04
2.02310956e-01 -3.05520501e-04 5.10221929e-04
2.02718523e-01 1.19224553e-05 5.17150205e-04
2.03126088e-01 1.41851624e-04 5.02931183e-04
2.03533651e-01 7.13807444e-04 5.14980997e-04
2.03941212e-01 9.04526321e-04 5.07275370e-04
2.04348771e-01 6.60214120e-05 5.01373408e-04
2.04756329e-01 -5.60586458e-05 4.91918156e-04
2.05163884e-01 9.06118949e-04 5.14469277e-04
2.05571438e-01 4.49277426e-04 5.01193364e-04
2.05978989e-01 -1.98887633e-04 4.99074365e-04
2.06386539e-01 5.42430482e-04 5.02193445e-04
2.06794086e-01 1.25550575e-05 4.96424090e-04
2.07201632e-01 5.77865269e-04 5.04715631e-04
2.07609175e-01 -6.54101395e-04 4.86619994e-04
2.08016717e-01 -1.13371062e-04 4.90584613e-04
2.08424257e-01 3.79880670e-04 5.00062962e-04
2.08831794e-01 3.48371211e-04 4.88559234e-04
2.09239330e-01 -5.17856654e-04 4.71250163e-04
2.09646864e-01 -6.48682468e-05 4.79905464e-04
2.10054396e-01 -6.24036060e-04 4.82278820e-04
2.10461925e-01 -1.63273855e-04 4.80527336e-04
2.10869453e-01 -1.74128808e-04 4.71327156e-04
2.11276979e-01 -3.49808881e-05 4.70577310e-04
2.11684503e-01 -6.91762297e-04 4.79101408e-04
2.12092025e-01 6.13884647e-04 4.96869624e-04
2.12499544e-01 7.36414813e-04 4.91508684e-04
2.12907062e-01 3.78376291e-04 4.78323539e-04
2.13314578e-01 -2.31739348e-04 4.75962680e-04
2.13722092e-01 -6.69400470e-04 4.63984412e-04
2.14129603e-01 -9.16600291e-04 4.62761339e-04
2.14537113e-01 9.48391750e-05 4.76590690e-04
2.14944621e-01 7.06214550e-04 4.78031947e-04
2.15352126e-01 1.32047797e-03 4.80063412e-04
2.15759630e-01 4.31430880e-05 4.65965883e-04
2.16167131e-01 4.65692405e-04 4.78072670e-04
2.16574631e-01 6.83030651e-04 4.66994929e-04
2.16982128e-01 6.79401298e-04 4.80423939e-04
2.17389624e-01 2.27131946e-04 4.68641828e-04
2.17797117e-01 1.66165643e-05 4.58419885e-04
2.18204608e-01 9.09187353e-04 4.77519807e-04
2.18612098e-01 2.52296715e-04 4.64810165e-04
2.19019585e-01 4.97879485e-04 4.72484450e-04
2.19427070e-01 -3.20311480e-04 4.67890551e-04
2.19834553e-01 7.06847616e-04 4.60575660e-04
2.20242034e-01 1.89142892e-04 4.66009486e-04
2.20649512e-01 5.37211635e-04 4.70328012e-04
2.21056989e-01 2.82450090e-04 4.69934668e-04
2.21464464e-01 -3.52803346e-04 4.65946802e-04
2.21871936e-01 6.21560241e-04 4.65644145e-04
2.22279407e-01 2.88213675e-04 4.62760843e-04
2.22686875e-01 -1.75261744e-04 4.59615029e-04
2.23094341e-01 -2.15740361e-04 4.63490598e-04
2.23501805e-01 6.99942114e-04 4.74084679e-04
2.23909267e-01 1.10630950e-03 4.67928325e-04
2.24316727e-01 4.98920617e-04 4.65932906e-04
2.24724185e-01 1.71014798e-04 4.58112069e-04
2.25131641e-01 1.25788049e-05 4.71657015e-04
2.25539094e-01 6.40652998e-04 4.62724839e-04
2.25946545e-01 1.12666980e-03 4.60713963e-04
2.26353995e-01 4.63023196e-04 4.46617609e-04
2.26761442e-01 1.93110553e-04 4.51977486e-04
2.27168887e-01 -1.16368215e-03 4.47000293e-04
2.27576329e-01 -2.55172738e-04 4.52334781e-04
2.27983770e-01 -2.04715049e-04 4.51095203e-04
2.28391208e-01 4.19130922e-04 4.55978251e-04
2.28798645e-01 -3.29939563e-04 4.52535332e-04
2.29206079e-01 -6.66816639e-04 4.54597054e-04
2.29613511e-01 -6.21947145e-04 4.58020017e-04
2.30020941e-01 -2.71217004e-04 4.42089281e-04
2.30428368e-01 3.55610245e-04 4.61598321e-04
2.30835794e-01 3.74149412e-04 4.66003523e-04
2.31243217e-01 -3.32693343e-04 4.75970943e-04
2.31650638e-01 -7.88174370e-04 4.64941221e-04
2.32058057e-01 -2.32799919e-04 4.63110026e-04
2.32465473e-01 5.14922006e-04 4.56764255e-04
2.32872888e-01 3.99955848e-04 4.69087099e-04
2.33280300e-01 1.67892078e-04 4.61914826e-04
2.33687710e-01 -5.50674192e-05 4.58501453e-04
2.34095118e-01 1.52823260e-04 4.66740669e-04
2.34502524e-01 1.70774743e-04 4.62867974e-04
2.34909927e-01 9.09573576e-04 4.73594272e-04
2.35317328e-01 5.80050548e-04 4.64849982e-04
2.35724727e-01 3.00389381e-04 4.60661764e-04
2.36132124e-01 1.01898020e-05 4.57017099e-04
2.36539518e-01 1.13619593e-04 4.58266494e-04
2.36946911e-01 3.74137522e-04 4.50986040e-04
2.37354301e-01 6.36731867e-04 4.63147824e-04
2.37761688e-01 -2.69137570e-04 4.49468793e-04
2.38169074e-01 4.80618605e-04 4.45345449e-04
2.38576457e-01 1.19356848e-03 4.43452048e-04
2.38983838e-01 1.16140778e-04 4.41999946e-04
2.39391217e-01 -5.72302113e-05 4.43824098e-04
2.39798593e-01 1.02149750e-04 4.38906644e-04
2.40205967e-01 4.77032678e-04 4.49977739e-04
2.40613339e-01 -1.05584486e-04 4.40833244e-04
2.41020709e-01 -6.38401544e-05 4.38176381e-04
2.41428076e-01 1.91918840e-04 4.38360975e-04
2.41835441e-01 -3.55560661e-04 4.44464723e-04
2.42242804e-01 9.84171400e-04 4.59793244e-04
2.42650165e-01 3.17477166e-04 4.39947144e-04
2.43057523e-01 5.92571337e-04 4.49403804e-04
2.43464879e-01 2.46507839e-04 4.38166173e-04
2.43872232e-01 1.34700471e-04 4.36710076e-04
2.44279584e-01 1.14618518e-04 4.33937160e-04
2.44686933e-01 -4.97228935e-04 4.41428199e-04
2.45094279e-01 -1.34451194e-04 4.42106056e-04
2.45501624e-01 1.57339507e-04 4.36430623e-04
2.45908966e-01 1.91992510e-04 4.37208936e-04
2.46316305e-01 4.68991911e-04 4.36224597e-04
2.46723643e-01 8.47848107e-05 4.30222380e-04
2.47130978e-01 -4.01468156e-04 4.37845847e-04
2.47538310e-01 2.06927529e-04 4.35779581e-04
2.47945641e-01 3.33367284e-04 4.35622705e-04
2.48352969e-01 -1.14398019e-04 4.25113398e-04
2.48760294e-01 1.77075248e-04 4.31002243e-04
2.49167618e-01 1.63787309e-04 4.21261441e-04
2.49574939e-01 -1.36647021e-04 4.34622760e-04
2.49982257e-01 8.58945130e-04 4.39148258e-04
2.50389573e-01 -2.53773477e-04 4.33648382e-04
2.50796887e-01 5.25431009e-04 4.37134855e-04
2.51204199e-01 -4.00012398e-04 4.30021615e-04
2.51611508e-01 -2.75272382e-05 4.26885923e-04
2.52018815e-01 1.50381762e-04 4.26280243e-04
2.52426119e-01 7.38547116e-04 4.29679236e-04
2.52833421e-01 4.50978134e-04 4.27469378e-04
2.53240720e-01 -3.40516332e-05 4.23375728e-04
2.53648017e-01 2.19936815e-04 4.32158932e-04
2.54055312e-01 3.38400328e-04 4.26688438e-04
2.54462605e-01 3.49844894e-04 4.26959405e-04
2.54869894e-01 6.65796641e-04 4.15420137e-04
2.55277182e-01 3.88990064e-05 4.20523143e-04
2.55684467e-01 6.66334428e-04 4.18871991e-04
2.56091750e-01 3.58705296e-04 4.09202014e-04
2.56499030e-01 4.61685043e-04 4.22218581e-04
2.56906308e-01 2.73497946e-04 4.19707965e-04
2.57313583e-01 5.88558863e-04 4.16344831e-04
2.57720856e-01 5.24859813e-04 4.18011980e-04
2.58128127e-01 1.10018796e-04 4.21830376e-04
2.58535395e-01 -3.89751953e-04 4.20577313e-04
2.58942661e-01 -2.91561124e-04 4.22965810e-04
2.59349924e-01 8.45561816e-04 4.27637280e-04
2.59757184e-01 -1.61164660e-04 4.17736485e-04
2.60164443e-01 4.56937192e-04 4.20811176e-04
2.60571699e-01 2.49857414e-04 4.22523512e-04
2.60978952e-01 1.52004837e-04 4.07058479e-04
2.61386203e-01 -4.79225819e-05 4.21230931e-04
2.61793451e-01 1.42494011e-04 4.15979220e-04
2.62200697e-01 1.32181710e-04 4.19520581e-04
2.62607941e-01 1.01613291e-03 4.20376228e-04
2.63015182e-01 -5.74347690e-04 4.15608061e-04
2.63422420e-01 4.81661212e-04 4.11902538e-04
2.63829656e-01 5.16612395e-04 4.17972338e-04
2.64236890e-01 4.63330247e-04 4.15192141e-04
2.64644121e-01 1.72876820e-04 4.07533024e-04
2.65051349e-01 6.96442610e-04 4.13351266e-04
2.65458575e-01 -2.11766560e-04 4.13378123e-04
2.65865799e-01 -4.52298141e-05 4.07661848e-04
2.66273019e-01 -3.60814485e-04 4.13766264e-04
2.66680238e-01 8.48709265e-04 4.10907939e-04
2.67087454e-01 2.94754995e-05 4.05852685e-04
2.67494667e-01 -9.19557350e-05 4.09647920e-04
2.67901878e-01 3.11611305e-04 4.02913666e-04
2.68309086e-01 7.68337055e-04 4.11660371e-04
2.68716292e-01 3.36767848e-04 4.09171223e-04
2.69123495e-01 4.54930877e-04 4.02440534e-04
2.69530696e-01 7.10888364e-05 4.06233673e-04
2.69937894e-01 2.37185499e-04 4.11896883e-04
2.70345090e-01 1.08824092e-04 4.14867138e-04
2.70752283e-01 7.17504173e-04 4.17611848e-04
2.71159473e-01 4.79922158e-05 4.04775158e-04
2.71566661e-01 4.32226355e-04 4.08170790e-04
2.71973847e-01 -1.07008309e-04 4.07900503e-04
2.72381030e-01 -5.73348508e-04 4.06593399e-04
2.72788210e-01 4.89633483e-04 4.10601050e-04
2.73195387e-01 -2.15058258e-04 3.95596695e-04
2.73602562e-01 2.24269447e-04 4.01297333e-04
2.74009735e-01 -2.56359533e-04 3.99043189e-04
2.74416905e-01 -9.03599522e-05 4.00967678e-04
2.74824072e-01 5.96933781e-04 4.02736507e-04
2.75231237e-01 -4.15230116e-04 3.90756555e-04
2.75638399e-01 3.35176360e-04 3.96130869e-04
2.76045558e-01 9.00694204e-04 4.00916977e-04
2.76452715e-01 4.38172852e-04 4.01238780e-04
2.76859869e-01 -4.40269237e-04 3.96305824e-04
2.77267021e-01 -4.12613248e-04 3.95101624e-04
2.77674170e-01 3.99763095e-04 4.00768924e-04
2.78081316e-01 4.13683491e-04 3.93851829e-04
2.78488460e-01 -2.92037741e-04 3.91743106e-04
2.78895601e-01 6.76505180e-05 3.88517356e-04
2.79302740e-01 2.97495752e-04 3.96742612e-04
2.79709875e-01 5.37272424e-04 3.97345122e-04
2.80117009e-01 6.35297113e-04 3.98905454e-04
2.80524139e-01 -1.72627917e-04 3.95896563e-04
2.80931267e-01 3.50948952e-04 3.95078164e-04
2.81338392e-01 4.65701796e-05 3.91791836e-04
2.81745515e-01 1.77623240e-04 3.93006286e-04
2.82152635e-01 -5.01249308e-04 3.88191879e-04
2.82559752e-01 -3.92977958e-05 3.90149500e-04
2.82966866e-01 -8.05060770e-05 3.93915695e-04
2.83373978e-01 4.39308617e-04 3.92646069e-04
2.83781088e-01 3.06422884e-04 3.90561237e-04
2.84188194e-01 -1.97946379e-04 3.89688238e-04
2.84595298e-01 1.27221804e-04 3.95937903e-04
2.85002399e-01 4.80818384e-05 4.04817315e-04
2.85409497e-01 3.70367576e-04 3.93508924e-04
2.85816593e-01 6.14985012e-04 3.92840153e-04
2.86223686e-01 9.00834279e-04 4.04861640e-04
2.86630777e-01 2.33880100e-04 3.94866622e-04
2.87037864e-01 1.56533257e-04 3.95693661e-04
2.87444949e-01 6.48630977e-05 3.97569154e-04
2.87852031e-01 -1.88467115e-04 3.95607338e-04
2.88259111e-01 7.04767257e-04 4.03368664e-04
2.88666188e-01 2.53608040e-04 4.03503558e-04
2.89073262e-01 -1.18367926e-04 4.03710516e-04
2.89480333e-01 9.15404235e-05 3.92339825e-04
2.89887401e-01 2.18914519e-04 3.97703722e-04
2.90294467e-01 -1.54851797e-04 3.99571459e-04
2.90701530e-01 -1.31038942e-07 3.97321563e-04
2.91108591e-01 1.92474193e-04 3.91879670e-04
2.91515648e-01 -4.31456144e-04 3.99655913e-04
2.91922703e-01 5.78713312e-05 4.01767037e-04
2.92329755e-01 -1.74012104e-04 3.95592128e-04
2.92736804e-01 -3.77054984e-04 3.85277321e-04
2.93143851e-01 3.90174584e-04 3.90528270e-04
2.93550895e-01 3.29366556e-05 3.90730738e-04
2.93957936e-01 2.86353410e-04 3.90037569e-04
2.94364974e-01 2.82791847e-04 3.89721739e-04
2.94772009e-01 2.00487797e-05 3.97517652e-04
2.95179042e-01 5.60679593e-04 3.95493029e-04
2.95586072e-01 -2.00371536e-04 3.94723728e-04
2.95993099e-01 -5.58766401e-05 3.93254443e-04
2.96400123e-01 6.72797724e-04 3.99045035e-04
2.96807145e-01 1.24091090e-04 3.93544090e-04
2.97214163e-01 -3.21255762e-04 3.91558906e-04
2.97621179e-01 -1.41195341e-04 3.84952998e-04
2.98028192e-01 3.99272143e-05 3.85429906e-04
2.98435202e-01 1.13345320e-03 3.97521697e-04
2.98842210e-01 6.69851036e-04 4.03353716e-04
2.99249214e-01 -2.10537902e-04 3.95886060e-04
2.99656216e-01 1.24796508e-04 3.95273739e-04
3.00063215e-01 4.75974289e-04 3.84548628e-04
3.00470211e-01 6.01142079e-04 3.99730546e-04
3.00877204e-01 2.46450029e-04 3.92712799e-04
3.01284194e-01 3.58388913e-04 3.91000661e-04
3.01691182e-01 1.61455410e-04 3.98710805e-04
3.02098167e-01 -1.57133155e-04 4.01254622e-04
3.02505149e-01 6.48255764e-04 3.97846031e-04
3.02912128e-01 6.61688932e-04 4.01222191e-04
3.03319104e-01 6.30677181e-04 3.87633831e-04
3.03726077e-01 -2.71500771e-04 3.95703919e-04
3.04133047e-01 -6.95920517e-04 3.93480633e-04
3.04540015e-01 4.53847559e-04 3.86480508e-04
3.04946979e-01 -9.73491613e-05 3.96268272e-04
3.05353941e-01 6.93654012e-04 3.93615692e-04
3.05760900e-01 3.83974613e-04 3.84050124e-04
3.06167856e-01 -2.48282160e-04 3.84005248e-04
3.06574809e-01 2.02459432e-04 3.92847424e-04
3.06981759e-01 8.08177704e-04 3.91819842e-04
3.07388706e-01 1.78920321e-06 3.95454232e-04
3.07795651e-01 2.40667408e-04 3.91359879e-04
3.08202592e-01 3.75185496e-04 4.03061127e-04
3.08609531e-01 9.09305652e-05 3.95390063e-04
3.09016466e-01 9.08465710e-04 3.99268171e-04
3.09423399e-01 4.95635974e-04 4.03662744e-04
3.09830329e-01 -2.79680239e-04 4.05750018e-04
3.10237256e-01 7.72123215e-04 4.04060961e-04
3.10644180e-01 2.98019219e-04 4.03175430e-04
3.11051101e-01 -3.53365042e-05 4.04923243e-04
3.11458019e-01 -2.56441662e-04 4.01010284e-04
3.11864934e-01 -2.25626160e-04 4.02271865e-04
3.12271846e-01 6.10840974e-05 3.99840365e-04
3.12678755e-01 5.35406557e-04 4.12511731e-04
3.13085661e-01 4.49512155e-04 4.06987597e-04
3.13492565e-01 -3.17757276e-04 3.92432287e-04
3.13899465e-01 -1.45629040e-04 3.96684309e-04
3.14306362e-01 -4.46201307e-04 3.99982645e-04
3.14713257e-01 5.48980153e-04 4.08090227e-04
3.15120148e-01 -7.55482066e-04 4.05397512e-04
3.15527037e-01 1.35986464e-04 4.11414949e-04
3.15933922e-01 -2.63614022e-05 4.12092357e-04
3.16340805e-01 4.55618913e-04 4.50106523e-04
3.16747684e-01 -7.15638795e-05 4.92723417e-04
3.17154561e-01 3.03918108e-04 5.15313266e-04
3.17561434e-01 -3.49339775e-04 5.47431577e-04
3.17968305e-01 4.53376857e-04 5.87299505e-04
3.18375172e-01 4.96157387e-04 5.97692188e-04
3.18782037e-01 1.22016351e-03 6.39177876e-04
3.19188898e-01 -5.53975566e-04 6.48221333e-04
3.19595757e-01 2.41853205e-04 6.66810153e-04
3.20002612e-01 3.73886275e-04 7.18266465e-04
3.20409465e-01 2.12875229e-04 7.70759399e-04
3.20816314e-01 9.24147086e-04 8.27827282e-04
3.21223160e-01 -1.89539153e-04 9.66159199e-04
3.21630004e-01 -1.49577538e-04 1.10188696e-03
3.22036844e-01 6.41135704e-04 1.38455049e-03
3.22443681e-01 -8.67796334e-05 1.95811925e-03
3.22850516e-01 -6.20924408e-03 5.51021125e-03
