4.08043586e-03 -2.22887494e-02 2.75006613e-02
4.48847930e-03 -2.20335612e-02 2.70196141e-02
4.89652269e-03 -2.16273066e-02 1.90225420e-02
5.30456604e-03 -2.20403578e-02 1.35130784e-02
5.71260934e-03 -7.80744099e-03 1.04621907e-02
6.12065258e-03 -6.97158468e-03 8.90818519e-03
6.52869577e-03 -5.37874626e-03 7.66040226e-03
6.93673889e-03 -7.89518631e-03 6.23145207e-03
7.34478195e-03 -2.53546203e-03 5.97474442e-03
7.75282494e-03 1.47356077e-03 5.68884080e-03
8.16086785e-03 -1.42419224e-02 4.87437007e-03
8.56891069e-03 -1.25738846e-03 4.56085111e-03
8.97695345e-03 4.05830398e-03 4.22619216e-03
9.38499612e-03 -2.99642083e-03 4.04772500e-03
9.79303870e-03 -1.02768673e-02 3.18316877e-03
1.02010812e-02 2.27627720e-03 3.33085293e-03
1.06091236e-02 4.89593628e-03 3.44633316e-03
1.10171659e-02 -1.36936803e-03 3.15024563e-03
1.14252081e-02 -5.86234861e-05 2.78877089e-03
1.18332501e-02 -1.69252944e-03 2.72102918e-03
1.22412921e-02 -3.80719431e-05 2.77268837e-03
1.26493339e-02 6.30390155e-04 2.53117189e-03
1.30573757e-02 -4.03903301e-03 2.36241854e-03
1.34654173e-02 -1.86607590e-03 2.49249525e-03
1.38734588e-02 -1.59593578e-03 2.36604312e-03
1.42815001e-02 3.61295715e-04 2.21745849e-03
1.46895413e-02 1.08004084e-03 2.11952490e-03
1.50975824e-02 4.21577375e-03 2.20811481e-03
1.55056233e-02 5.88124736e-04 2.11914492e-03
1.59136641e-02 1.06155476e-04 1.97180154e-03
1.63217047e-02 2.67858616e-03 2.08634335e-03
1.67297452e-02 4.70198449e-05 2.10638738e-03
1.71377855e-02 5.37301775e-03 2.01496262e-03
1.75458257e-02 5.25794509e-03 2.08181211e-03
1.79538657e-02 2.10901521e-03 2.04073169e-03
1.83619055e-02 2.18907308e-03 2.00353291e-03
1.87699451e-02 9.10892616e-04 1.94904679e-03
1.91779846e-02 2.88816231e-03 1.95136927e-03
1.95860239e-02 -7.93631146e-04 1.87892544e-03
1.99940630e-02 -3.87238903e-04 1.91344505e-03
2.04021019e-02 2.26150012e-03 1.94984588e-03
2.08101406e-02 1.90633361e-04 1.80938403e-03
2.12181791e-02 -5.77167202e-04 1.87408676e-03
2.16262174e-02 2.03524304e-04 1.77064531e-03
2.20342555e-02 -1.40167792e-03 1.82804053e-03
2.24422934e-02 1.55937863e-03 1.69597781e-03
2.28503311e-02 2.62393535e-03 1.70549296e-03
2.32583686e-02 -2.13137205e-05 1.73102985e-03
2.36664058e-02 -1.63599711e-03 1.79962343e-03
2.40744429e-02 -9.67064342e-05 1.64245111e-03
2.44824797e-02 1.80908874e-03 1.63668103e-03
2.48905162e-02 1.06326028e-03 1.78256927e-03
2.52985525e-02 -1.10792228e-03 1.69867073e-03
2.57065886e-02 1.37522671e-03 1.74685251e-03
2.61146245e-02 7.28892414e-04 1.78858910e-03
2.65226601e-02 8.88623393e-04 1.61811982e-03
2.69306954e-02 1.26738757e-03 1.64811555e-03
2.73387305e-02 -8.55560273e-06 1.57301460e-03
2.77467653e-02 -2.48409340e-04 1.61871031e-03
2.81547999e-02 -2.98178048e-04 1.70899571e-03
2.85628342e-02 9.64574830e-04 1.64759735e-03
2.89708682e-02 -5.24920418e-04 1.58579214e-03
2.93789020e-02 3.47520263e-03 1.73839666e-03
2.97869355e-02 9.02219297e-04 1.68729668e-03
3.01949687e-02 -3.09103698e-04 1.62448614e-03
3.06030016e-02 3.27577683e-03 1.63725305e-03
3.10110342e-02 1.29517432e-03 1.62006617e-03
3.14190665e-02 1.41418221e-04 1.48669063e-03
3.18270985e-02 1.90593364e-03 1.61804262e-03
3.22351302e-02 -7.62493106e-04 1.48667696e-03
3.26431617e-02 -4.44119447e-04 1.43647998e-03
3.30511928e-02 -1.49293852e-03 1.40385341e-03
3.34592236e-02 1.62818051e-03 1.42837375e-03
3.38672540e-02 6.93037949e-04 1.38514067e-03
3.42752842e-02 3.55908057e-05 1.43561895e-03
3.46833140e-02 -7.64241496e-05 1.42112215e-03
3.50913435e-02 1.46360285e-03 1.38528753e-03
3.54993727e-02 2.60073473e-04 1.39608542e-03
3.59074015e-02 9.73895947e-04 1.39757219e-03
3.63154300e-02 1.14256122e-03 1.26902312e-03
3.67234581e-02 1.21642045e-03 1.39123004e-03
3.71314859e-02 7.19491585e-04 1.40819087e-03
3.75395134e-02 2.76093301e-03 1.37865324e-03
3.79475405e-02 -1.17478109e-03 1.33789912e-03
3.83555672e-02 -1.97498524e-03 1.26804351e-03
3.87635935e-02 1.17936664e-03 1.27343725e-03
3.91716195e-02 -3.05910328e-03 1.32638458e-03
3.95796452e-02 2.86033508e-03 1.31962981e-03
3.99876704e-02 1.11757486e-03 1.30748318e-03
4.03956953e-02 -6.87350634e-04 1.30961538e-03
4.08037198e-02 -4.81003264e-05 1.31991533e-03
4.12117439e-02 -1.55322470e-03 1.27111315e-03
4.16197676e-02 9.71590294e-04 1.29266386e-03
4.20277909e-02 -4.13967932e-04 1.29688769e-03
4.24358138e-02 5.52393104e-04 1.24166667e-03
4.28438363e-02 3.41666013e-04 1.22430008e-03
4.32518584e-02 3.87581546e-04 1.28555156e-03
4.36598801e-02 4.45507049e-04 1.20549760e-03
4.40679014e-02 3.01502163e-03 1.26457246e-03
4.44759222e-02 3.98105707e-05 1.24093423e-03
4.48839427e-02 1.77040919e-03 1.25398933e-03
4.52919627e-02 3.56350201e-04 1.16099727e-03
4.56999823e-02 2.75956847e-04 1.15426381e-03
4.61080014e-02 1.18811585e-03 1.23423206e-03
4.65160201e-02 1.18263592e-03 1.17869447e-03
4.69240384e-02 4.00855301e-04 1.15382614e-03
4.73320562e-02 3.90946081e-04 1.16573199e-03
4.77400736e-02 -5.90616777e-04 1.20581174e-03
4.81480905e-02 -1.44740053e-04 1.15862327e-03
4.85561070e-02 -8.19779946e-04 1.14120225e-03
4.89641230e-02 3.98196726e-04 1.22297613e-03
4.93721385e-02 1.66397532e-03 1.15050329e-03
4.97801536e-02 -2.98687896e-04 1.16886279e-03
5.01881682e-02 6.39894844e-04 1.12713791e-03
5.05961823e-02 -2.84834715e-03 1.16509176e-03
5.10041960e-02 7.46054761e-04 1.11037642e-03
5.14122091e-02 5.58254290e-04 1.15353735e-03
5.18202218e-02 -7.72672661e-04 1.13189666e-03
5.22282340e-02 6.71432504e-04 1.14177065e-03
5.26362457e-02 4.80237316e-04 1.11705834e-03
5.30442569e-02 1.22950168e-03 1.09744973e-03
5.34522675e-02 6.82095995e-04 1.11244218e-03
5.38602777e-02 1.17817624e-03 1.09880897e-03
5.42682874e-02 -2.09249635e-04 1.11379985e-03
5.46762965e-02 -1.71366861e-03 1.12162197e-03
5.50843052e-02 1.16179379e-03 1.07342023e-03
5.54923133e-02 -4.82268092e-04 1.04981264e-03
5.59003208e-02 -1.14618886e-03 1.09532633e-03
5.63083279e-02 3.79958636e-04 1.13905142e-03
5.67163344e-02 -9.60337098e-04 1.06121355e-03
5.71243404e-02 3.45286913e-04 1.12670655e-03
5.75323458e-02 2.02860189e-03 1.12204086e-03
5.79403507e-02 7.94387883e-04 1.13289250e-03
5.83483551e-02 1.14007731e-03 1.16676089e-03
5.87563588e-02 -1.30498366e-03 1.10114106e-03
5.91643621e-02 1.32773793e-04 1.13746082e-03
5.95723647e-02 1.25938497e-03 1.12846607e-03
5.99803668e-02 8.66196602e-04 1.10412746e-03
6.03883684e-02 -1.12580384e-03 1.13160605e-03
6.07963693e-02 8.16194795e-06 1.11751733e-03
6.12043697e-02 1.75517143e-03 1.15710235e-03
6.16123695e-02 -7.19664223e-04 1.13233776e-03
6.20203687e-02 1.89279316e-03 1.07750729e-03
6.24283674e-02 1.57389658e-04 1.05233976e-03
6.28363654e-02 -9.72940210e-04 1.07727495e-03
6.32443629e-02 -1.01331646e-04 1.02814988e-03
6.36523597e-02 5.02895791e-04 1.04356064e-03
6.40603559e-02 -2.22052119e-03 1.05993615e-03
6.44683516e-02 6.38468153e-04 1.02848243e-03
6.48763466e-02 1.92580002e-03 1.06123071e-03
6.52843410e-02 1.51701957e-03 1.03870542e-03
6.56923348e-02 -5.24586251e-04 1.04221877e-03
6.61003279e-02 2.06965601e-03 1.02757404e-03
6.65083205e-02 1.36036069e-03 1.03222126e-03
6.69163124e-02 4.80306216e-04 1.00163593e-03
6.73243036e-02 1.70683262e-03 1.00701873e-03
6.77322943e-02 -2.19815974e-03 9.48835493e-04
6.81402842e-02 1.05675069e-03 1.01254788e-03
6.85482736e-02 -7.80899656e-05 1.00431381e-03
6.89562623e-02 -3.66951018e-04 9.78986064e-04
6.93642503e-02 -2.13418670e-03 9.68029166e-04
6.97722377e-02 -1.12828776e-03 9.31738522e-04
7.01802244e-02 -1.22645966e-03 9.44370934e-04
7.05882105e-02 -9.86196804e-05 9.70618824e-04
7.09961958e-02 9.22620831e-04 9.63644878e-04
7.14041805e-02 -1.67543075e-03 9.33354921e-04
7.18121646e-02 3.12305340e-04 9.15994556e-04
7.22201479e-02 1.13980280e-03 9.47953270e-04
7.26281306e-02 4.47534129e-04 9.30115071e-04
7.30361126e-02 4.16537240e-04 9.15542001e-04
7.34440938e-02 -6.15836587e-04 9.47172998e-04
7.38520744e-02 -3.53419604e-04 8.79398624e-04
7.42600543e-02 -2.05543407e-03 9.11124035e-04
7.46680335e-02 -5.40766109e-04 9.18153494e-04
7.50760119e-02 -2.18029498e-04 9.17977125e-04
7.54839897e-02 1.41441645e-03 9.35151102e-04
7.58919667e-02 7.25244743e-04 8.93847933e-04
7.62999431e-02 -1.10602483e-03 9.07643802e-04
7.67079187e-02 -1.17292484e-03 8.97546591e-04
7.71158935e-02 1.62696695e-03 9.28644112e-04
7.75238677e-02 6.17130830e-04 9.08158208e-04
7.79318411e-02 1.83292877e-03 9.12446706e-04
7.83398137e-02 -2.06825866e-03 8.67052470e-04
7.87477857e-02 -7.93615260e-04 8.76868912e-04
7.91557568e-02 1.43803514e-04 8.86478863e-04
7.95637273e-02 -1.12904287e-03 8.85483784e-04
7.99716969e-02 -6.63274438e-04 8.67305154e-04
8.03796658e-02 1.57047499e-05 8.77794795e-04
8.07876340e-02 -8.61291813e-04 8.76889947e-04
8.11956014e-02 -1.42442737e-04 8.88741302e-04
8.16035680e-02 3.37878961e-04 8.80782874e-04
8.20115338e-02 -1.18893188e-03 8.49932058e-04
8.24194989e-02 -1.84221872e-03 8.53805387e-04
8.28274631e-02 -4.77706414e-04 8.40246575e-04
8.32354266e-02 -8.22746275e-05 8.54129903e-04
8.36433893e-02 -5.77190103e-04 8.84497963e-04
8.40513512e-02 -4.53727448e-04 8.64212732e-04
8.44593123e-02 1.83020024e-04 8.33078432e-04
8.48672727e-02 1.93505386e-03 8.85454734e-04
8.52752322e-02 1.76169270e-03 8.36412949e-04
8.56831909e-02 -2.75816061e-04 8.47376719e-04
8.60911487e-02 -1.63277571e-04 8.39773361e-04
8.64991058e-02 3.86289787e-05 8.47450656e-04
8.69070620e-02 2.62119110e-04 8.51910719e-04
8.73150175e-02 -4.00314607e-05 8.60815338e-04
8.77229721e-02 8.48552189e-04 8.48271746e-04
8.81309258e-02 2.26422785e-04 8.43100183e-04
8.85388787e-02 4.53717689e-05 8.26221571e-04
8.89468308e-02 -8.61267969e-04 8.44314933e-04
8.93547821e-02 -8.28794777e-04 8.28583371e-04
8.97627325e-02 1.42287629e-03 8.25953943e-04
9.01706820e-02 2.15144701e-03 7.97221691e-04
9.05786307e-02 9.82251681e-04 8.21095837e-04
9.09865785e-02 -1.10583797e-03 8.10916392e-04
9.13945255e-02 -1.50700293e-03 8.11411594e-04
9.18024716e-02 3.51135450e-04 8.12759006e-04
9.22104168e-02 -4.14813481e-04 8.20765893e-04
9.26183611e-02 1.18092084e-03 8.14903017e-04
9.30263046e-02 5.93770421e-04 8.08765975e-04
9.34342472e-02 1.40037617e-03 8.21385768e-04
9.38421889e-02 -7.00990914e-05 8.00405688e-04
9.42501297e-02 3.08367827e-04 8.28605934e-04
9.46580696e-02 4.02566437e-04 8.09579225e-04
9.50660087e-02 -8.37135605e-06 7.98808505e-04
9.54739468e-02 4.27879580e-04 8.18157595e-04
9.58818840e-02 -5.56463780e-04 7.75613873e-04
9.62898203e-02 4.67867640e-04 8.11757611e-04
9.66977557e-02 2.02150975e-04 7.86807806e-04
9.71056902e-02 -6.69712319e-04 7.98187171e-04
9.75136237e-02 -1.10864306e-03 7.86947747e-04
9.79215564e-02 -2.40891108e-04 8.03993891e-04
9.83294881e-02 3.72708750e-04 7.86727516e-04
9.87374188e-02 2.77161168e-04 7.76264436e-04
9.91453487e-02 2.93856487e-05 7.87259555e-04
9.95532775e-02 2.22326080e-03 7.97300686e-04
9.99612055e-02 4.74048002e-04 7.61388557e-04
1.00369132e-01 -2.20429635e-04 8.02083267e-04
1.00777059e-01 2.16779356e-04 7.72068700e-04
1.01184984e-01 -4.39646563e-04 7.50734270e-04
1.01592908e-01 8.62223859e-04 7.73256188e-04
1.02000831e-01 2.19966675e-03 7.62808120e-04
1.02408753e-01 -5.41588495e-04 7.19693139e-04
1.02816674e-01 2.29640237e-03 7.92058449e-04
1.03224595e-01 2.11668984e-03 7.81983911e-04
1.03632514e-01 -6.60234601e-05 7.50207982e-04
1.04040432e-01 1.79713642e-03 7.54633739e-04
1.04448349e-01 5.69459571e-04 7.17234851e-04
1.04856266e-01 1.86049908e-04 7.48900774e-04
1.05264181e-01 8.46665337e-04 7.43857540e-04
1.05672095e-01 -3.98648445e-04 7.32139807e-04
1.06080009e-01 5.12187532e-04 7.80211040e-04
1.06487921e-01 -6.20931765e-04 7.47416631e-04
1.06895832e-01 2.16982288e-05 7.54000449e-04
1.07303743e-01 -1.11049437e-03 7.42091383e-04
1.07711652e-01 -8.33748535e-04 7.45489651e-04
1.08119560e-01 -3.92399274e-05 7.52027869e-04
1.08527467e-01 -2.89777535e-04 7.44680440e-04
1.08935374e-01 -2.13338378e-04 7.50729661e-04
1.09343279e-01 7.77098175e-04 7.62050500e-04
1.09751183e-01 1.14046585e-04 7.30015986e-04
1.10159086e-01 -3.74603173e-04 7.43152676e-04
1.10566988e-01 7.05331584e-04 7.02806701e-04
1.10974889e-01 -3.12078401e-04 7.18621513e-04
1.11382789e-01 -8.16482941e-04 7.34228408e-04
1.11790688e-01 1.23874411e-03 7.34927392e-04
1.12198586e-01 -1.44108606e-03 7.34885404e-04
1.12606482e-01 3.83920602e-04 7.45245321e-04
1.13014378e-01 2.96948903e-04 7.36452636e-04
1.13422273e-01 -2.74851745e-05 7.40296736e-04
1.13830166e-01 2.27854153e-04 7.57978931e-04
1.14238059e-01 6.92202392e-04 7.59293153e-04
1.14645950e-01 -8.38455911e-04 7.19019046e-04
1.15053840e-01 2.25312519e-03 7.50282056e-04
1.15461730e-01 -4.73816810e-04 7.38761725e-04
1.15869618e-01 1.42558837e-04 7.68772160e-04
1.16277505e-01 -9.61003307e-04 7.45523039e-04
1.16685391e-01 1.58244974e-03 7.56917571e-04
1.17093275e-01 -1.07898666e-03 7.37064072e-04
1.17501159e-01 6.67427926e-04 7.52886633e-04
1.17909042e-01 1.25621196e-03 7.57070322e-04
1.18316923e-01 -2.21839490e-04 7.34202002e-04
1.18724803e-01 1.07665564e-03 7.36342444e-04
1.19132683e-01 1.02342955e-04 7.24117892e-04
1.19540561e-01 -7.02725709e-06 7.11018340e-04
1.19948438e-01 6.34136090e-04 7.13732616e-04
1.20356313e-01 -2.98157995e-05 6.93032735e-04
1.20764188e-01 -5.59841507e-04 6.88572937e-04
1.21172062e-01 -5.22783385e-04 6.86284403e-04
1.21579934e-01 -2.85184468e-05 6.83091493e-04
1.21987805e-01 5.99185925e-04 6.77325961e-04
1.22395675e-01 -6.00310408e-04 6.83088023e-04
1.22803544e-01 -4.69758581e-05 6.85132166e-04
1.23211412e-01 4.76456597e-04 6.90407125e-04
1.23619278e-01 2.07061705e-04 6.80044531e-04
1.24027144e-01 -2.81966508e-04 6.85073531e-04
1.24435008e-01 -3.10420540e-04 6.71425348e-04
1.24842871e-01 3.40193888e-04 6.75234855e-04
1.25250733e-01 -1.30340805e-04 7.00176351e-04
1.25658594e-01 5.99449762e-04 6.76429408e-04
1.26066453e-01 5.17945838e-04 6.60858653e-04
1.26474311e-01 1.45943329e-03 6.72449653e-04
1.26882168e-01 -2.97575517e-04 6.73560338e-04
1.27290024e-01 -4.91890717e-04 6.56124283e-04
1.27697879e-01 -6.23983801e-04 6.64644907e-04
1.28105732e-01 7.18566366e-04 6.82933010e-04
1.28513585e-01 7.16444734e-04 6.82784928e-04
1.28921436e-01 -3.53913341e-04 6.67528211e-04
1.29329285e-01 6.47660105e-04 6.65197384e-04
1.29737134e-01 1.54032987e-03 6.54463790e-04
1.30144981e-01 -3.93498803e-04 6.47983836e-04
1.30552828e-01 -2.86827725e-04 6.83372480e-04
1.30960672e-01 1.20395300e-03 6.62710435e-04
1.31368516e-01 1.27324204e-04 6.29213431e-04
1.31776358e-01 -1.49118729e-04 6.46850704e-04
1.32184200e-01 3.40441357e-04 6.37350979e-04
1.32592039e-01 7.34553893e-04 6.49462347e-04
1.32999878e-01 -5.64015723e-04 6.38153962e-04
1.33407715e-01 -4.95932308e-05 6.44429375e-04
1.33815552e-01 -5.63356919e-05 6.21748824e-04
1.34223386e-01 -3.64076382e-05 6.41693472e-04
1.34631220e-01 3.14998314e-04 6.57626127e-04
1.35039052e-01 9.96837825e-05 6.47189245e-04
1.35446883e-01 -7.25551776e-04 6.46167388e-04
1.35854713e-01 -8.81823468e-05 6.42083163e-04
1.36262541e-01 1.26929237e-03 6.60138921e-04
1.36670368e-01 -8.32014776e-04 6.21466286e-04
1.37078194e-01 -7.91471036e-04 6.42307509e-04
1.37486019e-01 -5.27768812e-04 6.49362925e-04
1.37893842e-01 2.93445047e-04 6.44178221e-04
1.38301664e-01 3.17435376e-04 6.34091557e-04
1.38709485e-01 1.50969223e-04 6.25513521e-04
1.39117304e-01 6.11235169e-04 6.22208678e-04
1.39525122e-01 9.32237367e-05 6.08566058e-04
1.39932939e-01 -4.06251983e-04 6.03546754e-04
1.40340754e-01 1.10410281e-03 6.26865934e-04
1.40748568e-01 -7.68285257e-04 6.21795313e-04
1.41156381e-01 1.60992634e-04 6.21879862e-04
1.41564192e-01 -1.15608781e-03 6.17229496e-04
1.41972002e-01 -1.64856967e-04 6.14362234e-04
1.42379811e-01 1.38004820e-04 6.35469951e-04
1.42787618e-01 -3.96393595e-04 6.41958568e-04
1.43195424e-01 1.01400907e-03 6.36646943e-04
1.43603228e-01 7.02420104e-04 6.48642704e-04
1.44011032e-01 -6.45155345e-04 6.19381568e-04
1.44418833e-01 -1.23771310e-04 6.16808159e-04
1.44826634e-01 -2.33954975e-04 6.30458931e-04
1.45234433e-01 3.64589731e-04 6.21472664e-04
1.45642231e-01 -4.79147102e-04 6.22543062e-04
1.46050027e-01 -4.85088455e-04 6.36299902e-04
1.46457822e-01 6.52919961e-05 6.35326523e-04
1.46865616e-01 1.41448717e-03 6.32116021e-04
1.47273408e-01 5.86257982e-04 6.34618752e-04
1.47681199e-01 -9.38509270e-04 6.31937207e-04
1.48088988e-01 -6.26992085e-04 6.21336127e-04
1.48496776e-01 -4.52695348e-04 6.29588319e-04
1.48904563e-01 5.75023717e-04 6.26171199e-04
1.49312348e-01 7.74075357e-06 6.21010138e-04
1.49720132e-01 -5.84320926e-04 6.08692385e-04
1.50127914e-01 5.89277297e-04 6.23076003e-04
1.50535695e-01 9.77010260e-04 6.00992082e-04
1.50943474e-01 9.77692029e-04 6.20452187e-04
1.51351252e-01 4.94396526e-04 6.11365903e-04
1.51759029e-01 6.31009430e-04 6.16776538e-04
1.52166804e-01 -3.59796645e-05 6.04566400e-04
1.52574578e-01 -4.86388019e-04 5.99372576e-04
1.52982350e-01 -4.22802186e-04 6.01602357e-04
1.53390121e-01 4.88714754e-04 5.88906607e-04
1.53797890e-01 4.42472079e-04 6.06493977e-04
1.54205658e-01 -1.17987064e-04 5.94608108e-04
1.54613425e-01 6.34612669e-04 5.81319958e-04
1.55021190e-01 4.74320153e-04 5.98249287e-04
1.55428953e-01 2.85658913e-05 6.00996059e-04
1.55836716e-01 -1.05894347e-04 5.84823788e-04
1.56244476e-01 1.26343065e-04 5.93468490e-04
1.56652235e-01 -4.10396168e-04 5.90729341e-04
1.57059993e-01 2.44955611e-05 5.95198099e-04
1.57467749e-01 5.63009022e-04 5.90230939e-04
1.57875504e-01 2.06771950e-04 5.76898293e-04
1.58283257e-01 -4.87591938e-04 5.93428151e-04
1.58691008e-01 -2.62664411e-04 5.78810946e-04
1.59098758e-01 2.91825304e-04 5.71951763e-04
1.59506507e-01 8.82319534e-04 5.76608674e-04
1.59914254e-01 5.17111484e-04 5.73171142e-04
1.60322000e-01 -3.74559603e-05 5.88023647e-04
1.60729744e-01 8.46699088e-04 5.77913553e-04
1.61137486e-01 4.11820356e-04 5.77839277e-04
1.61545228e-01 -4.28844448e-04 5.71086867e-04
1.61952967e-01 -3.02246983e-04 5.65915378e-04
1.62360705e-01 6.10204769e-04 5.78853357e-04
1.62768441e-01 3.24703542e-04 5.75718509e-04
1.63176176e-01 7.50281078e-04 5.85847395e-04
1.63583910e-01 5.83750839e-04 5.72946930e-04
1.63991641e-01 4.50242678e-04 5.55611428e-04
1.64399372e-01 6.14999702e-04 5.76614396e-04
1.64807100e-01 -9.84949647e-04 5.53240208e-04
1.65214827e-01 1.01406608e-04 5.57000827e-04
1.65622553e-01 1.34061508e-03 5.60583609e-04
1.66030277e-01 4.67837760e-05 5.66277408e-04
1.66437999e-01 -8.31370255e-04 5.59603408e-04
1.66845720e-01 3.81260263e-04 5.69768649e-04
1.67253439e-01 -2.76857162e-04 5.58602765e-04
1.67661157e-01 3.79243345e-04 5.66690354e-04
1.68068873e-01 1.22239935e-04 5.62381486e-04
1.68476588e-01 2.31516903e-04 5.66550764e-04
1.68884301e-01 -8.88226594e-04 5.43565559e-04
1.69292012e-01 -3.82853990e-05 5.45565744e-04
1.69699721e-01 6.96015013e-04 5.44615705e-04
1.70107430e-01 1.25623647e-03 5.47768488e-04
1.70515136e-01 5.39202217e-04 5.52339577e-04
1.70922841e-01 2.01117769e-04 5.52441478e-04
1.71330544e-01 -5.98075156e-04 5.36052027e-04
1.71738246e-01 1.18840123e-03 5.44891774e-04
1.72145946e-01 1.42218807e-04 5.46482743e-04
1.72553644e-01 -2.81204537e-05 5.47762574e-04
1.72961341e-01 7.33965557e-04 5.60840620e-04
1.73369036e-01 3.37760369e-04 5.57137222e-04
1.73776729e-01 7.39794000e-04 5.52512051e-04
1.74184421e-01 8.83696671e-04 5.43977905e-04
1.74592111e-01 5.76284134e-04 5.55770805e-04
1.74999799e-01 -5.58654290e-04 5.43086355e-04
1.75407486e-01 -2.84912534e-04 5.41709790e-04
1.75815171e-01 -2.57180659e-04 5.38219193e-04
1.76222855e-01 1.10791502e-03 5.42087475e-04
1.76630537e-01 -6.01665842e-04 5.31414467e-04
1.77038217e-01 5.45538702e-04 5.34390623e-04
1.77445895e-01 2.09111991e-04 5.34075267e-04
1.77853572e-01 -1.56165909e-05 5.47713682e-04
1.78261247e-01 4.06558332e-04 5.33278177e-04
1.78668921e-01 3.45987386e-04 5.35816460e-04
1.79076592e-01 6.50078171e-05 5.32355235e-04
1.79484262e-01 -2.74289872e-04 5.30435152e-04
1.79891931e-01 -1.05446588e-03 5.28831079e-04
1.80299597e-01 1.85079198e-05 5.24202193e-04
1.80707262e-01 -6.97673934e-04 5.20646581e-04
1.81114925e-01 1.16369374e-04 5.34931033e-04
1.81522587e-01 -1.38383780e-03 5.21703761e-04
1.81930247e-01 3.52050633e-04 5.25349022e-04
1.82337905e-01 3.28032357e-04 5.19177076e-04
1.82745561e-01 -1.05689707e-04 5.20489175e-04
1.83153215e-01 1.04563030e-04 5.27042544e-04
1.83560868e-01 -6.98628372e-05 5.10832132e-04
1.83968519e-01 3.19620645e-04 5.24241488e-04
1.84376169e-01 3.20274321e-04 5.22644772e-04
1.84783816e-01 1.00297176e-03 5.18077231e-04
1.85191462e-01 3.36246057e-04 5.17055871e-04
1.85599106e-01 -3.10194349e-04 5.07736923e-04
1.86006749e-01 3.61836700e-04 5.33874695e-04
1.86414389e-01 8.75182614e-04 5.32121831e-04
1.86822028e-01 1.06421560e-04 5.12276793e-04
1.87229665e-01 3.54630348e-04 5.00100631e-04
1.87637300e-01 2.23047965e-04 5.18282617e-04
1.88044934e-01 3.99805696e-04 5.15915222e-04
1.88452566e-01 5.98696061e-04 5.10397436e-04
1.88860195e-01 5.10392510e-04 5.03509860e-04
1.89267824e-01 5.28780719e-05 5.04970479e-04
1.89675450e-01 -3.91465088e-04 5.07542206e-04
1.90083074e-01 -4.76402581e-05 5.13160569e-04
1.90490697e-01 1.85947473e-05 5.17803132e-04
1.90898318e-01 3.82826523e-05 5.12707779e-04
1.91305937e-01 -5.46061017e-05 5.03023642e-04
1.91713555e-01 7.50828577e-06 4.97655054e-04
1.92121170e-01 -4.25717033e-05 5.08946582e-04
1.92528784e-01 -2.30671814e-04 5.04111403e-04
1.92936396e-01 -1.09524386e-03 5.05114077e-04
1.93344006e-01 -2.98118196e-04 4.99692605e-04
1.93751614e-01 2.37150574e-04 5.05688540e-04
1.94159220e-01 2.77420329e-06 4.99201641e-04
1.94566825e-01 4.88253997e-04 5.07887319e-04
1.94974427e-01 -7.62429085e-04 4.98704035e-04
1.95382028e-01 5.95361091e-04 4.99313245e-04
1.95789627e-01 3.14426166e-04 5.09344908e-04
1.96197224e-01 -1.53488034e-04 4.94977378e-04
1.96604820e-01 8.05711214e-04 4.97700043e-04
1.97012413e-01 -1.32454553e-04 4.82419862e-04
1.97420005e-01 2.70214317e-05 5.13140431e-04
1.97827594e-01 -6.13595043e-05 4.97361044e-04
1.98235182e-01 1.35377343e-04 5.05057433e-04
1.98642768e-01 -1.42620726e-04 5.06596361e-04
1.99050352e-01 6.71653117e-04 5.07862220e-04
1.99457934e-01 -6.69458624e-04 5.04070936e-04
1.99865514e-01 -9.34967559e-04 4.98739094e-04
2.00273093e-01 5.36662858e-04 4.96150657e-04
2.00680669e-01 -6.15405283e-04 5.06474350e-04
2.01088244e-01 1.78152355e-04 5.05143588e-04
2.01495816e-01 2.61307020e-04 5.02228200e-04
2.01903387e-01 -2.15205224e-04 5.04186755e-04
2.02310956e-01 -3.63159566e-04 5.15967628e-04
2.02718523e-01 3.94739876e-04 5.06405816e-04
2.03126088e-01 6.12214582e-04 5.09211121e-04
2.03533651e-01 7.98505594e-04 5.14210766e-04
2.03941212e-01 5.00917117e-04 5.06721570e-04
2.04348771e-01 5.72915343e-04 5.02661783e-04
2.04756329e-01 1.27116574e-04 4.99145323e-04
2.05163884e-01 4.69608212e-04 4.89227521e-04
2.05571438e-01 2.88006471e-04 5.02591970e-04
2.05978989e-01 1.11048171e-03 4.91334261e-04
2.06386539e-01 4.64454552e-04 4.92443009e-04
2.06794086e-01 3.61896999e-04 5.08939514e-04
2.07201632e-01 6.74625905e-04 4.90834083e-04
2.07609175e-01 1.26883729e-04 4.85455878e-04
2.08016717e-01 4.05602663e-04 4.88378357e-04
2.08424257e-01 2.85865322e-04 4.86764393e-04
2.08831794e-01 -2.54165962e-04 4.82336981e-04
2.09239330e-01 3.40377131e-04 4.90234314e-04
2.09646864e-01 3.53283928e-04 4.88172561e-04
2.10054396e-01 4.78165501e-04 4.82268941e-04
2.10461925e-01 -1.17299786e-04 4.84039176e-04
2.10869453e-01 4.05369925e-04 4.82271753e-04
2.11276979e-01 9.30725141e-04 4.84740344e-04
2.11684503e-01 -2.72150250e-04 4.83072401e-04
2.12092025e-01 5.51633820e-04 4.90886171e-04
2.12499544e-01 1.16679249e-04 4.81095999e-04
2.12907062e-01 3.03647518e-04 4.80359581e-04
2.13314578e-01 -4.57210486e-04 4.73454726e-04
2.13722092e-01 3.34443172e-04 4.90154107e-04
2.14129603e-01 4.16241279e-04 4.69512935e-04
2.14537113e-01 4.06912488e-04 4.73955014e-04
2.14944621e-01 5.04877681e-04 4.87586146e-04
2.15352126e-01 1.10186738e-03 4.84316709e-04
2.15759630e-01 2.55645963e-04 4.73666693e-04
2.16167131e-01 -1.00796189e-04 4.75543049e-04
2.16574631e-01 5.31221548e-04 4.70774763e-04
2.16982128e-01 6.35684328e-04 4.79646039e-04
2.17389624e-01 7.43314664e-04 4.73961949e-04
2.17797117e-01 9.57597992e-04 4.78777706e-04
2.18204608e-01 2.94568448e-05 4.62792783e-04
2.18612098e-01 -7.59841460e-05 4.61924803e-04
2.19019585e-01 3.40460511e-04 4.69227157e-04
2.19427070e-01 4.06743160e-04 4.52924195e-04
2.19834553e-01 5.13632265e-04 4.58401196e-04
2.20242034e-01 2.36029019e-04 4.58101558e-04
2.20649512e-01 1.98823096e-05 4.60449803e-04
2.21056989e-01 -7.86489652e-05 4.52205924e-04
2.21464464e-01 4.26935264e-04 4.67329590e-04
2.21871936e-01 9.33200928e-04 4.73617177e-04
2.22279407e-01 -8.51227261e-04 4.57078013e-04
2.22686875e-01 -1.89487500e-04 4.62259060e-04
2.23094341e-01 6.91906628e-04 4.67612336e-04
2.23501805e-01 8.69430094e-05 4.67483352e-04
2.23909267e-01 2.79358202e-04 4.66598970e-04
2.24316727e-01 -3.35990611e-04 4.57983026e-04
2.24724185e-01 -2.93707024e-04 4.59678846e-04
2.25131641e-01 1.10542976e-04 4.62227702e-04
2.25539094e-01 -1.27647854e-04 4.59669601e-04
2.25946545e-01 -5.35631629e-04 4.52262742e-04
2.26353995e-01 2.08632673e-04 4.56774759e-04
2.26761442e-01 6.66042494e-04 4.46979570e-04
2.27168887e-01 1.36773666e-04 4.56663597e-04
2.27576329e-01 1.98669855e-04 4.49616539e-04
2.27983770e-01 -6.35546072e-04 4.53003564e-04
2.28391208e-01 2.80098335e-04 4.52162555e-04
2.28798645e-01 2.54521423e-04 4.56272445e-04
2.29206079e-01 2.57443003e-04 4.69346776e-04
2.29613511e-01 6.91714083e-04 4.48729214e-04
2.30020941e-01 7.33834001e-04 4.73629159e-04
2.30428368e-01 -4.51682278e-04 4.65688206e-04
2.30835794e-01 5.71936502e-04 4.68295898e-04
2.31243217e-01 -1.59013462e-04 4.62621440e-04
2.31650638e-01 4.32460230e-04 4.73335457e-04
2.32058057e-01 -5.62134437e-04 4.73655091e-04
2.32465473e-01 2.29619846e-04 4.74481521e-04
2.32872888e-01 8.50973922e-04 4.71453595e-04
2.33280300e-01 1.24694557e-04 4.66200749e-04
2.33687710e-01 -1.27380764e-04 4.66322506e-04
2.34095118e-01 -3.16299996e-05 4.55590687e-04
2.34502524e-01 1.35960026e-04 4.63311160e-04
2.34909927e-01 2.56525924e-04 4.65220306e-04
2.35317328e-01 2.27631872e-04 4.68054454e-04
2.35724727e-01 -4.97118699e-04 4.63696543e-04
2.36132124e-01 5.61130404e-05 4.69297209e-04
2.36539518e-01 5.95296886e-04 4.61180397e-04
2.36946911e-01 2.13860074e-04 4.54479753e-04
2.37354301e-01 8.51177092e-05 4.52738727e-04
2.37761688e-01 1.09838647e-04 4.45338876e-04
2.38169074e-01 2.37036794e-04 4.52781145e-04
2.38576457e-01 -3.71004591e-04 4.45432601e-04
2.38983838e-01 -9.15827828e-04 4.46058567e-04
2.39391217e-01 2.58588874e-04 4.52153286e-04
2.39798593e-01 3.64749220e-04 4.47312588e-04
2.40205967e-01 5.05223800e-04 4.56260062e-04
2.40613339e-01 6.58793671e-04 4.44157651e-04
2.41020709e-01 -1.46548696e-04 4.40022978e-04
2.41428076e-01 -2.13572862e-04 4.41751232e-04
2.41835441e-01 3.68871178e-04 4.46716746e-04
2.42242804e-01 4.54255664e-04 4.52125480e-04
2.42650165e-01 -5.21940391e-04 4.48061372e-04
2.43057523e-01 5.52282068e-04 4.46007524e-04
2.43464879e-01 4.77390385e-04 4.37205634e-04
2.43872232e-01 -1.58811062e-04 4.37941256e-04
2.44279584e-01 -1.91919512e-04 4.41833309e-04
2.44686933e-01 -3.42802456e-04 4.32339485e-04
2.45094279e-01 -2.81553318e-04 4.35581830e-04
2.45501624e-01 -1.99471620e-04 4.42741684e-04
2.45908966e-01 -3.56972852e-05 4.38202753e-04
2.46316305e-01 4.29750705e-04 4.38116884e-04
2.46723643e-01 6.61831332e-04 4.37493429e-04
2.47130978e-01 4.52872218e-04 4.29150910e-04
2.47538310e-01 4.58557531e-04 4.32636754e-04
2.47945641e-01 3.08702806e-04 4.29436973e-04
2.48352969e-01 2.48508682e-04 4.34970394e-04
2.48760294e-01 -2.58197988e-04 4.31919710e-04
2.49167618e-01 -4.86407783e-06 4.39407505e-04
2.49574939e-01 1.00054704e-03 4.36022515e-04
2.49982257e-01 3.77099501e-04 4.35038269e-04
2.50389573e-01 -1.18816937e-04 4.34391229e-04
2.50796887e-01 -3.67611941e-04 4.28602074e-04
2.51204199e-01 -2.55815222e-04 4.19789821e-04
2.51611508e-01 -5.00612569e-04 4.23130741e-04
2.52018815e-01 9.74896269e-05 4.30218190e-04
2.52426119e-01 9.77888701e-04 4.34970863e-04
2.52833421e-01 6.71437335e-04 4.27289810e-04
2.53240720e-01 -1.52200648e-05 4.34220804e-04
2.53648017e-01 -5.87186500e-04 4.29123542e-04
2.54055312e-01 -4.98698771e-04 4.18659846e-04
2.54462605e-01 -1.56491579e-05 4.27868540e-04
2.54869894e-01 1.00514295e-03 4.31419714e-04
2.55277182e-01 3.63135456e-04 4.25780721e-04
2.55684467e-01 -2.49639840e-04 4.10289820e-04
2.56091750e-01 5.33801687e-04 4.26357047e-04
2.56499030e-01 1.26649976e-03 4.24210470e-04
2.56906308e-01 -9.10262845e-05 4.19712369e-04
2.57313583e-01 -5.35759901e-05 4.13845449e-04
2.57720856e-01 -6.86787030e-05 4.11720327e-04
2.58128127e-01 -5.31754701e-04 4.09715472e-04
2.58535395e-01 -7.02783570e-04 4.04221746e-04
2.58942661e-01 -7.25960099e-04 4.08140924e-04
2.59349924e-01 3.08716315e-04 4.20366035e-04
2.59757184e-01 6.02202065e-04 4.15451764e-04
2.60164443e-01 -1.81822969e-04 4.08974422e-04
2.60571699e-01 -7.41930220e-04 4.21719404e-04
2.60978952e-01 1.31878497e-04 4.22955796e-04
2.61386203e-01 -4.01072888e-04 4.25169122e-04
2.61793451e-01 8.83252788e-04 4.23115385e-04
2.62200697e-01 9.84468576e-05 4.15536031e-04
2.62607941e-01 -3.18256984e-04 4.16382191e-04
2.63015182e-01 -4.10246311e-04 4.11219316e-04
2.63422420e-01 5.47248041e-04 4.15433969e-04
2.63829656e-01 -1.33300742e-04 4.18722525e-04
2.64236890e-01 -8.97255476e-05 4.16472045e-04
2.64644121e-01 -4.37343780e-05 4.13572931e-04
2.65051349e-01 -5.04578710e-05 4.10725805e-04
2.65458575e-01 -1.02124209e-03 4.10043655e-04
2.65865799e-01 -8.50117082e-04 4.04868305e-04
2.66273019e-01 -1.93057390e-04 4.07167269e-04
2.66680238e-01 1.04250327e-04 4.13554389e-04
2.67087454e-01 4.45969435e-04 4.12408643e-04
2.67494667e-01 3.62461815e-04 4.11282059e-04
2.67901878e-01 -2.13606619e-04 4.05723811e-04
2.68309086e-01 2.60991349e-04 4.04145289e-04
2.68716292e-01 -1.94387398e-04 4.00025598e-04
2.69123495e-01 3.45770137e-04 4.00420158e-04
2.69530696e-01 -2.59315824e-04 3.98655206e-04
2.69937894e-01 5.05742144e-04 4.06331605e-04
2.70345090e-01 7.09647925e-04 4.13812968e-04
2.70752283e-01 5.62581535e-04 4.02820026e-04
2.71159473e-01 -4.85969904e-04 3.99057692e-04
2.71566661e-01 9.02875085e-04 4.10737135e-04
2.71973847e-01 -3.74157191e-04 4.02666920e-04
2.72381030e-01 5.25368068e-04 4.04671395e-04
2.72788210e-01 -1.40046767e-04 4.05868704e-04
2.73195387e-01 3.51235431e-05 4.03488832e-04
2.73602562e-01 -3.58507812e-06 3.99580230e-04
2.74009735e-01 -7.70097190e-05 3.95321302e-04
2.74416905e-01 6.02499456e-04 4.08875505e-04
2.74824072e-01 1.43594674e-04 3.97822189e-04
2.75231237e-01 -2.43866008e-04 3.92351047e-04
2.75638399e-01 5.21562311e-04 3.96189182e-04
2.76045558e-01 6.40327632e-04 3.97912315e-04
2.76452715e-01 -3.81283807e-04 3.92074093e-04
2.76859869e-01 -3.66426893e-04 3.94741027e-04
2.77267021e-01 -1.87231158e-06 3.99744177e-04
2.77674170e-01 6.79798273e-04 4.00040189e-04
2.78081316e-01 1.69273262e-04 3.94444519e-04
2.78488460e-01 2.09972995e-04 3.94173567e-04
2.78895601e-01 -2.89025526e-04 3.93460854e-04
2.79302740e-01 -6.36237641e-04 3.90924795e-04
2.79709875e-01 -1.37271048e-04 3.88582165e-04
2.80117009e-01 -1.11141411e-04 3.94921793e-04
2.80524139e-01 -3.25318691e-04 3.98228484e-04
2.80931267e-01 4.04767614e-04 3.95776878e-04
2.81338392e-01 -1.06097220e-04 3.97251712e-04
2.81745515e-01 -3.23732894e-04 3.95905096e-04
2.82152635e-01 -3.80839315e-04 3.95928891e-04
2.82559752e-01 2.65982510e-04 3.91983895e-04
2.82966866e-01 3.43764626e-04 3.96336185e-04
2.83373978e-01 -2.24464348e-04 3.79868966e-04
2.83781088e-01 8.59296758e-05 3.87950292e-04
2.84188194e-01 3.61507670e-04 3.94538064e-04
2.84595298e-01 -9.84969060e-04 3.95850161e-04
2.85002399e-01 -2.30891150e-04 4.03684175e-04
2.85409497e-01 -1.09769350e-04 3.99554179e-04
2.85816593e-01 -1.15633866e-04 3.90606154e-04
2.86223686e-01 1.44871910e-04 3.98414917e-04
2.86630777e-01 2.34115607e-04 4.03472162e-04
2.87037864e-01 -4.33188359e-04 3.99035780e-04
2.87444949e-01 4.00084340e-04 4.08490262e-04
2.87852031e-01 1.45454270e-04 3.92633960e-04
2.88259111e-01 8.58380854e-04 3.98577852e-04
2.88666188e-01 -2.73771317e-04 4.01420403e-04
2.89073262e-01 -3.86847616e-04 3.97412863e-04
2.89480333e-01 3.94717577e-05 4.01497924e-04
2.89887401e-01 1.03924170e-04 3.99551128e-04
2.90294467e-01 -3.56570711e-05 4.01462119e-04
2.90701530e-01 1.65804920e-05 3.96125861e-04
2.91108591e-01 -1.10654945e-04 3.99681148e-04
2.91515648e-01 -5.33389068e-04 3.80492131e-04
2.91922703e-01 3.45360339e-04 3.95910810e-04
2.92329755e-01 5.38590780e-04 3.92427239e-04
2.92736804e-01 5.10038763e-04 3.85106660e-04
2.93143851e-01 4.50276088e-04 3.95895254e-04
2.93550895e-01 3.81982430e-04 3.81413296e-04
2.93957936e-01 2.62151878e-05 3.90436107e-04
2.94364974e-01 -3.80675055e-04 3.80643812e-04
2.94772009e-01 4.27263249e-05 3.99507580e-04
2.95179042e-01 -1.45140553e-04 3.94182288e-04
2.95586072e-01 3.10157074e-04 3.95428803e-04
2.95993099e-01 3.37191226e-04 3.99818839e-04
2.96400123e-01 4.59297800e-04 3.94070541e-04
2.96807145e-01 8.19411511e-04 3.92263239e-04
2.97214163e-01 1.06548377e-03 3.91338749e-04
2.97621179e-01 6.33359167e-04 3.94811989e-04
2.98028192e-01 4.55260825e-04 3.95423243e-04
2.98435202e-01 -2.54769342e-04 3.89209867e-04
2.98842210e-01 2.54951000e-04 4.01466504e-04
2.99249214e-01 1.61291952e-05 3.89766874e-04
2.99656216e-01 1.93294155e-04 3.96498875e-04
3.00063215e-01 -3.49561459e-04 3.89708912e-04
3.00470211e-01 1.99991769e-04 3.93928136e-04
3.00877204e-01 1.78529770e-04 3.96100515e-04
3.01284194e-01 -1.90399528e-04 3.91472079e-04
3.01691182e-01 2.07857725e-04 3.95555118e-04
3.02098167e-01 6.86503269e-04 3.94705152e-04
3.02505149e-01 4.41673927e-04 3.86668768e-04
3.02912128e-01 3.13472527e-04 4.00833405e-04
3.03319104e-01 5.95635725e-04 3.94933796e-04
3.03726077e-01 -1.24162441e-04 3.97621579e-04
3.04133047e-01 2.64913275e-04 3.87796259e-04
3.04540015e-01 1.09708117e-04 3.87654813e-04
3.04946979e-01 3.84907564e-04 3.90257545e-04
3.05353941e-01 -1.15172828e-04 3.93699274e-04
3.05760900e-01 3.81243715e-04 3.87613910e-04
3.06167856e-01 3.28546905e-04 3.90212758e-04
3.06574809e-01 3.54346678e-05 3.90366559e-04
3.06981759e-01 2.10150600e-04 3.91666242e-04
3.07388706e-01 -3.11191416e-04 3.92581105e-04
3.07795651e-01 -9.15324356e-05 3.92794210e-04
3.08202592e-01 3.46416485e-04 3.96624509e-04
3.08609531e-01 4.04896904e-04 3.95535064e-04
3.09016466e-01 -2.75197335e-04 3.97529679e-04
3.09423399e-01 -4.92008507e-04 3.91935259e-04
3.09830329e-01 -7.82677222e-05 3.91843167e-04
3.10237256e-01 -1.04238822e-04 3.99535780e-04
3.10644180e-01 5.18302718e-04 4.11733601e-04
3.11051101e-01 5.96425329e-04 4.02121969e-04
3.11458019e-01 3.39498437e-04 4.08969008e-04
3.11864934e-01 4.31374235e-04 4.03319542e-04
3.12271846e-01 1.09804457e-05 4.02631532e-04
3.12678755e-01 2.34864298e-04 4.01911712e-04
3.13085661e-01 3.13247298e-04 4.02375613e-04
3.13492565e-01 5.31986763e-04 4.06658666e-04
3.13899465e-01 2.91154479e-04 4.03822069e-04
3.14306362e-01 -4.20714581e-04 4.08766959e-04
3.14713257e-01 1.55282471e-05 4.03751007e-04
3.15120148e-01 -4.36158229e-04 3.93783599e-04
3.15527037e-01 5.03164291e-04 4.09877880e-04
3.15933922e-01 1.72327293e-04 4.05156816e-04
3.16340805e-01 5.46413897e-04 4.51412485e-04
3.16747684e-01 7.47525530e-06 4.98619022e-04
3.17154561e-01 5.10589873e-05 5.13434838e-04
3.17561434e-01 -3.13991524e-04 5.41337965e-04
3.17968305e-01 2.23389131e-04 5.87896226e-04
3.18375172e-01 -9.35308623e-05 6.13850178e-04
3.18782037e-01 -1.81009661e-04 6.41887183e-04
3.19188898e-01 -4.72537400e-04 6.61316367e-04
3.19595757e-01 -1.21904968e-04 6.53709182e-04
3.20002612e-01 -7.83016107e-04 6.97169523e-04
3.20409465e-01 -8.44345302e-04 7.43194909e-04
3.20816314e-01 5.25987328e-04 8.16683036e-04
3.21223160e-01 5.62875804e-04 9.39409157e-04
3.21630004e-01 -1.49990257e-03 1.08831475e-03
3.22036844e-01 -1.87737875e-03 1.26763317e-03
3.22443681e-01 -3.89784484e-04 1.73106982e-03
3.22850516e-01 1.04738255e-03 4.65537336e-03
