4.08043586e-03 -8.32933933e-02 2.67069120e-02
4.48847930e-03 -7.90560841e-02 2.74041117e-02
4.89652269e-03 -4.95113467e-02 2.01052631e-02
5.30456604e-03 -4.14092189e-02 1.31783749e-02
5.71260934e-03 -2.29005148e-02 1.07727271e-02
6.12065258e-03 -2.09482755e-02 9.00504702e-03
6.52869577e-03 -2.88383844e-02 7.50759549e-03
6.93673889e-03 -2.09017593e-02 6.23137518e-03
7.34478195e-03 -2.14021080e-03 5.67722887e-03
7.75282494e-03 -5.89662085e-03 5.45027944e-03
8.16086785e-03 -1.36055410e-02 4.86965149e-03
8.56891069e-03 -3.83092474e-03 4.32982064e-03
8.97695345e-03 -5.06210966e-03 4.09955585e-03
9.38499612e-03 -8.04661937e-04 3.92117397e-03
9.79303870e-03 -5.34842218e-03 3.75997151e-03
1.02010812e-02 -4.52103478e-03 3.52506773e-03
1.06091236e-02 -4.44729800e-03 3.40778848e-03
1.10171659e-02 -2.46656344e-03 2.92449198e-03
1.14252081e-02 6.61313306e-04 2.99803416e-03
1.18332501e-02 -2.03127505e-03 2.59538495e-03
1.22412921e-02 1.56153768e-03 2.91153453e-03
1.26493339e-02 5.45454217e-05 2.63891891e-03
1.30573757e-02 -1.35101067e-03 2.84391550e-03
1.34654173e-02 4.08359328e-04 2.60674160e-03
1.38734588e-02 2.44662109e-03 2.48252182e-03
1.42815001e-02 -4.10486911e-04 2.31367068e-03
1.46895413e-02 1.82354561e-03 2.21777851e-03
1.50975824e-02 6.26174784e-03 2.38798232e-03
1.55056233e-02 -2.34048254e-03 2.06234093e-03
1.59136641e-02 -1.16470332e-03 2.05119135e-03
1.63217047e-02 3.95581604e-03 2.11390981e-03
1.67297452e-02 -6.50547987e-05 2.07087963e-03
1.71377855e-02 3.81678076e-03 1.99604230e-03
1.75458257e-02 -3.23322589e-03 1.84529005e-03
1.79538657e-02 2.74033682e-03 2.02151069e-03
1.83619055e-02 2.26434153e-03 1.96334620e-03
1.87699451e-02 -8.16148778e-04 1.83461756e-03
1.91779846e-02 -2.22793665e-03 1.97109617e-03
1.95860239e-02 -1.75876653e-03 1.79013931e-03
1.99940630e-02 -4.86688863e-04 1.85056432e-03
2.04021019e-02 2.16672140e-03 1.86042859e-03
2.08101406e-02 -3.50027101e-03 1.71336715e-03
2.12181791e-02 -1.02847228e-03 1.87750757e-03
2.16262174e-02 3.18302848e-03 1.66314066e-03
2.20342555e-02 4.12860931e-04 1.65331068e-03
2.24422934e-02 8.04206924e-04 1.69067650e-03
2.28503311e-02 -7.74394665e-04 1.73493118e-03
2.32583686e-02 1.83745149e-03 1.83457728e-03
2.36664058e-02 5.90099990e-04 1.68488245e-03
2.40744429e-02 1.85269697e-03 1.71638982e-03
2.44824797e-02 -5.21635096e-04 1.69866096e-03
2.48905162e-02 -1.34440007e-03 1.63028447e-03
2.52985525e-02 1.90106757e-03 1.70954283e-03
2.57065886e-02 1.26789533e-03 1.73178436e-03
2.61146245e-02 2.31297931e-03 1.73846606e-03
2.65226601e-02 1.63216914e-03 1.75103775e-03
2.69306954e-02 1.05605359e-03 1.70608857e-03
2.73387305e-02 1.34754574e-03 1.64084857e-03
2.77467653e-02 4.79618553e-04 1.69506658e-03
2.81547999e-02 1.01329108e-03 1.68665149e-03
2.85628342e-02 -1.43531918e-03 1.70376659e-03
2.89708682e-02 -9.22076208e-04 1.63011513e-03
2.93789020e-02 -2.94651994e-04 1.66043481e-03
2.97869355e-02 -1.97533207e-03 1.67239256e-03
3.01949687e-02 8.96827905e-04 1.66108529e-03
3.06030016e-02 3.20623477e-05 1.66312127e-03
3.10110342e-02 3.00436949e-03 1.65957779e-03
3.14190665e-02 1.24052220e-03 1.53108969e-03
3.18270985e-02 1.09427340e-03 1.53098256e-03
3.22351302e-02 -2.98279738e-04 1.52192433e-03
3.26431617e-02 9.87052764e-04 1.49719773e-03
3.30511928e-02 -1.16945139e-03 1.41476939e-03
3.34592236e-02 2.62903652e-05 1.45304440e-03
3.38672540e-02 -5.34269366e-04 1.34677554e-03
3.42752842e-02 -2.62824381e-03 1.47664274e-03
3.46833140e-02 -4.06060461e-04 1.50460024e-03
3.50913435e-02 2.69828357e-03 1.38775646e-03
3.54993727e-02 3.54107400e-03 1.35261951e-03
3.59074015e-02 8.88888571e-04 1.39922210e-03
3.63154300e-02 -9.25106485e-04 1.31387720e-03
3.67234581e-02 -1.58317274e-03 1.32310135e-03
3.71314859e-02 -1.42518664e-04 1.33579671e-03
3.75395134e-02 1.73722835e-03 1.33768012e-03
3.79475405e-02 1.16386410e-03 1.28981829e-03
3.83555672e-02 4.46760512e-05 1.32527693e-03
3.87635935e-02 -7.48646323e-04 1.29523722e-03
3.91716195e-02 -3.92317896e-04 1.34424675e-03
3.95796452e-02 -3.02247898e-04 1.25618261e-03
3.99876704e-02 -1.70554112e-03 1.23684503e-03
4.03956953e-02 2.97695839e-03 1.26298284e-03
4.08037198e-02 1.65947889e-03 1.32565566e-03
4.12117439e-02 2.86293560e-04 1.26985128e-03
4.16197676e-02 8.24030303e-04 1.20365246e-03
4.20277909e-02 -6.91099948e-04 1.27818997e-03
4.24358138e-02 7.87213070e-04 1.27132048e-03
4.28438363e-02 -2.09381135e-03 1.19038079e-03
4.32518584e-02 8.83538405e-04 1.19264681e-03
4.36598801e-02 -9.85118268e-04 1.16304079e-03
4.40679014e-02 2.23407289e-03 1.23517797e-03
4.44759222e-02 3.21058937e-03 1.23984321e-03
4.48839427e-02 1.94377635e-04 1.21226853e-03
4.52919627e-02 1.52949667e-04 1.18720412e-03
4.56999823e-02 -1.08906238e-03 1.16423216e-03
4.61080014e-02 -4.99222071e-04 1.21065191e-03
4.65160201e-02 2.39964279e-04 1.15602857e-03
4.69240384e-02 6.74900159e-04 1.14300796e-03
4.73320562e-02 -1.31747554e-03 1.17992453e-03
4.77400736e-02 6.13667127e-04 1.20914200e-03
4.81480905e-02 1.57758049e-03 1.18679146e-03
4.85561070e-02 5.24634260e-04 1.18320176e-03
4.89641230e-02 3.47733104e-03 1.16981851e-03
4.93721385e-02 5.43090116e-04 1.20575970e-03
4.97801536e-02 -8.94280710e-05 1.20196575e-03
5.01881682e-02 -2.05930766e-03 1.13102166e-03
5.05961823e-02 -1.62301967e-03 1.13529602e-03
5.10041960e-02 5.89287453e-04 1.11535225e-03
5.14122091e-02 7.76891461e-04 1.13493212e-03
5.18202218e-02 -1.17597529e-03 1.16827862e-03
5.22282340e-02 -1.93383293e-03 1.12274418e-03
5.26362457e-02 -1.15698113e-03 1.11352702e-03
5.30442569e-02 7.08217223e-04 1.10578222e-03
5.34522675e-02 1.63585472e-03 1.12135857e-03
5.38602777e-02 7.96848762e-04 1.07782113e-03
5.42682874e-02 1.56515668e-03 1.10718342e-03
5.46762965e-02 -1.37016785e-04 1.10883058e-03
5.50843052e-02 -3.56854991e-04 1.06424848e-03
5.54923133e-02 1.88942954e-03 1.09991677e-03
5.59003208e-02 8.57291387e-04 1.11104727e-03
5.63083279e-02 -1.57318072e-03 1.08534880e-03
5.67163344e-02 -5.21544094e-04 1.08226252e-03
5.71243404e-02 1.08680178e-03 1.13272638e-03
5.75323458e-02 1.14747890e-03 1.12399397e-03
5.79403507e-02 2.17017339e-03 1.07276526e-03
5.83483551e-02 1.88206750e-03 1.11750317e-03
5.87563588e-02 1.79715542e-03 1.10940203e-03
5.91643621e-02 1.15220544e-04 1.12466691e-03
5.95723647e-02 1.40931728e-03 1.09880062e-03
5.99803668e-02 -2.42855425e-04 1.09716950e-03
6.03883684e-02 -5.02444476e-04 1.16361635e-03
6.07963693e-02 -8.04908463e-05 1.10120668e-03
6.12043697e-02 -1.08722485e-03 1.04521976e-03
6.16123695e-02 -8.70961546e-04 1.08412505e-03
6.20203687e-02 1.18136037e-03 1.07605321e-03
6.24283674e-02 -6.62932490e-04 1.10766789e-03
6.28363654e-02 -1.99489167e-03 1.07394886e-03
6.32443629e-02 9.49161339e-04 1.03448055e-03
6.36523597e-02 -2.87720822e-04 1.05694944e-03
6.40603559e-02 -3.96413140e-04 1.04190987e-03
6.44683516e-02 4.69731672e-04 1.03930602e-03
6.48763466e-02 1.25377984e-03 1.01412708e-03
6.52843410e-02 1.35372625e-05 1.02255277e-03
6.56923348e-02 1.04772559e-03 1.05074493e-03
6.61003279e-02 1.65681281e-03 1.03544169e-03
6.65083205e-02 2.19508119e-03 1.06453498e-03
6.69163124e-02 1.23963966e-03 1.00236347e-03
6.73243036e-02 5.30853127e-04 9.88978583e-04
6.77322943e-02 1.48083524e-03 1.00442739e-03
6.81402842e-02 1.80735732e-04 9.70525822e-04
6.85482736e-02 1.01954896e-03 1.00722900e-03
6.89562623e-02 8.13625534e-04 1.03335112e-03
6.93642503e-02 -1.37658519e-04 9.92565094e-04
6.97722377e-02 1.66744684e-03 1.00719886e-03
7.01802244e-02 -1.04671473e-03 9.43333535e-04
7.05882105e-02 4.86099449e-04 9.76325254e-04
7.09961958e-02 -1.63348772e-03 9.38176803e-04
7.14041805e-02 -2.10844620e-03 9.36503951e-04
7.18121646e-02 -5.60929956e-04 9.27052618e-04
7.22201479e-02 -2.00890381e-03 9.44833091e-04
7.26281306e-02 3.99374281e-04 9.50939214e-04
7.30361126e-02 1.56037348e-03 9.39534211e-04
7.34440938e-02 -1.67082309e-03 9.03522257e-04
7.38520744e-02 -7.25588566e-05 9.31022131e-04
7.42600543e-02 -1.23329641e-03 8.97643806e-04
7.46680335e-02 2.18489029e-03 9.66211489e-04
7.50760119e-02 -2.03386492e-04 9.23013120e-04
7.54839897e-02 1.51400274e-03 9.43472512e-04
7.58919667e-02 6.57790823e-04 9.27463970e-04
7.62999431e-02 -7.95620870e-04 9.53418477e-04
7.67079187e-02 -1.13546914e-03 9.17893801e-04
7.71158935e-02 -6.42569564e-04 9.53283694e-04
7.75238677e-02 5.73686589e-04 9.28989746e-04
7.79318411e-02 9.54342104e-04 8.96868927e-04
7.83398137e-02 4.76533368e-04 8.93770762e-04
7.87477857e-02 1.94477258e-03 9.19250776e-04
7.91557568e-02 1.24796291e-03 9.13175517e-04
7.95637273e-02 1.51527289e-03 9.01746517e-04
7.99716969e-02 3.09678380e-04 8.52779865e-04
8.03796658e-02 -7.01865371e-04 9.20675265e-04
8.07876340e-02 7.99524823e-04 8.78764601e-04
8.11956014e-02 -2.64723900e-05 8.56523115e-04
8.16035680e-02 -1.18543514e-04 8.45231089e-04
8.20115338e-02 1.03323578e-03 8.85515966e-04
8.24194989e-02 -1.74346316e-05 8.36267527e-04
8.28274631e-02 1.13719820e-04 8.60399380e-04
8.32354266e-02 3.20414548e-04 8.99214027e-04
8.36433893e-02 -7.05550587e-04 8.81489743e-04
8.40513512e-02 -3.08924282e-04 8.49401914e-04
8.44593123e-02 -1.07522106e-03 8.40083346e-04
8.48672727e-02 1.38360729e-04 8.24665649e-04
8.52752322e-02 1.20928549e-03 8.63858509e-04
8.56831909e-02 -1.32831106e-03 8.28138788e-04
8.60911487e-02 3.33571158e-04 8.59902890e-04
8.64991058e-02 1.40203871e-04 8.51652953e-04
8.69070620e-02 1.06791401e-04 8.73298555e-04
8.73150175e-02 1.51788040e-03 8.64083407e-04
8.77229721e-02 -9.13986837e-04 8.37761796e-04
8.81309258e-02 1.85601673e-04 8.56781258e-04
8.85388787e-02 -1.75812487e-04 8.51771046e-04
8.89468308e-02 -1.76688287e-04 8.19548689e-04
8.93547821e-02 6.63451490e-04 8.25740079e-04
8.97627325e-02 2.40913792e-04 8.15939139e-04
9.01706820e-02 -3.34402628e-05 8.11079483e-04
9.05786307e-02 4.22809291e-04 8.12454674e-04
9.09865785e-02 -6.99126143e-04 8.25449075e-04
9.13945255e-02 -1.24533752e-03 7.98511994e-04
9.18024716e-02 5.43692813e-04 8.09316021e-04
9.22104168e-02 8.41124663e-04 8.20272433e-04
9.26183611e-02 9.77749860e-04 8.25829186e-04
9.30263046e-02 -9.23383441e-04 8.09821549e-04
9.34342472e-02 -8.53747743e-04 8.06715321e-04
9.38421889e-02 2.13580987e-03 8.34016546e-04
9.42501297e-02 9.45393947e-04 8.28167076e-04
9.46580696e-02 4.50963815e-05 8.02997109e-04
9.50660087e-02 -4.02600687e-04 8.17491116e-04
9.54739468e-02 5.16405780e-04 8.05819717e-04
9.58818840e-02 6.87180617e-04 8.06063217e-04
9.62898203e-02 -9.45592325e-05 8.22375219e-04
9.66977557e-02 6.20956654e-04 7.84116781e-04
9.71056902e-02 1.62076416e-04 8.11805892e-04
9.75136237e-02 1.08293470e-04 7.93906719e-04
9.79215564e-02 -1.36379774e-04 7.64807656e-04
9.83294881e-02 9.64177036e-04 8.12926306e-04
9.87374188e-02 1.51050973e-03 7.94217579e-04
9.91453487e-02 -6.54205226e-04 7.80790003e-04
9.95532775e-02 1.65497450e-05 7.63804672e-04
9.99612055e-02 -1.16105987e-03 7.66346798e-04
1.00369132e-01 1.31513719e-03 7.85900579e-04
1.00777059e-01 9.07369602e-04 7.58542873e-04
1.01184984e-01 9.97185278e-04 7.72100954e-04
1.01592908e-01 1.01745450e-03 8.04565852e-04
1.02000831e-01 1.24408281e-03 7.54367552e-04
1.02408753e-01 4.34044554e-04 7.47810189e-04
1.02816674e-01 5.08605017e-04 7.66383346e-04
1.03224595e-01 1.53178447e-04 7.67330660e-04
1.03632514e-01 7.00134335e-04 7.60605133e-04
1.04040432e-01 -9.82886351e-04 7.53491324e-04
1.04448349e-01 -2.67477761e-04 7.46333517e-04
1.04856266e-01 4.47963033e-04 7.55481176e-04
1.05264181e-01 -6.48415157e-04 7.45050639e-04
1.05672095e-01 2.23376358e-04 7.46703748e-04
1.06080009e-01 3.07599811e-04 7.49075523e-04
1.06487921e-01 6.69426489e-04 7.56097615e-04
1.06895832e-01 -6.85331917e-04 7.77037354e-04
1.07303743e-01 -5.57939234e-04 7.26387029e-04
1.07711652e-01 -9.52551081e-04 7.32093541e-04
1.08119560e-01 2.79358116e-04 7.46932690e-04
1.08527467e-01 2.88009889e-04 7.51203885e-04
1.08935374e-01 3.34287530e-04 7.38321753e-04
1.09343279e-01 5.62289652e-04 7.36579923e-04
1.09751183e-01 9.10150017e-04 7.14531993e-04
1.10159086e-01 -2.44070913e-04 7.32958144e-04
1.10566988e-01 -2.17328591e-04 7.14239873e-04
1.10974889e-01 6.62868067e-04 7.37838384e-04
1.11382789e-01 1.44515148e-03 7.54303446e-04
1.11790688e-01 4.50416177e-04 7.33120379e-04
1.12198586e-01 -1.16777254e-03 7.27728574e-04
1.12606482e-01 -5.18836582e-04 7.33999536e-04
1.13014378e-01 -1.76633143e-04 7.32019981e-04
1.13422273e-01 8.52227146e-04 7.42094976e-04
1.13830166e-01 4.66448398e-04 7.39616502e-04
1.14238059e-01 2.95841651e-04 7.39449616e-04
1.14645950e-01 -8.50183109e-05 7.22206174e-04
1.15053840e-01 2.36428647e-04 7.25132758e-04
1.15461730e-01 7.24022809e-04 7.25726866e-04
1.15869618e-01 7.15419292e-04 7.43404813e-04
1.16277505e-01 3.13238738e-04 7.31499234e-04
1.16685391e-01 1.72655710e-04 7.42067073e-04
1.17093275e-01 -8.85525612e-04 7.32133684e-04
1.17501159e-01 -1.10891064e-04 7.36225223e-04
1.17909042e-01 -9.15655519e-04 7.28002029e-04
1.18316923e-01 2.75147950e-04 7.19096505e-04
1.18724803e-01 -2.31471350e-04 7.19685266e-04
1.19132683e-01 -1.12468938e-03 7.21170285e-04
1.19540561e-01 -1.29942481e-04 7.06701728e-04
1.19948438e-01 5.60921865e-04 7.07094831e-04
1.20356313e-01 -8.29555964e-04 6.72799358e-04
1.20764188e-01 1.46594113e-04 7.06858254e-04
1.21172062e-01 -6.73553546e-05 7.18512837e-04
1.21579934e-01 6.81005387e-04 7.17911816e-04
1.21987805e-01 6.84968121e-04 6.80967004e-04
1.22395675e-01 1.01597986e-03 6.75753230e-04
1.22803544e-01 -7.29140309e-04 6.78145890e-04
1.23211412e-01 -7.11765766e-04 6.78686170e-04
1.23619278e-01 5.78604097e-04 6.78133432e-04
1.24027144e-01 -1.15374409e-04 6.81318013e-04
1.24435008e-01 5.30498754e-04 6.86153943e-04
1.24842871e-01 7.23314147e-04 6.90239210e-04
1.25250733e-01 1.39151098e-04 6.73456226e-04
1.25658594e-01 2.40888995e-04 6.93824902e-04
1.26066453e-01 7.44282225e-04 6.93413108e-04
1.26474311e-01 2.13423472e-04 6.75747800e-04
1.26882168e-01 -6.12042339e-04 6.98251051e-04
1.27290024e-01 4.39922104e-04 6.97164312e-04
1.27697879e-01 3.68075376e-04 6.67972521e-04
1.28105732e-01 8.16565617e-04 6.75359704e-04
1.28513585e-01 6.61920828e-04 6.84853442e-04
1.28921436e-01 4.10649720e-04 6.72012151e-04
1.29329285e-01 -4.08721155e-04 6.51153617e-04
1.29737134e-01 1.09041772e-04 6.66011884e-04
1.30144981e-01 -7.59915649e-04 6.41467216e-04
1.30552828e-01 1.33558642e-04 6.58793124e-04
1.30960672e-01 -1.26202835e-03 6.36348173e-04
1.31368516e-01 5.73785710e-04 6.38923880e-04
1.31776358e-01 -7.21840761e-04 6.50949270e-04
1.32184200e-01 2.02808693e-04 6.35185310e-04
1.32592039e-01 1.18809149e-03 6.52555955e-04
1.32999878e-01 8.61474711e-04 6.58731606e-04
1.33407715e-01 -7.76627185e-05 6.36583152e-04
1.33815552e-01 -4.56879371e-04 6.52082120e-04
1.34223386e-01 3.54192024e-04 6.47360044e-04
1.34631220e-01 6.66454783e-04 6.53966036e-04
1.35039052e-01 9.07546664e-04 6.80462045e-04
1.35446883e-01 -1.13343513e-03 6.32185104e-04
1.35854713e-01 -1.16749405e-03 6.44329773e-04
1.36262541e-01 -4.65923538e-04 6.37236521e-04
1.36670368e-01 -4.05616625e-04 6.34404719e-04
1.37078194e-01 -1.21521100e-03 6.12727844e-04
1.37486019e-01 -1.88407083e-05 6.33407243e-04
1.37893842e-01 2.14561934e-04 6.38935648e-04
1.38301664e-01 -2.18856098e-04 6.19002195e-04
1.38709485e-01 -3.42065300e-04 6.15225624e-04
1.39117304e-01 6.13016476e-04 6.27008607e-04
1.39525122e-01 -2.65131542e-06 6.40848575e-04
1.39932939e-01 1.29955014e-05 6.03657301e-04
1.40340754e-01 -2.96809998e-04 6.07511847e-04
1.40748568e-01 7.99700451e-05 6.19038998e-04
1.41156381e-01 -3.10229536e-04 6.03866242e-04
1.41564192e-01 -5.83826157e-04 6.22589622e-04
1.41972002e-01 8.68466317e-04 6.34139697e-04
1.42379811e-01 7.28662651e-04 6.27184576e-04
1.42787618e-01 -7.32738469e-04 6.30824920e-04
1.43195424e-01 1.33616209e-04 6.40724673e-04
1.43603228e-01 5.30762831e-04 6.38811534e-04
1.44011032e-01 3.51663053e-04 6.49283215e-04
1.44418833e-01 -2.18632459e-04 6.23917810e-04
1.44826634e-01 8.93991461e-04 6.18169752e-04
1.45234433e-01 -7.25339839e-04 6.33128933e-04
1.45642231e-01 -2.60573949e-04 6.31491930e-04
1.46050027e-01 -4.33000840e-04 6.28371630e-04
1.46457822e-01 -5.61520896e-04 6.32716853e-04
1.46865616e-01 9.81627838e-05 6.34698708e-04
1.47273408e-01 -7.15468989e-05 6.16466997e-04
1.47681199e-01 1.06185386e-03 6.47571468e-04
1.48088988e-01 3.45845033e-05 6.28888168e-04
1.48496776e-01 7.13370216e-04 6.27938451e-04
1.48904563e-01 -4.70813020e-04 6.26089164e-04
1.49312348e-01 -4.33407371e-05 6.33853763e-04
1.49720132e-01 -9.42072973e-06 6.03122099e-04
1.50127914e-01 7.24330184e-04 6.12818689e-04
1.50535695e-01 5.91047298e-04 6.09379410e-04
1.50943474e-01 -1.13298810e-03 6.05286810e-04
1.51351252e-01 5.46795891e-04 6.20821864e-04
1.51759029e-01 1.19589116e-04 6.17192783e-04
1.52166804e-01 8.25381947e-04 6.17516764e-04
1.52574578e-01 -3.60746760e-04 6.23850911e-04
1.52982350e-01 1.51436536e-04 6.13901364e-04
1.53390121e-01 7.17006268e-04 5.97982878e-04
1.53797890e-01 3.67264858e-04 6.10441391e-04
1.54205658e-01 3.06518574e-05 6.01490023e-04
1.54613425e-01 8.33958616e-05 5.96671362e-04
1.55021190e-01 3.75174582e-04 5.98162288e-04
1.55428953e-01 5.75920829e-04 5.89279450e-04
1.55836716e-01 -1.19702149e-04 5.93570416e-04
1.56244476e-01 6.97773323e-04 5.79778874e-04
1.56652235e-01 -2.94607233e-04 5.97002783e-04
1.57059993e-01 3.33367947e-04 5.92104210e-04
1.57467749e-01 -1.19111726e-04 5.78003987e-04
1.57875504e-01 7.96640323e-04 5.77919788e-04
1.58283257e-01 -5.47730638e-04 5.90724241e-04
1.58691008e-01 4.91557889e-05 5.77196691e-04
1.59098758e-01 1.18000807e-03 5.83861727e-04
1.59506507e-01 5.62148755e-04 5.75798873e-04
1.59914254e-01 1.15709894e-03 5.68120477e-04
1.60322000e-01 4.09243030e-04 5.82292587e-04
1.60729744e-01 4.19460136e-04 5.78927796e-04
1.61137486e-01 1.46950734e-03 5.89315087e-04
1.61545228e-01 5.20854308e-04 5.72534722e-04
1.61952967e-01 2.64511552e-04 5.72178098e-04
1.62360705e-01 1.80603351e-04 5.74689095e-04
1.62768441e-01 3.25903266e-04 5.65004057e-04
1.63176176e-01 -4.70142220e-04 5.73737594e-04
1.63583910e-01 7.51050144e-05 5.63405090e-04
1.63991641e-01 1.59399695e-04 5.58902276e-04
1.64399372e-01 5.82722759e-04 5.78078878e-04
1.64807100e-01 -1.10095310e-04 5.73540410e-04
1.65214827e-01 -6.77259901e-04 5.69108245e-04
1.65622553e-01 7.86802614e-04 5.60029551e-04
1.66030277e-01 3.02323375e-04 5.66416401e-04
1.66437999e-01 -5.01495015e-05 5.62926925e-04
1.66845720e-01 1.47631330e-04 5.80417309e-04
1.67253439e-01 -3.99839595e-05 5.64142795e-04
1.67661157e-01 4.62272026e-04 5.50337295e-04
1.68068873e-01 4.09611340e-04 5.61449420e-04
1.68476588e-01 6.16624600e-04 5.43219558e-04
1.68884301e-01 1.86548834e-06 5.58436313e-04
1.69292012e-01 -7.81694367e-05 5.51851296e-04
1.69699721e-01 7.52037631e-04 5.53479944e-04
1.70107430e-01 -3.25066384e-04 5.56768374e-04
1.70515136e-01 1.75234252e-04 5.57003423e-04
1.70922841e-01 -4.13533111e-04 5.35384006e-04
1.71330544e-01 2.58713955e-04 5.37930992e-04
1.71738246e-01 8.52012860e-04 5.60483592e-04
1.72145946e-01 4.48166830e-04 5.46571164e-04
1.72553644e-01 4.21462784e-04 5.43977286e-04
1.72961341e-01 -6.70296915e-04 5.46517474e-04
1.73369036e-01 -9.28597880e-05 5.40828663e-04
1.73776729e-01 5.50748457e-04 5.49844679e-04
1.74184421e-01 6.94388853e-04 5.42970227e-04
1.74592111e-01 1.95420728e-04 5.34474514e-04
1.74999799e-01 6.36084708e-04 5.28895869e-04
1.75407486e-01 8.70035200e-04 5.45735336e-04
1.75815171e-01 1.74449748e-03 5.53430013e-04
1.76222855e-01 -1.14239693e-04 5.27748852e-04
1.76630537e-01 5.78800842e-04 5.37206567e-04
1.77038217e-01 3.49418066e-04 5.38786129e-04
1.77445895e-01 1.85134003e-03 5.46699753e-04
1.77853572e-01 1.04888478e-03 5.39342050e-04
1.78261247e-01 6.37290735e-06 5.26936464e-04
1.78668921e-01 -1.49942183e-05 5.35780181e-04
1.79076592e-01 2.74210232e-04 5.30399824e-04
1.79484262e-01 6.65194303e-04 5.26142147e-04
1.79891931e-01 -2.67124198e-04 5.26641954e-04
1.80299597e-01 2.82903324e-04 5.32076793e-04
1.80707262e-01 1.09388849e-03 5.42570478e-04
1.81114925e-01 8.68665671e-04 5.32274816e-04
1.81522587e-01 1.38425262e-03 5.31108583e-04
1.81930247e-01 -3.39118717e-04 5.22621862e-04
1.82337905e-01 6.79264835e-05 5.12675507e-04
1.82745561e-01 -1.20519191e-04 5.20867714e-04
1.83153215e-01 -8.58904988e-04 5.31546581e-04
1.83560868e-01 -1.08674760e-04 5.31517410e-04
1.83968519e-01 -4.22255205e-05 5.18738943e-04
1.84376169e-01 2.03705900e-04 5.31986098e-04
1.84783816e-01 2.66910900e-04 5.15666320e-04
1.85191462e-01 -4.51410245e-04 5.13766510e-04
1.85599106e-01 8.27577822e-04 5.18862777e-04
1.86006749e-01 3.62709181e-04 5.18531950e-04
1.86414389e-01 -1.20107796e-03 5.03223081e-04
1.86822028e-01 -2.99101211e-04 5.22991272e-04
1.87229665e-01 3.98941580e-04 5.20516280e-04
1.87637300e-01 4.62145933e-04 5.12781879e-04
1.88044934e-01 1.25380004e-03 5.17406113e-04
1.88452566e-01 7.14267182e-04 5.07256708e-04
1.88860195e-01 -1.04540282e-04 5.16113371e-04
1.89267824e-01 2.66529694e-04 5.16233041e-04
1.89675450e-01 -3.90226728e-04 5.06162550e-04
1.90083074e-01 -3.41189048e-04 5.17832737e-04
1.90490697e-01 4.39551147e-04 5.07489160e-04
1.90898318e-01 1.38158659e-04 5.01736858e-04
1.91305937e-01 3.36205882e-04 5.11670140e-04
1.91713555e-01 -4.42579987e-04 4.97936699e-04
1.92121170e-01 -7.93262679e-04 5.07483547e-04
1.92528784e-01 -9.44702575e-05 5.07671872e-04
1.92936396e-01 -3.84807866e-04 4.97918500e-04
1.93344006e-01 6.73917246e-04 5.00668757e-04
1.93751614e-01 8.97135638e-04 5.16862876e-04
1.94159220e-01 -2.58247697e-04 4.90860521e-04
1.94566825e-01 2.56601842e-04 4.91809526e-04
1.94974427e-01 -5.26803711e-04 4.94698447e-04
1.95382028e-01 -1.53361945e-04 5.07923232e-04
1.95789627e-01 -3.57132410e-04 5.03438569e-04
1.96197224e-01 -6.04949192e-05 5.03279615e-04
1.96604820e-01 -6.77768422e-04 4.94065384e-04
1.97012413e-01 1.01118483e-03 4.96989900e-04
1.97420005e-01 6.77735974e-04 5.15520744e-04
1.97827594e-01 4.43139522e-04 5.04613390e-04
1.98235182e-01 -4.95232070e-04 5.03054303e-04
1.98642768e-01 1.10839756e-04 5.16552072e-04
1.99050352e-01 -6.79893892e-04 4.98200880e-04
1.99457934e-01 -1.06119757e-04 5.16564479e-04
1.99865514e-01 -4.27432882e-04 5.05005724e-04
2.00273093e-01 3.50859422e-04 5.03045553e-04
2.00680669e-01 4.35991359e-04 5.03928896e-04
2.01088244e-01 -4.14919186e-05 4.99779751e-04
2.01495816e-01 -8.86302517e-04 4.96645558e-04
2.01903387e-01 9.08776237e-04 5.07126039e-04
2.02310956e-01 2.36566697e-04 5.11047678e-04
2.02718523e-01 5.71195567e-04 5.16645127e-04
2.03126088e-01 9.36087473e-05 5.14366596e-04
2.03533651e-01 3.17298624e-04 5.12182838e-04
2.03941212e-01 2.64121641e-05 5.16735792e-04
2.04348771e-01 3.01029644e-04 5.02992673e-04
2.04756329e-01 2.02620636e-04 4.99003787e-04
2.05163884e-01 3.50898727e-04 5.03857484e-04
2.05571438e-01 3.86329114e-04 4.97489435e-04
2.05978989e-01 1.82030608e-04 4.91997805e-04
2.06386539e-01 4.67473859e-04 4.91268991e-04
2.06794086e-01 -6.66051619e-04 4.96209544e-04
2.07201632e-01 2.52762257e-04 4.91039393e-04
2.07609175e-01 -4.05162734e-04 4.83000440e-04
2.08016717e-01 1.01431268e-03 4.91218802e-04
2.08424257e-01 -3.12849115e-04 4.81375804e-04
2.08831794e-01 -3.94173522e-04 4.88892366e-04
2.09239330e-01 3.85846866e-05 4.88162480e-04
2.09646864e-01 -3.21162326e-04 4.75366570e-04
2.10054396e-01 3.69434275e-04 4.84921676e-04
2.10461925e-01 -3.73799829e-04 4.77642897e-04
2.10869453e-01 -3.01113502e-04 4.84189003e-04
2.11276979e-01 -6.00706983e-04 4.71628561e-04
2.11684503e-01 3.72788840e-05 4.78806418e-04
2.12092025e-01 -2.66283790e-05 4.80285077e-04
2.12499544e-01 2.19848054e-04 4.80985364e-04
2.12907062e-01 1.70870670e-04 4.76583983e-04
2.13314578e-01 -1.17586326e-04 4.73430607e-04
2.13722092e-01 5.31090119e-04 4.78534359e-04
2.14129603e-01 2.07673636e-04 4.90570091e-04
2.14537113e-01 4.20414061e-04 4.84889386e-04
2.14944621e-01 2.59379025e-04 4.85955179e-04
2.15352126e-01 -2.10079753e-04 4.75362514e-04
2.15759630e-01 -1.27831457e-05 4.75799805e-04
2.16167131e-01 2.61274109e-05 4.70541023e-04
2.16574631e-01 1.06543374e-03 4.64277686e-04
2.16982128e-01 4.83304518e-04 4.65593269e-04
2.17389624e-01 5.56732807e-04 4.74337496e-04
2.17797117e-01 8.90461510e-04 4.75519143e-04
2.18204608e-01 7.80564958e-04 4.89829239e-04
2.18612098e-01 2.78512430e-05 4.77018534e-04
2.19019585e-01 3.60790262e-05 4.73756193e-04
2.19427070e-01 3.03800308e-04 4.65596702e-04
2.19834553e-01 1.43500269e-03 4.63721191e-04
2.20242034e-01 2.62479446e-04 4.61679315e-04
2.20649512e-01 6.75372084e-04 4.72832658e-04
2.21056989e-01 -1.08529231e-03 4.62954462e-04
2.21464464e-01 3.84759365e-04 4.65274943e-04
2.21871936e-01 -3.90206288e-04 4.57781714e-04
2.22279407e-01 -7.93332693e-04 4.50031719e-04
2.22686875e-01 -6.40745029e-04 4.57758058e-04
2.23094341e-01 5.28663656e-04 4.64844842e-04
2.23501805e-01 1.01193852e-03 4.62914439e-04
2.23909267e-01 1.96602183e-04 4.51667514e-04
2.24316727e-01 6.69028786e-04 4.63751772e-04
2.24724185e-01 7.02142699e-04 4.55001647e-04
2.25131641e-01 3.61532754e-04 4.67943005e-04
2.25539094e-01 -5.02521775e-04 4.61037800e-04
2.25946545e-01 -1.09074280e-04 4.54878422e-04
2.26353995e-01 6.61021717e-04 4.65947206e-04
2.26761442e-01 2.09307188e-05 4.59892301e-04
2.27168887e-01 2.11655320e-05 4.61820008e-04
2.27576329e-01 2.37222694e-04 4.44643772e-04
2.27983770e-01 -3.67575527e-04 4.60298385e-04
2.28391208e-01 1.58666714e-04 4.53874978e-04
2.28798645e-01 3.04927626e-04 4.57310467e-04
2.29206079e-01 8.22731334e-06 4.61375891e-04
2.29613511e-01 -1.08697670e-04 4.63784730e-04
2.30020941e-01 5.42053717e-04 4.66630961e-04
2.30428368e-01 2.86688877e-04 4.70272087e-04
2.30835794e-01 1.69537705e-04 4.64580743e-04
2.31243217e-01 -2.80567743e-04 4.58126783e-04
2.31650638e-01 1.60814076e-04 4.64155756e-04
2.32058057e-01 -6.11973857e-04 4.60387787e-04
2.32465473e-01 3.90924263e-04 4.66798388e-04
2.32872888e-01 -2.45951186e-04 4.64542033e-04
2.33280300e-01 6.54200779e-04 4.70207184e-04
2.33687710e-01 3.06829752e-05 4.64507629e-04
2.34095118e-01 -1.39303564e-04 4.61478210e-04
2.34502524e-01 7.25338100e-04 4.70111254e-04
2.34909927e-01 6.16049370e-04 4.72140874e-04
2.35317328e-01 2.16761126e-04 4.59165374e-04
2.35724727e-01 -5.65349351e-04 4.56343810e-04
2.36132124e-01 9.67487021e-04 4.51535018e-04
2.36539518e-01 2.24925280e-04 4.53501983e-04
2.36946911e-01 1.01723375e-04 4.49646118e-04
2.37354301e-01 -2.89188337e-04 4.61790605e-04
2.37761688e-01 7.57431689e-04 4.57871488e-04
2.38169074e-01 5.39962753e-04 4.51339432e-04
2.38576457e-01 -3.60597567e-04 4.43649924e-04
2.38983838e-01 1.40326338e-04 4.50032671e-04
2.39391217e-01 5.27053357e-04 4.53337806e-04
2.39798593e-01 7.95134390e-04 4.46030796e-04
2.40205967e-01 2.13752138e-04 4.53667028e-04
2.40613339e-01 -1.69898832e-04 4.49599484e-04
2.41020709e-01 1.09392235e-03 4.51990723e-04
2.41428076e-01 6.11945129e-04 4.54289115e-04
2.41835441e-01 2.56907217e-04 4.44955949e-04
2.42242804e-01 -7.68065011e-04 4.38094400e-04
2.42650165e-01 3.22902359e-04 4.39290756e-04
2.43057523e-01 1.48583586e-03 4.46956014e-04
2.43464879e-01 4.21418324e-04 4.40171933e-04
2.43872232e-01 -1.70063860e-07 4.35944226e-04
2.44279584e-01 -6.43039185e-05 4.35856203e-04
2.44686933e-01 3.67465367e-04 4.38082292e-04
2.45094279e-01 3.49767197e-04 4.38914621e-04
2.45501624e-01 4.66021961e-04 4.40099328e-04
2.45908966e-01 -7.36465704e-04 4.28809579e-04
2.46316305e-01 -8.42883530e-05 4.26451456e-04
2.46723643e-01 -2.40704705e-05 4.30320441e-04
2.47130978e-01 2.96828387e-04 4.38259009e-04
2.47538310e-01 7.13433628e-05 4.35913831e-04
2.47945641e-01 3.65126941e-04 4.37896492e-04
2.48352969e-01 5.65432276e-04 4.38623838e-04
2.48760294e-01 4.30647649e-04 4.34608562e-04
2.49167618e-01 1.10888295e-03 4.44591628e-04
2.49574939e-01 -2.54826131e-04 4.26928467e-04
2.49982257e-01 -1.11699057e-04 4.29192244e-04
2.50389573e-01 -4.50972610e-05 4.26747891e-04
2.50796887e-01 3.83217036e-04 4.28116490e-04
2.51204199e-01 3.08397193e-04 4.22377547e-04
2.51611508e-01 -3.80308219e-04 4.35734028e-04
2.52018815e-01 3.36096363e-04 4.28319737e-04
2.52426119e-01 -3.07466260e-04 4.26205248e-04
2.52833421e-01 2.30275171e-04 4.31868607e-04
2.53240720e-01 -2.24943205e-04 4.17853355e-04
2.53648017e-01 3.48275839e-04 4.30896586e-04
2.54055312e-01 3.55553507e-04 4.22057629e-04
2.54462605e-01 -1.45526970e-04 4.21199252e-04
2.54869894e-01 3.97149856e-04 4.21255595e-04
2.55277182e-01 7.38767918e-04 4.26915270e-04
2.55684467e-01 1.68617329e-04 4.32256150e-04
2.56091750e-01 7.00806332e-04 4.23355933e-04
2.56499030e-01 -5.64063390e-05 4.19156947e-04
2.56906308e-01 -4.88911104e-04 4.14876907e-04
2.57313583e-01 3.76640370e-04 4.19264514e-04
2.57720856e-01 3.55781527e-04 4.14681466e-04
2.58128127e-01 4.26587091e-04 4.24602865e-04
2.58535395e-01 -3.45018839e-04 4.16633876e-04
2.58942661e-01 9.90469049e-04 4.28860338e-04
2.59349924e-01 1.17332520e-04 4.14917709e-04
2.59757184e-01 8.64554956e-04 4.28894830e-04
2.60164443e-01 -1.89615008e-04 4.15887643e-04
2.60571699e-01 4.44817714e-04 4.19410185e-04
2.60978952e-01 1.38048567e-04 4.18907798e-04
2.61386203e-01 2.64206644e-04 4.15236686e-04
2.61793451e-01 1.90787650e-04 4.23438590e-04
2.62200697e-01 3.69325031e-04 4.18108047e-04
2.62607941e-01 4.88352000e-04 4.22944626e-04
2.63015182e-01 2.70789226e-04 4.11727225e-04
2.63422420e-01 -1.55744353e-04 4.11073522e-04
2.63829656e-01 3.12964980e-06 4.14059264e-04
2.64236890e-01 -9.70838567e-05 4.20717110e-04
2.64644121e-01 3.97394498e-04 4.11333095e-04
2.65051349e-01 -2.34481476e-04 4.16092432e-04
2.65458575e-01 -2.11208251e-04 4.13100521e-04
2.65865799e-01 4.15335375e-04 4.03599764e-04
2.66273019e-01 2.19071739e-04 4.03265912e-04
2.66680238e-01 5.40991413e-05 4.03231953e-04
2.67087454e-01 3.96779022e-04 4.13316110e-04
2.67494667e-01 -5.55758979e-04 4.06923000e-04
2.67901878e-01 3.17859612e-05 4.05670384e-04
2.68309086e-01 -6.34689648e-04 4.06352245e-04
2.68716292e-01 -1.86874500e-05 4.15923906e-04
2.69123495e-01 8.32838117e-06 4.05792238e-04
2.69530696e-01 1.21738807e-04 4.01589291e-04
2.69937894e-01 -3.21984229e-04 3.99011528e-04
2.70345090e-01 -5.34854143e-04 4.08107645e-04
2.70752283e-01 -2.22621264e-04 4.00705839e-04
2.71159473e-01 3.16380273e-04 4.14262679e-04
2.71566661e-01 -3.40321664e-04 3.97705420e-04
2.71973847e-01 4.49102510e-04 4.08290166e-04
2.72381030e-01 3.97138875e-04 4.05044710e-04
2.72788210e-01 2.48055004e-04 4.06331736e-04
2.73195387e-01 3.71390034e-04 4.02797811e-04
2.73602562e-01 -5.76463933e-04 4.04566910e-04
2.74009735e-01 1.16270181e-04 4.01261231e-04
2.74416905e-01 3.74216623e-04 3.99637143e-04
2.74824072e-01 8.66048190e-04 3.96452970e-04
2.75231237e-01 5.61916488e-04 3.92555882e-04
2.75638399e-01 2.92023593e-04 3.94363447e-04
2.76045558e-01 1.08425873e-04 3.93807745e-04
2.76452715e-01 7.60556046e-04 3.96309485e-04
2.76859869e-01 5.44605073e-04 4.06109094e-04
2.77267021e-01 7.44392496e-04 4.00919968e-04
2.77674170e-01 -6.78026511e-04 3.90365026e-04
2.78081316e-01 4.57060796e-04 3.95442257e-04
2.78488460e-01 2.92458159e-05 3.96170873e-04
2.78895601e-01 2.57436788e-04 3.91833842e-04
2.79302740e-01 -2.07810639e-05 3.93309778e-04
2.79709875e-01 -2.36470416e-04 3.90706006e-04
2.80117009e-01 4.46691949e-04 3.95221161e-04
2.80524139e-01 -1.36055522e-04 3.91546787e-04
2.80931267e-01 1.06919077e-05 3.88085373e-04
2.81338392e-01 8.41474299e-04 3.93440395e-04
2.81745515e-01 -8.86662950e-05 3.96585920e-04
2.82152635e-01 2.60125154e-04 3.92720533e-04
2.82559752e-01 1.29592144e-04 3.93045954e-04
2.82966866e-01 1.13258477e-04 3.96094844e-04
2.83373978e-01 -2.32066491e-04 3.86887697e-04
2.83781088e-01 -4.57488247e-04 3.95926375e-04
2.84188194e-01 5.10725079e-04 3.94261209e-04
2.84595298e-01 4.71076152e-04 3.97636521e-04
2.85002399e-01 3.73787120e-04 3.90400727e-04
2.85409497e-01 6.10273907e-05 3.88324664e-04
2.85816593e-01 -2.30301836e-04 3.92572360e-04
2.86223686e-01 6.21092277e-04 4.08750244e-04
2.86630777e-01 -3.97723912e-04 3.96407682e-04
2.87037864e-01 3.43320160e-04 4.01091012e-04
2.87444949e-01 4.17118950e-04 3.92403246e-04
2.87852031e-01 1.48920595e-04 4.00948720e-04
2.88259111e-01 3.04173682e-04 4.04936557e-04
2.88666188e-01 7.46740800e-04 4.02119237e-04
2.89073262e-01 -6.23845609e-04 3.99792629e-04
2.89480333e-01 1.83936160e-04 3.96014185e-04
2.89887401e-01 2.62165663e-04 4.13694202e-04
2.90294467e-01 -1.29312719e-05 4.00283897e-04
2.90701530e-01 5.92241003e-05 4.00423512e-04
2.91108591e-01 4.68088273e-04 4.04920241e-04
2.91515648e-01 2.28300273e-04 3.97090978e-04
2.91922703e-01 1.51670098e-04 3.97255511e-04
2.92329755e-01 9.97492793e-05 3.84556599e-04
2.92736804e-01 -2.07507571e-04 3.89612654e-04
2.93143851e-01 3.53901058e-04 3.91414676e-04
2.93550895e-01 2.92419315e-04 3.86726917e-04
2.93957936e-01 2.68642248e-04 3.83391304e-04
2.94364974e-01 3.25395450e-04 3.91956844e-04
2.94772009e-01 6.09167701e-04 4.02486239e-04
2.95179042e-01 -4.74195821e-04 3.92271082e-04
2.95586072e-01 3.58868652e-04 3.92358467e-04
2.95993099e-01 3.40860433e-04 3.99575696e-04
2.96400123e-01 2.04873869e-04 3.97507399e-04
2.96807145e-01 -1.66869238e-04 3.93742866e-04
2.97214163e-01 2.06624364e-05 3.95542727e-04
2.97621179e-01 6.49820660e-05 3.89343559e-04
2.98028192e-01 -6.32495287e-04 3.95669949e-04
2.98435202e-01 -8.11104436e-05 3.96337834e-04
2.98842210e-01 6.02179878e-04 3.94541362e-04
2.99249214e-01 -7.18079926e-04 3.92251351e-04
2.99656216e-01 -7.26529963e-05 3.91186659e-04
3.00063215e-01 -1.33760967e-04 3.94412180e-04
3.00470211e-01 3.31834194e-04 3.93306794e-04
3.00877204e-01 3.60659785e-04 4.00701411e-04
3.01284194e-01 3.22784553e-04 4.00836598e-04
3.01691182e-01 2.72575239e-04 3.97720389e-04
3.02098167e-01 4.68998879e-04 3.95095326e-04
3.02505149e-01 4.15496783e-04 3.93262920e-04
3.02912128e-01 -3.07046290e-04 3.89494864e-04
3.03319104e-01 2.08340841e-04 3.90809457e-04
3.03726077e-01 7.55416936e-04 3.97469820e-04
3.04133047e-01 -1.75563908e-04 3.95319629e-04
3.04540015e-01 4.76732183e-04 3.96548612e-04
3.04946979e-01 1.63006597e-04 3.92115856e-04
3.05353941e-01 1.31721236e-04 3.96797217e-04
3.05760900e-01 1.98003770e-04 3.99028056e-04
3.06167856e-01 -2.19486829e-05 3.91188743e-04
3.06574809e-01 -1.71800014e-04 3.89587397e-04
3.06981759e-01 4.22158465e-04 3.88270572e-04
3.07388706e-01 3.41285818e-04 3.95040196e-04
3.07795651e-01 -5.32396747e-04 3.84087638e-04
3.08202592e-01 -5.63505388e-04 3.93549327e-04
3.08609531e-01 -1.63696641e-04 3.96180243e-04
3.09016466e-01 9.04247100e-04 3.97740863e-04
3.09423399e-01 1.29530332e-06 4.00466828e-04
3.09830329e-01 -4.23129407e-08 4.01876099e-04
3.10237256e-01 -1.24741807e-04 4.02615158e-04
3.10644180e-01 -5.37015132e-05 4.04085656e-04
3.11051101e-01 6.17148815e-04 4.02383714e-04
3.11458019e-01 3.59883609e-04 4.04670002e-04
3.11864934e-01 2.72096690e-04 3.99761315e-04
3.12271846e-01 5.25404465e-04 4.08288288e-04
3.12678755e-01 8.18972762e-06 3.97906936e-04
3.13085661e-01 2.40484085e-04 3.97454869e-04
3.13492565e-01 -1.75492034e-04 3.94218566e-04
3.13899465e-01 -6.91918965e-05 4.04666976e-04
3.14306362e-01 2.23888102e-04 4.01138957e-04
3.14713257e-01 8.08380061e-04 4.11442898e-04
3.15120148e-01 -1.83836379e-05 4.03195325e-04
3.15527037e-01 -8.57993554e-05 4.08541461e-04
3.15933922e-01 -6.41605526e-05 4.08545717e-04
3.16340805e-01 3.18013887e-04 4.46975315e-04
3.16747684e-01 3.93695875e-04 4.88921068e-04
3.17154561e-01 -8.52040560e-05 5.02827295e-04
3.17561434e-01 5.26486478e-04 5.51595406e-04
3.17968305e-01 1.31299348e-03 5.84924734e-04
3.18375172e-01 3.69028102e-04 6.15733386e-04
3.18782037e-01 1.01630171e-03 6.34575792e-04
3.19188898e-01 -1.48970971e-03 6.40940766e-04
3.19595757e-01 1.70398476e-03 6.76977652e-04
3.20002612e-01 -7.96358522e-04 7.06620438e-04
3.20409465e-01 -6.16510375e-04 7.89378312e-04
3.20816314e-01 9.57225306e-04 8.27627718e-04
3.21223160e-01 -1.75769659e-04 9.52360650e-04
3.21630004e-01 9.13726904e-04 1.07016983e-03
3.22036844e-01 1.45231681e-03 1.34756961e-03
3.22443681e-01 -2.26023829e-03 1.99028558e-03
3.22850516e-01 6.90742669e-03 6.56451674e-03
