4.08043586e-03 -4.54635389e-02 2.68043302e-02
4.48847930e-03 -2.59858883e-02 2.66414531e-02
4.89652269e-03 -2.81515687e-02 1.98194573e-02
5.30456604e-03 -1.24750694e-02 1.43528541e-02
5.71260934e-03 9.91368110e-04 1.15131711e-02
6.12065258e-03 -2.17855631e-02 8.97413964e-03
6.52869577e-03 -8.57216170e-03 7.14739572e-03
6.93673889e-03 -1.19443139e-02 6.56092582e-03
7.34478195e-03 -6.45802735e-03 5.91734537e-03
7.75282494e-03 -5.48936257e-03 5.09686419e-03
8.16086785e-03 -1.12192310e-03 5.05698190e-03
8.56891069e-03 -4.79421081e-03 4.47320896e-03
8.97695345e-03 -5.60761138e-03 3.83197775e-03
9.38499612e-03 4.76559114e-03 3.50162679e-03
9.79303870e-03 -6.83466867e-04 3.64101978e-03
1.02010812e-02 -1.58047483e-03 3.46512931e-03
1.06091236e-02 -2.40577966e-03 3.26463840e-03
1.10171659e-02 -5.08971539e-04 2.90471796e-03
1.14252081e-02 3.40780455e-03 3.07077519e-03
1.18332501e-02 -2.65975387e-03 2.85228118e-03
1.22412921e-02 -1.39778980e-04 2.84523573e-03
1.26493339e-02 7.97445572e-04 2.75824687e-03
1.30573757e-02 1.38280660e-03 2.47623245e-03
1.34654173e-02 -4.71042894e-03 2.39013471e-03
1.38734588e-02 2.73184589e-03 2.51354834e-03
1.42815001e-02 1.97990434e-03 2.23891247e-03
1.46895413e-02 4.52561607e-03 2.32452944e-03
1.50975824e-02 3.09656332e-03 2.26580188e-03
1.55056233e-02 2.08789483e-03 2.16844446e-03
1.59136641e-02 -1.01965561e-03 2.00611350e-03
1.63217047e-02 -3.43252760e-04 1.99797425e-03
1.67297452e-02 3.07581267e-03 2.02641209e-03
1.71377855e-02 2.31650400e-03 2.00188602e-03
1.75458257e-02 2.34513553e-03 2.07765491e-03
1.79538657e-02 -3.55376856e-03 2.06799929e-03
1.83619055e-02 3.66489398e-03 1.97276456e-03
1.87699451e-02 3.91093367e-03 1.82168603e-03
1.91779846e-02 4.68272583e-04 1.98064411e-03
1.95860239e-02 -9.05787273e-04 1.85407383e-03
1.99940630e-02 -2.71220790e-03 1.77231192e-03
2.04021019e-02 -6.65264414e-04 1.91229203e-03
2.08101406e-02 -9.14548805e-04 1.74665826e-03
2.12181791e-02 1.36208116e-03 1.86376944e-03
2.16262174e-02 -1.58858125e-03 1.71951643e-03
2.20342555e-02 -5.17424312e-04 1.74334117e-03
2.24422934e-02 -1.62200368e-03 1.61854982e-03
2.28503311e-02 3.46431138e-03 1.79662008e-03
2.32583686e-02 -3.83269791e-03 1.63867396e-03
2.36664058e-02 -2.82653588e-03 1.61453815e-03
2.40744429e-02 -1.48715786e-03 1.65866628e-03
2.44824797e-02 -2.11035866e-03 1.63394051e-03
2.48905162e-02 -1.89028044e-03 1.61899516e-03
2.52985525e-02 -1.16851850e-03 1.67922412e-03
2.57065886e-02 -3.19753753e-04 1.63250220e-03
2.61146245e-02 7.03691832e-04 1.60374960e-03
2.65226601e-02 1.32619293e-05 1.72383948e-03
2.69306954e-02 -1.14743432e-03 1.61397992e-03
2.73387305e-02 -2.17630953e-03 1.63313145e-03
2.77467653e-02 2.29268395e-03 1.65431241e-03
2.81547999e-02 -1.03832727e-04 1.60420737e-03
2.85628342e-02 -1.49173897e-03 1.67234309e-03
2.89708682e-02 8.43490721e-04 1.63760267e-03
2.93789020e-02 -3.15752382e-03 1.61097397e-03
2.97869355e-02 3.16994788e-03 1.59202550e-03
3.01949687e-02 1.30036208e-03 1.69237077e-03
3.06030016e-02 8.52040770e-04 1.58079370e-03
3.10110342e-02 -2.07445914e-03 1.62142462e-03
3.14190665e-02 2.14540121e-03 1.66078712e-03
3.18270985e-02 1.12674244e-03 1.46701237e-03
3.22351302e-02 1.01536194e-03 1.50231347e-03
3.26431617e-02 1.35758924e-03 1.50128074e-03
3.30511928e-02 6.23677199e-04 1.51778636e-03
3.34592236e-02 -7.60803185e-04 1.46261420e-03
3.38672540e-02 3.10787922e-04 1.43896268e-03
3.42752842e-02 1.19955682e-03 1.52921182e-03
3.46833140e-02 -1.89635921e-03 1.44532955e-03
3.50913435e-02 1.43888533e-03 1.41121872e-03
3.54993727e-02 -7.39939552e-04 1.31050355e-03
3.59074015e-02 1.35561745e-03 1.38590395e-03
3.63154300e-02 3.65397520e-04 1.39289201e-03
3.67234581e-02 8.73572449e-04 1.40601931e-03
3.71314859e-02 -9.17554243e-04 1.33498916e-03
3.75395134e-02 8.92833710e-04 1.34771404e-03
3.79475405e-02 9.04498038e-04 1.33191586e-03
3.83555672e-02 1.92153724e-04 1.29500757e-03
3.87635935e-02 4.36390934e-04 1.36777880e-03
3.91716195e-02 -3.15004399e-04 1.29604157e-03
3.95796452e-02 1.61040286e-04 1.30707466e-03
3.99876704e-02 -1.99867375e-03 1.33325741e-03
4.03956953e-02 1.25773806e-03 1.30399470e-03
4.08037198e-02 1.16876541e-03 1.27299440e-03
4.12117439e-02 -1.46587302e-03 1.34870079e-03
4.16197676e-02 3.62601599e-03 1.33831269e-03
4.20277909e-02 9.74325835e-04 1.20743397e-03
4.24358138e-02 -6.04764237e-04 1.27262697e-03
4.28438363e-02 1.01977113e-03 1.29895743e-03
4.32518584e-02 -2.49193798e-04 1.21091199e-03
4.36598801e-02 -1.63925803e-03 1.21884262e-03
4.40679014e-02 -1.21179012e-04 1.17724247e-03
4.44759222e-02 -5.72758159e-04 1.24023425e-03
4.48839427e-02 1.84375393e-03 1.24197748e-03
4.52919627e-02 1.59060528e-04 1.21590904e-03
4.56999823e-02 1.36382920e-04 1.17060990e-03
4.61080014e-02 -2.96230280e-05 1.19996242e-03
4.65160201e-02 -7.27661073e-04 1.15288846e-03
4.69240384e-02 9.99359040e-04 1.22972259e-03
4.73320562e-02 -2.42294919e-04 1.20535889e-03
4.77400736e-02 -1.02447829e-03 1.14533189e-03
4.81480905e-02 -1.00057648e-06 1.20034514e-03
4.85561070e-02 6.90354405e-04 1.17517408e-03
4.89641230e-02 1.27908992e-03 1.18661958e-03
4.93721385e-02 -4.64081287e-04 1.12294441e-03
4.97801536e-02 -1.92252914e-03 1.11507525e-03
5.01881682e-02 -1.05549255e-03 1.16280094e-03
5.05961823e-02 1.55033978e-04 1.15996416e-03
5.10041960e-02 1.91989555e-03 1.17074276e-03
5.14122091e-02 -4.65856269e-04 1.09302377e-03
5.18202218e-02 -1.00384668e-03 1.12203649e-03
5.22282340e-02 1.11447667e-03 1.11608987e-03
5.26362457e-02 -1.03334011e-05 1.11603483e-03
5.30442569e-02 4.23209389e-04 1.09945709e-03
5.34522675e-02 -1.29210102e-03 1.09295468e-03
5.38602777e-02 1.61712684e-03 1.11060331e-03
5.42682874e-02 2.25583451e-04 1.08733728e-03
5.46762965e-02 -3.53288683e-04 1.08576358e-03
5.50843052e-02 -2.57163519e-04 1.08776707e-03
5.54923133e-02 -7.25098046e-04 1.10173474e-03
5.59003208e-02 -1.29949522e-03 1.12473320e-03
5.63083279e-02 -1.80241585e-04 1.07713622e-03
5.67163344e-02 2.44183206e-05 1.11820515e-03
5.71243404e-02 -4.52219241e-04 1.12266238e-03
5.75323458e-02 1.93989753e-04 1.09828882e-03
5.79403507e-02 1.49931020e-04 1.09060102e-03
5.83483551e-02 -5.55603124e-04 1.03706538e-03
5.87563588e-02 -1.75018844e-04 1.06748754e-03
5.91643621e-02 -2.04775113e-04 1.09806225e-03
5.95723647e-02 -3.79415142e-04 1.10895807e-03
5.99803668e-02 1.57351083e-03 1.13711748e-03
6.03883684e-02 -1.89391864e-03 1.10610206e-03
6.07963693e-02 1.95416577e-03 1.12972346e-03
6.12043697e-02 2.46196012e-04 1.08819787e-03
6.16123695e-02 1.39167964e-03 1.06469590e-03
6.20203687e-02 2.03067848e-03 1.10263948e-03
6.24283674e-02 3.54953946e-04 1.03645748e-03
6.28363654e-02 1.17238173e-03 1.04865300e-03
6.32443629e-02 -3.50683659e-05 1.02771986e-03
6.36523597e-02 -3.44131005e-04 1.06264774e-03
6.40603559e-02 -1.22269344e-03 1.01963594e-03
6.44683516e-02 -6.81907607e-04 1.02312912e-03
6.48763466e-02 3.13263079e-04 1.02818981e-03
6.52843410e-02 1.42278192e-03 9.99693613e-04
6.56923348e-02 -1.02114535e-03 1.04019873e-03
6.61003279e-02 -2.87324363e-04 1.00306923e-03
6.65083205e-02 -1.45399449e-03 1.01796916e-03
6.69163124e-02 -1.81787661e-04 1.02445490e-03
6.73243036e-02 1.54286095e-04 9.96628059e-04
6.77322943e-02 -1.46208172e-03 9.78578599e-04
6.81402842e-02 1.26483525e-03 1.00333702e-03
6.85482736e-02 9.32118715e-04 9.93331241e-04
6.89562623e-02 -8.03894749e-05 1.01660945e-03
6.93642503e-02 7.69312373e-04 1.01392673e-03
6.97722377e-02 -8.09610141e-04 9.70112850e-04
7.01802244e-02 5.42897510e-05 9.46438658e-04
7.05882105e-02 -3.68863263e-04 9.69496881e-04
7.09961958e-02 5.83392684e-04 9.32639593e-04
7.14041805e-02 7.59594308e-04 9.52370537e-04
7.18121646e-02 3.14318775e-04 9.25284915e-04
7.22201479e-02 -1.19679943e-03 8.94409329e-04
7.26281306e-02 1.16667124e-03 9.84125725e-04
7.30361126e-02 1.23486328e-06 9.73347966e-04
7.34440938e-02 6.05955008e-05 9.39126169e-04
7.38520744e-02 -1.09494026e-04 9.37563129e-04
7.42600543e-02 -4.35878133e-04 9.38237331e-04
7.46680335e-02 7.48957539e-04 9.25881993e-04
7.50760119e-02 -4.91297569e-04 9.19741136e-04
7.54839897e-02 -1.13897209e-03 9.30757882e-04
7.58919667e-02 5.60744644e-04 9.07113685e-04
7.62999431e-02 2.92493464e-03 9.41008767e-04
7.67079187e-02 2.94172167e-04 9.01150971e-04
7.71158935e-02 -4.07172715e-04 8.94937625e-04
7.75238677e-02 -1.78958686e-03 8.97561301e-04
7.79318411e-02 1.62628017e-03 8.89344956e-04
7.83398137e-02 -1.44351458e-04 8.98793145e-04
7.87477857e-02 1.00106084e-03 9.01598659e-04
7.91557568e-02 2.12840313e-04 9.37756265e-04
7.95637273e-02 7.61716802e-04 8.87966071e-04
7.99716969e-02 -7.51995099e-04 8.88099822e-04
8.03796658e-02 -1.98031705e-03 8.64623168e-04
8.07876340e-02 7.36992360e-04 8.83785657e-04
8.11956014e-02 -1.33405093e-03 8.69023057e-04
8.16035680e-02 -6.15289838e-05 8.42009586e-04
8.20115338e-02 -5.26703476e-04 8.47022006e-04
8.24194989e-02 2.75468577e-04 8.91293724e-04
8.28274631e-02 1.28143538e-03 8.56244500e-04
8.32354266e-02 1.15378562e-03 8.57441354e-04
8.36433893e-02 -4.41844951e-04 8.30698725e-04
8.40513512e-02 -6.12761846e-04 8.29747487e-04
8.44593123e-02 1.75047153e-03 8.71062612e-04
8.48672727e-02 3.78845837e-04 8.40084938e-04
8.52752322e-02 -1.15415004e-03 8.03763028e-04
8.56831909e-02 5.66890348e-04 8.29374412e-04
8.60911487e-02 -1.49235031e-03 8.52969354e-04
8.64991058e-02 -3.91796756e-04 8.69928203e-04
8.69070620e-02 2.29880565e-04 8.66940471e-04
8.73150175e-02 -2.46236091e-04 8.21920024e-04
8.77229721e-02 8.77112645e-04 8.40325558e-04
8.81309258e-02 -3.50071947e-04 8.16239571e-04
8.85388787e-02 -2.11489490e-03 8.04941225e-04
8.89468308e-02 -1.17478970e-03 8.37731167e-04
8.93547821e-02 -5.98258462e-04 8.29117249e-04
8.97627325e-02 7.45662070e-04 8.09164707e-04
9.01706820e-02 -3.64625730e-05 8.31480919e-04
9.05786307e-02 -9.55427993e-04 8.22261009e-04
9.09865785e-02 3.50031000e-04 8.10148645e-04
9.13945255e-02 -3.60967386e-04 8.28631305e-04
9.18024716e-02 -5.83444943e-05 7.79726844e-04
9.22104168e-02 -4.07240655e-04 7.98356721e-04
9.26183611e-02 5.25496693e-04 8.24242808e-04
9.30263046e-02 8.98457994e-05 7.89274898e-04
9.34342472e-02 3.85181576e-04 8.28716361e-04
9.38421889e-02 -1.84832790e-03 7.99776132e-04
9.42501297e-02 -1.45398418e-03 8.23291051e-04
9.46580696e-02 -2.23401872e-04 8.01395143e-04
9.50660087e-02 -9.54719552e-04 8.54937924e-04
9.54739468e-02 2.22676236e-04 8.10958721e-04
9.58818840e-02 3.67818899e-04 7.80508222e-04
9.62898203e-02 -4.79661980e-04 7.97531660e-04
9.66977557e-02 4.11348547e-04 7.62802083e-04
9.71056902e-02 1.61632994e-05 8.04247828e-04
9.75136237e-02 -4.80908666e-04 7.94577549e-04
9.79215564e-02 -1.93990308e-03 7.87117538e-04
9.83294881e-02 -5.01632451e-04 7.92007874e-04
9.87374188e-02 4.83469302e-04 7.83798458e-04
9.91453487e-02 1.91260142e-04 7.81231545e-04
9.95532775e-02 7.55080845e-04 7.77802820e-04
9.99612055e-02 1.28961191e-03 7.66443091e-04
1.00369132e-01 -7.30312098e-04 7.66589608e-04
1.00777059e-01 -3.20293406e-04 7.75314251e-04
1.01184984e-01 -6.29340725e-04 7.59468368e-04
1.01592908e-01 7.18276426e-04 7.51322252e-04
1.02000831e-01 -1.67071199e-03 7.39133918e-04
1.02408753e-01 2.10682119e-04 7.27042851e-04
1.02816674e-01 6.20279658e-04 7.61245508e-04
1.03224595e-01 1.50541643e-05 7.50414926e-04
1.03632514e-01 -6.15485032e-04 7.62421051e-04
1.04040432e-01 -1.25841172e-04 7.20665019e-04
1.04448349e-01 7.42492821e-04 7.27671634e-04
1.04856266e-01 6.41875012e-04 7.47303533e-04
1.05264181e-01 6.97954057e-04 7.39129537e-04
1.05672095e-01 -9.04273092e-05 7.41646886e-04
1.06080009e-01 9.55593674e-04 7.20583571e-04
1.06487921e-01 -5.90948579e-04 7.32117395e-04
1.06895832e-01 -1.61540239e-05 7.62216005e-04
1.07303743e-01 1.40186715e-03 7.75826537e-04
1.07711652e-01 5.06444862e-04 7.70928454e-04
1.08119560e-01 -2.95262199e-04 7.28393300e-04
1.08527467e-01 -1.03056518e-03 7.22505796e-04
1.08935374e-01 6.59933837e-04 7.53537243e-04
1.09343279e-01 1.60578281e-03 7.44609850e-04
1.09751183e-01 1.26065008e-03 7.22090628e-04
1.10159086e-01 8.62702040e-04 7.36914205e-04
1.10566988e-01 1.71489832e-04 6.97900793e-04
1.10974889e-01 -3.40596376e-04 7.11904021e-04
1.11382789e-01 4.49804795e-05 7.06062863e-04
1.11790688e-01 7.78969697e-04 7.36687350e-04
1.12198586e-01 2.07582607e-04 7.26384369e-04
1.12606482e-01 -2.61373437e-04 7.44877402e-04
1.13014378e-01 -7.65103806e-04 7.36284071e-04
1.13422273e-01 1.04659374e-03 7.34390031e-04
1.13830166e-01 -2.66626602e-05 7.28787977e-04
1.14238059e-01 -5.15099000e-04 7.32574744e-04
1.14645950e-01 1.40547272e-04 7.34722199e-04
1.15053840e-01 -6.62934880e-04 7.40402263e-04
1.15461730e-01 -7.18547465e-04 7.58675030e-04
1.15869618e-01 7.79103083e-04 7.54486322e-04
1.16277505e-01 8.11874616e-04 7.25991997e-04
1.16685391e-01 -5.48512423e-04 7.18201863e-04
1.17093275e-01 8.01686314e-05 7.35980846e-04
1.17501159e-01 1.44572507e-03 7.16354937e-04
1.17909042e-01 3.36872775e-04 7.25404074e-04
1.18316923e-01 3.24393224e-04 7.50949221e-04
1.18724803e-01 2.63639144e-04 7.29531506e-04
1.19132683e-01 1.38766231e-04 7.09041159e-04
1.19540561e-01 1.34653211e-04 6.93518474e-04
1.19948438e-01 9.27248072e-04 6.85945093e-04
1.20356313e-01 -1.12882357e-04 6.93517868e-04
1.20764188e-01 -1.90368490e-04 6.88312345e-04
1.21172062e-01 4.35830810e-04 6.94912882e-04
1.21579934e-01 -3.25273737e-04 6.99171391e-04
1.21987805e-01 7.31083239e-04 6.91416848e-04
1.22395675e-01 -5.44972091e-04 6.93795060e-04
1.22803544e-01 -6.91412365e-04 6.78669809e-04
1.23211412e-01 7.01910377e-04 6.98705561e-04
1.23619278e-01 -7.09279137e-04 6.73885678e-04
1.24027144e-01 -1.39905969e-03 6.59155600e-04
1.24435008e-01 -4.63478700e-04 6.70460452e-04
1.24842871e-01 9.61309471e-04 6.91026666e-04
1.25250733e-01 -4.24046053e-04 6.76471250e-04
1.25658594e-01 -4.70524155e-05 6.92300647e-04
1.26066453e-01 1.28765616e-03 6.77503098e-04
1.26474311e-01 4.14458549e-04 6.77135581e-04
1.26882168e-01 -7.22217623e-04 6.77748023e-04
1.27290024e-01 -8.98625963e-04 6.91386694e-04
1.27697879e-01 5.64994298e-04 6.61708497e-04
1.28105732e-01 1.01329070e-04 6.80445320e-04
1.28513585e-01 1.88045097e-03 6.69490354e-04
1.28921436e-01 -3.80523402e-04 6.56122107e-04
1.29329285e-01 1.05195584e-03 6.49269839e-04
1.29737134e-01 -2.41544830e-04 6.57354408e-04
1.30144981e-01 -8.95178838e-04 6.36318113e-04
1.30552828e-01 -9.61512941e-04 6.59763808e-04
1.30960672e-01 -1.25037941e-03 6.45071297e-04
1.31368516e-01 -1.33002330e-03 6.31703358e-04
1.31776358e-01 -1.68044924e-06 6.71788138e-04
1.32184200e-01 -3.01233825e-04 6.46924330e-04
1.32592039e-01 -1.51450224e-04 6.54958405e-04
1.32999878e-01 -1.05584430e-03 6.34494131e-04
1.33407715e-01 1.16506178e-03 6.43387779e-04
1.33815552e-01 5.13014957e-04 6.39786204e-04
1.34223386e-01 1.45955234e-03 6.45598687e-04
1.34631220e-01 2.95648749e-04 6.37574767e-04
1.35039052e-01 -5.99112174e-04 6.48575272e-04
1.35446883e-01 4.86767445e-04 6.57153134e-04
1.35854713e-01 1.53591590e-04 6.27605886e-04
1.36262541e-01 -3.95274843e-04 6.48648681e-04
1.36670368e-01 3.16153560e-04 6.40838344e-04
1.37078194e-01 5.70068833e-04 6.43933263e-04
1.37486019e-01 -1.04707618e-05 6.47490592e-04
1.37893842e-01 -4.93243510e-05 6.31877109e-04
1.38301664e-01 1.98967980e-04 6.35722724e-04
1.38709485e-01 -9.46189342e-04 6.34700513e-04
1.39117304e-01 -7.04947091e-04 6.35754190e-04
1.39525122e-01 7.72260404e-04 6.34634037e-04
1.39932939e-01 7.87220839e-04 6.08042226e-04
1.40340754e-01 -6.36255465e-04 6.27410324e-04
1.40748568e-01 -3.73661650e-04 6.19339091e-04
1.41156381e-01 -7.72966485e-04 6.17046499e-04
1.41564192e-01 7.52369705e-04 6.26708571e-04
1.41972002e-01 2.93244728e-04 6.11547723e-04
1.42379811e-01 -4.05660392e-06 6.23380314e-04
1.42787618e-01 -9.18744062e-05 6.18487385e-04
1.43195424e-01 -5.44747326e-04 6.18868151e-04
1.43603228e-01 1.42264225e-03 6.34172775e-04
1.44011032e-01 8.14125236e-04 6.27121113e-04
1.44418833e-01 1.06809750e-03 6.41059535e-04
1.44826634e-01 2.71116225e-04 6.34981918e-04
1.45234433e-01 9.02871622e-04 6.21386060e-04
1.45642231e-01 -3.65015099e-04 6.34651593e-04
1.46050027e-01 8.65762552e-04 6.12845495e-04
1.46457822e-01 1.61668734e-04 6.40381673e-04
1.46865616e-01 1.30208123e-03 6.23927055e-04
1.47273408e-01 -4.12871552e-04 6.33922650e-04
1.47681199e-01 1.82762782e-04 6.27577231e-04
1.48088988e-01 7.53189159e-04 6.35626455e-04
1.48496776e-01 2.84048253e-04 6.33898380e-04
1.48904563e-01 4.20323815e-04 6.15506563e-04
1.49312348e-01 -1.11583352e-05 6.29407529e-04
1.49720132e-01 7.22683569e-04 6.13639094e-04
1.50127914e-01 3.48873131e-04 6.15822092e-04
1.50535695e-01 -3.37996627e-04 6.10556395e-04
1.50943474e-01 1.90332760e-04 6.16694852e-04
1.51351252e-01 5.81527139e-04 6.09760506e-04
1.51759029e-01 2.46584546e-04 6.20032294e-04
1.52166804e-01 -8.32080364e-04 6.16390323e-04
1.52574578e-01 9.86697926e-04 6.19269685e-04
1.52982350e-01 -5.76536269e-04 6.05426559e-04
1.53390121e-01 -5.30996240e-04 5.96532967e-04
1.53797890e-01 -2.06348714e-04 5.92019231e-04
1.54205658e-01 -4.27391929e-04 5.98628868e-04
1.54613425e-01 -9.63244323e-04 5.96466475e-04
1.55021190e-01 -2.44507803e-04 6.03030087e-04
1.55428953e-01 -1.03448843e-04 6.04796735e-04
1.55836716e-01 2.96761071e-04 6.06225958e-04
1.56244476e-01 8.89655735e-04 5.92073513e-04
1.56652235e-01 9.53651150e-04 5.94119779e-04
1.57059993e-01 1.14592780e-03 5.90992664e-04
1.57467749e-01 9.98040107e-04 5.84468287e-04
1.57875504e-01 -6.96405126e-04 5.60302721e-04
1.58283257e-01 -4.94299945e-04 5.98479746e-04
1.58691008e-01 -4.60516260e-04 5.79001644e-04
1.59098758e-01 6.96716258e-04 5.78719287e-04
1.59506507e-01 -7.14694699e-04 5.61313784e-04
1.59914254e-01 6.79346675e-04 5.65274912e-04
1.60322000e-01 -9.60147921e-05 5.71591329e-04
1.60729744e-01 1.35510683e-04 5.85118979e-04
1.61137486e-01 5.34435408e-04 5.81225155e-04
1.61545228e-01 3.27431160e-04 5.79261043e-04
1.61952967e-01 3.68622365e-04 5.65831892e-04
1.62360705e-01 2.80800524e-04 5.73196663e-04
1.62768441e-01 -8.80829010e-05 5.67771877e-04
1.63176176e-01 5.46286179e-04 5.73912017e-04
1.63583910e-01 -1.65603325e-04 5.73351946e-04
1.63991641e-01 2.30381091e-04 5.73152650e-04
1.64399372e-01 1.02999703e-03 5.77033485e-04
1.64807100e-01 -1.98742619e-05 5.64348333e-04
1.65214827e-01 -9.12231444e-04 5.72306041e-04
1.65622553e-01 9.18681632e-04 5.53223981e-04
1.66030277e-01 1.00407532e-04 5.56112669e-04
1.66437999e-01 -4.19979457e-05 5.51836076e-04
1.66845720e-01 1.31126477e-05 5.63144097e-04
1.67253439e-01 4.83244143e-04 5.60291110e-04
1.67661157e-01 5.38898802e-04 5.69180275e-04
1.68068873e-01 -4.87489870e-04 5.52670037e-04
1.68476588e-01 9.30199035e-04 5.60837750e-04
1.68884301e-01 -7.23145817e-04 5.46775885e-04
1.69292012e-01 5.79857977e-04 5.51203633e-04
1.69699721e-01 1.00037383e-03 5.57223740e-04
1.70107430e-01 -4.67373185e-04 5.56821385e-04
1.70515136e-01 -9.26350258e-05 5.47376273e-04
1.70922841e-01 1.93320807e-04 5.51911209e-04
1.71330544e-01 3.03616587e-04 5.36922047e-04
1.71738246e-01 -3.42467040e-04 5.45544165e-04
1.72145946e-01 1.76181505e-04 5.41570529e-04
1.72553644e-01 4.45957753e-04 5.42988042e-04
1.72961341e-01 8.41567357e-04 5.56374229e-04
1.73369036e-01 -2.64583682e-05 5.52172589e-04
1.73776729e-01 -4.07236372e-04 5.34925853e-04
1.74184421e-01 -6.92393438e-04 5.47163694e-04
1.74592111e-01 1.37734983e-04 5.45816836e-04
1.74999799e-01 -2.22925944e-04 5.40393609e-04
1.75407486e-01 1.09841280e-04 5.37607635e-04
1.75815171e-01 4.24565850e-04 5.29965109e-04
1.76222855e-01 -5.45691793e-04 5.30238197e-04
1.76630537e-01 -6.19463447e-04 5.33165820e-04
1.77038217e-01 1.63414205e-04 5.30738098e-04
1.77445895e-01 4.53668296e-04 5.31348913e-04
1.77853572e-01 -2.00770466e-04 5.35657611e-04
1.78261247e-01 -4.50644412e-04 5.22785802e-04
1.78668921e-01 1.97827482e-04 5.31503058e-04
1.79076592e-01 3.40999480e-04 5.29962932e-04
1.79484262e-01 1.12268191e-03 5.32950914e-04
1.79891931e-01 4.28551938e-04 5.22946263e-04
1.80299597e-01 -3.65311489e-04 5.28097172e-04
1.80707262e-01 -3.18578653e-04 5.26866194e-04
1.81114925e-01 -6.23084000e-04 5.19827842e-04
1.81522587e-01 -4.45130943e-04 5.16065111e-04
1.81930247e-01 -6.70269542e-04 5.18027296e-04
1.82337905e-01 7.06376601e-04 5.23693376e-04
1.82745561e-01 4.90824514e-04 5.32795940e-04
1.83153215e-01 -1.12653354e-04 5.14114163e-04
1.83560868e-01 3.42948217e-05 5.07984884e-04
1.83968519e-01 1.45364479e-04 5.29586969e-04
1.84376169e-01 4.58326474e-04 5.20816915e-04
1.84783816e-01 4.77847730e-04 5.22818602e-04
1.85191462e-01 -2.27374719e-04 5.22444851e-04
1.85599106e-01 -3.90635403e-04 5.21973084e-04
1.86006749e-01 6.68031952e-04 5.22299248e-04
1.86414389e-01 -6.51301907e-04 5.14695806e-04
1.86822028e-01 3.25334495e-04 5.21790999e-04
1.87229665e-01 -1.44252595e-04 5.15048989e-04
1.87637300e-01 3.76384119e-04 5.24370558e-04
1.88044934e-01 4.82929661e-05 5.08044077e-04
1.88452566e-01 7.48482252e-05 5.17561247e-04
1.88860195e-01 -1.14160348e-04 5.11392151e-04
1.89267824e-01 3.45817120e-04 5.03712689e-04
1.89675450e-01 8.84527762e-05 5.20040499e-04
1.90083074e-01 -1.06755007e-04 4.97219700e-04
1.90490697e-01 2.19386202e-04 4.99918155e-04
1.90898318e-01 -7.03236380e-04 5.01242856e-04
1.91305937e-01 6.18797470e-05 5.13197888e-04
1.91713555e-01 -1.57463095e-04 5.01919222e-04
1.92121170e-01 2.38062787e-04 4.97301153e-04
1.92528784e-01 -1.09330063e-04 5.06366849e-04
1.92936396e-01 2.11922159e-04 5.13488120e-04
1.93344006e-01 1.04106966e-03 5.08473460e-04
1.93751614e-01 1.20986659e-03 5.12315877e-04
1.94159220e-01 1.44326676e-04 5.09338995e-04
1.94566825e-01 -3.88139271e-05 5.06227420e-04
1.94974427e-01 4.07067873e-04 5.04416517e-04
1.95382028e-01 -3.74245201e-04 5.06571328e-04
1.95789627e-01 6.24602886e-04 5.08839682e-04
1.96197224e-01 -3.82709224e-04 4.90052424e-04
1.96604820e-01 1.17927095e-04 4.98858090e-04
1.97012413e-01 2.07437954e-04 5.00028133e-04
1.97420005e-01 -5.82924920e-04 4.99100442e-04
1.97827594e-01 3.52829484e-05 4.92021109e-04
1.98235182e-01 -1.31153945e-04 5.00034825e-04
1.98642768e-01 9.65193912e-05 5.05309584e-04
1.99050352e-01 8.79501077e-04 5.05046908e-04
1.99457934e-01 6.54066081e-06 5.03570948e-04
1.99865514e-01 1.16080832e-03 5.12276561e-04
2.00273093e-01 4.58286575e-04 5.09154041e-04
2.00680669e-01 2.43571453e-04 5.03774416e-04
2.01088244e-01 1.84184584e-04 5.11136936e-04
2.01495816e-01 2.53329047e-04 5.05778049e-04
2.01903387e-01 1.62922393e-05 5.21965291e-04
2.02310956e-01 4.11261143e-04 5.15281592e-04
2.02718523e-01 8.35070657e-05 5.11136237e-04
2.03126088e-01 2.32865698e-04 5.11628960e-04
2.03533651e-01 3.86399591e-06 5.10006708e-04
2.03941212e-01 -2.25444395e-04 5.13417842e-04
2.04348771e-01 4.70831203e-04 5.14624894e-04
2.04756329e-01 7.09033905e-04 5.03917830e-04
2.05163884e-01 3.78192658e-04 4.98127621e-04
2.05571438e-01 1.29147086e-04 4.81031597e-04
2.05978989e-01 4.90949708e-05 4.95558215e-04
2.06386539e-01 -1.09906560e-04 4.90010728e-04
2.06794086e-01 -1.41369456e-03 4.81678181e-04
2.07201632e-01 1.38643992e-04 4.91655176e-04
2.07609175e-01 2.46670618e-04 4.90709310e-04
2.08016717e-01 7.07541231e-05 4.89312468e-04
2.08424257e-01 6.19981191e-04 4.83599689e-04
2.08831794e-01 5.03280538e-04 4.87604595e-04
2.09239330e-01 6.98359681e-04 4.81908541e-04
2.09646864e-01 -2.32344073e-04 4.87825972e-04
2.10054396e-01 6.56355265e-04 4.86894373e-04
2.10461925e-01 -2.99087490e-04 4.89339971e-04
2.10869453e-01 -4.55495779e-04 4.85109293e-04
2.11276979e-01 -1.94550099e-05 4.96318844e-04
2.11684503e-01 3.59733820e-04 4.75817698e-04
2.12092025e-01 1.24576240e-03 4.96597783e-04
2.12499544e-01 6.22779932e-04 4.79210311e-04
2.12907062e-01 1.23705414e-04 4.78509105e-04
2.13314578e-01 1.40979958e-04 4.77125688e-04
2.13722092e-01 1.29906723e-04 4.65493855e-04
2.14129603e-01 -7.40138637e-05 4.74148343e-04
2.14537113e-01 -1.78587886e-04 4.78480947e-04
2.14944621e-01 -2.37301225e-04 4.74688996e-04
2.15352126e-01 6.00727511e-04 4.86133330e-04
2.15759630e-01 2.09158555e-04 4.78249640e-04
2.16167131e-01 8.42454628e-04 4.67633094e-04
2.16574631e-01 -4.71075923e-05 4.71266459e-04
2.16982128e-01 -8.82741819e-05 4.61901476e-04
2.17389624e-01 -9.07367227e-04 4.72055112e-04
2.17797117e-01 -4.34409086e-05 4.72190088e-04
2.18204608e-01 -4.96413197e-04 4.65046202e-04
2.18612098e-01 -3.22649043e-06 4.65617500e-04
2.19019585e-01 2.17274011e-04 4.63427153e-04
2.19427070e-01 -7.11740174e-04 4.57018359e-04
2.19834553e-01 -3.13286659e-05 4.64454781e-04
2.20242034e-01 1.74157291e-04 4.64558359e-04
2.20649512e-01 3.80132447e-04 4.64266580e-04
2.21056989e-01 1.20587455e-04 4.56841494e-04
2.21464464e-01 2.56054899e-04 4.60874279e-04
2.21871936e-01 4.96346750e-04 4.68687166e-04
2.22279407e-01 8.88090586e-04 4.58385331e-04
2.22686875e-01 8.23411481e-05 4.65981315e-04
2.23094341e-01 -2.84647163e-05 4.64941781e-04
2.23501805e-01 5.91715393e-04 4.61069439e-04
2.23909267e-01 -8.09904598e-05 4.65053308e-04
2.24316727e-01 4.67601025e-04 4.62085087e-04
2.24724185e-01 5.58412164e-04 4.60394550e-04
2.25131641e-01 1.81847202e-04 4.54967708e-04
2.25539094e-01 -2.59389487e-04 4.56383515e-04
2.25946545e-01 8.53225871e-05 4.61457338e-04
2.26353995e-01 7.58639841e-04 4.50778742e-04
2.26761442e-01 -8.12522357e-05 4.52952722e-04
2.27168887e-01 7.66107958e-05 4.61543018e-04
2.27576329e-01 6.72981866e-04 4.47222683e-04
2.27983770e-01 2.47410771e-04 4.52638352e-04
2.28391208e-01 6.41666244e-04 4.53642797e-04
2.28798645e-01 1.08171558e-03 4.60080820e-04
2.29206079e-01 -5.69626359e-04 4.61397752e-04
2.29613511e-01 1.89643049e-04 4.56342360e-04
2.30020941e-01 -2.33344334e-04 4.48872570e-04
2.30428368e-01 3.28498076e-04 4.60942101e-04
2.30835794e-01 -4.56104230e-04 4.71724932e-04
2.31243217e-01 1.67265354e-04 4.63364671e-04
2.31650638e-01 6.12619309e-05 4.68147492e-04
2.32058057e-01 -3.38238297e-04 4.59658642e-04
2.32465473e-01 5.37134622e-04 4.61580861e-04
2.32872888e-01 1.05004693e-03 4.73356872e-04
2.33280300e-01 -1.64276644e-04 4.72591686e-04
2.33687710e-01 -9.01668417e-05 4.64209065e-04
2.34095118e-01 2.29683163e-04 4.70629629e-04
2.34502524e-01 5.76429751e-05 4.62100440e-04
2.34909927e-01 7.44672573e-04 4.78957903e-04
2.35317328e-01 3.04587697e-04 4.55399383e-04
2.35724727e-01 -3.87801838e-04 4.54998445e-04
2.36132124e-01 -2.96619365e-04 4.47673378e-04
2.36539518e-01 1.89956813e-04 4.56331244e-04
2.36946911e-01 -8.13718838e-06 4.49566560e-04
2.37354301e-01 5.78336072e-06 4.46259269e-04
2.37761688e-01 1.12897377e-04 4.53161953e-04
2.38169074e-01 2.20442414e-04 4.52171882e-04
2.38576457e-01 5.44134141e-04 4.45433636e-04
2.38983838e-01 -1.57230875e-04 4.54598031e-04
2.39391217e-01 4.65487244e-05 4.47571440e-04
2.39798593e-01 -1.01039894e-04 4.49119544e-04
2.40205967e-01 5.42196098e-04 4.50853132e-04
2.40613339e-01 2.89423473e-05 4.47004016e-04
2.41020709e-01 -4.03961825e-04 4.43167566e-04
2.41428076e-01 -2.22348659e-04 4.33011355e-04
2.41835441e-01 5.09891825e-04 4.41323806e-04
2.42242804e-01 -1.91845534e-04 4.46579465e-04
2.42650165e-01 -2.46732331e-04 4.39616969e-04
2.43057523e-01 6.03603620e-04 4.47704201e-04
2.43464879e-01 -4.71193350e-05 4.44693183e-04
2.43872232e-01 7.69644541e-04 4.39476318e-04
2.44279584e-01 6.06241439e-04 4.33217793e-04
2.44686933e-01 5.03175260e-04 4.43294228e-04
2.45094279e-01 -1.42156019e-04 4.36917241e-04
2.45501624e-01 1.30957783e-04 4.30878171e-04
2.45908966e-01 -4.83599196e-04 4.32443954e-04
2.46316305e-01 6.10535941e-04 4.41751768e-04
2.46723643e-01 2.52863475e-05 4.30724232e-04
2.47130978e-01 3.85161735e-04 4.37000049e-04
2.47538310e-01 -2.80689729e-04 4.33050819e-04
2.47945641e-01 -4.26385706e-04 4.27928546e-04
2.48352969e-01 -1.00695190e-04 4.35497846e-04
2.48760294e-01 -2.56218605e-04 4.28723175e-04
2.49167618e-01 5.73860219e-04 4.32721369e-04
2.49574939e-01 7.94695156e-04 4.33719082e-04
2.49982257e-01 -5.24480155e-04 4.25907703e-04
2.50389573e-01 4.25799336e-04 4.38033548e-04
2.50796887e-01 4.88266796e-04 4.28981356e-04
2.51204199e-01 1.64764417e-04 4.28540477e-04
2.51611508e-01 -2.12689458e-04 4.27437308e-04
2.52018815e-01 3.75201310e-04 4.26229901e-04
2.52426119e-01 7.28713275e-05 4.26511086e-04
2.52833421e-01 5.42211144e-05 4.40847870e-04
2.53240720e-01 7.24005080e-05 4.26538972e-04
2.53648017e-01 4.12938763e-04 4.27914917e-04
2.54055312e-01 7.13406297e-06 4.26590052e-04
2.54462605e-01 4.83727800e-04 4.24358216e-04
2.54869894e-01 5.90339702e-04 4.23696632e-04
2.55277182e-01 -2.22472071e-04 4.23356898e-04
2.55684467e-01 -4.84126326e-04 4.22628215e-04
2.56091750e-01 1.88774741e-05 4.27642588e-04
2.56499030e-01 -9.55507438e-05 4.18707347e-04
2.56906308e-01 -2.42588775e-04 4.17034063e-04
2.57313583e-01 1.72541642e-05 4.18161464e-04
2.57720856e-01 4.65519175e-05 4.19508822e-04
2.58128127e-01 -8.74936316e-05 4.20632206e-04
2.58535395e-01 -7.74331774e-04 4.14073828e-04
2.58942661e-01 5.69929989e-04 4.20749976e-04
2.59349924e-01 -1.57907383e-04 4.19895724e-04
2.59757184e-01 2.58289708e-04 4.16659963e-04
2.60164443e-01 4.41319834e-04 4.19054224e-04
2.60571699e-01 1.82274192e-04 4.18837410e-04
2.60978952e-01 6.83309151e-04 4.16590920e-04
2.61386203e-01 4.64073772e-04 4.23908225e-04
2.61793451e-01 -2.11621937e-04 4.16929057e-04
2.62200697e-01 -1.26831205e-04 4.16150521e-04
2.62607941e-01 1.65958059e-04 4.20694201e-04
2.63015182e-01 -5.11128765e-04 4.07307888e-04
2.63422420e-01 -6.77741401e-04 4.13964078e-04
2.63829656e-01 -5.39277625e-04 4.11950576e-04
2.64236890e-01 3.00855827e-04 4.05594219e-04
2.64644121e-01 -1.61325865e-04 4.22936237e-04
2.65051349e-01 -9.43095622e-06 4.10665573e-04
2.65458575e-01 1.79319001e-04 4.09656211e-04
2.65865799e-01 2.58510466e-04 4.13459720e-04
2.66273019e-01 4.90218210e-04 4.06985811e-04
2.66680238e-01 7.49799627e-05 4.07819619e-04
2.67087454e-01 6.62974705e-04 4.11761185e-04
2.67494667e-01 3.83222694e-04 4.11206195e-04
2.67901878e-01 3.15976897e-05 4.12633788e-04
2.68309086e-01 -9.64486482e-05 4.16145810e-04
2.68716292e-01 1.02143800e-06 4.02593319e-04
2.69123495e-01 1.17764771e-04 4.04621612e-04
2.69530696e-01 -3.21292992e-04 4.04858087e-04
2.69937894e-01 -2.02224230e-04 4.04573110e-04
2.70345090e-01 9.33937399e-05 4.05131403e-04
2.70752283e-01 9.72293281e-04 4.16146215e-04
2.71159473e-01 4.61108193e-04 4.00669936e-04
2.71566661e-01 -1.41700809e-05 4.00150715e-04
2.71973847e-01 -5.54805249e-04 4.03249084e-04
2.72381030e-01 -2.95259035e-05 4.04006343e-04
2.72788210e-01 -1.46913687e-05 4.03067470e-04
2.73195387e-01 7.98209306e-04 4.10270820e-04
2.73602562e-01 -8.98540483e-04 4.00253733e-04
2.74009735e-01 -3.36803794e-04 4.01684636e-04
2.74416905e-01 -7.98850879e-05 4.03857420e-04
2.74824072e-01 6.68350165e-05 3.99866612e-04
2.75231237e-01 8.59097950e-05 3.98374454e-04
2.75638399e-01 -3.58232447e-04 3.98513957e-04
2.76045558e-01 2.74301206e-04 4.00269376e-04
2.76452715e-01 4.60811790e-04 4.01960221e-04
2.76859869e-01 5.84509341e-04 3.95801823e-04
2.77267021e-01 -5.91704283e-05 4.00397489e-04
2.77674170e-01 3.42687969e-04 3.97229432e-04
2.78081316e-01 4.36043544e-04 3.89475199e-04
2.78488460e-01 9.19670845e-04 3.99794745e-04
2.78895601e-01 -2.28032655e-04 3.91851348e-04
2.79302740e-01 1.92361859e-04 3.98005542e-04
2.79709875e-01 2.66301160e-04 3.97723126e-04
2.80117009e-01 -3.23472423e-04 3.92157974e-04
2.80524139e-01 4.45411943e-04 4.00184472e-04
2.80931267e-01 3.38487301e-04 3.96624666e-04
2.81338392e-01 -2.23364390e-04 3.95654439e-04
2.81745515e-01 -6.92147224e-04 3.89784203e-04
2.82152635e-01 2.33275534e-06 3.89621458e-04
2.82559752e-01 -2.27818073e-04 3.91939043e-04
2.82966866e-01 2.37061836e-04 3.91108949e-04
2.83373978e-01 1.00256035e-03 3.88070244e-04
2.83781088e-01 2.12090379e-04 3.88157302e-04
2.84188194e-01 1.17849548e-04 3.92977786e-04
2.84595298e-01 -2.68414619e-04 3.90564303e-04
2.85002399e-01 -9.87296028e-05 4.01102757e-04
2.85409497e-01 5.46984350e-04 3.92502399e-04
2.85816593e-01 -1.31004768e-04 3.93913308e-04
2.86223686e-01 7.62462671e-04 4.03175951e-04
2.86630777e-01 5.44265449e-04 3.98439966e-04
2.87037864e-01 9.13777733e-04 3.99040461e-04
2.87444949e-01 -3.01249503e-04 3.96172853e-04
2.87852031e-01 8.09884035e-05 3.96995625e-04
2.88259111e-01 -7.05053331e-05 3.93450789e-04
2.88666188e-01 6.19516423e-04 4.00362955e-04
2.89073262e-01 3.25963526e-04 4.04179692e-04
2.89480333e-01 2.17822071e-04 4.01519076e-04
2.89887401e-01 5.33799945e-04 4.03434293e-04
2.90294467e-01 5.43917060e-05 3.97231570e-04
2.90701530e-01 -5.75818773e-04 3.88085476e-04
2.91108591e-01 -4.80933625e-04 3.94304829e-04
2.91515648e-01 -6.30158226e-05 3.94300431e-04
2.91922703e-01 8.40412499e-04 3.96423382e-04
2.92329755e-01 -2.68175276e-04 3.89770052e-04
2.92736804e-01 -5.83065151e-05 3.87462826e-04
2.93143851e-01 -3.92418740e-04 4.02276674e-04
2.93550895e-01 7.02812224e-04 3.92013211e-04
2.93957936e-01 4.42547703e-04 3.88387020e-04
2.94364974e-01 9.06811369e-05 3.90973561e-04
2.94772009e-01 -2.98181666e-04 3.93418602e-04
2.95179042e-01 8.64894582e-04 3.88082660e-04
2.95586072e-01 4.38292181e-04 3.95896279e-04
2.95993099e-01 5.95359880e-04 3.97495768e-04
2.96400123e-01 1.63383503e-04 3.90492411e-04
2.96807145e-01 3.78167531e-04 3.93381533e-04
2.97214163e-01 -1.89365986e-04 3.87291943e-04
2.97621179e-01 1.20560690e-03 4.02593185e-04
2.98028192e-01 2.27852964e-04 3.96190201e-04
2.98435202e-01 6.02987962e-04 4.00689867e-04
2.98842210e-01 1.48969591e-04 3.96982746e-04
2.99249214e-01 2.14150576e-04 3.93471157e-04
2.99656216e-01 1.68437898e-04 3.89384033e-04
3.00063215e-01 -5.58045480e-04 3.90950930e-04
3.00470211e-01 1.01389621e-04 3.99822329e-04
3.00877204e-01 3.82035436e-04 4.02093685e-04
3.01284194e-01 4.37975936e-04 3.87698968e-04
3.01691182e-01 7.18010749e-05 3.92460602e-04
3.02098167e-01 -3.98322506e-04 3.90264316e-04
3.02505149e-01 7.72844974e-05 3.93860531e-04
3.02912128e-01 -4.05379710e-04 3.88032693e-04
3.03319104e-01 -1.59150116e-05 3.89688123e-04
3.03726077e-01 4.04863614e-04 3.90139236e-04
3.04133047e-01 -6.81095137e-04 3.88648718e-04
3.04540015e-01 3.67806322e-05 3.89768620e-04
3.04946979e-01 -1.34150941e-04 3.95091604e-04
3.05353941e-01 2.61581407e-04 3.93226464e-04
3.05760900e-01 5.19178940e-07 3.96808013e-04
3.06167856e-01 5.77722271e-04 3.97804442e-04
3.06574809e-01 3.10532502e-04 3.92655802e-04
3.06981759e-01 6.65562219e-05 3.97589414e-04
3.07388706e-01 2.10646685e-04 3.91121504e-04
3.07795651e-01 1.16509456e-04 3.85599323e-04
3.08202592e-01 2.03691811e-04 3.96578450e-04
3.08609531e-01 -1.85910040e-04 3.98528902e-04
3.09016466e-01 2.70493691e-04 3.97924900e-04
3.09423399e-01 5.61656371e-05 3.95522934e-04
3.09830329e-01 5.44607783e-04 3.98479166e-04
3.10237256e-01 3.16183783e-04 4.08325315e-04
3.10644180e-01 -1.46567821e-04 4.01750589e-04
3.11051101e-01 2.81739728e-04 3.97540492e-04
3.11458019e-01 -4.20818333e-04 3.95877961e-04
3.11864934e-01 4.13096875e-04 3.96795997e-04
3.12271846e-01 9.91775175e-05 4.07113258e-04
3.12678755e-01 5.03090319e-06 4.03301680e-04
3.13085661e-01 -7.50975344e-06 4.09438250e-04
3.13492565e-01 -3.23841689e-04 4.00489705e-04
3.13899465e-01 5.97596000e-04 4.02637281e-04
3.14306362e-01 4.80587297e-04 4.05497615e-04
3.14713257e-01 3.78385037e-04 4.03789677e-04
3.15120148e-01 3.07531386e-04 4.09346820e-04
3.15527037e-01 3.75293452e-07 4.09256381e-04
3.15933922e-01 1.75881904e-04 4.13737891e-04
3.16340805e-01 -1.09738226e-04 4.39929722e-04
3.16747684e-01 5.81599348e-04 4.89823085e-04
3.17154561e-01 7.96909405e-04 5.07656989e-04
3.17561434e-01 1.17022420e-03 5.48120096e-04
3.17968305e-01 1.44592430e-04 5.76474219e-04
3.18375172e-01 -1.24111554e-04 6.16910260e-04
3.18782037e-01 -7.26939293e-04 6.10331363e-04
3.19188898e-01 6.50324423e-04 6.59954713e-04
3.19595757e-01 -1.87030996e-03 6.48067033e-04
3.20002612e-01 -8.40492729e-04 6.98461804e-04
3.20409465e-01 -2.72749889e-04 7.56716379e-04
3.20816314e-01 1.36016867e-03 8.54477792e-04
3.21223160e-01 3.80509519e-04 9.31895318e-04
3.21630004e-01 -9.63877469e-04 1.07695873e-03
3.22036844e-01 -1.92712516e-03 1.25611367e-03
3.22443681e-01 2.31243980e-03 1.93626256e-03
3.22850516e-01 3.93670634e-03 5.90784174e-03
