4.08043586e-03 -1.20795760e-01 2.92636115e-02
4.48847930e-03 -1.01376828e-01 2.73836698e-02
4.89652269e-03 -8.44833393e-02 1.93483412e-02
5.30456604e-03 -6.31567818e-02 1.39649104e-02
5.71260934e-03 -5.63791235e-02 1.06270620e-02
6.12065258e-03 -3.97314346e-02 8.36171182e-03
6.52869577e-03 -2.65369962e-02 7.24135042e-03
6.93673889e-03 -2.51586240e-02 6.47692553e-03
7.34478195e-03 -1.25941275e-02 5.73240738e-03
7.75282494e-03 -1.62767121e-02 5.05821605e-03
8.16086785e-03 -1.25240876e-02 4.33087255e-03
8.56891069e-03 -1.88363819e-02 4.19939496e-03
8.97695345e-03 -1.38246594e-02 4.12553474e-03
9.38499612e-03 -7.08198772e-03 3.84068891e-03
9.79303870e-03 -6.03103137e-04 3.52371746e-03
1.02010812e-02 -6.37263678e-03 3.21206962e-03
1.06091236e-02 -6.03497649e-03 3.20144102e-03
1.10171659e-02 -5.21621097e-03 2.84870062e-03
1.14252081e-02 -1.49198032e-03 2.88773460e-03
1.18332501e-02 1.35827247e-03 2.62993291e-03
1.22412921e-02 -2.67466283e-03 2.49747637e-03
1.26493339e-02 -9.96838856e-04 2.60110899e-03
1.30573757e-02 -2.77261187e-03 2.43450972e-03
1.34654173e-02 1.72597199e-03 2.48377636e-03
1.38734588e-02 -8.88035086e-04 2.33369541e-03
1.42815001e-02 -1.77764785e-03 2.49768077e-03
1.46895413e-02 4.98297241e-05 2.14299057e-03
1.50975824e-02 3.10536720e-04 2.17310605e-03
1.55056233e-02 -4.08606392e-03 2.19306180e-03
1.59136641e-02 3.25675459e-03 2.10574010e-03
1.63217047e-02 2.45021422e-04 2.06903967e-03
1.67297452e-02 -2.06139268e-03 2.06561810e-03
1.71377855e-02 -7.69942607e-04 1.92604093e-03
1.75458257e-02 -5.04596437e-04 1.94614148e-03
1.79538657e-02 -2.04080501e-03 1.87985992e-03
1.83619055e-02 -1.73437284e-04 1.83009020e-03
1.87699451e-02 3.43628937e-04 1.97008189e-03
1.91779846e-02 5.43473732e-04 1.94300899e-03
1.95860239e-02 -4.88276316e-04 1.85300840e-03
1.99940630e-02 -3.41654773e-04 1.89355683e-03
2.04021019e-02 -1.75431085e-04 1.78513448e-03
2.08101406e-02 1.18657046e-03 1.77815431e-03
2.12181791e-02 2.86725766e-03 1.82747029e-03
2.16262174e-02 1.33761036e-03 1.89061533e-03
2.20342555e-02 -1.63324303e-03 1.77009809e-03
2.24422934e-02 -8.13654937e-04 1.70133949e-03
2.28503311e-02 1.02457772e-03 1.63145686e-03
2.32583686e-02 -4.24148965e-04 1.66190972e-03
2.36664058e-02 8.56479700e-05 1.72652743e-03
2.40744429e-02 6.07061506e-04 1.60632523e-03
2.44824797e-02 2.59543783e-03 1.71056421e-03
2.48905162e-02 -7.94482487e-04 1.54420985e-03
2.52985525e-02 2.14107678e-03 1.70742930e-03
2.57065886e-02 2.28998541e-04 1.68352636e-03
2.61146245e-02 -1.25871974e-03 1.68447635e-03
2.65226601e-02 -2.69619341e-03 1.57412675e-03
2.69306954e-02 -5.69234179e-04 1.65509176e-03
2.73387305e-02 -2.66314561e-04 1.60314254e-03
2.77467653e-02 1.61289070e-03 1.56166310e-03
2.81547999e-02 1.66605935e-03 1.68866054e-03
2.85628342e-02 -1.05223450e-03 1.63359609e-03
2.89708682e-02 -2.20910595e-03 1.67886198e-03
2.93789020e-02 -1.43443154e-03 1.68267352e-03
2.97869355e-02 1.02764536e-03 1.66338585e-03
3.01949687e-02 -4.22867092e-04 1.75277853e-03
3.06030016e-02 6.96522273e-04 1.65661278e-03
3.10110342e-02 1.89777456e-03 1.67718448e-03
3.14190665e-02 9.56720906e-05 1.54869177e-03
3.18270985e-02 4.44374254e-04 1.45070668e-03
3.22351302e-02 1.26635041e-03 1.54841093e-03
3.26431617e-02 -1.73809694e-03 1.46460301e-03
3.30511928e-02 -1.19870450e-03 1.41520861e-03
3.34592236e-02 4.78007497e-05 1.44821469e-03
3.38672540e-02 3.47471706e-03 1.42740043e-03
3.42752842e-02 4.97491172e-04 1.43805774e-03
3.46833140e-02 -5.23182416e-04 1.38708947e-03
3.50913435e-02 -2.54688617e-03 1.35875304e-03
3.54993727e-02 -2.01895127e-04 1.38375204e-03
3.59074015e-02 -4.98979955e-04 1.34077046e-03
3.63154300e-02 1.86669601e-03 1.39498153e-03
3.67234581e-02 1.87161825e-03 1.44828084e-03
3.71314859e-02 -1.31179745e-03 1.36730863e-03
3.75395134e-02 3.38403250e-03 1.38218794e-03
3.79475405e-02 2.02108756e-03 1.38876482e-03
3.83555672e-02 -1.05042534e-03 1.32949564e-03
3.87635935e-02 -2.53491619e-03 1.34783730e-03
3.91716195e-02 -2.79860745e-03 1.31320162e-03
3.95796452e-02 5.45911178e-04 1.28693940e-03
3.99876704e-02 -1.50488083e-03 1.28890022e-03
4.03956953e-02 2.43519379e-04 1.32981613e-03
4.08037198e-02 1.20408999e-03 1.29848262e-03
4.12117439e-02 7.66744002e-05 1.26315520e-03
4.16197676e-02 -3.90553356e-04 1.26656063e-03
4.20277909e-02 -1.30207891e-03 1.30685628e-03
4.24358138e-02 2.65674866e-04 1.26789219e-03
4.28438363e-02 2.23708650e-04 1.17689851e-03
4.32518584e-02 1.20884343e-03 1.23229053e-03
4.36598801e-02 1.06450870e-04 1.15689713e-03
4.40679014e-02 6.34217684e-04 1.23006085e-03
4.44759222e-02 3.10200268e-03 1.24150262e-03
4.48839427e-02 -1.42686409e-04 1.18313351e-03
4.52919627e-02 -1.49020005e-03 1.17609092e-03
4.56999823e-02 1.66654363e-03 1.21846072e-03
4.61080014e-02 3.60762662e-04 1.19882901e-03
4.65160201e-02 1.03063766e-03 1.22131848e-03
4.69240384e-02 -7.31190466e-04 1.19427045e-03
4.73320562e-02 -1.34601028e-03 1.12703203e-03
4.77400736e-02 -8.15114071e-04 1.14295068e-03
4.81480905e-02 -1.45814325e-04 1.13814322e-03
4.85561070e-02 9.47956255e-04 1.17818599e-03
4.89641230e-02 3.22212982e-04 1.20294024e-03
4.93721385e-02 5.08212560e-04 1.14200514e-03
4.97801536e-02 1.83596041e-03 1.13147281e-03
5.01881682e-02 -1.01905165e-03 1.13782639e-03
5.05961823e-02 7.88703369e-04 1.10011421e-03
5.10041960e-02 1.76413653e-03 1.12271097e-03
5.14122091e-02 -1.66936436e-03 1.09381611e-03
5.18202218e-02 -4.66817042e-04 1.14250002e-03
5.22282340e-02 2.04489894e-03 1.15263773e-03
5.26362457e-02 -2.86960745e-05 1.12995301e-03
5.30442569e-02 -4.91925822e-04 1.09136936e-03
5.34522675e-02 5.89651309e-04 1.11527055e-03
5.38602777e-02 -7.64187368e-04 1.10809625e-03
5.42682874e-02 -2.68659206e-04 1.10733781e-03
5.46762965e-02 -8.34102782e-04 1.10525803e-03
5.50843052e-02 3.57815362e-05 1.04935146e-03
5.54923133e-02 -1.18347195e-03 1.09569975e-03
5.59003208e-02 -9.27085875e-04 1.13718938e-03
5.63083279e-02 9.54218677e-04 1.14357720e-03
5.67163344e-02 8.63529829e-05 1.07117512e-03
5.71243404e-02 -5.95296604e-05 1.07787712e-03
5.75323458e-02 7.06649791e-04 1.07259074e-03
5.79403507e-02 9.87341906e-04 1.09994132e-03
5.83483551e-02 1.14875093e-03 1.11941086e-03
5.87563588e-02 1.12660218e-04 1.09296098e-03
5.91643621e-02 -3.71816883e-04 1.10486470e-03
5.95723647e-02 4.43853578e-04 1.12242897e-03
5.99803668e-02 -2.96319235e-04 1.14568111e-03
6.03883684e-02 -3.53553221e-04 1.17274333e-03
6.07963693e-02 1.00261584e-03 1.12143012e-03
6.12043697e-02 -2.94372445e-04 1.08202093e-03
6.16123695e-02 -1.22353133e-03 1.04487435e-03
6.20203687e-02 5.90271181e-06 1.07929002e-03
6.24283674e-02 1.45583406e-04 1.05810107e-03
6.28363654e-02 -1.17761147e-04 1.06677811e-03
6.32443629e-02 -3.24753364e-04 1.05223793e-03
6.36523597e-02 2.15057860e-03 1.11750436e-03
6.40603559e-02 -2.23664279e-04 1.07668570e-03
6.44683516e-02 -5.42958691e-04 1.02099948e-03
6.48763466e-02 1.54701687e-03 1.01180846e-03
6.52843410e-02 4.11744261e-04 9.86365900e-04
6.56923348e-02 -3.83115184e-04 1.04619089e-03
6.61003279e-02 -5.90465255e-04 1.01353342e-03
6.65083205e-02 9.58283358e-04 1.04110265e-03
6.69163124e-02 1.18390716e-03 9.61505549e-04
6.73243036e-02 -2.81737841e-04 9.74476734e-04
6.77322943e-02 -1.38756892e-03 1.01667973e-03
6.81402842e-02 -3.84359324e-05 9.96280241e-04
6.85482736e-02 1.51434643e-03 9.97997169e-04
6.89562623e-02 8.44906679e-05 9.60425308e-04
6.93642503e-02 -9.57950444e-04 9.62968974e-04
6.97722377e-02 -8.59336233e-04 9.68205475e-04
7.01802244e-02 1.86621067e-03 1.01695745e-03
7.05882105e-02 7.00020336e-04 9.95105240e-04
7.09961958e-02 -9.45224883e-04 9.35700064e-04
7.14041805e-02 7.97516069e-04 9.41223598e-04
7.18121646e-02 1.74719031e-03 9.84550749e-04
7.22201479e-02 -2.02062008e-04 8.83800892e-04
7.26281306e-02 -7.00638386e-04 9.21726769e-04
7.30361126e-02 -9.92219231e-04 9.05050241e-04
7.34440938e-02 -1.28819658e-03 9.29316244e-04
7.38520744e-02 -2.92425082e-04 9.28711044e-04
7.42600543e-02 1.05715429e-04 9.25969652e-04
7.46680335e-02 -6.97006505e-04 9.33276696e-04
7.50760119e-02 4.73318968e-04 9.29743676e-04
7.54839897e-02 6.34011187e-04 9.06063840e-04
7.58919667e-02 -1.29584047e-03 9.04576305e-04
7.62999431e-02 -2.76671420e-04 9.13244425e-04
7.67079187e-02 2.80029397e-04 9.26677576e-04
7.71158935e-02 -9.29168303e-04 8.98296087e-04
7.75238677e-02 5.21976426e-05 9.20643294e-04
7.79318411e-02 -8.89709041e-04 8.75095909e-04
7.83398137e-02 2.37311023e-04 8.91387219e-04
7.87477857e-02 9.51187170e-04 8.97066031e-04
7.91557568e-02 1.45486941e-03 9.18377450e-04
7.95637273e-02 -1.04068453e-03 8.64236458e-04
7.99716969e-02 -1.02234311e-03 8.80013275e-04
8.03796658e-02 4.17892001e-04 9.10772181e-04
8.07876340e-02 1.65691268e-03 8.95314094e-04
8.11956014e-02 5.51350902e-04 8.82518251e-04
8.16035680e-02 1.11758064e-03 8.74196257e-04
8.20115338e-02 -7.31048192e-05 8.60191128e-04
8.24194989e-02 3.12586923e-04 8.59809923e-04
8.28274631e-02 5.22226356e-04 8.79993989e-04
8.32354266e-02 1.24243377e-04 8.66915931e-04
8.36433893e-02 -1.02420047e-03 8.39451567e-04
8.40513512e-02 1.03828999e-03 8.50692756e-04
8.44593123e-02 7.18591112e-04 8.70333447e-04
8.48672727e-02 -6.49601444e-04 8.37243521e-04
8.52752322e-02 3.27272199e-04 8.64997771e-04
8.56831909e-02 -4.74375041e-05 8.34076940e-04
8.60911487e-02 1.91842395e-04 8.23088099e-04
8.64991058e-02 -7.55947838e-04 8.55136706e-04
8.69070620e-02 -4.13882861e-04 8.44263937e-04
8.73150175e-02 -8.97898032e-04 8.36082285e-04
8.77229721e-02 -1.22356326e-03 8.31278149e-04
8.81309258e-02 4.79483491e-04 8.22201824e-04
8.85388787e-02 1.09939443e-03 8.37834857e-04
8.89468308e-02 7.30597604e-04 8.49345201e-04
8.93547821e-02 9.15559465e-04 8.36991150e-04
8.97627325e-02 4.23995035e-04 8.45794474e-04
9.01706820e-02 -2.29947513e-04 8.12679088e-04
9.05786307e-02 -1.48546676e-03 8.12282735e-04
9.09865785e-02 1.05484343e-03 8.23455379e-04
9.13945255e-02 -1.09635740e-04 8.08156697e-04
9.18024716e-02 3.57522486e-04 8.09839195e-04
9.22104168e-02 1.12569139e-03 8.23697901e-04
9.26183611e-02 2.28985309e-03 8.22289221e-04
9.30263046e-02 9.18204843e-04 8.10889865e-04
9.34342472e-02 1.02268129e-04 8.34287111e-04
9.38421889e-02 -6.04674609e-04 8.27039891e-04
9.42501297e-02 2.00150908e-04 8.41667873e-04
9.46580696e-02 8.29264599e-04 8.26210278e-04
9.50660087e-02 -1.36574716e-04 8.25718764e-04
9.54739468e-02 5.33116060e-04 8.28527418e-04
9.58818840e-02 -1.84663371e-04 7.70400260e-04
9.62898203e-02 4.85615099e-04 7.77495178e-04
9.66977557e-02 5.11919742e-04 7.73215563e-04
9.71056902e-02 2.14510712e-04 7.79658595e-04
9.75136237e-02 1.05607220e-03 7.93826739e-04
9.79215564e-02 3.21985204e-04 7.90735318e-04
9.83294881e-02 -1.12505649e-03 7.74261030e-04
9.87374188e-02 4.55182538e-04 7.72475450e-04
9.91453487e-02 5.47085440e-04 7.96128128e-04
9.95532775e-02 4.92997131e-04 7.66502336e-04
9.99612055e-02 -1.23738190e-04 7.60538816e-04
1.00369132e-01 1.05489033e-03 7.55575012e-04
1.00777059e-01 -2.94758786e-04 7.63316938e-04
1.01184984e-01 4.70526081e-04 7.90683722e-04
1.01592908e-01 -9.90846885e-05 7.66036501e-04
1.02000831e-01 -5.71981207e-04 7.40403351e-04
1.02408753e-01 -1.74696024e-04 7.44101852e-04
1.02816674e-01 -7.76166241e-04 7.58870425e-04
1.03224595e-01 -4.92364265e-04 7.36577255e-04
1.03632514e-01 3.02129481e-04 7.49220357e-04
1.04040432e-01 -2.56637140e-05 7.36688762e-04
1.04448349e-01 1.19358207e-03 7.51600477e-04
1.04856266e-01 -1.86359990e-04 7.32629180e-04
1.05264181e-01 3.62714374e-04 7.41707590e-04
1.05672095e-01 1.17078320e-04 7.29319982e-04
1.06080009e-01 -6.08090379e-04 7.38374677e-04
1.06487921e-01 3.36335815e-04 7.34638428e-04
1.06895832e-01 5.97158421e-04 7.45721780e-04
1.07303743e-01 8.51301387e-04 7.42525591e-04
1.07711652e-01 -3.84076866e-04 7.42584776e-04
1.08119560e-01 -6.01459090e-04 7.45369884e-04
1.08527467e-01 5.90587811e-04 7.31601278e-04
1.08935374e-01 3.25667698e-04 7.59408478e-04
1.09343279e-01 -1.63537409e-04 7.46151843e-04
1.09751183e-01 9.93265764e-05 7.31931469e-04
1.10159086e-01 1.54697397e-05 7.26834676e-04
1.10566988e-01 1.42727410e-04 6.89812447e-04
1.10974889e-01 1.10705833e-04 7.35097262e-04
1.11382789e-01 2.66419119e-04 7.23880721e-04
1.11790688e-01 1.28242842e-03 7.17305611e-04
1.12198586e-01 -1.05405675e-04 7.23886062e-04
1.12606482e-01 7.26552066e-04 7.33225792e-04
1.13014378e-01 -3.05720376e-04 7.42824860e-04
1.13422273e-01 8.91309628e-04 7.20618294e-04
1.13830166e-01 -1.46653783e-03 7.39522383e-04
1.14238059e-01 -1.13082717e-03 7.42719794e-04
1.14645950e-01 6.72683906e-04 7.22250194e-04
1.15053840e-01 -7.75805299e-04 7.19830707e-04
1.15461730e-01 6.02808833e-04 7.61743566e-04
1.15869618e-01 5.07032602e-04 7.66353520e-04
1.16277505e-01 6.47168168e-04 7.45797309e-04
1.16685391e-01 3.31455295e-04 7.38674408e-04
1.17093275e-01 1.33528356e-03 7.51171144e-04
1.17501159e-01 1.65224962e-03 7.55544607e-04
1.17909042e-01 1.64279803e-04 7.33311065e-04
1.18316923e-01 7.62793998e-04 7.04538981e-04
1.18724803e-01 4.26018415e-04 7.38261350e-04
1.19132683e-01 4.08828149e-04 6.94088223e-04
1.19540561e-01 2.84635438e-04 7.03112888e-04
1.19948438e-01 -4.72879262e-04 6.87004396e-04
1.20356313e-01 7.26631241e-05 6.86772600e-04
1.20764188e-01 9.64493247e-04 7.20354273e-04
1.21172062e-01 -6.24028498e-04 6.89709574e-04
1.21579934e-01 1.85092349e-04 7.02309579e-04
1.21987805e-01 -3.60320388e-04 6.87339637e-04
1.22395675e-01 2.58676891e-04 6.81245937e-04
1.22803544e-01 -6.97328461e-04 6.95754065e-04
1.23211412e-01 1.25986658e-03 6.90931549e-04
1.23619278e-01 8.71132713e-07 6.89400208e-04
1.24027144e-01 3.78753843e-04 6.80485702e-04
1.24435008e-01 -9.58223899e-04 7.07611117e-04
1.24842871e-01 -4.82648766e-04 7.03823148e-04
1.25250733e-01 3.54459428e-04 7.01044682e-04
1.25658594e-01 4.91942651e-04 6.64156103e-04
1.26066453e-01 -1.07109024e-03 6.70645294e-04
1.26474311e-01 8.38854533e-04 6.68795677e-04
1.26882168e-01 -1.61479153e-04 6.64222165e-04
1.27290024e-01 6.06820473e-04 6.71227396e-04
1.27697879e-01 -3.49129922e-04 6.62917509e-04
1.28105732e-01 1.59056770e-04 6.74792036e-04
1.28513585e-01 1.09613586e-03 6.79724100e-04
1.28921436e-01 -2.65525427e-04 6.74694141e-04
1.29329285e-01 2.03622545e-04 6.45013313e-04
1.29737134e-01 5.89014678e-04 6.69936821e-04
1.30144981e-01 -8.46462095e-04 6.81529595e-04
1.30552828e-01 6.30205139e-04 6.73272277e-04
1.30960672e-01 -8.63501062e-04 6.49924748e-04
1.31368516e-01 -6.63515082e-04 6.35026225e-04
1.31776358e-01 8.02952153e-04 6.63902568e-04
1.32184200e-01 6.40134944e-04 6.61685123e-04
1.32592039e-01 2.39098737e-04 6.60346021e-04
1.32999878e-01 -6.18556227e-04 6.27674162e-04
1.33407715e-01 5.86587580e-04 6.35784421e-04
1.33815552e-01 -3.27514006e-04 6.46667301e-04
1.34223386e-01 5.66808435e-05 6.50604537e-04
1.34631220e-01 -3.41446393e-04 6.21394037e-04
1.35039052e-01 -5.60279957e-04 6.71195305e-04
1.35446883e-01 -4.68727121e-04 6.31180172e-04
1.35854713e-01 3.78678025e-04 6.36386086e-04
1.36262541e-01 5.16754735e-04 6.42326160e-04
1.36670368e-01 4.86962745e-04 6.40407829e-04
1.37078194e-01 -2.18381078e-04 6.37325197e-04
1.37486019e-01 -4.07524433e-04 6.32870825e-04
1.37893842e-01 -1.33819824e-03 6.41252435e-04
1.38301664e-01 6.52619850e-04 6.49051296e-04
1.38709485e-01 6.21720635e-04 6.35593394e-04
1.39117304e-01 -5.46509555e-04 6.38010497e-04
1.39525122e-01 1.16015473e-04 6.29698957e-04
1.39932939e-01 -2.39709758e-04 6.26183223e-04
1.40340754e-01 3.85711754e-04 6.08434988e-04
1.40748568e-01 9.32228735e-04 6.16668620e-04
1.41156381e-01 -6.00030721e-04 6.16881949e-04
1.41564192e-01 -5.02709138e-05 6.01546436e-04
1.41972002e-01 4.67388649e-04 6.19015223e-04
1.42379811e-01 -6.27853829e-04 6.18779764e-04
1.42787618e-01 -3.08033972e-04 6.34010428e-04
1.43195424e-01 9.84762605e-04 6.38522952e-04
1.43603228e-01 -5.81539198e-05 6.44898045e-04
1.44011032e-01 -2.76611847e-04 6.31896454e-04
1.44418833e-01 -8.39487147e-04 6.25695878e-04
1.44826634e-01 -8.21219252e-05 6.29108229e-04
1.45234433e-01 2.30677058e-04 6.10707546e-04
1.45642231e-01 -9.41868382e-05 6.26634333e-04
1.46050027e-01 3.65008210e-04 6.22473861e-04
1.46457822e-01 3.30164068e-04 6.34430764e-04
1.46865616e-01 9.67524379e-04 6.43518400e-04
1.47273408e-01 1.09939988e-03 6.46869104e-04
1.47681199e-01 2.07738154e-04 6.47353149e-04
1.48088988e-01 1.34652046e-03 6.39577233e-04
1.48496776e-01 1.23999354e-03 6.26602471e-04
1.48904563e-01 2.30080643e-04 6.15993598e-04
1.49312348e-01 -6.39310563e-04 6.25883455e-04
1.49720132e-01 -5.67481328e-04 6.23794068e-04
1.50127914e-01 2.50349853e-04 6.35641095e-04
1.50535695e-01 1.04114264e-03 6.09182050e-04
1.50943474e-01 2.79923859e-04 6.14619041e-04
1.51351252e-01 2.09452090e-04 6.12693711e-04
1.51759029e-01 -4.38515581e-04 6.14341341e-04
1.52166804e-01 5.44170790e-04 6.23987112e-04
1.52574578e-01 -1.74497138e-04 6.00142486e-04
1.52982350e-01 2.23711963e-04 6.13059744e-04
1.53390121e-01 7.37629409e-04 6.05744568e-04
1.53797890e-01 3.11937639e-05 5.91377620e-04
1.54205658e-01 -8.31258696e-04 5.87668122e-04
1.54613425e-01 -1.66392538e-04 5.97041299e-04
1.55021190e-01 3.48046818e-04 6.06238524e-04
1.55428953e-01 -3.71432160e-05 6.01033792e-04
1.55836716e-01 3.38586064e-04 5.97259706e-04
1.56244476e-01 6.15646079e-04 6.03878453e-04
1.56652235e-01 5.24206629e-04 5.91987868e-04
1.57059993e-01 -4.05854927e-05 5.82587404e-04
1.57467749e-01 -1.01367672e-04 5.83878883e-04
1.57875504e-01 -5.48884231e-05 5.72212052e-04
1.58283257e-01 -3.71409050e-04 5.70852459e-04
1.58691008e-01 -7.72659737e-04 5.74787762e-04
1.59098758e-01 1.12245095e-04 5.75015945e-04
1.59506507e-01 -4.97613510e-04 5.75571590e-04
1.59914254e-01 7.06155588e-04 5.56783440e-04
1.60322000e-01 -1.19353970e-04 5.71890942e-04
1.60729744e-01 -3.32639448e-04 5.77706573e-04
1.61137486e-01 4.93643054e-04 5.87912073e-04
1.61545228e-01 1.85835942e-04 5.74184108e-04
1.61952967e-01 7.53480695e-04 5.78226397e-04
1.62360705e-01 -2.11491041e-04 5.80429796e-04
1.62768441e-01 3.87627668e-04 5.70684935e-04
1.63176176e-01 -2.52358859e-04 5.74406521e-04
1.63583910e-01 -8.39904187e-05 5.74677886e-04
1.63991641e-01 8.49956269e-04 5.63230426e-04
1.64399372e-01 5.50346862e-04 5.66902667e-04
1.64807100e-01 -3.84018116e-04 5.62436390e-04
1.65214827e-01 2.81616305e-04 5.62951920e-04
1.65622553e-01 -1.78367859e-04 5.56861380e-04
1.66030277e-01 2.37121827e-04 5.67681962e-04
1.66437999e-01 9.35354814e-05 5.58457027e-04
1.66845720e-01 1.36833233e-04 5.77878217e-04
1.67253439e-01 6.94723534e-04 5.66103053e-04
1.67661157e-01 5.84838904e-04 5.53824148e-04
1.68068873e-01 -8.11024517e-05 5.65279017e-04
1.68476588e-01 -1.52739758e-05 5.58882370e-04
1.68884301e-01 3.99022655e-04 5.74516774e-04
1.69292012e-01 4.38755630e-04 5.50490280e-04
1.69699721e-01 1.04977763e-03 5.57429864e-04
1.70107430e-01 -1.03508070e-04 5.57354944e-04
1.70515136e-01 -6.24962816e-04 5.37486690e-04
1.70922841e-01 -3.54470834e-06 5.48473784e-04
1.71330544e-01 1.39575363e-04 5.44932628e-04
1.71738246e-01 3.91843215e-04 5.51273260e-04
1.72145946e-01 -4.41792120e-04 5.37684169e-04
1.72553644e-01 -2.82725924e-04 5.45060720e-04
1.72961341e-01 -2.73174261e-04 5.35844502e-04
1.73369036e-01 4.29349456e-04 5.43675776e-04
1.73776729e-01 8.32191261e-04 5.36717536e-04
1.74184421e-01 -4.65889727e-04 5.52434839e-04
1.74592111e-01 -4.72308313e-04 5.47019280e-04
1.74999799e-01 -1.29357912e-05 5.43269252e-04
1.75407486e-01 6.50475433e-05 5.45515659e-04
1.75815171e-01 1.94614661e-04 5.31023390e-04
1.76222855e-01 -2.05671220e-04 5.38568692e-04
1.76630537e-01 -8.78161828e-04 5.27178618e-04
1.77038217e-01 -1.95858266e-05 5.37148126e-04
1.77445895e-01 7.72221532e-04 5.23748812e-04
1.77853572e-01 6.21121419e-04 5.51095162e-04
1.78261247e-01 3.33940784e-04 5.38594999e-04
1.78668921e-01 -2.16711287e-04 5.30991581e-04
1.79076592e-01 -3.20776909e-04 5.32431141e-04
1.79484262e-01 -2.32923488e-04 5.18633506e-04
1.79891931e-01 -2.89390325e-04 5.25503208e-04
1.80299597e-01 8.34202486e-04 5.30861843e-04
1.80707262e-01 5.37615940e-05 5.37576882e-04
1.81114925e-01 6.72402157e-04 5.30492855e-04
1.81522587e-01 9.00421217e-04 5.27814312e-04
1.81930247e-01 2.50735013e-04 5.30724671e-04
1.82337905e-01 1.05791810e-03 5.17716124e-04
1.82745561e-01 -2.55712849e-04 5.27046198e-04
1.83153215e-01 -4.77200612e-04 5.21885248e-04
1.83560868e-01 -3.21383893e-04 5.38599477e-04
1.83968519e-01 -1.96478042e-04 5.28492229e-04
1.84376169e-01 1.66108736e-04 5.23719073e-04
1.84783816e-01 4.28889298e-04 5.25589445e-04
1.85191462e-01 1.07118629e-03 5.06398660e-04
1.85599106e-01 3.34057063e-04 5.17265841e-04
1.86006749e-01 -2.55630404e-04 5.09867194e-04
1.86414389e-01 -9.96926485e-04 5.11555321e-04
1.86822028e-01 -1.96201349e-04 5.09976579e-04
1.87229665e-01 1.64685649e-04 5.10858863e-04
1.87637300e-01 2.80560416e-04 5.06652987e-04
1.88044934e-01 6.01339464e-04 5.11420616e-04
1.88452566e-01 1.77927033e-04 5.05877185e-04
1.88860195e-01 9.04884587e-04 5.13000449e-04
1.89267824e-01 5.27924786e-04 5.08012708e-04
1.89675450e-01 4.85878081e-04 5.10804599e-04
1.90083074e-01 -7.63506520e-04 5.17819994e-04
1.90490697e-01 -2.51254823e-04 5.07752350e-04
1.90898318e-01 7.37796925e-04 5.05513272e-04
1.91305937e-01 8.45228098e-04 5.08361375e-04
1.91713555e-01 6.47176271e-04 5.11105133e-04
1.92121170e-01 8.48879116e-05 5.07899518e-04
1.92528784e-01 -4.48091130e-04 5.03984747e-04
1.92936396e-01 -3.35645531e-04 4.97905819e-04
1.93344006e-01 1.67441018e-04 5.12260392e-04
1.93751614e-01 -1.70144674e-04 5.08601380e-04
1.94159220e-01 3.37432641e-04 5.04494395e-04
1.94566825e-01 4.96263340e-04 4.94123859e-04
1.94974427e-01 4.23436451e-04 5.00793241e-04
1.95382028e-01 9.91941410e-04 5.05892083e-04
1.95789627e-01 4.63112355e-04 5.06200075e-04
1.96197224e-01 -2.22236299e-04 5.03325571e-04
1.96604820e-01 -4.49688501e-04 4.88576282e-04
1.97012413e-01 -2.45979237e-04 4.92100486e-04
1.97420005e-01 4.16507584e-04 5.01548684e-04
1.97827594e-01 9.73894918e-05 4.91166781e-04
1.98235182e-01 3.37736199e-04 5.04851480e-04
1.98642768e-01 6.96690258e-04 5.06354304e-04
1.99050352e-01 7.35176176e-04 5.13035292e-04
1.99457934e-01 -1.20551189e-04 5.11559202e-04
1.99865514e-01 9.16713737e-05 5.02838466e-04
2.00273093e-01 3.91811419e-04 5.07545275e-04
2.00680669e-01 -1.83309214e-04 5.13606731e-04
2.01088244e-01 3.80478469e-05 5.11514697e-04
2.01495816e-01 -3.39089960e-04 5.13216297e-04
2.01903387e-01 6.30165970e-04 5.11995398e-04
2.02310956e-01 4.67035148e-04 5.14841477e-04
2.02718523e-01 2.15809813e-04 5.15052103e-04
2.03126088e-01 -4.23774649e-04 5.02049392e-04
2.03533651e-01 -3.05650598e-04 5.05658301e-04
2.03941212e-01 -5.88663178e-04 5.07592562e-04
2.04348771e-01 6.25267103e-04 5.09665404e-04
2.04756329e-01 2.12579282e-05 5.04332493e-04
2.05163884e-01 1.82916215e-04 5.08112230e-04
2.05571438e-01 8.75605269e-04 4.99295272e-04
2.05978989e-01 4.89794112e-04 5.00136925e-04
2.06386539e-01 4.44957251e-04 4.96749222e-04
2.06794086e-01 -2.64310641e-04 4.95234477e-04
2.07201632e-01 3.37620298e-04 4.99581673e-04
2.07609175e-01 1.05666907e-03 4.93732133e-04
2.08016717e-01 5.26583389e-04 4.91801919e-04
2.08424257e-01 -2.65279559e-04 4.80527526e-04
2.08831794e-01 -1.00453556e-03 4.76661251e-04
2.09239330e-01 1.45798240e-04 4.87928185e-04
2.09646864e-01 2.72191340e-05 4.81427220e-04
2.10054396e-01 2.97026714e-04 4.94892030e-04
2.10461925e-01 -3.88422941e-04 4.77244370e-04
2.10869453e-01 -7.98039743e-05 4.60162487e-04
2.11276979e-01 -1.90086122e-04 4.81741854e-04
2.11684503e-01 -3.95074945e-04 4.83135458e-04
2.12092025e-01 6.17228296e-04 4.91908364e-04
2.12499544e-01 -7.47926269e-04 4.90118721e-04
2.12907062e-01 5.22930375e-04 4.85237350e-04
2.13314578e-01 -1.24354695e-04 4.78910531e-04
2.13722092e-01 6.71311696e-04 4.78560593e-04
2.14129603e-01 -7.72406194e-05 4.79885308e-04
2.14537113e-01 5.47063819e-04 4.75174453e-04
2.14944621e-01 -2.23529312e-04 4.73730088e-04
2.15352126e-01 2.40799261e-04 4.77321305e-04
2.15759630e-01 -3.36455102e-04 4.71513551e-04
2.16167131e-01 2.87025336e-04 4.80372996e-04
2.16574631e-01 2.89846648e-04 4.68398200e-04
2.16982128e-01 2.90093054e-04 4.64607546e-04
2.17389624e-01 -2.97252047e-05 4.69260209e-04
2.17797117e-01 -1.01038280e-03 4.68998895e-04
2.18204608e-01 2.23573724e-04 4.73251987e-04
2.18612098e-01 -3.98645569e-04 4.56323713e-04
2.19019585e-01 5.51186514e-04 4.70212212e-04
2.19427070e-01 1.66256143e-04 4.65750641e-04
2.19834553e-01 -9.26898587e-05 4.54669396e-04
2.20242034e-01 3.98167487e-04 4.59188550e-04
2.20649512e-01 6.71127593e-04 4.62313711e-04
2.21056989e-01 2.54563048e-04 4.68139976e-04
2.21464464e-01 3.32183303e-04 4.65576291e-04
2.21871936e-01 2.83945755e-04 4.68514224e-04
2.22279407e-01 1.15372024e-03 4.62578218e-04
2.22686875e-01 -1.46957595e-04 4.68184326e-04
2.23094341e-01 -2.99634564e-04 4.57889026e-04
2.23501805e-01 -4.23271932e-04 4.53209227e-04
2.23909267e-01 -3.19660359e-04 4.54257338e-04
2.24316727e-01 5.27311538e-04 4.60996281e-04
2.24724185e-01 8.47736434e-04 4.57284351e-04
2.25131641e-01 6.21147240e-04 4.52136049e-04
2.25539094e-01 9.32206692e-06 4.62415571e-04
2.25946545e-01 4.04571313e-04 4.60002574e-04
2.26353995e-01 -2.69773970e-04 4.56564828e-04
2.26761442e-01 3.41210893e-04 4.53392468e-04
2.27168887e-01 -1.21772076e-04 4.58424662e-04
2.27576329e-01 1.49050066e-04 4.61189224e-04
2.27983770e-01 4.59501669e-04 4.47225137e-04
2.28391208e-01 -1.00535919e-03 4.42210155e-04
2.28798645e-01 1.13806513e-04 4.45423623e-04
2.29206079e-01 6.46450548e-04 4.57323895e-04
2.29613511e-01 6.07982609e-05 4.54591094e-04
2.30020941e-01 -1.94693805e-05 4.59921491e-04
2.30428368e-01 -3.22778001e-04 4.52225050e-04
2.30835794e-01 -1.58272456e-04 4.67770606e-04
2.31243217e-01 -5.71140644e-04 4.66071148e-04
2.31650638e-01 -1.09662167e-04 4.59554638e-04
2.32058057e-01 -8.88197542e-05 4.72376141e-04
2.32465473e-01 4.42813313e-04 4.57828393e-04
2.32872888e-01 3.90173589e-04 4.66256985e-04
2.33280300e-01 -5.63487795e-04 4.67200986e-04
2.33687710e-01 -1.88825330e-04 4.60622837e-04
2.34095118e-01 -1.26203197e-04 4.69429295e-04
2.34502524e-01 7.44082519e-04 4.74783306e-04
2.34909927e-01 -3.09618604e-04 4.66262735e-04
2.35317328e-01 -8.02318921e-04 4.64466481e-04
2.35724727e-01 1.23311651e-04 4.60595499e-04
2.36132124e-01 -5.44761480e-04 4.56091456e-04
2.36539518e-01 -9.61856295e-05 4.64903231e-04
2.36946911e-01 5.41724887e-05 4.54805878e-04
2.37354301e-01 -4.62217721e-05 4.60957432e-04
2.37761688e-01 1.27537424e-04 4.53288634e-04
2.38169074e-01 3.27838140e-04 4.47152785e-04
2.38576457e-01 3.33771707e-04 4.42856856e-04
2.38983838e-01 -1.66439377e-04 4.47855029e-04
2.39391217e-01 1.09856183e-04 4.43710010e-04
2.39798593e-01 -5.05444751e-04 4.36353627e-04
2.40205967e-01 -4.05524171e-04 4.41874739e-04
2.40613339e-01 3.10625180e-04 4.47615313e-04
2.41020709e-01 9.15835121e-05 4.38853041e-04
2.41428076e-01 1.01792187e-03 4.52354354e-04
2.41835441e-01 5.46415041e-04 4.47967336e-04
2.42242804e-01 2.49693010e-04 4.31927809e-04
2.42650165e-01 -4.15070725e-04 4.47407040e-04
2.43057523e-01 5.67176375e-04 4.46125089e-04
2.43464879e-01 1.01488744e-03 4.52116129e-04
2.43872232e-01 5.55678510e-04 4.36814464e-04
2.44279584e-01 8.10014718e-04 4.33310414e-04
2.44686933e-01 1.05050398e-04 4.29871351e-04
2.45094279e-01 -2.26090535e-04 4.33001273e-04
2.45501624e-01 -6.34782728e-04 4.30137157e-04
2.45908966e-01 1.36897977e-04 4.33400213e-04
2.46316305e-01 5.88921821e-04 4.30886147e-04
2.46723643e-01 -2.28108476e-04 4.34057123e-04
2.47130978e-01 3.45430724e-04 4.40217074e-04
2.47538310e-01 4.13230055e-04 4.29320268e-04
2.47945641e-01 -6.15743565e-04 4.34485757e-04
2.48352969e-01 3.22834114e-04 4.24382305e-04
2.48760294e-01 4.70842429e-04 4.34900740e-04
2.49167618e-01 4.98097471e-04 4.28242456e-04
2.49574939e-01 -2.09057457e-04 4.27117203e-04
2.49982257e-01 6.04068078e-04 4.25372148e-04
2.50389573e-01 6.71901781e-04 4.28478825e-04
2.50796887e-01 4.84935254e-04 4.27140519e-04
2.51204199e-01 2.53971190e-05 4.21099235e-04
2.51611508e-01 7.57067426e-04 4.33267802e-04
2.52018815e-01 -3.94773435e-04 4.22467286e-04
2.52426119e-01 5.54574837e-05 4.28058153e-04
2.52833421e-01 7.59481821e-04 4.27880453e-04
2.53240720e-01 7.66063728e-04 4.27600338e-04
2.53648017e-01 7.54011000e-04 4.36633140e-04
2.54055312e-01 4.11638517e-04 4.19135830e-04
2.54462605e-01 7.53386852e-06 4.30508156e-04
2.54869894e-01 9.10686074e-04 4.29870287e-04
2.55277182e-01 5.92384807e-04 4.26916607e-04
2.55684467e-01 1.64204764e-04 4.26581671e-04
2.56091750e-01 -4.58862529e-04 4.11690087e-04
2.56499030e-01 2.01214101e-04 4.14090434e-04
2.56906308e-01 5.66636770e-04 4.19623895e-04
2.57313583e-01 6.20641665e-04 4.26229788e-04
2.57720856e-01 5.70338377e-04 4.21104755e-04
2.58128127e-01 1.75912604e-04 4.20529229e-04
2.58535395e-01 1.66296393e-05 4.20622645e-04
2.58942661e-01 -7.65995756e-04 4.10032722e-04
2.59349924e-01 2.74580044e-04 4.23826033e-04
2.59757184e-01 7.12593481e-04 4.23119351e-04
2.60164443e-01 1.46989932e-04 4.19053782e-04
2.60571699e-01 3.24518858e-04 4.18488110e-04
2.60978952e-01 7.03920906e-05 4.08769368e-04
2.61386203e-01 5.11966946e-04 4.17330589e-04
2.61793451e-01 2.13075913e-04 4.17808988e-04
2.62200697e-01 6.61390025e-04 4.09819092e-04
2.62607941e-01 6.34063480e-04 4.14252030e-04
2.63015182e-01 -1.68102546e-04 4.15739411e-04
2.63422420e-01 5.98505956e-04 4.16991969e-04
2.63829656e-01 2.05809227e-04 4.14209258e-04
2.64236890e-01 4.43194471e-04 4.14801639e-04
2.64644121e-01 1.59725213e-04 4.12729735e-04
2.65051349e-01 -2.58556648e-04 4.06032943e-04
2.65458575e-01 -2.51877761e-04 4.14130927e-04
2.65865799e-01 1.37010147e-04 4.12393795e-04
2.66273019e-01 2.38620613e-05 4.13520704e-04
2.66680238e-01 -9.71809458e-05 4.13419366e-04
2.67087454e-01 8.57916911e-05 4.02545585e-04
2.67494667e-01 -1.25316341e-04 4.06669666e-04
2.67901878e-01 -1.61634210e-04 4.14075767e-04
2.68309086e-01 2.86462619e-04 4.11155414e-04
2.68716292e-01 7.54269912e-04 4.06558528e-04
2.69123495e-01 -2.48147847e-04 4.06228751e-04
2.69530696e-01 -1.90507097e-04 4.02577961e-04
2.69937894e-01 -3.29376224e-04 4.08586475e-04
2.70345090e-01 1.87175619e-05 4.09755998e-04
2.70752283e-01 7.88748951e-04 4.01229781e-04
2.71159473e-01 1.26418082e-04 4.02370973e-04
2.71566661e-01 1.08838924e-03 4.11579959e-04
2.71973847e-01 -3.01767616e-04 4.09364065e-04
2.72381030e-01 8.80314136e-05 4.03402016e-04
2.72788210e-01 2.91660234e-04 3.98726273e-04
2.73195387e-01 1.16323945e-04 4.01163038e-04
2.73602562e-01 -8.94756298e-05 4.05432325e-04
2.74009735e-01 -7.28779679e-04 3.94560467e-04
2.74416905e-01 2.48657139e-05 4.07800721e-04
2.74824072e-01 9.66955614e-05 4.05316257e-04
2.75231237e-01 6.57820943e-04 4.02111519e-04
2.75638399e-01 -2.41485653e-04 3.89969980e-04
2.76045558e-01 1.33837416e-04 4.01603732e-04
2.76452715e-01 1.41610479e-04 3.96183560e-04
2.76859869e-01 -7.96272999e-04 3.99407744e-04
2.77267021e-01 1.12086108e-03 3.97660523e-04
2.77674170e-01 2.92368571e-04 3.95381758e-04
2.78081316e-01 8.42288256e-04 4.03860353e-04
2.78488460e-01 6.80512408e-04 4.01140722e-04
2.78895601e-01 2.63089321e-04 3.97640287e-04
2.79302740e-01 -7.83489256e-05 3.90208764e-04
2.79709875e-01 4.52463379e-04 3.90714773e-04
2.80117009e-01 -6.26953729e-04 3.89080755e-04
2.80524139e-01 7.08033427e-06 3.99452841e-04
2.80931267e-01 1.93525416e-04 3.94599604e-04
2.81338392e-01 2.16609502e-04 3.99329730e-04
2.81745515e-01 3.67351559e-04 3.93217752e-04
2.82152635e-01 6.00426851e-05 4.00838543e-04
2.82559752e-01 2.60167727e-04 3.92015912e-04
2.82966866e-01 3.34757804e-04 3.90320736e-04
2.83373978e-01 3.14338553e-04 3.80005773e-04
2.83781088e-01 3.38400869e-04 3.90846485e-04
2.84188194e-01 2.73268652e-04 3.92892485e-04
2.84595298e-01 1.28827531e-04 4.02290563e-04
2.85002399e-01 5.05264237e-04 3.99296523e-04
2.85409497e-01 7.23794778e-04 3.95089282e-04
2.85816593e-01 3.53920188e-04 4.01078626e-04
2.86223686e-01 -2.24122536e-04 4.00526321e-04
2.86630777e-01 5.24608174e-05 3.94657188e-04
2.87037864e-01 -7.06721000e-04 3.98448358e-04
2.87444949e-01 2.88661531e-04 3.98356782e-04
2.87852031e-01 3.80225496e-04 3.96799239e-04
2.88259111e-01 3.78096988e-04 3.95821832e-04
2.88666188e-01 -1.67119412e-05 3.99983664e-04
2.89073262e-01 -1.79852983e-04 3.95866764e-04
2.89480333e-01 -3.26084336e-05 3.99182737e-04
2.89887401e-01 5.42501062e-04 4.02588457e-04
2.90294467e-01 -2.49330348e-04 3.95237139e-04
2.90701530e-01 3.94069520e-04 4.05557264e-04
2.91108591e-01 -1.82181743e-04 3.93082169e-04
2.91515648e-01 -9.98821409e-05 3.90079939e-04
2.91922703e-01 4.58650317e-04 3.90202278e-04
2.92329755e-01 -3.59057719e-05 3.91699088e-04
2.92736804e-01 3.43131043e-04 3.96505609e-04
2.93143851e-01 2.77901175e-04 3.90337992e-04
2.93550895e-01 -2.54336683e-04 3.84857112e-04
2.93957936e-01 -2.57211453e-04 3.87647936e-04
2.94364974e-01 7.89478356e-04 3.90363178e-04
2.94772009e-01 5.30098083e-04 3.95047422e-04
2.95179042e-01 4.19239479e-04 3.86900697e-04
2.95586072e-01 3.98252895e-04 3.90358837e-04
2.95993099e-01 -8.45953616e-05 3.93204637e-04
2.96400123e-01 1.64969022e-04 3.87659716e-04
2.96807145e-01 2.19845763e-04 3.90943744e-04
2.97214163e-01 1.34047620e-04 3.93284789e-04
2.97621179e-01 -1.08733373e-04 3.89517043e-04
2.98028192e-01 3.26329422e-04 3.91126114e-04
2.98435202e-01 2.89500846e-04 3.95271193e-04
2.98842210e-01 4.75557871e-04 3.94541350e-04
2.99249214e-01 2.19579149e-04 3.90810471e-04
2.99656216e-01 3.82004572e-05 3.93432308e-04
3.00063215e-01 3.44855066e-05 3.99471770e-04
3.00470211e-01 5.27116758e-04 3.88533960e-04
3.00877204e-01 2.99931828e-04 3.87376641e-04
3.01284194e-01 1.02683603e-04 3.94451253e-04
3.01691182e-01 -8.86447622e-05 3.92570952e-04
3.02098167e-01 2.29788098e-04 3.97696673e-04
3.02505149e-01 1.02551006e-04 3.90744995e-04
3.02912128e-01 3.07618435e-04 4.00997998e-04
3.03319104e-01 2.02486461e-04 3.84376031e-04
3.03726077e-01 2.31695999e-04 3.88624978e-04
3.04133047e-01 1.89728290e-06 3.88541217e-04
3.04540015e-01 4.35091595e-04 3.90800953e-04
3.04946979e-01 -6.09586964e-05 3.88425506e-04
3.05353941e-01 2.09390862e-04 3.91156436e-04
3.05760900e-01 1.50520688e-04 3.91936405e-04
3.06167856e-01 -2.25038518e-04 3.92263127e-04
3.06574809e-01 1.23123202e-04 3.93757630e-04
3.06981759e-01 -4.70720306e-04 3.85915113e-04
3.07388706e-01 -1.58001450e-04 3.91033058e-04
3.07795651e-01 6.44531508e-05 3.92255170e-04
3.08202592e-01 2.23361821e-04 3.98201329e-04
3.08609531e-01 2.14151422e-04 3.93913961e-04
3.09016466e-01 4.77871040e-04 3.99633508e-04
3.09423399e-01 4.82267872e-04 4.04645808e-04
3.09830329e-01 5.69345388e-04 4.04674592e-04
3.10237256e-01 -1.27522325e-04 3.99638600e-04
3.10644180e-01 -1.41104237e-04 4.02266899e-04
3.11051101e-01 1.53984225e-04 3.99054532e-04
3.11458019e-01 6.18263679e-04 4.04552585e-04
3.11864934e-01 5.42556959e-04 4.02888211e-04
3.12271846e-01 -1.21552940e-04 3.95941491e-04
3.12678755e-01 -1.69282921e-04 4.02905877e-04
3.13085661e-01 1.01194311e-04 4.04567555e-04
3.13492565e-01 6.54080838e-04 4.09604658e-04
3.13899465e-01 -6.65127161e-05 3.95886750e-04
3.14306362e-01 2.66416495e-04 3.94625900e-04
3.14713257e-01 5.59085075e-04 3.99814641e-04
3.15120148e-01 -8.34677431e-04 4.07062524e-04
3.15527037e-01 4.23499582e-04 4.18904991e-04
3.15933922e-01 1.00092672e-04 4.10457579e-04
3.16340805e-01 5.29792542e-04 4.51517453e-04
3.16747684e-01 -6.95165622e-05 4.85707567e-04
3.17154561e-01 1.60381036e-03 5.36201324e-04
3.17561434e-01 2.37816107e-04 5.41478761e-04
3.17968305e-01 -3.70589380e-05 5.75436400e-04
3.18375172e-01 -2.51640043e-04 6.01112211e-04
3.18782037e-01 2.27353098e-04 6.32215009e-04
3.19188898e-01 7.62045840e-05 6.48124307e-04
3.19595757e-01 4.11928886e-04 6.97087776e-04
3.20002612e-01 -1.33086417e-04 6.94995642e-04
3.20409465e-01 -2.92834490e-04 7.53764871e-04
3.20816314e-01 -5.48107667e-05 8.29100873e-04
3.21223160e-01 -1.00727608e-03 9.58557080e-04
3.21630004e-01 -1.88151105e-03 1.01705193e-03
3.22036844e-01 -1.25266522e-03 1.25674203e-03
3.22443681e-01 2.22924553e-04 1.73851314e-03
3.22850516e-01 -6.98455582e-03 5.04611384e-03
