4.08043586e-03 -9.41752837e-02 2.61175003e-02
4.48847930e-03 -6.17364672e-02 2.79178158e-02
4.89652269e-03 -4.99970046e-02 1.96572615e-02
5.30456604e-03 -4.47296019e-02 1.41171241e-02
5.71260934e-03 -3.10068796e-02 1.08661618e-02
6.12065258e-03 -2.45473183e-02 8.57070066e-03
6.52869577e-03 -9.91370615e-03 8.06581624e-03
6.93673889e-03 -1.20336729e-02 6.32704068e-03
7.34478195e-03 -3.97094940e-03 5.81076361e-03
7.75282494e-03 -6.72384267e-03 5.37751091e-03
8.16086785e-03 -7.54018066e-03 4.35957251e-03
8.56891069e-03 -4.87358895e-03 4.10802289e-03
8.97695345e-03 -4.75122072e-03 4.14234426e-03
9.38499612e-03 -7.67374591e-04 3.54793240e-03
9.79303870e-03 -3.16310531e-03 3.69493648e-03
1.02010812e-02 -1.05027167e-04 3.34303305e-03
1.06091236e-02 -1.34366716e-03 2.94419148e-03
1.10171659e-02 -1.76624747e-03 2.97651936e-03
1.14252081e-02 2.79792669e-03 3.22685375e-03
1.18332501e-02 -1.92980059e-03 2.93431354e-03
1.22412921e-02 1.37770227e-03 2.75143633e-03
1.26493339e-02 -5.84919970e-04 2.63655709e-03
1.30573757e-02 1.54754349e-04 2.45042737e-03
1.34654173e-02 -3.76202371e-03 2.33777117e-03
1.38734588e-02 -1.90178355e-03 2.43366233e-03
1.42815001e-02 1.99046426e-03 2.35997674e-03
1.46895413e-02 1.83333512e-03 2.11390684e-03
1.50975824e-02 1.85404714e-03 2.29148790e-03
1.55056233e-02 1.41286793e-03 2.18409642e-03
1.59136641e-02 1.33530832e-03 2.06569491e-03
1.63217047e-02 4.64680542e-04 2.07288185e-03
1.67297452e-02 -6.49365088e-05 1.93571301e-03
1.71377855e-02 -2.09561241e-03 1.92060586e-03
1.75458257e-02 -3.43584317e-04 1.96087763e-03
1.79538657e-02 -1.88172798e-03 1.91635324e-03
1.83619055e-02 5.77088862e-04 2.06245267e-03
1.87699451e-02 2.60452358e-03 1.97275812e-03
1.91779846e-02 2.25013787e-03 1.93296008e-03
1.95860239e-02 3.20217473e-03 1.86119949e-03
1.99940630e-02 -8.29771680e-04 1.79347034e-03
2.04021019e-02 1.48757063e-03 1.86174668e-03
2.08101406e-02 1.65308355e-03 1.87379894e-03
2.12181791e-02 4.08806482e-04 1.72870719e-03
2.16262174e-02 2.34612727e-03 1.78316976e-03
2.20342555e-02 -1.22850576e-03 1.75649529e-03
2.24422934e-02 -1.98889589e-03 1.68062043e-03
2.28503311e-02 1.19842146e-03 1.73125141e-03
2.32583686e-02 -2.64544487e-03 1.66382555e-03
2.36664058e-02 -6.27357631e-04 1.71104520e-03
2.40744429e-02 1.59964210e-04 1.70980655e-03
2.44824797e-02 2.55731150e-03 1.67630860e-03
2.48905162e-02 3.59166897e-03 1.72979558e-03
2.52985525e-02 -5.50942062e-04 1.66801337e-03
2.57065886e-02 -1.33394342e-04 1.62521573e-03
2.61146245e-02 2.26115684e-03 1.80452597e-03
2.65226601e-02 2.14772704e-03 1.61231654e-03
2.69306954e-02 -1.98227538e-03 1.62715918e-03
2.73387305e-02 -1.13199406e-03 1.65863586e-03
2.77467653e-02 -1.61688428e-03 1.56468424e-03
2.81547999e-02 -1.22718844e-03 1.65398615e-03
2.85628342e-02 -1.97654102e-03 1.68333243e-03
2.89708682e-02 4.59321951e-04 1.68178690e-03
2.93789020e-02 -3.07240202e-04 1.69029539e-03
2.97869355e-02 -1.61230974e-03 1.62151827e-03
3.01949687e-02 -1.11871195e-04 1.61698484e-03
3.06030016e-02 2.34708553e-03 1.61949683e-03
3.10110342e-02 2.43956400e-03 1.60211132e-03
3.14190665e-02 3.82861196e-03 1.60540064e-03
3.18270985e-02 -2.29003818e-03 1.53473112e-03
3.22351302e-02 2.09310344e-03 1.62481958e-03
3.26431617e-02 1.10542945e-03 1.42209404e-03
3.30511928e-02 -2.87863624e-03 1.46262887e-03
3.34592236e-02 -1.00268662e-03 1.37126037e-03
3.38672540e-02 3.51197930e-03 1.43869997e-03
3.42752842e-02 1.50536305e-03 1.39092038e-03
3.46833140e-02 -1.78244409e-03 1.44726739e-03
3.50913435e-02 -1.99553303e-03 1.41581077e-03
3.54993727e-02 1.15982484e-04 1.40695121e-03
3.59074015e-02 1.31344352e-03 1.46518505e-03
3.63154300e-02 1.73140534e-04 1.40816043e-03
3.67234581e-02 2.57141578e-03 1.41492781e-03
3.71314859e-02 1.92541795e-03 1.35251171e-03
3.75395134e-02 8.77103840e-04 1.37678739e-03
3.79475405e-02 1.00864640e-03 1.40102465e-03
3.83555672e-02 2.84385962e-03 1.45590212e-03
3.87635935e-02 4.44887916e-04 1.32847385e-03
3.91716195e-02 2.22214456e-03 1.35513670e-03
3.95796452e-02 -3.80321443e-05 1.34779094e-03
3.99876704e-02 -8.53647876e-04 1.21517719e-03
4.03956953e-02 3.04662666e-04 1.33480644e-03
4.08037198e-02 -1.96539829e-04 1.24980250e-03
4.12117439e-02 -2.38948270e-04 1.25881100e-03
4.16197676e-02 2.27178692e-04 1.21765717e-03
4.20277909e-02 1.53911778e-03 1.25536406e-03
4.24358138e-02 -2.98616062e-05 1.23352828e-03
4.28438363e-02 -2.93522275e-04 1.24161396e-03
4.32518584e-02 1.31161643e-03 1.23124017e-03
4.36598801e-02 1.78373485e-03 1.25132134e-03
4.40679014e-02 1.40261050e-03 1.28069460e-03
4.44759222e-02 -9.57098664e-04 1.18765620e-03
4.48839427e-02 1.18788394e-03 1.24460435e-03
4.52919627e-02 -5.83439850e-04 1.20260755e-03
4.56999823e-02 -3.38084978e-04 1.18955986e-03
4.61080014e-02 4.79295399e-04 1.20512158e-03
4.65160201e-02 -1.76526443e-03 1.13520889e-03
4.69240384e-02 -7.08872038e-04 1.16648098e-03
4.73320562e-02 9.84732109e-04 1.15650919e-03
4.77400736e-02 2.95610906e-03 1.16390368e-03
4.81480905e-02 -8.48146786e-04 1.21108822e-03
4.85561070e-02 -3.05490895e-04 1.17740915e-03
4.89641230e-02 -1.11293835e-03 1.15045873e-03
4.93721385e-02 -6.35626821e-04 1.14677815e-03
4.97801536e-02 9.08812172e-04 1.18243807e-03
5.01881682e-02 3.77952707e-04 1.14617806e-03
5.05961823e-02 5.32837305e-04 1.11436144e-03
5.10041960e-02 -3.81690221e-04 1.14652386e-03
5.14122091e-02 -6.95022152e-04 1.10203798e-03
5.18202218e-02 5.10798019e-04 1.16349517e-03
5.22282340e-02 9.56122683e-04 1.13203773e-03
5.26362457e-02 -3.02229649e-04 1.12074133e-03
5.30442569e-02 3.33700409e-04 1.07341190e-03
5.34522675e-02 -9.45435078e-04 1.07343993e-03
5.38602777e-02 6.99731091e-04 1.09518454e-03
5.42682874e-02 -3.98436030e-04 1.09429745e-03
5.46762965e-02 3.86580559e-04 1.12340878e-03
5.50843052e-02 3.32417146e-05 1.09761834e-03
5.54923133e-02 -1.12448659e-03 1.08168036e-03
5.59003208e-02 -1.97521040e-03 1.02758870e-03
5.63083279e-02 2.99541139e-04 1.05577313e-03
5.67163344e-02 2.13028213e-03 1.12499266e-03
5.71243404e-02 1.91052660e-03 1.09754969e-03
5.75323458e-02 2.56109211e-03 1.07560270e-03
5.79403507e-02 2.49085223e-03 1.11302675e-03
5.83483551e-02 1.47938177e-03 1.08463966e-03
5.87563588e-02 4.26626306e-04 1.07180291e-03
5.91643621e-02 -2.13083250e-04 1.11393595e-03
5.95723647e-02 2.00780680e-04 1.10199491e-03
5.99803668e-02 1.73487863e-03 1.11672825e-03
6.03883684e-02 -8.19048885e-04 1.12153164e-03
6.07963693e-02 2.31909480e-03 1.12137621e-03
6.12043697e-02 1.67435206e-03 1.12406390e-03
6.16123695e-02 2.64119198e-03 1.14269100e-03
6.20203687e-02 -1.12854000e-04 1.12947231e-03
6.24283674e-02 1.20002097e-03 1.08188629e-03
6.28363654e-02 1.89631355e-05 1.09430740e-03
6.32443629e-02 -2.20914078e-04 1.02538331e-03
6.36523597e-02 -1.83492610e-04 1.06426864e-03
6.40603559e-02 -6.37928108e-04 1.03884106e-03
6.44683516e-02 1.13161872e-04 1.04069611e-03
6.48763466e-02 -9.75454948e-05 1.01101042e-03
6.52843410e-02 -1.59020762e-03 9.81849820e-04
6.56923348e-02 5.22383744e-04 1.08677456e-03
6.61003279e-02 -8.24809458e-05 9.77529527e-04
6.65083205e-02 1.62996583e-03 9.75044231e-04
6.69163124e-02 6.32024291e-04 9.79103969e-04
6.73243036e-02 -6.22852552e-04 9.96451171e-04
6.77322943e-02 5.59231819e-04 9.74561143e-04
6.81402842e-02 5.10449240e-04 9.83438367e-04
6.85482736e-02 2.79009215e-04 9.94024958e-04
6.89562623e-02 -7.71777387e-04 9.48728011e-04
6.93642503e-02 2.06599108e-03 9.65753842e-04
6.97722377e-02 8.78443460e-04 9.84914351e-04
7.01802244e-02 1.49610389e-03 1.00577430e-03
7.05882105e-02 7.71971544e-04 9.74953931e-04
7.09961958e-02 -2.76529314e-06 9.47193341e-04
7.14041805e-02 7.17018769e-04 9.48563679e-04
7.18121646e-02 -1.06231910e-03 9.58574427e-04
7.22201479e-02 3.78375622e-04 9.27232180e-04
7.26281306e-02 6.05831764e-04 9.55034512e-04
7.30361126e-02 -1.99272433e-04 9.21655741e-04
7.34440938e-02 -1.31725060e-03 9.45241031e-04
7.38520744e-02 -2.34820849e-04 9.10939794e-04
7.42600543e-02 3.92870142e-04 9.18965688e-04
7.46680335e-02 1.59528047e-03 9.10407445e-04
7.50760119e-02 -6.98320230e-04 9.01710419e-04
7.54839897e-02 -8.19379633e-04 8.99101512e-04
7.58919667e-02 -6.25186253e-04 9.38880422e-04
7.62999431e-02 -3.26277546e-04 9.06398397e-04
7.67079187e-02 -4.30771994e-04 9.25005721e-04
7.71158935e-02 1.75393894e-03 9.38716763e-04
7.75238677e-02 1.17803716e-03 9.26654490e-04
7.79318411e-02 8.30872380e-04 9.19924612e-04
7.83398137e-02 -7.19101185e-04 9.17459028e-04
7.87477857e-02 -5.45145720e-04 9.20513305e-04
7.91557568e-02 -8.31553100e-04 9.08931446e-04
7.95637273e-02 -4.86777578e-04 9.10835162e-04
7.99716969e-02 9.10731270e-04 9.07943389e-04
8.03796658e-02 4.52425294e-04 8.83442585e-04
8.07876340e-02 -1.42667880e-03 8.85954910e-04
8.11956014e-02 1.20953685e-03 8.83544443e-04
8.16035680e-02 5.38991071e-04 8.67923054e-04
8.20115338e-02 5.49982969e-04 8.59504610e-04
8.24194989e-02 3.69276465e-04 8.54829729e-04
8.28274631e-02 -5.23760061e-04 8.60482826e-04
8.32354266e-02 5.53855762e-04 8.62084837e-04
8.36433893e-02 -8.81870802e-05 8.57189899e-04
8.40513512e-02 1.01053953e-03 8.61937764e-04
8.44593123e-02 2.52347852e-04 8.35944472e-04
8.48672727e-02 6.26573035e-04 8.33349923e-04
8.52752322e-02 2.16955050e-04 8.44994054e-04
8.56831909e-02 -1.47383890e-03 8.29748422e-04
8.60911487e-02 1.44147412e-04 8.74038699e-04
8.64991058e-02 -1.59957248e-03 8.28234043e-04
8.69070620e-02 3.91742524e-04 8.43711407e-04
8.73150175e-02 4.68328213e-04 8.56197887e-04
8.77229721e-02 4.29496618e-04 8.30666480e-04
8.81309258e-02 1.54383954e-03 8.23488072e-04
8.85388787e-02 2.82240190e-04 8.06839044e-04
8.89468308e-02 -6.43560467e-04 8.22096019e-04
8.93547821e-02 1.75335902e-04 8.12008312e-04
8.97627325e-02 1.73116144e-03 8.41976078e-04
9.01706820e-02 2.83288434e-04 8.17733471e-04
9.05786307e-02 -1.83513628e-04 8.14635810e-04
9.09865785e-02 -3.85817768e-04 8.17747171e-04
9.13945255e-02 1.73063961e-03 8.07421652e-04
9.18024716e-02 5.16789802e-04 7.89524133e-04
9.22104168e-02 2.07633774e-04 8.11447204e-04
9.26183611e-02 1.00101689e-03 8.10766171e-04
9.30263046e-02 -8.18167955e-04 7.88989307e-04
9.34342472e-02 9.05279883e-06 8.10329432e-04
9.38421889e-02 -6.00201189e-04 8.25727357e-04
9.42501297e-02 7.02364524e-04 8.28994430e-04
9.46580696e-02 6.56255316e-04 8.11924515e-04
9.50660087e-02 -4.34499088e-04 8.28907928e-04
9.54739468e-02 7.54753427e-05 8.11999502e-04
9.58818840e-02 5.37637079e-04 7.96163809e-04
9.62898203e-02 1.81004881e-03 7.91742130e-04
9.66977557e-02 5.93999588e-04 7.84302406e-04
9.71056902e-02 4.28895578e-04 7.90771321e-04
9.75136237e-02 -8.90495317e-04 7.68266122e-04
9.79215564e-02 1.16342460e-04 7.62557827e-04
9.83294881e-02 2.94695663e-04 7.72750919e-04
9.87374188e-02 1.49163645e-03 7.92420214e-04
9.91453487e-02 -1.12384771e-04 8.03567375e-04
9.95532775e-02 1.24586519e-04 7.86467746e-04
9.99612055e-02 1.04517701e-03 7.54366661e-04
1.00369132e-01 6.19828208e-04 7.72124398e-04
1.00777059e-01 9.15121284e-04 7.70330971e-04
1.01184984e-01 -7.10346613e-05 7.86115021e-04
1.01592908e-01 1.55762351e-04 7.68535652e-04
1.02000831e-01 -1.64085026e-05 7.62944948e-04
1.02408753e-01 8.38125938e-04 7.48867867e-04
1.02816674e-01 -9.14340298e-05 7.48056218e-04
1.03224595e-01 5.65689461e-05 7.54712266e-04
1.03632514e-01 -1.75953526e-03 7.36311374e-04
1.04040432e-01 1.33780402e-03 7.45286814e-04
1.04448349e-01 3.11501551e-04 7.17717771e-04
1.04856266e-01 -8.27678854e-05 7.66259157e-04
1.05264181e-01 -5.21964796e-04 7.65397810e-04
1.05672095e-01 7.84970338e-04 7.37019588e-04
1.06080009e-01 8.95394949e-04 7.38881925e-04
1.06487921e-01 7.15967984e-04 7.34184533e-04
1.06895832e-01 3.72483918e-04 7.52160268e-04
1.07303743e-01 4.27216810e-05 7.70972847e-04
1.07711652e-01 1.73544675e-04 7.14755315e-04
1.08119560e-01 5.58402960e-04 7.43222729e-04
1.08527467e-01 8.76332010e-05 7.45558820e-04
1.08935374e-01 -8.63770955e-05 7.36366432e-04
1.09343279e-01 8.68802080e-04 7.52502010e-04
1.09751183e-01 1.34349616e-03 7.28905589e-04
1.10159086e-01 1.09334788e-03 7.15545364e-04
1.10566988e-01 1.22502283e-04 7.16416692e-04
1.10974889e-01 3.03214963e-04 7.38478517e-04
1.11382789e-01 8.17189859e-04 7.20951140e-04
1.11790688e-01 3.89231228e-04 7.44404918e-04
1.12198586e-01 3.48923831e-04 7.42177752e-04
1.12606482e-01 -4.70921566e-04 7.11733094e-04
1.13014378e-01 -5.27520648e-04 7.43866950e-04
1.13422273e-01 -6.85356649e-04 7.26116749e-04
1.13830166e-01 4.22858731e-04 7.55422253e-04
1.14238059e-01 2.22445643e-03 7.48757990e-04
1.14645950e-01 5.95473642e-04 7.34986394e-04
1.15053840e-01 8.78498322e-04 7.57753128e-04
1.15461730e-01 1.42407714e-03 7.63496362e-04
1.15869618e-01 1.22404994e-03 7.50380282e-04
1.16277505e-01 4.41572372e-04 7.38495566e-04
1.16685391e-01 2.78279157e-04 7.39639839e-04
1.17093275e-01 -3.54911703e-04 7.30238429e-04
1.17501159e-01 1.16644697e-03 7.31507451e-04
1.17909042e-01 1.04598710e-03 7.53385200e-04
1.18316923e-01 9.89277245e-04 7.39396024e-04
1.18724803e-01 8.89648748e-05 7.26534903e-04
1.19132683e-01 -6.11408863e-04 6.96164139e-04
1.19540561e-01 1.57805753e-04 7.18195081e-04
1.19948438e-01 6.37184038e-04 7.03023008e-04
1.20356313e-01 7.08183671e-04 6.87614495e-04
1.20764188e-01 6.82300638e-04 7.15200729e-04
1.21172062e-01 -2.35100484e-04 6.70945249e-04
1.21579934e-01 4.89571140e-04 6.90998516e-04
1.21987805e-01 -1.58257209e-04 6.85867357e-04
1.22395675e-01 3.19626818e-05 6.63447511e-04
1.22803544e-01 -2.01160094e-04 6.75271641e-04
1.23211412e-01 5.97373353e-04 6.84073981e-04
1.23619278e-01 -1.67646458e-05 6.61678277e-04
1.24027144e-01 7.10887668e-05 6.74787122e-04
1.24435008e-01 -1.45330325e-04 6.91073801e-04
1.24842871e-01 -3.04361634e-05 6.85609800e-04
1.25250733e-01 9.97554089e-04 6.83685599e-04
1.25658594e-01 6.38188711e-04 6.77272064e-04
1.26066453e-01 -6.49549166e-04 6.75194187e-04
1.26474311e-01 -6.40854729e-04 6.63324890e-04
1.26882168e-01 -3.77923715e-05 6.72744799e-04
1.27290024e-01 1.18352037e-03 6.77846735e-04
1.27697879e-01 8.85307578e-05 6.60541735e-04
1.28105732e-01 9.50475041e-04 6.51163202e-04
1.28513585e-01 2.46069726e-04 6.56212223e-04
1.28921436e-01 -4.66939284e-04 6.58418672e-04
1.29329285e-01 7.26760134e-04 6.69764449e-04
1.29737134e-01 5.18401519e-04 6.41063291e-04
1.30144981e-01 6.93256043e-05 6.61884613e-04
1.30552828e-01 6.70904965e-05 6.69319028e-04
1.30960672e-01 -1.92329553e-04 6.57962123e-04
1.31368516e-01 6.30743572e-04 6.48873666e-04
1.31776358e-01 -1.13034310e-04 6.60536561e-04
1.32184200e-01 -5.47450701e-04 6.48898242e-04
1.32592039e-01 1.09765510e-04 6.63288227e-04
1.32999878e-01 1.46064023e-04 6.49110103e-04
1.33407715e-01 6.63413483e-04 6.44070235e-04
1.33815552e-01 4.52176088e-04 6.35181528e-04
1.34223386e-01 -4.86754681e-04 6.31125954e-04
1.34631220e-01 1.40111728e-04 6.45031635e-04
1.35039052e-01 -1.81993263e-04 6.56630139e-04
1.35446883e-01 -2.50741034e-04 6.30019905e-04
1.35854713e-01 -5.42496084e-04 6.45056025e-04
1.36262541e-01 2.81650131e-04 6.40184299e-04
1.36670368e-01 -1.57310190e-04 6.31953583e-04
1.37078194e-01 1.53633017e-05 6.37400713e-04
1.37486019e-01 7.00194196e-04 6.30177770e-04
1.37893842e-01 3.46951471e-04 6.49675716e-04
1.38301664e-01 5.10037098e-04 6.46526912e-04
1.38709485e-01 -1.14790354e-04 6.48045474e-04
1.39117304e-01 -8.14478927e-04 6.23696699e-04
1.39525122e-01 -4.88190718e-04 6.18213035e-04
1.39932939e-01 -5.32264331e-04 6.02167283e-04
1.40340754e-01 9.06670202e-05 6.07084240e-04
1.40748568e-01 -2.90669676e-04 6.05236032e-04
1.41156381e-01 -1.29089091e-04 6.23602143e-04
1.41564192e-01 8.66938852e-04 6.23702868e-04
1.41972002e-01 2.61779295e-04 6.15234955e-04
1.42379811e-01 -9.48752192e-04 6.26815186e-04
1.42787618e-01 5.42249375e-04 6.22315745e-04
1.43195424e-01 1.66407097e-04 6.20665692e-04
1.43603228e-01 1.00028033e-03 6.41109037e-04
1.44011032e-01 1.75140105e-03 6.50883041e-04
1.44418833e-01 2.51953521e-04 6.42695489e-04
1.44826634e-01 5.84148932e-06 6.19418160e-04
1.45234433e-01 -1.28051311e-05 6.18332652e-04
1.45642231e-01 7.33989268e-06 6.48600502e-04
1.46050027e-01 -2.24680229e-04 6.24099658e-04
1.46457822e-01 -9.44304854e-04 6.21416299e-04
1.46865616e-01 6.04720101e-04 6.23960919e-04
1.47273408e-01 -2.77865537e-04 6.30164870e-04
1.47681199e-01 -7.17253528e-04 6.21127207e-04
1.48088988e-01 -6.79299575e-04 6.29044450e-04
1.48496776e-01 1.01923554e-03 6.25105199e-04
1.48904563e-01 3.32007792e-05 6.08234768e-04
1.49312348e-01 -6.82078194e-04 6.24782111e-04
1.49720132e-01 4.61665952e-04 6.17109332e-04
1.50127914e-01 -1.35849218e-03 5.92596830e-04
1.50535695e-01 1.18374759e-03 6.02205511e-04
1.50943474e-01 2.78158468e-04 6.20359855e-04
1.51351252e-01 1.26398054e-04 6.11446350e-04
1.51759029e-01 -6.82931296e-07 6.15842751e-04
1.52166804e-01 -4.39991426e-04 6.10751876e-04
1.52574578e-01 -7.33648735e-04 6.04757316e-04
1.52982350e-01 4.19065626e-04 6.03430529e-04
1.53390121e-01 3.43004345e-04 6.02897921e-04
1.53797890e-01 6.05909280e-04 5.96424096e-04
1.54205658e-01 2.33382946e-04 6.09112071e-04
1.54613425e-01 -7.07949432e-05 6.16744461e-04
1.55021190e-01 -1.51758449e-03 5.91298065e-04
1.55428953e-01 -7.23138191e-04 5.95983074e-04
1.55836716e-01 2.85537713e-04 5.98940596e-04
1.56244476e-01 1.08286742e-04 5.86686642e-04
1.56652235e-01 5.77841520e-04 5.95268971e-04
1.57059993e-01 5.73734935e-04 5.94637496e-04
1.57467749e-01 3.47208300e-04 5.86201728e-04
1.57875504e-01 3.16101778e-04 5.73131715e-04
1.58283257e-01 -1.72839105e-04 5.85527783e-04
1.58691008e-01 -3.26746278e-04 5.82269473e-04
1.59098758e-01 -2.86937962e-04 5.64177134e-04
1.59506507e-01 -5.08136180e-04 5.76897632e-04
1.59914254e-01 1.82196603e-03 5.79641931e-04
1.60322000e-01 4.88821609e-04 5.69623426e-04
1.60729744e-01 -4.77322463e-04 5.69803083e-04
1.61137486e-01 2.30354537e-04 5.75693575e-04
1.61545228e-01 -1.22656993e-03 5.67235517e-04
1.61952967e-01 5.65641741e-04 5.76266060e-04
1.62360705e-01 7.50746569e-04 5.71305363e-04
1.62768441e-01 9.12468952e-04 5.68451776e-04
1.63176176e-01 -5.37621515e-04 5.60681273e-04
1.63583910e-01 -4.91429297e-04 5.57780898e-04
1.63991641e-01 1.80844965e-04 5.71976124e-04
1.64399372e-01 -5.92076547e-04 5.60959396e-04
1.64807100e-01 6.62209469e-04 5.72490294e-04
1.65214827e-01 -5.72262992e-04 5.62455410e-04
1.65622553e-01 7.07213346e-04 5.48447586e-04
1.66030277e-01 3.88984401e-04 5.72728738e-04
1.66437999e-01 -3.65173165e-04 5.55576955e-04
1.66845720e-01 5.16875042e-04 5.70926844e-04
1.67253439e-01 -3.10346394e-05 5.64396778e-04
1.67661157e-01 8.52751621e-04 5.53426808e-04
1.68068873e-01 2.01810180e-04 5.56866553e-04
1.68476588e-01 8.39638793e-04 5.62036787e-04
1.68884301e-01 1.38914906e-04 5.60206664e-04
1.69292012e-01 1.83242877e-04 5.64806077e-04
1.69699721e-01 2.27654333e-05 5.45082872e-04
1.70107430e-01 5.32323113e-04 5.50956926e-04
1.70515136e-01 6.42645137e-04 5.33320629e-04
1.70922841e-01 -5.11754278e-04 5.45909250e-04
1.71330544e-01 -8.88792828e-04 5.25297952e-04
1.71738246e-01 5.69257037e-04 5.34212346e-04
1.72145946e-01 6.72540849e-04 5.48802925e-04
1.72553644e-01 5.92271893e-04 5.47919766e-04
1.72961341e-01 2.18456625e-04 5.46314328e-04
1.73369036e-01 1.05941906e-03 5.48026255e-04
1.73776729e-01 1.08855499e-04 5.41011168e-04
1.74184421e-01 8.97855267e-04 5.48087515e-04
1.74592111e-01 8.69802513e-05 5.52951275e-04
1.74999799e-01 4.90599241e-04 5.40469540e-04
1.75407486e-01 2.84681191e-05 5.52304609e-04
1.75815171e-01 4.41206618e-04 5.43574709e-04
1.76222855e-01 -9.85502418e-05 5.47195898e-04
1.76630537e-01 1.94591002e-04 5.40089376e-04
1.77038217e-01 -4.09592308e-04 5.34976270e-04
1.77445895e-01 -8.03005136e-05 5.28932535e-04
1.77853572e-01 8.29448828e-04 5.41423577e-04
1.78261247e-01 -1.48014660e-05 5.40815769e-04
1.78668921e-01 1.14009056e-03 5.25054423e-04
1.79076592e-01 -5.34537419e-04 5.20903220e-04
1.79484262e-01 1.36668737e-04 5.26656285e-04
1.79891931e-01 3.06936977e-04 5.33612273e-04
1.80299597e-01 1.43539990e-04 5.26047895e-04
1.80707262e-01 3.81979264e-04 5.26816025e-04
1.81114925e-01 5.07543984e-05 5.20981642e-04
1.81522587e-01 5.26908751e-04 5.31259504e-04
1.81930247e-01 7.66710158e-04 5.26353824e-04
1.82337905e-01 1.66570035e-04 5.20491774e-04
1.82745561e-01 -2.99074518e-04 5.27230163e-04
1.83153215e-01 3.94522708e-04 5.23646150e-04
1.83560868e-01 -4.03218529e-04 5.25469038e-04
1.83968519e-01 7.92059413e-04 5.35000111e-04
1.84376169e-01 -4.56008318e-04 5.09481948e-04
1.84783816e-01 4.54854911e-04 5.30558539e-04
1.85191462e-01 4.55156757e-04 5.25604455e-04
1.85599106e-01 5.09964877e-04 5.21310738e-04
1.86006749e-01 4.85687213e-04 5.15363845e-04
1.86414389e-01 -4.96224899e-04 5.11690989e-04
1.86822028e-01 2.34977046e-04 5.20331866e-04
1.87229665e-01 5.05093554e-04 5.17786272e-04
1.87637300e-01 -4.67744215e-04 5.14872255e-04
1.88044934e-01 -1.33552369e-04 5.00038102e-04
1.88452566e-01 7.33751716e-04 5.15302563e-04
1.88860195e-01 6.91730417e-04 5.15739379e-04
1.89267824e-01 -2.97402622e-04 5.00117489e-04
1.89675450e-01 5.82641626e-04 5.19432486e-04
1.90083074e-01 -2.71470112e-04 4.98885719e-04
1.90490697e-01 6.29231080e-05 5.01736083e-04
1.90898318e-01 1.07567015e-03 5.13253798e-04
1.91305937e-01 -5.14237279e-04 4.91320544e-04
1.91713555e-01 1.61419119e-03 5.16270033e-04
1.92121170e-01 3.58907372e-04 4.92473854e-04
1.92528784e-01 -7.32356489e-04 5.14496531e-04
1.92936396e-01 1.11650486e-03 5.13899807e-04
1.93344006e-01 6.04307536e-04 5.05262141e-04
1.93751614e-01 4.47913551e-04 5.16488292e-04
1.94159220e-01 1.23203825e-04 4.97031550e-04
1.94566825e-01 -6.48398910e-05 5.02481088e-04
1.94974427e-01 2.89507632e-04 5.17759159e-04
1.95382028e-01 3.13856922e-04 4.99046966e-04
1.95789627e-01 3.12144343e-04 4.99094338e-04
1.96197224e-01 1.05854291e-04 4.98454765e-04
1.96604820e-01 -9.76350452e-04 5.04025083e-04
1.97012413e-01 -6.30590451e-04 4.95814326e-04
1.97420005e-01 1.21342993e-04 4.97328196e-04
1.97827594e-01 3.68140387e-05 4.98848770e-04
1.98235182e-01 -4.15687413e-04 5.16319930e-04
1.98642768e-01 -2.19189032e-04 5.03165474e-04
1.99050352e-01 1.00987172e-03 5.19198326e-04
1.99457934e-01 -2.02830169e-04 5.11327831e-04
1.99865514e-01 7.53710733e-04 5.07218870e-04
2.00273093e-01 1.69536224e-04 5.09665793e-04
2.00680669e-01 1.23370527e-03 5.07531515e-04
2.01088244e-01 -1.62472384e-05 5.05415955e-04
2.01495816e-01 3.30550169e-04 5.07801262e-04
2.01903387e-01 6.42006893e-04 5.19966339e-04
2.02310956e-01 -7.70233327e-04 5.07147440e-04
2.02718523e-01 -8.05965345e-04 5.13165945e-04
2.03126088e-01 -9.36956588e-04 5.23249244e-04
2.03533651e-01 8.82442578e-04 5.17220597e-04
2.03941212e-01 2.50057383e-04 5.01853552e-04
2.04348771e-01 4.72232457e-04 5.05421025e-04
2.04756329e-01 -1.14599361e-04 4.97784380e-04
2.05163884e-01 6.80449696e-04 5.05173354e-04
2.05571438e-01 -3.25819070e-04 4.90786040e-04
2.05978989e-01 6.06462593e-04 4.92059342e-04
2.06386539e-01 3.90288900e-04 4.97106038e-04
2.06794086e-01 5.25987394e-04 5.03169649e-04
2.07201632e-01 -5.20456091e-05 5.04534690e-04
2.07609175e-01 7.34459414e-04 4.89183913e-04
2.08016717e-01 2.22337718e-04 4.92703830e-04
2.08424257e-01 -1.55863656e-04 4.98815291e-04
2.08831794e-01 -4.87233573e-04 4.84977251e-04
2.09239330e-01 -5.69724894e-04 4.77898424e-04
2.09646864e-01 -5.06183800e-04 4.83947705e-04
2.10054396e-01 3.75687892e-04 4.83983334e-04
2.10461925e-01 9.20588165e-04 4.93232271e-04
2.10869453e-01 1.53544606e-05 4.94843325e-04
2.11276979e-01 -4.78599707e-05 4.77696131e-04
2.11684503e-01 -1.54250606e-04 4.91502969e-04
2.12092025e-01 -5.02750155e-05 4.76985886e-04
2.12499544e-01 3.32887797e-04 4.81055364e-04
2.12907062e-01 1.13236620e-03 4.77015482e-04
2.13314578e-01 1.85693023e-04 4.79913776e-04
2.13722092e-01 -4.30254617e-05 4.79913591e-04
2.14129603e-01 4.17879712e-04 4.73959481e-04
2.14537113e-01 4.59392689e-04 4.78860746e-04
2.14944621e-01 5.48866472e-04 4.74674309e-04
2.15352126e-01 3.22349548e-04 4.68172932e-04
2.15759630e-01 8.87719339e-04 4.73007230e-04
2.16167131e-01 -4.01864513e-05 4.84705998e-04
2.16574631e-01 4.32830902e-04 4.73796495e-04
2.16982128e-01 7.32657165e-04 4.76957597e-04
2.17389624e-01 -5.92342325e-04 4.66670910e-04
2.17797117e-01 3.62863384e-05 4.78400457e-04
2.18204608e-01 1.05385495e-04 4.74049080e-04
2.18612098e-01 -4.12971891e-04 4.56866199e-04
2.19019585e-01 8.15250602e-04 4.66740574e-04
2.19427070e-01 -4.57597063e-05 4.66886209e-04
2.19834553e-01 3.52286467e-04 4.57501424e-04
2.20242034e-01 6.86526449e-04 4.76519037e-04
2.20649512e-01 -4.24929906e-04 4.60664332e-04
2.21056989e-01 8.97221219e-04 4.69568972e-04
2.21464464e-01 -3.77050636e-05 4.64574336e-04
2.21871936e-01 3.36567327e-05 4.63739340e-04
2.22279407e-01 1.94096931e-04 4.53415186e-04
2.22686875e-01 8.82039653e-04 4.53274032e-04
2.23094341e-01 -5.96598906e-04 4.59467731e-04
2.23501805e-01 -4.65831900e-04 4.65498306e-04
2.23909267e-01 -6.29902300e-05 4.61230964e-04
2.24316727e-01 -2.45793947e-04 4.60074068e-04
2.24724185e-01 -1.09236683e-04 4.60857976e-04
2.25131641e-01 2.11777718e-04 4.56819502e-04
2.25539094e-01 4.05074084e-04 4.63766314e-04
2.25946545e-01 -2.37500074e-04 4.52001935e-04
2.26353995e-01 -5.02784273e-05 4.54316853e-04
2.26761442e-01 -6.44833958e-04 4.50549373e-04
2.27168887e-01 7.06411711e-05 4.50974129e-04
2.27576329e-01 -8.11658681e-05 4.63193571e-04
2.27983770e-01 1.67635422e-04 4.52870825e-04
2.28391208e-01 2.96484649e-04 4.47602975e-04
2.28798645e-01 -2.83437863e-04 4.52908858e-04
2.29206079e-01 3.46315519e-04 4.59075461e-04
2.29613511e-01 6.92773110e-04 4.61504750e-04
2.30020941e-01 -3.16455795e-04 4.61626906e-04
2.30428368e-01 2.29235341e-04 4.67537586e-04
2.30835794e-01 -4.58467227e-04 4.59399881e-04
2.31243217e-01 -4.18878226e-04 4.66255595e-04
2.31650638e-01 -2.30290246e-04 4.71003552e-04
2.32058057e-01 4.05378616e-04 4.63280232e-04
2.32465473e-01 -2.49169117e-04 4.60789653e-04
2.32872888e-01 1.22632568e-03 4.74359217e-04
2.33280300e-01 1.01316293e-03 4.72636447e-04
2.33687710e-01 1.85013562e-04 4.65350590e-04
2.34095118e-01 2.35545264e-04 4.70608243e-04
2.34502524e-01 1.80637228e-06 4.53912880e-04
2.34909927e-01 -1.67428514e-04 4.65567620e-04
2.35317328e-01 8.64339392e-04 4.64349987e-04
2.35724727e-01 5.30921792e-04 4.61432548e-04
2.36132124e-01 -6.71357820e-06 4.54474041e-04
2.36539518e-01 -4.06918426e-04 4.51032549e-04
2.36946911e-01 9.51855872e-06 4.47817781e-04
2.37354301e-01 4.07749501e-04 4.54970340e-04
2.37761688e-01 -2.70190625e-04 4.55837767e-04
2.38169074e-01 7.43590526e-04 4.49238389e-04
2.38576457e-01 4.35859926e-05 4.39688461e-04
2.38983838e-01 2.22513000e-04 4.46179147e-04
2.39391217e-01 4.46757927e-05 4.51197984e-04
2.39798593e-01 5.03688370e-04 4.44081235e-04
2.40205967e-01 -9.56634152e-05 4.44008607e-04
2.40613339e-01 7.13107316e-04 4.50291784e-04
2.41020709e-01 5.70494294e-05 4.40411464e-04
2.41428076e-01 1.06069486e-03 4.48641277e-04
2.41835441e-01 1.31317799e-04 4.45645372e-04
2.42242804e-01 6.44489892e-04 4.52535597e-04
2.42650165e-01 2.20911808e-04 4.48510716e-04
2.43057523e-01 5.10233732e-05 4.30742819e-04
2.43464879e-01 4.89327093e-05 4.37950027e-04
2.43872232e-01 -8.23262800e-04 4.30401720e-04
2.44279584e-01 3.38027903e-04 4.43730707e-04
2.44686933e-01 2.96191480e-04 4.37294822e-04
2.45094279e-01 4.23265777e-04 4.35631139e-04
2.45501624e-01 1.62527273e-04 4.37089182e-04
2.45908966e-01 -3.08230919e-04 4.36984303e-04
2.46316305e-01 -2.31126869e-04 4.31045668e-04
2.46723643e-01 1.18627630e-03 4.34489545e-04
2.47130978e-01 -4.14490145e-04 4.27063725e-04
2.47538310e-01 -3.44022516e-04 4.29916426e-04
2.47945641e-01 -6.62749957e-04 4.31544951e-04
2.48352969e-01 -8.41502424e-05 4.29567653e-04
2.48760294e-01 3.78228589e-04 4.29951641e-04
2.49167618e-01 7.16676584e-04 4.32427627e-04
2.49574939e-01 1.48854831e-03 4.38877558e-04
2.49982257e-01 4.68082571e-04 4.32634785e-04
2.50389573e-01 -3.06624279e-04 4.20763438e-04
2.50796887e-01 2.33471132e-04 4.25713331e-04
2.51204199e-01 3.10070223e-04 4.28448718e-04
2.51611508e-01 5.67291279e-04 4.28984710e-04
2.52018815e-01 -2.24899426e-04 4.29511201e-04
2.52426119e-01 4.47003455e-04 4.29505567e-04
2.52833421e-01 7.00408184e-04 4.33430953e-04
2.53240720e-01 6.89692936e-04 4.29676646e-04
2.53648017e-01 -7.32826222e-05 4.21023687e-04
2.54055312e-01 8.68234135e-04 4.19478173e-04
2.54462605e-01 9.97859104e-04 4.22489528e-04
2.54869894e-01 3.98524294e-04 4.18610383e-04
2.55277182e-01 3.77220327e-04 4.23917733e-04
2.55684467e-01 -6.26311539e-05 4.23376948e-04
2.56091750e-01 7.05031619e-06 4.22553873e-04
2.56499030e-01 -5.15039297e-05 4.20438245e-04
2.56906308e-01 4.46275288e-05 4.24423756e-04
2.57313583e-01 3.84087375e-04 4.29613329e-04
2.57720856e-01 7.39326616e-04 4.26643316e-04
2.58128127e-01 4.86065897e-05 4.19237371e-04
2.58535395e-01 6.04763148e-04 4.19347640e-04
2.58942661e-01 5.96327704e-04 4.15495868e-04
2.59349924e-01 -1.71451460e-05 4.20768289e-04
2.59757184e-01 -1.84627720e-04 4.20247883e-04
2.60164443e-01 8.42164039e-05 4.23169351e-04
2.60571699e-01 2.61005179e-04 4.22155237e-04
2.60978952e-01 6.19777836e-04 4.19072262e-04
2.61386203e-01 2.78934738e-04 4.20895798e-04
2.61793451e-01 1.84647022e-04 4.17943504e-04
2.62200697e-01 -2.55127933e-04 4.15568358e-04
2.62607941e-01 1.24403147e-03 4.22275205e-04
2.63015182e-01 1.17281840e-03 4.20614141e-04
2.63422420e-01 -7.97135821e-05 4.10725565e-04
2.63829656e-01 -4.44779468e-04 4.09817631e-04
2.64236890e-01 -1.03605009e-03 4.09626985e-04
2.64644121e-01 4.09156252e-05 4.16695568e-04
2.65051349e-01 -3.79000316e-04 4.12202154e-04
2.65458575e-01 2.85718909e-04 4.21856705e-04
2.65865799e-01 -3.52740365e-05 4.09054752e-04
2.66273019e-01 6.29651005e-04 4.10127441e-04
2.66680238e-01 3.72321003e-04 4.12485170e-04
2.67087454e-01 1.09444554e-04 4.03915738e-04
2.67494667e-01 1.75210019e-04 4.15772473e-04
2.67901878e-01 3.44413237e-04 4.06679156e-04
2.68309086e-01 6.02211746e-04 4.11501379e-04
2.68716292e-01 1.03276638e-03 4.11011695e-04
2.69123495e-01 5.07738635e-04 4.16255061e-04
2.69530696e-01 -1.90157144e-04 4.01961141e-04
2.69937894e-01 5.15237567e-04 4.03606257e-04
2.70345090e-01 -4.24665078e-04 3.98485662e-04
2.70752283e-01 3.87271250e-04 4.01952376e-04
2.71159473e-01 -2.12991322e-05 4.07609331e-04
2.71566661e-01 8.00395969e-04 4.10308986e-04
2.71973847e-01 -1.23390748e-04 4.10060660e-04
2.72381030e-01 1.01650195e-04 4.07453707e-04
2.72788210e-01 -6.16638247e-05 3.98458457e-04
2.73195387e-01 2.25395636e-04 4.05438080e-04
2.73602562e-01 8.39336510e-05 3.99386944e-04
2.74009735e-01 -4.15978136e-04 4.01420565e-04
2.74416905e-01 -4.27130622e-04 4.02086383e-04
2.74824072e-01 -5.22354861e-04 3.97450401e-04
2.75231237e-01 7.20419887e-05 4.00614814e-04
2.75638399e-01 1.74002855e-04 3.98139080e-04
2.76045558e-01 5.01508769e-04 3.97231572e-04
2.76452715e-01 -5.53114851e-05 4.02624747e-04
2.76859869e-01 1.73995070e-04 3.94664861e-04
2.77267021e-01 2.25272553e-04 4.01478245e-04
2.77674170e-01 2.27285535e-04 3.99491482e-04
2.78081316e-01 1.62309411e-04 3.98074591e-04
2.78488460e-01 6.21647339e-04 4.05983005e-04
2.78895601e-01 2.32801864e-04 3.96793882e-04
2.79302740e-01 -6.65398711e-04 3.90761974e-04
2.79709875e-01 -5.25426501e-04 3.87263428e-04
2.80117009e-01 8.99953091e-06 3.93209208e-04
2.80524139e-01 2.31270344e-04 3.92535462e-04
2.80931267e-01 -6.21503546e-04 3.88623041e-04
2.81338392e-01 2.59396859e-04 3.90831820e-04
2.81745515e-01 -3.99924090e-04 3.92377085e-04
2.82152635e-01 5.26514136e-04 3.99438206e-04
2.82559752e-01 4.35193317e-04 3.93204592e-04
2.82966866e-01 3.02213221e-04 3.94712625e-04
2.83373978e-01 5.66788267e-04 3.86884319e-04
2.83781088e-01 2.74220079e-04 3.96557701e-04
2.84188194e-01 7.88351510e-04 3.91127082e-04
2.84595298e-01 2.22265120e-06 3.94153086e-04
2.85002399e-01 4.16785036e-04 3.96124716e-04
2.85409497e-01 -3.69459739e-04 3.91627748e-04
2.85816593e-01 -2.21745790e-04 3.96524987e-04
2.86223686e-01 9.92769420e-05 3.94620849e-04
2.86630777e-01 -2.98381363e-04 3.88060251e-04
2.87037864e-01 -8.04910960e-04 3.89270528e-04
2.87444949e-01 -3.25880351e-05 4.01159596e-04
2.87852031e-01 6.51818058e-04 3.93383575e-04
2.88259111e-01 3.36086492e-04 4.08356374e-04
2.88666188e-01 2.86261063e-04 3.97388230e-04
2.89073262e-01 1.37875128e-04 4.02807812e-04
2.89480333e-01 8.04491164e-04 4.00865788e-04
2.89887401e-01 -4.13425946e-05 3.98484038e-04
2.90294467e-01 -3.75109651e-04 4.00523523e-04
2.90701530e-01 -1.62962064e-04 4.02261805e-04
2.91108591e-01 -7.22047875e-05 3.89720525e-04
2.91515648e-01 -1.56676484e-04 3.95059960e-04
2.91922703e-01 -4.12019590e-05 3.86753761e-04
2.92329755e-01 5.85504036e-04 3.85886058e-04
2.92736804e-01 -4.37458157e-04 3.89817086e-04
2.93143851e-01 5.44450890e-04 3.95926582e-04
2.93550895e-01 1.61428090e-04 3.95387546e-04
2.93957936e-01 -3.99485278e-04 3.98112435e-04
2.94364974e-01 -3.81021253e-04 3.86662641e-04
2.94772009e-01 6.79593511e-05 3.90668728e-04
2.95179042e-01 8.13858995e-05 3.92485436e-04
2.95586072e-01 5.47542095e-05 3.93325537e-04
2.95993099e-01 -1.07131011e-04 3.94026784e-04
2.96400123e-01 8.58248263e-05 3.96281564e-04
2.96807145e-01 8.89538032e-05 3.91997690e-04
2.97214163e-01 -1.42649206e-04 3.95200818e-04
2.97621179e-01 9.35133856e-05 3.91468568e-04
2.98028192e-01 3.70304971e-05 3.89191092e-04
2.98435202e-01 1.92855555e-04 3.94655259e-04
2.98842210e-01 3.74863945e-04 3.95709530e-04
2.99249214e-01 1.38729974e-04 3.90533943e-04
2.99656216e-01 3.45633642e-05 3.90396932e-04
3.00063215e-01 -4.91535661e-04 3.88446189e-04
3.00470211e-01 7.45640241e-05 3.90286560e-04
3.00877204e-01 8.11482198e-04 3.96809921e-04
3.01284194e-01 4.53050641e-04 4.00896286e-04
3.01691182e-01 5.90339931e-04 3.89491000e-04
3.02098167e-01 2.29272511e-04 3.88358788e-04
3.02505149e-01 -8.02154274e-06 3.89996450e-04
3.02912128e-01 5.92807489e-05 3.95229104e-04
3.03319104e-01 4.69710943e-04 3.94435107e-04
3.03726077e-01 2.57540786e-05 3.92705740e-04
3.04133047e-01 5.92873007e-05 3.86606192e-04
3.04540015e-01 -6.27945126e-06 3.91590530e-04
3.04946979e-01 3.17333725e-04 3.91526689e-04
3.05353941e-01 1.38422689e-04 3.82783894e-04
3.05760900e-01 -3.05449300e-04 3.86218562e-04
3.06167856e-01 -1.54297371e-05 3.87065058e-04
3.06574809e-01 -5.47947182e-05 3.92261057e-04
3.06981759e-01 5.83256666e-04 3.94770789e-04
3.07388706e-01 -3.62791466e-04 3.96599692e-04
3.07795651e-01 -4.95270481e-04 3.86585527e-04
3.08202592e-01 4.18145391e-05 3.97775212e-04
3.08609531e-01 6.11582080e-04 3.94358845e-04
3.09016466e-01 4.99206432e-04 3.93139606e-04
3.09423399e-01 4.03102585e-04 4.00129451e-04
3.09830329e-01 5.36292036e-04 4.00438534e-04
3.10237256e-01 6.07007682e-04 4.02499005e-04
3.10644180e-01 -1.20904400e-04 3.96638244e-04
3.11051101e-01 2.79762130e-05 4.06411521e-04
3.11458019e-01 -2.88584320e-04 4.04991102e-04
3.11864934e-01 4.38989479e-04 4.07049811e-04
3.12271846e-01 -1.18586200e-04 4.02847809e-04
3.12678755e-01 -4.20054314e-04 4.08012208e-04
3.13085661e-01 2.62395353e-04 4.05629274e-04
3.13492565e-01 1.58915901e-04 4.03239788e-04
3.13899465e-01 2.50493178e-04 4.06462129e-04
3.14306362e-01 -7.33773019e-05 4.02276254e-04
3.14713257e-01 2.43730528e-04 4.06631813e-04
3.15120148e-01 5.66606474e-04 4.18122102e-04
3.15527037e-01 -1.25853659e-05 4.12259013e-04
3.15933922e-01 1.48251355e-04 4.18852061e-04
3.16340805e-01 -2.52042376e-04 4.42864925e-04
3.16747684e-01 -3.27173924e-04 4.89208799e-04
3.17154561e-01 6.94236913e-04 5.12272318e-04
3.17561434e-01 -3.29630465e-04 5.34055697e-04
3.17968305e-01 1.35461859e-04 5.86376359e-04
3.18375172e-01 -2.22347692e-04 6.18559977e-04
3.18782037e-01 -3.42328641e-04 6.15880542e-04
3.19188898e-01 -3.55621924e-04 6.31912443e-04
3.19595757e-01 -5.05817554e-04 6.80835460e-04
3.20002612e-01 -2.02632913e-04 7.16296915e-04
3.20409465e-01 3.93602365e-04 7.79648183e-04
3.20816314e-01 8.41767441e-05 8.28696968e-04
3.21223160e-01 -5.05529100e-04 9.61101279e-04
3.21630004e-01 4.06111096e-04 1.06056089e-03
3.22036844e-01 -1.21540944e-03 1.33290315e-03
3.22443681e-01 4.11813468e-05 1.91050045e-03
3.22850516e-01 3.21619316e-03 4.95634021e-03
