4.08043586e-03 -1.08387406e-01 2.76692259e-02
4.48847930e-03 -7.96718340e-02 2.68590273e-02
4.89652269e-03 -5.46881689e-02 2.05216340e-02
5.30456604e-03 -3.50905072e-02 1.52080909e-02
5.71260934e-03 -3.63119936e-02 1.20197004e-02
6.12065258e-03 -3.97477098e-02 9.32289600e-03
6.52869577e-03 -2.51751965e-02 7.36626570e-03
6.93673889e-03 -2.66350681e-02 6.36674519e-03
7.34478195e-03 -1.19540936e-02 5.75318005e-03
7.75282494e-03 -1.30316399e-02 5.39378924e-03
8.16086785e-03 -1.22190089e-02 4.90846403e-03
8.56891069e-03 -9.43925730e-03 4.13420743e-03
8.97695345e-03 -1.04498537e-02 3.90169726e-03
9.38499612e-03 -7.15604168e-03 3.80420910e-03
9.79303870e-03 -1.53540316e-03 3.45413431e-03
1.02010812e-02 -5.79057605e-03 3.24609544e-03
1.06091236e-02 -3.03606658e-03 3.06417115e-03
1.10171659e-02 -1.62201839e-03 2.93833958e-03
1.14252081e-02 -1.63035173e-03 3.22848622e-03
1.18332501e-02 1.58433717e-03 2.77659816e-03
1.22412921e-02 -3.41512813e-03 2.83910834e-03
1.26493339e-02 -8.53421272e-04 2.64857829e-03
1.30573757e-02 -4.75009706e-04 2.54750309e-03
1.34654173e-02 2.42080087e-03 2.48007067e-03
1.38734588e-02 1.47491483e-04 2.41559968e-03
1.42815001e-02 3.73381760e-03 2.39603668e-03
1.46895413e-02 -5.51786276e-04 2.20872954e-03
1.50975824e-02 5.32202926e-04 2.17221573e-03
1.55056233e-02 7.08760557e-04 2.26149077e-03
1.59136641e-02 3.75334338e-03 2.06727958e-03
1.63217047e-02 5.92658367e-03 1.98837636e-03
1.67297452e-02 -5.59050404e-04 1.97332935e-03
1.71377855e-02 2.39849897e-03 2.01194418e-03
1.75458257e-02 3.31093834e-04 1.92433292e-03
1.79538657e-02 2.94106556e-03 1.97829829e-03
1.83619055e-02 5.98807764e-04 1.94862398e-03
1.87699451e-02 2.53243364e-04 1.76820542e-03
1.91779846e-02 2.31676737e-04 1.92121709e-03
1.95860239e-02 -1.30951105e-03 1.93918150e-03
1.99940630e-02 5.91087967e-04 1.92109316e-03
2.04021019e-02 -4.30666236e-04 2.00682942e-03
2.08101406e-02 -4.16481924e-04 1.86456487e-03
2.12181791e-02 -1.83029608e-04 1.73085341e-03
2.16262174e-02 9.38963698e-04 1.78179886e-03
2.20342555e-02 5.17357092e-04 1.85110009e-03
2.24422934e-02 -7.83200599e-04 1.77694012e-03
2.28503311e-02 1.44809681e-03 1.84164976e-03
2.32583686e-02 1.74246584e-03 1.77133873e-03
2.36664058e-02 2.47562293e-03 1.62649627e-03
2.40744429e-02 -1.38061606e-03 1.53688902e-03
2.44824797e-02 4.66557734e-04 1.62891630e-03
2.48905162e-02 2.39926588e-03 1.66184719e-03
2.52985525e-02 -1.83865811e-03 1.58222712e-03
2.57065886e-02 2.20680949e-03 1.76305498e-03
2.61146245e-02 1.25141549e-03 1.67076942e-03
2.65226601e-02 -7.92595267e-04 1.65850700e-03
2.69306954e-02 -1.20933978e-03 1.56389906e-03
2.73387305e-02 3.67794818e-04 1.69325472e-03
2.77467653e-02 1.18735940e-03 1.65282039e-03
2.81547999e-02 2.64234453e-03 1.73001022e-03
2.85628342e-02 2.42332680e-03 1.62791717e-03
2.89708682e-02 -4.67836771e-04 1.66778137e-03
2.93789020e-02 -3.14415482e-03 1.71101204e-03
2.97869355e-02 -2.16034810e-03 1.56656579e-03
3.01949687e-02 9.52995173e-04 1.76244218e-03
3.06030016e-02 -8.31128030e-04 1.57658277e-03
3.10110342e-02 8.12105584e-05 1.63705208e-03
3.14190665e-02 6.31504901e-04 1.60716843e-03
3.18270985e-02 -1.35615854e-03 1.50173614e-03
3.22351302e-02 -2.01035345e-03 1.49124088e-03
3.26431617e-02 -1.44234062e-05 1.43313024e-03
3.30511928e-02 -2.71971872e-04 1.48616174e-03
3.34592236e-02 -2.29302476e-05 1.42810976e-03
3.38672540e-02 -6.92470250e-04 1.40838915e-03
3.42752842e-02 -2.53955608e-03 1.38185420e-03
3.46833140e-02 1.06953623e-03 1.41823206e-03
3.50913435e-02 4.36447330e-04 1.39489989e-03
3.54993727e-02 2.68850349e-04 1.37220955e-03
3.59074015e-02 -8.70569606e-04 1.33160606e-03
3.63154300e-02 -5.07039792e-04 1.38159652e-03
3.67234581e-02 -5.92292268e-04 1.33876971e-03
3.71314859e-02 -3.81808155e-03 1.31495099e-03
3.75395134e-02 2.15298034e-03 1.38212236e-03
3.79475405e-02 -1.79321138e-03 1.34187531e-03
3.83555672e-02 -6.16606034e-04 1.28003782e-03
3.87635935e-02 -1.09447898e-03 1.34339939e-03
3.91716195e-02 4.00625634e-04 1.28873638e-03
3.95796452e-02 1.60841330e-03 1.27532365e-03
3.99876704e-02 -7.07207338e-05 1.27354121e-03
4.03956953e-02 -1.87404887e-04 1.35185361e-03
4.08037198e-02 -1.13128416e-05 1.22582115e-03
4.12117439e-02 2.99969498e-04 1.26165967e-03
4.16197676e-02 -4.32381886e-04 1.27272207e-03
4.20277909e-02 7.71873631e-04 1.28432973e-03
4.24358138e-02 -8.24327026e-04 1.17150944e-03
4.28438363e-02 -6.84657415e-04 1.21745543e-03
4.32518584e-02 1.66571469e-04 1.25722248e-03
4.36598801e-02 3.87248936e-04 1.24168550e-03
4.40679014e-02 -3.56376318e-04 1.20249779e-03
4.44759222e-02 2.23512137e-03 1.27704505e-03
4.48839427e-02 1.08393606e-03 1.23309086e-03
4.52919627e-02 9.29497973e-04 1.19501685e-03
4.56999823e-02 -2.07892412e-04 1.23107703e-03
4.61080014e-02 -9.88598076e-04 1.17855662e-03
4.65160201e-02 -1.04465430e-03 1.16222155e-03
4.69240384e-02 -1.51069617e-04 1.17867080e-03
4.73320562e-02 1.61652276e-04 1.14193241e-03
4.77400736e-02 -1.24763254e-03 1.16749121e-03
4.81480905e-02 1.09390863e-03 1.17138353e-03
4.85561070e-02 -8.44638602e-04 1.14470946e-03
4.89641230e-02 -1.25271454e-04 1.14542752e-03
4.93721385e-02 -1.65280313e-03 1.10037846e-03
4.97801536e-02 1.90091086e-03 1.17834143e-03
5.01881682e-02 -2.69726107e-04 1.17741678e-03
5.05961823e-02 -2.89973392e-04 1.19901280e-03
5.10041960e-02 -4.65539729e-04 1.14146736e-03
5.14122091e-02 -1.52234679e-04 1.13282776e-03
5.18202218e-02 4.77340138e-04 1.09284593e-03
5.22282340e-02 9.36513678e-04 1.13675840e-03
5.26362457e-02 2.39417343e-03 1.11032183e-03
5.30442569e-02 1.69692333e-03 1.11298464e-03
5.34522675e-02 -6.11326591e-04 1.08589590e-03
5.38602777e-02 2.06395039e-03 1.13185498e-03
5.42682874e-02 6.87597028e-05 1.13587627e-03
5.46762965e-02 -1.16121112e-03 1.08901817e-03
5.50843052e-02 -7.10175536e-04 1.07057803e-03
5.54923133e-02 7.32327098e-04 1.13713587e-03
5.59003208e-02 1.43817383e-03 1.07828642e-03
5.63083279e-02 3.43919048e-04 1.15129470e-03
5.67163344e-02 1.42487886e-03 1.13272986e-03
5.71243404e-02 1.26354156e-03 1.13137895e-03
5.75323458e-02 -3.80100567e-04 1.06330484e-03
5.79403507e-02 1.61600781e-03 1.10858842e-03
5.83483551e-02 2.75869256e-05 1.07070587e-03
5.87563588e-02 -1.99461219e-04 1.13771831e-03
5.91643621e-02 -8.09080104e-04 1.08343530e-03
5.95723647e-02 5.87334126e-04 1.12058605e-03
5.99803668e-02 1.83567660e-03 1.10592949e-03
6.03883684e-02 6.18963129e-05 1.08036084e-03
6.07963693e-02 1.02889772e-03 1.15209587e-03
6.12043697e-02 2.84052115e-04 1.07376332e-03
6.16123695e-02 -2.12328089e-03 1.08035169e-03
6.20203687e-02 9.82808087e-04 1.13259590e-03
6.24283674e-02 2.61955166e-04 1.11317359e-03
6.28363654e-02 1.03223211e-03 1.06537837e-03
6.32443629e-02 8.14774974e-05 1.02911746e-03
6.36523597e-02 1.51438953e-03 1.06939562e-03
6.40603559e-02 1.34279709e-04 1.00741289e-03
6.44683516e-02 1.62865056e-03 1.03731578e-03
6.48763466e-02 3.37125509e-04 1.02127113e-03
6.52843410e-02 6.80902568e-04 1.05064955e-03
6.56923348e-02 -3.37797264e-04 1.04595149e-03
6.61003279e-02 2.67695239e-04 9.94503997e-04
6.65083205e-02 7.46635517e-04 9.90348674e-04
6.69163124e-02 7.54399164e-04 1.06816793e-03
6.73243036e-02 -4.04635551e-04 9.86691987e-04
6.77322943e-02 8.72320432e-04 1.00058743e-03
6.81402842e-02 4.10565346e-04 9.89809860e-04
6.85482736e-02 2.33976203e-03 9.77434744e-04
6.89562623e-02 3.93356696e-04 9.59187259e-04
6.93642503e-02 -1.01117637e-03 9.91421821e-04
6.97722377e-02 -1.03027064e-03 9.94649313e-04
7.01802244e-02 5.75254969e-04 9.76829507e-04
7.05882105e-02 -7.70966658e-04 9.57953376e-04
7.09961958e-02 -1.26415372e-04 9.32736902e-04
7.14041805e-02 2.31626231e-05 9.51691582e-04
7.18121646e-02 1.99245648e-03 9.75236597e-04
7.22201479e-02 5.27932162e-04 9.41385867e-04
7.26281306e-02 -4.68519808e-04 9.29480190e-04
7.30361126e-02 2.23799103e-03 9.30105379e-04
7.34440938e-02 -3.72267175e-04 9.51846264e-04
7.38520744e-02 -1.32432298e-03 9.13359509e-04
7.42600543e-02 -4.40499805e-04 9.12557159e-04
7.46680335e-02 8.16724541e-04 9.59221573e-04
7.50760119e-02 7.19281522e-04 9.44575609e-04
7.54839897e-02 6.41931802e-04 9.25848591e-04
7.58919667e-02 -1.47618664e-03 8.97818442e-04
7.62999431e-02 2.11010305e-03 9.39424437e-04
7.67079187e-02 1.68024623e-03 9.02884263e-04
7.71158935e-02 -9.44672336e-04 8.89992889e-04
7.75238677e-02 -1.27918097e-04 8.95362859e-04
7.79318411e-02 -7.68161047e-04 9.17863174e-04
7.83398137e-02 -4.65482995e-04 9.00655739e-04
7.87477857e-02 -8.34693289e-04 9.07227859e-04
7.91557568e-02 -1.17802531e-03 8.99860010e-04
7.95637273e-02 2.09163082e-04 8.78096729e-04
7.99716969e-02 2.14472089e-04 8.71192974e-04
8.03796658e-02 1.23444157e-03 8.82798962e-04
8.07876340e-02 5.82175088e-04 9.10183139e-04
8.11956014e-02 -1.04619079e-06 8.62226048e-04
8.16035680e-02 3.89206766e-04 8.42728224e-04
8.20115338e-02 -7.20607576e-04 8.28661302e-04
8.24194989e-02 3.05603854e-04 8.83466107e-04
8.28274631e-02 -3.11034658e-04 8.70965810e-04
8.32354266e-02 4.47286314e-04 8.33025089e-04
8.36433893e-02 3.82180663e-04 8.43680530e-04
8.40513512e-02 1.30486743e-03 8.50660595e-04
8.44593123e-02 1.15456416e-04 8.48943023e-04
8.48672727e-02 -1.38595973e-03 8.08280191e-04
8.52752322e-02 -4.07960557e-04 8.42839052e-04
8.56831909e-02 9.10955936e-04 8.41674173e-04
8.60911487e-02 -8.72605723e-04 8.61721963e-04
8.64991058e-02 1.33991669e-04 8.46868226e-04
8.69070620e-02 -4.62406645e-04 8.36959080e-04
8.73150175e-02 2.71655518e-03 8.75560451e-04
8.77229721e-02 1.55788996e-03 8.50400544e-04
8.81309258e-02 2.80581544e-05 8.35464555e-04
8.85388787e-02 -2.24448982e-05 8.28274577e-04
8.89468308e-02 1.28643063e-04 8.28138307e-04
8.93547821e-02 -9.65092880e-04 8.04961841e-04
8.97627325e-02 -1.51836943e-03 7.87268355e-04
9.01706820e-02 5.70054770e-04 8.31549611e-04
9.05786307e-02 2.52610760e-03 8.37411564e-04
9.09865785e-02 8.04079130e-04 7.95071026e-04
9.13945255e-02 -1.46777952e-03 8.10907400e-04
9.18024716e-02 -3.32413209e-04 7.82886807e-04
9.22104168e-02 -2.41342387e-04 7.91950663e-04
9.26183611e-02 8.97653819e-04 8.19266990e-04
9.30263046e-02 4.67110810e-04 8.36987677e-04
9.34342472e-02 8.79981497e-04 8.40865753e-04
9.38421889e-02 -5.33044882e-04 7.98003148e-04
9.42501297e-02 4.70455353e-04 8.24418120e-04
9.46580696e-02 2.07344467e-04 7.99063336e-04
9.50660087e-02 -1.69024350e-03 8.13110300e-04
9.54739468e-02 3.50365450e-04 8.30248371e-04
9.58818840e-02 -5.07945457e-04 7.92081771e-04
9.62898203e-02 -1.23022150e-03 7.92198105e-04
9.66977557e-02 -5.04500217e-05 7.65559584e-04
9.71056902e-02 -7.82933768e-04 7.95419401e-04
9.75136237e-02 1.48563225e-04 7.74725285e-04
9.79215564e-02 7.84626793e-04 7.91669347e-04
9.83294881e-02 -3.55387634e-04 7.73893063e-04
9.87374188e-02 -2.72175337e-05 7.66024285e-04
9.91453487e-02 6.92376983e-04 7.79149181e-04
9.95532775e-02 2.04526862e-04 7.88606134e-04
9.99612055e-02 2.97668578e-04 7.81689562e-04
1.00369132e-01 -1.07828065e-03 7.52905289e-04
1.00777059e-01 -4.11339036e-04 7.87220740e-04
1.01184984e-01 3.62273693e-04 7.62782726e-04
1.01592908e-01 6.69647771e-04 7.76892859e-04
1.02000831e-01 3.78413167e-04 7.79604553e-04
1.02408753e-01 7.13291810e-04 7.45364821e-04
1.02816674e-01 1.39289108e-04 7.45524036e-04
1.03224595e-01 -2.72097485e-04 7.46079284e-04
1.03632514e-01 8.64803002e-05 7.54550847e-04
1.04040432e-01 2.88638145e-04 7.47960162e-04
1.04448349e-01 2.55987667e-04 7.42521536e-04
1.04856266e-01 -2.73663171e-04 7.37430835e-04
1.05264181e-01 9.81491496e-04 7.87465258e-04
1.05672095e-01 -7.07678429e-05 7.56842021e-04
1.06080009e-01 3.08393525e-04 7.57835176e-04
1.06487921e-01 1.27967971e-03 7.43599116e-04
1.06895832e-01 -3.65568043e-04 7.28740077e-04
1.07303743e-01 1.44904681e-03 7.37421777e-04
1.07711652e-01 9.64802662e-04 7.75771307e-04
1.08119560e-01 -2.88487249e-04 7.31050800e-04
1.08527467e-01 -3.03937145e-04 7.33668372e-04
1.08935374e-01 4.03217057e-04 7.53838740e-04
1.09343279e-01 -3.30923328e-05 7.50792663e-04
1.09751183e-01 -7.24647844e-04 7.16418608e-04
1.10159086e-01 9.38028134e-04 7.50322828e-04
1.10566988e-01 -7.82163588e-04 6.89993029e-04
1.10974889e-01 9.33527990e-04 7.13675842e-04
1.11382789e-01 5.37875299e-04 7.46490288e-04
1.11790688e-01 1.39780592e-03 7.60694641e-04
1.12198586e-01 4.03051935e-04 7.49254157e-04
1.12606482e-01 -5.01410999e-05 7.31893170e-04
1.13014378e-01 -2.47495156e-04 7.29206016e-04
1.13422273e-01 1.03312105e-03 7.42996345e-04
1.13830166e-01 -2.36581779e-04 7.55601294e-04
1.14238059e-01 -7.44360635e-05 7.34718737e-04
1.14645950e-01 -1.04017704e-03 7.53966513e-04
1.15053840e-01 8.86008767e-04 7.55827397e-04
1.15461730e-01 5.41140393e-04 7.30671779e-04
1.15869618e-01 3.66487160e-04 7.33270377e-04
1.16277505e-01 8.42667495e-04 7.30511280e-04
1.16685391e-01 1.27994485e-03 7.46499293e-04
1.17093275e-01 7.88356920e-04 7.49469685e-04
1.17501159e-01 7.40533301e-04 7.50272883e-04
1.17909042e-01 8.61089973e-05 7.33627284e-04
1.18316923e-01 -5.36741592e-04 7.20858733e-04
1.18724803e-01 -3.18509429e-04 7.19964709e-04
1.19132683e-01 4.37380591e-05 7.15167205e-04
1.19540561e-01 8.38403460e-04 7.26168593e-04
1.19948438e-01 8.07562521e-04 7.30362763e-04
1.20356313e-01 -8.46294532e-04 7.03940818e-04
1.20764188e-01 -4.51011768e-04 6.92211499e-04
1.21172062e-01 1.26074705e-04 6.98387539e-04
1.21579934e-01 1.10289982e-03 7.13251845e-04
1.21987805e-01 -4.25320272e-04 6.92616331e-04
1.22395675e-01 -5.25397861e-04 6.86411477e-04
1.22803544e-01 5.52388535e-05 6.86365713e-04
1.23211412e-01 2.88696704e-04 6.83225311e-04
1.23619278e-01 -3.34781114e-04 6.78629967e-04
1.24027144e-01 -8.87130014e-05 6.86683491e-04
1.24435008e-01 7.68819586e-04 6.90823207e-04
1.24842871e-01 8.30081108e-04 6.81621365e-04
1.25250733e-01 6.74541813e-04 6.88396247e-04
1.25658594e-01 -1.09828310e-04 6.87919400e-04
1.26066453e-01 2.11564877e-04 6.80147763e-04
1.26474311e-01 9.19156914e-05 6.87970239e-04
1.26882168e-01 4.87902688e-04 6.88699460e-04
1.27290024e-01 9.58614199e-04 6.71826591e-04
1.27697879e-01 -9.02586647e-04 6.49557120e-04
1.28105732e-01 -6.58998837e-04 6.65367028e-04
1.28513585e-01 8.07362952e-04 6.76711888e-04
1.28921436e-01 8.10133306e-04 6.69638149e-04
1.29329285e-01 6.84400087e-04 6.53608128e-04
1.29737134e-01 -1.62235937e-04 6.73389697e-04
1.30144981e-01 6.91407309e-05 6.42238713e-04
1.30552828e-01 7.92665832e-04 6.65025730e-04
1.30960672e-01 -2.40952474e-04 6.59449666e-04
1.31368516e-01 -4.98035578e-04 6.48563458e-04
1.31776358e-01 -4.67009529e-04 6.58074410e-04
1.32184200e-01 3.05153407e-04 6.54771790e-04
1.32592039e-01 8.36668529e-04 6.44314098e-04
1.32999878e-01 2.44496454e-04 6.45917489e-04
1.33407715e-01 1.09389921e-03 6.39310532e-04
1.33815552e-01 9.08985638e-04 6.41148533e-04
1.34223386e-01 2.78186344e-04 6.38782087e-04
1.34631220e-01 -1.11799097e-03 6.43692829e-04
1.35039052e-01 -2.27900258e-05 6.66214552e-04
1.35446883e-01 7.86162488e-05 6.31841440e-04
1.35854713e-01 -1.70193607e-04 6.23447777e-04
1.36262541e-01 3.74545319e-04 6.31841023e-04
1.36670368e-01 -7.06097355e-04 6.25511977e-04
1.37078194e-01 3.81421936e-05 6.37199084e-04
1.37486019e-01 -4.07539810e-04 6.31816411e-04
1.37893842e-01 1.12761316e-03 6.22338769e-04
1.38301664e-01 5.45879952e-04 6.35818914e-04
1.38709485e-01 1.39824960e-03 6.37960757e-04
1.39117304e-01 4.38210737e-04 6.25729445e-04
1.39525122e-01 5.34198253e-04 6.21414238e-04
1.39932939e-01 -5.00261123e-04 6.09122257e-04
1.40340754e-01 -5.45712803e-04 6.02018487e-04
1.40748568e-01 2.81859059e-04 6.09178889e-04
1.41156381e-01 -4.38043276e-04 5.95838540e-04
1.41564192e-01 4.16263268e-04 6.11368190e-04
1.41972002e-01 6.51703056e-05 6.10958260e-04
1.42379811e-01 5.34526232e-04 6.27610351e-04
1.42787618e-01 -4.89889641e-04 6.11040623e-04
1.43195424e-01 1.30245245e-03 6.42567330e-04
1.43603228e-01 -5.99154972e-04 6.30303022e-04
1.44011032e-01 -8.17343741e-04 6.29693604e-04
1.44418833e-01 -8.12344314e-04 6.23739559e-04
1.44826634e-01 7.32346822e-04 6.31985184e-04
1.45234433e-01 -1.80571184e-04 6.06174145e-04
1.45642231e-01 -1.74076640e-04 6.11940106e-04
1.46050027e-01 -9.70090550e-04 6.18233308e-04
1.46457822e-01 -6.17887300e-04 6.25399698e-04
1.46865616e-01 5.13850940e-05 6.20350508e-04
1.47273408e-01 6.13255791e-04 6.35756512e-04
1.47681199e-01 4.73881416e-04 6.49604517e-04
1.48088988e-01 5.37060279e-04 6.32951424e-04
1.48496776e-01 2.02412371e-04 6.40302129e-04
1.48904563e-01 6.76581429e-05 6.21755498e-04
1.49312348e-01 6.55138069e-04 6.06862850e-04
1.49720132e-01 2.97102319e-04 6.06492681e-04
1.50127914e-01 -6.72084817e-05 6.17106662e-04
1.50535695e-01 7.26143232e-04 6.34208161e-04
1.50943474e-01 3.58868257e-04 6.10597942e-04
1.51351252e-01 7.12155115e-04 6.03502481e-04
1.51759029e-01 -3.53979126e-04 6.16188487e-04
1.52166804e-01 4.98379872e-04 5.99399036e-04
1.52574578e-01 1.06597179e-03 6.11987159e-04
1.52982350e-01 1.66053894e-04 6.09644682e-04
1.53390121e-01 -1.37728133e-04 5.84463618e-04
1.53797890e-01 1.12340478e-03 6.07246342e-04
1.54205658e-01 2.31244522e-04 6.10423213e-04
1.54613425e-01 2.04098678e-04 5.93431332e-04
1.55021190e-01 -1.64001795e-05 5.71434170e-04
1.55428953e-01 -6.00075268e-04 5.78826198e-04
1.55836716e-01 -6.84070887e-04 5.76607213e-04
1.56244476e-01 -7.82440778e-04 5.94298873e-04
1.56652235e-01 -7.77805815e-04 5.97865761e-04
1.57059993e-01 -6.73660904e-05 5.88865783e-04
1.57467749e-01 -9.18246839e-04 5.88135472e-04
1.57875504e-01 -3.81969422e-04 5.84713368e-04
1.58283257e-01 8.60241899e-04 5.98346558e-04
1.58691008e-01 4.54904263e-04 5.87919573e-04
1.59098758e-01 6.05389453e-04 5.62438031e-04
1.59506507e-01 -2.72899805e-04 5.60725338e-04
1.59914254e-01 7.35360022e-04 5.60193950e-04
1.60322000e-01 8.83126611e-04 5.81130118e-04
1.60729744e-01 1.09114305e-03 5.72874330e-04
1.61137486e-01 -1.64990190e-04 5.76465317e-04
1.61545228e-01 2.43936704e-05 5.67116084e-04
1.61952967e-01 -1.13093869e-04 5.71336534e-04
1.62360705e-01 1.79588623e-04 5.70728935e-04
1.62768441e-01 8.87355677e-04 5.59272573e-04
1.63176176e-01 -5.25729530e-04 5.46765754e-04
1.63583910e-01 -1.77033753e-04 5.56462307e-04
1.63991641e-01 -6.91539624e-04 5.73912281e-04
1.64399372e-01 7.12065014e-04 5.68177458e-04
1.64807100e-01 -1.12921246e-03 5.56283280e-04
1.65214827e-01 -3.67193568e-04 5.57857754e-04
1.65622553e-01 2.08583947e-04 5.57079832e-04
1.66030277e-01 -4.02881952e-04 5.75238883e-04
1.66437999e-01 9.96829349e-05 5.60762683e-04
1.66845720e-01 3.55628227e-04 5.68010689e-04
1.67253439e-01 -1.86249307e-04 5.63782149e-04
1.67661157e-01 -3.45166094e-05 5.44868500e-04
1.68068873e-01 -4.03078829e-04 5.37559659e-04
1.68476588e-01 5.77203935e-04 5.64901705e-04
1.68884301e-01 -4.16950915e-05 5.55605726e-04
1.69292012e-01 -4.03856618e-04 5.47142757e-04
1.69699721e-01 -1.29124125e-04 5.38950083e-04
1.70107430e-01 1.19184702e-04 5.51059043e-04
1.70515136e-01 -2.69098618e-04 5.41453575e-04
1.70922841e-01 -3.38547477e-04 5.28377670e-04
1.71330544e-01 -1.01736080e-03 5.59489319e-04
1.71738246e-01 -2.51783464e-04 5.33128504e-04
1.72145946e-01 -5.04640833e-04 5.55504190e-04
1.72553644e-01 -7.07709906e-04 5.45662049e-04
1.72961341e-01 3.34320064e-04 5.47494234e-04
1.73369036e-01 5.93273530e-04 5.38186000e-04
1.73776729e-01 -2.64937913e-04 5.52094855e-04
1.74184421e-01 -7.06772833e-05 5.33842337e-04
1.74592111e-01 9.22125561e-05 5.41940744e-04
1.74999799e-01 1.02500451e-03 5.41084716e-04
1.75407486e-01 1.98123094e-04 5.50805689e-04
1.75815171e-01 3.52943368e-04 5.40274015e-04
1.76222855e-01 -5.80176411e-05 5.31649960e-04
1.76630537e-01 -5.67274245e-04 5.31759604e-04
1.77038217e-01 -2.15046100e-04 5.54273703e-04
1.77445895e-01 2.42195853e-05 5.44506041e-04
1.77853572e-01 8.82824528e-04 5.50570512e-04
1.78261247e-01 4.91759848e-04 5.23777847e-04
1.78668921e-01 -2.03159304e-04 5.27500571e-04
1.79076592e-01 8.61784993e-04 5.35130360e-04
1.79484262e-01 -1.80867167e-04 5.22425757e-04
1.79891931e-01 5.27295190e-05 5.34783762e-04
1.80299597e-01 -5.67001969e-04 5.21216836e-04
1.80707262e-01 2.35240131e-04 5.32726303e-04
1.81114925e-01 5.37650849e-04 5.29252547e-04
1.81522587e-01 5.32518963e-04 5.26309407e-04
1.81930247e-01 -1.07337857e-05 5.24028457e-04
1.82337905e-01 -2.19163771e-04 5.29962981e-04
1.82745561e-01 5.67032489e-04 5.39299874e-04
1.83153215e-01 3.80491489e-04 5.23795662e-04
1.83560868e-01 1.76006174e-05 5.21164724e-04
1.83968519e-01 3.72926065e-04 5.26464733e-04
1.84376169e-01 -1.81273116e-04 5.10393759e-04
1.84783816e-01 5.63007574e-04 5.25649631e-04
1.85191462e-01 1.03595729e-04 5.22617885e-04
1.85599106e-01 -5.56647356e-04 5.18963264e-04
1.86006749e-01 1.27996322e-05 5.26686407e-04
1.86414389e-01 5.94063378e-04 5.19127039e-04
1.86822028e-01 1.16649095e-03 5.21104216e-04
1.87229665e-01 1.09777333e-04 5.16855360e-04
1.87637300e-01 4.67636832e-04 5.10888681e-04
1.88044934e-01 9.54824289e-04 5.12658935e-04
1.88452566e-01 1.07252013e-03 5.18846899e-04
1.88860195e-01 6.05616428e-04 5.08581450e-04
1.89267824e-01 4.77820623e-04 5.03500718e-04
1.89675450e-01 8.99807340e-04 5.04497820e-04
1.90083074e-01 6.86200134e-04 4.92588830e-04
1.90490697e-01 -7.79129737e-05 5.04947356e-04
1.90898318e-01 3.54152366e-04 5.18391663e-04
1.91305937e-01 1.90908864e-04 5.04226381e-04
1.91713555e-01 3.39844380e-04 5.05152825e-04
1.92121170e-01 4.15868131e-04 4.98471650e-04
1.92528784e-01 3.62083106e-04 5.07431856e-04
1.92936396e-01 3.50474024e-04 5.04218102e-04
1.93344006e-01 -2.46822025e-05 5.00432442e-04
1.93751614e-01 2.66005840e-04 5.04222531e-04
1.94159220e-01 6.59879538e-05 4.95669509e-04
1.94566825e-01 1.18949499e-03 5.10989535e-04
1.94974427e-01 1.09712607e-03 5.10521195e-04
1.95382028e-01 9.88146621e-04 5.13120206e-04
1.95789627e-01 -8.72353787e-04 4.98151915e-04
1.96197224e-01 1.70641154e-04 5.00866337e-04
1.96604820e-01 -6.40432400e-05 4.97494442e-04
1.97012413e-01 2.09620868e-04 5.00953675e-04
1.97420005e-01 -1.34943989e-05 4.91628303e-04
1.97827594e-01 -3.70352660e-04 5.00826426e-04
1.98235182e-01 -6.28197922e-04 5.01726104e-04
1.98642768e-01 8.93844965e-04 5.20193935e-04
1.99050352e-01 3.78152967e-04 5.02358427e-04
1.99457934e-01 -6.14151111e-04 5.14545336e-04
1.99865514e-01 1.25926069e-04 4.96835433e-04
2.00273093e-01 -3.58754978e-04 4.96457191e-04
2.00680669e-01 2.58793466e-04 5.06542728e-04
2.01088244e-01 5.89958870e-05 4.99333030e-04
2.01495816e-01 4.91984142e-04 5.12413606e-04
2.01903387e-01 2.80524904e-04 5.19074585e-04
2.02310956e-01 -5.32262316e-05 5.04404998e-04
2.02718523e-01 1.80403101e-04 5.08398533e-04
2.03126088e-01 -3.78018292e-04 5.11843240e-04
2.03533651e-01 4.49271179e-05 5.14012702e-04
2.03941212e-01 1.80120875e-04 5.11962726e-04
2.04348771e-01 4.63038812e-04 5.18152766e-04
2.04756329e-01 6.16909003e-04 5.06369568e-04
2.05163884e-01 3.04980794e-04 5.14332384e-04
2.05571438e-01 6.06886489e-05 5.01184524e-04
2.05978989e-01 3.59852588e-04 4.95009226e-04
2.06386539e-01 -4.60346729e-04 4.91689540e-04
2.06794086e-01 -1.73317077e-04 4.90610101e-04
2.07201632e-01 1.28604274e-04 4.96097038e-04
2.07609175e-01 -3.55512348e-04 4.88784881e-04
2.08016717e-01 4.56389175e-04 4.91168285e-04
2.08424257e-01 -5.98035808e-04 4.84807695e-04
2.08831794e-01 -5.60543533e-04 4.82296328e-04
2.09239330e-01 -2.67878095e-04 4.85160532e-04
2.09646864e-01 1.93445014e-04 4.81980180e-04
2.10054396e-01 5.57349935e-04 4.85207480e-04
2.10461925e-01 4.17021069e-04 4.79790746e-04
2.10869453e-01 -1.27070522e-04 4.82169490e-04
2.11276979e-01 7.28646318e-04 4.78799210e-04
2.11684503e-01 3.47548762e-04 4.76126315e-04
2.12092025e-01 -6.75846047e-05 4.69665015e-04
2.12499544e-01 6.01552855e-04 4.82688494e-04
2.12907062e-01 2.74422081e-04 4.77560193e-04
2.13314578e-01 1.16311319e-04 4.75510101e-04
2.13722092e-01 1.64555556e-04 4.80219769e-04
2.14129603e-01 -3.28495277e-04 4.72548410e-04
2.14537113e-01 -2.20235915e-04 4.71125353e-04
2.14944621e-01 9.24510051e-06 4.69585987e-04
2.15352126e-01 -1.28239737e-04 4.65022804e-04
2.15759630e-01 8.25948678e-04 4.78037921e-04
2.16167131e-01 4.67247078e-05 4.73134946e-04
2.16574631e-01 4.92509944e-04 4.71959786e-04
2.16982128e-01 2.51801818e-04 4.70354667e-04
2.17389624e-01 2.95025509e-04 4.72763790e-04
2.17797117e-01 7.16508439e-04 4.65203931e-04
2.18204608e-01 4.00322282e-04 4.61704032e-04
2.18612098e-01 2.79873280e-04 4.63644077e-04
2.19019585e-01 8.34975691e-04 4.63688394e-04
2.19427070e-01 8.79094006e-05 4.59371809e-04
2.19834553e-01 -2.72400347e-04 4.58708751e-04
2.20242034e-01 9.18782275e-04 4.74626195e-04
2.20649512e-01 1.13106530e-03 4.59451235e-04
2.21056989e-01 1.43245155e-04 4.63274580e-04
2.21464464e-01 -1.54668083e-04 4.71166945e-04
2.21871936e-01 5.87813117e-04 4.72251403e-04
2.22279407e-01 1.08705071e-03 4.59117139e-04
2.22686875e-01 1.99762599e-04 4.60230826e-04
2.23094341e-01 3.42053787e-05 4.60543241e-04
2.23501805e-01 -1.05301518e-04 4.53606136e-04
2.23909267e-01 1.45879452e-03 4.69652380e-04
2.24316727e-01 1.31940360e-05 4.68125874e-04
2.24724185e-01 6.18696663e-04 4.65218261e-04
2.25131641e-01 1.99313562e-04 4.66488547e-04
2.25539094e-01 1.97751542e-04 4.53320579e-04
2.25946545e-01 -3.33091620e-04 4.54697039e-04
2.26353995e-01 2.00164513e-04 4.50050234e-04
2.26761442e-01 9.15475650e-04 4.57915396e-04
2.27168887e-01 3.41413486e-04 4.58329710e-04
2.27576329e-01 -4.77843034e-05 4.52367896e-04
2.27983770e-01 3.24748356e-04 4.63111874e-04
2.28391208e-01 1.57587860e-03 4.59522009e-04
2.28798645e-01 1.27864711e-04 4.50769721e-04
2.29206079e-01 -3.99828879e-04 4.53630975e-04
2.29613511e-01 2.51678930e-04 4.47584685e-04
2.30020941e-01 -4.04306353e-04 4.47111685e-04
2.30428368e-01 -4.10439389e-05 4.62698921e-04
2.30835794e-01 7.61194377e-04 4.67532248e-04
2.31243217e-01 2.02959260e-04 4.65512414e-04
2.31650638e-01 5.28229932e-04 4.60970892e-04
2.32058057e-01 4.19938760e-04 4.70654244e-04
2.32465473e-01 -6.21871410e-05 4.61581137e-04
2.32872888e-01 1.11768905e-04 4.63799443e-04
2.33280300e-01 1.48958855e-04 4.69646961e-04
2.33687710e-01 1.66703762e-04 4.61040688e-04
2.34095118e-01 4.12146398e-04 4.62539932e-04
2.34502524e-01 2.83356044e-04 4.53958042e-04
2.34909927e-01 -2.55348912e-04 4.63555545e-04
2.35317328e-01 2.34375223e-04 4.62135254e-04
2.35724727e-01 -1.89634364e-04 4.56063254e-04
2.36132124e-01 -2.28961410e-06 4.54679897e-04
2.36539518e-01 9.00155555e-04 4.56066955e-04
2.36946911e-01 -8.93995975e-05 4.55136424e-04
2.37354301e-01 -8.31722599e-05 4.48777683e-04
2.37761688e-01 3.17999927e-04 4.50582061e-04
2.38169074e-01 3.80134062e-04 4.50492376e-04
2.38576457e-01 3.04562242e-04 4.40116488e-04
2.38983838e-01 -1.10763331e-04 4.49890926e-04
2.39391217e-01 2.91219204e-04 4.53287177e-04
2.39798593e-01 4.85499200e-05 4.34940908e-04
2.40205967e-01 3.62797157e-05 4.36770808e-04
2.40613339e-01 -1.39535215e-04 4.53671112e-04
2.41020709e-01 -5.96933408e-05 4.37178020e-04
2.41428076e-01 -8.21048541e-05 4.43765627e-04
2.41835441e-01 -1.81433373e-04 4.39256737e-04
2.42242804e-01 5.77574924e-05 4.38274763e-04
2.42650165e-01 1.26122623e-03 4.54049294e-04
2.43057523e-01 4.92761574e-04 4.38041246e-04
2.43464879e-01 -5.66482312e-04 4.36512815e-04
2.43872232e-01 1.30265201e-04 4.46648059e-04
2.44279584e-01 5.63431125e-04 4.33160997e-04
2.44686933e-01 9.04471449e-06 4.48426929e-04
2.45094279e-01 -2.80664493e-04 4.29849538e-04
2.45501624e-01 4.86057899e-04 4.36844313e-04
2.45908966e-01 7.45243478e-04 4.38585396e-04
2.46316305e-01 6.43771580e-04 4.37174044e-04
2.46723643e-01 5.20960043e-04 4.45184945e-04
2.47130978e-01 6.52829958e-04 4.44767641e-04
2.47538310e-01 3.80640014e-04 4.29950130e-04
2.47945641e-01 -8.16194175e-04 4.23493350e-04
2.48352969e-01 -6.73066740e-05 4.36297339e-04
2.48760294e-01 4.01981182e-04 4.32118629e-04
2.49167618e-01 -5.30135096e-05 4.32281177e-04
2.49574939e-01 1.95101362e-04 4.35027185e-04
2.49982257e-01 -5.98740666e-04 4.28041201e-04
2.50389573e-01 -2.82005258e-04 4.19531443e-04
2.50796887e-01 7.37982869e-04 4.39334948e-04
2.51204199e-01 -1.63972578e-04 4.21530516e-04
2.51611508e-01 2.83753213e-04 4.31315306e-04
2.52018815e-01 3.82381460e-04 4.26861566e-04
2.52426119e-01 4.16588770e-04 4.29811042e-04
2.52833421e-01 -4.54761313e-05 4.31276153e-04
2.53240720e-01 4.65817743e-04 4.22560989e-04
2.53648017e-01 4.95769710e-04 4.28385208e-04
2.54055312e-01 7.94255143e-04 4.21019985e-04
2.54462605e-01 -7.09573819e-04 4.21912148e-04
2.54869894e-01 1.41725104e-03 4.26573795e-04
2.55277182e-01 1.49531092e-04 4.29896532e-04
2.55684467e-01 5.86341060e-04 4.20497753e-04
2.56091750e-01 1.64552782e-04 4.23571822e-04
2.56499030e-01 7.86924301e-05 4.15724002e-04
2.56906308e-01 -2.67360721e-04 4.11307970e-04
2.57313583e-01 -2.47215673e-04 4.20665410e-04
2.57720856e-01 5.10807727e-04 4.25240705e-04
2.58128127e-01 -2.87889211e-04 4.10434831e-04
2.58535395e-01 -3.73610937e-04 4.18157714e-04
2.58942661e-01 -2.59442543e-04 4.12432170e-04
2.59349924e-01 3.63904858e-04 4.26083496e-04
2.59757184e-01 1.63820677e-04 4.21988296e-04
2.60164443e-01 5.56866427e-04 4.30765968e-04
2.60571699e-01 -1.93965640e-04 4.20119489e-04
2.60978952e-01 3.98150321e-04 4.24523575e-04
2.61386203e-01 4.10894363e-04 4.22184037e-04
2.61793451e-01 3.92079389e-04 4.18661518e-04
2.62200697e-01 -3.18839643e-05 4.09607916e-04
2.62607941e-01 4.54233176e-04 4.11022148e-04
2.63015182e-01 -1.24636936e-04 4.13483238e-04
2.63422420e-01 1.87093087e-04 4.14873741e-04
2.63829656e-01 1.43482945e-04 4.15786753e-04
2.64236890e-01 -7.14161581e-04 4.12766291e-04
2.64644121e-01 -1.66324083e-04 4.15787148e-04
2.65051349e-01 1.11576057e-04 4.18170582e-04
2.65458575e-01 -6.68938352e-04 4.09585416e-04
2.65865799e-01 -1.70089603e-04 4.12263285e-04
2.66273019e-01 2.79841952e-04 4.09384919e-04
2.66680238e-01 -4.16336543e-04 4.12367725e-04
2.67087454e-01 -2.11258010e-04 4.08781071e-04
2.67494667e-01 2.02760954e-07 4.08133419e-04
2.67901878e-01 -8.06346234e-04 4.05495186e-04
2.68309086e-01 -2.78002020e-04 4.11199202e-04
2.68716292e-01 -1.73516693e-04 4.04847575e-04
2.69123495e-01 5.50494425e-05 4.10389685e-04
2.69530696e-01 4.75145306e-04 4.06622935e-04
2.69937894e-01 4.82872930e-04 4.03252890e-04
2.70345090e-01 -6.15162330e-04 4.01334441e-04
2.70752283e-01 7.60626957e-04 4.06629466e-04
2.71159473e-01 2.79693066e-04 4.10975755e-04
2.71566661e-01 9.09049619e-04 4.03745976e-04
2.71973847e-01 -7.86020143e-05 4.03922374e-04
2.72381030e-01 3.83959066e-04 4.09531688e-04
2.72788210e-01 -1.68471255e-04 3.96075158e-04
2.73195387e-01 1.14885565e-04 4.04010142e-04
2.73602562e-01 6.89500958e-04 4.03501570e-04
2.74009735e-01 1.34669312e-04 4.09042256e-04
2.74416905e-01 2.13796219e-04 4.05654221e-04
2.74824072e-01 -1.78056604e-04 3.97553157e-04
2.75231237e-01 -3.98367831e-04 3.99267307e-04
2.75638399e-01 -4.00414260e-04 3.94570563e-04
2.76045558e-01 5.90659412e-04 4.06755256e-04
2.76452715e-01 1.10830331e-04 4.02947865e-04
2.76859869e-01 5.44528363e-04 3.92478503e-04
2.77267021e-01 6.09204933e-04 4.00937523e-04
2.77674170e-01 7.28619431e-04 4.04551594e-04
2.78081316e-01 4.12948632e-05 3.96992962e-04
2.78488460e-01 -3.97107720e-04 3.93246473e-04
2.78895601e-01 1.08388114e-04 3.91909930e-04
2.79302740e-01 -6.42223140e-05 3.96882925e-04
2.79709875e-01 -8.68256036e-04 3.88285452e-04
2.80117009e-01 -1.71927104e-04 3.95917290e-04
2.80524139e-01 2.56262196e-04 3.90907967e-04
2.80931267e-01 1.31349508e-04 3.85366745e-04
2.81338392e-01 -1.82568167e-04 3.95721242e-04
2.81745515e-01 -3.78805392e-05 3.89334766e-04
2.82152635e-01 5.48846085e-05 3.87813516e-04
2.82559752e-01 9.44624468e-05 3.95854913e-04
2.82966866e-01 1.15925643e-04 3.91890422e-04
2.83373978e-01 6.50545451e-05 3.84660546e-04
2.83781088e-01 -3.43032753e-04 3.78089311e-04
2.84188194e-01 8.42643031e-04 3.99364027e-04
2.84595298e-01 1.20619954e-04 3.90818469e-04
2.85002399e-01 2.79100169e-04 3.86364976e-04
2.85409497e-01 -1.50872849e-04 3.94825623e-04
2.85816593e-01 1.76198944e-04 3.96880335e-04
2.86223686e-01 1.87520389e-04 4.00306789e-04
2.86630777e-01 -1.71173810e-04 3.85584839e-04
2.87037864e-01 8.57602961e-06 3.94870634e-04
2.87444949e-01 9.00725829e-04 3.91977700e-04
2.87852031e-01 8.09790689e-04 3.99920238e-04
2.88259111e-01 3.63794864e-04 3.97397123e-04
2.88666188e-01 1.12321050e-04 4.01640438e-04
2.89073262e-01 4.94081884e-04 4.02169470e-04
2.89480333e-01 1.63341479e-04 4.05691401e-04
2.89887401e-01 4.92040217e-04 4.04736783e-04
2.90294467e-01 1.08656630e-04 3.99860595e-04
2.90701530e-01 1.90912957e-04 4.03003992e-04
2.91108591e-01 -1.90012610e-05 3.97601714e-04
2.91515648e-01 -8.54057095e-05 3.94782003e-04
2.91922703e-01 1.71807554e-05 3.97523345e-04
2.92329755e-01 -4.80073238e-04 3.86032583e-04
2.92736804e-01 4.08000708e-04 3.92648485e-04
2.93143851e-01 3.99011900e-04 3.94508252e-04
2.93550895e-01 2.61827398e-04 3.88269738e-04
2.93957936e-01 7.65125756e-06 3.85665501e-04
2.94364974e-01 5.16084029e-04 3.95836656e-04
2.94772009e-01 7.83593161e-04 3.97326075e-04
2.95179042e-01 3.13766974e-06 3.88068290e-04
2.95586072e-01 1.93004046e-04 3.94907467e-04
2.95993099e-01 1.52183668e-04 3.88939275e-04
2.96400123e-01 -5.60994747e-05 3.93266705e-04
2.96807145e-01 1.07755989e-05 3.85547890e-04
2.97214163e-01 -4.14526412e-04 3.90538610e-04
2.97621179e-01 4.41870355e-04 3.92256007e-04
2.98028192e-01 -5.99826853e-05 3.94281556e-04
2.98435202e-01 6.66123898e-05 3.92742187e-04
2.98842210e-01 4.64933010e-04 3.92920977e-04
2.99249214e-01 7.37866640e-04 3.95387141e-04
2.99656216e-01 1.19455853e-03 4.01893144e-04
3.00063215e-01 1.94710900e-04 3.92249584e-04
3.00470211e-01 -1.37816266e-04 3.87468492e-04
3.00877204e-01 -2.96435106e-05 3.90865190e-04
3.01284194e-01 2.74076967e-04 3.87321227e-04
3.01691182e-01 2.52952088e-05 3.91719199e-04
3.02098167e-01 4.62202756e-04 4.04559148e-04
3.02505149e-01 1.79486389e-04 3.89341107e-04
3.02912128e-01 2.29000820e-04 4.04812276e-04
3.03319104e-01 9.22941122e-05 3.98683415e-04
3.03726077e-01 3.45036378e-04 3.92612395e-04
3.04133047e-01 -1.30253085e-04 3.88274447e-04
3.04540015e-01 4.18181791e-04 3.89004130e-04
3.04946979e-01 8.00813600e-04 3.88493864e-04
3.05353941e-01 -5.25505678e-04 3.84814817e-04
3.05760900e-01 5.50254720e-04 3.94340248e-04
3.06167856e-01 3.59168092e-04 3.84884914e-04
3.06574809e-01 -9.29803109e-05 3.88371456e-04
3.06981759e-01 -4.54848928e-04 3.87475312e-04
3.07388706e-01 3.45360299e-04 3.95854812e-04
3.07795651e-01 -5.90749719e-04 3.83207489e-04
3.08202592e-01 4.78476507e-04 3.90339442e-04
3.08609531e-01 3.44198211e-04 3.89050234e-04
3.09016466e-01 1.61792648e-04 3.99907382e-04
3.09423399e-01 3.15417373e-04 3.96448013e-04
3.09830329e-01 -8.22091494e-04 3.93744555e-04
3.10237256e-01 -6.73004783e-07 4.04912274e-04
3.10644180e-01 -2.21557787e-04 3.95074246e-04
3.11051101e-01 5.65888841e-05 4.02774279e-04
3.11458019e-01 -1.52653079e-05 3.96861441e-04
3.11864934e-01 1.44389876e-04 4.00332273e-04
3.12271846e-01 -5.76816572e-08 3.99859704e-04
3.12678755e-01 2.13810758e-04 3.97434724e-04
3.13085661e-01 -4.56866241e-04 3.89599446e-04
3.13492565e-01 2.30527437e-05 4.08679856e-04
3.13899465e-01 8.70002826e-07 4.05655373e-04
3.14306362e-01 -5.41298000e-05 3.97650152e-04
3.14713257e-01 1.80490914e-04 4.04705993e-04
3.15120148e-01 2.17699801e-04 4.02648218e-04
3.15527037e-01 1.23181148e-04 4.07060685e-04
3.15933922e-01 1.25244733e-04 4.12923146e-04
3.16340805e-01 3.74076228e-04 4.51161108e-04
3.16747684e-01 6.73350438e-04 4.80823657e-04
3.17154561e-01 6.02991342e-04 5.06226835e-04
3.17561434e-01 -2.78310412e-04 5.35682465e-04
3.17968305e-01 8.62636004e-04 5.72566479e-04
3.18375172e-01 -4.28257610e-04 6.16648833e-04
3.18782037e-01 -1.10255331e-04 6.48532842e-04
3.19188898e-01 7.35340354e-04 6.56160796e-04
3.19595757e-01 3.36556076e-04 6.97578809e-04
3.20002612e-01 4.72682688e-04 7.26081640e-04
3.20409465e-01 1.27547754e-03 7.81205567e-04
3.20816314e-01 2.63827274e-04 8.42355424e-04
3.21223160e-01 -4.95448937e-04 9.66075050e-04
3.21630004e-01 2.96035687e-05 1.03242624e-03
3.22036844e-01 5.56234336e-04 1.27436762e-03
3.22443681e-01 3.86317474e-03 1.85412111e-03
3.22850516e-01 4.59671329e-03 7.24123590e-03
