4.08043586e-03 3.06447800e-03 2.99571547e-02
4.48847930e-03 -2.96051452e-02 2.69667575e-02
4.89652269e-03 -1.71081595e-02 2.06743912e-02
5.30456604e-03 -1.64157326e-02 1.39942826e-02
5.71260934e-03 -5.00247690e-03 1.14111863e-02
6.12065258e-03 -4.11412837e-03 8.97319082e-03
6.52869577e-03 6.56397930e-04 7.49624345e-03
6.93673889e-03 -3.41069938e-03 6.70917246e-03
7.34478195e-03 -5.81374978e-03 5.92189019e-03
7.75282494e-03 -2.77427944e-03 5.17992770e-03
8.16086785e-03 1.74598059e-03 4.53267920e-03
8.56891069e-03 -2.09408751e-03 4.43801596e-03
8.97695345e-03 -1.85993803e-05 4.21330710e-03
9.38499612e-03 -1.74314900e-03 3.73811491e-03
9.79303870e-03 -9.66309740e-05 3.50478672e-03
1.02010812e-02 1.32959416e-03 3.58505069e-03
1.06091236e-02 3.06637241e-03 3.15332781e-03
1.10171659e-02 2.54190037e-03 2.90866607e-03
1.14252081e-02 1.05535290e-02 3.11210046e-03
1.18332501e-02 -1.02258159e-03 2.90200557e-03
1.22412921e-02 -4.80853850e-03 2.59932349e-03
1.26493339e-02 -7.41728476e-04 2.65070013e-03
1.30573757e-02 1.96762945e-04 2.41826261e-03
1.34654173e-02 2.41001938e-03 2.62338275e-03
1.38734588e-02 -3.70887146e-04 2.29007436e-03
1.42815001e-02 9.74025914e-05 2.28229272e-03
1.46895413e-02 3.82795966e-04 2.24386390e-03
1.50975824e-02 -3.77463408e-03 2.03721047e-03
1.55056233e-02 -7.63196655e-04 2.19619385e-03
1.59136641e-02 2.42199549e-03 2.00806701e-03
1.63217047e-02 2.14901259e-03 2.06935077e-03
1.67297452e-02 3.48355649e-04 2.02283477e-03
1.71377855e-02 1.93079370e-03 2.06749120e-03
1.75458257e-02 -5.86997843e-04 1.95185639e-03
1.79538657e-02 1.20375307e-03 1.85331719e-03
1.83619055e-02 2.34459433e-03 1.93014076e-03
1.87699451e-02 1.63155494e-03 1.93200349e-03
1.91779846e-02 1.26642824e-03 1.81202135e-03
1.95860239e-02 -9.05247378e-04 1.83618853e-03
1.99940630e-02 -6.67705312e-04 1.82351020e-03
2.04021019e-02 -1.04251555e-03 1.74565185e-03
2.08101406e-02 -1.47140409e-03 1.89039885e-03
2.12181791e-02 -1.44217421e-03 1.82482468e-03
2.16262174e-02 1.59594981e-03 1.90143953e-03
2.20342555e-02 7.38677341e-04 1.68919826e-03
2.24422934e-02 9.00916180e-04 1.73142764e-03
2.28503311e-02 -3.56758120e-04 1.63278808e-03
2.32583686e-02 -7.89833497e-04 1.70626723e-03
2.36664058e-02 8.20168599e-04 1.66070035e-03
2.40744429e-02 1.04768148e-03 1.60630564e-03
2.44824797e-02 -8.16822385e-04 1.59976761e-03
2.48905162e-02 -1.36061338e-03 1.67048942e-03
2.52985525e-02 2.52840792e-03 1.72158167e-03
2.57065886e-02 -1.70989063e-04 1.63461059e-03
2.61146245e-02 -1.99205580e-03 1.56274664e-03
2.65226601e-02 3.56440751e-03 1.66685542e-03
2.69306954e-02 -4.02740955e-04 1.59771045e-03
2.73387305e-02 8.66268047e-04 1.64771570e-03
2.77467653e-02 -5.78253412e-04 1.57888094e-03
2.81547999e-02 -1.45018220e-03 1.63274294e-03
2.85628342e-02 3.94332084e-03 1.71568652e-03
2.89708682e-02 2.38659979e-03 1.66183050e-03
2.93789020e-02 -8.07505261e-04 1.67908273e-03
2.97869355e-02 1.60425542e-03 1.67850781e-03
3.01949687e-02 7.74081607e-04 1.66246338e-03
3.06030016e-02 1.77258749e-03 1.62653895e-03
3.10110342e-02 -1.56055056e-04 1.58951230e-03
3.14190665e-02 2.41333178e-03 1.61725066e-03
3.18270985e-02 3.24375128e-03 1.65321283e-03
3.22351302e-02 1.20994399e-03 1.51154068e-03
3.26431617e-02 2.38572780e-03 1.47823468e-03
3.30511928e-02 9.42799157e-05 1.47163516e-03
3.34592236e-02 -1.24872802e-03 1.36113069e-03
3.38672540e-02 2.14330860e-04 1.48174329e-03
3.42752842e-02 9.98256415e-04 1.48532820e-03
3.46833140e-02 8.65108915e-04 1.42395032e-03
3.50913435e-02 -9.27976665e-04 1.41496888e-03
3.54993727e-02 -1.85784099e-04 1.38622818e-03
3.59074015e-02 -4.56857209e-04 1.47986029e-03
3.63154300e-02 -5.72718437e-04 1.31402909e-03
3.67234581e-02 -2.60640466e-04 1.31287557e-03
3.71314859e-02 5.18658539e-05 1.34629777e-03
3.75395134e-02 1.57465466e-04 1.36991348e-03
3.79475405e-02 -2.13876550e-03 1.33601089e-03
3.83555672e-02 -2.17322856e-03 1.38793519e-03
3.87635935e-02 -2.37500442e-03 1.34137643e-03
3.91716195e-02 3.56247980e-05 1.37202024e-03
3.95796452e-02 -5.82521831e-04 1.31209260e-03
3.99876704e-02 1.68041504e-03 1.35134017e-03
4.03956953e-02 1.29893550e-03 1.31269946e-03
4.08037198e-02 1.03245908e-03 1.33717696e-03
4.12117439e-02 -7.38975729e-04 1.26429608e-03
4.16197676e-02 4.73734690e-04 1.30449122e-03
4.20277909e-02 2.19259462e-03 1.24869135e-03
4.24358138e-02 -2.20214627e-03 1.32013157e-03
4.28438363e-02 -8.19494261e-04 1.17605204e-03
4.32518584e-02 -1.29202857e-03 1.16590654e-03
4.36598801e-02 -6.09325446e-04 1.22226362e-03
4.40679014e-02 2.62687072e-04 1.18792402e-03
4.44759222e-02 6.45381418e-04 1.18903901e-03
4.48839427e-02 6.33758727e-04 1.22212929e-03
4.52919627e-02 6.81156220e-04 1.18625613e-03
4.56999823e-02 8.52617764e-04 1.19227648e-03
4.61080014e-02 -2.59154673e-04 1.22682523e-03
4.65160201e-02 -1.04278760e-03 1.14537876e-03
4.69240384e-02 8.89252420e-04 1.15343988e-03
4.73320562e-02 8.87819992e-04 1.18111103e-03
4.77400736e-02 -1.74975011e-03 1.12984357e-03
4.81480905e-02 1.95533354e-03 1.21194260e-03
4.85561070e-02 4.93380984e-04 1.19816885e-03
4.89641230e-02 7.47165124e-04 1.17607134e-03
4.93721385e-02 2.77518246e-04 1.15916156e-03
4.97801536e-02 5.99156803e-04 1.17361397e-03
5.01881682e-02 -1.35650646e-04 1.12792090e-03
5.05961823e-02 2.62435490e-03 1.17648902e-03
5.10041960e-02 1.82393760e-03 1.18595606e-03
5.14122091e-02 -1.24044907e-03 1.10420604e-03
5.18202218e-02 -7.21846195e-04 1.13039908e-03
5.22282340e-02 2.80659737e-03 1.09686799e-03
5.26362457e-02 4.63265675e-04 1.10645925e-03
5.30442569e-02 2.67546456e-04 1.09397219e-03
5.34522675e-02 9.08272507e-04 1.09103960e-03
5.38602777e-02 6.19786179e-04 1.10928168e-03
5.42682874e-02 7.55946624e-04 1.11228257e-03
5.46762965e-02 -1.41127420e-03 1.10134455e-03
5.50843052e-02 -9.38767684e-04 1.08468603e-03
5.54923133e-02 -4.50413794e-04 1.05289627e-03
5.59003208e-02 1.24781353e-03 1.06284494e-03
5.63083279e-02 -7.91229650e-04 1.07644573e-03
5.67163344e-02 -4.95278190e-05 1.08876534e-03
5.71243404e-02 3.12272498e-04 1.10052818e-03
5.75323458e-02 -1.81670836e-04 1.12343780e-03
5.79403507e-02 -6.66816690e-04 1.07286242e-03
5.83483551e-02 9.53681528e-04 1.12720062e-03
5.87563588e-02 1.32333006e-03 1.13032734e-03
5.91643621e-02 -8.59585990e-04 1.14304709e-03
5.95723647e-02 -5.59004214e-04 1.10913724e-03
5.99803668e-02 -1.39657717e-03 1.06545324e-03
6.03883684e-02 -3.64393784e-04 1.09278818e-03
6.07963693e-02 -1.79600117e-04 1.15803309e-03
6.12043697e-02 -8.57222486e-04 1.09353849e-03
6.16123695e-02 -3.55977273e-04 1.13246505e-03
6.20203687e-02 -1.55476373e-03 1.07086651e-03
6.24283674e-02 1.31093081e-03 1.09872792e-03
6.28363654e-02 1.33647112e-03 1.10823707e-03
6.32443629e-02 -1.15111034e-04 1.05056647e-03
6.36523597e-02 1.48053313e-03 1.06350443e-03
6.40603559e-02 1.73064157e-03 1.03874777e-03
6.44683516e-02 -9.34707458e-04 1.01098621e-03
6.48763466e-02 8.14903159e-04 1.01447977e-03
6.52843410e-02 -1.75697166e-04 1.01032752e-03
6.56923348e-02 1.11369156e-03 1.04207949e-03
6.61003279e-02 2.85898691e-04 1.01644352e-03
6.65083205e-02 2.36743677e-04 1.00052631e-03
6.69163124e-02 -1.01408207e-04 1.03213656e-03
6.73243036e-02 6.20568732e-04 1.01707378e-03
6.77322943e-02 1.66654306e-03 1.00890780e-03
6.81402842e-02 -5.48368092e-04 9.93331050e-04
6.85482736e-02 1.06785013e-03 9.89991381e-04
6.89562623e-02 7.93663372e-05 9.37690869e-04
6.93642503e-02 -6.41701455e-04 9.52000198e-04
6.97722377e-02 1.34822840e-04 9.31524792e-04
7.01802244e-02 -1.67681461e-04 9.70765485e-04
7.05882105e-02 -5.12711683e-04 9.38139308e-04
7.09961958e-02 -5.41318714e-04 9.66252976e-04
7.14041805e-02 1.09016101e-03 9.51424850e-04
7.18121646e-02 8.89765516e-04 9.55927758e-04
7.22201479e-02 8.94520542e-04 9.38687065e-04
7.26281306e-02 -7.24557825e-04 9.26173927e-04
7.30361126e-02 9.59954902e-04 9.71966184e-04
7.34440938e-02 7.49379340e-04 9.34488711e-04
7.38520744e-02 -8.83277048e-04 9.12206662e-04
7.42600543e-02 -6.15179982e-04 9.44814530e-04
7.46680335e-02 1.06702414e-03 9.23848207e-04
7.50760119e-02 6.09803431e-04 9.22156334e-04
7.54839897e-02 1.58364562e-04 9.29191390e-04
7.58919667e-02 1.17846724e-03 9.03639406e-04
7.62999431e-02 -2.84393400e-04 9.19316265e-04
7.67079187e-02 -9.44790865e-04 9.04746290e-04
7.71158935e-02 -3.78504851e-05 9.05539617e-04
7.75238677e-02 5.26955536e-04 9.22269771e-04
7.79318411e-02 -8.26730438e-04 8.97266862e-04
7.83398137e-02 9.19317142e-04 9.29214042e-04
7.87477857e-02 5.13596151e-04 8.98000320e-04
7.91557568e-02 1.24640262e-03 9.27729837e-04
7.95637273e-02 -4.00484332e-04 8.76722923e-04
7.99716969e-02 -3.49224551e-06 8.66024609e-04
8.03796658e-02 2.11664023e-04 9.02937780e-04
8.07876340e-02 7.30867250e-04 8.96986359e-04
8.11956014e-02 -1.92755558e-04 8.82038361e-04
8.16035680e-02 1.58246129e-03 8.50903734e-04
8.20115338e-02 6.76287824e-04 8.28701566e-04
8.24194989e-02 -5.25863515e-04 8.32168680e-04
8.28274631e-02 -1.44319049e-04 8.60310107e-04
8.32354266e-02 -4.61745116e-04 8.64000206e-04
8.36433893e-02 3.39961420e-04 8.35103181e-04
8.40513512e-02 -2.66523402e-05 8.82849695e-04
8.44593123e-02 3.34303818e-04 8.39761776e-04
8.48672727e-02 -1.89164220e-04 8.35071579e-04
8.52752322e-02 6.94803732e-05 8.41733741e-04
8.56831909e-02 2.20068807e-03 8.39946783e-04
8.60911487e-02 -1.24846849e-03 8.44290187e-04
8.64991058e-02 1.77044411e-03 8.49605940e-04
8.69070620e-02 1.20271924e-03 8.38468042e-04
8.73150175e-02 6.92555412e-04 8.40356459e-04
8.77229721e-02 1.04599472e-03 8.33276270e-04
8.81309258e-02 -4.14528354e-04 8.34015219e-04
8.85388787e-02 -4.11707075e-04 8.22315859e-04
8.89468308e-02 -4.33292669e-04 8.22117060e-04
8.93547821e-02 -5.51796046e-04 8.14292466e-04
8.97627325e-02 -5.85430873e-05 8.08957731e-04
9.01706820e-02 3.61124075e-04 8.07533978e-04
9.05786307e-02 -5.03196741e-04 8.15454928e-04
9.09865785e-02 -8.11036598e-04 8.06750656e-04
9.13945255e-02 -2.85731779e-04 8.42939183e-04
9.18024716e-02 6.59501879e-04 8.03694114e-04
9.22104168e-02 7.47754100e-04 8.12559410e-04
9.26183611e-02 5.42522106e-04 7.91690426e-04
9.30263046e-02 -2.77694706e-04 8.40518914e-04
9.34342472e-02 2.54135137e-04 8.44844729e-04
9.38421889e-02 3.91610265e-04 8.00242461e-04
9.42501297e-02 1.27874720e-03 8.22716281e-04
9.46580696e-02 -1.29809945e-03 8.08712461e-04
9.50660087e-02 -1.09032177e-03 8.32570234e-04
9.54739468e-02 -1.57050110e-04 8.13886936e-04
9.58818840e-02 1.28285341e-03 8.13919354e-04
9.62898203e-02 -8.54935875e-04 7.83132765e-04
9.66977557e-02 -8.75370588e-05 7.74594891e-04
9.71056902e-02 -2.40308289e-04 7.99060269e-04
9.75136237e-02 -1.42799816e-03 7.80218450e-04
9.79215564e-02 1.14648540e-03 8.12711489e-04
9.83294881e-02 1.67101433e-04 7.69108902e-04
9.87374188e-02 -1.58322372e-03 7.91518609e-04
9.91453487e-02 -6.51658320e-04 8.07617815e-04
9.95532775e-02 1.27644584e-03 7.86488671e-04
9.99612055e-02 1.55574233e-04 7.76838364e-04
1.00369132e-01 1.03959390e-03 7.80709273e-04
1.00777059e-01 -8.03560136e-05 7.42034480e-04
1.01184984e-01 -7.84682992e-05 7.62447659e-04
1.01592908e-01 -3.86310681e-04 7.45844214e-04
1.02000831e-01 -6.38874708e-04 7.53869210e-04
1.02408753e-01 -1.08821847e-03 7.20952323e-04
1.02816674e-01 2.83112159e-04 7.48681037e-04
1.03224595e-01 1.90024843e-03 7.61802152e-04
1.03632514e-01 -6.40350398e-04 7.38585518e-04
1.04040432e-01 -6.73713442e-04 7.48480862e-04
1.04448349e-01 -4.11230159e-04 7.50931045e-04
1.04856266e-01 -4.72306957e-04 7.28666321e-04
1.05264181e-01 -1.38983153e-03 7.45486165e-04
1.05672095e-01 -3.92934033e-04 7.25380762e-04
1.06080009e-01 -6.21828266e-04 7.36661087e-04
1.06487921e-01 6.43157007e-04 7.72070056e-04
1.06895832e-01 5.21580225e-04 7.48040518e-04
1.07303743e-01 -4.28823119e-05 7.68125088e-04
1.07711652e-01 5.27331323e-05 7.44277084e-04
1.08119560e-01 5.86051804e-04 7.46704916e-04
1.08527467e-01 3.66970420e-04 7.55932868e-04
1.08935374e-01 -5.49907467e-04 7.52555233e-04
1.09343279e-01 6.59920815e-04 7.46555897e-04
1.09751183e-01 1.28736939e-03 7.22976516e-04
1.10159086e-01 -7.74520370e-04 7.15540335e-04
1.10566988e-01 9.12142568e-04 7.09827410e-04
1.10974889e-01 3.47194990e-04 7.50166341e-04
1.11382789e-01 3.62140096e-04 7.18984806e-04
1.11790688e-01 -4.11454307e-04 7.13928804e-04
1.12198586e-01 1.39154815e-03 7.42704812e-04
1.12606482e-01 5.89781645e-04 7.55524428e-04
1.13014378e-01 3.28138699e-04 7.30021838e-04
1.13422273e-01 1.04740766e-03 7.26451416e-04
1.13830166e-01 -9.79592785e-06 7.45225410e-04
1.14238059e-01 -2.24807996e-04 7.08935202e-04
1.14645950e-01 5.62492246e-04 7.36067792e-04
1.15053840e-01 4.02779976e-04 7.35562953e-04
1.15461730e-01 -1.14015160e-04 7.42204873e-04
1.15869618e-01 8.48529723e-04 7.55561328e-04
1.16277505e-01 1.04373839e-03 7.53019218e-04
1.16685391e-01 -1.22179735e-04 7.43941870e-04
1.17093275e-01 3.22375111e-04 7.29474776e-04
1.17501159e-01 1.27198574e-03 7.26437109e-04
1.17909042e-01 1.79286140e-03 7.35747281e-04
1.18316923e-01 -6.64396323e-05 7.20814572e-04
1.18724803e-01 -9.08399644e-05 7.04596655e-04
1.19132683e-01 7.85007854e-04 6.95442614e-04
1.19540561e-01 3.86655521e-04 6.94708142e-04
1.19948438e-01 1.04164555e-03 7.11295790e-04
1.20356313e-01 -2.05887243e-04 7.00380674e-04
1.20764188e-01 -2.97549352e-05 7.02605572e-04
1.21172062e-01 -5.24615990e-04 7.07556193e-04
1.21579934e-01 -1.07228393e-04 7.03282463e-04
1.21987805e-01 4.83819586e-04 6.99627783e-04
1.22395675e-01 -1.01444687e-03 6.57897276e-04
1.22803544e-01 -5.91250633e-04 6.70629628e-04
1.23211412e-01 -5.81117049e-04 6.83954506e-04
1.23619278e-01 -8.42200533e-04 6.84234270e-04
1.24027144e-01 3.88967255e-04 7.06314941e-04
1.24435008e-01 1.46042768e-03 6.78988578e-04
1.24842871e-01 1.09956525e-03 6.86446108e-04
1.25250733e-01 1.20971506e-03 6.83343928e-04
1.25658594e-01 7.82818965e-04 6.89603036e-04
1.26066453e-01 6.28521427e-04 6.84559034e-04
1.26474311e-01 4.64421908e-05 6.80405495e-04
1.26882168e-01 1.87562243e-04 6.72732649e-04
1.27290024e-01 -1.05571284e-04 6.57872779e-04
1.27697879e-01 4.81154943e-04 6.64177154e-04
1.28105732e-01 -1.16194748e-03 6.68061731e-04
1.28513585e-01 9.18995022e-04 6.62701446e-04
1.28921436e-01 4.12854649e-04 6.68146718e-04
1.29329285e-01 -2.50772082e-04 6.40442894e-04
1.29737134e-01 4.16838754e-04 6.42336799e-04
1.30144981e-01 -3.74049839e-05 6.65110275e-04
1.30552828e-01 2.48295779e-04 6.75242425e-04
1.30960672e-01 1.30759835e-03 6.68208155e-04
1.31368516e-01 8.56956771e-05 6.64370062e-04
1.31776358e-01 -5.52950063e-04 6.53519598e-04
1.32184200e-01 -2.89077900e-04 6.48894809e-04
1.32592039e-01 5.34808641e-04 6.62033417e-04
1.32999878e-01 6.85565395e-04 6.35483920e-04
1.33407715e-01 1.11021940e-03 6.59913379e-04
1.33815552e-01 -4.49195984e-04 6.57561294e-04
1.34223386e-01 3.34080085e-04 6.26572829e-04
1.34631220e-01 8.47836535e-05 6.34437753e-04
1.35039052e-01 -1.56311664e-03 6.42938107e-04
1.35446883e-01 -7.60007442e-05 6.41837909e-04
1.35854713e-01 4.14011874e-04 6.50551656e-04
1.36262541e-01 -1.59885712e-04 6.45090222e-04
1.36670368e-01 -2.65045619e-04 6.53716765e-04
1.37078194e-01 4.04649812e-04 6.42792979e-04
1.37486019e-01 1.14876716e-03 6.45031564e-04
1.37893842e-01 2.60526725e-04 6.34277738e-04
1.38301664e-01 -9.95087435e-05 6.34188958e-04
1.38709485e-01 4.72894966e-05 6.36145579e-04
1.39117304e-01 -3.38921261e-05 6.17635817e-04
1.39525122e-01 4.17807261e-05 6.26859914e-04
1.39932939e-01 -4.43680053e-04 6.11510152e-04
1.40340754e-01 -8.08252273e-04 6.16272723e-04
1.40748568e-01 -6.02514029e-04 6.18853451e-04
1.41156381e-01 -8.04169922e-04 6.08828075e-04
1.41564192e-01 -7.75525471e-06 6.18425062e-04
1.41972002e-01 5.61091826e-04 6.09714015e-04
1.42379811e-01 -8.45923055e-04 6.28161076e-04
1.42787618e-01 1.86163859e-04 6.34049559e-04
1.43195424e-01 2.76833006e-04 6.29679315e-04
1.43603228e-01 1.03936397e-03 6.17126011e-04
1.44011032e-01 9.12793895e-04 6.40136030e-04
1.44418833e-01 -7.86708751e-04 6.15060972e-04
1.44826634e-01 1.79719693e-05 6.20495723e-04
1.45234433e-01 1.08154508e-03 6.18812913e-04
1.45642231e-01 5.58400713e-04 6.27310062e-04
1.46050027e-01 -2.39229662e-04 6.23408722e-04
1.46457822e-01 5.05989015e-04 6.27903184e-04
1.46865616e-01 -3.26633986e-04 6.38731982e-04
1.47273408e-01 8.15856683e-04 6.43415956e-04
1.47681199e-01 8.61822726e-04 6.41010462e-04
1.48088988e-01 4.23967680e-04 6.21675749e-04
1.48496776e-01 -4.83404758e-05 6.27229555e-04
1.48904563e-01 -2.06193982e-04 6.10909954e-04
1.49312348e-01 3.88778468e-04 6.08861657e-04
1.49720132e-01 6.78472388e-04 6.21640942e-04
1.50127914e-01 7.60643614e-04 6.35039685e-04
1.50535695e-01 -3.12710384e-04 6.02059884e-04
1.50943474e-01 -2.90121317e-04 6.07836964e-04
1.51351252e-01 9.94448975e-04 6.14889489e-04
1.51759029e-01 1.60927311e-04 6.17235181e-04
1.52166804e-01 6.42771407e-04 6.16498175e-04
1.52574578e-01 3.87227539e-04 6.05479046e-04
1.52982350e-01 -1.27222881e-04 5.95712977e-04
1.53390121e-01 6.95962146e-04 6.05420030e-04
1.53797890e-01 5.40354683e-04 6.01114549e-04
1.54205658e-01 2.52492797e-04 6.03048177e-04
1.54613425e-01 4.60724733e-04 6.10620086e-04
1.55021190e-01 4.38983890e-04 5.95925521e-04
1.55428953e-01 -4.95518189e-04 5.96779886e-04
1.55836716e-01 -3.95836725e-05 6.00157279e-04
1.56244476e-01 -1.62261976e-03 5.83569846e-04
1.56652235e-01 -4.56519246e-04 5.96374511e-04
1.57059993e-01 -4.18938689e-04 6.04788108e-04
1.57467749e-01 7.50576766e-04 5.89271087e-04
1.57875504e-01 2.02285961e-04 5.81475707e-04
1.58283257e-01 5.62159494e-05 5.87126962e-04
1.58691008e-01 -7.76777411e-04 5.77816227e-04
1.59098758e-01 -2.56497544e-04 5.73651177e-04
1.59506507e-01 -4.87364930e-05 5.86403357e-04
1.59914254e-01 -4.36977818e-04 5.69595189e-04
1.60322000e-01 3.01867811e-04 5.79733148e-04
1.60729744e-01 6.45615527e-04 5.85097445e-04
1.61137486e-01 -8.94921747e-05 5.68742310e-04
1.61545228e-01 -1.57891640e-04 5.67277951e-04
1.61952967e-01 1.25259895e-04 5.78092487e-04
1.62360705e-01 4.08163891e-04 5.78583531e-04
1.62768441e-01 -3.95913697e-04 5.51620057e-04
1.63176176e-01 2.08468761e-05 5.83548002e-04
1.63583910e-01 -3.00878851e-04 5.60256520e-04
1.63991641e-01 2.78200569e-04 5.67413818e-04
1.64399372e-01 -4.17664242e-04 5.64769834e-04
1.64807100e-01 3.32057167e-05 5.57508114e-04
1.65214827e-01 1.19672694e-04 5.74371870e-04
1.65622553e-01 1.75699806e-03 5.60994260e-04
1.66030277e-01 -3.00352818e-04 5.65084024e-04
1.66437999e-01 1.59271544e-04 5.80678765e-04
1.66845720e-01 3.33829960e-04 5.79418433e-04
1.67253439e-01 2.40231926e-04 5.63977192e-04
1.67661157e-01 1.11313363e-04 5.59318670e-04
1.68068873e-01 1.56370791e-04 5.49988700e-04
1.68476588e-01 -9.36909486e-06 5.62107620e-04
1.68884301e-01 -7.41245011e-04 5.60719544e-04
1.69292012e-01 -6.78337137e-04 5.42817212e-04
1.69699721e-01 -6.51643825e-04 5.43696647e-04
1.70107430e-01 5.56926358e-04 5.42717466e-04
1.70515136e-01 1.00699676e-04 5.56409379e-04
1.70922841e-01 -5.45166066e-04 5.47897916e-04
1.71330544e-01 3.55236021e-04 5.46206934e-04
1.71738246e-01 -4.21903542e-04 5.48929052e-04
1.72145946e-01 5.35465102e-04 5.64493152e-04
1.72553644e-01 -3.78477896e-04 5.49012258e-04
1.72961341e-01 3.37222278e-04 5.60642890e-04
1.73369036e-01 5.06055562e-05 5.45889381e-04
1.73776729e-01 -6.00790623e-04 5.35285856e-04
1.74184421e-01 4.11547456e-04 5.44784520e-04
1.74592111e-01 2.72146890e-04 5.35404417e-04
1.74999799e-01 2.08052975e-04 5.40445398e-04
1.75407486e-01 -1.89935656e-04 5.37394887e-04
1.75815171e-01 -5.22774170e-04 5.51137499e-04
1.76222855e-01 -3.82239086e-04 5.47429951e-04
1.76630537e-01 -2.36424123e-04 5.37091631e-04
1.77038217e-01 1.99053169e-04 5.45554074e-04
1.77445895e-01 -1.16929909e-04 5.38968368e-04
1.77853572e-01 -2.51752883e-04 5.40160589e-04
1.78261247e-01 -5.10561255e-04 5.28336536e-04
1.78668921e-01 -2.71119329e-05 5.31405954e-04
1.79076592e-01 7.20394626e-04 5.34094103e-04
1.79484262e-01 5.93245510e-04 5.29696348e-04
1.79891931e-01 9.75892183e-04 5.26442074e-04
1.80299597e-01 1.13279629e-05 5.09378093e-04
1.80707262e-01 3.96175730e-04 5.39642379e-04
1.81114925e-01 3.10450577e-04 5.37433382e-04
1.81522587e-01 6.04647000e-04 5.12220236e-04
1.81930247e-01 -1.74810270e-04 5.15090899e-04
1.82337905e-01 5.82176735e-04 5.22408233e-04
1.82745561e-01 -1.47501440e-04 5.27362183e-04
1.83153215e-01 1.47054593e-05 5.28271950e-04
1.83560868e-01 -1.35529030e-03 5.07797346e-04
1.83968519e-01 4.22361561e-06 5.25083276e-04
1.84376169e-01 1.09517137e-05 5.25659799e-04
1.84783816e-01 1.48866192e-03 5.26477178e-04
1.85191462e-01 2.32514195e-04 5.11991209e-04
1.85599106e-01 -1.62597035e-04 5.22100214e-04
1.86006749e-01 -2.59732016e-04 5.09291695e-04
1.86414389e-01 4.64440049e-05 5.10606395e-04
1.86822028e-01 -4.56202499e-05 5.21083958e-04
1.87229665e-01 7.81578095e-04 5.28951499e-04
1.87637300e-01 1.25942955e-04 5.03002983e-04
1.88044934e-01 5.57892859e-04 5.20847306e-04
1.88452566e-01 5.73604791e-05 5.16742004e-04
1.88860195e-01 6.21506638e-04 5.05868657e-04
1.89267824e-01 -7.91829915e-04 5.02055664e-04
1.89675450e-01 6.58098565e-04 5.15964069e-04
1.90083074e-01 -3.68147275e-04 4.93346890e-04
1.90490697e-01 -5.17883481e-04 5.00259775e-04
1.90898318e-01 -7.34198954e-04 5.04181939e-04
1.91305937e-01 -2.96783811e-04 5.10352448e-04
1.91713555e-01 2.82463348e-04 5.05617132e-04
1.92121170e-01 -2.73710147e-04 5.00465214e-04
1.92528784e-01 -1.30693506e-04 5.04210151e-04
1.92936396e-01 5.01132960e-04 5.00477016e-04
1.93344006e-01 -6.09291980e-04 5.02870815e-04
1.93751614e-01 4.34439706e-04 4.99650229e-04
1.94159220e-01 9.42265403e-04 5.07640537e-04
1.94566825e-01 7.33187604e-05 4.96324122e-04
1.94974427e-01 2.42094404e-05 4.96557529e-04
1.95382028e-01 5.47989281e-04 5.02812945e-04
1.95789627e-01 2.14175813e-05 5.05267388e-04
1.96197224e-01 3.99863650e-04 4.94156644e-04
1.96604820e-01 4.64549726e-04 4.93904878e-04
1.97012413e-01 8.84970896e-04 4.89256269e-04
1.97420005e-01 -1.24771210e-03 4.89739765e-04
1.97827594e-01 -8.56850311e-04 5.00274951e-04
1.98235182e-01 -1.61772026e-04 5.02776743e-04
1.98642768e-01 1.21345467e-04 5.07441982e-04
1.99050352e-01 -2.95654955e-05 4.87979845e-04
1.99457934e-01 3.31202056e-04 5.05382694e-04
1.99865514e-01 1.54769664e-04 5.02090655e-04
2.00273093e-01 5.16000520e-04 5.11024819e-04
2.00680669e-01 2.12153352e-04 5.03892642e-04
2.01088244e-01 -1.14825300e-03 5.02519620e-04
2.01495816e-01 -5.94471021e-04 4.99502080e-04
2.01903387e-01 -3.58251721e-04 5.05814286e-04
2.02310956e-01 9.31222768e-04 5.10372291e-04
2.02718523e-01 3.26233709e-04 5.11920311e-04
2.03126088e-01 -1.38921521e-05 5.08988834e-04
2.03533651e-01 4.71986644e-04 5.16135013e-04
2.03941212e-01 1.04496590e-03 5.24754021e-04
2.04348771e-01 6.46135179e-04 5.13801271e-04
2.04756329e-01 1.01531892e-03 5.09210330e-04
2.05163884e-01 6.01996069e-04 5.13150681e-04
2.05571438e-01 -1.93202469e-04 4.88392181e-04
2.05978989e-01 -1.21469759e-03 4.95621703e-04
2.06386539e-01 6.20272654e-04 5.17650670e-04
2.06794086e-01 5.89733033e-05 4.95131289e-04
2.07201632e-01 4.71944588e-04 4.98220703e-04
2.07609175e-01 9.83313924e-04 4.95531714e-04
2.08016717e-01 4.39632978e-04 4.85041480e-04
2.08424257e-01 4.51627774e-04 4.78704442e-04
2.08831794e-01 -1.98798578e-04 4.68137280e-04
2.09239330e-01 1.16552150e-04 4.90398126e-04
2.09646864e-01 -4.48395691e-04 4.84636575e-04
2.10054396e-01 9.63915335e-04 4.83477568e-04
2.10461925e-01 -4.39409569e-04 4.67796613e-04
2.10869453e-01 -6.12000095e-04 4.78695399e-04
2.11276979e-01 -2.01310320e-04 4.70761844e-04
2.11684503e-01 -3.98002085e-04 4.78151947e-04
2.12092025e-01 4.55699618e-04 4.81059068e-04
2.12499544e-01 4.20302512e-04 4.74602773e-04
2.12907062e-01 1.91169219e-04 4.72456671e-04
2.13314578e-01 -9.69199578e-05 4.82455564e-04
2.13722092e-01 2.05642496e-04 4.83575367e-04
2.14129603e-01 9.01466047e-04 4.79114491e-04
2.14537113e-01 5.41842336e-04 4.74175640e-04
2.14944621e-01 2.91880650e-04 4.64750330e-04
2.15352126e-01 -1.14958065e-05 4.74750531e-04
2.15759630e-01 6.37529514e-04 4.65866263e-04
2.16167131e-01 9.20860590e-05 4.79368542e-04
2.16574631e-01 6.92761243e-04 4.72946280e-04
2.16982128e-01 1.44167320e-04 4.80044009e-04
2.17389624e-01 -1.01682580e-04 4.71674563e-04
2.17797117e-01 1.05566426e-03 4.80551134e-04
2.18204608e-01 1.94330048e-04 4.58660356e-04
2.18612098e-01 2.08851472e-04 4.55379626e-04
2.19019585e-01 3.97172260e-04 4.66554320e-04
2.19427070e-01 4.26608586e-04 4.62359057e-04
2.19834553e-01 -2.42517882e-04 4.59895523e-04
2.20242034e-01 1.57852418e-04 4.79599902e-04
2.20649512e-01 -6.01361573e-04 4.59869580e-04
2.21056989e-01 1.65542229e-04 4.65298920e-04
2.21464464e-01 4.54891052e-04 4.62936256e-04
2.21871936e-01 4.55806611e-04 4.77807692e-04
2.22279407e-01 6.57983858e-04 4.62915501e-04
2.22686875e-01 6.16255985e-04 4.66428602e-04
2.23094341e-01 1.05142878e-04 4.70404765e-04
2.23501805e-01 6.04252658e-04 4.65772382e-04
2.23909267e-01 -2.22440244e-04 4.62782406e-04
2.24316727e-01 3.53685814e-05 4.64161583e-04
2.24724185e-01 -5.69287711e-04 4.62948327e-04
2.25131641e-01 9.81124863e-05 4.70716120e-04
2.25539094e-01 -1.99468539e-04 4.64117335e-04
2.25946545e-01 -1.45132056e-03 4.44786130e-04
2.26353995e-01 -1.02034590e-03 4.46864013e-04
2.26761442e-01 -4.90964008e-05 4.58868710e-04
2.27168887e-01 8.51916975e-05 4.57765208e-04
2.27576329e-01 8.26389616e-04 4.50732801e-04
2.27983770e-01 -7.08704415e-05 4.56092128e-04
2.28391208e-01 1.02160020e-03 4.55920846e-04
2.28798645e-01 4.80686310e-05 4.71923297e-04
2.29206079e-01 1.17306168e-04 4.58791674e-04
2.29613511e-01 -1.75252088e-04 4.58102955e-04
2.30020941e-01 -5.54262011e-05 4.61899296e-04
2.30428368e-01 4.62218510e-04 4.67044088e-04
2.30835794e-01 4.28571415e-04 4.52800101e-04
2.31243217e-01 -1.27088584e-04 4.65013451e-04
2.31650638e-01 -1.67297607e-04 4.64868518e-04
2.32058057e-01 -3.59983910e-04 4.67790298e-04
2.32465473e-01 7.79127197e-04 4.62417745e-04
2.32872888e-01 -5.96128101e-04 4.61534809e-04
2.33280300e-01 9.08557233e-05 4.71531600e-04
2.33687710e-01 6.30328577e-04 4.65060673e-04
2.34095118e-01 2.74575398e-04 4.55021701e-04
2.34502524e-01 9.08374796e-04 4.62905204e-04
2.34909927e-01 3.68260699e-04 4.68363871e-04
2.35317328e-01 2.18804276e-04 4.61200610e-04
2.35724727e-01 -4.08620710e-04 4.56525434e-04
2.36132124e-01 -4.48836342e-04 4.62307906e-04
2.36539518e-01 2.26068805e-04 4.55588006e-04
2.36946911e-01 2.72777480e-04 4.51750449e-04
2.37354301e-01 -3.97867965e-04 4.41152036e-04
2.37761688e-01 -3.22801009e-04 4.48548230e-04
2.38169074e-01 5.83173533e-04 4.52980976e-04
2.38576457e-01 7.46351922e-04 4.59125025e-04
2.38983838e-01 -1.83341977e-04 4.49012209e-04
2.39391217e-01 8.10715213e-04 4.60717886e-04
2.39798593e-01 -5.39748975e-05 4.43437103e-04
2.40205967e-01 1.10408061e-04 4.47439210e-04
2.40613339e-01 1.83354993e-04 4.42203034e-04
2.41020709e-01 -9.31057381e-05 4.38375929e-04
2.41428076e-01 -1.03369929e-04 4.40628870e-04
2.41835441e-01 5.34147316e-04 4.42934748e-04
2.42242804e-01 -6.76391540e-04 4.47667758e-04
2.42650165e-01 -3.59172733e-04 4.41379117e-04
2.43057523e-01 2.08922786e-04 4.41328211e-04
2.43464879e-01 1.65038145e-04 4.41643745e-04
2.43872232e-01 -1.09725608e-04 4.41293962e-04
2.44279584e-01 5.17772102e-04 4.35550714e-04
2.44686933e-01 4.67689483e-04 4.33249013e-04
2.45094279e-01 3.74936802e-04 4.30899702e-04
2.45501624e-01 2.73100117e-04 4.27891739e-04
2.45908966e-01 8.05979204e-04 4.36723321e-04
2.46316305e-01 -1.87452082e-04 4.33574022e-04
2.46723643e-01 3.44366555e-05 4.33817616e-04
2.47130978e-01 6.51044765e-04 4.41256746e-04
2.47538310e-01 3.46376925e-04 4.33312130e-04
2.47945641e-01 -2.96312165e-04 4.31902699e-04
2.48352969e-01 -1.16972226e-05 4.35522759e-04
2.48760294e-01 2.72963896e-04 4.41143821e-04
2.49167618e-01 4.35740576e-04 4.40655081e-04
2.49574939e-01 1.13583087e-03 4.36080779e-04
2.49982257e-01 7.47773537e-04 4.29502872e-04
2.50389573e-01 -1.71384797e-05 4.22596363e-04
2.50796887e-01 5.23160962e-04 4.33720803e-04
2.51204199e-01 2.56709589e-04 4.27416838e-04
2.51611508e-01 1.91009258e-04 4.38019363e-04
2.52018815e-01 -2.82224357e-04 4.33201296e-04
2.52426119e-01 2.77299246e-04 4.28736375e-04
2.52833421e-01 -2.82107577e-04 4.33481791e-04
2.53240720e-01 6.90126290e-04 4.32265304e-04
2.53648017e-01 2.01061638e-05 4.32548547e-04
2.54055312e-01 4.35620167e-04 4.28670847e-04
2.54462605e-01 4.47224268e-04 4.25088373e-04
2.54869894e-01 1.19284748e-03 4.29501472e-04
2.55277182e-01 -2.69259187e-04 4.22329692e-04
2.55684467e-01 7.52488683e-05 4.23199529e-04
2.56091750e-01 1.07541917e-03 4.17883026e-04
2.56499030e-01 3.63670918e-05 4.24001249e-04
2.56906308e-01 5.67023639e-04 4.20499716e-04
2.57313583e-01 -2.99662415e-04 4.22569651e-04
2.57720856e-01 -7.49142933e-05 4.21702672e-04
2.58128127e-01 -5.69997181e-05 4.15317149e-04
2.58535395e-01 6.84619724e-05 4.16143004e-04
2.58942661e-01 -1.24467755e-04 4.13748922e-04
2.59349924e-01 -3.14695931e-04 4.19481437e-04
2.59757184e-01 -5.18850613e-04 4.04520802e-04
2.60164443e-01 6.07758772e-05 4.15957084e-04
2.60571699e-01 3.03429237e-04 4.24573669e-04
2.60978952e-01 -4.31745476e-04 4.11020715e-04
2.61386203e-01 -9.86634343e-05 4.13196427e-04
2.61793451e-01 -2.36702108e-04 4.17122024e-04
2.62200697e-01 2.29643849e-04 4.23731978e-04
2.62607941e-01 4.34405519e-04 4.24684678e-04
2.63015182e-01 1.62660218e-04 4.18931044e-04
2.63422420e-01 2.43126374e-04 4.13252337e-04
2.63829656e-01 -2.93523405e-04 4.12059591e-04
2.64236890e-01 -2.01782609e-04 4.19154932e-04
2.64644121e-01 -1.92231705e-04 4.13393832e-04
2.65051349e-01 -6.86222847e-04 4.06089721e-04
2.65458575e-01 2.90393418e-04 4.08193916e-04
2.65865799e-01 -5.23160187e-04 4.11758652e-04
2.66273019e-01 -1.45319751e-04 4.11475816e-04
2.66680238e-01 1.21919821e-04 4.10935732e-04
2.67087454e-01 6.83412433e-04 4.16267150e-04
2.67494667e-01 3.80162175e-04 4.09844574e-04
2.67901878e-01 6.53378997e-04 4.08867372e-04
2.68309086e-01 2.71972350e-04 4.06756896e-04
2.68716292e-01 2.88564311e-04 4.04583899e-04
2.69123495e-01 8.49233943e-05 4.01873964e-04
2.69530696e-01 -4.53557261e-04 4.11966081e-04
2.69937894e-01 -4.63837187e-04 4.03923930e-04
2.70345090e-01 -3.31370201e-06 4.15255742e-04
2.70752283e-01 8.17855900e-04 4.09799183e-04
2.71159473e-01 6.90854901e-05 4.12762475e-04
2.71566661e-01 1.04494296e-04 4.05915087e-04
2.71973847e-01 2.94029143e-04 4.11738261e-04
2.72381030e-01 1.52537108e-04 3.96280886e-04
2.72788210e-01 -1.06254726e-04 3.96449563e-04
2.73195387e-01 -8.55411655e-05 3.96779657e-04
2.73602562e-01 7.56830195e-05 3.97379014e-04
2.74009735e-01 -1.24799216e-04 3.98201515e-04
2.74416905e-01 3.57696817e-04 4.02535565e-04
2.74824072e-01 1.22279798e-04 4.00198065e-04
2.75231237e-01 1.02763482e-04 4.00023815e-04
2.75638399e-01 -6.91869581e-04 3.99862539e-04
2.76045558e-01 -7.65802982e-06 3.92839162e-04
2.76452715e-01 1.64120549e-04 3.97781489e-04
2.76859869e-01 1.88553562e-04 3.97934237e-04
2.77267021e-01 -1.64314723e-04 3.93599577e-04
2.77674170e-01 1.24130985e-04 3.99201384e-04
2.78081316e-01 3.40278139e-05 3.98687312e-04
2.78488460e-01 -4.44222668e-04 3.90760008e-04
2.78895601e-01 -8.90108140e-04 3.83662473e-04
2.79302740e-01 1.09106559e-05 3.93623878e-04
2.79709875e-01 7.71844144e-04 3.91424838e-04
2.80117009e-01 3.18905176e-04 3.90049029e-04
2.80524139e-01 4.81499225e-04 4.00443232e-04
2.80931267e-01 1.90726123e-04 3.92485636e-04
2.81338392e-01 2.16593311e-04 3.95407633e-04
2.81745515e-01 -3.79337063e-04 3.86977262e-04
2.82152635e-01 3.41796925e-04 3.95914126e-04
2.82559752e-01 -4.97604131e-04 3.85217536e-04
2.82966866e-01 -3.40125053e-04 3.88391651e-04
2.83373978e-01 -3.51614158e-04 3.97118742e-04
2.83781088e-01 -1.01806254e-04 3.97518629e-04
2.84188194e-01 6.35846006e-04 4.07206491e-04
2.84595298e-01 3.23526391e-04 3.96215400e-04
2.85002399e-01 -2.49136533e-04 3.88949944e-04
2.85409497e-01 9.94334421e-05 3.88426785e-04
2.85816593e-01 -1.53096405e-04 3.90123317e-04
2.86223686e-01 1.29721541e-04 4.00329406e-04
2.86630777e-01 -1.16502793e-04 3.96779898e-04
2.87037864e-01 4.02375776e-04 3.99231121e-04
2.87444949e-01 9.66925286e-04 4.03617454e-04
2.87852031e-01 2.96732134e-04 4.03871142e-04
2.88259111e-01 -4.49149728e-04 3.98793417e-04
2.88666188e-01 6.75220641e-04 4.04184395e-04
2.89073262e-01 1.15932464e-03 4.01325904e-04
2.89480333e-01 -1.37169097e-04 3.94856073e-04
2.89887401e-01 6.17730170e-05 4.03045438e-04
2.90294467e-01 2.97991616e-04 4.02011793e-04
2.90701530e-01 -6.74025059e-04 3.91270295e-04
2.91108591e-01 -1.25889455e-04 3.94587609e-04
2.91515648e-01 -2.70384594e-04 3.90174454e-04
2.91922703e-01 3.91147856e-04 3.93884789e-04
2.92329755e-01 -2.42425155e-04 3.89691832e-04
2.92736804e-01 4.03105470e-04 3.93175171e-04
2.93143851e-01 -4.80505477e-04 3.90480335e-04
2.93550895e-01 -2.07895669e-04 3.85646763e-04
2.93957936e-01 -1.98208938e-04 3.91142574e-04
2.94364974e-01 4.70544340e-04 3.95126057e-04
2.94772009e-01 -2.34214623e-05 3.96062434e-04
2.95179042e-01 2.93524487e-04 3.98498143e-04
2.95586072e-01 4.99164653e-06 3.89028854e-04
2.95993099e-01 -1.35103133e-04 3.95128705e-04
2.96400123e-01 5.17756789e-04 3.91942854e-04
2.96807145e-01 6.76855676e-05 3.90167582e-04
2.97214163e-01 -1.70189249e-04 3.81916512e-04
2.97621179e-01 -2.26695244e-04 3.96801160e-04
2.98028192e-01 -2.12951125e-04 3.91232557e-04
2.98435202e-01 2.80820403e-04 3.95942496e-04
2.98842210e-01 1.90782245e-04 3.87266920e-04
2.99249214e-01 -4.71012838e-04 3.89841957e-04
2.99656216e-01 -1.10347757e-04 3.90312216e-04
3.00063215e-01 7.06226245e-05 3.95382191e-04
3.00470211e-01 9.79917437e-05 4.01143773e-04
3.00877204e-01 -2.45185775e-04 3.88037430e-04
3.01284194e-01 -4.02485852e-05 3.93280133e-04
3.01691182e-01 6.78526010e-05 4.01211158e-04
3.02098167e-01 4.73255050e-04 3.96089104e-04
3.02505149e-01 -5.80112862e-04 3.87981994e-04
3.02912128e-01 4.02753114e-05 3.88549303e-04
3.03319104e-01 1.35207944e-04 3.89052501e-04
3.03726077e-01 -4.72343245e-04 3.88640773e-04
3.04133047e-01 -3.67079833e-04 3.93513184e-04
3.04540015e-01 -4.66256507e-04 3.85307892e-04
3.04946979e-01 -3.24172221e-04 3.93964749e-04
3.05353941e-01 3.22312181e-04 3.90807556e-04
3.05760900e-01 -1.50794968e-04 3.85030701e-04
3.06167856e-01 -7.53417589e-04 3.85230112e-04
3.06574809e-01 -2.08964610e-04 3.97936253e-04
3.06981759e-01 -1.27107267e-04 3.86327450e-04
3.07388706e-01 3.13501968e-04 3.96376660e-04
3.07795651e-01 -3.65687385e-04 3.84394015e-04
3.08202592e-01 -1.84120782e-04 3.88514736e-04
3.08609531e-01 6.21793691e-05 3.90533416e-04
3.09016466e-01 6.76091134e-04 3.93724006e-04
3.09423399e-01 1.54972366e-04 3.99471555e-04
3.09830329e-01 -6.97129298e-06 3.96426202e-04
3.10237256e-01 -1.24668331e-04 3.98676252e-04
3.10644180e-01 4.59381511e-05 4.08704096e-04
3.11051101e-01 -1.29569913e-04 3.86449740e-04
3.11458019e-01 -1.17738727e-04 3.94361393e-04
3.11864934e-01 1.86248268e-04 4.00524167e-04
3.12271846e-01 6.83322958e-04 3.98953291e-04
3.12678755e-01 1.68689835e-04 3.98841226e-04
3.13085661e-01 2.85608984e-04 4.04605818e-04
3.13492565e-01 2.97307681e-05 4.03909663e-04
3.13899465e-01 2.63331305e-04 4.07119828e-04
3.14306362e-01 9.03852602e-05 4.02184931e-04
3.14713257e-01 1.69013334e-04 4.09076615e-04
3.15120148e-01 -7.33422750e-05 4.04462062e-04
3.15527037e-01 3.72303680e-04 4.11976560e-04
3.15933922e-01 -3.89382648e-04 4.08134565e-04
3.16340805e-01 1.74947912e-04 4.44600736e-04
3.16747684e-01 4.32667431e-05 4.92060065e-04
3.17154561e-01 9.40912688e-04 5.17848588e-04
3.17561434e-01 -1.11678308e-03 5.26050148e-04
3.17968305e-01 4.47460615e-04 5.69805313e-04
3.18375172e-01 -9.13422271e-05 6.05762107e-04
3.18782037e-01 7.57305531e-04 6.26794941e-04
3.19188898e-01 4.67917897e-04 6.42140403e-04
3.19595757e-01 5.28908223e-04 6.80712690e-04
3.20002612e-01 4.71687825e-04 7.08290832e-04
3.20409465e-01 3.76356069e-04 7.73292433e-04
3.20816314e-01 -4.28611580e-04 7.93054860e-04
3.21223160e-01 1.39087492e-03 9.62565622e-04
3.21630004e-01 -8.19066499e-04 1.04934671e-03
3.22036844e-01 -1.54926973e-03 1.26111228e-03
3.22443681e-01 -2.87774676e-03 1.84718093e-03
3.22850516e-01 9.05101104e-03 5.82854246e-03
