4.08043586e-03 -1.15675922e-02 2.64699877e-02
4.48847930e-03 -2.22898101e-03 2.71898126e-02
4.89652269e-03 3.91502388e-03 2.03171254e-02
5.30456604e-03 -2.48346625e-02 1.38699891e-02
5.71260934e-03 -1.21613328e-02 1.12707560e-02
6.12065258e-03 -4.85229911e-03 9.42737501e-03
6.52869577e-03 -4.55232584e-04 8.06340024e-03
6.93673889e-03 3.30655277e-03 6.41387906e-03
7.34478195e-03 7.26256670e-04 5.85701083e-03
7.75282494e-03 -5.60911832e-03 4.95886295e-03
8.16086785e-03 5.90186277e-03 4.39599486e-03
8.56891069e-03 -6.54775233e-04 4.30690699e-03
8.97695345e-03 3.42334331e-03 4.05972047e-03
9.38499612e-03 -5.24965593e-03 3.79552752e-03
9.79303870e-03 -1.14829944e-04 3.51041443e-03
1.02010812e-02 -4.29465123e-03 3.15984836e-03
1.06091236e-02 -5.05588590e-04 2.97551168e-03
1.10171659e-02 1.33105229e-03 3.06454930e-03
1.14252081e-02 -3.09366192e-03 3.23088942e-03
1.18332501e-02 4.70184054e-04 2.79951728e-03
1.22412921e-02 3.81418220e-04 2.69378246e-03
1.26493339e-02 5.81940814e-03 2.83171096e-03
1.30573757e-02 5.57653565e-04 2.49935885e-03
1.34654173e-02 4.57067736e-04 2.69890005e-03
1.38734588e-02 4.61368977e-03 2.44293588e-03
1.42815001e-02 -3.10002816e-04 2.33533526e-03
1.46895413e-02 -3.04894746e-03 2.41711292e-03
1.50975824e-02 1.40832510e-04 2.23020454e-03
1.55056233e-02 1.28789282e-03 2.04553681e-03
1.59136641e-02 -1.37709798e-03 2.03377876e-03
1.63217047e-02 -1.40171039e-03 1.91324680e-03
1.67297452e-02 7.22698368e-04 2.07332407e-03
1.71377855e-02 4.33314953e-03 2.09210920e-03
1.75458257e-02 2.47908519e-04 1.88822767e-03
1.79538657e-02 -2.03521510e-03 2.10217967e-03
1.83619055e-02 -3.53890784e-03 1.84137106e-03
1.87699451e-02 -2.71630291e-03 1.80673087e-03
1.91779846e-02 -1.17478628e-03 1.85449104e-03
1.95860239e-02 6.05066398e-04 1.88029756e-03
1.99940630e-02 2.44291908e-03 1.74081279e-03
2.04021019e-02 1.60763714e-03 1.92658143e-03
2.08101406e-02 -1.15027643e-03 1.75383663e-03
2.12181791e-02 2.05098204e-03 1.89529701e-03
2.16262174e-02 -1.11264003e-03 1.74211458e-03
2.20342555e-02 2.14605250e-03 1.73340907e-03
2.24422934e-02 1.58216261e-03 1.76691370e-03
2.28503311e-02 -2.52102166e-03 1.60262505e-03
2.32583686e-02 -4.27034686e-04 1.65622529e-03
2.36664058e-02 1.63961752e-03 1.63787882e-03
2.40744429e-02 -1.75003276e-04 1.71438049e-03
2.44824797e-02 -2.16876671e-03 1.62446256e-03
2.48905162e-02 7.51982659e-05 1.60871792e-03
2.52985525e-02 -1.91110795e-03 1.77414694e-03
2.57065886e-02 -1.30543808e-04 1.61910539e-03
2.61146245e-02 8.95305694e-04 1.62184149e-03
2.65226601e-02 2.40085136e-03 1.61970791e-03
2.69306954e-02 3.01458054e-03 1.73519040e-03
2.73387305e-02 -3.16912405e-03 1.67489141e-03
2.77467653e-02 -9.54919208e-04 1.67906493e-03
2.81547999e-02 -1.04519094e-03 1.68428638e-03
2.85628342e-02 5.64211275e-04 1.63670931e-03
2.89708682e-02 -2.22032913e-03 1.68141894e-03
2.93789020e-02 -2.36832466e-03 1.65538769e-03
2.97869355e-02 -3.41852984e-04 1.54560167e-03
3.01949687e-02 -1.81320413e-04 1.56294105e-03
3.06030016e-02 -4.86269386e-04 1.63503942e-03
3.10110342e-02 2.93502018e-04 1.57392836e-03
3.14190665e-02 2.13178882e-03 1.53883498e-03
3.18270985e-02 1.36614414e-03 1.56412782e-03
3.22351302e-02 1.76986602e-03 1.49128795e-03
3.26431617e-02 3.08422559e-04 1.47960347e-03
3.30511928e-02 2.50554756e-03 1.59045521e-03
3.34592236e-02 -7.92250356e-04 1.45921893e-03
3.38672540e-02 5.80549860e-06 1.42121947e-03
3.42752842e-02 -9.35498890e-04 1.37765053e-03
3.46833140e-02 -7.07816219e-04 1.47535237e-03
3.50913435e-02 9.24728644e-04 1.41607922e-03
3.54993727e-02 -1.27818945e-03 1.28545908e-03
3.59074015e-02 3.87628058e-03 1.41542457e-03
3.63154300e-02 -3.07949754e-04 1.36781858e-03
3.67234581e-02 -4.42115900e-04 1.36877411e-03
3.71314859e-02 -1.93912138e-03 1.34269429e-03
3.75395134e-02 6.09212343e-04 1.30674617e-03
3.79475405e-02 -1.95298831e-05 1.32573499e-03
3.83555672e-02 7.96521389e-04 1.33467358e-03
3.87635935e-02 1.09676757e-03 1.34027815e-03
3.91716195e-02 9.34166097e-04 1.36823465e-03
3.95796452e-02 1.07170163e-03 1.37793572e-03
3.99876704e-02 -5.48110813e-05 1.32909460e-03
4.03956953e-02 5.59188735e-04 1.34371794e-03
4.08037198e-02 -1.12417316e-03 1.31323129e-03
4.12117439e-02 -2.51936817e-03 1.25654505e-03
4.16197676e-02 -4.50761402e-05 1.24577314e-03
4.20277909e-02 -2.52046682e-04 1.23617787e-03
4.24358138e-02 1.11230916e-03 1.23862550e-03
4.28438363e-02 -7.81221453e-04 1.17772672e-03
4.32518584e-02 1.60866195e-03 1.27177402e-03
4.36598801e-02 2.58245862e-04 1.28129167e-03
4.40679014e-02 3.41861929e-04 1.22820943e-03
4.44759222e-02 -4.16168245e-04 1.20193979e-03
4.48839427e-02 9.85573337e-04 1.18341865e-03
4.52919627e-02 -7.83041671e-04 1.18934740e-03
4.56999823e-02 1.62591953e-03 1.20037351e-03
4.61080014e-02 6.65737150e-04 1.16825726e-03
4.65160201e-02 4.76941057e-06 1.16775693e-03
4.69240384e-02 1.02276848e-03 1.20489766e-03
4.73320562e-02 -7.36614786e-04 1.23291278e-03
4.77400736e-02 -1.00271867e-03 1.17662687e-03
4.81480905e-02 2.29258646e-03 1.23886673e-03
4.85561070e-02 5.13788006e-04 1.15993654e-03
4.89641230e-02 4.34719990e-04 1.23189462e-03
4.93721385e-02 2.72828920e-03 1.21418383e-03
4.97801536e-02 -5.14183676e-04 1.17057056e-03
5.01881682e-02 -2.06980317e-03 1.14341191e-03
5.05961823e-02 8.85164475e-04 1.09231135e-03
5.10041960e-02 -1.40927075e-04 1.06703812e-03
5.14122091e-02 -5.40903092e-04 1.10046574e-03
5.18202218e-02 4.77432240e-04 1.16437767e-03
5.22282340e-02 1.62783305e-03 1.10648121e-03
5.26362457e-02 1.33629008e-03 1.12277505e-03
5.30442569e-02 1.61119503e-03 1.08991201e-03
5.34522675e-02 -8.27854368e-04 1.08807654e-03
5.38602777e-02 -1.40709455e-04 1.11806360e-03
5.42682874e-02 5.09054767e-05 1.11153494e-03
5.46762965e-02 7.51201797e-05 1.13314620e-03
5.50843052e-02 1.12314396e-03 1.05463783e-03
5.54923133e-02 -6.79231439e-04 1.09109582e-03
5.59003208e-02 -9.46165439e-04 1.10903088e-03
5.63083279e-02 -6.07026383e-04 1.07260306e-03
5.67163344e-02 5.37834884e-05 1.07504867e-03
5.71243404e-02 -1.21504922e-03 1.11869579e-03
5.75323458e-02 5.38023828e-04 1.06307459e-03
5.79403507e-02 1.36969290e-03 1.10215162e-03
5.83483551e-02 -1.40816612e-04 1.04781924e-03
5.87563588e-02 6.49047684e-04 1.10289415e-03
5.91643621e-02 -1.76728221e-04 1.11804817e-03
5.95723647e-02 1.19640019e-03 1.09974587e-03
5.99803668e-02 8.18694285e-04 1.11741763e-03
6.03883684e-02 -4.62171915e-04 1.15694784e-03
6.07963693e-02 1.54052421e-03 1.10855427e-03
6.12043697e-02 9.60900354e-04 1.10286779e-03
6.16123695e-02 -5.83284716e-04 1.06920403e-03
6.20203687e-02 -2.03621680e-03 1.05843038e-03
6.24283674e-02 -1.14760603e-03 1.07410465e-03
6.28363654e-02 -7.95758225e-04 1.04900322e-03
6.32443629e-02 1.46670418e-04 1.07558916e-03
6.36523597e-02 -1.96265182e-03 1.03175246e-03
6.40603559e-02 -1.19150034e-03 1.01636954e-03
6.44683516e-02 1.18859091e-03 1.03929702e-03
6.48763466e-02 4.33349556e-04 1.05052998e-03
6.52843410e-02 -3.07883573e-04 1.02073990e-03
6.56923348e-02 -2.98924324e-04 9.78777524e-04
6.61003279e-02 1.25209628e-03 1.03000837e-03
6.65083205e-02 4.59407378e-04 1.06988915e-03
6.69163124e-02 6.03222389e-04 9.87278615e-04
6.73243036e-02 1.19601483e-03 1.02325528e-03
6.77322943e-02 -1.72573585e-04 9.48779556e-04
6.81402842e-02 6.88253039e-04 9.97674344e-04
6.85482736e-02 1.65711628e-03 9.95175419e-04
6.89562623e-02 9.10819990e-04 9.94812476e-04
6.93642503e-02 1.63890609e-03 1.01726171e-03
6.97722377e-02 9.73544164e-04 9.75709453e-04
7.01802244e-02 6.00042825e-04 9.88724217e-04
7.05882105e-02 4.36521172e-04 9.52239208e-04
7.09961958e-02 1.91524876e-04 9.45934980e-04
7.14041805e-02 -5.58766679e-04 9.40496928e-04
7.18121646e-02 1.90503506e-04 9.55517350e-04
7.22201479e-02 -5.49696162e-04 9.33333377e-04
7.26281306e-02 -1.59193106e-03 9.07746032e-04
7.30361126e-02 1.50069156e-03 9.43400592e-04
7.34440938e-02 -5.39200208e-04 9.59519976e-04
7.38520744e-02 3.05242461e-04 9.21984542e-04
7.42600543e-02 -4.94216561e-04 9.25318676e-04
7.46680335e-02 1.28649923e-03 9.30231666e-04
7.50760119e-02 2.88306293e-04 9.22187569e-04
7.54839897e-02 1.52756520e-03 9.11100870e-04
7.58919667e-02 1.50550314e-04 8.98272362e-04
7.62999431e-02 -7.22665790e-04 9.23189585e-04
7.67079187e-02 -1.98927666e-04 8.98123708e-04
7.71158935e-02 -1.64751698e-03 8.79416255e-04
7.75238677e-02 2.22473772e-04 9.26979212e-04
7.79318411e-02 9.38027329e-05 8.93275275e-04
7.83398137e-02 -6.18428814e-04 8.67656595e-04
7.87477857e-02 -9.36941855e-04 8.96555376e-04
7.91557568e-02 8.48321787e-04 9.13530502e-04
7.95637273e-02 5.98492950e-04 8.97381816e-04
7.99716969e-02 2.88381085e-04 8.47504632e-04
8.03796658e-02 3.60788875e-04 8.67919785e-04
8.07876340e-02 -9.34127311e-05 8.52966501e-04
8.11956014e-02 -7.03999426e-04 8.62779823e-04
8.16035680e-02 3.46125376e-04 8.63414026e-04
8.20115338e-02 -9.56574413e-04 8.75447036e-04
8.24194989e-02 5.32126790e-04 8.63060062e-04
8.28274631e-02 -2.04122498e-04 8.82354136e-04
8.32354266e-02 1.33504493e-03 8.80629206e-04
8.36433893e-02 3.54952760e-04 8.57767067e-04
8.40513512e-02 1.99129808e-04 8.70289777e-04
8.44593123e-02 7.57522913e-04 8.48534936e-04
8.48672727e-02 1.25631866e-03 8.50485722e-04
8.52752322e-02 -5.72135183e-04 8.35307367e-04
8.56831909e-02 5.06385347e-04 8.69024193e-04
8.60911487e-02 -2.89227111e-04 8.32030992e-04
8.64991058e-02 -6.97900455e-04 8.47079813e-04
8.69070620e-02 -2.63979649e-03 8.29567794e-04
8.73150175e-02 -7.28040351e-04 8.46170391e-04
8.77229721e-02 -4.37533185e-04 8.27087230e-04
8.81309258e-02 -7.22955100e-04 8.25790100e-04
8.85388787e-02 -6.98279188e-04 8.38025086e-04
8.89468308e-02 -1.66379919e-04 8.44024625e-04
8.93547821e-02 -2.25253366e-05 8.28066571e-04
8.97627325e-02 1.82093800e-04 8.13354563e-04
9.01706820e-02 -2.09245735e-04 7.74375972e-04
9.05786307e-02 1.12667389e-04 7.67535383e-04
9.09865785e-02 -1.81064333e-03 8.00616693e-04
9.13945255e-02 -4.82399382e-04 8.19365145e-04
9.18024716e-02 -4.50981125e-04 7.86334156e-04
9.22104168e-02 -2.49652182e-04 8.02917780e-04
9.26183611e-02 1.00690850e-03 8.31045513e-04
9.30263046e-02 8.21099701e-04 8.28107235e-04
9.34342472e-02 -2.42937732e-04 8.11722808e-04
9.38421889e-02 -2.78913678e-04 8.19548325e-04
9.42501297e-02 -2.39632331e-04 8.20991996e-04
9.46580696e-02 -2.02698965e-04 8.19632174e-04
9.50660087e-02 1.61594082e-04 8.29172610e-04
9.54739468e-02 4.20188547e-05 8.22851217e-04
9.58818840e-02 -8.42458103e-04 7.90736320e-04
9.62898203e-02 2.01732958e-04 7.98030292e-04
9.66977557e-02 -4.96223998e-04 7.94225365e-04
9.71056902e-02 -7.96787527e-06 7.99175266e-04
9.75136237e-02 3.67642370e-04 7.98856468e-04
9.79215564e-02 -1.18089335e-04 7.60326046e-04
9.83294881e-02 -6.15934825e-04 7.70198461e-04
9.87374188e-02 3.45390042e-05 7.97884981e-04
9.91453487e-02 3.16212680e-04 7.85712018e-04
9.95532775e-02 1.22122327e-03 7.74584404e-04
9.99612055e-02 1.53567938e-04 7.71145178e-04
1.00369132e-01 -4.77056973e-05 7.61965013e-04
1.00777059e-01 -1.17817618e-04 7.68213195e-04
1.01184984e-01 2.84684904e-04 7.88347957e-04
1.01592908e-01 -7.17690597e-05 7.75648225e-04
1.02000831e-01 -1.10699265e-04 7.35702587e-04
1.02408753e-01 -5.27848312e-04 7.45429049e-04
1.02816674e-01 -3.24784400e-04 7.52040397e-04
1.03224595e-01 1.28355886e-03 7.44577981e-04
1.03632514e-01 8.52768440e-04 7.52140155e-04
1.04040432e-01 4.91454688e-04 7.37068482e-04
1.04448349e-01 -2.59924300e-04 7.54552963e-04
1.04856266e-01 7.02614583e-04 7.52546634e-04
1.05264181e-01 6.98749800e-04 7.50012090e-04
1.05672095e-01 2.81484332e-04 7.25778553e-04
1.06080009e-01 -2.25580309e-04 7.26660139e-04
1.06487921e-01 4.92114720e-04 7.36007333e-04
1.06895832e-01 1.42290178e-03 7.40762683e-04
1.07303743e-01 6.17734721e-04 7.53114365e-04
1.07711652e-01 -1.75984315e-04 7.42319496e-04
1.08119560e-01 -6.82182761e-04 7.52382507e-04
1.08527467e-01 7.30530851e-04 7.48199691e-04
1.08935374e-01 4.56516578e-04 7.46088599e-04
1.09343279e-01 7.54573486e-04 7.60698145e-04
1.09751183e-01 1.10712709e-04 7.49590093e-04
1.10159086e-01 3.76196399e-04 7.23047035e-04
1.10566988e-01 2.23457106e-05 7.08570889e-04
1.10974889e-01 6.78354115e-04 7.29851842e-04
1.11382789e-01 1.20427359e-04 7.32870545e-04
1.11790688e-01 -3.02783471e-04 7.48646866e-04
1.12198586e-01 -5.89257754e-04 7.46858056e-04
1.12606482e-01 2.39356917e-04 7.23471883e-04
1.13014378e-01 -4.05171515e-05 7.33099326e-04
1.13422273e-01 -1.04234362e-03 7.05681172e-04
1.13830166e-01 4.65868953e-04 7.51940130e-04
1.14238059e-01 -7.24127750e-05 7.36892629e-04
1.14645950e-01 6.21362987e-04 7.20393109e-04
1.15053840e-01 -6.31854001e-04 7.32163950e-04
1.15461730e-01 1.40718464e-03 7.28606996e-04
1.15869618e-01 1.53989577e-04 7.36276591e-04
1.16277505e-01 3.51907295e-06 7.30534148e-04
1.16685391e-01 -6.30942507e-04 7.40120782e-04
1.17093275e-01 -3.99868550e-04 7.10856024e-04
1.17501159e-01 6.27337354e-04 7.48063667e-04
1.17909042e-01 -1.40455053e-03 7.22251144e-04
1.18316923e-01 9.32846013e-04 7.47014744e-04
1.18724803e-01 7.52448010e-06 7.11426273e-04
1.19132683e-01 -8.02973647e-04 7.15681706e-04
1.19540561e-01 8.96311594e-04 7.05699529e-04
1.19948438e-01 1.38782725e-03 7.13077691e-04
1.20356313e-01 -3.39985868e-04 7.02788792e-04
1.20764188e-01 -2.04314451e-04 6.76578267e-04
1.21172062e-01 -1.22619148e-04 6.82652238e-04
1.21579934e-01 1.01932511e-04 6.90438647e-04
1.21987805e-01 -4.41920703e-04 6.95073403e-04
1.22395675e-01 -2.39527524e-04 6.73050608e-04
1.22803544e-01 -9.39034406e-04 6.80302988e-04
1.23211412e-01 -6.31301854e-04 6.68569470e-04
1.23619278e-01 -8.25821319e-04 6.90599347e-04
1.24027144e-01 8.47242088e-04 6.96050407e-04
1.24435008e-01 2.54364574e-04 7.10839334e-04
1.24842871e-01 -1.00175388e-03 6.70084948e-04
1.25250733e-01 -6.55757303e-04 6.57999382e-04
1.25658594e-01 4.60752813e-04 6.94873941e-04
1.26066453e-01 9.36581209e-04 6.77849010e-04
1.26474311e-01 1.32728134e-03 6.52597058e-04
1.26882168e-01 4.03905678e-04 6.85784231e-04
1.27290024e-01 1.67594878e-04 6.68873824e-04
1.27697879e-01 -3.67532347e-05 6.60071814e-04
1.28105732e-01 -9.57959813e-04 6.60284693e-04
1.28513585e-01 -4.66646076e-04 6.70159596e-04
1.28921436e-01 -4.02292561e-04 6.61999918e-04
1.29329285e-01 5.79918224e-04 6.76845638e-04
1.29737134e-01 -2.78509641e-05 6.39581897e-04
1.30144981e-01 -8.80617085e-04 6.33714368e-04
1.30552828e-01 1.31768829e-04 6.55982847e-04
1.30960672e-01 -2.59725290e-04 6.43723970e-04
1.31368516e-01 1.92952813e-04 6.37400305e-04
1.31776358e-01 -9.67082976e-04 6.44536342e-04
1.32184200e-01 -1.01065435e-03 6.46330724e-04
1.32592039e-01 4.01231960e-04 6.45152760e-04
1.32999878e-01 -6.41319673e-04 6.38599932e-04
1.33407715e-01 -3.17201461e-04 6.69958121e-04
1.33815552e-01 8.62038224e-04 6.43302819e-04
1.34223386e-01 1.70063842e-04 6.72126971e-04
1.34631220e-01 6.57613678e-04 6.54153745e-04
1.35039052e-01 5.67563873e-05 6.51478063e-04
1.35446883e-01 -5.93380892e-04 6.38242069e-04
1.35854713e-01 8.14035796e-04 6.34305520e-04
1.36262541e-01 -3.45789629e-04 6.31139153e-04
1.36670368e-01 9.81155577e-04 6.35573013e-04
1.37078194e-01 5.88117722e-04 6.22592505e-04
1.37486019e-01 1.30124264e-03 6.58044926e-04
1.37893842e-01 2.19039423e-04 6.37361557e-04
1.38301664e-01 -3.99700460e-04 6.28301880e-04
1.38709485e-01 1.95371454e-04 6.43014400e-04
1.39117304e-01 -3.64650580e-04 6.25761276e-04
1.39525122e-01 -7.87983324e-04 6.23098804e-04
1.39932939e-01 -4.12940011e-04 6.23144110e-04
1.40340754e-01 -4.71364642e-04 6.16378806e-04
1.40748568e-01 -4.95478420e-04 6.16464350e-04
1.41156381e-01 -2.74658470e-04 6.12927052e-04
1.41564192e-01 3.53216124e-04 6.06533854e-04
1.41972002e-01 4.07555697e-04 6.09351350e-04
1.42379811e-01 -2.77788266e-04 6.21523342e-04
1.42787618e-01 6.83294735e-04 6.27392638e-04
1.43195424e-01 4.05756355e-04 6.27202484e-04
1.43603228e-01 -7.73355941e-04 6.18871871e-04
1.44011032e-01 1.91033103e-04 6.30195775e-04
1.44418833e-01 -1.45953540e-03 6.31673340e-04
1.44826634e-01 -3.23139223e-04 6.04942763e-04
1.45234433e-01 7.07662851e-04 6.29269088e-04
1.45642231e-01 8.95703760e-04 6.46361253e-04
1.46050027e-01 9.23002691e-04 6.46861715e-04
1.46457822e-01 4.27214092e-07 6.49084936e-04
1.46865616e-01 -4.09174071e-04 6.45908314e-04
1.47273408e-01 6.10075305e-04 6.57769154e-04
1.47681199e-01 3.25704485e-04 6.47395019e-04
1.48088988e-01 9.37289090e-04 6.30976246e-04
1.48496776e-01 7.18205785e-04 6.37678889e-04
1.48904563e-01 -5.28216574e-05 6.39111034e-04
1.49312348e-01 -4.54560141e-05 6.31603903e-04
1.49720132e-01 2.50000409e-04 6.02170512e-04
1.50127914e-01 1.64842859e-04 6.12092695e-04
1.50535695e-01 3.50538404e-04 6.11948371e-04
1.50943474e-01 1.44091619e-03 6.12395351e-04
1.51351252e-01 1.27527689e-03 6.16041046e-04
1.51759029e-01 -6.25754292e-05 6.16489449e-04
1.52166804e-01 -6.64992440e-04 6.12263566e-04
1.52574578e-01 1.40914093e-03 6.13443084e-04
1.52982350e-01 -6.61839817e-05 5.90940333e-04
1.53390121e-01 3.68342731e-04 6.01167304e-04
1.53797890e-01 2.98072465e-04 5.98822710e-04
1.54205658e-01 -3.23498682e-04 6.01645081e-04
1.54613425e-01 1.08852307e-03 5.93473106e-04
1.55021190e-01 -6.22992812e-05 6.02216446e-04
1.55428953e-01 -1.03264953e-03 5.82600685e-04
1.55836716e-01 2.99540204e-04 5.89527863e-04
1.56244476e-01 7.84844301e-04 6.05260852e-04
1.56652235e-01 -3.44222528e-04 5.84387949e-04
1.57059993e-01 -4.30092829e-04 5.88013243e-04
1.57467749e-01 -1.07682074e-03 5.67315998e-04
1.57875504e-01 3.48212327e-04 5.84121997e-04
1.58283257e-01 -4.21755194e-04 5.84212741e-04
1.58691008e-01 -1.17002513e-03 5.74346772e-04
1.59098758e-01 3.12158929e-05 5.67726019e-04
1.59506507e-01 -3.02470397e-05 5.67351711e-04
1.59914254e-01 -4.75238654e-04 5.66187836e-04
1.60322000e-01 -7.28449450e-04 5.69942907e-04
1.60729744e-01 2.36297200e-04 5.77597980e-04
1.61137486e-01 -1.27546106e-04 5.66758910e-04
1.61545228e-01 3.71939870e-04 5.75483649e-04
1.61952967e-01 9.85322300e-04 5.59853630e-04
1.62360705e-01 4.94728777e-04 5.81151395e-04
1.62768441e-01 -6.77614579e-04 5.72408977e-04
1.63176176e-01 2.47403106e-04 5.70342517e-04
1.63583910e-01 -5.54021547e-04 5.61991875e-04
1.63991641e-01 7.16894028e-04 5.77470015e-04
1.64399372e-01 8.46958810e-04 5.73577666e-04
1.64807100e-01 -5.30818490e-04 5.67972815e-04
1.65214827e-01 9.62151999e-04 5.80573947e-04
1.65622553e-01 1.61975521e-04 5.65746135e-04
1.66030277e-01 -3.27687000e-05 5.54131234e-04
1.66437999e-01 2.65967342e-04 5.60367243e-04
1.66845720e-01 -1.04241115e-03 5.46433476e-04
1.67253439e-01 9.61331795e-04 5.58807706e-04
1.67661157e-01 -1.03414693e-05 5.54935557e-04
1.68068873e-01 2.23636787e-04 5.47660618e-04
1.68476588e-01 -3.46898453e-04 5.62003402e-04
1.68884301e-01 4.20917113e-05 5.62686490e-04
1.69292012e-01 -1.03672985e-03 5.46895973e-04
1.69699721e-01 4.99226880e-05 5.46454302e-04
1.70107430e-01 -4.18346922e-04 5.44883944e-04
1.70515136e-01 -7.46423635e-04 5.28692041e-04
1.70922841e-01 -8.82558496e-04 5.26545360e-04
1.71330544e-01 -3.23734847e-04 5.40440495e-04
1.71738246e-01 -8.69445495e-04 5.46721589e-04
1.72145946e-01 4.03348711e-04 5.63965477e-04
1.72553644e-01 -6.03463085e-04 5.32371126e-04
1.72961341e-01 6.71222456e-04 5.45063037e-04
1.73369036e-01 6.07303795e-04 5.42133559e-04
1.73776729e-01 1.93578317e-04 5.35544803e-04
1.74184421e-01 -1.06701476e-04 5.37267136e-04
1.74592111e-01 5.97620178e-04 5.42335380e-04
1.74999799e-01 4.50812183e-04 5.32069011e-04
1.75407486e-01 -1.71156999e-04 5.37173527e-04
1.75815171e-01 4.17633800e-04 5.39903731e-04
1.76222855e-01 1.80400375e-04 5.47919162e-04
1.76630537e-01 -2.48327871e-04 5.38008906e-04
1.77038217e-01 2.74483964e-04 5.39075170e-04
1.77445895e-01 3.92233611e-04 5.36617841e-04
1.77853572e-01 -4.00490076e-04 5.35398664e-04
1.78261247e-01 -2.46790207e-04 5.34300084e-04
1.78668921e-01 -6.82232901e-05 5.25859309e-04
1.79076592e-01 2.71025414e-04 5.32732448e-04
1.79484262e-01 -3.85619284e-04 5.26272188e-04
1.79891931e-01 5.76878011e-04 5.28637878e-04
1.80299597e-01 -7.85261327e-04 5.20469393e-04
1.80707262e-01 4.10435578e-04 5.31480056e-04
1.81114925e-01 1.19950985e-03 5.42878199e-04
1.81522587e-01 -3.62378976e-04 5.16487264e-04
1.81930247e-01 5.50544858e-05 5.16474213e-04
1.82337905e-01 5.04915521e-04 5.21963609e-04
1.82745561e-01 6.73333077e-04 5.31803288e-04
1.83153215e-01 -8.61986234e-04 5.21638251e-04
1.83560868e-01 5.47119737e-04 5.33746539e-04
1.83968519e-01 -1.92189552e-04 5.24771791e-04
1.84376169e-01 2.10269409e-04 5.23145404e-04
1.84783816e-01 8.31046539e-05 5.16799790e-04
1.85191462e-01 5.27212252e-04 5.28926099e-04
1.85599106e-01 1.51536830e-04 5.14690521e-04
1.86006749e-01 -4.15175894e-04 5.21262235e-04
1.86414389e-01 1.47322197e-04 5.18925209e-04
1.86822028e-01 -1.57214126e-04 5.26952923e-04
1.87229665e-01 4.57645671e-04 5.17943562e-04
1.87637300e-01 -6.42347312e-05 5.18501326e-04
1.88044934e-01 5.63269306e-04 5.12438632e-04
1.88452566e-01 -1.17662886e-04 5.05297135e-04
1.88860195e-01 -1.92567321e-04 5.03939039e-04
1.89267824e-01 2.82048118e-04 5.02945085e-04
1.89675450e-01 2.03103324e-04 5.10837869e-04
1.90083074e-01 3.62757620e-04 5.16686771e-04
1.90490697e-01 -2.66334126e-04 5.21265734e-04
1.90898318e-01 3.25816473e-05 5.15289846e-04
1.91305937e-01 -6.96288059e-05 5.03485773e-04
1.91713555e-01 1.00770848e-03 5.06054923e-04
1.92121170e-01 -1.62838533e-04 5.01148864e-04
1.92528784e-01 1.98594260e-04 5.13768154e-04
1.92936396e-01 -1.74827467e-04 5.05132656e-04
1.93344006e-01 -3.59602191e-04 4.94346271e-04
1.93751614e-01 9.90998702e-04 4.98402142e-04
1.94159220e-01 -2.47947141e-04 5.02676204e-04
1.94566825e-01 -8.17387832e-04 4.92569553e-04
1.94974427e-01 -4.52078117e-04 5.02140759e-04
1.95382028e-01 3.38210516e-04 5.01086596e-04
1.95789627e-01 5.32656175e-04 5.03402255e-04
1.96197224e-01 -2.53442743e-04 4.97394869e-04
1.96604820e-01 -5.85839439e-04 4.90105354e-04
1.97012413e-01 -6.42195941e-04 4.86687040e-04
1.97420005e-01 -7.28139149e-04 4.87826449e-04
1.97827594e-01 -2.86008035e-04 4.94873489e-04
1.98235182e-01 -6.97004635e-04 5.14047525e-04
1.98642768e-01 3.78376382e-04 5.07155132e-04
1.99050352e-01 6.70733183e-04 5.02439158e-04
1.99457934e-01 -8.58692546e-05 5.01395091e-04
1.99865514e-01 -6.95598800e-04 5.01413194e-04
2.00273093e-01 4.78803927e-04 5.06723024e-04
2.00680669e-01 -8.79184049e-05 5.05905888e-04
2.01088244e-01 7.49439675e-04 4.99303988e-04
2.01495816e-01 -6.66297371e-04 5.11626773e-04
2.01903387e-01 -2.69267624e-04 5.09417036e-04
2.02310956e-01 1.63564591e-05 5.14403495e-04
2.02718523e-01 -2.33628838e-04 5.13950610e-04
2.03126088e-01 -4.05150515e-04 5.08705014e-04
2.03533651e-01 2.28255036e-04 5.23249356e-04
2.03941212e-01 6.51546756e-04 4.99771679e-04
2.04348771e-01 -1.11684913e-04 4.95103433e-04
2.04756329e-01 -2.89753333e-04 4.98123516e-04
2.05163884e-01 3.15229868e-04 5.06735319e-04
2.05571438e-01 8.31247287e-06 4.98340093e-04
2.05978989e-01 -1.58199824e-05 5.05814786e-04
2.06386539e-01 -7.99585867e-04 4.85698003e-04
2.06794086e-01 -3.99188961e-04 4.89376321e-04
2.07201632e-01 -7.84449651e-04 4.78670945e-04
2.07609175e-01 4.85197422e-04 4.92476545e-04
2.08016717e-01 1.36572847e-04 4.89704849e-04
2.08424257e-01 4.44534554e-04 4.86763972e-04
2.08831794e-01 -1.49255308e-04 4.76094933e-04
2.09239330e-01 -1.26446444e-04 4.82503149e-04
2.09646864e-01 6.51482219e-04 4.85096705e-04
2.10054396e-01 6.15056450e-05 4.83294039e-04
2.10461925e-01 -3.85860226e-04 4.92187811e-04
2.10869453e-01 -6.01849665e-04 4.70891896e-04
2.11276979e-01 5.75047245e-04 4.82050803e-04
2.11684503e-01 8.01113441e-06 4.80157082e-04
2.12092025e-01 -5.30718875e-04 4.81330326e-04
2.12499544e-01 7.57330350e-04 4.80846287e-04
2.12907062e-01 2.23159778e-04 4.82008356e-04
2.13314578e-01 3.40144062e-05 4.76892642e-04
2.13722092e-01 -3.63647936e-04 4.69285572e-04
2.14129603e-01 -3.63315369e-04 4.86233275e-04
2.14537113e-01 -6.78629151e-04 4.77882456e-04
2.14944621e-01 9.73233579e-04 4.74850591e-04
2.15352126e-01 -7.32789931e-05 4.80229730e-04
2.15759630e-01 -1.25688292e-04 4.82312178e-04
2.16167131e-01 -7.85438393e-05 4.71995250e-04
2.16574631e-01 4.49907641e-04 4.78006802e-04
2.16982128e-01 1.67524619e-04 4.71599153e-04
2.17389624e-01 1.05325826e-06 4.77483771e-04
2.17797117e-01 6.44617458e-04 4.77991241e-04
2.18204608e-01 8.68053780e-04 4.79866248e-04
2.18612098e-01 5.38241200e-04 4.64749865e-04
2.19019585e-01 -4.70224796e-04 4.69201641e-04
2.19427070e-01 4.21763397e-04 4.62901268e-04
2.19834553e-01 -2.64084691e-04 4.54940570e-04
2.20242034e-01 -1.03302070e-03 4.59825990e-04
2.20649512e-01 5.86450820e-04 4.57956743e-04
2.21056989e-01 -2.47846213e-04 4.69905792e-04
2.21464464e-01 -5.91872370e-04 4.68878216e-04
2.21871936e-01 4.42548533e-04 4.74216178e-04
2.22279407e-01 -4.48475215e-04 4.59950568e-04
2.22686875e-01 -1.01749644e-03 4.62051686e-04
2.23094341e-01 -4.01669856e-04 4.61482191e-04
2.23501805e-01 1.65053422e-05 4.54775572e-04
2.23909267e-01 6.35431386e-05 4.66332487e-04
2.24316727e-01 -6.08918102e-04 4.71831583e-04
2.24724185e-01 7.82191193e-04 4.62178499e-04
2.25131641e-01 3.33817210e-04 4.71931093e-04
2.25539094e-01 -1.40684584e-04 4.60015212e-04
2.25946545e-01 -3.10932882e-04 4.51831627e-04
2.26353995e-01 1.01653269e-04 4.58101718e-04
2.26761442e-01 -3.44388255e-04 4.46323101e-04
2.27168887e-01 -1.01284604e-05 4.60760164e-04
2.27576329e-01 8.34378805e-04 4.70055656e-04
2.27983770e-01 -1.41228376e-04 4.55378286e-04
2.28391208e-01 -3.17580604e-04 4.50958229e-04
2.28798645e-01 8.72483135e-04 4.64698996e-04
2.29206079e-01 -5.34818355e-04 4.63708117e-04
2.29613511e-01 4.21665743e-04 4.69022272e-04
2.30020941e-01 -1.09241867e-04 4.64130623e-04
2.30428368e-01 -5.71253514e-04 4.52606861e-04
2.30835794e-01 2.80311871e-04 4.62322471e-04
2.31243217e-01 -3.00367144e-04 4.61104790e-04
2.31650638e-01 3.93829504e-04 4.64834151e-04
2.32058057e-01 1.68889663e-04 4.67568887e-04
2.32465473e-01 7.94187383e-04 4.66464374e-04
2.32872888e-01 -2.78416824e-04 4.73413491e-04
2.33280300e-01 4.52434805e-04 4.61212270e-04
2.33687710e-01 2.35935276e-06 4.61331320e-04
2.34095118e-01 -9.06861609e-04 4.57112610e-04
2.34502524e-01 5.51282303e-05 4.65115757e-04
2.34909927e-01 -4.73761975e-05 4.69317539e-04
2.35317328e-01 -1.16966096e-04 4.65429570e-04
2.35724727e-01 1.90771416e-04 4.55687629e-04
2.36132124e-01 -2.05853702e-04 4.51202711e-04
2.36539518e-01 -6.32054898e-04 4.57544819e-04
2.36946911e-01 -2.18151729e-04 4.48540307e-04
2.37354301e-01 -3.83040955e-04 4.48463097e-04
2.37761688e-01 -1.07424957e-04 4.49525078e-04
2.38169074e-01 -2.15196165e-04 4.52141980e-04
2.38576457e-01 3.01389877e-04 4.63867060e-04
2.38983838e-01 1.90682034e-04 4.48191935e-04
2.39391217e-01 -2.82363856e-04 4.48961874e-04
2.39798593e-01 -3.77006011e-04 4.43210555e-04
2.40205967e-01 -6.64412395e-04 4.39942817e-04
2.40613339e-01 2.86871665e-04 4.48616912e-04
2.41020709e-01 5.73085944e-04 4.45828338e-04
2.41428076e-01 3.07565864e-04 4.42103727e-04
2.41835441e-01 -3.73946346e-04 4.39715351e-04
2.42242804e-01 3.32396699e-05 4.43381671e-04
2.42650165e-01 4.60580451e-06 4.39529600e-04
2.43057523e-01 -2.25158787e-04 4.36868508e-04
2.43464879e-01 5.34459873e-04 4.54847605e-04
2.43872232e-01 -1.77850901e-04 4.38864991e-04
2.44279584e-01 1.95063127e-04 4.36997999e-04
2.44686933e-01 -4.80825028e-04 4.33153333e-04
2.45094279e-01 5.65858193e-05 4.31306610e-04
2.45501624e-01 5.58224561e-04 4.46190481e-04
2.45908966e-01 -5.37001020e-04 4.36727050e-04
2.46316305e-01 3.58069082e-04 4.35375984e-04
2.46723643e-01 -4.67445177e-04 4.24721343e-04
2.47130978e-01 7.68263533e-05 4.23863810e-04
2.47538310e-01 -7.43298743e-04 4.23894538e-04
2.47945641e-01 -4.97972519e-05 4.31877706e-04
2.48352969e-01 7.35439828e-04 4.37228302e-04
2.48760294e-01 -7.08280576e-04 4.27141215e-04
2.49167618e-01 -1.80248757e-04 4.28206452e-04
2.49574939e-01 -5.20896099e-04 4.23368202e-04
2.49982257e-01 -1.84422025e-04 4.20986189e-04
2.50389573e-01 -2.77020014e-04 4.23841017e-04
2.50796887e-01 1.62108564e-04 4.32138897e-04
2.51204199e-01 -1.46923369e-04 4.30306639e-04
2.51611508e-01 -1.81376595e-05 4.30620234e-04
2.52018815e-01 5.00941747e-04 4.38880019e-04
2.52426119e-01 1.26185089e-03 4.41335471e-04
2.52833421e-01 1.54483478e-04 4.25899964e-04
2.53240720e-01 -2.07157114e-04 4.32604576e-04
2.53648017e-01 -3.64759778e-05 4.21329242e-04
2.54055312e-01 1.45666888e-04 4.29266132e-04
2.54462605e-01 -1.35023421e-04 4.33921319e-04
2.54869894e-01 5.79848162e-05 4.25946306e-04
2.55277182e-01 -1.51869258e-04 4.15039143e-04
2.55684467e-01 5.56467555e-04 4.15499035e-04
2.56091750e-01 1.83657547e-04 4.16575006e-04
2.56499030e-01 -9.52422305e-04 4.17095900e-04
2.56906308e-01 -5.37870809e-04 4.08515893e-04
2.57313583e-01 -3.39944405e-04 4.23199350e-04
2.57720856e-01 1.99832114e-04 4.24599457e-04
2.58128127e-01 1.19611459e-03 4.22085465e-04
2.58535395e-01 3.51221246e-05 4.20569874e-04
2.58942661e-01 -5.27080931e-06 4.15658033e-04
2.59349924e-01 1.62086274e-04 4.14547310e-04
2.59757184e-01 -3.96560566e-04 4.12465235e-04
2.60164443e-01 1.38610536e-04 4.27375024e-04
2.60571699e-01 -3.32703052e-04 4.15316341e-04
2.60978952e-01 -4.31159364e-06 4.16117228e-04
2.61386203e-01 2.36102549e-04 4.14528457e-04
2.61793451e-01 6.64624525e-04 4.18351591e-04
2.62200697e-01 4.58244845e-04 4.22620069e-04
2.62607941e-01 -4.37158191e-04 4.14076381e-04
2.63015182e-01 -2.23816582e-04 4.10869460e-04
2.63422420e-01 -2.14372938e-04 4.16274606e-04
2.63829656e-01 -1.17151766e-04 4.13000194e-04
2.64236890e-01 7.69382440e-05 4.12162986e-04
2.64644121e-01 -9.87117759e-05 4.11216461e-04
2.65051349e-01 -5.05607080e-05 4.01024210e-04
2.65458575e-01 -3.22667780e-04 4.08445541e-04
2.65865799e-01 3.31462607e-04 4.06215085e-04
2.66273019e-01 4.77478073e-05 4.11010236e-04
2.66680238e-01 -4.23106034e-04 4.05908722e-04
2.67087454e-01 -8.56468276e-04 4.06059607e-04
2.67494667e-01 -7.50819982e-05 4.08669694e-04
2.67901878e-01 4.01604799e-04 4.07367301e-04
2.68309086e-01 -1.33844277e-04 4.10726916e-04
2.68716292e-01 1.92132941e-04 4.06080489e-04
2.69123495e-01 -5.19664113e-04 4.05333494e-04
2.69530696e-01 -3.75279531e-04 4.03026177e-04
2.69937894e-01 -7.38757985e-05 4.09087581e-04
2.70345090e-01 -3.91709381e-04 4.09144011e-04
2.70752283e-01 1.24341808e-03 4.05365632e-04
2.71159473e-01 -2.75009785e-04 4.02085951e-04
2.71566661e-01 3.67012585e-04 4.06681661e-04
2.71973847e-01 -2.72078027e-04 4.06404938e-04
2.72381030e-01 -1.43048571e-04 4.05551669e-04
2.72788210e-01 1.42390429e-04 4.06582699e-04
2.73195387e-01 5.55011328e-04 4.07094997e-04
2.73602562e-01 4.76068874e-04 4.10040310e-04
2.74009735e-01 4.06920949e-05 3.97960502e-04
2.74416905e-01 -1.11003510e-03 3.93281050e-04
2.74824072e-01 -3.09222517e-04 3.94109977e-04
2.75231237e-01 -2.36719475e-05 3.96281402e-04
2.75638399e-01 3.62036087e-04 3.94064487e-04
2.76045558e-01 -3.52170705e-04 3.97339672e-04
2.76452715e-01 2.98442051e-04 3.94190266e-04
2.76859869e-01 1.75448653e-04 3.93188336e-04
2.77267021e-01 7.91701604e-05 3.92220493e-04
2.77674170e-01 3.37337753e-04 4.01993983e-04
2.78081316e-01 5.07103511e-04 3.96234588e-04
2.78488460e-01 1.94915560e-04 3.92202202e-04
2.78895601e-01 7.28535363e-04 3.94788313e-04
2.79302740e-01 -2.16675778e-04 3.96084358e-04
2.79709875e-01 -1.64620851e-04 3.92747580e-04
2.80117009e-01 2.01179658e-04 3.94103536e-04
2.80524139e-01 -1.26150961e-03 3.87432134e-04
2.80931267e-01 -1.13589011e-04 3.92163985e-04
2.81338392e-01 5.03012519e-04 3.91316945e-04
2.81745515e-01 2.48279910e-04 3.93186812e-04
2.82152635e-01 6.26688807e-04 3.97126583e-04
2.82559752e-01 5.69767341e-04 3.94900905e-04
2.82966866e-01 -2.27163380e-04 3.88049303e-04
2.83373978e-01 1.40043952e-04 3.90033849e-04
2.83781088e-01 -4.27935070e-06 3.95975306e-04
2.84188194e-01 4.65038558e-04 3.91446348e-04
2.84595298e-01 1.24890027e-04 3.99261555e-04
2.85002399e-01 -9.57407668e-05 3.92733633e-04
2.85409497e-01 -9.01873191e-05 3.92032839e-04
2.85816593e-01 2.47063746e-04 3.98708386e-04
2.86223686e-01 -2.72028038e-04 3.96824260e-04
2.86630777e-01 -6.57285415e-05 3.92896041e-04
2.87037864e-01 -5.08768935e-04 3.94363251e-04
2.87444949e-01 1.20464960e-04 4.02123929e-04
2.87852031e-01 2.53140565e-04 4.04837942e-04
2.88259111e-01 -1.01205666e-04 3.98139455e-04
2.88666188e-01 -9.82337184e-05 3.95603991e-04
2.89073262e-01 -1.80935288e-04 4.03567782e-04
2.89480333e-01 -6.90899906e-04 3.92116712e-04
2.89887401e-01 5.72148364e-04 3.98660478e-04
2.90294467e-01 1.18602109e-04 3.96850377e-04
2.90701530e-01 8.15885782e-05 3.99546836e-04
2.91108591e-01 2.51059468e-04 4.00570492e-04
2.91515648e-01 1.60523001e-04 3.94465332e-04
2.91922703e-01 7.73938150e-04 3.91308181e-04
2.92329755e-01 -7.19890060e-05 3.95507260e-04
2.92736804e-01 2.62718160e-04 3.84337207e-04
2.93143851e-01 1.00344741e-04 3.94161382e-04
2.93550895e-01 -5.57628044e-04 3.88992637e-04
2.93957936e-01 -1.16802450e-03 3.86844438e-04
2.94364974e-01 4.44919016e-04 3.92929612e-04
2.94772009e-01 2.15387163e-04 3.91180956e-04
2.95179042e-01 3.88640120e-04 3.97366024e-04
2.95586072e-01 -4.17129445e-04 3.90094336e-04
2.95993099e-01 -7.83621823e-05 3.92822444e-04
2.96400123e-01 1.69216409e-04 3.92717821e-04
2.96807145e-01 8.55111785e-04 4.02620792e-04
2.97214163e-01 6.16132195e-05 3.92833336e-04
2.97621179e-01 -1.21919746e-04 3.91061645e-04
2.98028192e-01 3.97120428e-04 3.96176950e-04
2.98435202e-01 5.06931490e-05 3.90083219e-04
2.98842210e-01 -3.62701473e-04 3.91699904e-04
2.99249214e-01 1.18941078e-04 3.97001482e-04
2.99656216e-01 -2.28531986e-04 3.96166257e-04
3.00063215e-01 9.18835056e-05 3.86649271e-04
3.00470211e-01 1.96366364e-04 3.99364428e-04
3.00877204e-01 3.96247481e-04 3.97710323e-04
3.01284194e-01 1.79280744e-04 3.97896312e-04
3.01691182e-01 -6.01493708e-04 3.92468846e-04
3.02098167e-01 1.70081081e-04 3.97650021e-04
3.02505149e-01 3.43882826e-04 3.91204012e-04
3.02912128e-01 -5.48653917e-04 3.91366350e-04
3.03319104e-01 5.56503895e-04 3.96825517e-04
3.03726077e-01 2.33249340e-04 3.99597603e-04
3.04133047e-01 -5.69980798e-05 3.89294987e-04
3.04540015e-01 1.34655612e-04 3.91600412e-04
3.04946979e-01 4.39012631e-04 3.89971205e-04
3.05353941e-01 -3.12149858e-04 3.84698644e-04
3.05760900e-01 1.55878843e-04 3.90073367e-04
3.06167856e-01 4.11015617e-04 3.83824631e-04
3.06574809e-01 3.75910846e-05 3.86106671e-04
3.06981759e-01 3.86362692e-04 3.97165241e-04
3.07388706e-01 8.49019900e-04 4.00577221e-04
3.07795651e-01 -2.64204304e-04 3.93567678e-04
3.08202592e-01 -3.88258673e-05 3.97089162e-04
3.08609531e-01 2.42827627e-04 3.92942962e-04
3.09016466e-01 -3.41455295e-04 3.87798060e-04
3.09423399e-01 4.82362071e-05 3.95026394e-04
3.09830329e-01 6.11480843e-05 4.01051356e-04
3.10237256e-01 -1.96097749e-04 4.02573182e-04
3.10644180e-01 2.30747697e-04 4.07164838e-04
3.11051101e-01 -3.41174009e-04 3.94495339e-04
3.11458019e-01 1.67424790e-04 4.03093683e-04
3.11864934e-01 3.58615640e-04 4.03225172e-04
3.12271846e-01 6.20753925e-05 4.04145389e-04
3.12678755e-01 5.78056054e-04 4.04308603e-04
3.13085661e-01 -1.00082737e-04 4.02740163e-04
3.13492565e-01 7.36049023e-04 3.93889114e-04
3.13899465e-01 2.52627891e-04 4.06184508e-04
3.14306362e-01 -2.42940358e-04 3.99296889e-04
3.14713257e-01 4.37717715e-04 4.09785568e-04
3.15120148e-01 -3.25079218e-04 4.02056097e-04
3.15527037e-01 1.93490887e-04 4.12293619e-04
3.15933922e-01 -2.63920174e-04 4.09723341e-04
3.16340805e-01 2.72323292e-04 4.49647936e-04
3.16747684e-01 -2.27954357e-04 4.95891256e-04
3.17154561e-01 4.30827384e-04 5.24095719e-04
3.17561434e-01 8.85440844e-04 5.57004681e-04
3.17968305e-01 4.42779302e-04 5.82832809e-04
3.18375172e-01 -1.71038643e-04 6.15758388e-04
3.18782037e-01 -1.97857332e-04 6.35627964e-04
3.19188898e-01 1.30588898e-04 6.47652890e-04
3.19595757e-01 -4.42958526e-04 6.73192109e-04
3.20002612e-01 1.31002961e-04 7.25137558e-04
3.20409465e-01 -7.37611781e-05 7.69293196e-04
3.20816314e-01 3.59348030e-04 8.41281221e-04
3.21223160e-01 1.97371169e-03 8.97022639e-04
3.21630004e-01 -6.51197721e-04 1.07200534e-03
3.22036844e-01 -6.06137508e-04 1.28912369e-03
3.22443681e-01 -1.23746403e-03 2.14504089e-03
3.22850516e-01 1.19886638e-02 5.56351094e-03
