4.08043586e-03 3.01831329e-03 2.69373917e-02
4.48847930e-03 -3.72650592e-02 2.77983520e-02
4.89652269e-03 -2.13407133e-02 1.96070700e-02
5.30456604e-03 -1.58041404e-02 1.40280125e-02
5.71260934e-03 -9.04277402e-03 1.07478859e-02
6.12065258e-03 -1.06082480e-02 9.13692410e-03
6.52869577e-03 -5.22562533e-03 7.40348896e-03
6.93673889e-03 -6.39621956e-03 6.53550506e-03
7.34478195e-03 -5.41514398e-03 5.78596854e-03
7.75282494e-03 -1.34216706e-03 5.49961789e-03
8.16086785e-03 -4.92724244e-03 4.72041157e-03
8.56891069e-03 -1.16105873e-03 4.05042089e-03
8.97695345e-03 -3.13951816e-03 3.57408869e-03
9.38499612e-03 7.56850253e-04 4.01666801e-03
9.79303870e-03 1.33085401e-03 3.65492578e-03
1.02010812e-02 4.62883710e-03 3.46701142e-03
1.06091236e-02 2.87073369e-03 3.51594070e-03
1.10171659e-02 -3.29469293e-04 2.79393194e-03
1.14252081e-02 1.33140737e-03 3.06907538e-03
1.18332501e-02 1.03083708e-03 2.98168292e-03
1.22412921e-02 -2.16743151e-03 2.84508662e-03
1.26493339e-02 7.57253857e-04 2.62709266e-03
1.30573757e-02 -1.19200406e-03 2.50313850e-03
1.34654173e-02 -1.37146266e-03 2.68648518e-03
1.38734588e-02 1.21439617e-03 2.27631087e-03
1.42815001e-02 2.29450158e-03 2.43836510e-03
1.46895413e-02 1.24561346e-03 2.38561172e-03
1.50975824e-02 -1.39776802e-03 2.23426677e-03
1.55056233e-02 -7.82046608e-04 2.17393432e-03
1.59136641e-02 -8.39454085e-04 2.13600553e-03
1.63217047e-02 -9.13685251e-04 1.96847518e-03
1.67297452e-02 2.40270712e-04 1.97503878e-03
1.71377855e-02 2.30067347e-03 2.07128537e-03
1.75458257e-02 4.24105026e-03 2.08938367e-03
1.79538657e-02 7.27826283e-04 1.94290156e-03
1.83619055e-02 -5.23646290e-03 1.93768617e-03
1.87699451e-02 -3.99930378e-04 1.78847130e-03
1.91779846e-02 -4.75990002e-04 1.88567960e-03
1.95860239e-02 -3.56118545e-04 1.79357487e-03
1.99940630e-02 -1.36161515e-03 1.86179052e-03
2.04021019e-02 -1.01202590e-03 1.78042180e-03
2.08101406e-02 1.03974933e-03 1.77629800e-03
2.12181791e-02 -4.34195178e-03 1.85153918e-03
2.16262174e-02 2.80600843e-03 2.04453864e-03
2.20342555e-02 3.50027859e-03 1.76430224e-03
2.24422934e-02 1.45830931e-03 1.83355245e-03
2.28503311e-02 1.84218820e-03 1.72777909e-03
2.32583686e-02 8.13467735e-04 1.76892542e-03
2.36664058e-02 -2.08449117e-03 1.61439101e-03
2.40744429e-02 2.37658380e-03 1.62455841e-03
2.44824797e-02 1.17687276e-04 1.74622014e-03
2.48905162e-02 -1.19155328e-03 1.65188347e-03
2.52985525e-02 -2.06487122e-03 1.67638156e-03
2.57065886e-02 8.90013468e-04 1.69455805e-03
2.61146245e-02 1.10089404e-03 1.63583147e-03
2.65226601e-02 1.60987602e-03 1.77764120e-03
2.69306954e-02 -4.08242893e-04 1.52387300e-03
2.73387305e-02 -6.05158289e-04 1.53560200e-03
2.77467653e-02 -2.38827230e-03 1.59681935e-03
2.81547999e-02 8.81557178e-04 1.59709274e-03
2.85628342e-02 -1.70356344e-03 1.58830848e-03
2.89708682e-02 -2.01594372e-03 1.58946201e-03
2.93789020e-02 9.99422835e-04 1.65947692e-03
2.97869355e-02 1.49741750e-03 1.68660334e-03
3.01949687e-02 3.11499877e-03 1.77998926e-03
3.06030016e-02 3.14908104e-04 1.66391122e-03
3.10110342e-02 -1.59587604e-03 1.66093013e-03
3.14190665e-02 -6.18207476e-04 1.50026766e-03
3.18270985e-02 -1.85591963e-04 1.60462336e-03
3.22351302e-02 -1.05554916e-04 1.42717000e-03
3.26431617e-02 1.45853678e-03 1.47714715e-03
3.30511928e-02 4.95005242e-04 1.46021709e-03
3.34592236e-02 -6.63255225e-04 1.51648880e-03
3.38672540e-02 1.51059957e-03 1.48301685e-03
3.42752842e-02 1.62732329e-04 1.40300208e-03
3.46833140e-02 -5.06501909e-04 1.46501939e-03
3.50913435e-02 -1.73876400e-04 1.43775294e-03
3.54993727e-02 2.28562024e-05 1.40172514e-03
3.59074015e-02 2.13786791e-03 1.43937299e-03
3.63154300e-02 -3.43208792e-04 1.38591828e-03
3.67234581e-02 -1.13837897e-03 1.34204317e-03
3.71314859e-02 -2.14474241e-03 1.36741305e-03
3.75395134e-02 4.04758467e-04 1.30910155e-03
3.79475405e-02 1.11847790e-03 1.31539135e-03
3.83555672e-02 -3.09864044e-03 1.30099589e-03
3.87635935e-02 7.84822158e-04 1.34891347e-03
3.91716195e-02 1.66408175e-03 1.38833522e-03
3.95796452e-02 5.07537602e-04 1.29666476e-03
3.99876704e-02 -1.94905288e-05 1.25440900e-03
4.03956953e-02 6.77652976e-05 1.30275640e-03
4.08037198e-02 9.94911978e-04 1.36095579e-03
4.12117439e-02 -8.21489335e-04 1.32225426e-03
4.16197676e-02 -9.80784150e-05 1.26857944e-03
4.20277909e-02 3.44270167e-03 1.32112594e-03
4.24358138e-02 1.98909486e-04 1.25109722e-03
4.28438363e-02 -1.20463593e-03 1.20667470e-03
4.32518584e-02 -3.43928209e-04 1.18370909e-03
4.36598801e-02 1.05706381e-03 1.23599043e-03
4.40679014e-02 1.12045637e-03 1.22773847e-03
4.44759222e-02 1.32239227e-03 1.22448486e-03
4.48839427e-02 1.26875960e-03 1.20533856e-03
4.52919627e-02 3.82451247e-04 1.19722579e-03
4.56999823e-02 2.21483590e-03 1.18545595e-03
4.61080014e-02 -7.51142304e-04 1.19941770e-03
4.65160201e-02 1.09753476e-03 1.16858168e-03
4.69240384e-02 -1.64969474e-03 1.13878833e-03
4.73320562e-02 -3.76969769e-04 1.19345701e-03
4.77400736e-02 -1.55395608e-03 1.15173199e-03
4.81480905e-02 1.60420112e-04 1.21169699e-03
4.85561070e-02 -9.94831847e-04 1.14662776e-03
4.89641230e-02 8.68193855e-04 1.18476250e-03
4.93721385e-02 -1.61855486e-04 1.14765462e-03
4.97801536e-02 -8.30096725e-04 1.17300093e-03
5.01881682e-02 -3.53750815e-04 1.15975134e-03
5.05961823e-02 1.38574588e-03 1.17916617e-03
5.10041960e-02 -2.19390850e-04 1.14492968e-03
5.14122091e-02 7.89888284e-04 1.08988559e-03
5.18202218e-02 -2.14957276e-03 1.12416651e-03
5.22282340e-02 7.16388281e-04 1.13461661e-03
5.26362457e-02 6.58549249e-04 1.13481980e-03
5.30442569e-02 3.68932710e-03 1.09768281e-03
5.34522675e-02 -3.53734119e-04 1.07935982e-03
5.38602777e-02 6.00250895e-04 1.11509627e-03
5.42682874e-02 -3.22996077e-04 1.14198015e-03
5.46762965e-02 -5.71643611e-04 1.06307388e-03
5.50843052e-02 3.04537393e-05 1.07934448e-03
5.54923133e-02 4.40502811e-04 1.04916273e-03
5.59003208e-02 -6.62654083e-04 1.11578741e-03
5.63083279e-02 5.03497526e-05 1.05975491e-03
5.67163344e-02 -2.13043898e-05 1.06978821e-03
5.71243404e-02 2.25315393e-04 1.12168813e-03
5.75323458e-02 -4.01395228e-06 1.08886455e-03
5.79403507e-02 1.02369684e-03 1.12303723e-03
5.83483551e-02 2.88871579e-04 1.13670348e-03
5.87563588e-02 -2.26452921e-04 1.09907473e-03
5.91643621e-02 -1.65887726e-03 1.11100634e-03
5.95723647e-02 1.20319981e-03 1.12765145e-03
5.99803668e-02 -1.53937416e-03 1.08987698e-03
6.03883684e-02 -2.26862718e-03 1.11161885e-03
6.07963693e-02 1.22459195e-03 1.07460307e-03
6.12043697e-02 4.60835950e-04 1.06487709e-03
6.16123695e-02 -8.41546963e-04 1.07183532e-03
6.20203687e-02 4.64278989e-04 1.08703912e-03
6.24283674e-02 1.22672542e-04 1.10456320e-03
6.28363654e-02 1.19438936e-03 1.08063181e-03
6.32443629e-02 -5.95111769e-04 1.04471783e-03
6.36523597e-02 1.35622147e-03 1.08931558e-03
6.40603559e-02 -8.60723510e-04 1.07589888e-03
6.44683516e-02 2.15865998e-04 1.06531120e-03
6.48763466e-02 1.05457632e-04 1.06161801e-03
6.52843410e-02 2.19318898e-04 9.98845504e-04
6.56923348e-02 -9.69401392e-04 1.00640490e-03
6.61003279e-02 2.57308729e-04 1.00681588e-03
6.65083205e-02 1.88921633e-03 1.03905525e-03
6.69163124e-02 1.24697045e-03 9.86431487e-04
6.73243036e-02 6.48379236e-04 9.79760894e-04
6.77322943e-02 -1.75576714e-03 1.01329049e-03
6.81402842e-02 -5.89163491e-04 9.50170399e-04
6.85482736e-02 -5.72638495e-04 9.88267545e-04
6.89562623e-02 1.15678006e-03 1.00195110e-03
6.93642503e-02 1.80360358e-03 1.00598856e-03
6.97722377e-02 1.37095186e-03 9.61590512e-04
7.01802244e-02 -2.31611957e-04 9.58708804e-04
7.05882105e-02 -1.24138805e-03 9.67983492e-04
7.09961958e-02 2.32440320e-04 9.77174365e-04
7.14041805e-02 -1.02478887e-03 9.30250288e-04
7.18121646e-02 -1.24250700e-03 9.11274041e-04
7.22201479e-02 1.34025643e-05 9.41994047e-04
7.26281306e-02 8.12588099e-04 9.62797181e-04
7.30361126e-02 -2.64406004e-04 9.35221352e-04
7.34440938e-02 8.50548585e-04 9.05839335e-04
7.38520744e-02 1.74320618e-04 9.26062231e-04
7.42600543e-02 -8.66187104e-04 9.31115212e-04
7.46680335e-02 1.70197984e-04 9.41165390e-04
7.50760119e-02 1.95035955e-04 9.28448639e-04
7.54839897e-02 1.75791216e-03 9.60579747e-04
7.58919667e-02 2.59345887e-04 8.93357971e-04
7.62999431e-02 1.22526983e-03 9.33320048e-04
7.67079187e-02 8.79996255e-04 9.26884849e-04
7.71158935e-02 1.57584875e-03 9.30041601e-04
7.75238677e-02 7.30259053e-04 9.48499651e-04
7.79318411e-02 -3.40737560e-04 9.01678569e-04
7.83398137e-02 -9.13795749e-05 8.80280461e-04
7.87477857e-02 -1.22773902e-04 9.25392555e-04
7.91557568e-02 2.77788111e-04 9.10827306e-04
7.95637273e-02 -2.38017240e-04 8.88531731e-04
7.99716969e-02 -2.02229985e-03 8.53569171e-04
8.03796658e-02 3.40022371e-04 9.09618261e-04
8.07876340e-02 -9.08170384e-04 8.72886362e-04
8.11956014e-02 -8.44570450e-04 8.65754124e-04
8.16035680e-02 8.00557462e-04 8.90669398e-04
8.20115338e-02 1.82653981e-03 8.57564300e-04
8.24194989e-02 6.94843031e-04 8.65273831e-04
8.28274631e-02 1.04938850e-03 8.59765862e-04
8.32354266e-02 1.62189310e-04 8.48849562e-04
8.36433893e-02 8.32342281e-05 8.68037100e-04
8.40513512e-02 1.08820289e-03 8.30818913e-04
8.44593123e-02 -4.34749197e-04 8.75820557e-04
8.48672727e-02 2.96556401e-04 8.20727285e-04
8.52752322e-02 6.16686398e-04 8.40900848e-04
8.56831909e-02 2.60048495e-04 8.54756563e-04
8.60911487e-02 -1.07731739e-03 8.43067203e-04
8.64991058e-02 -1.01374455e-03 8.06421328e-04
8.69070620e-02 -2.10738801e-04 8.41751682e-04
8.73150175e-02 5.95903214e-04 8.34723322e-04
8.77229721e-02 6.06581708e-04 8.48262345e-04
8.81309258e-02 -1.22673244e-03 8.23974046e-04
8.85388787e-02 5.18660504e-04 8.23457250e-04
8.89468308e-02 -1.19370327e-03 8.22768593e-04
8.93547821e-02 -1.83031583e-04 8.62840729e-04
8.97627325e-02 1.95404725e-03 8.49324625e-04
9.01706820e-02 6.40952312e-04 8.14379036e-04
9.05786307e-02 -4.58211729e-04 7.96248139e-04
9.09865785e-02 -1.08508362e-03 7.99165260e-04
9.13945255e-02 -1.03230789e-03 8.12345107e-04
9.18024716e-02 5.15153724e-04 8.00674218e-04
9.22104168e-02 6.57986536e-04 8.06628304e-04
9.26183611e-02 8.31827756e-04 7.93873383e-04
9.30263046e-02 6.14868056e-04 8.01979774e-04
9.34342472e-02 -1.17738825e-03 7.97661301e-04
9.38421889e-02 1.49197602e-04 8.21307298e-04
9.42501297e-02 -2.08791572e-04 8.26881995e-04
9.46580696e-02 -8.06886764e-04 8.22121929e-04
9.50660087e-02 6.19859228e-05 8.06607516e-04
9.54739468e-02 5.65264700e-04 8.10875686e-04
9.58818840e-02 -8.60864732e-04 7.67796524e-04
9.62898203e-02 1.41614175e-03 8.41859153e-04
9.66977557e-02 7.77502802e-04 7.84308823e-04
9.71056902e-02 -5.54655472e-04 7.81099535e-04
9.75136237e-02 -2.81209544e-04 7.66937836e-04
9.79215564e-02 9.68031142e-04 8.04960475e-04
9.83294881e-02 3.30169368e-04 7.76358522e-04
9.87374188e-02 2.56437466e-05 7.90680928e-04
9.91453487e-02 1.42437917e-04 7.93125399e-04
9.95532775e-02 7.44537316e-04 7.80610881e-04
9.99612055e-02 -1.16466423e-04 7.71717416e-04
1.00369132e-01 1.26082997e-03 7.73614079e-04
1.00777059e-01 -9.10106472e-05 7.62326609e-04
1.01184984e-01 -1.28976924e-03 7.69992294e-04
1.01592908e-01 7.73551680e-05 7.71379441e-04
1.02000831e-01 5.74614144e-04 7.52567958e-04
1.02408753e-01 -1.05521260e-03 7.30765784e-04
1.02816674e-01 3.06473831e-05 7.20865831e-04
1.03224595e-01 1.50596225e-03 7.47578955e-04
1.03632514e-01 1.18339980e-04 7.50717464e-04
1.04040432e-01 -3.06224797e-04 7.49918351e-04
1.04448349e-01 6.84684804e-04 7.58934211e-04
1.04856266e-01 1.17932240e-03 7.31583121e-04
1.05264181e-01 3.65802628e-04 7.26454058e-04
1.05672095e-01 -4.10609251e-04 7.16427875e-04
1.06080009e-01 1.68325275e-03 7.52633413e-04
1.06487921e-01 6.68000376e-04 7.32092213e-04
1.06895832e-01 7.63261193e-04 7.75755382e-04
1.07303743e-01 6.43790218e-04 7.57663182e-04
1.07711652e-01 -6.12332418e-04 7.42220298e-04
1.08119560e-01 1.78993094e-03 7.30516267e-04
1.08527467e-01 9.65041719e-04 7.55738128e-04
1.08935374e-01 8.77521732e-04 7.54722850e-04
1.09343279e-01 9.64965195e-04 7.65163185e-04
1.09751183e-01 8.33218543e-04 7.37399915e-04
1.10159086e-01 -7.91867809e-04 7.31832661e-04
1.10566988e-01 -5.72266829e-04 7.12993655e-04
1.10974889e-01 4.71016615e-04 7.34260862e-04
1.11382789e-01 6.94492301e-04 7.35365028e-04
1.11790688e-01 4.24067314e-04 7.27351580e-04
1.12198586e-01 -4.63509385e-04 7.24559399e-04
1.12606482e-01 -4.19750891e-04 7.19674804e-04
1.13014378e-01 -5.53343084e-04 7.23187778e-04
1.13422273e-01 8.68223611e-04 7.49483768e-04
1.13830166e-01 9.17413815e-04 7.47511896e-04
1.14238059e-01 -8.24520716e-04 7.03945019e-04
1.14645950e-01 -2.51170855e-05 7.29951873e-04
1.15053840e-01 9.72666985e-05 7.24471251e-04
1.15461730e-01 7.92704859e-04 7.28834449e-04
1.15869618e-01 3.47050791e-04 7.55852114e-04
1.16277505e-01 7.22846281e-05 7.49829393e-04
1.16685391e-01 2.77176197e-04 7.49766452e-04
1.17093275e-01 4.94071379e-04 7.25290542e-04
1.17501159e-01 1.75673211e-04 7.59099345e-04
1.17909042e-01 2.04039957e-03 7.61187818e-04
1.18316923e-01 -5.75899432e-04 7.18778425e-04
1.18724803e-01 9.82834013e-05 6.94722348e-04
1.19132683e-01 4.32838013e-05 7.14697564e-04
1.19540561e-01 1.25167324e-03 7.19736760e-04
1.19948438e-01 5.51408967e-04 7.00012871e-04
1.20356313e-01 -4.59088560e-04 6.99321844e-04
1.20764188e-01 2.24528583e-04 6.98402963e-04
1.21172062e-01 5.70658060e-04 6.96810346e-04
1.21579934e-01 -1.52897507e-04 6.80712625e-04
1.21987805e-01 -2.75371420e-04 6.74763963e-04
1.22395675e-01 -4.35569941e-04 6.73611042e-04
1.22803544e-01 2.58445540e-04 6.72029153e-04
1.23211412e-01 1.19603502e-04 6.68795729e-04
1.23619278e-01 -4.46788548e-06 6.92404077e-04
1.24027144e-01 -7.30506182e-04 6.86609462e-04
1.24435008e-01 -2.88105257e-04 6.74506751e-04
1.24842871e-01 -3.83311967e-04 6.82645616e-04
1.25250733e-01 -6.71421340e-04 7.04145073e-04
1.25658594e-01 6.12498864e-05 6.50398569e-04
1.26066453e-01 9.57961565e-04 6.84046415e-04
1.26474311e-01 1.03631845e-03 6.76769203e-04
1.26882168e-01 -7.91316733e-04 6.79479347e-04
1.27290024e-01 -1.00365370e-03 6.58897432e-04
1.27697879e-01 1.39905137e-03 6.84545326e-04
1.28105732e-01 6.04635388e-04 6.58507213e-04
1.28513585e-01 -1.62242058e-04 6.48659326e-04
1.28921436e-01 4.07725958e-04 6.55222408e-04
1.29329285e-01 9.04031942e-04 6.77641702e-04
1.29737134e-01 -1.42765948e-04 6.36829938e-04
1.30144981e-01 4.26722727e-04 6.69527940e-04
1.30552828e-01 7.51307638e-04 6.53294994e-04
1.30960672e-01 4.03646666e-04 6.63811594e-04
1.31368516e-01 6.76414669e-05 6.55368602e-04
1.31776358e-01 -6.13429051e-04 6.53165097e-04
1.32184200e-01 -5.67060134e-04 6.61228685e-04
1.32592039e-01 -5.91280774e-04 6.38339463e-04
1.32999878e-01 5.19805419e-04 6.36770521e-04
1.33407715e-01 1.84638939e-03 6.44013884e-04
1.33815552e-01 4.94800421e-04 6.42777912e-04
1.34223386e-01 4.51731127e-04 6.22992630e-04
1.34631220e-01 6.31657455e-06 6.33127719e-04
1.35039052e-01 3.85306191e-04 6.51884115e-04
1.35446883e-01 -1.20423197e-03 6.36578098e-04
1.35854713e-01 -1.29796290e-03 6.15051091e-04
1.36262541e-01 -1.09908561e-04 6.54077171e-04
1.36670368e-01 -3.28909483e-04 6.34843474e-04
1.37078194e-01 -2.66402091e-04 6.27907165e-04
1.37486019e-01 5.68263794e-04 6.39498526e-04
1.37893842e-01 5.94181145e-04 6.29247361e-04
1.38301664e-01 -1.02356112e-03 6.23693161e-04
1.38709485e-01 3.49740349e-04 6.28444311e-04
1.39117304e-01 8.02731301e-04 6.17816477e-04
1.39525122e-01 -2.65331632e-04 6.26022042e-04
1.39932939e-01 -5.34750091e-04 6.19325971e-04
1.40340754e-01 -7.98389704e-04 6.18776224e-04
1.40748568e-01 -4.46183628e-04 6.20453162e-04
1.41156381e-01 -1.16680822e-03 6.13748791e-04
1.41564192e-01 2.68935053e-04 6.34486378e-04
1.41972002e-01 -4.41023949e-04 6.09593069e-04
1.42379811e-01 -8.81745945e-04 6.25354681e-04
1.42787618e-01 9.14701697e-04 6.38876504e-04
1.43195424e-01 -5.55618423e-04 6.09744638e-04
1.43603228e-01 4.67720459e-04 6.28273337e-04
1.44011032e-01 7.06720967e-05 6.23538687e-04
1.44418833e-01 -9.31667947e-04 6.19721776e-04
1.44826634e-01 1.93339595e-04 6.29406238e-04
1.45234433e-01 4.60425463e-04 6.08840504e-04
1.45642231e-01 -1.09578989e-03 6.24050731e-04
1.46050027e-01 2.35979055e-04 6.41557027e-04
1.46457822e-01 -3.33504858e-04 6.44297336e-04
1.46865616e-01 2.83346033e-05 6.25698104e-04
1.47273408e-01 -2.23400951e-04 6.24627362e-04
1.47681199e-01 -4.49671507e-04 6.20916679e-04
1.48088988e-01 3.99874939e-04 6.30263405e-04
1.48496776e-01 1.39879116e-03 6.33540911e-04
1.48904563e-01 -6.72913669e-05 6.26407357e-04
1.49312348e-01 -4.21570070e-04 6.06743294e-04
1.49720132e-01 1.03943936e-03 6.24467746e-04
1.50127914e-01 6.25276134e-04 6.18149346e-04
1.50535695e-01 -1.43715785e-03 5.95090867e-04
1.50943474e-01 -3.17707535e-04 6.06762100e-04
1.51351252e-01 -6.37767597e-04 6.13059718e-04
1.51759029e-01 1.58786995e-04 6.14724937e-04
1.52166804e-01 5.53454024e-04 6.19421530e-04
1.52574578e-01 8.00076925e-04 6.09876796e-04
1.52982350e-01 3.19420046e-04 6.03533816e-04
1.53390121e-01 -4.10728358e-04 5.74826994e-04
1.53797890e-01 1.87039734e-04 5.94707175e-04
1.54205658e-01 -1.61588020e-04 6.10217127e-04
1.54613425e-01 -2.76852316e-04 6.03891480e-04
1.55021190e-01 3.10413906e-04 6.07730562e-04
1.55428953e-01 -2.56402111e-05 6.03167177e-04
1.55836716e-01 -5.28893129e-05 5.90321140e-04
1.56244476e-01 -6.63026865e-04 5.86664882e-04
1.56652235e-01 3.54608207e-04 6.07054907e-04
1.57059993e-01 -1.05231404e-03 5.83392780e-04
1.57467749e-01 6.74079605e-04 5.83213771e-04
1.57875504e-01 -1.74736513e-04 5.82732353e-04
1.58283257e-01 2.00439644e-05 5.83842523e-04
1.58691008e-01 2.87720214e-04 6.04382464e-04
1.59098758e-01 -4.00559322e-04 5.80623279e-04
1.59506507e-01 3.62598965e-04 5.68856660e-04
1.59914254e-01 -2.68005138e-04 5.62950533e-04
1.60322000e-01 9.48728242e-05 5.72901616e-04
1.60729744e-01 7.52510115e-04 5.85925045e-04
1.61137486e-01 -3.44444308e-04 5.70580199e-04
1.61545228e-01 3.36006042e-04 5.75758427e-04
1.61952967e-01 5.19945075e-05 5.70428738e-04
1.62360705e-01 1.73568201e-05 5.63385485e-04
1.62768441e-01 7.37657098e-04 5.75519224e-04
1.63176176e-01 4.25268416e-04 5.64448720e-04
1.63583910e-01 1.36590889e-04 5.62709296e-04
1.63991641e-01 -3.21571163e-04 5.59788739e-04
1.64399372e-01 -1.67840257e-04 5.55717530e-04
1.64807100e-01 -5.47223398e-05 5.61059132e-04
1.65214827e-01 -1.65599018e-03 5.60244650e-04
1.65622553e-01 1.70587548e-04 5.55381836e-04
1.66030277e-01 -4.72404112e-04 5.58837489e-04
1.66437999e-01 2.17902763e-05 5.59276678e-04
1.66845720e-01 -5.19298650e-06 5.72657685e-04
1.67253439e-01 -2.09612601e-04 5.57980947e-04
1.67661157e-01 4.56989514e-04 5.60250058e-04
1.68068873e-01 -4.03072983e-04 5.49780100e-04
1.68476588e-01 -6.31664240e-05 5.66920980e-04
1.68884301e-01 2.92955917e-04 5.54486610e-04
1.69292012e-01 9.69615958e-05 5.50633816e-04
1.69699721e-01 9.53043292e-04 5.55331649e-04
1.70107430e-01 4.19037880e-05 5.44344800e-04
1.70515136e-01 -1.20013266e-03 5.44404381e-04
1.70922841e-01 7.53955796e-04 5.55777444e-04
1.71330544e-01 -3.14198971e-05 5.46867775e-04
1.71738246e-01 1.33937827e-04 5.47966015e-04
1.72145946e-01 -3.60857466e-04 5.52800635e-04
1.72553644e-01 -4.39905510e-04 5.40324339e-04
1.72961341e-01 1.54180489e-04 5.36833498e-04
1.73369036e-01 2.22180177e-04 5.40833386e-04
1.73776729e-01 1.32620944e-03 5.44241231e-04
1.74184421e-01 1.41231517e-04 5.46260651e-04
1.74592111e-01 1.33349416e-05 5.54413496e-04
1.74999799e-01 -4.52090167e-04 5.38679505e-04
1.75407486e-01 5.02837487e-04 5.34218589e-04
1.75815171e-01 -4.13932831e-04 5.41845980e-04
1.76222855e-01 4.60117519e-04 5.52526456e-04
1.76630537e-01 2.66042725e-04 5.54720523e-04
1.77038217e-01 3.38674518e-04 5.38708185e-04
1.77445895e-01 -2.42090634e-04 5.44038330e-04
1.77853572e-01 -1.18814163e-04 5.46168912e-04
1.78261247e-01 3.95646855e-04 5.38632949e-04
1.78668921e-01 -6.46871382e-04 5.28807270e-04
1.79076592e-01 -9.43323497e-04 5.20724017e-04
1.79484262e-01 -6.78325740e-04 5.26357699e-04
1.79891931e-01 -2.18696206e-04 5.18300708e-04
1.80299597e-01 7.66707432e-05 5.19590576e-04
1.80707262e-01 -5.89940766e-04 5.23726961e-04
1.81114925e-01 7.64086533e-06 5.38720143e-04
1.81522587e-01 6.60327556e-04 5.29394190e-04
1.81930247e-01 5.42843559e-04 5.26546292e-04
1.82337905e-01 1.10679564e-03 5.37820726e-04
1.82745561e-01 1.63951529e-05 5.30499220e-04
1.83153215e-01 3.76760350e-04 5.28564444e-04
1.83560868e-01 -1.19682865e-05 5.17683316e-04
1.83968519e-01 1.56461873e-05 5.13103310e-04
1.84376169e-01 9.48636578e-04 5.32481222e-04
1.84783816e-01 -1.78185701e-04 5.27513627e-04
1.85191462e-01 2.16261880e-05 5.16334943e-04
1.85599106e-01 -3.68906107e-04 5.15848080e-04
1.86006749e-01 4.39053743e-04 5.20337595e-04
1.86414389e-01 -2.78556770e-04 5.04185824e-04
1.86822028e-01 -3.19341916e-04 5.21392708e-04
1.87229665e-01 7.81859925e-05 5.33547493e-04
1.87637300e-01 4.03792138e-04 5.26369243e-04
1.88044934e-01 2.64011243e-04 5.06485450e-04
1.88452566e-01 -6.35552067e-05 5.12103609e-04
1.88860195e-01 7.18596951e-06 5.02545315e-04
1.89267824e-01 2.88689715e-04 5.09955386e-04
1.89675450e-01 8.48464838e-04 5.04285219e-04
1.90083074e-01 2.11990938e-04 5.04736901e-04
1.90490697e-01 -2.78397092e-04 5.06008095e-04
1.90898318e-01 3.96713782e-04 5.06612087e-04
1.91305937e-01 3.90105900e-04 5.08923460e-04
1.91713555e-01 -1.71722256e-04 4.91359380e-04
1.92121170e-01 5.59760205e-04 5.11644516e-04
1.92528784e-01 -8.20142890e-05 5.11504013e-04
1.92936396e-01 4.49009538e-05 5.15353101e-04
1.93344006e-01 3.81280026e-04 5.05305675e-04
1.93751614e-01 7.56531573e-04 4.99375204e-04
1.94159220e-01 -6.15238520e-07 5.02653143e-04
1.94566825e-01 3.33120676e-04 4.89006019e-04
1.94974427e-01 -1.06250136e-04 4.95645054e-04
1.95382028e-01 -3.70159454e-04 4.99054326e-04
1.95789627e-01 9.44353364e-04 5.00507557e-04
1.96197224e-01 9.30815293e-04 5.05299177e-04
1.96604820e-01 1.63770725e-04 5.06106804e-04
1.97012413e-01 -1.02225478e-05 4.99569304e-04
1.97420005e-01 3.35815996e-04 5.04150577e-04
1.97827594e-01 4.23213655e-04 5.07499197e-04
1.98235182e-01 -2.10251114e-04 5.09956694e-04
1.98642768e-01 7.22033154e-05 5.09492373e-04
1.99050352e-01 -2.26805146e-05 4.94724286e-04
1.99457934e-01 -4.96396264e-04 5.00635559e-04
1.99865514e-01 -3.35195166e-05 5.02582803e-04
2.00273093e-01 2.18415434e-04 5.15570655e-04
2.00680669e-01 1.28355270e-03 5.21498022e-04
2.01088244e-01 -4.73240308e-05 5.07976133e-04
2.01495816e-01 -5.78665583e-04 5.04366559e-04
2.01903387e-01 -2.75580289e-05 4.98752853e-04
2.02310956e-01 5.61773532e-05 5.01849080e-04
2.02718523e-01 -6.86732906e-04 5.09497934e-04
2.03126088e-01 1.64106686e-05 5.12519220e-04
2.03533651e-01 1.77951552e-04 5.10613780e-04
2.03941212e-01 1.02347494e-04 5.13400192e-04
2.04348771e-01 -5.80224089e-04 5.05025770e-04
2.04756329e-01 8.28749721e-04 5.18986738e-04
2.05163884e-01 -1.87695479e-04 4.96285418e-04
2.05571438e-01 -2.64084190e-05 4.99000696e-04
2.05978989e-01 3.11561650e-05 4.97030418e-04
2.06386539e-01 3.89304586e-04 4.92601940e-04
2.06794086e-01 -2.26397524e-04 4.91593981e-04
2.07201632e-01 -3.08701015e-05 4.92806475e-04
2.07609175e-01 -5.66071173e-04 4.84321732e-04
2.08016717e-01 -2.50362209e-04 4.91092762e-04
2.08424257e-01 -5.74040736e-04 4.87744149e-04
2.08831794e-01 -2.04424195e-04 4.84564336e-04
2.09239330e-01 -1.11837917e-04 4.94977543e-04
2.09646864e-01 -1.91714727e-04 4.79388426e-04
2.10054396e-01 4.06473220e-04 4.89922770e-04
2.10461925e-01 3.53151834e-04 4.86516057e-04
2.10869453e-01 -5.48684412e-04 4.80146169e-04
2.11276979e-01 -3.46465234e-05 4.73303277e-04
2.11684503e-01 -7.26135206e-04 4.70480140e-04
2.12092025e-01 -2.91870848e-04 4.66303610e-04
2.12499544e-01 5.86869218e-04 4.75160468e-04
2.12907062e-01 1.00129167e-04 4.82267377e-04
2.13314578e-01 2.80820840e-04 4.89377684e-04
2.13722092e-01 1.57876679e-04 4.76624079e-04
2.14129603e-01 -2.72341813e-04 4.80097185e-04
2.14537113e-01 4.26584417e-04 4.83757556e-04
2.14944621e-01 2.06215650e-04 4.79330423e-04
2.15352126e-01 -3.60820074e-04 4.80123599e-04
2.15759630e-01 6.53905317e-04 4.71641701e-04
2.16167131e-01 3.86419196e-04 4.81946500e-04
2.16574631e-01 2.17974130e-04 4.80277324e-04
2.16982128e-01 2.71590018e-05 4.71623675e-04
2.17389624e-01 -1.86751479e-05 4.77273257e-04
2.17797117e-01 8.95846176e-04 4.73937235e-04
2.18204608e-01 9.86529122e-05 4.72133374e-04
2.18612098e-01 9.51118769e-04 4.67154655e-04
2.19019585e-01 -6.61207233e-04 4.69041186e-04
2.19427070e-01 -5.90699976e-04 4.61340888e-04
2.19834553e-01 -1.89892339e-04 4.59839889e-04
2.20242034e-01 -1.93864786e-04 4.68947140e-04
2.20649512e-01 7.29417200e-04 4.61744984e-04
2.21056989e-01 -9.32448864e-04 4.49857618e-04
2.21464464e-01 8.56277581e-04 4.73395183e-04
2.21871936e-01 3.37470940e-04 4.63464599e-04
2.22279407e-01 6.94588129e-04 4.70836373e-04
2.22686875e-01 -2.34026377e-04 4.67391584e-04
2.23094341e-01 5.54203150e-04 4.65620839e-04
2.23501805e-01 -3.71031912e-04 4.57771228e-04
2.23909267e-01 8.87874527e-05 4.57582670e-04
2.24316727e-01 3.93057626e-05 4.64481241e-04
2.24724185e-01 2.16491670e-04 4.70737588e-04
2.25131641e-01 -2.78647057e-04 4.61201027e-04
2.25539094e-01 3.24808913e-04 4.61590748e-04
2.25946545e-01 -3.29879048e-04 4.44541987e-04
2.26353995e-01 4.64920346e-04 4.63256383e-04
2.26761442e-01 3.77084975e-05 4.60667931e-04
2.27168887e-01 2.63213633e-04 4.59321725e-04
2.27576329e-01 7.49173817e-04 4.60950550e-04
2.27983770e-01 -5.08513179e-05 4.64086682e-04
2.28391208e-01 2.25951206e-04 4.57000722e-04
2.28798645e-01 5.16263601e-04 4.61098285e-04
2.29206079e-01 -1.22313714e-04 4.58740946e-04
2.29613511e-01 8.94497886e-05 4.55051873e-04
2.30020941e-01 -1.48698259e-04 4.55776516e-04
2.30428368e-01 -3.39394347e-04 4.61903837e-04
2.30835794e-01 7.93144546e-06 4.63000678e-04
2.31243217e-01 -2.50178408e-04 4.67718687e-04
2.31650638e-01 -8.78997845e-06 4.62336973e-04
2.32058057e-01 5.72518673e-04 4.65094823e-04
2.32465473e-01 6.39139294e-04 4.78651845e-04
2.32872888e-01 5.29515270e-04 4.66340138e-04
2.33280300e-01 4.32923422e-04 4.67243677e-04
2.33687710e-01 9.24283358e-04 4.65151207e-04
2.34095118e-01 1.94950364e-04 4.59695389e-04
2.34502524e-01 1.05697248e-04 4.63979213e-04
2.34909927e-01 -4.60458870e-05 4.70684978e-04
2.35317328e-01 2.18416400e-04 4.55111856e-04
2.35724727e-01 1.87773198e-04 4.63975364e-04
2.36132124e-01 -1.08722068e-04 4.51923110e-04
2.36539518e-01 -7.73918044e-04 4.36278034e-04
2.36946911e-01 1.94069343e-07 4.46916290e-04
2.37354301e-01 4.18719256e-04 4.46102012e-04
2.37761688e-01 6.01155435e-04 4.59971815e-04
2.38169074e-01 3.03412012e-04 4.45824679e-04
2.38576457e-01 -3.51730719e-04 4.44502629e-04
2.38983838e-01 -3.91278076e-04 4.43245305e-04
2.39391217e-01 2.22846125e-06 4.48741404e-04
2.39798593e-01 1.03020238e-03 4.57651583e-04
2.40205967e-01 1.95387664e-04 4.54068507e-04
2.40613339e-01 -3.83765569e-04 4.40176860e-04
2.41020709e-01 3.17139295e-04 4.37124974e-04
2.41428076e-01 -2.58739499e-04 4.46273972e-04
2.41835441e-01 -4.42404196e-04 4.42201328e-04
2.42242804e-01 -1.97680359e-04 4.42174191e-04
2.42650165e-01 7.28983181e-04 4.47150197e-04
2.43057523e-01 3.60478632e-05 4.45559238e-04
2.43464879e-01 6.96944084e-04 4.40279311e-04
2.43872232e-01 -1.96097743e-04 4.32220181e-04
2.44279584e-01 5.86344718e-04 4.41988591e-04
2.44686933e-01 5.40787000e-05 4.34141932e-04
2.45094279e-01 3.11071326e-05 4.27787762e-04
2.45501624e-01 1.85714230e-04 4.43499406e-04
2.45908966e-01 -9.42589818e-04 4.35302065e-04
2.46316305e-01 -4.42215912e-04 4.17186375e-04
2.46723643e-01 -7.84587469e-04 4.28657752e-04
2.47130978e-01 -9.13067243e-05 4.30774111e-04
2.47538310e-01 -1.68393708e-04 4.34478285e-04
2.47945641e-01 -4.56753030e-04 4.28659397e-04
2.48352969e-01 6.20905124e-05 4.34915799e-04
2.48760294e-01 -6.31400535e-04 4.28424609e-04
2.49167618e-01 2.74915473e-04 4.29251334e-04
2.49574939e-01 2.11989601e-04 4.35789269e-04
2.49982257e-01 7.74825086e-05 4.25695862e-04
2.50389573e-01 8.55568743e-05 4.33154470e-04
2.50796887e-01 -4.78529495e-04 4.27766605e-04
2.51204199e-01 -1.78831424e-04 4.25538604e-04
2.51611508e-01 -3.58359258e-05 4.38155199e-04
2.52018815e-01 2.04448373e-05 4.20960630e-04
2.52426119e-01 4.00246396e-05 4.27755124e-04
2.52833421e-01 4.93398430e-04 4.30089684e-04
2.53240720e-01 -6.72169117e-04 4.26674797e-04
2.53648017e-01 -5.21238746e-04 4.24266284e-04
2.54055312e-01 -3.90506853e-04 4.22146612e-04
2.54462605e-01 2.31824183e-04 4.42733798e-04
2.54869894e-01 -9.35093189e-05 4.27532440e-04
2.55277182e-01 4.92238812e-04 4.18486047e-04
2.55684467e-01 -2.44162555e-04 4.23767193e-04
2.56091750e-01 2.78100728e-04 4.18079330e-04
2.56499030e-01 7.16755900e-04 4.14190704e-04
2.56906308e-01 1.06183625e-04 4.16941619e-04
2.57313583e-01 2.09530933e-04 4.16307320e-04
2.57720856e-01 8.08213315e-04 4.29954833e-04
2.58128127e-01 -4.22783145e-04 4.11572670e-04
2.58535395e-01 -3.06624018e-04 4.17272399e-04
2.58942661e-01 -1.08793131e-04 4.15919010e-04
2.59349924e-01 2.42012717e-04 4.16460766e-04
2.59757184e-01 2.14993715e-05 4.18318397e-04
2.60164443e-01 -5.04428032e-04 4.21483288e-04
2.60571699e-01 1.95026171e-05 4.17425747e-04
2.60978952e-01 1.41324209e-04 4.09099769e-04
2.61386203e-01 2.36275321e-04 4.19669479e-04
2.61793451e-01 3.80944470e-04 4.20927691e-04
2.62200697e-01 3.51830058e-04 4.21763065e-04
2.62607941e-01 -3.88585803e-04 4.17924901e-04
2.63015182e-01 -2.78223885e-04 4.07323124e-04
2.63422420e-01 -9.08107564e-05 4.24195136e-04
2.63829656e-01 4.39679643e-05 4.22018373e-04
2.64236890e-01 -2.44356378e-04 4.11807372e-04
2.64644121e-01 5.53056475e-04 4.23919491e-04
2.65051349e-01 -9.08161469e-05 4.07555950e-04
2.65458575e-01 -2.33445996e-05 4.20699352e-04
2.65865799e-01 -2.24666494e-04 4.05601013e-04
2.66273019e-01 2.08434355e-04 4.19586190e-04
2.66680238e-01 2.34896951e-04 4.13650556e-04
2.67087454e-01 -2.10129572e-04 4.04099952e-04
2.67494667e-01 -5.50431252e-05 4.09175664e-04
2.67901878e-01 5.20499225e-04 4.03294089e-04
2.68309086e-01 -2.79919859e-04 4.08086056e-04
2.68716292e-01 7.10516973e-04 4.07460303e-04
2.69123495e-01 5.64928486e-04 4.16728861e-04
2.69530696e-01 -6.26784092e-04 4.02357105e-04
2.69937894e-01 1.81275593e-04 3.99934489e-04
2.70345090e-01 5.99706093e-04 4.13935673e-04
2.70752283e-01 -5.30256414e-04 4.01682620e-04
2.71159473e-01 3.51970498e-04 4.06984070e-04
2.71566661e-01 1.23317677e-04 4.06492818e-04
2.71973847e-01 1.47673195e-04 4.05197397e-04
2.72381030e-01 4.89165011e-04 4.07917361e-04
2.72788210e-01 4.90249412e-04 4.03551980e-04
2.73195387e-01 2.68707963e-04 4.04260128e-04
2.73602562e-01 1.95187503e-05 3.96534315e-04
2.74009735e-01 1.18754548e-04 4.03914798e-04
2.74416905e-01 5.74138053e-04 4.01829003e-04
2.74824072e-01 -4.87638071e-05 3.98239877e-04
2.75231237e-01 3.05705280e-04 3.98719808e-04
2.75638399e-01 5.03243917e-04 3.97931958e-04
2.76045558e-01 1.78279920e-04 4.03405905e-04
2.76452715e-01 1.47651510e-04 3.99328231e-04
2.76859869e-01 3.38598180e-04 4.00004321e-04
2.77267021e-01 6.34190873e-04 4.01584712e-04
2.77674170e-01 -3.25280924e-04 3.89435829e-04
2.78081316e-01 -1.85536687e-04 3.93513373e-04
2.78488460e-01 4.15392195e-04 3.91888998e-04
2.78895601e-01 4.89174257e-04 4.03251173e-04
2.79302740e-01 -5.94429544e-04 3.89845960e-04
2.79709875e-01 3.06789389e-05 3.95163350e-04
2.80117009e-01 2.29547041e-04 3.92532788e-04
2.80524139e-01 4.65243800e-04 3.93238408e-04
2.80931267e-01 1.04809733e-04 3.98749903e-04
2.81338392e-01 -1.27898113e-04 3.94839774e-04
2.81745515e-01 -2.25277794e-04 3.91554140e-04
2.82152635e-01 1.57835137e-04 3.94753157e-04
2.82559752e-01 1.56885612e-04 3.92734508e-04
2.82966866e-01 5.87646941e-05 3.93454931e-04
2.83373978e-01 2.30595248e-04 3.88523310e-04
2.83781088e-01 -5.81010072e-05 3.94082814e-04
2.84188194e-01 -1.24908953e-03 3.93631609e-04
2.84595298e-01 -4.35004145e-04 3.90307226e-04
2.85002399e-01 2.92671631e-04 3.92198547e-04
2.85409497e-01 -1.28744636e-04 3.90583212e-04
2.85816593e-01 2.02024233e-04 3.84334966e-04
2.86223686e-01 4.81271577e-04 4.00990336e-04
2.86630777e-01 -7.87056322e-05 3.95301467e-04
2.87037864e-01 1.33946454e-04 4.01798284e-04
2.87444949e-01 3.57912573e-04 3.96485652e-04
2.87852031e-01 3.72360625e-05 3.96175232e-04
2.88259111e-01 1.53464732e-04 3.98388764e-04
2.88666188e-01 5.86337266e-04 3.98285715e-04
2.89073262e-01 -7.57952627e-05 4.03426372e-04
2.89480333e-01 -5.63830244e-05 4.05070768e-04
2.89887401e-01 3.01423299e-04 3.98579972e-04
2.90294467e-01 2.17598466e-04 4.03501094e-04
2.90701530e-01 -4.20917666e-04 3.95526355e-04
2.91108591e-01 1.21782762e-04 3.98667664e-04
2.91515648e-01 6.90797359e-06 3.99170429e-04
2.91922703e-01 -3.74693644e-05 3.89461474e-04
2.92329755e-01 2.44697577e-04 3.95438574e-04
2.92736804e-01 2.49843618e-04 3.87613714e-04
2.93143851e-01 1.19144133e-04 3.83169632e-04
2.93550895e-01 -2.02291640e-04 3.87930333e-04
2.93957936e-01 -2.84852311e-04 3.90110165e-04
2.94364974e-01 3.56187963e-04 3.89559648e-04
2.94772009e-01 5.34914893e-04 3.99151406e-04
2.95179042e-01 -3.11553603e-04 4.02120128e-04
2.95586072e-01 7.02779004e-04 3.94424529e-04
2.95993099e-01 -5.90124252e-05 3.96807756e-04
2.96400123e-01 -4.24447521e-04 3.87265208e-04
2.96807145e-01 -4.49311884e-04 3.91256131e-04
2.97214163e-01 -3.62576817e-04 3.88061828e-04
2.97621179e-01 -4.30434300e-04 3.89734268e-04
2.98028192e-01 1.01062685e-04 3.87785462e-04
2.98435202e-01 -2.01623639e-05 3.94428560e-04
2.98842210e-01 3.90724243e-04 4.00244518e-04
2.99249214e-01 4.77792159e-04 3.93151118e-04
2.99656216e-01 -1.66849239e-04 3.96364341e-04
3.00063215e-01 2.95330348e-04 3.99185899e-04
3.00470211e-01 3.95673273e-04 3.93697126e-04
3.00877204e-01 -3.35084341e-04 3.92643119e-04
3.01284194e-01 -1.29587696e-04 3.94022469e-04
3.01691182e-01 1.64413175e-04 3.97969520e-04
3.02098167e-01 2.83755045e-04 3.95895364e-04
3.02505149e-01 -5.63865679e-06 3.93315094e-04
3.02912128e-01 7.13758485e-04 4.05355639e-04
3.03319104e-01 1.79006804e-04 3.96140810e-04
3.03726077e-01 5.73224948e-05 3.94977193e-04
3.04133047e-01 4.31526155e-04 3.84956187e-04
3.04540015e-01 -4.77571338e-04 3.90868255e-04
3.04946979e-01 5.32244689e-04 3.91453835e-04
3.05353941e-01 4.30281774e-04 3.93636834e-04
3.05760900e-01 -5.60069084e-04 3.89849312e-04
3.06167856e-01 -9.51226500e-06 3.86859456e-04
3.06574809e-01 3.98964772e-04 3.90236546e-04
3.06981759e-01 6.44940946e-05 3.83540988e-04
3.07388706e-01 4.60821344e-04 3.87496226e-04
3.07795651e-01 2.72717993e-04 3.91902562e-04
3.08202592e-01 4.07452145e-04 3.87901761e-04
3.08609531e-01 -2.03289725e-04 3.83239102e-04
3.09016466e-01 1.59838335e-04 4.02039253e-04
3.09423399e-01 5.81851263e-04 4.00789602e-04
3.09830329e-01 5.64138340e-04 4.02608965e-04
3.10237256e-01 1.85624202e-04 3.98865047e-04
3.10644180e-01 3.20379336e-04 3.97423719e-04
3.11051101e-01 4.26756580e-04 4.05418130e-04
3.11458019e-01 -8.64177608e-05 3.93509217e-04
3.11864934e-01 2.34970616e-04 4.06829523e-04
3.12271846e-01 -4.41850703e-04 3.96315953e-04
3.12678755e-01 6.47744066e-05 3.99125802e-04
3.13085661e-01 -5.46469439e-05 4.01687347e-04
3.13492565e-01 -3.30326461e-04 3.97811094e-04
3.13899465e-01 7.35483073e-05 3.96953057e-04
3.14306362e-01 -2.55972889e-04 4.00734786e-04
3.14713257e-01 3.16020151e-04 4.03716460e-04
3.15120148e-01 7.11756819e-05 4.03456775e-04
3.15527037e-01 4.15255443e-04 4.04732856e-04
3.15933922e-01 1.05122657e-05 4.13768623e-04
3.16340805e-01 4.91740624e-04 4.52111031e-04
3.16747684e-01 1.43221629e-04 4.81929972e-04
3.17154561e-01 -8.87188217e-04 5.11713427e-04
3.17561434e-01 7.27916991e-04 5.42319925e-04
3.17968305e-01 -2.76896501e-04 5.61770759e-04
3.18375172e-01 -1.06864637e-03 6.00149572e-04
3.18782037e-01 3.10900082e-04 6.44491834e-04
3.19188898e-01 4.29977588e-05 6.47252960e-04
3.19595757e-01 1.14823801e-03 7.11407222e-04
3.20002612e-01 2.64242274e-04 7.06824948e-04
3.20409465e-01 4.56802579e-04 7.80504702e-04
3.20816314e-01 -1.08189460e-04 8.14229669e-04
3.21223160e-01 4.98754107e-04 9.61645886e-04
3.21630004e-01 -1.16075843e-03 1.07327565e-03
3.22036844e-01 -1.03678529e-03 1.40229934e-03
3.22443681e-01 -1.17015732e-03 1.87940404e-03
3.22850516e-01 2.53053576e-03 4.86758863e-03
