4.08043586e-03 -4.79821426e-02 2.74981363e-02
4.48847930e-03 -3.28024713e-02 2.69905017e-02
4.89652269e-03 -5.19150093e-03 1.99997458e-02
5.30456604e-03 -1.69639396e-02 1.45118002e-02
5.71260934e-03 -1.25904799e-02 1.07124648e-02
6.12065258e-03 -9.68093424e-03 9.07697197e-03
6.52869577e-03 -2.21110698e-03 7.95537428e-03
6.93673889e-03 2.04352154e-03 6.67688250e-03
7.34478195e-03 -1.97207251e-03 5.50896850e-03
7.75282494e-03 -2.49053022e-03 5.58852680e-03
8.16086785e-03 2.70848340e-03 5.03189432e-03
8.56891069e-03 1.45271734e-03 4.74769207e-03
8.97695345e-03 -2.68165754e-03 3.97879417e-03
9.38499612e-03 -1.42293413e-03 3.91544265e-03
9.79303870e-03 1.66585184e-03 3.66445900e-03
1.02010812e-02 -1.47643291e-03 3.29659735e-03
1.06091236e-02 -1.30046443e-04 3.29114243e-03
1.10171659e-02 -2.65794046e-03 2.88774764e-03
1.14252081e-02 3.81130685e-03 3.27028229e-03
1.18332501e-02 3.46702189e-03 2.81792040e-03
1.22412921e-02 -3.82231450e-03 2.76668339e-03
1.26493339e-02 -3.90349168e-03 2.70233961e-03
1.30573757e-02 -6.39818926e-04 2.52468447e-03
1.34654173e-02 -2.57010051e-03 2.42931978e-03
1.38734588e-02 4.65462338e-04 2.44727798e-03
1.42815001e-02 2.06450479e-03 2.38940148e-03
1.46895413e-02 1.79567833e-03 2.23639258e-03
1.50975824e-02 4.48993804e-03 2.47873733e-03
1.55056233e-02 -7.30868657e-04 2.20189140e-03
1.59136641e-02 -2.28826868e-03 2.03991101e-03
1.63217047e-02 3.88257239e-03 2.07990119e-03
1.67297452e-02 -1.26396584e-03 2.13061128e-03
1.71377855e-02 1.72518161e-03 2.11195019e-03
1.75458257e-02 5.73656317e-03 1.98846742e-03
1.79538657e-02 9.15630560e-04 1.87920403e-03
1.83619055e-02 2.65460107e-03 1.93488036e-03
1.87699451e-02 -2.63719570e-03 1.86506653e-03
1.91779846e-02 8.57964888e-04 1.75193760e-03
1.95860239e-02 7.97929313e-05 1.86855969e-03
1.99940630e-02 -2.50989602e-03 1.74985126e-03
2.04021019e-02 -2.18683715e-03 1.76108711e-03
2.08101406e-02 -1.07508657e-03 1.74245994e-03
2.12181791e-02 1.68592656e-03 1.72544230e-03
2.16262174e-02 -4.88014047e-04 1.77970855e-03
2.20342555e-02 6.26496191e-04 1.65683423e-03
2.24422934e-02 3.12321478e-03 1.84232160e-03
2.28503311e-02 3.70131767e-04 1.66368923e-03
2.32583686e-02 2.93495944e-03 1.73380123e-03
2.36664058e-02 8.26045920e-04 1.76276434e-03
2.40744429e-02 4.75217135e-04 1.64647314e-03
2.44824797e-02 6.85440468e-04 1.67434230e-03
2.48905162e-02 1.64616098e-03 1.65887533e-03
2.52985525e-02 -4.38810764e-03 1.58408956e-03
2.57065886e-02 -3.45032921e-04 1.61887635e-03
2.61146245e-02 3.89234977e-04 1.66257628e-03
2.65226601e-02 6.62309992e-04 1.68657063e-03
2.69306954e-02 -1.06735986e-03 1.57127176e-03
2.73387305e-02 -2.06307635e-03 1.62766548e-03
2.77467653e-02 -2.17126607e-03 1.51751991e-03
2.81547999e-02 2.24355280e-03 1.70979125e-03
2.85628342e-02 8.10591805e-04 1.73354170e-03
2.89708682e-02 -1.54334641e-03 1.65187868e-03
2.93789020e-02 2.68107876e-03 1.62067162e-03
2.97869355e-02 -1.06191433e-03 1.69351117e-03
3.01949687e-02 -2.38874903e-03 1.59856130e-03
3.06030016e-02 1.47568995e-03 1.65279692e-03
3.10110342e-02 -1.92869631e-03 1.65102102e-03
3.14190665e-02 -8.64814227e-04 1.53491925e-03
3.18270985e-02 2.84829179e-03 1.53779419e-03
3.22351302e-02 2.63033393e-03 1.51977593e-03
3.26431617e-02 -1.51135993e-04 1.44695329e-03
3.30511928e-02 1.13983986e-03 1.40365303e-03
3.34592236e-02 1.13536746e-03 1.36738713e-03
3.38672540e-02 1.30729333e-03 1.45733524e-03
3.42752842e-02 -9.02222542e-04 1.39355253e-03
3.46833140e-02 -1.52100123e-03 1.38655432e-03
3.50913435e-02 -6.48734950e-04 1.41857143e-03
3.54993727e-02 1.68680158e-03 1.39789330e-03
3.59074015e-02 -2.95270006e-03 1.37349816e-03
3.63154300e-02 -2.49644008e-04 1.36475591e-03
3.67234581e-02 1.06225340e-03 1.38522588e-03
3.71314859e-02 9.07763784e-04 1.37233095e-03
3.75395134e-02 -9.36160478e-04 1.27224832e-03
3.79475405e-02 -1.01544353e-03 1.32026969e-03
3.83555672e-02 4.72475527e-04 1.26820692e-03
3.87635935e-02 -2.07289899e-03 1.31358152e-03
3.91716195e-02 1.01554123e-03 1.38501613e-03
3.95796452e-02 1.56726655e-03 1.32999899e-03
3.99876704e-02 1.60675091e-04 1.34883728e-03
4.03956953e-02 -1.35643266e-03 1.36374920e-03
4.08037198e-02 5.50443342e-04 1.28337676e-03
4.12117439e-02 -5.34610037e-04 1.25095161e-03
4.16197676e-02 9.52767386e-05 1.21014273e-03
4.20277909e-02 -1.05485417e-03 1.29054851e-03
4.24358138e-02 5.57524633e-04 1.22834974e-03
4.28438363e-02 1.20182571e-04 1.25827120e-03
4.32518584e-02 1.72431952e-03 1.23220390e-03
4.36598801e-02 -1.89412839e-03 1.21061806e-03
4.40679014e-02 -1.26414325e-03 1.22410124e-03
4.44759222e-02 7.95993582e-04 1.19384312e-03
4.48839427e-02 -8.79433021e-04 1.16400300e-03
4.52919627e-02 1.27429915e-03 1.19361748e-03
4.56999823e-02 -4.87270761e-04 1.15460554e-03
4.61080014e-02 -7.23906174e-05 1.16168831e-03
4.65160201e-02 -6.73008806e-04 1.16525040e-03
4.69240384e-02 9.26899001e-05 1.19663283e-03
4.73320562e-02 4.05555782e-04 1.16167432e-03
4.77400736e-02 -5.21981243e-04 1.16090338e-03
4.81480905e-02 6.68867219e-04 1.18764871e-03
4.85561070e-02 -1.29743852e-04 1.18231553e-03
4.89641230e-02 -9.56256564e-04 1.17048695e-03
4.93721385e-02 1.57386878e-03 1.19408693e-03
4.97801536e-02 -1.90437792e-03 1.19592773e-03
5.01881682e-02 -4.66231858e-05 1.17403936e-03
5.05961823e-02 -5.09054537e-04 1.14489949e-03
5.10041960e-02 1.58819554e-03 1.12925994e-03
5.14122091e-02 -1.68854836e-04 1.14740231e-03
5.18202218e-02 -8.59546054e-04 1.12433300e-03
5.22282340e-02 -1.25655296e-04 1.09327129e-03
5.26362457e-02 4.51025455e-04 1.08361932e-03
5.30442569e-02 3.38501922e-04 1.08399064e-03
5.34522675e-02 -2.46598493e-04 1.07893997e-03
5.38602777e-02 1.15465589e-03 1.09733061e-03
5.42682874e-02 7.48532704e-04 1.08236923e-03
5.46762965e-02 -3.85795646e-04 1.08976286e-03
5.50843052e-02 1.97266736e-03 1.07619195e-03
5.54923133e-02 1.42526603e-03 1.08375533e-03
5.59003208e-02 4.39143145e-04 1.06484334e-03
5.63083279e-02 -1.34010157e-03 1.05920386e-03
5.67163344e-02 1.43805639e-03 1.11154189e-03
5.71243404e-02 -2.22177600e-03 1.04802778e-03
5.75323458e-02 -7.80550854e-05 1.07631174e-03
5.79403507e-02 1.48663572e-03 1.11781321e-03
5.83483551e-02 3.81934191e-04 1.08603945e-03
5.87563588e-02 1.29302055e-03 1.14183808e-03
5.91643621e-02 4.01942719e-04 1.09185387e-03
5.95723647e-02 6.56327342e-04 1.04626774e-03
5.99803668e-02 6.30019831e-04 1.08434579e-03
6.03883684e-02 -1.88841651e-03 1.10508582e-03
6.07963693e-02 2.47152555e-04 1.10561326e-03
6.12043697e-02 3.07112918e-04 1.10157105e-03
6.16123695e-02 -5.18023244e-04 1.08888460e-03
6.20203687e-02 -1.11379333e-03 1.07853819e-03
6.24283674e-02 2.75723392e-04 1.08151485e-03
6.28363654e-02 -1.24476151e-03 1.07458691e-03
6.32443629e-02 5.94162628e-05 1.03177157e-03
6.36523597e-02 1.00399219e-04 1.04722190e-03
6.40603559e-02 -4.34187985e-04 1.06073921e-03
6.44683516e-02 1.51314251e-03 1.05328089e-03
6.48763466e-02 1.60833331e-03 1.02193810e-03
6.52843410e-02 -2.21303827e-03 9.90483000e-04
6.56923348e-02 -1.27294847e-03 1.02717842e-03
6.61003279e-02 1.36902205e-03 9.91892557e-04
6.65083205e-02 1.20584306e-04 1.00732523e-03
6.69163124e-02 1.20428216e-04 9.84292697e-04
6.73243036e-02 1.66120760e-04 1.01208134e-03
6.77322943e-02 8.39807045e-04 1.04282294e-03
6.81402842e-02 4.20411475e-04 9.68043140e-04
6.85482736e-02 4.78129110e-05 9.87714470e-04
6.89562623e-02 4.04231581e-05 9.96922263e-04
6.93642503e-02 1.36225400e-03 9.82477241e-04
6.97722377e-02 1.46581917e-03 9.45445894e-04
7.01802244e-02 1.87213889e-03 9.68900121e-04
7.05882105e-02 6.24900278e-04 9.75507870e-04
7.09961958e-02 -1.69272200e-04 9.39921884e-04
7.14041805e-02 -1.99630673e-05 9.24174721e-04
7.18121646e-02 1.20912094e-03 9.64062227e-04
7.22201479e-02 -1.09138244e-03 9.15754911e-04
7.26281306e-02 4.94937514e-04 9.41499951e-04
7.30361126e-02 -3.21693223e-04 9.11055809e-04
7.34440938e-02 -1.76378057e-04 9.10234573e-04
7.38520744e-02 1.91211435e-04 9.24396658e-04
7.42600543e-02 1.17186421e-04 8.84487326e-04
7.46680335e-02 1.42774390e-03 9.21192189e-04
7.50760119e-02 8.45877367e-04 9.13330011e-04
7.54839897e-02 1.41527080e-03 8.98929509e-04
7.58919667e-02 2.17040376e-03 9.33430853e-04
7.62999431e-02 -1.42781081e-03 9.12104253e-04
7.67079187e-02 -1.15043764e-03 9.14248899e-04
7.71158935e-02 -7.64005443e-04 8.86148457e-04
7.75238677e-02 3.00548210e-04 9.23759063e-04
7.79318411e-02 2.13898190e-05 8.69828622e-04
7.83398137e-02 4.62509881e-04 9.17743049e-04
7.87477857e-02 4.55505496e-04 8.88200822e-04
7.91557568e-02 -2.29320647e-03 8.88657537e-04
7.95637273e-02 4.48249605e-04 8.81154647e-04
7.99716969e-02 2.08147446e-04 8.90914096e-04
8.03796658e-02 1.88444606e-04 9.09312989e-04
8.07876340e-02 -1.10042759e-03 8.57031133e-04
8.11956014e-02 -6.29838951e-04 8.65399410e-04
8.16035680e-02 2.47369144e-04 8.39583214e-04
8.20115338e-02 -1.55486068e-04 8.57514652e-04
8.24194989e-02 9.93708140e-04 8.69322262e-04
8.28274631e-02 -7.04576023e-04 8.36987707e-04
8.32354266e-02 -6.77754232e-07 8.60428212e-04
8.36433893e-02 3.12188247e-04 8.15928869e-04
8.40513512e-02 2.40133659e-04 8.54921530e-04
8.44593123e-02 -4.37127596e-04 8.44659204e-04
8.48672727e-02 7.64882305e-04 8.50795314e-04
8.52752322e-02 -7.29282411e-05 8.71927410e-04
8.56831909e-02 -1.16397676e-03 8.49534998e-04
8.60911487e-02 -9.03234049e-04 8.48414643e-04
8.64991058e-02 -9.33843691e-04 8.45439626e-04
8.69070620e-02 4.15354378e-04 8.33392268e-04
8.73150175e-02 -7.49494450e-04 8.46387725e-04
8.77229721e-02 -2.55654977e-04 8.18387268e-04
8.81309258e-02 3.16927297e-04 8.11847367e-04
8.85388787e-02 5.48274837e-04 8.19914464e-04
8.89468308e-02 -3.17907690e-04 8.12572117e-04
8.93547821e-02 -6.68835671e-04 8.27855193e-04
8.97627325e-02 -1.79531248e-04 8.15978368e-04
9.01706820e-02 9.63641031e-04 8.21125987e-04
9.05786307e-02 2.10401370e-04 8.22818518e-04
9.09865785e-02 2.66063246e-05 8.24347429e-04
9.13945255e-02 -2.88238768e-04 8.47340929e-04
9.18024716e-02 1.01863474e-03 8.04438499e-04
9.22104168e-02 5.33077494e-04 8.09918086e-04
9.26183611e-02 7.83167761e-04 8.18373642e-04
9.30263046e-02 4.37028658e-04 8.24768121e-04
9.34342472e-02 1.81582910e-03 8.36560215e-04
9.38421889e-02 -1.00245541e-04 8.25694431e-04
9.42501297e-02 2.68038911e-04 8.14096097e-04
9.46580696e-02 -7.68895050e-04 8.17178587e-04
9.50660087e-02 5.63736283e-04 8.30163081e-04
9.54739468e-02 3.23370210e-04 8.01215346e-04
9.58818840e-02 -8.70901596e-04 7.94106938e-04
9.62898203e-02 2.11516121e-03 7.85479646e-04
9.66977557e-02 -5.13295285e-04 7.70843173e-04
9.71056902e-02 4.08368047e-04 7.96186905e-04
9.75136237e-02 6.19754843e-04 7.59746548e-04
9.79215564e-02 -9.80386010e-04 7.78015894e-04
9.83294881e-02 1.11255471e-04 7.98299360e-04
9.87374188e-02 3.82516924e-04 7.91363431e-04
9.91453487e-02 -9.46345608e-04 7.84475369e-04
9.95532775e-02 -1.07909256e-04 7.51373407e-04
9.99612055e-02 -9.79770313e-04 7.96850375e-04
1.00369132e-01 7.29307260e-04 7.78534102e-04
1.00777059e-01 4.27963019e-04 7.55235499e-04
1.01184984e-01 5.98694749e-04 7.68493384e-04
1.01592908e-01 7.21092239e-04 7.54561719e-04
1.02000831e-01 -3.84118451e-05 7.74054341e-04
1.02408753e-01 -1.13730386e-03 7.48060126e-04
1.02816674e-01 3.63240423e-04 7.41258656e-04
1.03224595e-01 6.35492035e-04 7.41559186e-04
1.03632514e-01 -8.94461363e-04 7.29130282e-04
1.04040432e-01 2.02884062e-04 7.58744848e-04
1.04448349e-01 -8.73066346e-04 7.04763150e-04
1.04856266e-01 2.40897572e-05 7.58701544e-04
1.05264181e-01 -5.09983031e-04 7.34301059e-04
1.05672095e-01 1.11206038e-03 7.36268095e-04
1.06080009e-01 -7.88903244e-04 7.30157938e-04
1.06487921e-01 -6.71064741e-05 7.16319129e-04
1.06895832e-01 4.27456608e-04 7.52140672e-04
1.07303743e-01 -1.20596055e-04 7.53885792e-04
1.07711652e-01 7.69341625e-04 7.48070628e-04
1.08119560e-01 -4.24314645e-05 7.70834467e-04
1.08527467e-01 1.76711246e-04 7.60709104e-04
1.08935374e-01 2.21767601e-04 7.54004784e-04
1.09343279e-01 -1.90346992e-04 7.73471474e-04
1.09751183e-01 2.65030859e-04 7.28543417e-04
1.10159086e-01 7.94010331e-04 7.34454626e-04
1.10566988e-01 1.15897418e-03 7.14404406e-04
1.10974889e-01 8.64180849e-04 7.23207053e-04
1.11382789e-01 4.02234238e-05 7.13807338e-04
1.11790688e-01 6.34040131e-05 7.37603446e-04
1.12198586e-01 -1.16599588e-03 7.43753763e-04
1.12606482e-01 -8.08868125e-04 7.46249504e-04
1.13014378e-01 -1.85960192e-03 7.36250174e-04
1.13422273e-01 1.11765256e-03 7.28905566e-04
1.13830166e-01 3.20335275e-04 7.38472397e-04
1.14238059e-01 7.59463073e-04 7.50987706e-04
1.14645950e-01 -4.88912497e-04 7.25003156e-04
1.15053840e-01 9.88893873e-05 7.38593005e-04
1.15461730e-01 -1.22973047e-04 7.53742309e-04
1.15869618e-01 4.88746793e-04 7.70820153e-04
1.16277505e-01 -2.00620580e-04 7.26247240e-04
1.16685391e-01 -7.61853545e-07 7.35857680e-04
1.17093275e-01 1.74618907e-03 7.46589425e-04
1.17501159e-01 -2.22726514e-04 7.29214815e-04
1.17909042e-01 -1.42776676e-04 7.18226163e-04
1.18316923e-01 2.10437238e-04 7.16909288e-04
1.18724803e-01 2.02007514e-03 7.33626631e-04
1.19132683e-01 6.52058754e-04 7.01591631e-04
1.19540561e-01 1.21557566e-03 7.21387679e-04
1.19948438e-01 7.16232304e-04 6.94546110e-04
1.20356313e-01 2.33507631e-04 7.01949645e-04
1.20764188e-01 6.34388009e-04 6.84407698e-04
1.21172062e-01 1.53265849e-03 6.75101663e-04
1.21579934e-01 1.46251026e-03 6.85293477e-04
1.21987805e-01 -2.85391080e-04 6.88018990e-04
1.22395675e-01 -2.79762958e-04 6.68596310e-04
1.22803544e-01 -5.76858388e-04 6.94531082e-04
1.23211412e-01 2.44751898e-04 6.82742489e-04
1.23619278e-01 9.21583009e-04 6.88178384e-04
1.24027144e-01 9.27355601e-04 6.84024454e-04
1.24435008e-01 5.41623537e-04 6.80630427e-04
1.24842871e-01 -4.60386117e-06 6.92155636e-04
1.25250733e-01 1.50105995e-04 6.73728477e-04
1.25658594e-01 2.26776671e-03 6.79478621e-04
1.26066453e-01 9.11968096e-04 6.81004489e-04
1.26474311e-01 4.17616992e-04 6.72980473e-04
1.26882168e-01 1.13946298e-03 6.98749258e-04
1.27290024e-01 -2.14977139e-04 6.70580017e-04
1.27697879e-01 3.42351365e-04 6.75739096e-04
1.28105732e-01 1.02243971e-03 6.74452502e-04
1.28513585e-01 1.85617246e-04 6.81996474e-04
1.28921436e-01 1.41287779e-03 6.58196211e-04
1.29329285e-01 3.23997437e-04 6.73095747e-04
1.29737134e-01 -1.04686744e-03 6.51873269e-04
1.30144981e-01 7.28247143e-04 6.55218944e-04
1.30552828e-01 5.61023193e-04 6.60537597e-04
1.30960672e-01 1.13345381e-04 6.63588958e-04
1.31368516e-01 3.57712451e-04 6.57336524e-04
1.31776358e-01 -1.05442414e-04 6.55949484e-04
1.32184200e-01 2.96242425e-04 6.53641926e-04
1.32592039e-01 1.17800579e-06 6.40942813e-04
1.32999878e-01 4.73995603e-04 6.43972458e-04
1.33407715e-01 6.53296769e-04 6.45488736e-04
1.33815552e-01 -7.03374794e-04 6.47989052e-04
1.34223386e-01 -1.33629901e-04 6.36471970e-04
1.34631220e-01 5.01670578e-04 6.26335405e-04
1.35039052e-01 -5.29743069e-04 6.63616313e-04
1.35446883e-01 3.81824359e-04 6.42139857e-04
1.35854713e-01 -3.70958937e-05 6.45789749e-04
1.36262541e-01 5.41650481e-04 6.35423217e-04
1.36670368e-01 7.30478423e-05 6.21323521e-04
1.37078194e-01 2.44512744e-04 6.39935769e-04
1.37486019e-01 8.58371886e-04 6.38582037e-04
1.37893842e-01 5.30009599e-04 6.44219393e-04
1.38301664e-01 -1.48140246e-04 6.38562004e-04
1.38709485e-01 1.11398208e-04 6.22373170e-04
1.39117304e-01 -6.03322673e-04 6.25936093e-04
1.39525122e-01 6.56157682e-04 6.34686596e-04
1.39932939e-01 4.54540220e-04 6.07707161e-04
1.40340754e-01 -1.08979509e-03 6.12713525e-04
1.40748568e-01 5.43722579e-04 6.28079392e-04
1.41156381e-01 1.07231945e-03 6.27692168e-04
1.41564192e-01 1.21794771e-03 6.18242246e-04
1.41972002e-01 -8.19859462e-05 6.23224938e-04
1.42379811e-01 -4.71914322e-04 6.17929749e-04
1.42787618e-01 3.53618669e-04 6.22242158e-04
1.43195424e-01 6.64010987e-05 6.21523804e-04
1.43603228e-01 1.04447731e-03 6.24723300e-04
1.44011032e-01 9.18683943e-05 6.26234965e-04
1.44418833e-01 1.54096654e-04 6.31644423e-04
1.44826634e-01 4.66819267e-04 6.19122718e-04
1.45234433e-01 4.97052815e-05 6.42160642e-04
1.45642231e-01 -4.16138274e-04 6.40713648e-04
1.46050027e-01 5.96760673e-04 6.21436442e-04
1.46457822e-01 -1.43250856e-04 6.42068379e-04
1.46865616e-01 6.54664221e-04 6.29607635e-04
1.47273408e-01 -5.75288109e-04 6.29527169e-04
1.47681199e-01 6.99203154e-04 6.42866781e-04
1.48088988e-01 1.68790631e-03 6.32750502e-04
1.48496776e-01 -5.25539571e-05 6.30547496e-04
1.48904563e-01 -6.66716295e-04 6.17593565e-04
1.49312348e-01 -9.62827316e-04 6.14991052e-04
1.49720132e-01 1.08691622e-03 6.19470126e-04
1.50127914e-01 1.19181032e-03 6.26372078e-04
1.50535695e-01 5.39697348e-04 6.28888489e-04
1.50943474e-01 -7.65538838e-04 6.03939316e-04
1.51351252e-01 1.39451365e-04 5.86148487e-04
1.51759029e-01 -7.99109544e-05 5.89340488e-04
1.52166804e-01 4.56909087e-04 6.13294668e-04
1.52574578e-01 1.31169263e-03 6.11469630e-04
1.52982350e-01 1.75049078e-04 6.07962039e-04
1.53390121e-01 -6.38454874e-04 5.98964736e-04
1.53797890e-01 5.30371493e-04 6.06629372e-04
1.54205658e-01 2.72511206e-04 6.12593457e-04
1.54613425e-01 -2.43302619e-04 6.09454831e-04
1.55021190e-01 1.78196105e-05 6.00882978e-04
1.55428953e-01 -1.94943608e-04 5.83547851e-04
1.55836716e-01 6.88039682e-04 6.00148686e-04
1.56244476e-01 9.79843958e-06 5.94172091e-04
1.56652235e-01 7.24245385e-04 5.93147321e-04
1.57059993e-01 2.74584134e-04 5.91064129e-04
1.57467749e-01 7.31298736e-04 5.81913749e-04
1.57875504e-01 7.33060638e-04 5.84966432e-04
1.58283257e-01 -7.87736089e-04 5.82724064e-04
1.58691008e-01 -1.11012168e-03 5.75553502e-04
1.59098758e-01 1.88708880e-04 5.70296040e-04
1.59506507e-01 9.11695387e-04 5.76313026e-04
1.59914254e-01 -2.54193363e-05 5.62937528e-04
1.60322000e-01 5.87131754e-04 5.75147525e-04
1.60729744e-01 -1.60927597e-04 5.75019193e-04
1.61137486e-01 2.03266365e-04 5.81256390e-04
1.61545228e-01 1.78348533e-04 5.73865040e-04
1.61952967e-01 2.91594863e-05 5.69781322e-04
1.62360705e-01 8.60002369e-04 5.85826929e-04
1.62768441e-01 -5.24533626e-04 5.65761739e-04
1.63176176e-01 1.09462610e-03 5.93187754e-04
1.63583910e-01 -8.83820965e-04 5.71175353e-04
1.63991641e-01 -2.71958283e-04 5.80602786e-04
1.64399372e-01 4.55179198e-04 5.71736152e-04
1.64807100e-01 3.89860469e-05 5.67002154e-04
1.65214827e-01 2.28164578e-06 5.68059997e-04
1.65622553e-01 -3.96633950e-04 5.52450901e-04
1.66030277e-01 2.58454037e-04 5.75184758e-04
1.66437999e-01 -8.08827907e-04 5.54842507e-04
1.66845720e-01 -9.24569739e-04 5.59225635e-04
1.67253439e-01 -4.78650903e-04 5.65878062e-04
1.67661157e-01 6.46745282e-04 5.62981541e-04
1.68068873e-01 1.03516343e-04 5.70691568e-04
1.68476588e-01 -3.97511189e-04 5.52987153e-04
1.68884301e-01 6.49418362e-04 5.64447438e-04
1.69292012e-01 -2.63091050e-04 5.44680299e-04
1.69699721e-01 5.62453481e-04 5.47392348e-04
1.70107430e-01 -1.48684963e-04 5.39257176e-04
1.70515136e-01 6.80594322e-04 5.37494267e-04
1.70922841e-01 -1.66236510e-04 5.54210710e-04
1.71330544e-01 1.69492918e-05 5.36110226e-04
1.71738246e-01 5.96609205e-04 5.30824015e-04
1.72145946e-01 1.93679566e-04 5.53141518e-04
1.72553644e-01 -1.16810567e-04 5.52911180e-04
1.72961341e-01 2.44668224e-04 5.39370542e-04
1.73369036e-01 1.98068407e-04 5.52124181e-04
1.73776729e-01 1.22412019e-03 5.51731250e-04
1.74184421e-01 1.09749759e-03 5.42257695e-04
1.74592111e-01 6.28034240e-04 5.44773988e-04
1.74999799e-01 6.89499538e-04 5.51522466e-04
1.75407486e-01 -2.49628907e-04 5.38838025e-04
1.75815171e-01 9.74765841e-05 5.35648875e-04
1.76222855e-01 1.02503471e-05 5.41777737e-04
1.76630537e-01 2.73133133e-04 5.53512766e-04
1.77038217e-01 9.41157794e-05 5.35756708e-04
1.77445895e-01 3.26185493e-04 5.31061380e-04
1.77853572e-01 1.26671130e-04 5.32558674e-04
1.78261247e-01 9.88583354e-04 5.42411404e-04
1.78668921e-01 -5.04602272e-04 5.24770993e-04
1.79076592e-01 4.95505840e-04 5.30831629e-04
1.79484262e-01 -3.06936397e-04 5.23014517e-04
1.79891931e-01 -5.85681921e-04 5.16857424e-04
1.80299597e-01 3.63123999e-04 5.26449589e-04
1.80707262e-01 4.60170737e-04 5.50188297e-04
1.81114925e-01 -2.25610089e-04 5.29778361e-04
1.81522587e-01 4.43672821e-04 5.25291312e-04
1.81930247e-01 -3.31462674e-05 5.34013736e-04
1.82337905e-01 1.67330500e-05 5.17108406e-04
1.82745561e-01 3.09433738e-04 5.16610176e-04
1.83153215e-01 6.38076649e-04 5.29813333e-04
1.83560868e-01 6.89152139e-04 5.27092879e-04
1.83968519e-01 -1.62870248e-04 5.16319508e-04
1.84376169e-01 1.19093477e-03 5.23892448e-04
1.84783816e-01 1.46715020e-04 5.08933478e-04
1.85191462e-01 4.11555714e-04 5.16020741e-04
1.85599106e-01 1.42206291e-04 5.27928496e-04
1.86006749e-01 8.78173771e-04 5.22557881e-04
1.86414389e-01 3.93245800e-04 5.20592069e-04
1.86822028e-01 1.96043589e-04 5.26080377e-04
1.87229665e-01 8.16237744e-04 5.27774200e-04
1.87637300e-01 4.69119063e-04 5.13987710e-04
1.88044934e-01 3.99638450e-04 5.13502744e-04
1.88452566e-01 1.86120377e-04 5.05704333e-04
1.88860195e-01 4.53571926e-04 5.04486517e-04
1.89267824e-01 5.65751379e-04 5.13109663e-04
1.89675450e-01 6.73945030e-04 5.08346797e-04
1.90083074e-01 -2.69467540e-04 5.00928506e-04
1.90490697e-01 1.76793066e-04 5.07567504e-04
1.90898318e-01 -3.14847187e-04 5.01175336e-04
1.91305937e-01 3.38719879e-04 5.02801352e-04
1.91713555e-01 8.19995367e-04 5.06832374e-04
1.92121170e-01 8.18180953e-05 5.10160693e-04
1.92528784e-01 1.09389350e-03 5.08084548e-04
1.92936396e-01 1.16531790e-05 5.07498321e-04
1.93344006e-01 8.98325183e-04 5.06949423e-04
1.93751614e-01 1.21948869e-03 5.11778358e-04
1.94159220e-01 -5.45210408e-06 4.92344231e-04
1.94566825e-01 -2.83369337e-04 4.86402305e-04
1.94974427e-01 5.58491788e-04 4.98562946e-04
1.95382028e-01 3.30350479e-04 5.08383102e-04
1.95789627e-01 3.97456810e-04 4.97353452e-04
1.96197224e-01 5.96914880e-04 4.93985098e-04
1.96604820e-01 -8.77316594e-06 4.96346896e-04
1.97012413e-01 2.18076608e-04 5.04785801e-04
1.97420005e-01 -3.50129539e-04 4.99827495e-04
1.97827594e-01 5.59881717e-04 5.02029276e-04
1.98235182e-01 -5.41827966e-05 5.06373968e-04
1.98642768e-01 -3.17661496e-05 5.07386534e-04
1.99050352e-01 4.73857013e-04 5.00673882e-04
1.99457934e-01 3.55657263e-04 5.09006232e-04
1.99865514e-01 -2.71876939e-04 5.06660301e-04
2.00273093e-01 8.11481740e-05 5.11976439e-04
2.00680669e-01 2.08250974e-04 5.24236673e-04
2.01088244e-01 -3.47598841e-05 5.16912404e-04
2.01495816e-01 -7.42268125e-04 5.02630106e-04
2.01903387e-01 2.99926525e-04 5.08278684e-04
2.02310956e-01 1.69230301e-03 5.15974170e-04
2.02718523e-01 -3.37857650e-04 5.01510879e-04
2.03126088e-01 9.54657269e-05 5.22766715e-04
2.03533651e-01 1.85464188e-04 5.05790831e-04
2.03941212e-01 -6.30699744e-05 5.15752687e-04
2.04348771e-01 -2.52701395e-04 5.06607732e-04
2.04756329e-01 2.01932414e-05 5.16228479e-04
2.05163884e-01 2.69687656e-04 5.06573445e-04
2.05571438e-01 -8.20710557e-05 4.98794215e-04
2.05978989e-01 8.99594159e-04 4.91791085e-04
2.06386539e-01 4.38606444e-04 4.96292126e-04
2.06794086e-01 -5.01582273e-04 4.90786755e-04
2.07201632e-01 -2.81948826e-04 4.90495105e-04
2.07609175e-01 -5.29512068e-05 4.85505479e-04
2.08016717e-01 2.97338089e-04 4.86799197e-04
2.08424257e-01 8.57655115e-05 4.79765252e-04
2.08831794e-01 -1.34587732e-03 4.65447935e-04
2.09239330e-01 -5.31071227e-04 4.75643965e-04
2.09646864e-01 8.33180931e-04 4.91263361e-04
2.10054396e-01 -1.91795213e-05 4.84038036e-04
2.10461925e-01 6.75172405e-04 4.95320371e-04
2.10869453e-01 1.21527121e-05 4.77618278e-04
2.11276979e-01 7.45340383e-04 4.88612765e-04
2.11684503e-01 6.77228173e-04 4.82563616e-04
2.12092025e-01 -2.61248885e-04 4.78092894e-04
2.12499544e-01 -3.01149885e-04 4.75838365e-04
2.12907062e-01 8.56187391e-04 4.82496008e-04
2.13314578e-01 5.61691143e-04 4.76210275e-04
2.13722092e-01 1.33258140e-04 4.83580614e-04
2.14129603e-01 8.26863083e-05 4.74452748e-04
2.14537113e-01 1.39000146e-04 4.74457479e-04
2.14944621e-01 2.04325634e-05 4.73811952e-04
2.15352126e-01 7.34002342e-05 4.66461705e-04
2.15759630e-01 -4.13783455e-04 4.68300339e-04
2.16167131e-01 -1.29426076e-05 4.78145916e-04
2.16574631e-01 4.19310879e-04 4.73010649e-04
2.16982128e-01 9.52553631e-05 4.66088459e-04
2.17389624e-01 -3.93883727e-04 4.76405023e-04
2.17797117e-01 1.71597166e-04 4.65779435e-04
2.18204608e-01 9.00122311e-04 4.75300348e-04
2.18612098e-01 2.06826772e-04 4.63747256e-04
2.19019585e-01 2.07200554e-04 4.66595710e-04
2.19427070e-01 5.66996604e-04 4.57876963e-04
2.19834553e-01 6.86489817e-04 4.61319667e-04
2.20242034e-01 -7.68841541e-04 4.65422020e-04
2.20649512e-01 6.30295739e-04 4.65451015e-04
2.21056989e-01 -2.85755397e-05 4.67257888e-04
2.21464464e-01 -7.39179589e-04 4.52963970e-04
2.21871936e-01 4.66054715e-04 4.60995381e-04
2.22279407e-01 1.33793932e-04 4.64927481e-04
2.22686875e-01 -2.15767816e-04 4.66545511e-04
2.23094341e-01 1.00782634e-05 4.68532407e-04
2.23501805e-01 1.69315124e-04 4.67972089e-04
2.23909267e-01 -7.99526377e-04 4.49794954e-04
2.24316727e-01 4.62250456e-04 4.65751641e-04
2.24724185e-01 3.14797747e-04 4.68897448e-04
2.25131641e-01 1.08474660e-04 4.59815693e-04
2.25539094e-01 3.35384703e-04 4.58298486e-04
2.25946545e-01 -6.17852334e-05 4.58516519e-04
2.26353995e-01 -4.11326130e-04 4.55261090e-04
2.26761442e-01 3.64690973e-05 4.57733449e-04
2.27168887e-01 -5.81399372e-05 4.56147495e-04
2.27576329e-01 3.03032733e-05 4.55248434e-04
2.27983770e-01 1.23684268e-04 4.52126405e-04
2.28391208e-01 -1.65660171e-04 4.45322030e-04
2.28798645e-01 2.45138929e-04 4.52992773e-04
2.29206079e-01 5.91457664e-04 4.57913831e-04
2.29613511e-01 4.20813139e-04 4.66042055e-04
2.30020941e-01 -6.48997982e-04 4.61659386e-04
2.30428368e-01 -1.39218203e-04 4.71317883e-04
2.30835794e-01 2.25928578e-04 4.64150620e-04
2.31243217e-01 2.05081339e-04 4.56113203e-04
2.31650638e-01 1.02906660e-04 4.65641201e-04
2.32058057e-01 1.62985123e-04 4.57975586e-04
2.32465473e-01 4.84612138e-04 4.63251639e-04
2.32872888e-01 6.06526290e-05 4.63453894e-04
2.33280300e-01 7.08503894e-05 4.60794831e-04
2.33687710e-01 1.33349514e-04 4.65212863e-04
2.34095118e-01 2.25146141e-04 4.69833344e-04
2.34502524e-01 2.92231734e-04 4.62052536e-04
2.34909927e-01 1.71999523e-04 4.68342371e-04
2.35317328e-01 8.44086661e-04 4.62404871e-04
2.35724727e-01 4.12969087e-04 4.48761784e-04
2.36132124e-01 -3.03186070e-04 4.55390261e-04
2.36539518e-01 6.93117682e-04 4.64145229e-04
2.36946911e-01 3.94034811e-04 4.50103814e-04
2.37354301e-01 1.67902041e-05 4.47150754e-04
2.37761688e-01 -3.83575707e-04 4.53960216e-04
2.38169074e-01 2.00993250e-04 4.50447452e-04
2.38576457e-01 -3.37655289e-04 4.42480433e-04
2.38983838e-01 -4.11706034e-05 4.43883390e-04
2.39391217e-01 5.96297346e-04 4.52537069e-04
2.39798593e-01 2.53178946e-04 4.52423540e-04
2.40205967e-01 6.12868643e-04 4.55913558e-04
2.40613339e-01 5.97669041e-04 4.46397729e-04
2.41020709e-01 5.34817127e-04 4.36673059e-04
2.41428076e-01 2.73365030e-04 4.52319949e-04
2.41835441e-01 3.56956659e-04 4.44285085e-04
2.42242804e-01 -3.80800989e-04 4.41350451e-04
2.42650165e-01 -8.63633581e-05 4.46440775e-04
2.43057523e-01 1.11040990e-04 4.45701623e-04
2.43464879e-01 -3.32054080e-04 4.46331649e-04
2.43872232e-01 -4.55230961e-05 4.44754563e-04
2.44279584e-01 1.12740326e-03 4.35939690e-04
2.44686933e-01 6.29555820e-04 4.40939815e-04
2.45094279e-01 2.24019695e-04 4.36803441e-04
2.45501624e-01 3.80469406e-05 4.43387017e-04
2.45908966e-01 -9.34549793e-05 4.26334328e-04
2.46316305e-01 2.71040239e-04 4.40204660e-04
2.46723643e-01 -4.93144265e-04 4.33271956e-04
2.47130978e-01 3.52408511e-04 4.38502801e-04
2.47538310e-01 -2.37244638e-04 4.39785966e-04
2.47945641e-01 1.34338648e-04 4.33502979e-04
2.48352969e-01 -5.39014541e-04 4.32206395e-04
2.48760294e-01 -6.16931547e-04 4.30930227e-04
2.49167618e-01 -5.08162700e-04 4.17830417e-04
2.49574939e-01 5.91448831e-04 4.37893823e-04
2.49982257e-01 -5.25457788e-04 4.28364287e-04
2.50389573e-01 -6.26588607e-05 4.33838397e-04
2.50796887e-01 4.16494158e-04 4.34574944e-04
2.51204199e-01 8.25445978e-04 4.31361647e-04
2.51611508e-01 4.68050904e-04 4.34926848e-04
2.52018815e-01 -5.44424181e-05 4.28780209e-04
2.52426119e-01 -6.68813381e-04 4.23715800e-04
2.52833421e-01 2.74149858e-04 4.26451080e-04
2.53240720e-01 2.87862093e-04 4.30913030e-04
2.53648017e-01 2.17299485e-05 4.21563594e-04
2.54055312e-01 -5.43002261e-04 4.18968983e-04
2.54462605e-01 6.81229606e-04 4.29519738e-04
2.54869894e-01 3.27376053e-04 4.24037589e-04
2.55277182e-01 -1.35220380e-05 4.19942283e-04
2.55684467e-01 -2.11408296e-05 4.25209134e-04
2.56091750e-01 4.78362245e-04 4.15750416e-04
2.56499030e-01 -2.62103964e-04 4.17718326e-04
2.56906308e-01 -4.25439385e-04 4.17327442e-04
2.57313583e-01 -2.44906909e-04 4.20491517e-04
2.57720856e-01 -5.45975101e-05 4.13127875e-04
2.58128127e-01 -2.56522302e-04 4.19503680e-04
2.58535395e-01 8.95223431e-04 4.17657701e-04
2.58942661e-01 1.62101511e-04 4.11709048e-04
2.59349924e-01 4.27279696e-04 4.20322126e-04
2.59757184e-01 -6.36687841e-05 4.22333236e-04
2.60164443e-01 -4.82745513e-04 4.11667906e-04
2.60571699e-01 5.92288025e-04 4.21059662e-04
2.60978952e-01 4.75215415e-04 4.24635533e-04
2.61386203e-01 -5.78685577e-05 4.23902397e-04
2.61793451e-01 3.33762597e-04 4.24242094e-04
2.62200697e-01 6.11161177e-05 4.17417844e-04
2.62607941e-01 6.51758483e-04 4.21369657e-04
2.63015182e-01 1.11781664e-04 4.20536460e-04
2.63422420e-01 -2.09608758e-04 4.12003918e-04
2.63829656e-01 8.64743283e-05 4.21493970e-04
2.64236890e-01 -2.02063941e-04 4.13022666e-04
2.64644121e-01 4.22466295e-04 4.12142820e-04
2.65051349e-01 2.09621173e-04 4.13797030e-04
2.65458575e-01 -7.11299486e-04 4.07672628e-04
2.65865799e-01 2.67002604e-04 4.09564857e-04
2.66273019e-01 -3.95950507e-04 4.06039877e-04
2.66680238e-01 -2.60343885e-04 4.12297159e-04
2.67087454e-01 1.41595396e-04 4.10098970e-04
2.67494667e-01 1.80755328e-04 4.09368274e-04
2.67901878e-01 4.83269360e-04 4.17288403e-04
2.68309086e-01 -2.64825624e-04 4.09452860e-04
2.68716292e-01 6.50301411e-04 4.02271910e-04
2.69123495e-01 -8.64840507e-05 4.08237202e-04
2.69530696e-01 -4.33089186e-04 4.06600373e-04
2.69937894e-01 1.60188825e-04 4.03281706e-04
2.70345090e-01 -4.94263927e-05 4.08238957e-04
2.70752283e-01 8.59273780e-04 4.06900274e-04
2.71159473e-01 -1.27867017e-04 4.07396395e-04
2.71566661e-01 -2.28243386e-05 4.06482453e-04
2.71973847e-01 -4.91917643e-04 4.05618690e-04
2.72381030e-01 -1.18071041e-04 4.04398323e-04
2.72788210e-01 -6.24502043e-05 3.98880066e-04
2.73195387e-01 -7.06609853e-04 3.98539508e-04
2.73602562e-01 -1.08684921e-04 3.98749273e-04
2.74009735e-01 2.84122902e-04 4.13880511e-04
2.74416905e-01 -5.15292201e-04 4.03244359e-04
2.74824072e-01 1.59749930e-04 3.99746188e-04
2.75231237e-01 -6.25934476e-04 3.90974405e-04
2.75638399e-01 7.11992042e-04 4.02030790e-04
2.76045558e-01 -4.43203717e-05 3.98893311e-04
2.76452715e-01 -2.50303529e-04 3.98110978e-04
2.76859869e-01 1.04132003e-04 3.90120301e-04
2.77267021e-01 -1.33610871e-04 4.00535768e-04
2.77674170e-01 -4.21607473e-04 3.94167270e-04
2.78081316e-01 8.94304430e-04 3.96137787e-04
2.78488460e-01 -2.37920763e-04 3.92223357e-04
2.78895601e-01 2.43245041e-04 4.00449178e-04
2.79302740e-01 -3.16897552e-04 3.98256536e-04
2.79709875e-01 1.12356539e-04 3.97245908e-04
2.80117009e-01 3.08603405e-04 3.95875856e-04
2.80524139e-01 -1.98172040e-04 3.96678953e-04
2.80931267e-01 6.63128681e-05 3.95432010e-04
2.81338392e-01 4.65991031e-05 3.94591744e-04
2.81745515e-01 1.75112216e-04 3.91429877e-04
2.82152635e-01 -2.63948406e-04 3.86092070e-04
2.82559752e-01 5.44232408e-04 3.92386967e-04
2.82966866e-01 -2.56191671e-04 3.88381995e-04
2.83373978e-01 1.67757269e-04 3.87143676e-04
2.83781088e-01 -4.24322726e-04 3.89899288e-04
2.84188194e-01 3.77227975e-04 3.91783751e-04
2.84595298e-01 4.98424225e-04 3.98469234e-04
2.85002399e-01 3.85073751e-04 3.91649074e-04
2.85409497e-01 -4.76010299e-04 3.88686008e-04
2.85816593e-01 2.71710759e-04 3.93997428e-04
2.86223686e-01 2.18302693e-04 3.94255252e-04
2.86630777e-01 -2.80157517e-04 3.87732660e-04
2.87037864e-01 1.29281908e-04 3.97356392e-04
2.87444949e-01 -9.57586090e-05 4.00776378e-04
2.87852031e-01 3.89124176e-04 3.97704885e-04
2.88259111e-01 2.63044455e-04 3.89004082e-04
2.88666188e-01 2.26346357e-04 4.00523680e-04
2.89073262e-01 2.86935328e-04 4.04943831e-04
2.89480333e-01 -5.63068901e-06 3.96593092e-04
2.89887401e-01 4.94587280e-04 3.96668680e-04
2.90294467e-01 -1.84388675e-05 3.98923029e-04
2.90701530e-01 -1.32131893e-04 3.99099916e-04
2.91108591e-01 8.54190956e-04 3.99312936e-04
2.91515648e-01 3.64237390e-04 3.94246023e-04
2.91922703e-01 9.37050991e-06 3.92611967e-04
2.92329755e-01 7.59692717e-05 3.92720486e-04
2.92736804e-01 5.92717505e-04 3.90872732e-04
2.93143851e-01 1.91126491e-04 3.88066180e-04
2.93550895e-01 -2.00014674e-04 3.84594341e-04
2.93957936e-01 2.41586096e-04 3.90819887e-04
2.94364974e-01 -1.46944836e-05 3.82144516e-04
2.94772009e-01 6.71470249e-04 3.93672501e-04
2.95179042e-01 1.53581243e-03 3.97060621e-04
2.95586072e-01 4.52916872e-04 3.93357093e-04
2.95993099e-01 -5.82912077e-06 3.92311485e-04
2.96400123e-01 2.28637609e-04 3.91111127e-04
2.96807145e-01 -4.38218476e-04 3.87817695e-04
2.97214163e-01 3.73010151e-04 3.93520193e-04
2.97621179e-01 -7.75952255e-06 3.86808582e-04
2.98028192e-01 4.21378123e-04 3.92299717e-04
2.98435202e-01 3.45743080e-04 3.94641646e-04
2.98842210e-01 4.83177315e-04 3.92494219e-04
2.99249214e-01 3.31569423e-05 4.01753752e-04
2.99656216e-01 -7.16266295e-05 3.94816476e-04
3.00063215e-01 4.26149613e-04 3.98294016e-04
3.00470211e-01 -2.87641363e-04 3.89023765e-04
3.00877204e-01 7.70076682e-04 3.95083987e-04
3.01284194e-01 -4.37690697e-04 4.00067190e-04
3.01691182e-01 -8.01796457e-06 4.00383160e-04
3.02098167e-01 5.22037262e-04 3.95955644e-04
3.02505149e-01 6.23886821e-04 3.95989407e-04
3.02912128e-01 -3.38908830e-04 3.97933826e-04
3.03319104e-01 -6.49439206e-04 3.87640714e-04
3.03726077e-01 5.18291269e-05 3.94654200e-04
3.04133047e-01 -2.77457118e-04 3.86409931e-04
3.04540015e-01 -3.54130227e-04 3.94449317e-04
3.04946979e-01 2.57316400e-04 3.90908960e-04
3.05353941e-01 -2.59492515e-04 3.94901631e-04
3.05760900e-01 -6.76051914e-05 3.88555922e-04
3.06167856e-01 4.12678614e-04 3.88470080e-04
3.06574809e-01 4.16403769e-04 3.93368732e-04
3.06981759e-01 -4.27286870e-04 3.88897958e-04
3.07388706e-01 1.15610523e-04 3.92645916e-04
3.07795651e-01 -2.40533680e-04 3.87390099e-04
3.08202592e-01 -5.79426266e-04 3.91968364e-04
3.08609531e-01 -5.20063926e-04 3.93021726e-04
3.09016466e-01 3.26930637e-04 3.93952414e-04
3.09423399e-01 -8.44092283e-06 4.02735836e-04
3.09830329e-01 3.16057651e-04 4.05613367e-04
3.10237256e-01 -4.14106870e-04 3.93464900e-04
3.10644180e-01 3.88251110e-04 3.99734548e-04
3.11051101e-01 -2.41506758e-05 3.99030637e-04
3.11458019e-01 -4.82781451e-06 4.01824492e-04
3.11864934e-01 4.05559124e-05 4.06775422e-04
3.12271846e-01 -4.39649921e-04 3.99395050e-04
3.12678755e-01 2.18214401e-05 3.98021481e-04
3.13085661e-01 5.60662173e-04 4.03017756e-04
3.13492565e-01 -2.58991533e-04 4.03487653e-04
3.13899465e-01 7.98786878e-04 4.08018564e-04
3.14306362e-01 2.95981331e-04 3.98007040e-04
3.14713257e-01 1.03225625e-03 4.14300508e-04
3.15120148e-01 3.80152996e-04 4.08061375e-04
3.15527037e-01 2.39121202e-04 4.09356378e-04
3.15933922e-01 -5.79161134e-05 4.19055902e-04
3.16340805e-01 3.70670391e-04 4.51375989e-04
3.16747684e-01 4.07215025e-04 4.84061198e-04
3.17154561e-01 2.23629820e-04 5.25036660e-04
3.17561434e-01 -8.56313507e-06 5.35152542e-04
3.17968305e-01 -5.36285006e-04 5.70193184e-04
3.18375172e-01 -9.94937005e-04 6.10494227e-04
3.18782037e-01 -7.62680804e-05 6.24169748e-04
3.19188898e-01 6.40476122e-06 6.56240670e-04
3.19595757e-01 -7.97700206e-04 6.73383442e-04
3.20002612e-01 1.62350125e-04 7.00392728e-04
3.20409465e-01 2.59180543e-04 7.44106308e-04
3.20816314e-01 -1.10487853e-03 7.88609892e-04
3.21223160e-01 -2.73410369e-04 9.28834462e-04
3.21630004e-01 -1.50989715e-04 1.01995203e-03
3.22036844e-01 -5.85592721e-04 1.38968211e-03
3.22443681e-01 8.42332903e-04 2.00873544e-03
3.22850516e-01 2.55948883e-03 5.48345502e-03
