4.08043586e-03 -4.11042327e-02 3.07436734e-02
4.48847930e-03 -3.54430327e-02 2.63309336e-02
4.89652269e-03 -2.68980826e-02 1.94359795e-02
5.30456604e-03 -2.07462294e-02 1.39692554e-02
5.71260934e-03 -9.35519035e-03 1.14696432e-02
6.12065258e-03 -1.59712373e-02 9.21693687e-03
6.52869577e-03 -2.40087533e-05 7.99005753e-03
6.93673889e-03 -7.11352254e-03 6.46060986e-03
7.34478195e-03 -6.84549284e-03 5.94083154e-03
7.75282494e-03 -6.51102561e-03 5.32221968e-03
8.16086785e-03 -4.17291168e-03 4.71566417e-03
8.56891069e-03 -4.20685891e-03 4.51527087e-03
8.97695345e-03 -5.33174559e-03 4.45022306e-03
9.38499612e-03 6.18372370e-04 4.08825290e-03
9.79303870e-03 -3.35824035e-03 3.48775398e-03
1.02010812e-02 -2.84222653e-04 3.39744659e-03
1.06091236e-02 1.21733271e-03 3.27952078e-03
1.10171659e-02 -1.71014038e-03 2.74824006e-03
1.14252081e-02 -2.68063310e-03 3.10550479e-03
1.18332501e-02 -4.10904008e-03 2.70770122e-03
1.22412921e-02 -3.09058878e-03 2.74212807e-03
1.26493339e-02 1.45743163e-03 2.57280003e-03
1.30573757e-02 4.55344050e-04 2.45665924e-03
1.34654173e-02 -1.90165870e-03 2.58654941e-03
1.38734588e-02 3.25769143e-03 2.32111692e-03
1.42815001e-02 2.95422738e-03 2.35720994e-03
1.46895413e-02 -4.89127273e-04 2.33979501e-03
1.50975824e-02 4.33252267e-04 2.28381245e-03
1.55056233e-02 -3.91729680e-03 2.06660387e-03
1.59136641e-02 2.33909345e-03 2.07675260e-03
1.63217047e-02 1.26479136e-03 2.07953133e-03
1.67297452e-02 3.18158198e-04 1.88058774e-03
1.71377855e-02 -1.22608000e-04 2.04545674e-03
1.75458257e-02 -8.98007545e-04 2.04226542e-03
1.79538657e-02 1.26684849e-03 2.10631204e-03
1.83619055e-02 -7.84941155e-04 1.90300539e-03
1.87699451e-02 3.49465731e-03 1.89413183e-03
1.91779846e-02 2.21521867e-03 1.97110648e-03
1.95860239e-02 1.04892152e-04 1.86776499e-03
1.99940630e-02 -5.65869818e-04 1.92348755e-03
2.04021019e-02 9.52458359e-04 1.84496342e-03
2.08101406e-02 1.98957333e-03 1.79944998e-03
2.12181791e-02 3.02569216e-04 1.80063191e-03
2.16262174e-02 -6.23514466e-04 1.71535547e-03
2.20342555e-02 8.36311992e-04 1.70370266e-03
2.24422934e-02 -1.40885730e-03 1.72831217e-03
2.28503311e-02 -2.82949458e-03 1.67094184e-03
2.32583686e-02 -1.01743326e-03 1.72652713e-03
2.36664058e-02 -1.95101774e-03 1.72067751e-03
2.40744429e-02 -3.19925395e-03 1.54039115e-03
2.44824797e-02 1.50341718e-03 1.73949059e-03
2.48905162e-02 3.05953998e-03 1.64104091e-03
2.52985525e-02 2.37339742e-03 1.74000795e-03
2.57065886e-02 6.69257317e-04 1.67591166e-03
2.61146245e-02 -1.68349965e-03 1.67320081e-03
2.65226601e-02 4.32120372e-04 1.69131403e-03
2.69306954e-02 -2.42145312e-03 1.57823861e-03
2.73387305e-02 1.38931580e-03 1.66480263e-03
2.77467653e-02 1.42299536e-03 1.61778411e-03
2.81547999e-02 1.41757849e-04 1.67672232e-03
2.85628342e-02 -2.52327197e-03 1.66720969e-03
2.89708682e-02 6.21548904e-04 1.68734190e-03
2.93789020e-02 7.78249957e-04 1.73224757e-03
2.97869355e-02 1.77834411e-05 1.65775288e-03
3.01949687e-02 5.11480490e-04 1.69146608e-03
3.06030016e-02 3.14959587e-03 1.63216278e-03
3.10110342e-02 4.51417776e-03 1.67578210e-03
3.14190665e-02 -7.52493052e-04 1.50539575e-03
3.18270985e-02 1.25748193e-03 1.58170620e-03
3.22351302e-02 -8.43015745e-04 1.47838970e-03
3.26431617e-02 -5.19081004e-05 1.43671742e-03
3.30511928e-02 1.79515022e-04 1.50721804e-03
3.34592236e-02 -1.62868813e-04 1.44668855e-03
3.38672540e-02 4.07345855e-03 1.41459082e-03
3.42752842e-02 -5.13196711e-04 1.46838486e-03
3.46833140e-02 -5.06111992e-04 1.41203117e-03
3.50913435e-02 1.33049692e-03 1.38003143e-03
3.54993727e-02 -1.81784805e-04 1.43308278e-03
3.59074015e-02 -7.31989282e-04 1.39532164e-03
3.63154300e-02 -1.47218890e-03 1.39204515e-03
3.67234581e-02 -8.17672003e-04 1.39019100e-03
3.71314859e-02 3.44824812e-05 1.34587394e-03
3.75395134e-02 1.74307036e-03 1.35399187e-03
3.79475405e-02 -6.25053604e-04 1.29915300e-03
3.83555672e-02 1.69552922e-03 1.33722514e-03
3.87635935e-02 -7.66195079e-04 1.32974997e-03
3.91716195e-02 -1.27044385e-03 1.30685346e-03
3.95796452e-02 -3.42739249e-04 1.35732341e-03
3.99876704e-02 -4.25146438e-04 1.33036289e-03
4.03956953e-02 8.73879550e-04 1.34154532e-03
4.08037198e-02 6.89108617e-04 1.27058998e-03
4.12117439e-02 -2.25934930e-03 1.32213943e-03
4.16197676e-02 4.86436872e-04 1.24766543e-03
4.20277909e-02 -4.49836250e-04 1.23365044e-03
4.24358138e-02 2.43178114e-03 1.26573739e-03
4.28438363e-02 -6.18034058e-05 1.20632099e-03
4.32518584e-02 1.35969082e-03 1.22684893e-03
4.36598801e-02 1.04357654e-03 1.30719129e-03
4.40679014e-02 4.79795947e-04 1.20139806e-03
4.44759222e-02 9.16967801e-04 1.24943667e-03
4.48839427e-02 -6.41298669e-04 1.19450102e-03
4.52919627e-02 4.41635290e-06 1.22916388e-03
4.56999823e-02 2.35802639e-03 1.21943906e-03
4.61080014e-02 -1.53462067e-03 1.19269162e-03
4.65160201e-02 7.50522596e-04 1.18937750e-03
4.69240384e-02 -9.06000430e-04 1.22189223e-03
4.73320562e-02 -3.69032180e-04 1.19697375e-03
4.77400736e-02 -2.29356638e-03 1.20263359e-03
4.81480905e-02 5.22009886e-04 1.20222901e-03
4.85561070e-02 6.21712702e-04 1.18964877e-03
4.89641230e-02 -1.26820479e-03 1.18443450e-03
4.93721385e-02 -1.35405976e-04 1.20777435e-03
4.97801536e-02 1.26655388e-03 1.18548385e-03
5.01881682e-02 -3.09721069e-04 1.15805396e-03
5.05961823e-02 -4.01956444e-04 1.13361568e-03
5.10041960e-02 7.31997913e-04 1.11966016e-03
5.14122091e-02 -6.43537860e-04 1.11460500e-03
5.18202218e-02 1.67284392e-03 1.13103699e-03
5.22282340e-02 3.42246041e-04 1.12377693e-03
5.26362457e-02 6.34975817e-04 1.09613132e-03
5.30442569e-02 -1.83802932e-04 1.09377608e-03
5.34522675e-02 6.08646380e-04 1.08094976e-03
5.38602777e-02 1.37785981e-03 1.08176323e-03
5.42682874e-02 -2.17645062e-04 1.04694538e-03
5.46762965e-02 5.85183629e-04 1.07838195e-03
5.50843052e-02 -9.63378836e-04 1.06733114e-03
5.54923133e-02 -7.88652508e-04 1.04569066e-03
5.59003208e-02 1.95508627e-03 1.12823827e-03
5.63083279e-02 7.11557493e-04 1.09176890e-03
5.67163344e-02 1.17719181e-03 1.07855403e-03
5.71243404e-02 -1.23196992e-03 1.07368504e-03
5.75323458e-02 -1.24189417e-03 1.08576834e-03
5.79403507e-02 1.20130985e-03 1.12780442e-03
5.83483551e-02 9.40708377e-04 1.14919389e-03
5.87563588e-02 2.82149177e-03 1.14690217e-03
5.91643621e-02 -3.09437293e-04 1.07789550e-03
5.95723647e-02 1.51604652e-03 1.04155003e-03
5.99803668e-02 3.92459487e-04 1.07830057e-03
6.03883684e-02 1.98258596e-04 1.09317461e-03
6.07963693e-02 1.72696150e-03 1.15384278e-03
6.12043697e-02 5.03351211e-04 1.08467307e-03
6.16123695e-02 1.61807606e-04 1.07343957e-03
6.20203687e-02 1.05737693e-03 1.07725235e-03
6.24283674e-02 -3.72873693e-04 1.08283497e-03
6.28363654e-02 1.11227298e-03 1.05645272e-03
6.32443629e-02 1.22373432e-03 1.02523498e-03
6.36523597e-02 -3.73878609e-04 1.07284481e-03
6.40603559e-02 -3.55557848e-05 9.96547639e-04
6.44683516e-02 -6.48355863e-04 1.00312489e-03
6.48763466e-02 3.22640148e-03 1.02314723e-03
6.52843410e-02 -1.01286477e-03 1.00395617e-03
6.56923348e-02 1.33751128e-04 1.02451554e-03
6.61003279e-02 7.47554004e-04 1.01421312e-03
6.65083205e-02 1.78720646e-03 1.01933854e-03
6.69163124e-02 -3.82316789e-04 1.02471368e-03
6.73243036e-02 2.60502263e-04 9.61614903e-04
6.77322943e-02 3.40401777e-04 9.49341125e-04
6.81402842e-02 -1.53178355e-03 9.63765178e-04
6.85482736e-02 2.52658091e-04 9.72617114e-04
6.89562623e-02 -5.81405739e-04 9.45241459e-04
6.93642503e-02 -9.92315372e-04 9.60286073e-04
6.97722377e-02 -5.21706912e-04 9.67710014e-04
7.01802244e-02 -4.01883520e-04 9.91807832e-04
7.05882105e-02 -1.34218845e-04 9.42077829e-04
7.09961958e-02 5.87159537e-04 9.57511715e-04
7.14041805e-02 2.68653577e-04 9.67073798e-04
7.18121646e-02 2.75430266e-03 9.88751428e-04
7.22201479e-02 -1.53037532e-03 9.18189346e-04
7.26281306e-02 -8.58333537e-04 9.19264138e-04
7.30361126e-02 -5.09269128e-04 8.87780647e-04
7.34440938e-02 9.74453777e-04 9.21568631e-04
7.38520744e-02 8.18406126e-04 9.50762924e-04
7.42600543e-02 8.99187562e-04 9.19057804e-04
7.46680335e-02 -9.35999452e-04 9.18784310e-04
7.50760119e-02 6.26796082e-04 8.75128043e-04
7.54839897e-02 8.34966757e-04 9.04130921e-04
7.58919667e-02 1.82300224e-03 9.13312811e-04
7.62999431e-02 3.01442701e-04 9.23679084e-04
7.67079187e-02 -6.68653547e-04 9.14683039e-04
7.71158935e-02 -1.07556160e-03 8.90964199e-04
7.75238677e-02 1.02594103e-03 9.25983886e-04
7.79318411e-02 4.31099423e-04 9.31548064e-04
7.83398137e-02 -1.43137316e-03 8.84552092e-04
7.87477857e-02 -9.78575344e-05 8.99172145e-04
7.91557568e-02 -1.12861729e-03 9.06601336e-04
7.95637273e-02 1.50935509e-03 8.68977136e-04
7.99716969e-02 -3.18903138e-04 8.74887415e-04
8.03796658e-02 9.40973033e-04 9.07408286e-04
8.07876340e-02 -1.55333223e-04 8.65967836e-04
8.11956014e-02 2.08627375e-04 8.78043647e-04
8.16035680e-02 -1.02510237e-04 8.46054042e-04
8.20115338e-02 8.03134190e-04 8.52994944e-04
8.24194989e-02 1.06232890e-04 8.40552121e-04
8.28274631e-02 7.45319550e-04 8.54799521e-04
8.32354266e-02 3.25687998e-04 8.60943538e-04
8.36433893e-02 1.39900410e-03 8.73059845e-04
8.40513512e-02 6.68985506e-04 8.59188354e-04
8.44593123e-02 -1.28998451e-03 8.33563398e-04
8.48672727e-02 1.95084934e-03 8.44035469e-04
8.52752322e-02 1.09906856e-04 8.09121058e-04
8.56831909e-02 1.66575305e-03 8.58094267e-04
8.60911487e-02 1.23222317e-03 8.67536908e-04
8.64991058e-02 3.60169957e-04 8.62501062e-04
8.69070620e-02 2.96692259e-05 8.75720461e-04
8.73150175e-02 5.62509571e-05 8.34672641e-04
8.77229721e-02 1.34618087e-04 8.22254128e-04
8.81309258e-02 -8.69733363e-04 8.57971494e-04
8.85388787e-02 9.55327054e-04 8.54811891e-04
8.89468308e-02 3.52853563e-04 8.28946950e-04
8.93547821e-02 1.84944338e-03 8.64495497e-04
8.97627325e-02 -6.83993129e-04 8.26829746e-04
9.01706820e-02 1.22201993e-03 8.33603821e-04
9.05786307e-02 -7.58523620e-05 7.78214400e-04
9.09865785e-02 3.21014687e-04 7.96827660e-04
9.13945255e-02 -1.40449140e-03 8.02669953e-04
9.18024716e-02 -1.99389754e-04 8.01270963e-04
9.22104168e-02 2.67072293e-03 8.05335383e-04
9.26183611e-02 1.26598379e-03 8.07585238e-04
9.30263046e-02 1.65849504e-04 7.90909063e-04
9.34342472e-02 -4.64640748e-04 8.20401638e-04
9.38421889e-02 -8.52419545e-05 8.43511568e-04
9.42501297e-02 -4.24166939e-04 8.30973765e-04
9.46580696e-02 -2.57482180e-04 8.13655945e-04
9.50660087e-02 -2.66687321e-04 8.23055680e-04
9.54739468e-02 1.05208572e-04 8.01379620e-04
9.58818840e-02 -1.22957096e-03 7.97731017e-04
9.62898203e-02 1.15344199e-03 8.12662640e-04
9.66977557e-02 -1.40133330e-04 7.91570057e-04
9.71056902e-02 -5.02928451e-04 7.75225336e-04
9.75136237e-02 1.48628561e-03 8.01862757e-04
9.79215564e-02 1.46535466e-03 8.10943124e-04
9.83294881e-02 1.15001040e-04 8.00920964e-04
9.87374188e-02 -1.33098208e-04 7.97601284e-04
9.91453487e-02 -1.61104960e-03 7.78776514e-04
9.95532775e-02 -3.24418272e-05 7.70756419e-04
9.99612055e-02 -6.61357111e-05 7.96139296e-04
1.00369132e-01 1.12430184e-03 7.71554458e-04
1.00777059e-01 8.67850146e-04 7.83150351e-04
1.01184984e-01 -5.19374547e-04 7.49868991e-04
1.01592908e-01 1.88493462e-04 7.62076385e-04
1.02000831e-01 -2.61185617e-04 7.49328391e-04
1.02408753e-01 -2.75411958e-04 7.21466211e-04
1.02816674e-01 -9.52376683e-04 7.34296460e-04
1.03224595e-01 1.16961717e-03 7.48180175e-04
1.03632514e-01 -6.86646118e-04 7.40353076e-04
1.04040432e-01 1.19894497e-04 7.44424962e-04
1.04448349e-01 1.59367296e-04 7.43803516e-04
1.04856266e-01 -5.44144557e-04 7.36200004e-04
1.05264181e-01 -8.31300352e-04 7.52290540e-04
1.05672095e-01 3.71757017e-04 7.46300457e-04
1.06080009e-01 6.84319903e-04 7.39010502e-04
1.06487921e-01 3.04927025e-04 7.20365786e-04
1.06895832e-01 1.09369006e-04 7.61922793e-04
1.07303743e-01 -2.15012612e-05 7.65950893e-04
1.07711652e-01 -2.84122767e-04 7.50681288e-04
1.08119560e-01 -1.87621776e-04 7.29167112e-04
1.08527467e-01 -5.47726637e-05 7.20854885e-04
1.08935374e-01 2.33891728e-04 7.44454043e-04
1.09343279e-01 -2.56963746e-04 7.43647639e-04
1.09751183e-01 -6.06598840e-04 7.23503618e-04
1.10159086e-01 -3.96661969e-04 7.54531095e-04
1.10566988e-01 4.37949061e-04 7.20618195e-04
1.10974889e-01 6.01520327e-04 6.99756680e-04
1.11382789e-01 4.34218973e-04 7.03886666e-04
1.11790688e-01 6.41287743e-04 7.23130599e-04
1.12198586e-01 4.60140217e-05 7.16550004e-04
1.12606482e-01 5.03743732e-04 7.28594018e-04
1.13014378e-01 5.46346771e-04 7.27718645e-04
1.13422273e-01 2.37014692e-04 7.27885216e-04
1.13830166e-01 -4.92835840e-04 7.28422662e-04
1.14238059e-01 -8.40561159e-05 7.46039670e-04
1.14645950e-01 -5.88984396e-04 7.30268097e-04
1.15053840e-01 5.97099330e-04 7.36799847e-04
1.15461730e-01 -4.05225131e-04 7.11880013e-04
1.15869618e-01 7.81611201e-04 7.60677389e-04
1.16277505e-01 6.10061093e-04 7.60119605e-04
1.16685391e-01 1.28643058e-03 7.48489435e-04
1.17093275e-01 1.29787389e-03 7.47255125e-04
1.17501159e-01 -1.23529929e-04 7.45355725e-04
1.17909042e-01 -7.05235012e-04 7.46885679e-04
1.18316923e-01 -2.78677615e-04 7.25072998e-04
1.18724803e-01 -8.46921999e-04 7.29553213e-04
1.19132683e-01 -4.74847295e-04 7.01272877e-04
1.19540561e-01 2.79270273e-04 6.91639311e-04
1.19948438e-01 7.02357019e-04 7.06852534e-04
1.20356313e-01 7.26210426e-04 7.04688875e-04
1.20764188e-01 1.09764813e-03 7.04183753e-04
1.21172062e-01 1.99601273e-04 6.96273334e-04
1.21579934e-01 6.17127801e-05 6.97918709e-04
1.21987805e-01 -3.29448228e-04 6.63100265e-04
1.22395675e-01 -3.76042153e-04 6.87537971e-04
1.22803544e-01 -4.19209248e-04 6.91619008e-04
1.23211412e-01 2.45918938e-04 6.90192705e-04
1.23619278e-01 -4.20077491e-04 6.83093729e-04
1.24027144e-01 -2.45244530e-04 6.91704919e-04
1.24435008e-01 -6.81704990e-04 6.65496498e-04
1.24842871e-01 -1.12269874e-03 6.61226922e-04
1.25250733e-01 -7.12238413e-05 6.74520907e-04
1.25658594e-01 -1.24574140e-03 6.73639815e-04
1.26066453e-01 -2.20592034e-04 6.73830412e-04
1.26474311e-01 8.13057887e-04 6.62056265e-04
1.26882168e-01 2.84887999e-04 6.74126354e-04
1.27290024e-01 -8.65065148e-04 6.84100700e-04
1.27697879e-01 -1.11586856e-03 6.69137246e-04
1.28105732e-01 -1.51793817e-04 6.69112971e-04
1.28513585e-01 -1.76950772e-04 6.53946578e-04
1.28921436e-01 -1.23189990e-04 6.64410752e-04
1.29329285e-01 1.27273808e-03 6.62628432e-04
1.29737134e-01 4.26691923e-04 6.50514787e-04
1.30144981e-01 -4.40361166e-04 6.54819722e-04
1.30552828e-01 -5.74509544e-04 6.37481996e-04
1.30960672e-01 2.38422274e-04 6.73660797e-04
1.31368516e-01 3.02870260e-04 6.52948006e-04
1.31776358e-01 1.10591912e-03 6.49221062e-04
1.32184200e-01 -3.47090227e-04 6.41138825e-04
1.32592039e-01 1.03441112e-03 6.64889394e-04
1.32999878e-01 1.17039712e-03 6.47265099e-04
1.33407715e-01 -5.41536126e-04 6.36425266e-04
1.33815552e-01 1.70979550e-04 6.42190235e-04
1.34223386e-01 1.90217322e-04 6.52578137e-04
1.34631220e-01 1.42890603e-04 6.46721949e-04
1.35039052e-01 7.00986392e-05 6.53698182e-04
1.35446883e-01 -1.21701395e-03 6.35341745e-04
1.35854713e-01 -1.02158425e-05 6.33849767e-04
1.36262541e-01 7.72300894e-04 6.45675143e-04
1.36670368e-01 -8.55208675e-04 6.33639835e-04
1.37078194e-01 -1.35690919e-05 6.39666344e-04
1.37486019e-01 8.38205948e-04 6.56666704e-04
1.37893842e-01 -9.37772514e-04 6.19092807e-04
1.38301664e-01 -8.56885330e-04 6.18805985e-04
1.38709485e-01 5.46796489e-04 6.32018450e-04
1.39117304e-01 7.48992973e-05 6.22781907e-04
1.39525122e-01 -6.13098536e-04 6.20340506e-04
1.39932939e-01 -4.12458271e-04 6.08248509e-04
1.40340754e-01 9.70222929e-05 6.27961242e-04
1.40748568e-01 -4.95123109e-04 6.00430850e-04
1.41156381e-01 -1.20909329e-03 6.08293425e-04
1.41564192e-01 8.55308375e-04 6.27847724e-04
1.41972002e-01 1.12146878e-03 6.18730858e-04
1.42379811e-01 -4.78508141e-04 6.12078007e-04
1.42787618e-01 8.71479302e-04 6.44102170e-04
1.43195424e-01 1.22893877e-03 6.25762728e-04
1.43603228e-01 -1.39004199e-04 6.32195465e-04
1.44011032e-01 -4.63128197e-04 6.20580345e-04
1.44418833e-01 -7.03149979e-04 6.22073056e-04
1.44826634e-01 -3.10114207e-04 6.24512926e-04
1.45234433e-01 -1.47171593e-03 6.14491152e-04
1.45642231e-01 7.49270596e-04 6.38240885e-04
1.46050027e-01 8.43144453e-04 6.31458077e-04
1.46457822e-01 1.49368086e-04 6.49837801e-04
1.46865616e-01 -2.49846587e-04 6.35880811e-04
1.47273408e-01 -1.95663286e-04 6.40000284e-04
1.47681199e-01 -2.68557592e-04 6.28928068e-04
1.48088988e-01 -1.61991736e-04 6.21147748e-04
1.48496776e-01 -6.80206851e-04 6.13196417e-04
1.48904563e-01 -7.41029788e-06 6.13648364e-04
1.49312348e-01 7.62279849e-04 6.18076282e-04
1.49720132e-01 5.43910509e-04 6.29138487e-04
1.50127914e-01 -8.16295089e-04 6.12476704e-04
1.50535695e-01 2.69565314e-04 5.96423803e-04
1.50943474e-01 -6.78322066e-04 5.93486989e-04
1.51351252e-01 -8.35757629e-04 5.96793433e-04
1.51759029e-01 -3.84373481e-04 6.27172883e-04
1.52166804e-01 1.63595879e-04 6.05452200e-04
1.52574578e-01 -2.44777166e-04 6.06893432e-04
1.52982350e-01 -7.85221556e-04 6.10154823e-04
1.53390121e-01 1.51720024e-03 6.03660364e-04
1.53797890e-01 -6.04825000e-04 5.86795146e-04
1.54205658e-01 4.90011828e-04 5.91118407e-04
1.54613425e-01 1.19220752e-03 6.10843375e-04
1.55021190e-01 7.78473542e-04 6.05330981e-04
1.55428953e-01 1.06409966e-03 5.86785735e-04
1.55836716e-01 -2.02121196e-05 5.90441159e-04
1.56244476e-01 -9.86757491e-05 6.03521976e-04
1.56652235e-01 3.63667295e-04 5.80528796e-04
1.57059993e-01 1.34468579e-03 6.16556878e-04
1.57467749e-01 1.37656883e-03 5.92166827e-04
1.57875504e-01 4.76909323e-04 5.82684014e-04
1.58283257e-01 2.27631521e-04 5.83520132e-04
1.58691008e-01 9.80670219e-04 5.89254840e-04
1.59098758e-01 -2.88358975e-04 5.61715039e-04
1.59506507e-01 2.05849231e-04 5.74006910e-04
1.59914254e-01 4.42860802e-04 5.70118395e-04
1.60322000e-01 3.56331662e-04 5.70700847e-04
1.60729744e-01 -3.25867258e-04 5.56602848e-04
1.61137486e-01 -6.80266353e-04 5.63582683e-04
1.61545228e-01 9.81291797e-05 5.68815866e-04
1.61952967e-01 -5.05361926e-04 5.72268050e-04
1.62360705e-01 -2.67750779e-04 5.47026432e-04
1.62768441e-01 -8.11799765e-05 5.67320960e-04
1.63176176e-01 -1.28188908e-04 5.64778737e-04
1.63583910e-01 5.50709632e-04 5.82986951e-04
1.63991641e-01 2.02971926e-04 5.66066098e-04
1.64399372e-01 2.64327617e-04 5.53878673e-04
1.64807100e-01 7.02561117e-05 5.73291092e-04
1.65214827e-01 7.35657580e-04 5.61209616e-04
1.65622553e-01 6.87533625e-04 5.48835449e-04
1.66030277e-01 2.12517327e-04 5.76915288e-04
1.66437999e-01 2.56677657e-04 5.72530888e-04
1.66845720e-01 -2.80323945e-04 5.66851641e-04
1.67253439e-01 -7.71078602e-04 5.52666214e-04
1.67661157e-01 -8.95736305e-05 5.49141773e-04
1.68068873e-01 1.34547320e-03 5.61973816e-04
1.68476588e-01 1.56780913e-04 5.68190768e-04
1.68884301e-01 2.23519618e-05 5.60512003e-04
1.69292012e-01 -1.42880633e-04 5.61353510e-04
1.69699721e-01 1.10071829e-03 5.54626670e-04
1.70107430e-01 -1.82490487e-04 5.40468553e-04
1.70515136e-01 1.84814652e-04 5.49189146e-04
1.70922841e-01 -2.31158233e-04 5.43231691e-04
1.71330544e-01 -5.80265920e-04 5.37890165e-04
1.71738246e-01 1.54230618e-04 5.48055300e-04
1.72145946e-01 -1.56207729e-03 5.35203561e-04
1.72553644e-01 -2.95342772e-04 5.46632263e-04
1.72961341e-01 1.01477402e-03 5.52186957e-04
1.73369036e-01 -4.91968533e-04 5.33039168e-04
1.73776729e-01 5.18609568e-04 5.52945771e-04
1.74184421e-01 -1.93392328e-04 5.45245525e-04
1.74592111e-01 -2.89229108e-05 5.36477002e-04
1.74999799e-01 -1.04135008e-04 5.42817092e-04
1.75407486e-01 4.92133596e-04 5.46577344e-04
1.75815171e-01 -1.87998043e-04 5.29398705e-04
1.76222855e-01 3.46870023e-04 5.48128211e-04
1.76630537e-01 -7.21237524e-05 5.40969916e-04
1.77038217e-01 2.92117328e-04 5.37450334e-04
1.77445895e-01 1.82263149e-04 5.30246653e-04
1.77853572e-01 -6.77505299e-04 5.35513983e-04
1.78261247e-01 -4.44531771e-04 5.33543680e-04
1.78668921e-01 -5.46949913e-04 5.35084555e-04
1.79076592e-01 -5.09683585e-04 5.24202948e-04
1.79484262e-01 3.98946678e-04 5.26195393e-04
1.79891931e-01 1.75549443e-04 5.33392164e-04
1.80299597e-01 -4.99658664e-05 5.30623638e-04
1.80707262e-01 1.19976196e-04 5.31184675e-04
1.81114925e-01 2.53638346e-04 5.24117939e-04
1.81522587e-01 4.01980299e-04 5.24277759e-04
1.81930247e-01 -3.07376404e-05 5.20912894e-04
1.82337905e-01 6.24816851e-05 5.13718466e-04
1.82745561e-01 -5.05052904e-04 5.19900336e-04
1.83153215e-01 -2.69122774e-05 5.14683239e-04
1.83560868e-01 8.59443189e-05 5.17629308e-04
1.83968519e-01 -5.12849065e-04 5.19682484e-04
1.84376169e-01 3.20090292e-04 5.18687692e-04
1.84783816e-01 -3.97743229e-04 5.28372373e-04
1.85191462e-01 -4.57677147e-05 5.25920904e-04
1.85599106e-01 1.29929818e-04 5.20392273e-04
1.86006749e-01 5.07375534e-04 5.20417188e-04
1.86414389e-01 1.00627182e-03 5.30528215e-04
1.86822028e-01 -3.72297787e-04 5.29660872e-04
1.87229665e-01 8.65871395e-04 5.35198919e-04
1.87637300e-01 2.99885359e-04 5.02714332e-04
1.88044934e-01 3.40269711e-04 5.07403856e-04
1.88452566e-01 -6.54855249e-04 5.06195975e-04
1.88860195e-01 2.29340012e-04 5.04510251e-04
1.89267824e-01 -4.03065209e-04 5.10080945e-04
1.89675450e-01 2.19996552e-04 5.06196040e-04
1.90083074e-01 -3.55538305e-04 5.03840912e-04
1.90490697e-01 3.89357399e-05 5.09239457e-04
1.90898318e-01 -2.10791446e-04 5.05990586e-04
1.91305937e-01 -5.89615026e-04 5.03758177e-04
1.91713555e-01 6.78483563e-04 5.04735423e-04
1.92121170e-01 2.99330137e-04 5.07774005e-04
1.92528784e-01 -2.94122572e-04 5.09095834e-04
1.92936396e-01 8.01692260e-04 5.22274785e-04
1.93344006e-01 -2.78301666e-04 5.11591156e-04
1.93751614e-01 -5.62832094e-04 5.02295404e-04
1.94159220e-01 6.33075568e-04 5.09687804e-04
1.94566825e-01 -2.87895057e-05 4.96270315e-04
1.94974427e-01 -6.84935576e-05 5.02408164e-04
1.95382028e-01 2.99907598e-04 5.00937785e-04
1.95789627e-01 -2.08607571e-06 4.95755976e-04
1.96197224e-01 -1.23484699e-03 4.95257824e-04
1.96604820e-01 -3.88053237e-04 4.95106355e-04
1.97012413e-01 -8.13644881e-04 4.92071450e-04
1.97420005e-01 2.77193542e-04 5.06196109e-04
1.97827594e-01 3.10330122e-04 5.04866243e-04
1.98235182e-01 -4.31094159e-04 5.06260131e-04
1.98642768e-01 -2.21247953e-04 5.06700431e-04
1.99050352e-01 -1.41573590e-04 4.92650422e-04
1.99457934e-01 6.48387854e-04 5.09213405e-04
1.99865514e-01 -1.21093071e-04 5.01960042e-04
2.00273093e-01 1.20679778e-04 5.07532063e-04
2.00680669e-01 -3.83919514e-05 5.08302866e-04
2.01088244e-01 -6.20171959e-04 5.06807540e-04
2.01495816e-01 -6.44948462e-04 5.19871270e-04
2.01903387e-01 4.14764260e-04 5.10524926e-04
2.02310956e-01 2.78457186e-04 5.12718770e-04
2.02718523e-01 6.32292954e-04 5.15573149e-04
2.03126088e-01 7.16908629e-06 5.18096358e-04
2.03533651e-01 1.23321529e-03 5.19787444e-04
2.03941212e-01 4.28623197e-04 5.16950497e-04
2.04348771e-01 -2.50449455e-04 5.08939682e-04
2.04756329e-01 -1.85586868e-04 5.00009336e-04
2.05163884e-01 -4.80959005e-05 5.00477191e-04
2.05571438e-01 -2.90524449e-04 5.06879178e-04
2.05978989e-01 1.06843125e-03 5.01232101e-04
2.06386539e-01 5.97541147e-04 4.95096208e-04
2.06794086e-01 -1.00421427e-03 4.99298144e-04
2.07201632e-01 1.89711226e-04 4.86598567e-04
2.07609175e-01 -1.61334016e-05 4.93284447e-04
2.08016717e-01 7.18172801e-04 4.87415460e-04
2.08424257e-01 -1.12249384e-03 4.74750802e-04
2.08831794e-01 3.98563347e-04 4.86478400e-04
2.09239330e-01 -4.81626701e-04 4.83642429e-04
2.09646864e-01 1.42554913e-04 4.94375568e-04
2.10054396e-01 -1.79786758e-05 4.73894525e-04
2.10461925e-01 2.51806456e-05 4.96871218e-04
2.10869453e-01 5.64929848e-04 4.77505556e-04
2.11276979e-01 -5.00451434e-05 4.80488914e-04
2.11684503e-01 -7.80526825e-04 4.78365290e-04
2.12092025e-01 5.90449702e-04 4.89530393e-04
2.12499544e-01 -3.37484381e-05 4.90333359e-04
2.12907062e-01 7.45531322e-04 4.85932727e-04
2.13314578e-01 6.96205990e-04 4.84249735e-04
2.13722092e-01 -9.60602813e-05 4.75319037e-04
2.14129603e-01 -2.27858128e-04 4.76306786e-04
2.14537113e-01 -2.46551358e-04 4.79201638e-04
2.14944621e-01 3.73818963e-04 4.79453996e-04
2.15352126e-01 -2.48573056e-04 4.82149922e-04
2.15759630e-01 -4.24237081e-05 4.74440146e-04
2.16167131e-01 3.16910616e-04 4.84480017e-04
2.16574631e-01 -2.12732366e-05 4.68128934e-04
2.16982128e-01 -2.57874126e-04 4.69630373e-04
2.17389624e-01 -5.83199615e-05 4.62148800e-04
2.17797117e-01 1.35207265e-04 4.70608934e-04
2.18204608e-01 2.08681677e-04 4.76748010e-04
2.18612098e-01 3.99094698e-04 4.59258538e-04
2.19019585e-01 -1.31591564e-04 4.75377265e-04
2.19427070e-01 7.17388159e-04 4.67514561e-04
2.19834553e-01 -3.13466881e-04 4.63970109e-04
2.20242034e-01 2.91041696e-04 4.63053924e-04
2.20649512e-01 -2.99049567e-04 4.64707267e-04
2.21056989e-01 1.28280980e-05 4.74382802e-04
2.21464464e-01 2.78968859e-05 4.64667901e-04
2.21871936e-01 2.74766371e-04 4.61623057e-04
2.22279407e-01 -4.24790658e-04 4.56727732e-04
2.22686875e-01 1.61983731e-04 4.52293525e-04
2.23094341e-01 4.03182994e-04 4.59544323e-04
2.23501805e-01 4.49180745e-04 4.60034727e-04
2.23909267e-01 1.35865119e-04 4.61763858e-04
2.24316727e-01 -2.09008117e-04 4.63630850e-04
2.24724185e-01 4.10869553e-04 4.60872202e-04
2.25131641e-01 -9.13736638e-04 4.59188833e-04
2.25539094e-01 4.30988401e-04 4.53592795e-04
2.25946545e-01 -1.13029689e-04 4.55656088e-04
2.26353995e-01 3.06373226e-04 4.58069317e-04
2.26761442e-01 1.46791991e-04 4.54943577e-04
2.27168887e-01 2.97752596e-04 4.56408106e-04
2.27576329e-01 -4.36902578e-05 4.50919057e-04
2.27983770e-01 -2.89544164e-04 4.58820202e-04
2.28391208e-01 6.15764505e-04 4.62386882e-04
2.28798645e-01 -6.40494773e-05 4.62497398e-04
2.29206079e-01 6.41588585e-05 4.52547225e-04
2.29613511e-01 8.38820314e-04 4.56711302e-04
2.30020941e-01 -4.33714510e-04 4.58130152e-04
2.30428368e-01 -3.37061592e-04 4.59535910e-04
2.30835794e-01 4.18481194e-04 4.61164956e-04
2.31243217e-01 6.18630375e-04 4.66793597e-04
2.31650638e-01 1.48466393e-04 4.63761986e-04
2.32058057e-01 -1.43247571e-04 4.73858595e-04
2.32465473e-01 6.37381191e-04 4.66834120e-04
2.32872888e-01 2.32146837e-04 4.61807682e-04
2.33280300e-01 4.06254809e-04 4.77453453e-04
2.33687710e-01 1.30071486e-04 4.63498479e-04
2.34095118e-01 5.54216834e-04 4.52711900e-04
2.34502524e-01 2.51860186e-04 4.70667223e-04
2.34909927e-01 -3.65955045e-04 4.70792151e-04
2.35317328e-01 -1.01414987e-04 4.61647904e-04
2.35724727e-01 1.94966443e-05 4.53767117e-04
2.36132124e-01 -1.01175523e-03 4.61125898e-04
2.36539518e-01 1.89181580e-04 4.54387583e-04
2.36946911e-01 -1.11834884e-04 4.53963229e-04
2.37354301e-01 1.85989994e-04 4.50152467e-04
2.37761688e-01 3.48438971e-04 4.54592294e-04
2.38169074e-01 4.15407396e-04 4.53066032e-04
2.38576457e-01 1.11599233e-04 4.46121661e-04
2.38983838e-01 -1.99283190e-04 4.40594380e-04
2.39391217e-01 8.80223535e-04 4.48083885e-04
2.39798593e-01 2.10951809e-04 4.43546313e-04
2.40205967e-01 9.61932794e-04 4.42316421e-04
2.40613339e-01 4.12200982e-05 4.42798347e-04
2.41020709e-01 7.68476030e-04 4.47257739e-04
2.41428076e-01 -3.47070471e-04 4.40915043e-04
2.41835441e-01 2.26192337e-04 4.40942456e-04
2.42242804e-01 6.02831055e-04 4.46377097e-04
2.42650165e-01 5.39013031e-05 4.50469344e-04
2.43057523e-01 5.37881272e-04 4.40246578e-04
2.43464879e-01 5.19537151e-04 4.39376814e-04
2.43872232e-01 -1.17378818e-04 4.31779569e-04
2.44279584e-01 9.27950766e-04 4.44783596e-04
2.44686933e-01 -4.09801622e-04 4.38103719e-04
2.45094279e-01 5.46664140e-04 4.34644965e-04
2.45501624e-01 3.40671313e-04 4.34972380e-04
2.45908966e-01 8.85087965e-04 4.37605676e-04
2.46316305e-01 1.35356147e-04 4.34338045e-04
2.46723643e-01 -3.08449774e-04 4.31230544e-04
2.47130978e-01 2.89728154e-04 4.39992280e-04
2.47538310e-01 1.87968849e-04 4.37226777e-04
2.47945641e-01 -1.33991697e-04 4.39469522e-04
2.48352969e-01 3.12113422e-04 4.29984469e-04
2.48760294e-01 -3.51480655e-04 4.38337187e-04
2.49167618e-01 2.42605709e-04 4.26615607e-04
2.49574939e-01 1.42575125e-03 4.35523993e-04
2.49982257e-01 -7.51620722e-05 4.35563507e-04
2.50389573e-01 3.35530493e-04 4.25824123e-04
2.50796887e-01 -3.41113719e-04 4.30398314e-04
2.51204199e-01 -3.25724507e-04 4.27219110e-04
2.51611508e-01 4.24159310e-04 4.37168222e-04
2.52018815e-01 1.09726755e-03 4.28787731e-04
2.52426119e-01 5.80299510e-05 4.28483980e-04
2.52833421e-01 -5.83752851e-04 4.22676081e-04
2.53240720e-01 -8.51442426e-04 4.20460135e-04
2.53648017e-01 -2.23082414e-04 4.26157507e-04
2.54055312e-01 2.31452632e-04 4.36076475e-04
2.54462605e-01 2.74787291e-04 4.24836335e-04
2.54869894e-01 -1.07489234e-04 4.22131311e-04
2.55277182e-01 -2.11181254e-05 4.20290719e-04
2.55684467e-01 -3.11046572e-04 4.22187447e-04
2.56091750e-01 5.02103405e-04 4.20955246e-04
2.56499030e-01 -2.41606632e-04 4.15666010e-04
2.56906308e-01 6.74111234e-04 4.19905454e-04
2.57313583e-01 6.16946201e-04 4.24772918e-04
2.57720856e-01 -3.45309074e-05 4.17990328e-04
2.58128127e-01 2.81468737e-05 4.17699412e-04
2.58535395e-01 4.96486834e-04 4.23559282e-04
2.58942661e-01 2.92695213e-04 4.23066022e-04
2.59349924e-01 -3.43862805e-04 4.18590869e-04
2.59757184e-01 -1.81789049e-04 4.13292455e-04
2.60164443e-01 -3.44953806e-04 4.18238575e-04
2.60571699e-01 1.17483363e-04 4.19562969e-04
2.60978952e-01 3.25477287e-04 4.12789694e-04
2.61386203e-01 6.98654316e-04 4.11550867e-04
2.61793451e-01 2.84101046e-05 4.15716422e-04
2.62200697e-01 1.23005160e-05 4.20680254e-04
2.62607941e-01 -3.01983928e-04 4.17271043e-04
2.63015182e-01 -6.66220788e-04 4.16127931e-04
2.63422420e-01 -2.37710986e-04 4.15619908e-04
2.63829656e-01 -3.90573554e-04 4.12310424e-04
2.64236890e-01 7.58345825e-04 4.16933129e-04
2.64644121e-01 2.92541877e-04 4.17907000e-04
2.65051349e-01 1.98556616e-04 4.14766832e-04
2.65458575e-01 -2.10808745e-04 4.09418234e-04
2.65865799e-01 -5.71420166e-05 4.14310550e-04
2.66273019e-01 -6.85424428e-05 4.08081438e-04
2.66680238e-01 -2.94731806e-04 4.07318304e-04
2.67087454e-01 -1.39283221e-04 4.07175546e-04
2.67494667e-01 4.40447186e-04 4.14723555e-04
2.67901878e-01 -2.58857523e-04 4.13299258e-04
2.68309086e-01 6.55361443e-06 4.12231387e-04
2.68716292e-01 -3.32096944e-04 4.11620834e-04
2.69123495e-01 6.95596257e-04 4.07988559e-04
2.69530696e-01 -9.13988119e-04 4.06822782e-04
2.69937894e-01 -6.36546211e-04 4.00804526e-04
2.70345090e-01 3.43711907e-04 4.10033961e-04
2.70752283e-01 3.92288140e-04 4.15594618e-04
2.71159473e-01 -7.79473176e-08 4.06322214e-04
2.71566661e-01 3.25262892e-04 4.09001831e-04
2.71973847e-01 6.21483054e-04 4.08432321e-04
2.72381030e-01 3.54542057e-04 4.10851567e-04
2.72788210e-01 -1.25841875e-04 4.02923980e-04
2.73195387e-01 5.29798016e-04 4.07258031e-04
2.73602562e-01 -2.30383193e-04 4.00943336e-04
2.74009735e-01 -4.43860221e-04 4.01245428e-04
2.74416905e-01 -1.76075776e-04 4.08824314e-04
2.74824072e-01 1.45674470e-04 4.02270364e-04
2.75231237e-01 -2.48780866e-04 4.02131096e-04
2.75638399e-01 -4.14994332e-04 4.00692328e-04
2.76045558e-01 -2.29607910e-05 4.05084105e-04
2.76452715e-01 6.32949946e-04 4.03068089e-04
2.76859869e-01 -2.68749110e-04 3.94621527e-04
2.77267021e-01 -4.65440124e-04 3.98760460e-04
2.77674170e-01 1.60238519e-04 3.95506207e-04
2.78081316e-01 -9.41781646e-06 3.98775230e-04
2.78488460e-01 4.55288105e-04 4.00491536e-04
2.78895601e-01 1.52729551e-04 3.97874999e-04
2.79302740e-01 -1.96349349e-04 3.96402585e-04
2.79709875e-01 2.40421786e-04 3.95143978e-04
2.80117009e-01 -4.93867555e-04 3.95174982e-04
2.80524139e-01 -1.73810993e-04 3.98259136e-04
2.80931267e-01 6.98960119e-04 3.91483707e-04
2.81338392e-01 -4.83493432e-04 3.89927605e-04
2.81745515e-01 4.79997831e-04 3.87780902e-04
2.82152635e-01 4.21230272e-05 3.94577791e-04
2.82559752e-01 2.12043579e-04 3.95360950e-04
2.82966866e-01 -7.18025130e-05 3.92923212e-04
2.83373978e-01 -2.78867222e-06 3.85212213e-04
2.83781088e-01 3.16501937e-05 3.85868837e-04
2.84188194e-01 4.37228046e-04 3.99799789e-04
2.84595298e-01 1.83629443e-04 3.93510389e-04
2.85002399e-01 4.73856484e-04 3.92023311e-04
2.85409497e-01 -9.01913003e-06 3.95054891e-04
2.85816593e-01 2.93070707e-04 3.99981955e-04
2.86223686e-01 -8.92117835e-04 3.94004520e-04
2.86630777e-01 -1.48701890e-04 3.94783675e-04
2.87037864e-01 1.08783986e-04 3.96437881e-04
2.87444949e-01 -2.26666354e-06 3.98672823e-04
2.87852031e-01 4.11107088e-04 4.01665724e-04
2.88259111e-01 2.00080424e-04 3.99707081e-04
2.88666188e-01 -1.62619464e-04 3.93722011e-04
2.89073262e-01 5.81650052e-04 4.00942871e-04
2.89480333e-01 2.23767351e-04 4.03969003e-04
2.89887401e-01 3.13300406e-05 3.99596093e-04
2.90294467e-01 -4.51316565e-04 3.98350866e-04
2.90701530e-01 6.61517683e-05 3.98773923e-04
2.91108591e-01 -5.23431826e-04 3.95393961e-04
2.91515648e-01 -3.05433364e-04 3.89371056e-04
2.91922703e-01 3.91743993e-04 3.81370391e-04
2.92329755e-01 -2.13545252e-04 3.87124465e-04
2.92736804e-01 4.89722460e-04 3.86770423e-04
2.93143851e-01 -3.13317606e-05 3.87357002e-04
2.93550895e-01 5.47788821e-04 3.94218425e-04
2.93957936e-01 3.48555357e-04 3.99590669e-04
2.94364974e-01 9.17992032e-05 3.90539338e-04
2.94772009e-01 9.83710868e-04 4.03638880e-04
2.95179042e-01 1.97761736e-04 3.93014523e-04
2.95586072e-01 -5.98224747e-04 3.90075961e-04
2.95993099e-01 -1.41975210e-04 3.99196131e-04
2.96400123e-01 -5.48142147e-04 3.92573894e-04
2.96807145e-01 -7.46749760e-04 3.91217397e-04
2.97214163e-01 -1.72074092e-05 3.89711961e-04
2.97621179e-01 -4.36222012e-04 3.95559405e-04
2.98028192e-01 1.27560320e-04 3.96566602e-04
2.98435202e-01 1.03051274e-04 3.99159796e-04
2.98842210e-01 1.99803908e-04 3.96113737e-04
2.99249214e-01 -3.39456572e-04 3.91934816e-04
2.99656216e-01 -6.25963762e-05 3.89364412e-04
3.00063215e-01 1.07767985e-03 4.06680698e-04
3.00470211e-01 6.95549583e-04 4.01525988e-04
3.00877204e-01 9.88185459e-04 4.03464789e-04
3.01284194e-01 3.00353023e-04 3.89706436e-04
3.01691182e-01 1.35420784e-04 3.91940023e-04
3.02098167e-01 4.07684515e-04 3.96514512e-04
3.02505149e-01 3.96415598e-04 3.91027465e-04
3.02912128e-01 4.23214272e-05 3.91413161e-04
3.03319104e-01 7.96182486e-04 3.95812212e-04
3.03726077e-01 2.83979649e-05 4.02380178e-04
3.04133047e-01 -5.15977850e-04 3.90392517e-04
3.04540015e-01 -4.77219107e-04 3.88794340e-04
3.04946979e-01 -3.59500709e-05 3.85681630e-04
3.05353941e-01 2.76714743e-04 3.94904247e-04
3.05760900e-01 -4.47297413e-04 3.95093174e-04
3.06167856e-01 -8.85450413e-06 3.92499201e-04
3.06574809e-01 5.28622470e-04 3.96088301e-04
3.06981759e-01 -3.76271050e-04 3.84993010e-04
3.07388706e-01 -3.54307229e-04 3.89037809e-04
3.07795651e-01 -2.05473203e-04 3.88099977e-04
3.08202592e-01 -2.41810589e-04 3.97664798e-04
3.08609531e-01 3.26455372e-04 3.91841895e-04
3.09016466e-01 2.86581334e-04 4.02237910e-04
3.09423399e-01 1.69182871e-04 4.02257841e-04
3.09830329e-01 3.90656080e-04 3.95458978e-04
3.10237256e-01 3.55358347e-04 4.01110956e-04
3.10644180e-01 9.43233082e-04 4.06630876e-04
3.11051101e-01 2.52254290e-04 4.02961150e-04
3.11458019e-01 3.65974885e-05 4.05455555e-04
3.11864934e-01 3.23956543e-04 4.05577839e-04
3.12271846e-01 -7.72470213e-04 3.99467087e-04
3.12678755e-01 7.62029005e-04 4.01917570e-04
3.13085661e-01 1.37256449e-04 4.05873693e-04
3.13492565e-01 -2.69064186e-04 4.01879486e-04
3.13899465e-01 3.25063687e-04 4.05010353e-04
3.14306362e-01 4.26597067e-04 4.01140636e-04
3.14713257e-01 -5.25557367e-05 4.06525241e-04
3.15120148e-01 6.70102771e-04 4.07224390e-04
3.15527037e-01 6.96948247e-05 4.08087695e-04
3.15933922e-01 -1.51829555e-04 4.11216201e-04
3.16340805e-01 8.27832810e-05 4.46889094e-04
3.16747684e-01 1.54176457e-04 4.92068817e-04
3.17154561e-01 5.94270654e-04 5.18010661e-04
3.17561434e-01 1.89489135e-04 5.19703563e-04
3.17968305e-01 2.03162560e-04 5.66318117e-04
3.18375172e-01 -4.94362600e-05 6.23329301e-04
3.18782037e-01 2.26052518e-04 6.31973260e-04
3.19188898e-01 -9.07781095e-04 6.43661333e-04
3.19595757e-01 1.49105596e-04 6.77555332e-04
3.20002612e-01 -2.45262011e-04 6.95308978e-04
3.20409465e-01 7.10927108e-04 7.93803796e-04
3.20816314e-01 4.13067850e-04 8.18998990e-04
3.21223160e-01 1.01775220e-03 8.80271468e-04
3.21630004e-01 -2.57311158e-04 1.10393858e-03
3.22036844e-01 4.65447433e-04 1.34861264e-03
3.22443681e-01 -1.30086153e-03 1.93282823e-03
3.22850516e-01 1.70923455e-02 6.59181124e-03
