4.08043586e-03 -6.22040565e-03 2.89163975e-02
4.48847930e-03 -3.07987270e-02 2.73566195e-02
4.89652269e-03 -1.83856354e-02 1.99694202e-02
5.30456604e-03 -5.32714682e-03 1.43273222e-02
5.71260934e-03 -1.60807855e-02 1.11947639e-02
6.12065258e-03 -1.18720474e-02 8.56232234e-03
6.52869577e-03 -8.21060428e-03 7.44357373e-03
6.93673889e-03 -5.70837997e-03 6.66598362e-03
7.34478195e-03 -2.51465241e-03 5.44606604e-03
7.75282494e-03 -2.07058426e-03 5.47785499e-03
8.16086785e-03 -5.81549671e-03 4.18581033e-03
8.56891069e-03 1.02658249e-04 4.15880500e-03
8.97695345e-03 4.62132238e-03 3.95592189e-03
9.38499612e-03 -2.75416799e-04 4.14900532e-03
9.79303870e-03 -3.48684590e-03 3.79940812e-03
1.02010812e-02 -1.62616822e-03 3.43128042e-03
1.06091236e-02 5.31182119e-04 3.14019378e-03
1.10171659e-02 -5.71035839e-03 2.86385661e-03
1.14252081e-02 -1.54783307e-03 2.97635129e-03
1.18332501e-02 -3.78365225e-03 2.83847611e-03
1.22412921e-02 2.01387456e-03 2.64390938e-03
1.26493339e-02 -9.00954339e-04 2.77337143e-03
1.30573757e-02 2.36544729e-04 2.71007816e-03
1.34654173e-02 -1.05625767e-03 2.37130714e-03
1.38734588e-02 -4.59856166e-05 2.33612843e-03
1.42815001e-02 4.76174049e-04 2.50751151e-03
1.46895413e-02 2.53935536e-04 2.28119130e-03
1.50975824e-02 1.87548512e-03 2.34086649e-03
1.55056233e-02 9.08376689e-04 2.24414610e-03
1.59136641e-02 2.35887584e-03 2.03480978e-03
1.63217047e-02 1.73522133e-03 2.06821675e-03
1.67297452e-02 1.18362797e-03 1.96693116e-03
1.71377855e-02 1.72540653e-03 2.08575638e-03
1.75458257e-02 1.82168475e-03 1.91145249e-03
1.79538657e-02 -2.87666002e-03 1.84829218e-03
1.83619055e-02 3.70136679e-03 1.94676145e-03
1.87699451e-02 3.92327220e-04 1.95156130e-03
1.91779846e-02 3.42918382e-03 1.74177630e-03
1.95860239e-02 1.20791488e-04 1.92092470e-03
1.99940630e-02 -1.53027047e-03 1.80922000e-03
2.04021019e-02 -5.05300662e-04 1.99595117e-03
2.08101406e-02 2.41336954e-04 1.81048628e-03
2.12181791e-02 4.36199173e-04 1.90754861e-03
2.16262174e-02 -1.04289386e-03 1.83485423e-03
2.20342555e-02 3.31257442e-03 1.67105766e-03
2.24422934e-02 -1.73583670e-03 1.62152151e-03
2.28503311e-02 1.26572697e-03 1.73264453e-03
2.32583686e-02 2.28113240e-03 1.73862809e-03
2.36664058e-02 2.37322771e-03 1.65810124e-03
2.40744429e-02 -7.98810936e-04 1.67485561e-03
2.44824797e-02 -6.11303112e-04 1.66090441e-03
2.48905162e-02 -2.06209778e-03 1.58558156e-03
2.52985525e-02 -7.00838263e-04 1.65291349e-03
2.57065886e-02 -5.65988751e-04 1.71843937e-03
2.61146245e-02 1.49923645e-03 1.73945665e-03
2.65226601e-02 -9.03926054e-05 1.60186841e-03
2.69306954e-02 1.24675041e-03 1.56238190e-03
2.73387305e-02 2.11370942e-03 1.68118947e-03
2.77467653e-02 9.10723442e-04 1.61614475e-03
2.81547999e-02 -8.34480370e-04 1.60602063e-03
2.85628342e-02 5.90696524e-04 1.73242648e-03
2.89708682e-02 3.45571605e-03 1.70334559e-03
2.93789020e-02 -2.99240567e-05 1.65905963e-03
2.97869355e-02 1.22520591e-03 1.69101726e-03
3.01949687e-02 1.69457867e-03 1.77735655e-03
3.06030016e-02 1.81436629e-04 1.58015612e-03
3.10110342e-02 -1.32083438e-03 1.66924216e-03
3.14190665e-02 9.94980380e-04 1.57255489e-03
3.18270985e-02 2.83576430e-03 1.57686356e-03
3.22351302e-02 2.15854876e-03 1.45186560e-03
3.26431617e-02 4.15864746e-04 1.48957025e-03
3.30511928e-02 8.96760775e-04 1.48521911e-03
3.34592236e-02 -9.95593268e-04 1.45239674e-03
3.38672540e-02 -1.73818167e-03 1.34465946e-03
3.42752842e-02 -1.10614699e-03 1.39567543e-03
3.46833140e-02 7.11209483e-04 1.47472537e-03
3.50913435e-02 -5.86702853e-04 1.42317750e-03
3.54993727e-02 1.33565613e-03 1.41237238e-03
3.59074015e-02 7.16831717e-04 1.40297356e-03
3.63154300e-02 -4.41937677e-04 1.47270468e-03
3.67234581e-02 2.09781766e-03 1.36072869e-03
3.71314859e-02 -1.86422078e-04 1.39202242e-03
3.75395134e-02 -8.55864303e-04 1.37180280e-03
3.79475405e-02 -1.15227434e-03 1.33179721e-03
3.83555672e-02 -1.57159485e-03 1.34408946e-03
3.87635935e-02 2.27139577e-03 1.30102871e-03
3.91716195e-02 8.54015005e-04 1.26407261e-03
3.95796452e-02 -7.83052749e-04 1.39239736e-03
3.99876704e-02 -2.90781131e-03 1.29075522e-03
4.03956953e-02 1.51319105e-03 1.29469034e-03
4.08037198e-02 -1.35419070e-03 1.34668204e-03
4.12117439e-02 -1.10809106e-03 1.27483134e-03
4.16197676e-02 1.79130632e-03 1.31437991e-03
4.20277909e-02 -1.18125777e-03 1.28241833e-03
4.24358138e-02 -1.79464969e-03 1.25404616e-03
4.28438363e-02 1.38097174e-03 1.24313052e-03
4.32518584e-02 1.76364516e-03 1.22436612e-03
4.36598801e-02 1.82732338e-03 1.27275766e-03
4.40679014e-02 6.36827763e-04 1.23685589e-03
4.44759222e-02 5.57904932e-04 1.25284743e-03
4.48839427e-02 8.59768879e-04 1.21756051e-03
4.52919627e-02 -1.17675350e-03 1.26407130e-03
4.56999823e-02 3.03144314e-04 1.18902226e-03
4.61080014e-02 4.26077674e-04 1.27446588e-03
4.65160201e-02 5.19807286e-04 1.17927901e-03
4.69240384e-02 3.15668819e-04 1.15585248e-03
4.73320562e-02 -2.45886876e-04 1.15422299e-03
4.77400736e-02 -1.27228220e-03 1.18474203e-03
4.81480905e-02 5.15779674e-04 1.11887843e-03
4.85561070e-02 8.52634754e-04 1.14240295e-03
4.89641230e-02 5.67367201e-05 1.12691581e-03
4.93721385e-02 6.85788712e-04 1.19135897e-03
4.97801536e-02 -1.06238715e-03 1.12508406e-03
5.01881682e-02 5.30120122e-05 1.14615080e-03
5.05961823e-02 1.79253804e-03 1.17583147e-03
5.10041960e-02 6.21523791e-04 1.12095623e-03
5.14122091e-02 -6.33981377e-04 1.14117814e-03
5.18202218e-02 -9.00081500e-04 1.11298496e-03
5.22282340e-02 -7.17227085e-04 1.10200869e-03
5.26362457e-02 3.76537916e-04 1.13126356e-03
5.30442569e-02 1.48854214e-03 1.07217038e-03
5.34522675e-02 -4.48838558e-04 1.08078846e-03
5.38602777e-02 2.18522852e-04 1.10382779e-03
5.42682874e-02 -2.89653419e-04 1.09234925e-03
5.46762965e-02 4.01077707e-04 1.12356661e-03
5.50843052e-02 -9.09201373e-04 1.05100602e-03
5.54923133e-02 1.65029630e-03 1.09632847e-03
5.59003208e-02 1.34331585e-03 1.09195663e-03
5.63083279e-02 1.24011072e-03 1.13871004e-03
5.67163344e-02 -1.07746135e-03 1.09123831e-03
5.71243404e-02 -8.44157015e-04 1.08552510e-03
5.75323458e-02 1.29453555e-03 1.12129234e-03
5.79403507e-02 -4.52736541e-04 1.08456847e-03
5.83483551e-02 -1.65887638e-04 1.10110490e-03
5.87563588e-02 4.20141908e-04 1.07352669e-03
5.91643621e-02 -2.45124743e-03 1.12494809e-03
5.95723647e-02 2.95537210e-04 1.11527509e-03
5.99803668e-02 1.91642093e-03 1.16276584e-03
6.03883684e-02 -4.70352457e-04 1.10343819e-03
6.07963693e-02 8.18459727e-04 1.12160385e-03
6.12043697e-02 1.26298287e-03 1.07754287e-03
6.16123695e-02 4.84639244e-06 1.11232169e-03
6.20203687e-02 1.09754440e-03 1.09638289e-03
6.24283674e-02 4.40427107e-04 1.05582538e-03
6.28363654e-02 -1.83705552e-04 1.05877084e-03
6.32443629e-02 -1.51954491e-03 1.05189612e-03
6.36523597e-02 1.09836937e-03 1.08009142e-03
6.40603559e-02 1.07998944e-03 1.02212479e-03
6.44683516e-02 5.82231542e-04 1.07629109e-03
6.48763466e-02 -1.67586070e-04 9.96041476e-04
6.52843410e-02 -1.47467466e-03 1.02590548e-03
6.56923348e-02 -9.82110667e-04 1.04121873e-03
6.61003279e-02 1.39863362e-03 9.77286428e-04
6.65083205e-02 -1.31616780e-03 1.05498736e-03
6.69163124e-02 -1.30992532e-03 9.80813441e-04
6.73243036e-02 8.43091841e-04 1.01045745e-03
6.77322943e-02 1.36819937e-04 9.88997476e-04
6.81402842e-02 2.30293992e-04 9.60171788e-04
6.85482736e-02 5.59626670e-04 9.79020247e-04
6.89562623e-02 1.46808353e-03 9.72347837e-04
6.93642503e-02 3.00673248e-04 9.73401187e-04
6.97722377e-02 8.60280819e-04 9.66879255e-04
7.01802244e-02 -1.23448640e-03 9.50209471e-04
7.05882105e-02 -4.18698052e-04 9.72263135e-04
7.09961958e-02 -9.93404810e-04 9.39013494e-04
7.14041805e-02 7.51922477e-04 9.34731529e-04
7.18121646e-02 -4.91751576e-04 9.21891166e-04
7.22201479e-02 1.39552815e-04 9.18936582e-04
7.26281306e-02 3.93353190e-04 9.50595961e-04
7.30361126e-02 9.03336709e-04 9.49605627e-04
7.34440938e-02 -8.17159325e-04 9.18100971e-04
7.38520744e-02 3.69996400e-04 9.16785620e-04
7.42600543e-02 6.81938561e-04 9.66255192e-04
7.46680335e-02 1.30277350e-03 9.38779986e-04
7.50760119e-02 -2.81311205e-04 9.47658090e-04
7.54839897e-02 1.86988482e-04 9.35278989e-04
7.58919667e-02 -5.84608001e-05 9.35946206e-04
7.62999431e-02 -2.91542820e-04 9.18858029e-04
7.67079187e-02 -1.54368248e-03 9.22893726e-04
7.71158935e-02 -6.13172998e-04 9.43263656e-04
7.75238677e-02 8.37699056e-04 9.24559957e-04
7.79318411e-02 -7.18234318e-04 8.79736728e-04
7.83398137e-02 -1.76911102e-03 8.72120907e-04
7.87477857e-02 -6.12987987e-04 8.92346062e-04
7.91557568e-02 -5.90625302e-04 9.00117092e-04
7.95637273e-02 1.46292819e-03 8.96797310e-04
7.99716969e-02 1.35995745e-04 9.00043026e-04
8.03796658e-02 -1.48731419e-03 8.70724871e-04
8.07876340e-02 8.14531364e-04 8.92742448e-04
8.11956014e-02 1.19782174e-04 9.03702770e-04
8.16035680e-02 1.14736662e-03 8.92529788e-04
8.20115338e-02 -3.00918647e-04 8.50873206e-04
8.24194989e-02 -8.96112670e-04 8.37938076e-04
8.28274631e-02 1.87876688e-03 8.98462019e-04
8.32354266e-02 -5.61964558e-04 8.58432182e-04
8.36433893e-02 1.30203426e-03 8.47047590e-04
8.40513512e-02 4.23940686e-04 8.82911128e-04
8.44593123e-02 1.10561774e-03 8.48814981e-04
8.48672727e-02 -3.28420507e-04 8.54118189e-04
8.52752322e-02 5.57198249e-05 8.24590644e-04
8.56831909e-02 -2.74118171e-04 8.55712093e-04
8.60911487e-02 4.58067003e-05 8.33311356e-04
8.64991058e-02 6.02984387e-04 8.60597565e-04
8.69070620e-02 5.82926661e-04 8.55960495e-04
8.73150175e-02 1.29793576e-05 8.70645208e-04
8.77229721e-02 -2.42555706e-04 8.26691754e-04
8.81309258e-02 1.88298106e-04 8.33550999e-04
8.85388787e-02 1.01268978e-03 8.31547913e-04
8.89468308e-02 -1.03430159e-04 8.43479561e-04
8.93547821e-02 -3.52974355e-04 8.31665142e-04
8.97627325e-02 1.28037308e-03 8.18457425e-04
9.01706820e-02 -4.80434933e-04 8.20908972e-04
9.05786307e-02 -2.08235588e-05 8.19669499e-04
9.09865785e-02 -7.16321574e-04 7.85704836e-04
9.13945255e-02 7.01114990e-05 7.95052705e-04
9.18024716e-02 -1.15913141e-03 8.06838400e-04
9.22104168e-02 -8.34681380e-05 8.04922395e-04
9.26183611e-02 -3.18000082e-04 8.15994982e-04
9.30263046e-02 -4.87118472e-04 7.98340347e-04
9.34342472e-02 6.55420467e-04 8.26533107e-04
9.38421889e-02 -4.75179530e-04 8.14722945e-04
9.42501297e-02 6.16125191e-05 8.31904599e-04
9.46580696e-02 -3.19271468e-04 8.22548151e-04
9.50660087e-02 -6.10852952e-04 8.17017291e-04
9.54739468e-02 4.11970140e-04 8.06679416e-04
9.58818840e-02 -5.82171886e-04 7.81556663e-04
9.62898203e-02 6.72180667e-04 7.99287133e-04
9.66977557e-02 -1.16799859e-03 7.90089595e-04
9.71056902e-02 -2.51251132e-04 8.08018353e-04
9.75136237e-02 -2.42595573e-04 7.77647760e-04
9.79215564e-02 9.04617214e-04 8.10656692e-04
9.83294881e-02 1.54377949e-03 7.85080729e-04
9.87374188e-02 -9.12121375e-05 7.77590424e-04
9.91453487e-02 -1.06472129e-03 7.73342927e-04
9.95532775e-02 3.59369835e-04 7.68386259e-04
9.99612055e-02 4.61392598e-04 7.82389381e-04
1.00369132e-01 6.95934578e-05 7.64801314e-04
1.00777059e-01 -2.58743828e-04 7.58451722e-04
1.01184984e-01 -7.85285349e-05 7.64788309e-04
1.01592908e-01 -7.72398140e-04 7.66905937e-04
1.02000831e-01 -5.17164190e-04 7.40887935e-04
1.02408753e-01 1.75473158e-05 7.28625307e-04
1.02816674e-01 7.17179569e-04 7.36666078e-04
1.03224595e-01 -7.77758333e-05 7.52872987e-04
1.03632514e-01 -1.06658838e-03 7.20274148e-04
1.04040432e-01 -9.90709119e-04 7.41984215e-04
1.04448349e-01 6.94627352e-04 7.38205295e-04
1.04856266e-01 5.16376886e-04 7.46400640e-04
1.05264181e-01 2.56410739e-04 7.31478247e-04
1.05672095e-01 -1.39164630e-04 7.67112145e-04
1.06080009e-01 7.64019300e-04 7.35939737e-04
1.06487921e-01 1.65911041e-04 7.22968404e-04
1.06895832e-01 1.57370952e-04 7.36338151e-04
1.07303743e-01 1.08958673e-03 7.41145825e-04
1.07711652e-01 -3.40267041e-04 7.73767612e-04
1.08119560e-01 -7.24209222e-04 7.61293096e-04
1.08527467e-01 -3.54112964e-04 7.74938711e-04
1.08935374e-01 8.08859912e-04 7.41517042e-04
1.09343279e-01 7.38588280e-04 7.25058423e-04
1.09751183e-01 1.09522967e-03 7.65625022e-04
1.10159086e-01 4.10415369e-04 7.22532388e-04
1.10566988e-01 -1.53377336e-04 7.17685643e-04
1.10974889e-01 -8.20175009e-05 7.25348370e-04
1.11382789e-01 3.21403304e-04 7.49063169e-04
1.11790688e-01 9.58815594e-05 7.25820409e-04
1.12198586e-01 4.69591497e-04 7.21907318e-04
1.12606482e-01 -3.26557278e-04 7.10494630e-04
1.13014378e-01 8.41214587e-04 7.44772911e-04
1.13422273e-01 9.70053680e-05 7.26942620e-04
1.13830166e-01 -2.96688517e-04 7.40021632e-04
1.14238059e-01 1.44955518e-05 7.40892038e-04
1.14645950e-01 8.90043616e-04 7.51871257e-04
1.15053840e-01 7.84203345e-04 7.49039783e-04
1.15461730e-01 1.97047599e-04 7.33752217e-04
1.15869618e-01 -2.21163382e-04 7.39815395e-04
1.16277505e-01 6.83338057e-04 7.39729148e-04
1.16685391e-01 6.53986528e-04 7.45416940e-04
1.17093275e-01 1.12027983e-03 7.37496033e-04
1.17501159e-01 -9.00253950e-04 7.25664368e-04
1.17909042e-01 2.08124472e-04 7.52394590e-04
1.18316923e-01 7.17355671e-04 7.16343623e-04
1.18724803e-01 -9.86568355e-05 7.00004025e-04
1.19132683e-01 -2.45514745e-04 7.01712856e-04
1.19540561e-01 -8.12296450e-05 6.97505510e-04
1.19948438e-01 1.05117430e-03 6.98484585e-04
1.20356313e-01 -1.05099671e-03 6.80350930e-04
1.20764188e-01 1.97486458e-03 6.94441350e-04
1.21172062e-01 4.77822081e-05 7.04420756e-04
1.21579934e-01 5.26264095e-04 6.87689482e-04
1.21987805e-01 -8.51782370e-04 6.76064265e-04
1.22395675e-01 6.31866338e-04 7.03846518e-04
1.22803544e-01 -8.04473018e-04 6.83213104e-04
1.23211412e-01 1.58249191e-04 6.74516764e-04
1.23619278e-01 1.07542464e-03 6.89096183e-04
1.24027144e-01 -1.02800805e-03 6.84888052e-04
1.24435008e-01 2.62230455e-04 6.77714516e-04
1.24842871e-01 5.50607000e-04 6.73635422e-04
1.25250733e-01 3.53057562e-04 6.89033308e-04
1.25658594e-01 3.31482283e-05 6.94608845e-04
1.26066453e-01 2.74287636e-05 6.94735386e-04
1.26474311e-01 -3.07910760e-04 6.73452108e-04
1.26882168e-01 -9.66835862e-04 6.80529569e-04
1.27290024e-01 3.72791500e-04 6.59742487e-04
1.27697879e-01 7.77406285e-04 6.71731519e-04
1.28105732e-01 3.97107087e-04 6.45815077e-04
1.28513585e-01 3.26210737e-04 6.88587033e-04
1.28921436e-01 5.74235698e-04 6.64547154e-04
1.29329285e-01 -1.30129686e-03 6.56496658e-04
1.29737134e-01 -1.00894810e-03 6.63814883e-04
1.30144981e-01 -7.89387016e-04 6.45012155e-04
1.30552828e-01 6.68083272e-04 6.71206281e-04
1.30960672e-01 3.50917900e-06 6.74949670e-04
1.31368516e-01 8.54140500e-04 6.62178085e-04
1.31776358e-01 2.92284751e-04 6.41916492e-04
1.32184200e-01 4.34073486e-05 6.60448265e-04
1.32592039e-01 7.79854914e-04 6.43931787e-04
1.32999878e-01 -2.01967106e-04 6.42441592e-04
1.33407715e-01 -8.80458169e-04 6.53612517e-04
1.33815552e-01 1.47148099e-03 6.48027337e-04
1.34223386e-01 -3.62562577e-04 6.18397116e-04
1.34631220e-01 1.06370691e-03 6.41916871e-04
1.35039052e-01 5.48333134e-04 6.69329316e-04
1.35446883e-01 -6.81364649e-04 6.36638457e-04
1.35854713e-01 9.54568628e-04 6.52507631e-04
1.36262541e-01 -8.81983168e-05 6.48350100e-04
1.36670368e-01 1.08778038e-03 6.59759059e-04
1.37078194e-01 1.08380524e-03 6.49796728e-04
1.37486019e-01 -3.69768728e-04 6.24234164e-04
1.37893842e-01 1.19765476e-04 6.24742851e-04
1.38301664e-01 -1.34866240e-04 6.17999951e-04
1.38709485e-01 -3.70390797e-04 6.09453403e-04
1.39117304e-01 3.27781626e-06 6.25086580e-04
1.39525122e-01 -1.15764810e-05 6.34724251e-04
1.39932939e-01 -8.45753130e-05 6.22635114e-04
1.40340754e-01 -1.00117722e-03 6.17147875e-04
1.40748568e-01 -1.51916261e-04 6.22492047e-04
1.41156381e-01 -8.62329153e-04 6.15499219e-04
1.41564192e-01 1.81481335e-04 6.26615209e-04
1.41972002e-01 1.03756722e-03 6.09863359e-04
1.42379811e-01 7.00164715e-04 6.27342108e-04
1.42787618e-01 6.79407364e-05 6.21583896e-04
1.43195424e-01 4.12093603e-04 6.15078291e-04
1.43603228e-01 -2.65399542e-05 6.39868771e-04
1.44011032e-01 -1.59134548e-04 6.27279252e-04
1.44418833e-01 1.21030785e-04 6.29097975e-04
1.44826634e-01 -7.28070028e-04 6.41146172e-04
1.45234433e-01 1.89481281e-04 6.26341843e-04
1.45642231e-01 3.89756944e-04 6.36933192e-04
1.46050027e-01 5.56826013e-04 6.29659973e-04
1.46457822e-01 1.57593047e-03 6.34209211e-04
1.46865616e-01 1.56031208e-04 6.36032625e-04
1.47273408e-01 2.17730253e-04 6.41337629e-04
1.47681199e-01 -5.95113064e-04 6.46083398e-04
1.48088988e-01 9.97542588e-04 6.48149628e-04
1.48496776e-01 -6.52350171e-04 6.30892889e-04
1.48904563e-01 -9.51176135e-04 6.17636753e-04
1.49312348e-01 4.38765379e-04 6.14408391e-04
1.49720132e-01 4.02849135e-04 6.24251850e-04
1.50127914e-01 4.30411835e-04 6.23169416e-04
1.50535695e-01 3.12579124e-04 6.21230124e-04
1.50943474e-01 6.50022503e-05 6.20292107e-04
1.51351252e-01 4.19111016e-04 6.18260856e-04
1.51759029e-01 1.91146202e-04 5.96091738e-04
1.52166804e-01 1.81324208e-04 6.19966885e-04
1.52574578e-01 4.23521011e-04 6.02381794e-04
1.52982350e-01 2.46994192e-04 6.09961464e-04
1.53390121e-01 2.22088234e-04 6.16895584e-04
1.53797890e-01 -1.01216757e-03 5.92020584e-04
1.54205658e-01 -8.65552099e-06 6.03771205e-04
1.54613425e-01 -4.62524794e-04 5.96324256e-04
1.55021190e-01 -1.35272362e-04 5.90309786e-04
1.55428953e-01 -5.73474778e-04 5.89353593e-04
1.55836716e-01 -5.20769938e-04 6.04340393e-04
1.56244476e-01 1.24427558e-03 5.90180600e-04
1.56652235e-01 5.56177896e-04 5.82076746e-04
1.57059993e-01 -9.45665597e-04 5.81121301e-04
1.57467749e-01 -1.57294667e-04 5.80475297e-04
1.57875504e-01 4.97917724e-04 5.69821965e-04
1.58283257e-01 -2.41365799e-04 5.82577834e-04
1.58691008e-01 -2.32243887e-04 5.73731212e-04
1.59098758e-01 -2.44549097e-04 5.76291737e-04
1.59506507e-01 6.44416743e-04 5.79957243e-04
1.59914254e-01 3.72574908e-04 5.72632068e-04
1.60322000e-01 -1.06727559e-03 5.79184581e-04
1.60729744e-01 -3.28094996e-04 5.68567404e-04
1.61137486e-01 1.76882750e-04 5.70810445e-04
1.61545228e-01 6.74439809e-04 5.72842702e-04
1.61952967e-01 5.74927322e-04 5.64207823e-04
1.62360705e-01 5.26268205e-05 5.73316511e-04
1.62768441e-01 -8.78544942e-04 5.61536214e-04
1.63176176e-01 2.46583539e-04 5.75052977e-04
1.63583910e-01 -1.05917758e-03 5.67059124e-04
1.63991641e-01 1.05448182e-04 5.70893552e-04
1.64399372e-01 -7.56234343e-04 5.60298857e-04
1.64807100e-01 -6.14177758e-04 5.73493514e-04
1.65214827e-01 -8.25418485e-04 5.76421691e-04
1.65622553e-01 1.25186733e-03 5.76434733e-04
1.66030277e-01 -1.66537444e-04 5.58044003e-04
1.66437999e-01 6.61808757e-06 5.65569922e-04
1.66845720e-01 -4.36025858e-04 5.61508905e-04
1.67253439e-01 1.42828008e-04 5.65315149e-04
1.67661157e-01 2.58584883e-04 5.45508551e-04
1.68068873e-01 3.03343301e-04 5.67708876e-04
1.68476588e-01 4.12978728e-04 5.54656699e-04
1.68884301e-01 4.66660034e-04 5.51342795e-04
1.69292012e-01 7.70473398e-05 5.49491341e-04
1.69699721e-01 3.18926575e-04 5.58884895e-04
1.70107430e-01 1.27142421e-03 5.46540580e-04
1.70515136e-01 8.06141445e-04 5.56472779e-04
1.70922841e-01 -4.69950758e-04 5.46630284e-04
1.71330544e-01 -5.42125689e-04 5.47569802e-04
1.71738246e-01 -3.30943642e-04 5.43251131e-04
1.72145946e-01 -1.45649865e-04 5.26894531e-04
1.72553644e-01 -4.07488987e-04 5.46458208e-04
1.72961341e-01 1.11637887e-03 5.65485037e-04
1.73369036e-01 -3.91722753e-04 5.44508564e-04
1.73776729e-01 -2.24110980e-04 5.42836608e-04
1.74184421e-01 2.88561555e-04 5.38544776e-04
1.74592111e-01 4.66557917e-04 5.41800888e-04
1.74999799e-01 -1.69738080e-04 5.38631677e-04
1.75407486e-01 -6.37035116e-04 5.39805357e-04
1.75815171e-01 3.64932500e-04 5.50845034e-04
1.76222855e-01 6.11825048e-05 5.46093585e-04
1.76630537e-01 -6.52745772e-05 5.51119723e-04
1.77038217e-01 -1.21839252e-04 5.32498376e-04
1.77445895e-01 2.70623229e-05 5.33616426e-04
1.77853572e-01 5.72491173e-04 5.34658403e-04
1.78261247e-01 -8.80467092e-05 5.32916386e-04
1.78668921e-01 6.66907745e-04 5.32148014e-04
1.79076592e-01 4.49217199e-04 5.33943073e-04
1.79484262e-01 3.85085304e-04 5.24157205e-04
1.79891931e-01 1.61790827e-04 5.38985715e-04
1.80299597e-01 1.10365687e-03 5.26588268e-04
1.80707262e-01 -1.86586752e-04 5.20998753e-04
1.81114925e-01 9.73745483e-05 5.26472972e-04
1.81522587e-01 2.71031860e-04 5.21514431e-04
1.81930247e-01 5.53952097e-04 5.23667313e-04
1.82337905e-01 -8.75188261e-04 5.18424025e-04
1.82745561e-01 -2.08599434e-04 5.27683512e-04
1.83153215e-01 -4.44620500e-04 5.25875780e-04
1.83560868e-01 3.65121518e-04 5.18719060e-04
1.83968519e-01 5.06265353e-04 5.25141149e-04
1.84376169e-01 4.52671395e-04 5.26707007e-04
1.84783816e-01 1.02860074e-03 5.19730621e-04
1.85191462e-01 1.00269417e-04 5.09752461e-04
1.85599106e-01 3.88478835e-05 5.25259418e-04
1.86006749e-01 9.14750013e-04 5.19812377e-04
1.86414389e-01 7.56622582e-04 5.21734213e-04
1.86822028e-01 2.51217297e-05 5.19276482e-04
1.87229665e-01 9.28264265e-04 5.19622568e-04
1.87637300e-01 3.86053578e-04 5.14872912e-04
1.88044934e-01 -1.48757476e-04 5.13589876e-04
1.88452566e-01 -5.75506600e-05 5.09901931e-04
1.88860195e-01 -2.45025217e-05 5.09185154e-04
1.89267824e-01 -1.15108405e-04 5.11086781e-04
1.89675450e-01 -6.13998355e-05 5.09808536e-04
1.90083074e-01 8.41859720e-04 5.12053660e-04
1.90490697e-01 -7.00426737e-04 5.05814496e-04
1.90898318e-01 -2.80171927e-04 5.04458276e-04
1.91305937e-01 1.27740758e-04 5.16439123e-04
1.91713555e-01 1.34749776e-03 5.10498991e-04
1.92121170e-01 1.00944972e-05 5.05860715e-04
1.92528784e-01 -2.05767139e-04 4.92542480e-04
1.92936396e-01 -4.31249177e-04 5.10490154e-04
1.93344006e-01 6.38570187e-05 5.07644099e-04
1.93751614e-01 3.27048203e-04 4.97125303e-04
1.94159220e-01 1.46186453e-04 4.94149047e-04
1.94566825e-01 -3.40992460e-04 4.87590261e-04
1.94974427e-01 4.40785618e-04 4.93582340e-04
1.95382028e-01 -2.58954469e-04 4.96724801e-04
1.95789627e-01 -8.44885680e-04 4.90382608e-04
1.96197224e-01 3.27268869e-04 4.95799546e-04
1.96604820e-01 -2.20219365e-04 4.91395366e-04
1.97012413e-01 1.56441715e-04 4.95845191e-04
1.97420005e-01 4.75013304e-04 4.99748169e-04
1.97827594e-01 -5.93288774e-04 4.90168775e-04
1.98235182e-01 5.62060888e-04 5.09506410e-04
1.98642768e-01 4.07847768e-05 5.03609321e-04
1.99050352e-01 -3.01485523e-06 4.94238403e-04
1.99457934e-01 -8.13953420e-04 4.99246774e-04
1.99865514e-01 -2.64678478e-04 4.99981314e-04
2.00273093e-01 4.44549410e-04 4.96324830e-04
2.00680669e-01 -4.64507641e-04 5.06636215e-04
2.01088244e-01 -4.36033668e-04 4.97448658e-04
2.01495816e-01 -1.19893530e-03 4.90457813e-04
2.01903387e-01 5.70385152e-04 5.10470090e-04
2.02310956e-01 -8.38794853e-04 5.02336250e-04
2.02718523e-01 -5.57445263e-04 4.99622184e-04
2.03126088e-01 -1.20522501e-04 5.07313486e-04
2.03533651e-01 -2.69365165e-04 5.10106181e-04
2.03941212e-01 -6.90135789e-05 5.17702688e-04
2.04348771e-01 -2.54222324e-04 5.09683769e-04
2.04756329e-01 7.19282632e-04 5.01504029e-04
2.05163884e-01 5.63900695e-04 4.92343454e-04
2.05571438e-01 -6.73925084e-04 4.94514236e-04
2.05978989e-01 -3.52048288e-04 5.01466804e-04
2.06386539e-01 4.58004121e-04 4.95718264e-04
2.06794086e-01 -6.93277760e-04 4.99099165e-04
2.07201632e-01 8.38521315e-04 4.95297149e-04
2.07609175e-01 2.04856241e-04 4.94343877e-04
2.08016717e-01 3.99821211e-04 4.99936409e-04
2.08424257e-01 4.16469833e-04 4.86552857e-04
2.08831794e-01 7.12308231e-05 4.84363965e-04
2.09239330e-01 5.44516294e-04 4.83547207e-04
2.09646864e-01 -4.13666841e-04 4.83839410e-04
2.10054396e-01 -1.17951624e-03 4.81742254e-04
2.10461925e-01 -4.43886635e-04 4.75875974e-04
2.10869453e-01 -3.90585558e-05 4.77857328e-04
2.11276979e-01 5.26435938e-05 4.88822697e-04
2.11684503e-01 1.35364520e-04 4.84289823e-04
2.12092025e-01 -3.16540340e-04 4.78414967e-04
2.12499544e-01 -1.71735886e-04 4.81621094e-04
2.12907062e-01 6.03143655e-04 4.73358400e-04
2.13314578e-01 -1.18367216e-04 4.84958903e-04
2.13722092e-01 5.34304552e-04 4.82745232e-04
2.14129603e-01 4.20031476e-04 4.87913710e-04
2.14537113e-01 8.18419363e-04 4.91261366e-04
2.14944621e-01 6.65822466e-04 4.86474780e-04
2.15352126e-01 1.00014286e-05 4.71390906e-04
2.15759630e-01 -1.80315760e-05 4.72032314e-04
2.16167131e-01 -5.22895513e-04 4.71075284e-04
2.16574631e-01 1.60931192e-04 4.72338741e-04
2.16982128e-01 7.23415560e-04 4.74466225e-04
2.17389624e-01 -1.26176596e-04 4.78905827e-04
2.17797117e-01 -1.32796642e-04 4.70687210e-04
2.18204608e-01 4.31244324e-04 4.68489718e-04
2.18612098e-01 6.87239069e-04 4.69237659e-04
2.19019585e-01 1.00085675e-04 4.63260480e-04
2.19427070e-01 1.56361884e-04 4.68211370e-04
2.19834553e-01 -8.10607912e-04 4.55941627e-04
2.20242034e-01 -9.45445096e-05 4.58763425e-04
2.20649512e-01 -1.61326236e-05 4.59512189e-04
2.21056989e-01 -9.86490334e-05 4.61516176e-04
2.21464464e-01 -5.20697799e-04 4.72532303e-04
2.21871936e-01 4.90978066e-05 4.69289212e-04
2.22279407e-01 3.75885708e-04 4.52417111e-04
2.22686875e-01 -1.12438466e-04 4.59112222e-04
2.23094341e-01 -2.61869526e-04 4.60948038e-04
2.23501805e-01 3.82968884e-04 4.64060358e-04
2.23909267e-01 6.84588015e-04 4.64050112e-04
2.24316727e-01 -4.77214486e-04 4.57796510e-04
2.24724185e-01 6.00682279e-04 4.53951739e-04
2.25131641e-01 -2.41363084e-04 4.55837434e-04
2.25539094e-01 5.99591704e-05 4.59828598e-04
2.25946545e-01 6.62306852e-04 4.50605064e-04
2.26353995e-01 5.88281329e-04 4.59107414e-04
2.26761442e-01 -1.21808947e-05 4.60023193e-04
2.27168887e-01 -2.29268708e-04 4.50261395e-04
2.27576329e-01 -3.76626602e-05 4.58321838e-04
2.27983770e-01 2.83133129e-05 4.58548832e-04
2.28391208e-01 -3.83605620e-05 4.62144807e-04
2.28798645e-01 1.80344532e-04 4.58874844e-04
2.29206079e-01 8.41782485e-04 4.62672780e-04
2.29613511e-01 -9.39787186e-05 4.64615069e-04
2.30020941e-01 -3.37713780e-04 4.61793637e-04
2.30428368e-01 6.29410694e-04 4.68093322e-04
2.30835794e-01 -5.86745957e-04 4.56327430e-04
2.31243217e-01 -2.42218308e-05 4.73693949e-04
2.31650638e-01 5.55117975e-04 4.71675350e-04
2.32058057e-01 1.36660621e-05 4.58429748e-04
2.32465473e-01 8.98450288e-05 4.67429699e-04
2.32872888e-01 1.27413017e-04 4.67777136e-04
2.33280300e-01 3.18526270e-04 4.67986961e-04
2.33687710e-01 1.16776263e-04 4.63746168e-04
2.34095118e-01 3.62262528e-04 4.61394509e-04
2.34502524e-01 4.27850795e-04 4.59567720e-04
2.34909927e-01 -1.74317877e-04 4.68999468e-04
2.35317328e-01 4.96811338e-04 4.55060601e-04
2.35724727e-01 -1.52155588e-04 4.45405630e-04
2.36132124e-01 -1.01269525e-03 4.57739299e-04
2.36539518e-01 4.13913835e-04 4.55245632e-04
2.36946911e-01 5.58784921e-04 4.63002352e-04
2.37354301e-01 -1.41474037e-04 4.45715853e-04
2.37761688e-01 -6.16482961e-04 4.58015562e-04
2.38169074e-01 -2.36537443e-04 4.53392031e-04
2.38576457e-01 -3.66024955e-04 4.39253253e-04
2.38983838e-01 6.90948965e-05 4.56377365e-04
2.39391217e-01 4.17819634e-05 4.44560054e-04
2.39798593e-01 1.24505688e-04 4.41271398e-04
2.40205967e-01 -2.71282795e-04 4.35364442e-04
2.40613339e-01 5.68766560e-04 4.49050089e-04
2.41020709e-01 1.19208999e-04 4.49365870e-04
2.41428076e-01 4.46342193e-04 4.51646368e-04
2.41835441e-01 -3.21958919e-04 4.46162137e-04
2.42242804e-01 3.50130945e-04 4.42890449e-04
2.42650165e-01 -3.61167484e-04 4.44376934e-04
2.43057523e-01 3.50667178e-04 4.39886089e-04
2.43464879e-01 4.30720532e-04 4.44381814e-04
2.43872232e-01 -2.85709087e-04 4.42893902e-04
2.44279584e-01 -4.08013904e-04 4.37810580e-04
2.44686933e-01 -6.99492205e-04 4.39613394e-04
2.45094279e-01 6.81527451e-04 4.32836187e-04
2.45501624e-01 1.05672950e-04 4.37484534e-04
2.45908966e-01 -1.10700282e-04 4.31366223e-04
2.46316305e-01 3.30372409e-04 4.41129549e-04
2.46723643e-01 -2.32989503e-04 4.38346238e-04
2.47130978e-01 -5.59150802e-04 4.28198525e-04
2.47538310e-01 2.65430079e-04 4.26306558e-04
2.47945641e-01 1.01623861e-03 4.28572370e-04
2.48352969e-01 7.07915878e-04 4.34451587e-04
2.48760294e-01 3.19208171e-04 4.25087691e-04
2.49167618e-01 4.67408094e-04 4.28308733e-04
2.49574939e-01 2.49604922e-04 4.34097469e-04
2.49982257e-01 6.52460169e-04 4.41650443e-04
2.50389573e-01 4.88730290e-04 4.29102555e-04
2.50796887e-01 1.20195518e-04 4.37808456e-04
2.51204199e-01 5.16422332e-05 4.32217586e-04
2.51611508e-01 -4.29426539e-04 4.28402057e-04
2.52018815e-01 -1.06777127e-05 4.28134565e-04
2.52426119e-01 3.08747035e-04 4.35244939e-04
2.52833421e-01 5.01777667e-04 4.34530172e-04
2.53240720e-01 1.34479006e-04 4.27455162e-04
2.53648017e-01 1.98665303e-04 4.27284115e-04
2.54055312e-01 6.33848061e-04 4.28951763e-04
2.54462605e-01 4.64301461e-04 4.34015135e-04
2.54869894e-01 1.25249323e-03 4.27893392e-04
2.55277182e-01 6.37666481e-04 4.26499790e-04
2.55684467e-01 7.13048503e-04 4.28585456e-04
2.56091750e-01 2.54825549e-04 4.25340001e-04
2.56499030e-01 4.94015741e-04 4.25818545e-04
2.56906308e-01 5.16620890e-05 4.15461795e-04
2.57313583e-01 1.75929179e-04 4.20942040e-04
2.57720856e-01 3.28985802e-04 4.21705873e-04
2.58128127e-01 -4.04450584e-04 4.17667775e-04
2.58535395e-01 6.09031393e-05 4.22084244e-04
2.58942661e-01 3.44995711e-04 4.21297371e-04
2.59349924e-01 -4.47489397e-05 4.17610943e-04
2.59757184e-01 2.19496815e-04 4.21024301e-04
2.60164443e-01 -4.54873149e-04 4.23559500e-04
2.60571699e-01 -2.92963792e-04 4.21570013e-04
2.60978952e-01 -2.62743327e-04 4.10946836e-04
2.61386203e-01 -7.50237945e-05 4.18312879e-04
2.61793451e-01 -9.26042677e-04 4.06115742e-04
2.62200697e-01 1.57177413e-04 4.16589974e-04
2.62607941e-01 3.70948838e-05 4.19619719e-04
2.63015182e-01 5.03244165e-04 4.10596305e-04
2.63422420e-01 -1.61652979e-04 4.09591929e-04
2.63829656e-01 4.15059440e-04 4.20902565e-04
2.64236890e-01 -2.05602549e-04 4.20308614e-04
2.64644121e-01 -6.01463477e-05 4.12683571e-04
2.65051349e-01 -1.76833697e-04 4.06600272e-04
2.65458575e-01 8.20539806e-05 4.06551539e-04
2.65865799e-01 -1.10320387e-04 4.05680759e-04
2.66273019e-01 -2.79257271e-04 4.13480682e-04
2.66680238e-01 -8.62101287e-05 4.17127925e-04
2.67087454e-01 -4.22190201e-04 4.12594248e-04
2.67494667e-01 -7.72851228e-05 4.06762221e-04
2.67901878e-01 7.19343775e-05 4.12249643e-04
2.68309086e-01 1.33185029e-05 4.11524149e-04
2.68716292e-01 3.58297746e-04 4.11177832e-04
2.69123495e-01 1.91282713e-04 4.16150241e-04
2.69530696e-01 -5.64618918e-05 4.04692941e-04
2.69937894e-01 6.76239122e-06 4.00919415e-04
2.70345090e-01 -5.00676484e-04 4.06878141e-04
2.70752283e-01 1.57951506e-05 3.99395750e-04
2.71159473e-01 -4.65309623e-04 4.06197446e-04
2.71566661e-01 1.47409409e-03 4.13773820e-04
2.71973847e-01 2.57878461e-04 4.05242397e-04
2.72381030e-01 8.31254500e-04 4.10649058e-04
2.72788210e-01 -1.84844378e-04 4.04644949e-04
2.73195387e-01 1.03297073e-03 4.10434316e-04
2.73602562e-01 1.08661421e-03 4.02119247e-04
2.74009735e-01 -3.46030750e-04 3.97866614e-04
2.74416905e-01 4.26295726e-04 4.07334324e-04
2.74824072e-01 8.14612309e-04 3.96172835e-04
2.75231237e-01 -2.90862393e-04 3.94426589e-04
2.75638399e-01 4.49732925e-04 3.96773300e-04
2.76045558e-01 9.22254718e-04 4.03501816e-04
2.76452715e-01 -2.96456289e-04 4.00313395e-04
2.76859869e-01 5.46498329e-05 4.06506467e-04
2.77267021e-01 4.33139291e-04 4.02536966e-04
2.77674170e-01 -8.21454075e-05 4.01482593e-04
2.78081316e-01 -4.15001818e-05 3.96209544e-04
2.78488460e-01 -2.47308500e-06 3.99928319e-04
2.78895601e-01 4.16994242e-04 4.05666723e-04
2.79302740e-01 5.93892430e-04 4.06546995e-04
2.79709875e-01 3.12483662e-04 3.93643479e-04
2.80117009e-01 -1.47540412e-04 3.92076644e-04
2.80524139e-01 3.77169141e-04 3.93012888e-04
2.80931267e-01 2.99196126e-04 3.92298716e-04
2.81338392e-01 2.80926285e-04 3.96099252e-04
2.81745515e-01 -5.37796653e-05 4.02572271e-04
2.82152635e-01 2.57101233e-04 3.92238752e-04
2.82559752e-01 3.46962005e-04 3.89499820e-04
2.82966866e-01 8.18971685e-05 3.87130513e-04
2.83373978e-01 2.81838846e-04 3.92276610e-04
2.83781088e-01 6.20583264e-04 3.96468402e-04
2.84188194e-01 4.56348073e-04 3.92459543e-04
2.84595298e-01 -4.56284859e-04 3.86965170e-04
2.85002399e-01 3.16273894e-04 3.90043688e-04
2.85409497e-01 -5.02494566e-04 3.93230722e-04
2.85816593e-01 2.57662889e-04 4.01852182e-04
2.86223686e-01 1.65541093e-04 3.98394998e-04
2.86630777e-01 3.93645617e-04 3.99381966e-04
2.87037864e-01 8.16877218e-04 4.10630201e-04
2.87444949e-01 3.72049505e-04 4.02034347e-04
2.87852031e-01 5.97729768e-04 4.02108026e-04
2.88259111e-01 1.87227660e-04 3.94882196e-04
2.88666188e-01 4.86408371e-04 3.97713780e-04
2.89073262e-01 3.02824811e-04 3.94702304e-04
2.89480333e-01 2.93130990e-04 4.04491894e-04
2.89887401e-01 -3.04984384e-04 3.97899114e-04
2.90294467e-01 -8.82035104e-06 4.00242458e-04
2.90701530e-01 -4.85076331e-04 3.95286498e-04
2.91108591e-01 -4.35902469e-04 3.94324083e-04
2.91515648e-01 4.04531157e-04 3.95772764e-04
2.91922703e-01 -7.78825441e-05 3.97027031e-04
2.92329755e-01 3.12343219e-04 3.89838066e-04
2.92736804e-01 3.43192347e-04 3.94857272e-04
2.93143851e-01 1.59516688e-05 3.98523595e-04
2.93550895e-01 -9.32379188e-06 3.89952927e-04
2.93957936e-01 1.48277437e-04 3.94133575e-04
2.94364974e-01 -2.75128928e-04 3.87926319e-04
2.94772009e-01 -9.36089240e-05 4.05139622e-04
2.95179042e-01 8.91489767e-05 3.99621211e-04
2.95586072e-01 5.18835239e-04 3.91592750e-04
2.95993099e-01 -3.86408740e-04 3.94624147e-04
2.96400123e-01 -1.55279018e-04 3.91335301e-04
2.96807145e-01 -2.43124552e-04 3.97927046e-04
2.97214163e-01 -3.20031497e-04 3.93933366e-04
2.97621179e-01 -3.90780857e-04 3.91499787e-04
2.98028192e-01 1.03541205e-03 4.06146729e-04
2.98435202e-01 2.25925607e-04 3.93679863e-04
2.98842210e-01 -3.71194013e-04 3.94763834e-04
2.99249214e-01 8.18301065e-04 3.92680390e-04
2.99656216e-01 7.34857336e-04 3.92864140e-04
3.00063215e-01 6.09587675e-04 3.91663477e-04
3.00470211e-01 2.10347693e-04 3.96349009e-04
3.00877204e-01 2.79908399e-04 3.98867611e-04
3.01284194e-01 -5.61090526e-04 3.91280960e-04
3.01691182e-01 -4.00560726e-04 3.91261099e-04
3.02098167e-01 5.05468699e-04 3.94683614e-04
3.02505149e-01 6.66617749e-05 3.86571161e-04
3.02912128e-01 -4.85354333e-04 3.91390118e-04
3.03319104e-01 -5.49177592e-04 3.88229966e-04
3.03726077e-01 -2.25268025e-04 3.92852894e-04
3.04133047e-01 -5.90305429e-05 3.91003125e-04
3.04540015e-01 2.51868595e-04 3.85934263e-04
3.04946979e-01 1.09168869e-04 3.86724057e-04
3.05353941e-01 5.86172050e-05 3.91155090e-04
3.05760900e-01 -7.41413566e-05 3.88079367e-04
3.06167856e-01 3.77069524e-04 3.88409156e-04
3.06574809e-01 8.09658380e-04 3.93138154e-04
3.06981759e-01 -2.37083888e-04 3.89297652e-04
3.07388706e-01 8.65708277e-05 3.88355253e-04
3.07795651e-01 2.47932119e-04 3.86862751e-04
3.08202592e-01 -9.64982136e-05 3.86182292e-04
3.08609531e-01 2.97580904e-04 3.96628798e-04
3.09016466e-01 -2.39752287e-04 3.91026517e-04
3.09423399e-01 2.29184028e-05 3.91466707e-04
3.09830329e-01 3.64907142e-04 4.02227981e-04
3.10237256e-01 -2.76994966e-05 4.02562533e-04
3.10644180e-01 7.80328714e-04 4.01528181e-04
3.11051101e-01 5.81286846e-04 3.94164568e-04
3.11458019e-01 2.46870824e-05 4.07251110e-04
3.11864934e-01 1.53177284e-04 4.06831895e-04
3.12271846e-01 1.15273369e-04 4.05997188e-04
3.12678755e-01 1.87377973e-04 4.06246451e-04
3.13085661e-01 3.58918130e-05 4.02407385e-04
3.13492565e-01 -2.63453188e-04 4.05830572e-04
3.13899465e-01 3.96113267e-04 3.94574186e-04
3.14306362e-01 1.63230303e-05 4.01340291e-04
3.14713257e-01 7.33421959e-04 4.00524440e-04
3.15120148e-01 4.53449308e-04 4.10034407e-04
3.15527037e-01 -2.60361750e-04 4.07312430e-04
3.15933922e-01 5.61781739e-04 4.08278730e-04
3.16340805e-01 -5.31085656e-04 4.41570917e-04
3.16747684e-01 2.83797553e-04 4.87798445e-04
3.17154561e-01 5.10917451e-04 5.08440097e-04
3.17561434e-01 6.65951882e-04 5.41319017e-04
3.17968305e-01 -6.53986296e-04 5.62570275e-04
3.18375172e-01 -7.57201143e-04 6.00155239e-04
3.18782037e-01 9.24794990e-05 6.30810379e-04
3.19188898e-01 -9.95138142e-04 6.26482629e-04
3.19595757e-01 8.04211905e-04 6.95015948e-04
3.20002612e-01 7.59092119e-04 7.24592002e-04
3.20409465e-01 2.08954562e-05 7.67811141e-04
3.20816314e-01 8.15178275e-04 8.41992826e-04
3.21223160e-01 1.33624887e-03 9.27496256e-04
3.21630004e-01 -2.49021718e-04 1.10519830e-03
3.22036844e-01 -4.55127179e-05 1.32450974e-03
3.22443681e-01 -2.13456150e-04 1.89093590e-03
3.22850516e-01 -3.28382889e-03 3.78152545e-03
