4.08043586e-03 -1.49961474e-02 2.85597006e-02
4.48847930e-03 -2.20562886e-02 2.78474807e-02
4.89652269e-03 -6.65946957e-03 2.04399099e-02
5.30456604e-03 5.54444124e-03 1.48229145e-02
5.71260934e-03 -1.81627034e-02 1.18761896e-02
6.12065258e-03 -6.97789421e-03 9.39816307e-03
6.52869577e-03 -1.84985673e-02 7.70999043e-03
6.93673889e-03 4.89010830e-04 6.81152238e-03
7.34478195e-03 1.39461678e-03 5.73044625e-03
7.75282494e-03 -7.68143871e-03 5.41075988e-03
8.16086785e-03 -5.28094538e-03 4.62364803e-03
8.56891069e-03 -2.08998084e-03 4.01776208e-03
8.97695345e-03 8.23774145e-04 3.94835512e-03
9.38499612e-03 3.05221658e-03 3.90799993e-03
9.79303870e-03 -3.02686990e-03 3.57601444e-03
1.02010812e-02 -2.41059926e-03 3.37484469e-03
1.06091236e-02 1.93217654e-03 3.23608847e-03
1.10171659e-02 4.78506213e-03 2.95478217e-03
1.14252081e-02 2.21651822e-03 2.91010540e-03
1.18332501e-02 1.20204235e-03 3.03645756e-03
1.22412921e-02 -8.58362026e-05 2.76134264e-03
1.26493339e-02 4.17102561e-03 2.57083382e-03
1.30573757e-02 -2.90428179e-03 2.29015563e-03
1.34654173e-02 4.68453220e-04 2.44937636e-03
1.38734588e-02 -9.42767664e-04 2.37114248e-03
1.42815001e-02 -2.99097637e-04 2.49383769e-03
1.46895413e-02 3.42261427e-03 2.26836839e-03
1.50975824e-02 -1.15738548e-03 2.14896872e-03
1.55056233e-02 2.98746916e-03 2.24398200e-03
1.59136641e-02 -8.17311825e-04 2.07008429e-03
1.63217047e-02 -6.42388678e-04 2.04715446e-03
1.67297452e-02 3.09309170e-04 2.13540358e-03
1.71377855e-02 -5.64308075e-04 1.99142982e-03
1.75458257e-02 -3.98058486e-03 2.04638875e-03
1.79538657e-02 -7.30545278e-04 1.96287949e-03
1.83619055e-02 2.26209267e-03 1.83291334e-03
1.87699451e-02 -2.91262278e-04 1.85474133e-03
1.91779846e-02 -6.77201029e-04 1.94035611e-03
1.95860239e-02 -1.19460332e-04 1.88641485e-03
1.99940630e-02 5.34368414e-04 1.83503182e-03
2.04021019e-02 1.70160399e-03 1.82785132e-03
2.08101406e-02 1.74095422e-03 1.73557388e-03
2.12181791e-02 -6.70245357e-05 1.69888500e-03
2.16262174e-02 -6.70935002e-04 1.58526720e-03
2.20342555e-02 -9.17043026e-04 1.75906334e-03
2.24422934e-02 -5.14263940e-04 1.69873380e-03
2.28503311e-02 1.86285102e-03 1.71910156e-03
2.32583686e-02 9.05530556e-04 1.72645231e-03
2.36664058e-02 1.08322656e-03 1.68001950e-03
2.40744429e-02 -4.39011329e-04 1.63964967e-03
2.44824797e-02 2.85276549e-03 1.79714852e-03
2.48905162e-02 1.30609291e-03 1.70428810e-03
2.52985525e-02 -3.73894060e-05 1.63958312e-03
2.57065886e-02 -2.85981258e-03 1.70511277e-03
2.61146245e-02 -2.84507636e-03 1.67487502e-03
2.65226601e-02 -4.98080953e-04 1.55840864e-03
2.69306954e-02 -6.70008357e-04 1.71212016e-03
2.73387305e-02 -6.21338783e-04 1.63521484e-03
2.77467653e-02 -2.09146645e-03 1.60597962e-03
2.81547999e-02 2.06913263e-04 1.80832294e-03
2.85628342e-02 -5.55381024e-04 1.65214511e-03
2.89708682e-02 3.08102406e-03 1.72415880e-03
2.93789020e-02 1.26820944e-03 1.64924229e-03
2.97869355e-02 -8.46663294e-04 1.62224139e-03
3.01949687e-02 8.23639124e-04 1.70183325e-03
3.06030016e-02 -4.09609745e-04 1.60562226e-03
3.10110342e-02 8.15215542e-04 1.60075213e-03
3.14190665e-02 3.68083666e-04 1.60998918e-03
3.18270985e-02 -9.52792799e-04 1.50172072e-03
3.22351302e-02 6.78269138e-04 1.56664982e-03
3.26431617e-02 1.62345270e-03 1.49360143e-03
3.30511928e-02 2.20061198e-03 1.56169246e-03
3.34592236e-02 3.58870323e-03 1.52086404e-03
3.38672540e-02 -1.33532261e-03 1.36518890e-03
3.42752842e-02 -1.95414256e-03 1.39963304e-03
3.46833140e-02 -3.02288048e-04 1.36381335e-03
3.50913435e-02 1.94461225e-03 1.41831557e-03
3.54993727e-02 2.27903256e-03 1.40190749e-03
3.59074015e-02 1.85260284e-03 1.35605608e-03
3.63154300e-02 -1.25364442e-03 1.35170215e-03
3.67234581e-02 -6.55317510e-05 1.28657481e-03
3.71314859e-02 -2.24840002e-03 1.35143500e-03
3.75395134e-02 8.36753448e-04 1.32406350e-03
3.79475405e-02 -1.51799339e-03 1.35518339e-03
3.83555672e-02 -9.10910589e-04 1.32421003e-03
3.87635935e-02 5.25710123e-04 1.35750137e-03
3.91716195e-02 7.28236621e-04 1.31163443e-03
3.95796452e-02 6.88350991e-04 1.31139787e-03
3.99876704e-02 -1.93510360e-03 1.28122531e-03
4.03956953e-02 1.57669264e-03 1.34824348e-03
4.08037198e-02 1.45781239e-03 1.33596136e-03
4.12117439e-02 1.77058683e-03 1.32543156e-03
4.16197676e-02 -3.62037594e-05 1.27729801e-03
4.20277909e-02 5.49357820e-04 1.27727604e-03
4.24358138e-02 4.07065790e-04 1.29328696e-03
4.28438363e-02 8.40315861e-04 1.22895007e-03
4.32518584e-02 2.26311967e-05 1.17554052e-03
4.36598801e-02 1.45762199e-04 1.18567655e-03
4.40679014e-02 1.84769429e-03 1.24385573e-03
4.44759222e-02 1.79360639e-03 1.20499895e-03
4.48839427e-02 -9.61848805e-04 1.23398718e-03
4.52919627e-02 5.94310123e-04 1.17457708e-03
4.56999823e-02 -6.27002169e-04 1.15187235e-03
4.61080014e-02 5.01162564e-04 1.19947468e-03
4.65160201e-02 5.74542296e-04 1.18698225e-03
4.69240384e-02 1.10729611e-03 1.19170284e-03
4.73320562e-02 -3.58131300e-04 1.20713388e-03
4.77400736e-02 7.98389527e-04 1.26650291e-03
4.81480905e-02 6.26088121e-04 1.13071852e-03
4.85561070e-02 7.42016113e-04 1.15438921e-03
4.89641230e-02 6.65398842e-04 1.17424447e-03
4.93721385e-02 1.27043953e-04 1.17504666e-03
4.97801536e-02 2.14098233e-03 1.21311634e-03
5.01881682e-02 8.45300091e-04 1.17485699e-03
5.05961823e-02 8.94055535e-04 1.15430950e-03
5.10041960e-02 9.98468928e-04 1.14108019e-03
5.14122091e-02 1.10209433e-05 1.10825606e-03
5.18202218e-02 7.63653371e-04 1.13891513e-03
5.22282340e-02 -7.33754592e-04 1.10768284e-03
5.26362457e-02 -7.37812025e-05 1.16476416e-03
5.30442569e-02 1.47326505e-03 1.13721390e-03
5.34522675e-02 -8.51438352e-04 1.05479032e-03
5.38602777e-02 1.67381940e-03 1.08180868e-03
5.42682874e-02 -2.88483704e-04 1.07358633e-03
5.46762965e-02 6.25299353e-04 1.14383830e-03
5.50843052e-02 1.03790024e-03 1.05322136e-03
5.54923133e-02 -6.23481515e-04 1.04362964e-03
5.59003208e-02 2.52265111e-04 1.07348650e-03
5.63083279e-02 -8.58814876e-04 1.12056701e-03
5.67163344e-02 -7.02544311e-04 1.08625817e-03
5.71243404e-02 1.45244912e-04 1.09971215e-03
5.75323458e-02 -2.01554519e-04 1.10530510e-03
5.79403507e-02 5.72073476e-04 1.15328332e-03
5.83483551e-02 -7.24009274e-04 1.13271331e-03
5.87563588e-02 7.25716869e-04 1.13106905e-03
5.91643621e-02 8.01827807e-05 1.07040982e-03
5.95723647e-02 -5.29759021e-04 1.10744757e-03
5.99803668e-02 -1.60634879e-03 1.05837718e-03
6.03883684e-02 -1.50462735e-03 1.13684735e-03
6.07963693e-02 5.12506439e-04 1.14581308e-03
6.12043697e-02 -1.57931225e-03 1.05904077e-03
6.16123695e-02 6.34749949e-04 1.10301401e-03
6.20203687e-02 1.14701079e-03 1.12598873e-03
6.24283674e-02 -4.27742667e-04 1.06814266e-03
6.28363654e-02 -1.20382193e-04 1.04914734e-03
6.32443629e-02 6.33453825e-04 1.04775455e-03
6.36523597e-02 1.31393507e-03 1.10643503e-03
6.40603559e-02 4.60402781e-04 1.04654788e-03
6.44683516e-02 -1.02047810e-03 1.02038035e-03
6.48763466e-02 1.30968968e-03 1.05093466e-03
6.52843410e-02 5.06317718e-04 1.01415320e-03
6.56923348e-02 -8.65002518e-04 1.00131028e-03
6.61003279e-02 1.85189002e-03 1.04065601e-03
6.65083205e-02 1.50877656e-03 1.05687316e-03
6.69163124e-02 -5.98242897e-04 1.00813220e-03
6.73243036e-02 8.73724585e-04 9.89814583e-04
6.77322943e-02 -6.61046812e-04 9.75404748e-04
6.81402842e-02 -1.89275326e-04 1.01462648e-03
6.85482736e-02 1.19691975e-03 1.01160414e-03
6.89562623e-02 9.46365352e-04 1.01469550e-03
6.93642503e-02 6.39825951e-04 1.01449910e-03
6.97722377e-02 9.42767959e-04 9.47856595e-04
7.01802244e-02 9.60964077e-04 9.72053612e-04
7.05882105e-02 7.57950343e-04 9.61238777e-04
7.09961958e-02 -2.55633619e-04 9.50673292e-04
7.14041805e-02 -1.34933523e-03 9.04892266e-04
7.18121646e-02 1.22308122e-03 9.68404684e-04
7.22201479e-02 3.05529003e-04 9.23187475e-04
7.26281306e-02 -7.66453132e-04 9.31358876e-04
7.30361126e-02 -8.97109093e-04 9.21490234e-04
7.34440938e-02 -8.62319371e-04 9.28556751e-04
7.38520744e-02 2.53073670e-04 9.39197432e-04
7.42600543e-02 2.87585800e-04 9.18731744e-04
7.46680335e-02 4.31399814e-04 9.38273808e-04
7.50760119e-02 1.18125401e-03 9.35089457e-04
7.54839897e-02 -8.77381829e-04 9.14113464e-04
7.58919667e-02 -2.78945990e-04 8.94046219e-04
7.62999431e-02 -8.09322682e-04 9.14730475e-04
7.67079187e-02 -2.14261999e-04 9.00578673e-04
7.71158935e-02 8.95367035e-04 9.26915139e-04
7.75238677e-02 -7.49375878e-05 9.10083630e-04
7.79318411e-02 -2.42607099e-05 9.13844455e-04
7.83398137e-02 -4.81861253e-04 8.81817910e-04
7.87477857e-02 -6.19841702e-04 8.68766122e-04
7.91557568e-02 6.66574118e-05 9.08348980e-04
7.95637273e-02 3.80218074e-04 9.09736840e-04
7.99716969e-02 -1.03609109e-04 8.85309530e-04
8.03796658e-02 -2.29395804e-04 8.92760124e-04
8.07876340e-02 7.42491170e-04 8.99670343e-04
8.11956014e-02 -1.84488405e-03 8.69966525e-04
8.16035680e-02 4.14815819e-05 8.55993523e-04
8.20115338e-02 8.70846557e-04 8.66101387e-04
8.24194989e-02 8.84850734e-04 8.80503910e-04
8.28274631e-02 9.18622202e-04 8.53237217e-04
8.32354266e-02 6.60195663e-04 8.56937205e-04
8.36433893e-02 -1.40007075e-03 8.54197536e-04
8.40513512e-02 7.46473538e-04 8.36967882e-04
8.44593123e-02 2.13743589e-03 8.52386495e-04
8.48672727e-02 9.47593068e-05 8.35534790e-04
8.52752322e-02 1.01986901e-03 8.30460542e-04
8.56831909e-02 2.15753439e-04 8.57799040e-04
8.60911487e-02 8.92669263e-04 8.57169730e-04
8.64991058e-02 1.38389933e-04 8.13710934e-04
8.69070620e-02 3.10770411e-04 8.46448693e-04
8.73150175e-02 8.23416951e-06 8.49169798e-04
8.77229721e-02 -2.47167686e-04 8.35121466e-04
8.81309258e-02 8.70529649e-04 8.38007167e-04
8.85388787e-02 1.21966766e-03 8.04014747e-04
8.89468308e-02 2.08018002e-03 8.70349827e-04
8.93547821e-02 2.37815055e-04 8.19636239e-04
8.97627325e-02 -9.74740902e-04 8.25272249e-04
9.01706820e-02 6.24534142e-05 7.72555323e-04
9.05786307e-02 1.04103143e-03 7.95318340e-04
9.09865785e-02 -3.81903269e-04 7.87336699e-04
9.13945255e-02 -1.18914573e-03 7.89812527e-04
9.18024716e-02 4.09311407e-04 8.15753735e-04
9.22104168e-02 6.26982405e-04 8.16693610e-04
9.26183611e-02 4.09875196e-04 7.97279201e-04
9.30263046e-02 -8.26569989e-04 8.03713442e-04
9.34342472e-02 1.19292278e-03 8.49783231e-04
9.38421889e-02 -2.65615877e-06 8.16660069e-04
9.42501297e-02 6.74671831e-04 8.20797465e-04
9.46580696e-02 2.71560016e-04 8.20905802e-04
9.50660087e-02 6.88404287e-05 8.22767036e-04
9.54739468e-02 -1.08266635e-03 7.86363899e-04
9.58818840e-02 8.47936809e-04 8.11500952e-04
9.62898203e-02 -3.92676155e-04 8.06735580e-04
9.66977557e-02 -3.31500352e-04 7.96335966e-04
9.71056902e-02 -1.50990081e-03 7.76514204e-04
9.75136237e-02 9.72692963e-05 7.74384701e-04
9.79215564e-02 7.90119300e-04 7.81998733e-04
9.83294881e-02 -1.06740137e-03 7.69146943e-04
9.87374188e-02 -7.04500700e-04 7.68766360e-04
9.91453487e-02 -2.34615045e-04 7.80794773e-04
9.95532775e-02 7.43433278e-04 7.91771431e-04
9.99612055e-02 2.87476636e-04 7.86619504e-04
1.00369132e-01 2.06126964e-03 7.64928361e-04
1.00777059e-01 1.66126381e-04 7.29673640e-04
1.01184984e-01 3.28115166e-04 7.90743273e-04
1.01592908e-01 -6.08247592e-04 7.63783930e-04
1.02000831e-01 -2.48317749e-05 7.74408825e-04
1.02408753e-01 -6.90257174e-04 7.37417563e-04
1.02816674e-01 -3.86484660e-04 7.63471149e-04
1.03224595e-01 8.71438068e-04 7.70308409e-04
1.03632514e-01 -3.85878389e-04 7.44173916e-04
1.04040432e-01 4.30596313e-04 7.32709793e-04
1.04448349e-01 1.35875755e-04 7.45385284e-04
1.04856266e-01 7.52995220e-04 7.65633239e-04
1.05264181e-01 4.84661332e-04 7.45414643e-04
1.05672095e-01 -1.15871869e-04 7.55771734e-04
1.06080009e-01 -2.77115443e-04 7.34540556e-04
1.06487921e-01 2.56346715e-04 7.36716214e-04
1.06895832e-01 -3.83236632e-04 7.42129324e-04
1.07303743e-01 -4.72483938e-04 7.44136643e-04
1.07711652e-01 -1.42208743e-04 7.38875410e-04
1.08119560e-01 -3.95091074e-04 7.58936043e-04
1.08527467e-01 5.90485190e-04 7.67592027e-04
1.08935374e-01 3.06272980e-04 7.51463542e-04
1.09343279e-01 -7.28054965e-04 7.48333061e-04
1.09751183e-01 6.14235774e-04 7.51988426e-04
1.10159086e-01 1.62635423e-03 7.38836691e-04
1.10566988e-01 -2.83239519e-04 6.95890042e-04
1.10974889e-01 1.31351776e-04 7.24648643e-04
1.11382789e-01 2.80561370e-05 7.13577223e-04
1.11790688e-01 3.72637584e-04 7.37655297e-04
1.12198586e-01 5.90636122e-06 7.37552163e-04
1.12606482e-01 -5.45524883e-04 7.27037675e-04
1.13014378e-01 1.14675064e-03 7.28958485e-04
1.13422273e-01 6.21217314e-04 7.23258138e-04
1.13830166e-01 6.47146672e-04 7.64948738e-04
1.14238059e-01 -2.21444185e-05 7.27463797e-04
1.14645950e-01 5.34098574e-04 7.52177606e-04
1.15053840e-01 8.42302783e-04 7.56469474e-04
1.15461730e-01 2.72220859e-04 7.20798693e-04
1.15869618e-01 7.13742625e-04 7.52632048e-04
1.16277505e-01 2.51453877e-04 7.35538193e-04
1.16685391e-01 -9.11683040e-04 7.19316321e-04
1.17093275e-01 -2.70942207e-04 7.23639810e-04
1.17501159e-01 -1.45090241e-03 7.10567015e-04
1.17909042e-01 4.26807493e-05 7.41814234e-04
1.18316923e-01 -6.93533213e-04 7.48356223e-04
1.18724803e-01 5.02735757e-04 7.44514894e-04
1.19132683e-01 -1.34488806e-05 7.01274320e-04
1.19540561e-01 4.02296992e-04 6.87760637e-04
1.19948438e-01 2.51284199e-03 7.13801767e-04
1.20356313e-01 3.79519644e-04 7.04319571e-04
1.20764188e-01 7.57214321e-04 6.99865803e-04
1.21172062e-01 3.70622180e-04 6.92541323e-04
1.21579934e-01 1.10304107e-03 7.08954961e-04
1.21987805e-01 6.90918139e-04 6.79332555e-04
1.22395675e-01 -4.57446357e-04 6.66263024e-04
1.22803544e-01 1.19002370e-03 7.17053701e-04
1.23211412e-01 1.11806739e-03 6.86058500e-04
1.23619278e-01 -5.99839411e-04 6.79241611e-04
1.24027144e-01 -3.03871487e-04 6.92568683e-04
1.24435008e-01 -1.09232769e-04 6.80222618e-04
1.24842871e-01 8.33596130e-04 6.72742070e-04
1.25250733e-01 -1.22019486e-04 6.83654278e-04
1.25658594e-01 1.27272987e-03 6.79766199e-04
1.26066453e-01 1.17518214e-03 7.15590464e-04
1.26474311e-01 6.28245107e-04 6.76936889e-04
1.26882168e-01 1.16333795e-04 6.81598568e-04
1.27290024e-01 4.32294940e-05 6.84282910e-04
1.27697879e-01 4.32441193e-04 6.94750022e-04
1.28105732e-01 -3.23796606e-04 6.67443771e-04
1.28513585e-01 6.67565319e-04 6.81512813e-04
1.28921436e-01 -5.76409731e-05 6.63179744e-04
1.29329285e-01 3.74973266e-04 6.62309051e-04
1.29737134e-01 2.91840709e-05 6.59880751e-04
1.30144981e-01 5.40310679e-04 6.46773095e-04
1.30552828e-01 -1.78495884e-04 6.41979468e-04
1.30960672e-01 4.53790297e-04 6.64517053e-04
1.31368516e-01 8.40818192e-04 6.49138938e-04
1.31776358e-01 -1.18961308e-03 6.42053034e-04
1.32184200e-01 1.85090632e-03 6.54867177e-04
1.32592039e-01 2.01924923e-04 6.44672827e-04
1.32999878e-01 5.21830120e-04 6.24669980e-04
1.33407715e-01 -1.36227272e-03 6.33280372e-04
1.33815552e-01 3.07045863e-04 6.41037417e-04
1.34223386e-01 6.35791179e-04 6.36755592e-04
1.34631220e-01 -5.40371353e-04 6.42391368e-04
1.35039052e-01 6.39245806e-05 6.53566503e-04
1.35446883e-01 -8.09828487e-04 6.43717435e-04
1.35854713e-01 -2.77747901e-04 6.43112105e-04
1.36262541e-01 8.20308750e-04 6.60313538e-04
1.36670368e-01 1.10862530e-03 6.19339948e-04
1.37078194e-01 3.77090600e-04 6.43234651e-04
1.37486019e-01 1.13814899e-04 6.60382635e-04
1.37893842e-01 3.44979175e-05 6.31380222e-04
1.38301664e-01 -5.25112924e-04 6.28270042e-04
1.38709485e-01 -5.19186187e-04 6.17893415e-04
1.39117304e-01 -1.10696188e-03 6.19345113e-04
1.39525122e-01 -1.10461769e-03 6.26984211e-04
1.39932939e-01 -3.28432352e-05 6.25795769e-04
1.40340754e-01 2.70635364e-05 6.46069936e-04
1.40748568e-01 1.93031136e-04 6.12590893e-04
1.41156381e-01 -3.05483982e-04 6.19519881e-04
1.41564192e-01 4.23833093e-04 6.11805439e-04
1.41972002e-01 6.37589671e-04 6.30492610e-04
1.42379811e-01 -2.05947114e-04 6.33849293e-04
1.42787618e-01 -1.32013908e-04 6.15814031e-04
1.43195424e-01 -9.39042659e-04 6.16534501e-04
1.43603228e-01 8.72911453e-04 6.42011439e-04
1.44011032e-01 7.13458157e-04 6.22603537e-04
1.44418833e-01 2.21879093e-04 6.46028294e-04
1.44826634e-01 -6.01676537e-04 6.14808543e-04
1.45234433e-01 -7.66748392e-04 6.24853289e-04
1.45642231e-01 -9.61146408e-04 6.10588258e-04
1.46050027e-01 -3.14726817e-04 6.18222070e-04
1.46457822e-01 -3.11764601e-04 6.24924507e-04
1.46865616e-01 -6.61557555e-04 6.24915279e-04
1.47273408e-01 5.54761137e-05 6.39544929e-04
1.47681199e-01 -1.22899249e-03 6.15378183e-04
1.48088988e-01 -8.09041906e-05 6.12291669e-04
1.48496776e-01 1.71520014e-04 6.42175351e-04
1.48904563e-01 8.91386606e-04 6.09947108e-04
1.49312348e-01 4.58986634e-04 6.27196859e-04
1.49720132e-01 1.24614667e-03 6.20626455e-04
1.50127914e-01 -1.00400622e-04 6.36903093e-04
1.50535695e-01 1.05960085e-03 6.27075263e-04
1.50943474e-01 4.03797157e-04 6.07463354e-04
1.51351252e-01 -2.23189782e-04 6.11768511e-04
1.51759029e-01 5.45825323e-04 6.02451679e-04
1.52166804e-01 3.44367330e-04 6.03117897e-04
1.52574578e-01 3.62771875e-04 6.17744131e-04
1.52982350e-01 3.15946879e-04 6.05011936e-04
1.53390121e-01 9.70524846e-04 6.07723334e-04
1.53797890e-01 1.65567122e-04 6.19650620e-04
1.54205658e-01 -2.86269124e-04 5.97885190e-04
1.54613425e-01 -2.07284165e-05 5.94884615e-04
1.55021190e-01 1.66672998e-03 6.12091516e-04
1.55428953e-01 3.10119902e-05 6.03020636e-04
1.55836716e-01 3.59984571e-04 5.88841891e-04
1.56244476e-01 2.68734310e-05 5.86840946e-04
1.56652235e-01 7.05209487e-04 5.92785602e-04
1.57059993e-01 8.59860351e-05 5.85462917e-04
1.57467749e-01 -1.90535818e-04 5.84699528e-04
1.57875504e-01 7.83027434e-06 5.81002893e-04
1.58283257e-01 -1.52105271e-04 5.81676801e-04
1.58691008e-01 -1.26756430e-03 5.67510489e-04
1.59098758e-01 1.69902630e-04 5.76247400e-04
1.59506507e-01 1.42655984e-04 5.69408515e-04
1.59914254e-01 -4.45013630e-06 5.64206357e-04
1.60322000e-01 4.08012267e-05 5.83503784e-04
1.60729744e-01 -1.03067680e-03 5.72781236e-04
1.61137486e-01 4.88873214e-05 5.84078703e-04
1.61545228e-01 -3.46104508e-04 5.61316171e-04
1.61952967e-01 5.09824573e-04 5.69752838e-04
1.62360705e-01 -3.75452326e-04 5.71032245e-04
1.62768441e-01 -7.54257299e-04 5.68677888e-04
1.63176176e-01 9.74470049e-04 5.68108152e-04
1.63583910e-01 -1.51063633e-05 5.62414617e-04
1.63991641e-01 -6.32106826e-04 5.67861756e-04
1.64399372e-01 -5.20611451e-04 5.59374708e-04
1.64807100e-01 4.43809895e-04 5.65707224e-04
1.65214827e-01 1.45167292e-04 5.70738916e-04
1.65622553e-01 -2.62214509e-04 5.75011347e-04
1.66030277e-01 -2.64149446e-04 5.67328917e-04
1.66437999e-01 6.63239857e-04 5.56557393e-04
1.66845720e-01 1.95363043e-04 5.69431862e-04
1.67253439e-01 -5.35383373e-04 5.63355262e-04
1.67661157e-01 8.65712900e-04 5.58922408e-04
1.68068873e-01 2.03510436e-04 5.46933973e-04
1.68476588e-01 5.01766659e-04 5.58611091e-04
1.68884301e-01 -3.33710242e-04 5.56513799e-04
1.69292012e-01 -5.31242693e-05 5.57883045e-04
1.69699721e-01 -3.30003667e-04 5.38941918e-04
1.70107430e-01 -2.68057062e-04 5.53581383e-04
1.70515136e-01 -1.88518330e-04 5.52819122e-04
1.70922841e-01 1.19185777e-04 5.48084640e-04
1.71330544e-01 -4.98078548e-04 5.53750019e-04
1.71738246e-01 3.47503133e-04 5.63307966e-04
1.72145946e-01 -9.41476237e-04 5.39805444e-04
1.72553644e-01 1.86515027e-04 5.42942215e-04
1.72961341e-01 -1.00085331e-05 5.42506234e-04
1.73369036e-01 5.46870726e-04 5.38286067e-04
1.73776729e-01 2.88836734e-04 5.39601111e-04
1.74184421e-01 2.59914797e-04 5.43625311e-04
1.74592111e-01 -3.77607053e-04 5.33646778e-04
1.74999799e-01 -1.01575542e-03 5.45479368e-04
1.75407486e-01 -4.22729900e-04 5.43111086e-04
1.75815171e-01 9.47150599e-05 5.47016434e-04
1.76222855e-01 8.44505882e-05 5.38145270e-04
1.76630537e-01 -3.13329487e-04 5.46356858e-04
1.77038217e-01 1.22089154e-04 5.40969869e-04
1.77445895e-01 2.22006929e-04 5.40080635e-04
1.77853572e-01 6.26161995e-04 5.42019381e-04
1.78261247e-01 -4.95226071e-04 5.29561250e-04
1.78668921e-01 2.74150641e-04 5.10530355e-04
1.79076592e-01 -4.15106289e-05 5.29126563e-04
1.79484262e-01 -1.52772080e-04 5.20026001e-04
1.79891931e-01 -1.99629354e-04 5.23017373e-04
1.80299597e-01 -2.12010380e-04 5.22979435e-04
1.80707262e-01 5.41251784e-04 5.38956673e-04
1.81114925e-01 6.11598292e-04 5.24763051e-04
1.81522587e-01 3.66952104e-04 5.25596893e-04
1.81930247e-01 1.03789274e-03 5.40335147e-04
1.82337905e-01 -5.48034740e-04 5.23224667e-04
1.82745561e-01 8.67004828e-04 5.23670707e-04
1.83153215e-01 -2.07891674e-04 5.17756493e-04
1.83560868e-01 9.48977892e-05 5.27677208e-04
1.83968519e-01 1.86358368e-04 5.20230530e-04
1.84376169e-01 1.08973579e-03 5.29224932e-04
1.84783816e-01 -8.11674296e-05 5.17374175e-04
1.85191462e-01 1.56570817e-04 5.17907947e-04
1.85599106e-01 5.11474413e-04 5.25046446e-04
1.86006749e-01 -3.74757800e-04 5.26638190e-04
1.86414389e-01 -2.02018258e-04 5.22153634e-04
1.86822028e-01 -1.99018342e-04 5.25577823e-04
1.87229665e-01 -2.51207595e-04 5.31691232e-04
1.87637300e-01 -6.37923178e-04 5.18044367e-04
1.88044934e-01 4.61654516e-04 5.13528462e-04
1.88452566e-01 2.34536464e-04 5.15612493e-04
1.88860195e-01 -8.71514809e-05 5.22302070e-04
1.89267824e-01 -5.97108547e-04 5.00546769e-04
1.89675450e-01 4.58639636e-04 5.06402802e-04
1.90083074e-01 1.05814566e-04 5.15058085e-04
1.90490697e-01 -2.78435645e-04 4.98085297e-04
1.90898318e-01 -4.39419188e-04 5.04842984e-04
1.91305937e-01 1.72824222e-04 5.08275367e-04
1.91713555e-01 1.12047341e-03 5.03119982e-04
1.92121170e-01 -1.26310359e-03 4.99654100e-04
1.92528784e-01 6.61835009e-05 5.00660794e-04
1.92936396e-01 4.52917406e-04 5.04622533e-04
1.93344006e-01 -5.88772025e-04 5.02765435e-04
1.93751614e-01 -1.74543364e-04 5.07190304e-04
1.94159220e-01 5.09136477e-04 5.04882884e-04
1.94566825e-01 6.82541400e-04 5.10502585e-04
1.94974427e-01 1.46132999e-04 4.97612360e-04
1.95382028e-01 -4.02258892e-04 5.00895346e-04
1.95789627e-01 -6.86675758e-04 4.97564698e-04
1.96197224e-01 2.36044867e-04 5.00366619e-04
1.96604820e-01 -9.64794513e-04 5.04282421e-04
1.97012413e-01 1.33300049e-04 5.03300559e-04
1.97420005e-01 4.73930910e-04 5.07560282e-04
1.97827594e-01 -9.78051621e-04 4.97438471e-04
1.98235182e-01 -7.17766151e-05 5.05709276e-04
1.98642768e-01 1.04730407e-04 5.10143717e-04
1.99050352e-01 7.39581477e-05 5.04892383e-04
1.99457934e-01 -4.59258513e-04 5.00323371e-04
1.99865514e-01 3.80143047e-04 5.10552197e-04
2.00273093e-01 4.38451643e-04 5.03802397e-04
2.00680669e-01 -3.45638701e-05 5.05960142e-04
2.01088244e-01 1.34685158e-05 5.25068339e-04
2.01495816e-01 -3.35192176e-05 5.13659637e-04
2.01903387e-01 4.23269653e-04 5.14124981e-04
2.02310956e-01 2.58717140e-04 5.00641939e-04
2.02718523e-01 -8.20185180e-04 5.01923440e-04
2.03126088e-01 -1.27074901e-04 5.05570786e-04
2.03533651e-01 -3.18976009e-04 5.07575447e-04
2.03941212e-01 5.57334438e-04 5.11574100e-04
2.04348771e-01 3.79631896e-04 5.19710431e-04
2.04756329e-01 6.73563932e-05 5.05708689e-04
2.05163884e-01 6.68558420e-05 5.01074777e-04
2.05571438e-01 6.50005301e-05 5.01183086e-04
2.05978989e-01 2.84654254e-04 5.03729401e-04
2.06386539e-01 -6.67364073e-04 4.91183324e-04
2.06794086e-01 3.63562933e-04 4.96763260e-04
2.07201632e-01 -4.11126449e-04 4.86260414e-04
2.07609175e-01 -2.91527638e-04 4.86789354e-04
2.08016717e-01 4.96229066e-04 4.96342583e-04
2.08424257e-01 4.90555499e-04 4.91381277e-04
2.08831794e-01 -6.35212387e-04 4.74034715e-04
2.09239330e-01 -1.24466502e-04 4.78641673e-04
2.09646864e-01 -4.40758256e-04 4.85925050e-04
2.10054396e-01 1.98371885e-04 4.89218761e-04
2.10461925e-01 -4.01241288e-04 4.84363930e-04
2.10869453e-01 -7.85188486e-04 4.73003836e-04
2.11276979e-01 5.77164908e-04 4.81891127e-04
2.11684503e-01 1.47732512e-04 4.79868205e-04
2.12092025e-01 7.96447987e-04 4.93867199e-04
2.12499544e-01 3.68722132e-04 4.83689641e-04
2.12907062e-01 6.71364250e-04 4.87783844e-04
2.13314578e-01 -1.99369568e-05 4.80389070e-04
2.13722092e-01 9.22015696e-04 4.81145739e-04
2.14129603e-01 -6.00277436e-04 4.68126574e-04
2.14537113e-01 2.40637846e-04 4.75796941e-04
2.14944621e-01 5.21176052e-04 4.77110908e-04
2.15352126e-01 7.82885260e-04 4.93348335e-04
2.15759630e-01 -4.93942690e-04 4.77826627e-04
2.16167131e-01 -6.75218472e-04 4.85004349e-04
2.16574631e-01 -3.91545970e-05 4.75425159e-04
2.16982128e-01 -7.87789331e-04 4.60630320e-04
2.17389624e-01 -6.37462160e-05 4.78179671e-04
2.17797117e-01 2.56998146e-04 4.68649096e-04
2.18204608e-01 2.92426638e-05 4.60964819e-04
2.18612098e-01 -2.34655975e-04 4.58224904e-04
2.19019585e-01 -2.18744083e-04 4.64557875e-04
2.19427070e-01 4.28089318e-04 4.62492974e-04
2.19834553e-01 6.36652323e-04 4.67328787e-04
2.20242034e-01 6.94487792e-04 4.66608821e-04
2.20649512e-01 1.42157900e-04 4.55126966e-04
2.21056989e-01 -3.59991592e-04 4.65440840e-04
2.21464464e-01 -1.43736453e-04 4.59391261e-04
2.21871936e-01 -4.60943143e-04 4.59165682e-04
2.22279407e-01 4.48895517e-04 4.62565910e-04
2.22686875e-01 6.42633335e-05 4.66485988e-04
2.23094341e-01 1.26601976e-04 4.58603568e-04
2.23501805e-01 -2.20156172e-04 4.71853439e-04
2.23909267e-01 -9.21427928e-04 4.61993644e-04
2.24316727e-01 1.29533283e-04 4.65211849e-04
2.24724185e-01 1.89981345e-04 4.66094699e-04
2.25131641e-01 -3.65643522e-04 4.63794687e-04
2.25539094e-01 6.55968813e-04 4.61270043e-04
2.25946545e-01 -8.24138602e-04 4.49166079e-04
2.26353995e-01 6.16271214e-04 4.55602895e-04
2.26761442e-01 -2.20274562e-04 4.59266317e-04
2.27168887e-01 1.14597576e-04 4.57956041e-04
2.27576329e-01 -1.39058551e-05 4.53724961e-04
2.27983770e-01 1.45687844e-04 4.53466953e-04
2.28391208e-01 -5.18411316e-04 4.44005089e-04
2.28798645e-01 3.63049558e-04 4.66960301e-04
2.29206079e-01 -6.40567340e-04 4.51628985e-04
2.29613511e-01 -2.46572037e-04 4.59938582e-04
2.30020941e-01 -8.39813982e-04 4.56640038e-04
2.30428368e-01 5.68766882e-04 4.75487212e-04
2.30835794e-01 5.35570467e-04 4.67371770e-04
2.31243217e-01 2.98484490e-04 4.71300638e-04
2.31650638e-01 -1.59445809e-05 4.55940557e-04
2.32058057e-01 7.14567865e-04 4.67701187e-04
2.32465473e-01 3.68992949e-04 4.61927541e-04
2.32872888e-01 4.55540227e-04 4.65416297e-04
2.33280300e-01 9.52477444e-05 4.71676230e-04
2.33687710e-01 -4.06275802e-04 4.64749726e-04
2.34095118e-01 1.00237216e-04 4.58073237e-04
2.34502524e-01 8.39187457e-04 4.67516644e-04
2.34909927e-01 1.00826774e-04 4.75234185e-04
2.35317328e-01 6.35343804e-04 4.61690628e-04
2.35724727e-01 1.01142047e-05 4.56522526e-04
2.36132124e-01 5.33422363e-04 4.61073258e-04
2.36539518e-01 -3.44822503e-05 4.47014335e-04
2.36946911e-01 -3.86004072e-04 4.59107529e-04
2.37354301e-01 7.30429029e-04 4.55689074e-04
2.37761688e-01 7.87506244e-04 4.51214581e-04
2.38169074e-01 -8.43827960e-04 4.51437109e-04
2.38576457e-01 -1.80061099e-04 4.42048163e-04
2.38983838e-01 -2.97185663e-04 4.45626511e-04
2.39391217e-01 2.64756957e-04 4.52089488e-04
2.39798593e-01 -1.13386830e-04 4.46603000e-04
2.40205967e-01 7.81273675e-05 4.51377356e-04
2.40613339e-01 1.67607940e-05 4.48669169e-04
2.41020709e-01 -5.54495564e-04 4.46955345e-04
2.41428076e-01 3.74610248e-04 4.43700704e-04
2.41835441e-01 -3.30812944e-05 4.50334585e-04
2.42242804e-01 -2.71998778e-04 4.39250803e-04
2.42650165e-01 9.03215908e-05 4.38517647e-04
2.43057523e-01 4.75917633e-04 4.46589805e-04
2.43464879e-01 -1.90050875e-06 4.41418102e-04
2.43872232e-01 1.05793984e-03 4.47160227e-04
2.44279584e-01 3.92792510e-04 4.41033737e-04
2.44686933e-01 -6.28027767e-04 4.28604574e-04
2.45094279e-01 -5.42194945e-04 4.31398268e-04
2.45501624e-01 7.08399302e-04 4.34533469e-04
2.45908966e-01 5.03064479e-04 4.42692108e-04
2.46316305e-01 8.13971580e-04 4.39897609e-04
2.46723643e-01 2.22156342e-04 4.28583415e-04
2.47130978e-01 3.28459343e-04 4.39081072e-04
2.47538310e-01 -2.90029169e-04 4.31036537e-04
2.47945641e-01 -2.53863261e-05 4.33302838e-04
2.48352969e-01 -5.37169864e-04 4.28269230e-04
2.48760294e-01 5.27534198e-04 4.31953681e-04
2.49167618e-01 3.92625681e-04 4.27179100e-04
2.49574939e-01 3.48862032e-04 4.31731438e-04
2.49982257e-01 -4.10904997e-04 4.23513939e-04
2.50389573e-01 -2.27560304e-04 4.27968891e-04
2.50796887e-01 3.31154941e-04 4.34114909e-04
2.51204199e-01 -4.77469419e-05 4.22536219e-04
2.51611508e-01 -5.92283909e-05 4.34425536e-04
2.52018815e-01 -9.75137577e-04 4.26347781e-04
2.52426119e-01 7.81759003e-05 4.22478008e-04
2.52833421e-01 -2.24985249e-04 4.33399044e-04
2.53240720e-01 -1.61810540e-04 4.23268922e-04
2.53648017e-01 -3.76905106e-05 4.30156001e-04
2.54055312e-01 4.64379806e-04 4.25541323e-04
2.54462605e-01 -6.06023078e-04 4.26684795e-04
2.54869894e-01 2.86367540e-04 4.29973937e-04
2.55277182e-01 -8.66353820e-06 4.24453876e-04
2.55684467e-01 7.31886145e-04 4.33352007e-04
2.56091750e-01 3.53753940e-04 4.31406005e-04
2.56499030e-01 3.83211448e-04 4.27430662e-04
2.56906308e-01 2.86018215e-04 4.19943547e-04
2.57313583e-01 -4.31399491e-04 4.18253218e-04
2.57720856e-01 2.81854218e-04 4.25191686e-04
2.58128127e-01 3.33299233e-05 4.16798457e-04
2.58535395e-01 -6.71180735e-05 4.11048761e-04
2.58942661e-01 1.90766392e-04 4.19553633e-04
2.59349924e-01 2.92967879e-04 4.18598406e-04
2.59757184e-01 8.97754881e-04 4.28448412e-04
2.60164443e-01 -6.44034812e-04 4.12224084e-04
2.60571699e-01 4.31142594e-06 4.20855264e-04
2.60978952e-01 2.75298743e-04 4.24603118e-04
2.61386203e-01 -1.29516417e-04 4.19314236e-04
2.61793451e-01 5.94469455e-04 4.27156688e-04
2.62200697e-01 6.11964983e-04 4.10011129e-04
2.62607941e-01 9.69042283e-05 4.18487398e-04
2.63015182e-01 4.94419366e-04 4.12487701e-04
2.63422420e-01 5.11582617e-04 4.17724617e-04
2.63829656e-01 6.90483482e-04 4.23610033e-04
2.64236890e-01 7.26019422e-05 4.10626171e-04
2.64644121e-01 4.91134967e-04 4.19916340e-04
2.65051349e-01 -8.42746655e-04 4.05807553e-04
2.65458575e-01 2.51672507e-04 4.08537601e-04
2.65865799e-01 2.67476844e-04 4.12041779e-04
2.66273019e-01 -1.23849135e-04 4.08618432e-04
2.66680238e-01 3.38191650e-04 4.10789935e-04
2.67087454e-01 1.42231092e-04 4.08713374e-04
2.67494667e-01 -1.89499967e-04 4.13550849e-04
2.67901878e-01 8.67059354e-05 4.14299017e-04
2.68309086e-01 2.00707544e-04 4.13496933e-04
2.68716292e-01 -2.18197530e-04 3.98800866e-04
2.69123495e-01 3.98504234e-04 4.03400686e-04
2.69530696e-01 1.76703880e-04 4.05512072e-04
2.69937894e-01 -8.66960951e-04 4.02683069e-04
2.70345090e-01 1.14225861e-05 4.05638628e-04
2.70752283e-01 3.34365155e-04 4.08643369e-04
2.71159473e-01 8.08556650e-06 4.03909428e-04
2.71566661e-01 -9.13692464e-05 4.02615146e-04
2.71973847e-01 7.09199900e-05 4.07104148e-04
2.72381030e-01 2.63393284e-04 4.00449659e-04
2.72788210e-01 4.14210755e-04 4.07188540e-04
2.73195387e-01 -5.41281538e-04 4.04206780e-04
2.73602562e-01 4.68915942e-04 3.98871767e-04
2.74009735e-01 6.93444670e-05 4.08039268e-04
2.74416905e-01 1.52618700e-04 4.00416980e-04
2.74824072e-01 3.62704067e-04 4.01559783e-04
2.75231237e-01 2.73874058e-05 3.99309288e-04
2.75638399e-01 6.50887126e-04 3.97040365e-04
2.76045558e-01 1.97194386e-04 4.05345631e-04
2.76452715e-01 -1.41064745e-04 3.98136959e-04
2.76859869e-01 -2.51275449e-04 3.97590661e-04
2.77267021e-01 3.19330870e-04 3.97964580e-04
2.77674170e-01 -4.54316894e-05 3.92784842e-04
2.78081316e-01 -2.36763265e-04 3.92114299e-04
2.78488460e-01 5.56581887e-06 3.93153382e-04
2.78895601e-01 -3.75143910e-04 3.90001285e-04
2.79302740e-01 -1.46898530e-04 3.98375862e-04
2.79709875e-01 1.34490167e-04 3.89044420e-04
2.80117009e-01 4.86725941e-04 3.92892384e-04
2.80524139e-01 6.33867828e-04 4.02470763e-04
2.80931267e-01 5.37780640e-05 3.94340955e-04
2.81338392e-01 2.09342537e-04 3.93080447e-04
2.81745515e-01 1.11251150e-03 3.97906336e-04
2.82152635e-01 3.76009881e-04 3.98531661e-04
2.82559752e-01 8.78000723e-04 3.92404444e-04
2.82966866e-01 7.12753766e-04 3.95739551e-04
2.83373978e-01 5.53142638e-04 3.86258620e-04
2.83781088e-01 6.16162247e-04 3.92633970e-04
2.84188194e-01 3.55041045e-04 3.98522065e-04
2.84595298e-01 5.72159550e-04 3.94162412e-04
2.85002399e-01 6.67985348e-04 3.96123601e-04
2.85409497e-01 -3.31863779e-05 3.92324754e-04
2.85816593e-01 2.59236993e-04 3.87844478e-04
2.86223686e-01 -1.03279083e-03 3.92129557e-04
2.86630777e-01 -3.08590968e-04 3.96880166e-04
2.87037864e-01 4.04033902e-04 4.06823463e-04
2.87444949e-01 5.13697694e-05 3.99227257e-04
2.87852031e-01 8.83852315e-04 4.05902697e-04
2.88259111e-01 5.73930464e-04 4.01854489e-04
2.88666188e-01 -1.38178548e-04 3.88008934e-04
2.89073262e-01 -2.60624657e-04 3.99520264e-04
2.89480333e-01 -3.92676414e-04 3.96521079e-04
2.89887401e-01 1.32087514e-04 4.03330488e-04
2.90294467e-01 9.46468289e-05 4.03496037e-04
2.90701530e-01 1.29755205e-04 3.98505397e-04
2.91108591e-01 -5.98206718e-05 3.90511728e-04
2.91515648e-01 -1.60587305e-05 3.95215521e-04
2.91922703e-01 -1.40304862e-04 3.92768310e-04
2.92329755e-01 4.18554957e-04 3.88238672e-04
2.92736804e-01 4.75227546e-04 4.00158859e-04
2.93143851e-01 9.33947683e-05 3.82910315e-04
2.93550895e-01 4.51606252e-04 3.89666561e-04
2.93957936e-01 6.81946910e-06 3.94537889e-04
2.94364974e-01 -1.88265034e-04 3.95418057e-04
2.94772009e-01 -7.62436237e-05 3.94836754e-04
2.95179042e-01 -1.14098349e-04 3.93647757e-04
2.95586072e-01 2.26754393e-04 3.92680340e-04
2.95993099e-01 6.97160904e-04 3.96889785e-04
2.96400123e-01 -1.09224727e-04 3.91812181e-04
2.96807145e-01 2.74244721e-04 3.94409017e-04
2.97214163e-01 -6.31328900e-04 3.85142988e-04
2.97621179e-01 1.11954352e-04 3.93459131e-04
2.98028192e-01 1.80664885e-04 3.99201088e-04
2.98435202e-01 3.75522347e-04 3.93992284e-04
2.98842210e-01 2.01454241e-04 4.00554202e-04
2.99249214e-01 9.54681844e-05 4.01893730e-04
2.99656216e-01 4.21890726e-04 3.93786804e-04
3.00063215e-01 2.46047649e-04 3.92475448e-04
3.00470211e-01 3.27367187e-04 3.96748383e-04
3.00877204e-01 -5.21451918e-05 3.98459821e-04
3.01284194e-01 -3.12865340e-04 3.84698701e-04
3.01691182e-01 -3.34151925e-04 3.91029726e-04
3.02098167e-01 5.78086400e-04 3.95558812e-04
3.02505149e-01 4.01296956e-04 3.91291375e-04
3.02912128e-01 -1.25588945e-04 3.86327541e-04
3.03319104e-01 1.13496219e-04 3.95798433e-04
3.03726077e-01 2.64942530e-04 3.97958367e-04
3.04133047e-01 2.57118754e-04 4.00701404e-04
3.04540015e-01 3.06179167e-05 3.86400185e-04
3.04946979e-01 1.93910771e-04 3.87606766e-04
3.05353941e-01 -3.58069906e-04 3.96990783e-04
3.05760900e-01 -3.87782296e-04 3.88085173e-04
3.06167856e-01 1.10667676e-04 3.88991514e-04
3.06574809e-01 -4.85951349e-04 3.93884624e-04
3.06981759e-01 2.63114512e-04 3.92825295e-04
3.07388706e-01 3.95069776e-04 3.89775884e-04
3.07795651e-01 2.71665324e-04 3.84441537e-04
3.08202592e-01 -2.01961456e-05 3.89630443e-04
3.08609531e-01 5.24986863e-04 3.99357917e-04
3.09016466e-01 -6.46600108e-04 3.96133727e-04
3.09423399e-01 -6.63503749e-06 3.99011786e-04
3.09830329e-01 -3.78218893e-04 4.01177204e-04
3.10237256e-01 -3.81253340e-04 3.98080694e-04
3.10644180e-01 1.47179966e-04 4.01275735e-04
3.11051101e-01 -3.55884531e-05 4.05478428e-04
3.11458019e-01 1.81262922e-05 4.01847081e-04
3.11864934e-01 -2.57483231e-04 4.02329618e-04
3.12271846e-01 2.97573545e-04 4.10473918e-04
3.12678755e-01 5.97472660e-04 4.06871805e-04
3.13085661e-01 1.39436484e-04 3.99428141e-04
3.13492565e-01 -4.29657907e-04 3.98594259e-04
3.13899465e-01 -1.50727914e-05 4.02620478e-04
3.14306362e-01 1.67722770e-04 3.95862458e-04
3.14713257e-01 2.40231748e-04 4.03128513e-04
3.15120148e-01 3.72313627e-04 4.07179175e-04
3.15527037e-01 5.41585339e-05 4.10874823e-04
3.15933922e-01 6.74511470e-04 4.16283601e-04
3.16340805e-01 2.30015248e-04 4.49183638e-04
3.16747684e-01 2.78774649e-04 4.91090428e-04
3.17154561e-01 5.66880931e-04 5.26311286e-04
3.17561434e-01 -2.06046003e-04 5.38090594e-04
3.17968305e-01 3.91159546e-04 5.60225392e-04
3.18375172e-01 -2.22932976e-05 6.05289456e-04
3.18782037e-01 -2.85308581e-04 6.42250621e-04
3.19188898e-01 -2.07382409e-04 6.55660380e-04
3.19595757e-01 1.76189802e-03 6.91924541e-04
3.20002612e-01 9.95479328e-04 7.36090897e-04
3.20409465e-01 -5.78061614e-06 7.74976661e-04
3.20816314e-01 8.55058576e-04 8.53236591e-04
3.21223160e-01 2.69177564e-04 9.45581489e-04
3.21630004e-01 2.66233047e-03 1.10070089e-03
3.22036844e-01 -1.80331301e-03 1.19895488e-03
3.22443681e-01 2.29736695e-03 1.91624591e-03
3.22850516e-01 4.72462587e-03 5.42517179e-03
