4.08043586e-03 -4.81344189e-02 2.69642023e-02
4.48847930e-03 -2.28973438e-02 2.75214506e-02
4.89652269e-03 -2.03580203e-02 1.98980529e-02
5.30456604e-03 -2.57887295e-03 1.45996421e-02
5.71260934e-03 3.29939897e-03 1.11189304e-02
6.12065258e-03 8.93400783e-03 9.16360636e-03
6.52869577e-03 1.41847873e-02 7.34980050e-03
6.93673889e-03 2.16809881e-02 6.55256002e-03
7.34478195e-03 2.21209042e-02 6.05634007e-03
7.75282494e-03 2.07131491e-02 5.55256783e-03
8.16086785e-03 1.94260180e-02 5.06771712e-03
8.56891069e-03 1.82859921e-02 4.21096689e-03
8.97695345e-03 2.58009468e-02 4.64001970e-03
9.38499612e-03 2.44416051e-02 4.25377281e-03
9.79303870e-03 2.57472188e-02 3.73359153e-03
1.02010812e-02 2.15031311e-02 3.41541061e-03
1.06091236e-02 2.36782250e-02 3.63452417e-03
1.10171659e-02 2.31960340e-02 2.96735066e-03
1.14252081e-02 2.48995767e-02 3.46037228e-03
1.18332501e-02 2.08461369e-02 3.06258721e-03
1.22412921e-02 1.75362324e-02 2.95404741e-03
1.26493339e-02 2.17882113e-02 3.02319721e-03
1.30573757e-02 1.93750872e-02 2.55114101e-03
1.34654173e-02 1.90154276e-02 2.56338432e-03
1.38734588e-02 1.65183702e-02 2.45556284e-03
1.42815001e-02 2.20752103e-02 2.85586054e-03
1.46895413e-02 1.77357506e-02 2.66577132e-03
1.50975824e-02 2.21935164e-02 2.56122076e-03
1.55056233e-02 1.75632758e-02 2.44347368e-03
1.59136641e-02 1.59272069e-02 2.21583965e-03
1.63217047e-02 1.82501919e-02 2.40618922e-03
1.67297452e-02 1.56667581e-02 1.95207115e-03
1.71377855e-02 2.18686960e-02 2.39643964e-03
1.75458257e-02 1.69419012e-02 2.03937792e-03
1.79538657e-02 1.70380525e-02 2.10552349e-03
1.83619055e-02 1.60434936e-02 2.16699359e-03
1.87699451e-02 1.68028396e-02 2.00634954e-03
1.91779846e-02 1.52594297e-02 1.94550039e-03
1.95860239e-02 1.45758754e-02 1.95902282e-03
1.99940630e-02 1.48677589e-02 2.03097965e-03
2.04021019e-02 1.50932659e-02 2.05758461e-03
2.08101406e-02 1.41575051e-02 2.00963179e-03
2.12181791e-02 1.31904251e-02 1.94734140e-03
2.16262174e-02 1.23471910e-02 1.92471240e-03
2.20342555e-02 1.77189581e-02 1.93040556e-03
2.24422934e-02 9.98718200e-03 1.82636488e-03
2.28503311e-02 1.37303888e-02 1.81082052e-03
2.32583686e-02 1.12844038e-02 1.79220509e-03
2.36664058e-02 1.54536039e-02 1.89946290e-03
2.40744429e-02 1.25551395e-02 1.85028414e-03
2.44824797e-02 8.98726197e-03 1.77820149e-03
2.48905162e-02 1.06680431e-02 1.72503565e-03
2.52985525e-02 9.32970636e-03 1.80291679e-03
2.57065886e-02 9.27618774e-03 1.82136134e-03
2.61146245e-02 9.45797341e-03 1.79221007e-03
2.65226601e-02 9.79612964e-03 1.81970634e-03
2.69306954e-02 1.03153481e-02 1.69923313e-03
2.73387305e-02 6.78880917e-03 1.75697900e-03
2.77467653e-02 7.04684082e-03 1.73926988e-03
2.81547999e-02 8.51382444e-03 1.80306072e-03
2.85628342e-02 6.36690762e-03 1.76054356e-03
2.89708682e-02 7.16548541e-03 1.71159711e-03
2.93789020e-02 8.67381078e-03 1.76200320e-03
2.97869355e-02 5.70508928e-03 1.58338092e-03
3.01949687e-02 7.41111028e-03 1.66470146e-03
3.06030016e-02 9.64277856e-03 1.70616113e-03
3.10110342e-02 8.54614282e-03 1.60242316e-03
3.14190665e-02 6.98434515e-03 1.69946245e-03
3.18270985e-02 6.51135742e-03 1.55379296e-03
3.22351302e-02 6.19026951e-03 1.50404999e-03
3.26431617e-02 6.62264643e-03 1.56903347e-03
3.30511928e-02 5.58028196e-03 1.52071873e-03
3.34592236e-02 7.10517982e-03 1.53082814e-03
3.38672540e-02 6.99367044e-03 1.54680352e-03
3.42752842e-02 5.73327421e-03 1.49567622e-03
3.46833140e-02 7.02947172e-03 1.36780698e-03
3.50913435e-02 4.62152597e-03 1.39772817e-03
3.54993727e-02 6.37503758e-03 1.42725403e-03
3.59074015e-02 4.17262629e-03 1.44573227e-03
3.63154300e-02 4.15477494e-03 1.44880745e-03
3.67234581e-02 2.49070830e-03 1.42458659e-03
3.71314859e-02 3.55686436e-03 1.45853864e-03
3.75395134e-02 3.49080142e-03 1.39434271e-03
3.79475405e-02 6.31375020e-03 1.39680710e-03
3.83555672e-02 5.93869250e-03 1.39501161e-03
3.87635935e-02 4.82623834e-03 1.43461450e-03
3.91716195e-02 3.19547042e-03 1.33802829e-03
3.95796452e-02 3.53486512e-03 1.28062989e-03
3.99876704e-02 3.53508189e-03 1.31679386e-03
4.03956953e-02 5.15985506e-03 1.31718298e-03
4.08037198e-02 2.90690703e-03 1.32058963e-03
4.12117439e-02 3.48596337e-03 1.39449170e-03
4.16197676e-02 2.18087821e-03 1.28876394e-03
4.20277909e-02 1.92117694e-04 1.24771407e-03
4.24358138e-02 4.02779656e-03 1.33409286e-03
4.28438363e-02 5.02433829e-03 1.22353016e-03
4.32518584e-02 5.08123828e-03 1.29229674e-03
4.36598801e-02 3.99654360e-03 1.32362632e-03
4.40679014e-02 3.25069142e-03 1.26256629e-03
4.44759222e-02 1.26999103e-03 1.31016427e-03
4.48839427e-02 1.99933400e-03 1.27483033e-03
4.52919627e-02 2.12419955e-03 1.26656996e-03
4.56999823e-02 3.71068039e-03 1.22558039e-03
4.61080014e-02 4.72984349e-03 1.29445523e-03
4.65160201e-02 1.49774344e-03 1.17602826e-03
4.69240384e-02 2.02091782e-03 1.21157908e-03
4.73320562e-02 1.03531200e-03 1.17187015e-03
4.77400736e-02 1.25349262e-03 1.13519012e-03
4.81480905e-02 2.08529839e-03 1.16648086e-03
4.85561070e-02 3.05238543e-03 1.17394425e-03
4.89641230e-02 3.37153182e-03 1.18485931e-03
4.93721385e-02 1.77235678e-03 1.15354361e-03
4.97801536e-02 1.42784943e-03 1.17104394e-03
5.01881682e-02 1.48647641e-03 1.20590167e-03
5.05961823e-02 1.60565142e-03 1.14584770e-03
5.10041960e-02 2.44453389e-03 1.16299649e-03
5.14122091e-02 9.34616240e-04 1.13374168e-03
5.18202218e-02 1.11731013e-03 1.19714460e-03
5.22282340e-02 3.26325637e-03 1.16464875e-03
5.26362457e-02 1.96989403e-03 1.14157547e-03
5.30442569e-02 3.07966342e-03 1.14956287e-03
5.34522675e-02 3.01274364e-03 1.09440527e-03
5.38602777e-02 1.68077887e-03 1.11515600e-03
5.42682874e-02 2.02914294e-03 1.09889555e-03
5.46762965e-02 6.79986286e-04 1.08251548e-03
5.50843052e-02 1.40580588e-03 1.13068688e-03
5.54923133e-02 1.89442669e-03 1.08215231e-03
5.59003208e-02 5.68784649e-04 1.14111854e-03
5.63083279e-02 1.19923188e-03 1.09942597e-03
5.67163344e-02 2.67424235e-03 1.07421787e-03
5.71243404e-02 2.31167424e-03 1.14179281e-03
5.75323458e-02 1.71789466e-03 1.06452929e-03
5.79403507e-02 9.98940955e-04 1.10861723e-03
5.83483551e-02 1.21055849e-03 1.10545209e-03
5.87563588e-02 2.75282953e-03 1.14937997e-03
5.91643621e-02 1.77487701e-03 1.11593012e-03
5.95723647e-02 3.35153230e-03 1.18635970e-03
5.99803668e-02 1.51514173e-03 1.12158611e-03
6.03883684e-02 8.41827165e-04 1.13307790e-03
6.07963693e-02 1.45423547e-03 1.09939128e-03
6.12043697e-02 1.82627230e-03 1.13064764e-03
6.16123695e-02 1.77649830e-04 1.06887068e-03
6.20203687e-02 2.61182357e-03 1.11522050e-03
6.24283674e-02 9.38508504e-04 1.08422941e-03
6.28363654e-02 1.56129397e-03 1.08966327e-03
6.32443629e-02 2.76195138e-05 1.06911211e-03
6.36523597e-02 6.48733345e-04 1.04611909e-03
6.40603559e-02 4.07935879e-04 1.00148350e-03
6.44683516e-02 -1.23739307e-04 1.02080274e-03
6.48763466e-02 -2.88962198e-04 1.03784966e-03
6.52843410e-02 -1.05597712e-03 9.86054627e-04
6.56923348e-02 -1.43310137e-03 1.05222507e-03
6.61003279e-02 -2.80615774e-04 1.03806631e-03
6.65083205e-02 3.08401092e-03 1.07990528e-03
6.69163124e-02 1.63394316e-03 1.03196762e-03
6.73243036e-02 1.66665714e-03 9.95712041e-04
6.77322943e-02 3.39684287e-04 9.78602061e-04
6.81402842e-02 -5.99218594e-05 9.81730488e-04
6.85482736e-02 6.93317739e-04 1.00110578e-03
6.89562623e-02 3.60545189e-04 9.56834617e-04
6.93642503e-02 2.85048786e-03 1.00337326e-03
6.97722377e-02 3.18675054e-04 9.62830839e-04
7.01802244e-02 -2.98187522e-04 9.66556535e-04
7.05882105e-02 8.16793606e-04 9.49247463e-04
7.09961958e-02 -5.02229419e-04 9.05780706e-04
7.14041805e-02 -8.71956600e-05 9.29446001e-04
7.18121646e-02 7.92652722e-04 9.43063369e-04
7.22201479e-02 1.44549835e-03 9.77783140e-04
7.26281306e-02 9.98504410e-04 9.21299590e-04
7.30361126e-02 1.51606624e-03 9.11573889e-04
7.34440938e-02 -8.92668586e-04 9.26472448e-04
7.38520744e-02 1.81244087e-03 9.36258256e-04
7.42600543e-02 1.49128588e-04 9.60852305e-04
7.46680335e-02 2.14102890e-03 9.25749153e-04
7.50760119e-02 1.46285421e-03 9.29473313e-04
7.54839897e-02 1.06242536e-03 9.35605491e-04
7.58919667e-02 1.68026961e-03 9.11651582e-04
7.62999431e-02 8.82230666e-04 9.70782169e-04
7.67079187e-02 1.16506839e-03 9.12085153e-04
7.71158935e-02 -7.91953475e-04 9.19298584e-04
7.75238677e-02 1.04875922e-03 9.31896812e-04
7.79318411e-02 -5.22638354e-05 8.70957692e-04
7.83398137e-02 1.40282061e-03 8.83693811e-04
7.87477857e-02 9.99862426e-04 8.85142074e-04
7.91557568e-02 1.17251358e-03 8.79508351e-04
7.95637273e-02 5.56691476e-04 8.92376654e-04
7.99716969e-02 6.03452065e-04 8.80716573e-04
8.03796658e-02 9.17685824e-04 9.02915612e-04
8.07876340e-02 3.29591348e-04 8.91273069e-04
8.11956014e-02 7.66060675e-05 8.65410509e-04
8.16035680e-02 1.70968423e-03 8.79983046e-04
8.20115338e-02 2.24491109e-04 8.56807710e-04
8.24194989e-02 5.46882813e-04 8.28302248e-04
8.28274631e-02 3.51838969e-04 8.58501868e-04
8.32354266e-02 9.01532196e-04 8.64844172e-04
8.36433893e-02 6.74031414e-04 8.31467522e-04
8.40513512e-02 6.56366832e-05 8.57309016e-04
8.44593123e-02 9.60726341e-04 8.69201382e-04
8.48672727e-02 2.04416599e-03 8.68062538e-04
8.52752322e-02 1.54739350e-03 8.42434793e-04
8.56831909e-02 5.31326156e-04 8.74990467e-04
8.60911487e-02 -1.50803279e-05 8.68889928e-04
8.64991058e-02 -2.94983330e-04 8.13088863e-04
8.69070620e-02 9.24258017e-04 8.56592522e-04
8.73150175e-02 1.55326615e-03 8.47093502e-04
8.77229721e-02 1.03550045e-04 8.12984246e-04
8.81309258e-02 1.53337034e-03 8.20757342e-04
8.85388787e-02 9.84802515e-04 8.41884257e-04
8.89468308e-02 5.43777459e-04 8.22991401e-04
8.93547821e-02 -2.20122467e-04 8.39839797e-04
8.97627325e-02 2.04679111e-03 8.43298273e-04
9.01706820e-02 1.48508150e-03 8.13035791e-04
9.05786307e-02 -1.73406396e-04 8.26467689e-04
9.09865785e-02 7.74701647e-04 8.19351154e-04
9.13945255e-02 4.10944842e-04 8.01029950e-04
9.18024716e-02 -4.55781905e-04 7.85656498e-04
9.22104168e-02 3.91930869e-04 8.15226505e-04
9.26183611e-02 -4.42856378e-04 7.94299521e-04
9.30263046e-02 -8.12273108e-05 8.01049113e-04
9.34342472e-02 6.27951143e-04 8.22176061e-04
9.38421889e-02 1.32540574e-03 8.28143844e-04
9.42501297e-02 1.12917123e-03 8.33483829e-04
9.46580696e-02 1.79607520e-03 8.28768117e-04
9.50660087e-02 6.99259612e-04 8.47969409e-04
9.54739468e-02 3.17539470e-04 8.16641327e-04
9.58818840e-02 6.15115444e-04 7.73427503e-04
9.62898203e-02 -8.06329883e-05 7.91008646e-04
9.66977557e-02 9.39226812e-04 7.92770564e-04
9.71056902e-02 7.79881488e-04 7.81775116e-04
9.75136237e-02 -6.01640479e-04 7.92516758e-04
9.79215564e-02 1.02837255e-03 7.85698128e-04
9.83294881e-02 7.75705973e-04 7.89897946e-04
9.87374188e-02 1.53317151e-03 7.83255145e-04
9.91453487e-02 -9.88815850e-04 7.93923652e-04
9.95532775e-02 -7.43788336e-04 7.87966191e-04
9.99612055e-02 2.39506890e-04 7.76246452e-04
1.00369132e-01 -3.72289495e-04 7.47004071e-04
1.00777059e-01 1.02758171e-03 7.77136466e-04
1.01184984e-01 1.38790441e-05 7.69894758e-04
1.01592908e-01 1.22647601e-05 7.62614267e-04
1.02000831e-01 -6.21907769e-05 7.67642798e-04
1.02408753e-01 8.72139735e-04 7.73113239e-04
1.02816674e-01 -7.53503421e-04 7.39826598e-04
1.03224595e-01 6.88931987e-04 7.53410314e-04
1.03632514e-01 1.32405811e-04 7.66746285e-04
1.04040432e-01 -3.26783037e-04 7.55615121e-04
1.04448349e-01 2.34681163e-04 7.17333894e-04
1.04856266e-01 6.22700726e-04 7.45949947e-04
1.05264181e-01 1.83481138e-04 7.40093664e-04
1.05672095e-01 1.55262234e-03 7.43310356e-04
1.06080009e-01 7.00576529e-04 7.38677803e-04
1.06487921e-01 9.08802134e-04 7.37433821e-04
1.06895832e-01 1.72320948e-03 7.69256950e-04
1.07303743e-01 1.25891649e-03 7.51674200e-04
1.07711652e-01 3.52689580e-04 7.67923320e-04
1.08119560e-01 -3.19321380e-04 7.25196121e-04
1.08527467e-01 -8.14803023e-05 7.40931595e-04
1.08935374e-01 -1.08893559e-04 7.58209991e-04
1.09343279e-01 1.79393181e-03 7.68426018e-04
1.09751183e-01 6.95834437e-04 7.22025867e-04
1.10159086e-01 -9.85483567e-04 7.07820866e-04
1.10566988e-01 3.40950322e-04 7.25105948e-04
1.10974889e-01 7.99584379e-04 7.31516493e-04
1.11382789e-01 -3.32459676e-04 7.42325520e-04
1.11790688e-01 3.70071678e-04 7.39183009e-04
1.12198586e-01 -1.39330369e-04 7.20070250e-04
1.12606482e-01 -5.81418349e-04 7.15054773e-04
1.13014378e-01 5.88460070e-04 7.38421587e-04
1.13422273e-01 1.19622048e-03 7.45719214e-04
1.13830166e-01 -6.78561177e-05 7.38098719e-04
1.14238059e-01 1.03407749e-04 7.28834759e-04
1.14645950e-01 -2.53313889e-04 7.35783833e-04
1.15053840e-01 3.88151490e-04 7.32536363e-04
1.15461730e-01 8.40767099e-04 7.49128932e-04
1.15869618e-01 1.32454743e-03 7.49040686e-04
1.16277505e-01 2.57289105e-04 7.18354144e-04
1.16685391e-01 8.84118041e-04 7.47681097e-04
1.17093275e-01 2.90359821e-04 7.26108925e-04
1.17501159e-01 1.54462125e-03 7.62545461e-04
1.17909042e-01 1.68492912e-04 7.44115381e-04
1.18316923e-01 1.62577554e-04 7.16271056e-04
1.18724803e-01 1.13696729e-03 7.11058089e-04
1.19132683e-01 9.52036889e-04 7.16670754e-04
1.19540561e-01 1.85617613e-03 7.39581323e-04
1.19948438e-01 3.31887592e-04 7.03563777e-04
1.20356313e-01 -1.68670605e-04 6.84967953e-04
1.20764188e-01 -4.81031250e-05 7.01733376e-04
1.21172062e-01 2.14411600e-04 6.88363436e-04
1.21579934e-01 1.49407810e-03 6.98912283e-04
1.21987805e-01 3.39243566e-04 6.98628631e-04
1.22395675e-01 -2.79027147e-04 6.71988541e-04
1.22803544e-01 6.00231063e-04 6.79444325e-04
1.23211412e-01 -6.92844695e-04 6.66881255e-04
1.23619278e-01 9.29751895e-04 7.03401559e-04
1.24027144e-01 -1.09804952e-03 6.94543425e-04
1.24435008e-01 4.38155345e-04 6.70689622e-04
1.24842871e-01 -4.14349006e-04 6.85589903e-04
1.25250733e-01 -3.98142239e-04 6.75957875e-04
1.25658594e-01 7.10062629e-04 6.81884472e-04
1.26066453e-01 2.49279038e-05 6.73556723e-04
1.26474311e-01 8.36020936e-05 6.95189901e-04
1.26882168e-01 4.68632802e-04 6.79968574e-04
1.27290024e-01 1.65977464e-04 6.78062731e-04
1.27697879e-01 1.74146538e-04 6.83295147e-04
1.28105732e-01 5.90008520e-04 6.41285525e-04
1.28513585e-01 7.31435029e-04 6.77174222e-04
1.28921436e-01 7.95264768e-04 6.66934664e-04
1.29329285e-01 -1.71250359e-04 6.44296501e-04
1.29737134e-01 -4.20460115e-04 6.43103593e-04
1.30144981e-01 -2.09787999e-05 6.46808369e-04
1.30552828e-01 4.62169013e-04 6.58500955e-04
1.30960672e-01 9.85785812e-04 6.74380117e-04
1.31368516e-01 -7.72443693e-04 6.63058248e-04
1.31776358e-01 5.90359082e-04 6.45037900e-04
1.32184200e-01 2.88983299e-04 6.33325113e-04
1.32592039e-01 1.18528307e-03 6.48586135e-04
1.32999878e-01 9.73713792e-04 6.49972854e-04
1.33407715e-01 2.20746287e-03 6.52591305e-04
1.33815552e-01 1.30181471e-03 6.41953501e-04
1.34223386e-01 9.52056586e-05 6.51603916e-04
1.34631220e-01 -4.33288918e-04 6.31654232e-04
1.35039052e-01 4.06336235e-04 6.64844871e-04
1.35446883e-01 6.99741906e-04 6.39641481e-04
1.35854713e-01 4.04723796e-04 6.36504086e-04
1.36262541e-01 3.24313899e-04 6.47636202e-04
1.36670368e-01 7.33633304e-04 6.26524043e-04
1.37078194e-01 8.98589072e-04 6.37645192e-04
1.37486019e-01 1.19638374e-05 6.41838136e-04
1.37893842e-01 2.11925273e-04 6.36635798e-04
1.38301664e-01 1.75905970e-04 6.32664664e-04
1.38709485e-01 3.31616974e-04 6.24340273e-04
1.39117304e-01 9.01278258e-04 6.35310663e-04
1.39525122e-01 -5.74843509e-04 6.23529430e-04
1.39932939e-01 1.06208926e-05 6.17500693e-04
1.40340754e-01 -1.62032152e-03 6.05752271e-04
1.40748568e-01 -6.03991683e-04 6.20099474e-04
1.41156381e-01 3.94917216e-04 6.19542996e-04
1.41564192e-01 -4.66971092e-05 6.26851554e-04
1.41972002e-01 -2.10367029e-04 6.15679782e-04
1.42379811e-01 1.03720496e-03 6.42403566e-04
1.42787618e-01 6.12935972e-05 6.18203866e-04
1.43195424e-01 8.10311656e-04 6.41792252e-04
1.43603228e-01 1.12968673e-03 6.37068282e-04
1.44011032e-01 -8.40338649e-04 6.30064294e-04
1.44418833e-01 -1.27636668e-04 6.40352794e-04
1.44826634e-01 2.53787568e-04 6.40403702e-04
1.45234433e-01 6.20689334e-04 6.16025720e-04
1.45642231e-01 6.42147770e-04 6.11589884e-04
1.46050027e-01 1.19541561e-03 6.21873559e-04
1.46457822e-01 -3.74252579e-04 6.44416971e-04
1.46865616e-01 -4.63266392e-04 6.24406549e-04
1.47273408e-01 5.34703620e-04 6.38426835e-04
1.47681199e-01 1.46632488e-03 6.26886727e-04
1.48088988e-01 9.09777803e-04 6.39167650e-04
1.48496776e-01 6.97049564e-04 6.37881661e-04
1.48904563e-01 7.15960740e-04 6.27240635e-04
1.49312348e-01 2.96514968e-04 6.22406310e-04
1.49720132e-01 8.75183101e-04 6.35783576e-04
1.50127914e-01 9.49915191e-04 6.09151019e-04
1.50535695e-01 2.44951725e-05 6.07633494e-04
1.50943474e-01 5.40612391e-04 6.15934196e-04
1.51351252e-01 7.63139860e-04 6.11580723e-04
1.51759029e-01 4.64524945e-04 6.07149679e-04
1.52166804e-01 -5.49364643e-05 6.08299428e-04
1.52574578e-01 1.28546313e-03 6.15004658e-04
1.52982350e-01 7.08909208e-04 6.04883789e-04
1.53390121e-01 -7.47756190e-05 5.85066643e-04
1.53797890e-01 -6.17528983e-04 6.03562016e-04
1.54205658e-01 3.49920632e-04 5.97125021e-04
1.54613425e-01 -1.60171128e-04 6.11226575e-04
1.55021190e-01 3.36740799e-04 6.09032431e-04
1.55428953e-01 6.33565098e-04 5.93066666e-04
1.55836716e-01 7.10030583e-04 6.02623230e-04
1.56244476e-01 8.33456901e-06 5.91908128e-04
1.56652235e-01 -4.08609813e-04 5.81503148e-04
1.57059993e-01 -4.88186316e-04 5.90617199e-04
1.57467749e-01 -1.09467236e-04 5.86279126e-04
1.57875504e-01 3.43177921e-04 5.83674762e-04
1.58283257e-01 6.94325432e-04 5.82580832e-04
1.58691008e-01 -1.72988444e-04 5.78882046e-04
1.59098758e-01 7.48366195e-04 5.83439674e-04
1.59506507e-01 -4.47478561e-04 5.65768897e-04
1.59914254e-01 3.12126746e-04 5.69364828e-04
1.60322000e-01 -4.81325087e-04 5.74114309e-04
1.60729744e-01 -4.39178351e-04 5.67096338e-04
1.61137486e-01 5.51780675e-04 5.68093032e-04
1.61545228e-01 -1.27249498e-04 5.65964241e-04
1.61952967e-01 -2.08567358e-04 5.57564045e-04
1.62360705e-01 3.72726166e-05 5.67537947e-04
1.62768441e-01 1.14712084e-03 5.59731109e-04
1.63176176e-01 6.30949876e-04 5.70396413e-04
1.63583910e-01 -4.30732148e-05 5.63325971e-04
1.63991641e-01 7.12308676e-04 5.78946592e-04
1.64399372e-01 6.19932697e-04 5.72300297e-04
1.64807100e-01 6.36160485e-04 5.51941701e-04
1.65214827e-01 -7.77870381e-05 5.91647151e-04
1.65622553e-01 7.74259917e-04 5.66672037e-04
1.66030277e-01 -4.08454725e-04 5.54689850e-04
1.66437999e-01 -7.38765432e-05 5.59625939e-04
1.66845720e-01 3.37467555e-04 5.65635553e-04
1.67253439e-01 2.16243916e-04 5.72464304e-04
1.67661157e-01 3.36458411e-04 5.62944328e-04
1.68068873e-01 8.06457870e-04 5.49465799e-04
1.68476588e-01 4.28650280e-05 5.47375703e-04
1.68884301e-01 6.84611626e-04 5.68992421e-04
1.69292012e-01 -1.69994081e-04 5.41662335e-04
1.69699721e-01 9.04149292e-04 5.46169062e-04
1.70107430e-01 -3.31975845e-04 5.59901622e-04
1.70515136e-01 -1.36028682e-04 5.39429759e-04
1.70922841e-01 2.60639745e-04 5.49187177e-04
1.71330544e-01 -4.77349438e-04 5.45537014e-04
1.71738246e-01 8.03073184e-05 5.53800866e-04
1.72145946e-01 4.93689667e-04 5.52310651e-04
1.72553644e-01 -1.35072087e-04 5.47875310e-04
1.72961341e-01 3.10359756e-04 5.46427342e-04
1.73369036e-01 5.62490970e-04 5.49728689e-04
1.73776729e-01 4.81585377e-04 5.50490607e-04
1.74184421e-01 -1.24256196e-03 5.37756275e-04
1.74592111e-01 -2.42844676e-05 5.39054769e-04
1.74999799e-01 1.86877657e-04 5.37960982e-04
1.75407486e-01 3.98590856e-04 5.52433904e-04
1.75815171e-01 1.51432104e-04 5.46114705e-04
1.76222855e-01 1.00848004e-03 5.46265345e-04
1.76630537e-01 3.62438847e-04 5.29351519e-04
1.77038217e-01 4.04485712e-04 5.40051922e-04
1.77445895e-01 4.19327924e-04 5.37503595e-04
1.77853572e-01 8.19185647e-04 5.34086062e-04
1.78261247e-01 -7.90198215e-04 5.29618123e-04
1.78668921e-01 -9.93501530e-04 5.39178614e-04
1.79076592e-01 5.42307843e-04 5.22020363e-04
1.79484262e-01 3.78712773e-04 5.18744925e-04
1.79891931e-01 6.43001190e-04 5.29924808e-04
1.80299597e-01 1.07813195e-03 5.26548657e-04
1.80707262e-01 -1.58653656e-04 5.25683320e-04
1.81114925e-01 8.18341412e-04 5.36712451e-04
1.81522587e-01 -3.21422142e-04 5.15213016e-04
1.81930247e-01 8.07650339e-04 5.16562635e-04
1.82337905e-01 8.55520656e-04 5.29265639e-04
1.82745561e-01 -2.49715513e-04 5.33458183e-04
1.83153215e-01 7.66277324e-04 5.22921310e-04
1.83560868e-01 6.58642790e-05 5.25259640e-04
1.83968519e-01 3.92195360e-04 5.23763078e-04
1.84376169e-01 -2.55926878e-04 5.21540912e-04
1.84783816e-01 4.65877443e-04 5.13999521e-04
1.85191462e-01 2.68103246e-04 5.15019151e-04
1.85599106e-01 5.50526336e-04 5.20355433e-04
1.86006749e-01 -4.18104961e-04 5.34050411e-04
1.86414389e-01 1.15002798e-03 5.33904720e-04
1.86822028e-01 -2.18108365e-04 5.15261731e-04
1.87229665e-01 8.12844433e-04 5.21318105e-04
1.87637300e-01 2.04211041e-04 5.01430837e-04
1.88044934e-01 1.25282500e-03 5.22787977e-04
1.88452566e-01 9.35794047e-04 5.13991338e-04
1.88860195e-01 1.91111839e-04 5.04058238e-04
1.89267824e-01 1.85370332e-04 5.04288600e-04
1.89675450e-01 1.81864084e-04 5.05963319e-04
1.90083074e-01 -5.09211972e-05 5.11111459e-04
1.90490697e-01 5.50240548e-04 5.29461906e-04
1.90898318e-01 5.50704223e-04 5.20292618e-04
1.91305937e-01 1.50147343e-04 5.02891852e-04
1.91713555e-01 1.47179255e-03 5.07667342e-04
1.92121170e-01 3.76861964e-04 5.00868000e-04
1.92528784e-01 4.97373047e-04 5.06466407e-04
1.92936396e-01 1.28819333e-04 5.07992431e-04
1.93344006e-01 5.34339655e-04 5.16561698e-04
1.93751614e-01 2.24315826e-04 5.09166937e-04
1.94159220e-01 6.59825903e-04 5.00175646e-04
1.94566825e-01 1.66309321e-05 5.04402280e-04
1.94974427e-01 6.19159132e-04 5.12009261e-04
1.95382028e-01 -5.81183100e-05 4.96105516e-04
1.95789627e-01 -3.21657271e-04 4.91242552e-04
1.96197224e-01 9.27384585e-04 4.95629634e-04
1.96604820e-01 3.73109920e-04 4.85785538e-04
1.97012413e-01 1.03274156e-03 4.96215816e-04
1.97420005e-01 3.41039928e-04 5.08179749e-04
1.97827594e-01 5.19804138e-04 5.11489810e-04
1.98235182e-01 -6.67510416e-05 5.05121507e-04
1.98642768e-01 3.33920158e-04 5.08477582e-04
1.99050352e-01 1.01852979e-03 5.05959412e-04
1.99457934e-01 -7.21598254e-04 5.01479150e-04
1.99865514e-01 4.64254611e-04 5.01383215e-04
2.00273093e-01 7.15327509e-04 5.19459820e-04
2.00680669e-01 -4.04870094e-04 5.02064040e-04
2.01088244e-01 5.82488506e-04 5.10980415e-04
2.01495816e-01 -5.12592136e-04 5.09656692e-04
2.01903387e-01 -5.86870462e-04 5.04037112e-04
2.02310956e-01 4.90253870e-04 5.10763250e-04
2.02718523e-01 -4.64175118e-04 5.08355828e-04
2.03126088e-01 -3.31805697e-04 5.12281727e-04
2.03533651e-01 1.18492954e-03 5.21485928e-04
2.03941212e-01 4.91669078e-05 5.10066372e-04
2.04348771e-01 -5.79358119e-05 5.05772294e-04
2.04756329e-01 9.16973493e-04 5.08098850e-04
2.05163884e-01 5.67616230e-04 4.94423735e-04
2.05571438e-01 -3.12577467e-06 5.04439393e-04
2.05978989e-01 8.32611031e-04 4.96752007e-04
2.06386539e-01 -2.53134745e-04 4.95297124e-04
2.06794086e-01 -1.17702399e-04 4.96290948e-04
2.07201632e-01 5.69683606e-04 4.89434532e-04
2.07609175e-01 2.22290045e-04 4.92118107e-04
2.08016717e-01 4.52665392e-04 4.82095377e-04
2.08424257e-01 3.76814554e-04 4.91815092e-04
2.08831794e-01 2.19376027e-04 4.82253765e-04
2.09239330e-01 2.80284989e-06 4.82777725e-04
2.09646864e-01 -1.68797160e-04 4.82007423e-04
2.10054396e-01 -3.18665306e-04 4.83262405e-04
2.10461925e-01 1.80889566e-04 4.86166598e-04
2.10869453e-01 -8.21031561e-05 4.86058100e-04
2.11276979e-01 1.25903043e-04 4.83350723e-04
2.11684503e-01 -1.39915613e-04 4.87663478e-04
2.12092025e-01 6.67623218e-04 4.81464613e-04
2.12499544e-01 9.88503603e-05 4.79265315e-04
2.12907062e-01 1.56613064e-05 4.81139814e-04
2.13314578e-01 -1.91601451e-04 4.69327100e-04
2.13722092e-01 -8.37910551e-05 4.74242486e-04
2.14129603e-01 -7.44789541e-04 4.71268290e-04
2.14537113e-01 5.00405142e-04 4.75922222e-04
2.14944621e-01 1.11203666e-03 4.76988465e-04
2.15352126e-01 1.18734059e-03 4.82292518e-04
2.15759630e-01 2.97964906e-04 4.76888777e-04
2.16167131e-01 4.59758542e-04 4.68469102e-04
2.16574631e-01 6.02699767e-04 4.68713087e-04
2.16982128e-01 1.78750574e-04 4.77285354e-04
2.17389624e-01 -5.23186751e-04 4.68708957e-04
2.17797117e-01 3.15281233e-04 4.71614420e-04
2.18204608e-01 9.21374958e-05 4.85941526e-04
2.18612098e-01 -7.64302002e-04 4.57781522e-04
2.19019585e-01 3.91135049e-04 4.69698334e-04
2.19427070e-01 1.00476006e-03 4.70588431e-04
2.19834553e-01 -1.96063693e-04 4.65061416e-04
2.20242034e-01 -1.06132760e-04 4.68965629e-04
2.20649512e-01 3.54091532e-04 4.64606387e-04
2.21056989e-01 -1.38758112e-04 4.64294577e-04
2.21464464e-01 -5.60594708e-04 4.66575142e-04
2.21871936e-01 -5.09164301e-04 4.58892805e-04
2.22279407e-01 1.78320969e-04 4.68472795e-04
2.22686875e-01 4.74546466e-04 4.57953867e-04
2.23094341e-01 -4.95873650e-04 4.58539868e-04
2.23501805e-01 5.45825030e-04 4.66659283e-04
2.23909267e-01 -4.83722867e-04 4.71312860e-04
2.24316727e-01 2.80062597e-04 4.68697768e-04
2.24724185e-01 -9.64700387e-05 4.58339501e-04
2.25131641e-01 1.40446102e-04 4.51945358e-04
2.25539094e-01 7.32376134e-04 4.64453886e-04
2.25946545e-01 -1.33374590e-04 4.51051161e-04
2.26353995e-01 4.04387355e-04 4.50046875e-04
2.26761442e-01 -7.78474805e-05 4.38862396e-04
2.27168887e-01 -6.50990120e-04 4.49737857e-04
2.27576329e-01 -1.49577628e-04 4.51550025e-04
2.27983770e-01 5.01465668e-04 4.54752394e-04
2.28391208e-01 3.30093317e-04 4.51501352e-04
2.28798645e-01 5.84324258e-05 4.55042184e-04
2.29206079e-01 -4.03981745e-04 4.57142678e-04
2.29613511e-01 -2.89963610e-04 4.60147772e-04
2.30020941e-01 3.91703439e-04 4.61820670e-04
2.30428368e-01 4.48112407e-04 4.71359189e-04
2.30835794e-01 1.44413575e-04 4.61077136e-04
2.31243217e-01 5.80663313e-05 4.61400279e-04
2.31650638e-01 6.33346306e-04 4.68232261e-04
2.32058057e-01 7.61927485e-05 4.72270789e-04
2.32465473e-01 -3.94676959e-04 4.67611216e-04
2.32872888e-01 8.97122208e-04 4.77443063e-04
2.33280300e-01 3.76820604e-04 4.71806236e-04
2.33687710e-01 9.59310022e-04 4.70592809e-04
2.34095118e-01 3.99995671e-04 4.81113241e-04
2.34502524e-01 2.92504768e-04 4.62249205e-04
2.34909927e-01 5.35964326e-04 4.71495973e-04
2.35317328e-01 7.33999410e-04 4.63139342e-04
2.35724727e-01 -5.74145029e-04 4.59745697e-04
2.36132124e-01 2.14318818e-05 4.59061905e-04
2.36539518e-01 8.15941250e-04 4.55502895e-04
2.36946911e-01 2.94967293e-04 4.46012318e-04
2.37354301e-01 6.68523022e-04 4.51917585e-04
2.37761688e-01 -4.89830962e-04 4.53913677e-04
2.38169074e-01 5.55093594e-04 4.57450307e-04
2.38576457e-01 6.07736134e-05 4.47620642e-04
2.38983838e-01 2.09371519e-04 4.48367611e-04
2.39391217e-01 2.54204830e-04 4.43978051e-04
2.39798593e-01 6.29453528e-04 4.47877375e-04
2.40205967e-01 3.93641358e-04 4.50147094e-04
2.40613339e-01 -6.07813045e-04 4.41690522e-04
2.41020709e-01 -1.13096711e-04 4.35531615e-04
2.41428076e-01 1.39945508e-03 4.52487126e-04
2.41835441e-01 2.44924350e-04 4.50867158e-04
2.42242804e-01 -3.62207437e-04 4.43715152e-04
2.42650165e-01 -3.67380877e-04 4.49310633e-04
2.43057523e-01 7.07360214e-04 4.56384848e-04
2.43464879e-01 1.11434040e-03 4.47891280e-04
2.43872232e-01 -2.23840924e-04 4.36619174e-04
2.44279584e-01 7.16983053e-04 4.32293439e-04
2.44686933e-01 -3.50501587e-04 4.30586053e-04
2.45094279e-01 2.82656344e-04 4.26335783e-04
2.45501624e-01 -4.57613285e-04 4.34142676e-04
2.45908966e-01 -4.96760261e-04 4.31406151e-04
2.46316305e-01 -1.94305383e-04 4.29883414e-04
2.46723643e-01 -2.53519484e-04 4.38782659e-04
2.47130978e-01 5.01817610e-04 4.39197502e-04
2.47538310e-01 -3.25349423e-04 4.29651087e-04
2.47945641e-01 -1.38167049e-04 4.32793678e-04
2.48352969e-01 -7.20574041e-06 4.36598467e-04
2.48760294e-01 -5.59403005e-04 4.27645939e-04
2.49167618e-01 4.22642941e-04 4.32544108e-04
2.49574939e-01 1.82403089e-05 4.25089880e-04
2.49982257e-01 5.41933171e-04 4.26590220e-04
2.50389573e-01 4.36465118e-04 4.37853069e-04
2.50796887e-01 -2.27990873e-05 4.30498410e-04
2.51204199e-01 2.07819918e-04 4.29845960e-04
2.51611508e-01 7.46089502e-04 4.30067261e-04
2.52018815e-01 -3.60415392e-04 4.19642442e-04
2.52426119e-01 1.40717383e-04 4.18274556e-04
2.52833421e-01 -7.62337275e-05 4.24825280e-04
2.53240720e-01 3.40619120e-04 4.27297312e-04
2.53648017e-01 5.60132718e-04 4.39733317e-04
2.54055312e-01 6.82311540e-04 4.27359555e-04
2.54462605e-01 5.35775272e-05 4.30042487e-04
2.54869894e-01 1.95682413e-04 4.21352048e-04
2.55277182e-01 -2.67988160e-04 4.28423703e-04
2.55684467e-01 -8.33846803e-04 4.12184555e-04
2.56091750e-01 -5.01924880e-05 4.18232637e-04
2.56499030e-01 8.28852578e-04 4.30100192e-04
2.56906308e-01 7.13561084e-05 4.28057803e-04
2.57313583e-01 2.02618147e-04 4.18557488e-04
2.57720856e-01 -2.87410234e-04 4.23233551e-04
2.58128127e-01 -5.70605007e-04 4.10027738e-04
2.58535395e-01 1.99292312e-04 4.24515236e-04
2.58942661e-01 3.09477951e-04 4.14916742e-04
2.59349924e-01 -2.47190646e-04 4.22813475e-04
2.59757184e-01 4.63725403e-04 4.19391537e-04
2.60164443e-01 1.42294091e-04 4.25617825e-04
2.60571699e-01 2.18077767e-04 4.25021325e-04
2.60978952e-01 3.66555257e-04 4.27289873e-04
2.61386203e-01 5.87020619e-04 4.24369926e-04
2.61793451e-01 -4.08281580e-04 4.12675632e-04
2.62200697e-01 4.96087347e-05 4.23475786e-04
2.62607941e-01 2.70685963e-04 4.22596184e-04
2.63015182e-01 3.28634045e-04 4.18589338e-04
2.63422420e-01 -2.79352140e-04 4.19692361e-04
2.63829656e-01 -3.47015286e-05 4.17053275e-04
2.64236890e-01 -6.99194524e-04 4.04723157e-04
2.64644121e-01 4.72005217e-04 4.14004175e-04
2.65051349e-01 6.97759654e-04 4.23080052e-04
2.65458575e-01 -5.61158041e-04 4.06223152e-04
2.65865799e-01 5.98502118e-04 4.11827077e-04
2.66273019e-01 3.22845346e-04 4.15650956e-04
2.66680238e-01 -5.34439837e-05 4.09201499e-04
2.67087454e-01 6.01692666e-05 4.02996699e-04
2.67494667e-01 -2.18361175e-04 4.12655484e-04
2.67901878e-01 6.80102021e-04 4.08363842e-04
2.68309086e-01 4.97498320e-04 4.09229533e-04
2.68716292e-01 2.29052480e-04 4.03964314e-04
2.69123495e-01 -2.10708428e-04 4.09271542e-04
2.69530696e-01 2.60732999e-04 4.05393526e-04
2.69937894e-01 -2.15966069e-04 4.06860875e-04
2.70345090e-01 2.86454346e-04 4.09903211e-04
2.70752283e-01 -5.66286685e-04 3.98981443e-04
2.71159473e-01 4.18691635e-04 4.03405742e-04
2.71566661e-01 4.43319216e-04 4.00036572e-04
2.71973847e-01 2.11016702e-04 4.06042841e-04
2.72381030e-01 4.10343335e-04 4.13424129e-04
2.72788210e-01 4.58197740e-04 4.00984332e-04
2.73195387e-01 6.86434272e-05 4.02495666e-04
2.73602562e-01 -1.59125935e-04 3.99386852e-04
2.74009735e-01 -5.71455126e-04 4.03352402e-04
2.74416905e-01 -3.87155542e-04 3.92022687e-04
2.74824072e-01 -2.44243292e-04 3.97434288e-04
2.75231237e-01 5.84580879e-04 3.98642418e-04
2.75638399e-01 8.30162629e-05 3.96058099e-04
2.76045558e-01 1.11663214e-04 3.96764899e-04
2.76452715e-01 6.93340539e-04 3.95859046e-04
2.76859869e-01 2.46657742e-04 3.97179459e-04
2.77267021e-01 -4.53368180e-05 3.97776455e-04
2.77674170e-01 2.42578791e-04 3.96332406e-04
2.78081316e-01 -2.92655999e-04 3.89221660e-04
2.78488460e-01 2.34031744e-04 3.91964334e-04
2.78895601e-01 -7.41472466e-05 3.93919208e-04
2.79302740e-01 -3.03710171e-05 3.95699364e-04
2.79709875e-01 -2.42750727e-04 3.89095461e-04
2.80117009e-01 -2.37979569e-05 3.93341803e-04
2.80524139e-01 7.49968342e-04 3.99903372e-04
2.80931267e-01 9.36173915e-04 4.03555541e-04
2.81338392e-01 4.46438528e-04 4.00664654e-04
2.81745515e-01 -1.73852822e-04 3.89243944e-04
2.82152635e-01 2.28499437e-04 3.90672650e-04
2.82559752e-01 -3.64940309e-04 3.94954643e-04
2.82966866e-01 -5.40996133e-04 3.93516767e-04
2.83373978e-01 -4.57651875e-04 3.92724075e-04
2.83781088e-01 2.17126527e-05 3.90651213e-04
2.84188194e-01 8.99973314e-04 3.96874859e-04
2.84595298e-01 -5.62654700e-06 4.02377767e-04
2.85002399e-01 2.80644670e-04 3.99809557e-04
2.85409497e-01 2.56521806e-04 3.98134565e-04
2.85816593e-01 -5.38330728e-04 3.86372302e-04
2.86223686e-01 2.39435815e-04 3.93583723e-04
2.86630777e-01 -3.65505670e-04 3.95233780e-04
2.87037864e-01 4.95639339e-05 3.95888640e-04
2.87444949e-01 -3.41207789e-04 3.92948562e-04
2.87852031e-01 1.48837649e-04 3.98213778e-04
2.88259111e-01 -5.83983967e-05 4.00740950e-04
2.88666188e-01 6.78228397e-04 3.96592031e-04
2.89073262e-01 1.19524784e-03 4.02817423e-04
2.89480333e-01 1.27937971e-04 4.10897859e-04
2.89887401e-01 5.69226930e-04 4.01632776e-04
2.90294467e-01 3.31271061e-05 3.99396388e-04
2.90701530e-01 7.38097605e-04 4.04303718e-04
2.91108591e-01 1.57871703e-04 3.90633366e-04
2.91515648e-01 2.69874564e-04 3.98357089e-04
2.91922703e-01 4.35993616e-04 3.98236305e-04
2.92329755e-01 -6.29202021e-04 3.96686131e-04
2.92736804e-01 6.28987619e-05 3.92325175e-04
2.93143851e-01 -2.81578890e-04 3.93593225e-04
2.93550895e-01 2.57832982e-04 3.91851045e-04
2.93957936e-01 3.95746318e-04 3.84479140e-04
2.94364974e-01 -1.45915822e-04 3.86312899e-04
2.94772009e-01 5.26027016e-04 4.02746518e-04
2.95179042e-01 8.33691205e-04 3.91697876e-04
2.95586072e-01 6.52481419e-04 3.92810122e-04
2.95993099e-01 -5.54604565e-05 3.91376581e-04
2.96400123e-01 -1.16795966e-03 3.90678552e-04
2.96807145e-01 -2.53513359e-04 3.92989819e-04
2.97214163e-01 2.94963154e-04 3.89970801e-04
2.97621179e-01 6.75801251e-04 3.97003324e-04
2.98028192e-01 4.33921374e-05 3.92370866e-04
2.98435202e-01 -1.74748281e-04 3.94352855e-04
2.98842210e-01 3.03270781e-04 3.92973919e-04
2.99249214e-01 6.46312342e-04 3.99549113e-04
2.99656216e-01 -2.63989661e-04 3.89303630e-04
3.00063215e-01 -2.17853035e-04 3.94356266e-04
3.00470211e-01 5.08589837e-04 3.99749817e-04
3.00877204e-01 1.25318302e-04 3.93922145e-04
3.01284194e-01 7.03335947e-04 4.03213482e-04
3.01691182e-01 -3.56022233e-04 3.91965015e-04
3.02098167e-01 -2.74355378e-04 3.97080100e-04
3.02505149e-01 3.86232815e-04 3.93635394e-04
3.02912128e-01 1.56046852e-04 3.92688564e-04
3.03319104e-01 1.56572423e-04 3.90490471e-04
3.03726077e-01 3.44323274e-04 3.90062761e-04
3.04133047e-01 1.10389990e-04 3.94466035e-04
3.04540015e-01 1.15538135e-04 3.88372622e-04
3.04946979e-01 -1.00701978e-04 3.89203040e-04
3.05353941e-01 3.66255406e-04 3.92015926e-04
3.05760900e-01 -7.43269937e-04 3.89295408e-04
3.06167856e-01 5.67549400e-04 3.91526556e-04
3.06574809e-01 -2.17136912e-04 3.91465875e-04
3.06981759e-01 -2.54336249e-04 3.80644572e-04
3.07388706e-01 2.63455854e-04 3.95030690e-04
3.07795651e-01 4.11829595e-04 3.90316619e-04
3.08202592e-01 -2.02900910e-04 3.96335103e-04
3.08609531e-01 5.85981796e-04 4.03684492e-04
3.09016466e-01 2.56019789e-05 3.99936422e-04
3.09423399e-01 -2.43885533e-04 3.99367243e-04
3.09830329e-01 1.96603453e-04 4.05018614e-04
3.10237256e-01 -8.08492982e-05 4.02040512e-04
3.10644180e-01 4.59751180e-04 4.05844758e-04
3.11051101e-01 8.48785944e-04 4.01542223e-04
3.11458019e-01 1.42783154e-04 4.07940228e-04
3.11864934e-01 2.61332364e-04 4.02650115e-04
3.12271846e-01 1.95397935e-04 3.93846149e-04
3.12678755e-01 2.85651291e-04 3.99009966e-04
3.13085661e-01 -1.62719941e-04 4.04280634e-04
3.13492565e-01 1.81007489e-04 3.98313893e-04
3.13899465e-01 2.27776263e-04 4.10431738e-04
3.14306362e-01 4.81092959e-04 4.04726696e-04
3.14713257e-01 4.89467981e-04 4.06751861e-04
3.15120148e-01 7.40263520e-04 3.97337687e-04
3.15527037e-01 4.02832125e-05 4.02566608e-04
3.15933922e-01 8.17306464e-04 4.14047004e-04
3.16340805e-01 2.47252630e-04 4.50840965e-04
3.16747684e-01 3.81190610e-04 4.85129512e-04
3.17154561e-01 4.68833217e-04 4.99944850e-04
3.17561434e-01 -4.16252341e-04 5.37855706e-04
3.17968305e-01 -2.18378920e-04 5.67317451e-04
3.18375172e-01 7.06492092e-04 6.12270610e-04
3.18782037e-01 6.22500135e-04 6.42428769e-04
3.19188898e-01 3.18949208e-05 6.21253749e-04
3.19595757e-01 1.51973175e-03 6.69202453e-04
3.20002612e-01 6.99209670e-04 7.16228707e-04
3.20409465e-01 4.35679622e-04 7.50551438e-04
3.20816314e-01 -2.07274737e-04 8.26149685e-04
3.21223160e-01 1.24814953e-04 9.54860688e-04
3.21630004e-01 3.89501769e-04 1.04857833e-03
3.22036844e-01 9.60251447e-04 1.24409981e-03
3.22443681e-01 -1.24738348e-04 1.81303863e-03
3.22850516e-01 -4.72399314e-03 5.41753196e-03
