4.08043586e-03 -1.20957243e-01 2.81800063e-02
4.48847930e-03 -9.85526161e-02 2.74548039e-02
4.89652269e-03 -7.22872388e-02 1.97704583e-02
5.30456604e-03 -5.15357880e-02 1.42162917e-02
5.71260934e-03 -4.16572214e-02 1.09819460e-02
6.12065258e-03 -3.52229541e-02 8.47860100e-03
6.52869577e-03 -2.77189089e-02 7.25179767e-03
6.93673889e-03 -2.37403955e-02 6.24162225e-03
7.34478195e-03 -2.21805351e-02 5.53097244e-03
7.75282494e-03 -1.33035001e-02 5.22104785e-03
8.16086785e-03 -1.04019971e-02 4.94247751e-03
8.56891069e-03 -1.40559107e-02 4.30651148e-03
8.97695345e-03 -9.30883478e-03 3.88860137e-03
9.38499612e-03 -9.67840729e-03 3.81869502e-03
9.79303870e-03 -7.18670802e-03 3.75870486e-03
1.02010812e-02 -2.52642893e-03 3.24391710e-03
1.06091236e-02 -2.85916838e-03 3.19958728e-03
1.10171659e-02 -3.32038735e-03 2.64891406e-03
1.14252081e-02 -1.54063532e-03 3.27374643e-03
1.18332501e-02 -9.88358386e-03 2.87172522e-03
1.22412921e-02 -6.20449199e-03 2.69452342e-03
1.26493339e-02 -3.42424472e-03 2.40455064e-03
1.30573757e-02 -4.29506229e-03 2.56282574e-03
1.34654173e-02 6.06581854e-03 2.57724999e-03
1.38734588e-02 -7.48306882e-04 2.47438521e-03
1.42815001e-02 -2.20773420e-03 2.49699256e-03
1.46895413e-02 -2.07585754e-03 2.30394099e-03
1.50975824e-02 -3.91171159e-03 2.15369794e-03
1.55056233e-02 -4.53724177e-03 1.96483339e-03
1.59136641e-02 -4.58745324e-04 1.92877032e-03
1.63217047e-02 4.10818755e-03 2.14464245e-03
1.67297452e-02 1.53324141e-03 2.06825270e-03
1.71377855e-02 1.99073529e-03 2.01093774e-03
1.75458257e-02 1.70333829e-03 2.13661930e-03
1.79538657e-02 1.62866779e-03 1.97591929e-03
1.83619055e-02 1.53331848e-03 1.87479231e-03
1.87699451e-02 -1.43166038e-03 1.86801278e-03
1.91779846e-02 -3.50907268e-03 2.00093907e-03
1.95860239e-02 -1.21354322e-04 1.91756963e-03
1.99940630e-02 -1.21368241e-03 1.80360535e-03
2.04021019e-02 3.50140594e-03 1.95840212e-03
2.08101406e-02 3.69617599e-04 1.81066998e-03
2.12181791e-02 4.04908360e-04 1.83830640e-03
2.16262174e-02 -1.66161787e-03 1.75789624e-03
2.20342555e-02 4.70845549e-04 1.70752392e-03
2.24422934e-02 -1.09262670e-03 1.79265887e-03
2.28503311e-02 7.93656640e-04 1.73861442e-03
2.32583686e-02 2.57233420e-05 1.74165255e-03
2.36664058e-02 2.54358921e-03 1.73100249e-03
2.40744429e-02 -8.78028362e-05 1.64310518e-03
2.44824797e-02 7.40923557e-04 1.55339196e-03
2.48905162e-02 2.95460868e-03 1.58760241e-03
2.52985525e-02 1.23223338e-03 1.71537268e-03
2.57065886e-02 1.77691584e-03 1.65783246e-03
2.61146245e-02 -8.42061722e-04 1.70054945e-03
2.65226601e-02 3.69190474e-04 1.67860954e-03
2.69306954e-02 1.54125869e-04 1.58844024e-03
2.73387305e-02 2.54382967e-04 1.60396451e-03
2.77467653e-02 9.41168164e-04 1.72987751e-03
2.81547999e-02 -3.92788262e-04 1.65552255e-03
2.85628342e-02 -5.03276109e-04 1.68283811e-03
2.89708682e-02 2.41626420e-03 1.73991360e-03
2.93789020e-02 -3.84406999e-04 1.68418892e-03
2.97869355e-02 2.51953815e-03 1.63994016e-03
3.01949687e-02 1.23103612e-03 1.74097788e-03
3.06030016e-02 3.68841080e-03 1.59732660e-03
3.10110342e-02 -2.30226533e-04 1.60477784e-03
3.14190665e-02 2.04718389e-03 1.58365666e-03
3.18270985e-02 3.39488506e-04 1.49735747e-03
3.22351302e-02 1.77573565e-03 1.50559977e-03
3.26431617e-02 -1.10956157e-03 1.39090291e-03
3.30511928e-02 -1.72040424e-03 1.43460662e-03
3.34592236e-02 -2.23894916e-03 1.37039617e-03
3.38672540e-02 -1.86764759e-03 1.36679725e-03
3.42752842e-02 2.21893847e-03 1.38812327e-03
3.46833140e-02 1.83434503e-04 1.38397093e-03
3.50913435e-02 3.18868894e-04 1.36105560e-03
3.54993727e-02 -2.32983722e-04 1.33704618e-03
3.59074015e-02 -2.10250353e-03 1.31849173e-03
3.63154300e-02 9.09524196e-04 1.44914284e-03
3.67234581e-02 -1.75309434e-03 1.37243549e-03
3.71314859e-02 -1.38940785e-03 1.39292139e-03
3.75395134e-02 7.87283984e-04 1.36747411e-03
3.79475405e-02 8.47695788e-04 1.38594434e-03
3.83555672e-02 4.05792140e-05 1.35672522e-03
3.87635935e-02 -1.38013629e-03 1.32990826e-03
3.91716195e-02 3.01461889e-03 1.38728817e-03
3.95796452e-02 -5.58139679e-05 1.27751369e-03
3.99876704e-02 9.46433904e-04 1.26316469e-03
4.03956953e-02 -3.36640789e-05 1.30505852e-03
4.08037198e-02 9.58853648e-04 1.33334077e-03
4.12117439e-02 -3.55706240e-03 1.24261060e-03
4.16197676e-02 8.50426289e-04 1.24316617e-03
4.20277909e-02 2.78761328e-04 1.27182136e-03
4.24358138e-02 9.99042625e-04 1.22468484e-03
4.28438363e-02 5.94864208e-04 1.24826240e-03
4.32518584e-02 7.19004313e-04 1.22080341e-03
4.36598801e-02 1.31809523e-03 1.22925551e-03
4.40679014e-02 1.19976674e-03 1.23220854e-03
4.44759222e-02 1.71042719e-03 1.27185041e-03
4.48839427e-02 -1.70461730e-03 1.17796662e-03
4.52919627e-02 -9.89359767e-04 1.15574847e-03
4.56999823e-02 4.65238733e-05 1.18734626e-03
4.61080014e-02 1.01593613e-03 1.20374110e-03
4.65160201e-02 1.81634567e-03 1.21005111e-03
4.69240384e-02 1.02329979e-03 1.18327042e-03
4.73320562e-02 -1.26715479e-04 1.13080290e-03
4.77400736e-02 -1.22391322e-03 1.16473721e-03
4.81480905e-02 2.08678852e-04 1.20013048e-03
4.85561070e-02 5.85043929e-04 1.15339373e-03
4.89641230e-02 2.02165879e-03 1.20052729e-03
4.93721385e-02 -1.07167771e-05 1.16014869e-03
4.97801536e-02 -8.75282602e-04 1.19834261e-03
5.01881682e-02 -3.30986596e-04 1.10915119e-03
5.05961823e-02 -2.11049235e-04 1.13160437e-03
5.10041960e-02 1.25690458e-04 1.09342180e-03
5.14122091e-02 7.90418908e-04 1.08652428e-03
5.18202218e-02 -4.89168790e-05 1.14647706e-03
5.22282340e-02 5.65505738e-04 1.14641968e-03
5.26362457e-02 1.65775931e-03 1.16509681e-03
5.30442569e-02 -7.32854644e-04 1.09195110e-03
5.34522675e-02 -2.76267470e-04 1.05973846e-03
5.38602777e-02 -1.78151061e-03 1.10242716e-03
5.42682874e-02 1.61997407e-04 1.09914186e-03
5.46762965e-02 -1.67264342e-03 1.05523811e-03
5.50843052e-02 -6.02247692e-04 1.04703762e-03
5.54923133e-02 5.12408215e-04 1.11378893e-03
5.59003208e-02 1.50107307e-04 1.06118095e-03
5.63083279e-02 7.63121694e-04 1.10499438e-03
5.67163344e-02 1.66641132e-03 1.14814530e-03
5.71243404e-02 -1.42186772e-03 1.05378889e-03
5.75323458e-02 -1.21575409e-03 1.08922235e-03
5.79403507e-02 -1.76014104e-03 1.12529846e-03
5.83483551e-02 7.46762420e-04 1.07183314e-03
5.87563588e-02 4.71373512e-04 1.11921626e-03
5.91643621e-02 -2.36426050e-04 1.07879588e-03
5.95723647e-02 1.30447554e-03 1.12080792e-03
5.99803668e-02 1.15051953e-03 1.10676883e-03
6.03883684e-02 -1.73856546e-03 1.09044747e-03
6.07963693e-02 7.34083629e-04 1.10929845e-03
6.12043697e-02 5.24529692e-04 1.09407385e-03
6.16123695e-02 1.16097525e-03 1.09604816e-03
6.20203687e-02 -7.18293615e-04 1.07670929e-03
6.24283674e-02 -8.60297752e-04 1.08855791e-03
6.28363654e-02 5.21138839e-04 1.03926575e-03
6.32443629e-02 -3.66796054e-05 1.03644818e-03
6.36523597e-02 1.30177332e-03 1.07443242e-03
6.40603559e-02 -1.00632976e-04 1.04795322e-03
6.44683516e-02 -4.21564413e-04 1.00980389e-03
6.48763466e-02 -2.52173510e-04 1.00187828e-03
6.52843410e-02 1.20997052e-04 1.01494578e-03
6.56923348e-02 8.69835339e-04 1.05596241e-03
6.61003279e-02 6.37064430e-04 1.00238648e-03
6.65083205e-02 1.13452539e-03 1.01649136e-03
6.69163124e-02 2.87207305e-04 9.82831946e-04
6.73243036e-02 4.05300785e-05 1.02365305e-03
6.77322943e-02 -5.96667866e-04 9.88120355e-04
6.81402842e-02 5.93478522e-04 9.54684430e-04
6.85482736e-02 5.01522624e-04 9.81174684e-04
6.89562623e-02 -2.05326854e-04 1.02124334e-03
6.93642503e-02 -5.90057677e-04 9.96440924e-04
6.97722377e-02 -1.48299761e-03 9.58243726e-04
7.01802244e-02 -8.23434336e-04 9.42986582e-04
7.05882105e-02 -3.52250869e-05 9.61498306e-04
7.09961958e-02 -1.14098961e-03 9.29594012e-04
7.14041805e-02 3.20805918e-05 9.93268583e-04
7.18121646e-02 3.70632657e-04 9.18869598e-04
7.22201479e-02 -4.56317060e-04 9.23346940e-04
7.26281306e-02 7.23967591e-05 9.57107228e-04
7.30361126e-02 9.38799864e-04 9.23650698e-04
7.34440938e-02 -6.68766805e-04 9.18122582e-04
7.38520744e-02 -1.64329755e-04 9.04563467e-04
7.42600543e-02 7.28115369e-04 9.35230936e-04
7.46680335e-02 -8.36053695e-04 9.03138567e-04
7.50760119e-02 -2.47206157e-04 9.14789479e-04
7.54839897e-02 1.16864252e-03 9.26554853e-04
7.58919667e-02 1.95965709e-03 9.37831755e-04
7.62999431e-02 5.35925109e-04 9.34217721e-04
7.67079187e-02 -4.92394049e-04 9.24529068e-04
7.71158935e-02 4.37579353e-04 9.33792494e-04
7.75238677e-02 1.65589502e-03 9.49439645e-04
7.79318411e-02 1.84766373e-03 9.34839945e-04
7.83398137e-02 -1.32741319e-03 8.79454887e-04
7.87477857e-02 5.82058971e-04 8.77730235e-04
7.91557568e-02 -1.37574735e-04 8.90556920e-04
7.95637273e-02 -5.47025323e-04 8.76546256e-04
7.99716969e-02 -1.40341920e-03 8.89845430e-04
8.03796658e-02 1.21181229e-04 9.01388470e-04
8.07876340e-02 -5.93291002e-04 8.58595547e-04
8.11956014e-02 4.93786521e-04 8.50364652e-04
8.16035680e-02 1.17967654e-03 8.53840151e-04
8.20115338e-02 -3.32113874e-04 8.45300520e-04
8.24194989e-02 6.27732933e-05 8.26894342e-04
8.28274631e-02 -7.94149207e-04 8.48003594e-04
8.32354266e-02 4.83986693e-04 8.72446567e-04
8.36433893e-02 4.19151462e-04 8.50456161e-04
8.40513512e-02 -5.36536602e-04 8.38346251e-04
8.44593123e-02 1.93862872e-04 8.21521895e-04
8.48672727e-02 -1.03788464e-03 8.35456475e-04
8.52752322e-02 -1.42253553e-03 8.43283607e-04
8.56831909e-02 -5.12417895e-04 8.09266197e-04
8.60911487e-02 -9.19853211e-04 8.56901677e-04
8.64991058e-02 -1.80944838e-03 8.23550855e-04
8.69070620e-02 -3.64703670e-04 8.44458123e-04
8.73150175e-02 -5.00850527e-04 8.52352763e-04
8.77229721e-02 4.73189654e-04 8.41907102e-04
8.81309258e-02 1.45569075e-03 8.38655015e-04
8.85388787e-02 7.44516795e-05 8.18840171e-04
8.89468308e-02 1.95559888e-04 8.42219166e-04
8.93547821e-02 -9.33714280e-05 8.20931977e-04
8.97627325e-02 1.47831505e-03 8.48570069e-04
9.01706820e-02 -7.18832296e-04 8.08449158e-04
9.05786307e-02 7.37369947e-04 8.31662269e-04
9.09865785e-02 -1.23176815e-04 8.20387974e-04
9.13945255e-02 1.98009950e-04 8.27405939e-04
9.18024716e-02 -9.09941002e-04 8.01505168e-04
9.22104168e-02 7.29841661e-04 8.19976824e-04
9.26183611e-02 6.42495599e-04 8.29675169e-04
9.30263046e-02 -5.49090821e-04 8.21920687e-04
9.34342472e-02 -6.85869977e-04 8.22782648e-04
9.38421889e-02 -2.09728658e-04 8.16261033e-04
9.42501297e-02 7.55183512e-04 8.52512893e-04
9.46580696e-02 1.24371949e-04 8.42436668e-04
9.50660087e-02 1.72826932e-04 8.37501367e-04
9.54739468e-02 -1.19788041e-03 7.89794624e-04
9.58818840e-02 -6.82181628e-04 7.53946993e-04
9.62898203e-02 9.23583817e-04 8.05016998e-04
9.66977557e-02 8.70903666e-04 7.86212386e-04
9.71056902e-02 -3.12885151e-05 8.14606307e-04
9.75136237e-02 -3.24020698e-04 7.78347397e-04
9.79215564e-02 2.28693597e-04 8.18511384e-04
9.83294881e-02 -6.58262489e-04 7.95072270e-04
9.87374188e-02 1.09371096e-04 7.77541000e-04
9.91453487e-02 4.37035692e-04 7.93718876e-04
9.95532775e-02 1.16641304e-03 7.85296511e-04
9.99612055e-02 9.46021163e-04 7.87758545e-04
1.00369132e-01 9.21731379e-04 7.67174406e-04
1.00777059e-01 5.49983767e-04 7.91502962e-04
1.01184984e-01 -5.50817235e-04 7.68925192e-04
1.01592908e-01 5.14451882e-04 7.55425765e-04
1.02000831e-01 -6.32457632e-04 7.50522456e-04
1.02408753e-01 4.03189789e-04 7.40993067e-04
1.02816674e-01 1.07680444e-03 7.25474968e-04
1.03224595e-01 8.76942030e-04 7.30013789e-04
1.03632514e-01 -9.24559924e-04 7.51979814e-04
1.04040432e-01 1.58438013e-03 7.48490892e-04
1.04448349e-01 9.41773157e-04 7.32631690e-04
1.04856266e-01 8.60340169e-04 7.23013012e-04
1.05264181e-01 1.72598935e-03 7.47119781e-04
1.05672095e-01 9.24021551e-05 7.20288827e-04
1.06080009e-01 2.27300808e-04 7.52576993e-04
1.06487921e-01 3.62165263e-04 7.43557497e-04
1.06895832e-01 9.35238780e-04 7.48835524e-04
1.07303743e-01 -4.70713525e-04 7.05968993e-04
1.07711652e-01 6.00618954e-04 7.75590461e-04
1.08119560e-01 -9.07089703e-04 7.43930644e-04
1.08527467e-01 2.52337147e-04 7.53302764e-04
1.08935374e-01 -4.36355608e-04 7.54741005e-04
1.09343279e-01 2.38650272e-04 7.54006166e-04
1.09751183e-01 3.51501969e-04 7.51584248e-04
1.10159086e-01 3.30381333e-04 7.29753664e-04
1.10566988e-01 -4.89315688e-04 7.16901294e-04
1.10974889e-01 -5.00146968e-04 6.95586434e-04
1.11382789e-01 -8.38462091e-04 7.20674423e-04
1.11790688e-01 1.53623919e-03 7.35826274e-04
1.12198586e-01 -1.05201671e-03 7.47040778e-04
1.12606482e-01 2.35951443e-04 7.42860822e-04
1.13014378e-01 1.01707839e-03 7.45272486e-04
1.13422273e-01 6.28829245e-04 7.49926849e-04
1.13830166e-01 7.26334740e-04 7.53294661e-04
1.14238059e-01 -1.83795847e-04 7.28676573e-04
1.14645950e-01 -6.26981785e-04 7.35722996e-04
1.15053840e-01 6.40542839e-05 7.44057718e-04
1.15461730e-01 7.23672399e-04 7.34084569e-04
1.15869618e-01 -6.22131368e-05 7.40336378e-04
1.16277505e-01 -1.15836841e-04 7.21785243e-04
1.16685391e-01 -1.09837841e-03 7.40755851e-04
1.17093275e-01 -5.53503393e-04 7.48038318e-04
1.17501159e-01 5.50455603e-04 7.56274427e-04
1.17909042e-01 1.07116123e-03 7.43812014e-04
1.18316923e-01 -4.10150762e-04 7.41346620e-04
1.18724803e-01 -8.77639665e-04 7.51507129e-04
1.19132683e-01 5.14332240e-04 7.26800874e-04
1.19540561e-01 1.65010605e-03 7.18334187e-04
1.19948438e-01 1.46989491e-03 7.17019267e-04
1.20356313e-01 -8.43315512e-05 6.92163175e-04
1.20764188e-01 3.06821810e-04 7.25733922e-04
1.21172062e-01 4.55059667e-04 7.14058587e-04
1.21579934e-01 -2.13410643e-04 7.06619617e-04
1.21987805e-01 4.76249065e-04 6.87403278e-04
1.22395675e-01 2.98021707e-04 6.78862766e-04
1.22803544e-01 -5.98991597e-04 6.67557344e-04
1.23211412e-01 1.84390174e-04 6.62657554e-04
1.23619278e-01 -2.00870669e-04 6.75310263e-04
1.24027144e-01 3.06037206e-04 6.91048728e-04
1.24435008e-01 3.98866308e-04 6.93573020e-04
1.24842871e-01 1.13541772e-03 6.94451213e-04
1.25250733e-01 -8.13209737e-04 6.69447806e-04
1.25658594e-01 8.10803835e-04 6.79675178e-04
1.26066453e-01 -6.75115276e-04 6.81222636e-04
1.26474311e-01 -2.35693209e-04 6.72177591e-04
1.26882168e-01 2.52616922e-04 6.86588161e-04
1.27290024e-01 3.67973173e-04 6.87653231e-04
1.27697879e-01 -3.99187387e-05 6.72962457e-04
1.28105732e-01 -1.14446901e-05 6.76646161e-04
1.28513585e-01 1.54745874e-04 6.61727079e-04
1.28921436e-01 4.10308577e-04 6.66315291e-04
1.29329285e-01 1.77727170e-04 6.46834806e-04
1.29737134e-01 -8.31337737e-05 6.61889373e-04
1.30144981e-01 7.13901289e-04 6.35575169e-04
1.30552828e-01 -7.33734292e-04 6.44688153e-04
1.30960672e-01 -4.04925447e-04 6.56314868e-04
1.31368516e-01 5.07985880e-04 6.57078627e-04
1.31776358e-01 -6.25954279e-05 6.52879549e-04
1.32184200e-01 9.50570861e-04 6.48128109e-04
1.32592039e-01 8.25982339e-04 6.58993762e-04
1.32999878e-01 5.04458998e-04 6.52539107e-04
1.33407715e-01 4.81094855e-04 6.30163788e-04
1.33815552e-01 1.09537589e-03 6.50185306e-04
1.34223386e-01 3.93731176e-05 6.38711187e-04
1.34631220e-01 4.85836698e-04 6.47132098e-04
1.35039052e-01 1.48472225e-04 6.63306414e-04
1.35446883e-01 -6.21600925e-04 6.44432723e-04
1.35854713e-01 7.02832038e-04 6.36820148e-04
1.36262541e-01 1.08793443e-03 6.47907770e-04
1.36670368e-01 -2.99401913e-05 6.19687979e-04
1.37078194e-01 -4.37442922e-05 6.22693782e-04
1.37486019e-01 1.71383271e-04 6.34840796e-04
1.37893842e-01 8.02465732e-04 6.31624489e-04
1.38301664e-01 7.08645166e-04 6.26240167e-04
1.38709485e-01 -3.61486114e-04 5.94135264e-04
1.39117304e-01 -2.66099627e-04 6.25263941e-04
1.39525122e-01 6.62081581e-04 6.37932967e-04
1.39932939e-01 -2.04685403e-04 6.40101774e-04
1.40340754e-01 -4.96212608e-04 6.33177798e-04
1.40748568e-01 4.90854616e-04 6.28410500e-04
1.41156381e-01 -3.38107467e-04 6.08705696e-04
1.41564192e-01 -2.74927950e-04 6.06251653e-04
1.41972002e-01 9.35022172e-04 6.12795167e-04
1.42379811e-01 -3.98475374e-04 6.23508081e-04
1.42787618e-01 -1.30429941e-04 6.00641491e-04
1.43195424e-01 9.42436854e-04 6.38345487e-04
1.43603228e-01 2.81191249e-04 6.35164931e-04
1.44011032e-01 1.68092937e-04 6.24632682e-04
1.44418833e-01 -8.23656124e-04 6.19902091e-04
1.44826634e-01 1.25303568e-03 6.26455933e-04
1.45234433e-01 2.01098908e-03 6.49069698e-04
1.45642231e-01 2.60788547e-04 6.26117717e-04
1.46050027e-01 2.74827246e-04 6.32000666e-04
1.46457822e-01 -2.84330275e-04 6.25466159e-04
1.46865616e-01 5.05784384e-04 6.40999454e-04
1.47273408e-01 3.79283790e-04 6.32507716e-04
1.47681199e-01 -8.62263564e-04 6.24082395e-04
1.48088988e-01 -7.17745838e-04 6.22250598e-04
1.48496776e-01 1.18211489e-03 6.50559953e-04
1.48904563e-01 5.90397164e-05 6.08324700e-04
1.49312348e-01 3.82527930e-04 6.19578365e-04
1.49720132e-01 1.29928114e-04 6.13982814e-04
1.50127914e-01 -3.07337472e-05 6.24907350e-04
1.50535695e-01 9.00857358e-04 5.92877876e-04
1.50943474e-01 5.58107933e-04 6.09375424e-04
1.51351252e-01 2.93978609e-04 5.93488258e-04
1.51759029e-01 -1.12209872e-03 6.02227349e-04
1.52166804e-01 -1.73288699e-04 6.14961012e-04
1.52574578e-01 6.45493946e-04 6.00740268e-04
1.52982350e-01 5.71165362e-04 6.03864340e-04
1.53390121e-01 5.03214938e-05 5.95243824e-04
1.53797890e-01 1.22765336e-03 5.99337094e-04
1.54205658e-01 6.37399182e-04 6.05829004e-04
1.54613425e-01 -3.73556494e-04 5.74944620e-04
1.55021190e-01 2.85450691e-04 5.88208006e-04
1.55428953e-01 -1.70369663e-04 5.96911194e-04
1.55836716e-01 -1.31877786e-04 5.94358894e-04
1.56244476e-01 1.27585062e-03 6.13079700e-04
1.56652235e-01 -3.53740805e-04 5.81016028e-04
1.57059993e-01 -3.66166629e-05 5.78822246e-04
1.57467749e-01 6.70189426e-04 5.72640545e-04
1.57875504e-01 -6.81243375e-05 5.70574320e-04
1.58283257e-01 1.16587096e-03 5.91776137e-04
1.58691008e-01 8.50722046e-04 5.71471252e-04
1.59098758e-01 -6.95831813e-04 5.70884064e-04
1.59506507e-01 5.46674072e-04 5.74260690e-04
1.59914254e-01 -1.24161078e-05 5.67342446e-04
1.60322000e-01 6.05899767e-04 5.65191595e-04
1.60729744e-01 4.20002308e-04 5.78348539e-04
1.61137486e-01 -7.19899202e-05 5.69026048e-04
1.61545228e-01 -1.29546571e-04 5.63816732e-04
1.61952967e-01 -9.88214642e-05 5.62612534e-04
1.62360705e-01 7.92519075e-04 5.79042900e-04
1.62768441e-01 6.14214609e-04 5.78000695e-04
1.63176176e-01 6.84254507e-04 5.66391822e-04
1.63583910e-01 1.52835822e-04 5.58528136e-04
1.63991641e-01 -7.45224560e-04 5.67210198e-04
1.64399372e-01 -5.06186608e-04 5.72142983e-04
1.64807100e-01 8.39174676e-04 5.55192559e-04
1.65214827e-01 5.26661884e-05 5.72443679e-04
1.65622553e-01 1.00253403e-03 5.66982623e-04
1.66030277e-01 2.08396688e-04 5.74262937e-04
1.66437999e-01 -1.98418033e-04 5.86908429e-04
1.66845720e-01 1.68698077e-04 5.57326811e-04
1.67253439e-01 1.40615357e-04 5.55996608e-04
1.67661157e-01 1.30108693e-03 5.58582044e-04
1.68068873e-01 1.18117897e-03 5.55473650e-04
1.68476588e-01 9.16674517e-05 5.57246850e-04
1.68884301e-01 6.56568941e-04 5.60179539e-04
1.69292012e-01 -1.21660296e-05 5.53152779e-04
1.69699721e-01 5.41894145e-04 5.53299492e-04
1.70107430e-01 5.22364697e-04 5.48431583e-04
1.70515136e-01 1.02992830e-04 5.53373061e-04
1.70922841e-01 3.62128569e-04 5.53601156e-04
1.71330544e-01 1.34794825e-03 5.45419043e-04
1.71738246e-01 1.24849155e-04 5.62780440e-04
1.72145946e-01 2.66232287e-05 5.58142765e-04
1.72553644e-01 -7.59461131e-04 5.48221737e-04
1.72961341e-01 -2.89466636e-04 5.55048437e-04
1.73369036e-01 7.95779135e-04 5.50656897e-04
1.73776729e-01 4.73304958e-04 5.38438183e-04
1.74184421e-01 -3.94052311e-05 5.37394764e-04
1.74592111e-01 6.11286846e-04 5.59891023e-04
1.74999799e-01 3.66104152e-04 5.43466343e-04
1.75407486e-01 -2.34229069e-04 5.29403351e-04
1.75815171e-01 9.31882372e-06 5.32306974e-04
1.76222855e-01 1.32260716e-04 5.38420055e-04
1.76630537e-01 2.86507194e-04 5.36996427e-04
1.77038217e-01 -3.11829954e-04 5.34190262e-04
1.77445895e-01 3.38431221e-04 5.35106989e-04
1.77853572e-01 2.20990818e-04 5.42081103e-04
1.78261247e-01 -9.01827241e-05 5.38812674e-04
1.78668921e-01 3.78631040e-04 5.30467242e-04
1.79076592e-01 -1.16526456e-04 5.31549008e-04
1.79484262e-01 2.27148080e-05 5.37939304e-04
1.79891931e-01 -2.00614486e-04 5.28727235e-04
1.80299597e-01 -4.29795792e-05 5.23961096e-04
1.80707262e-01 5.49664161e-04 5.35486557e-04
1.81114925e-01 5.65007649e-04 5.37992309e-04
1.81522587e-01 9.01059578e-04 5.15504179e-04
1.81930247e-01 2.36471321e-04 5.23688609e-04
1.82337905e-01 4.44246660e-05 5.22364973e-04
1.82745561e-01 1.76769081e-04 5.26647433e-04
1.83153215e-01 5.53606567e-04 5.32963417e-04
1.83560868e-01 -1.50518625e-04 5.13613323e-04
1.83968519e-01 2.48424905e-04 5.18134940e-04
1.84376169e-01 -1.88868802e-04 5.19513204e-04
1.84783816e-01 2.48564798e-05 5.17269811e-04
1.85191462e-01 1.15878896e-04 5.15475402e-04
1.85599106e-01 2.76629255e-04 5.18564265e-04
1.86006749e-01 9.40146865e-07 5.23866366e-04
1.86414389e-01 -4.01217322e-04 5.21995262e-04
1.86822028e-01 3.78564535e-04 5.19818086e-04
1.87229665e-01 2.17715292e-04 5.14929447e-04
1.87637300e-01 -3.31203082e-04 5.04008537e-04
1.88044934e-01 1.25538584e-03 5.24278006e-04
1.88452566e-01 8.88603441e-05 5.19462459e-04
1.88860195e-01 4.26338621e-04 5.17802385e-04
1.89267824e-01 -7.78867207e-05 4.98202233e-04
1.89675450e-01 6.13412592e-04 5.17518908e-04
1.90083074e-01 3.72633863e-04 4.94525669e-04
1.90490697e-01 -9.47102671e-04 4.97438752e-04
1.90898318e-01 -4.06657459e-04 5.00696857e-04
1.91305937e-01 -1.00369819e-04 5.06100902e-04
1.91713555e-01 5.14698083e-04 4.98230393e-04
1.92121170e-01 2.17701448e-05 5.03117524e-04
1.92528784e-01 1.72239251e-04 5.07216253e-04
1.92936396e-01 7.57464235e-04 5.11631227e-04
1.93344006e-01 -8.98627912e-05 5.01115454e-04
1.93751614e-01 4.41160460e-04 4.99949819e-04
1.94159220e-01 -5.15129230e-04 4.85098939e-04
1.94566825e-01 3.27627170e-04 4.92190983e-04
1.94974427e-01 1.90992181e-04 4.97810591e-04
1.95382028e-01 1.01102378e-04 4.98223350e-04
1.95789627e-01 -1.18002401e-04 4.91414611e-04
1.96197224e-01 -3.18690286e-05 4.97783958e-04
1.96604820e-01 2.07535738e-04 4.92991928e-04
1.97012413e-01 -1.33118453e-04 4.97014908e-04
1.97420005e-01 3.76267637e-04 5.04511976e-04
1.97827594e-01 -3.37450209e-05 5.02806785e-04
1.98235182e-01 -1.73038388e-04 4.90149898e-04
1.98642768e-01 3.85297446e-04 5.04029567e-04
1.99050352e-01 7.54602342e-04 5.02117471e-04
1.99457934e-01 1.26108279e-03 5.06821804e-04
1.99865514e-01 -5.00483516e-06 5.03068408e-04
2.00273093e-01 4.76756278e-04 5.06610481e-04
2.00680669e-01 4.49483148e-04 5.08338012e-04
2.01088244e-01 -8.71483780e-04 5.00686474e-04
2.01495816e-01 -1.77651043e-04 5.19590255e-04
2.01903387e-01 -2.88610224e-04 5.00961014e-04
2.02310956e-01 -1.74315716e-05 5.03970520e-04
2.02718523e-01 8.79324259e-04 5.17324848e-04
2.03126088e-01 -4.76113716e-05 5.25556968e-04
2.03533651e-01 -1.10039771e-04 5.12574771e-04
2.03941212e-01 5.12590257e-04 5.12883692e-04
2.04348771e-01 4.61426597e-04 4.93577244e-04
2.04756329e-01 1.51009862e-04 5.08699047e-04
2.05163884e-01 1.55894624e-04 4.86553781e-04
2.05571438e-01 8.26581614e-04 4.96815197e-04
2.05978989e-01 7.52913600e-04 5.02492726e-04
2.06386539e-01 -3.42848419e-05 4.98606605e-04
2.06794086e-01 -4.30385077e-05 4.87934736e-04
2.07201632e-01 1.35763399e-03 4.94519790e-04
2.07609175e-01 6.95071900e-06 4.89218381e-04
2.08016717e-01 -1.41804721e-05 4.97236239e-04
2.08424257e-01 5.20978935e-05 4.91341678e-04
2.08831794e-01 3.36299119e-04 4.83840570e-04
2.09239330e-01 4.00171717e-04 4.91656492e-04
2.09646864e-01 4.26280140e-04 4.78786793e-04
2.10054396e-01 4.63571999e-04 4.91930441e-04
2.10461925e-01 5.92012983e-04 4.90381736e-04
2.10869453e-01 -3.92338276e-04 4.76916774e-04
2.11276979e-01 2.53951696e-04 4.85116811e-04
2.11684503e-01 4.13837269e-04 4.76940381e-04
2.12092025e-01 1.14461526e-03 4.88425187e-04
2.12499544e-01 -9.92836980e-05 4.81144020e-04
2.12907062e-01 5.46035726e-04 4.71925694e-04
2.13314578e-01 3.24259950e-04 4.90582599e-04
2.13722092e-01 -1.31531286e-04 4.68558869e-04
2.14129603e-01 -7.74319938e-04 4.70533011e-04
2.14537113e-01 -1.84528432e-04 4.69813509e-04
2.14944621e-01 3.03549999e-04 4.75538286e-04
2.15352126e-01 4.03657251e-04 4.76118554e-04
2.15759630e-01 1.10621182e-03 4.80825535e-04
2.16167131e-01 7.39205297e-04 4.73774785e-04
2.16574631e-01 -2.02830722e-04 4.78649096e-04
2.16982128e-01 6.32793123e-04 4.72641812e-04
2.17389624e-01 5.48333365e-04 4.69734772e-04
2.17797117e-01 -2.53272593e-05 4.68413867e-04
2.18204608e-01 1.55189663e-04 4.68565718e-04
2.18612098e-01 4.62690818e-04 4.66274063e-04
2.19019585e-01 -1.52521781e-04 4.60253982e-04
2.19427070e-01 -2.68721687e-04 4.53868193e-04
2.19834553e-01 -1.51515087e-04 4.69561170e-04
2.20242034e-01 7.78306421e-05 4.73905546e-04
2.20649512e-01 4.74788513e-04 4.63876975e-04
2.21056989e-01 -3.38333516e-04 4.64845060e-04
2.21464464e-01 -2.16103203e-04 4.60176279e-04
2.21871936e-01 6.11867317e-04 4.71045227e-04
2.22279407e-01 4.84848500e-04 4.57720912e-04
2.22686875e-01 4.56220800e-04 4.66407030e-04
2.23094341e-01 7.04335128e-04 4.67215368e-04
2.23501805e-01 -1.95024165e-04 4.60940140e-04
2.23909267e-01 1.99297356e-04 4.69431790e-04
2.24316727e-01 5.41651992e-04 4.60586723e-04
2.24724185e-01 -5.00616383e-05 4.59229393e-04
2.25131641e-01 -1.05065155e-04 4.53183844e-04
2.25539094e-01 -1.05907197e-03 4.62570033e-04
2.25946545e-01 -4.75673698e-04 4.64306160e-04
2.26353995e-01 -2.51788302e-04 4.57387659e-04
2.26761442e-01 5.20274398e-04 4.60059473e-04
2.27168887e-01 2.11764485e-04 4.64362925e-04
2.27576329e-01 1.33966379e-03 4.47824757e-04
2.27983770e-01 3.45345143e-04 4.62011191e-04
2.28391208e-01 4.51140583e-04 4.56044067e-04
2.28798645e-01 4.32911819e-04 4.54554192e-04
2.29206079e-01 2.77774558e-04 4.48730150e-04
2.29613511e-01 1.83103609e-04 4.68413424e-04
2.30020941e-01 7.18102291e-04 4.64887890e-04
2.30428368e-01 8.43424758e-04 4.67237690e-04
2.30835794e-01 7.31991477e-04 4.72919479e-04
2.31243217e-01 2.09939927e-04 4.67410011e-04
2.31650638e-01 1.81252581e-04 4.58343079e-04
2.32058057e-01 -1.20322968e-04 4.68701759e-04
2.32465473e-01 1.94451216e-04 4.66790022e-04
2.32872888e-01 1.05407584e-04 4.70892646e-04
2.33280300e-01 9.09994622e-04 4.73825596e-04
2.33687710e-01 8.19847317e-05 4.57368802e-04
2.34095118e-01 -5.43417615e-04 4.55731309e-04
2.34502524e-01 -2.35984510e-04 4.61318337e-04
2.34909927e-01 1.08858218e-04 4.61379501e-04
2.35317328e-01 -3.93675118e-04 4.62081053e-04
2.35724727e-01 1.86052763e-04 4.67091853e-04
2.36132124e-01 -8.69520061e-05 4.58689463e-04
2.36539518e-01 -4.25637778e-05 4.61588904e-04
2.36946911e-01 3.32661027e-04 4.61351874e-04
2.37354301e-01 -1.34170352e-04 4.58739468e-04
2.37761688e-01 -4.08091064e-04 4.46533073e-04
2.38169074e-01 9.69748822e-05 4.47924343e-04
2.38576457e-01 7.18671510e-04 4.57135640e-04
2.38983838e-01 4.39948424e-05 4.49406806e-04
2.39391217e-01 6.02648009e-04 4.52382574e-04
2.39798593e-01 8.51389558e-04 4.50923199e-04
2.40205967e-01 2.97581745e-04 4.57820025e-04
2.40613339e-01 5.08493165e-04 4.51097777e-04
2.41020709e-01 1.62870449e-04 4.45371346e-04
2.41428076e-01 2.68453167e-04 4.46816392e-04
2.41835441e-01 5.87353921e-04 4.50981551e-04
2.42242804e-01 -1.07813621e-04 4.49517837e-04
2.42650165e-01 -1.70461025e-04 4.46281222e-04
2.43057523e-01 7.99899830e-04 4.44815995e-04
2.43464879e-01 4.12207295e-04 4.59225833e-04
2.43872232e-01 1.42826734e-04 4.39792299e-04
2.44279584e-01 6.25134262e-05 4.31462259e-04
2.44686933e-01 -4.92952137e-04 4.30537539e-04
2.45094279e-01 9.95338326e-04 4.35692177e-04
2.45501624e-01 1.93621176e-04 4.31402982e-04
2.45908966e-01 -5.82894110e-04 4.35433207e-04
2.46316305e-01 4.96990705e-04 4.32585314e-04
2.46723643e-01 -2.95542701e-04 4.37871890e-04
2.47130978e-01 3.95899317e-04 4.37462843e-04
2.47538310e-01 1.22218872e-03 4.35571673e-04
2.47945641e-01 5.23024092e-04 4.35042458e-04
2.48352969e-01 -3.26558680e-06 4.37039700e-04
2.48760294e-01 4.88364744e-04 4.30680225e-04
2.49167618e-01 3.24560630e-04 4.30339977e-04
2.49574939e-01 -1.69938626e-04 4.28249316e-04
2.49982257e-01 3.42335888e-04 4.30916021e-04
2.50389573e-01 -1.71277652e-04 4.34361662e-04
2.50796887e-01 7.95286399e-04 4.34370014e-04
2.51204199e-01 -3.75931900e-04 4.35031956e-04
2.51611508e-01 -1.18680761e-04 4.34865273e-04
2.52018815e-01 5.07261669e-04 4.22031617e-04
2.52426119e-01 7.73207016e-06 4.28367357e-04
2.52833421e-01 -1.58161730e-04 4.31914486e-04
2.53240720e-01 4.18835287e-04 4.36968888e-04
2.53648017e-01 4.29418431e-05 4.28619313e-04
2.54055312e-01 2.76337982e-04 4.29374026e-04
2.54462605e-01 6.73390350e-05 4.23442382e-04
2.54869894e-01 -9.56392598e-06 4.23184487e-04
2.55277182e-01 -5.35671294e-04 4.16035787e-04
2.55684467e-01 3.29301036e-04 4.26192919e-04
2.56091750e-01 7.72054518e-06 4.26399496e-04
2.56499030e-01 6.72439858e-04 4.17256235e-04
2.56906308e-01 -3.37061157e-04 4.14240715e-04
2.57313583e-01 -5.29620963e-05 4.17367919e-04
2.57720856e-01 3.56244624e-04 4.21600457e-04
2.58128127e-01 -1.36541408e-04 4.23355094e-04
2.58535395e-01 1.24239264e-04 4.14534515e-04
2.58942661e-01 3.68630615e-04 4.20372182e-04
2.59349924e-01 3.78244999e-04 4.22218551e-04
2.59757184e-01 6.78010307e-04 4.30119346e-04
2.60164443e-01 3.33196975e-04 4.23140934e-04
2.60571699e-01 4.58159147e-05 4.20124400e-04
2.60978952e-01 7.13326580e-04 4.17983821e-04
2.61386203e-01 5.15167596e-04 4.32384629e-04
2.61793451e-01 2.19676520e-04 4.15402827e-04
2.62200697e-01 -5.04987318e-04 4.09035913e-04
2.62607941e-01 1.44460225e-04 4.15315732e-04
2.63015182e-01 1.95763396e-04 4.21414990e-04
2.63422420e-01 7.12786684e-05 4.18938120e-04
2.63829656e-01 -1.80861927e-04 4.18031461e-04
2.64236890e-01 2.07538617e-04 4.12446502e-04
2.64644121e-01 2.27418452e-04 4.16478464e-04
2.65051349e-01 -6.44014665e-05 4.14538504e-04
2.65458575e-01 1.81248858e-04 4.14663211e-04
2.65865799e-01 5.40715550e-05 4.05115528e-04
2.66273019e-01 3.98360503e-04 4.11063756e-04
2.66680238e-01 -9.72480314e-05 4.03273595e-04
2.67087454e-01 -3.99788085e-04 4.07809633e-04
2.67494667e-01 -8.57451621e-06 4.11803391e-04
2.67901878e-01 2.54542971e-04 4.17809515e-04
2.68309086e-01 1.27540793e-04 4.07028923e-04
2.68716292e-01 4.94130677e-04 4.07272204e-04
2.69123495e-01 6.92697210e-06 4.04398684e-04
2.69530696e-01 1.86263296e-04 4.06493363e-04
2.69937894e-01 5.14556474e-04 4.07611345e-04
2.70345090e-01 5.08690428e-04 3.98576306e-04
2.70752283e-01 6.04379352e-04 4.12372451e-04
2.71159473e-01 -1.60107504e-04 4.04251789e-04
2.71566661e-01 -1.56961554e-04 4.02923471e-04
2.71973847e-01 -4.83316979e-04 4.00750286e-04
2.72381030e-01 -3.21748710e-04 4.09999101e-04
2.72788210e-01 9.19510136e-05 4.11687567e-04
2.73195387e-01 -1.29862358e-04 4.14186581e-04
2.73602562e-01 4.67349617e-04 4.03461948e-04
2.74009735e-01 2.08254780e-04 4.11216817e-04
2.74416905e-01 7.65770231e-04 4.04067842e-04
2.74824072e-01 -3.75167802e-04 3.92095430e-04
2.75231237e-01 -8.68975715e-05 3.91979210e-04
2.75638399e-01 -1.35225574e-04 4.00125222e-04
2.76045558e-01 -7.03837640e-04 3.96970682e-04
2.76452715e-01 -3.38608098e-05 3.86055546e-04
2.76859869e-01 5.76013831e-04 3.94801262e-04
2.77267021e-01 -2.14825712e-04 3.98108295e-04
2.77674170e-01 2.64273297e-04 4.00956670e-04
2.78081316e-01 6.27333087e-04 3.96979135e-04
2.78488460e-01 1.41323941e-04 3.95520075e-04
2.78895601e-01 2.95384366e-04 3.92690666e-04
2.79302740e-01 3.70419170e-05 4.01491669e-04
2.79709875e-01 5.82210901e-04 3.96249480e-04
2.80117009e-01 -4.14086214e-04 3.89166965e-04
2.80524139e-01 3.57431056e-04 3.98183888e-04
2.80931267e-01 -8.18338321e-04 3.91239566e-04
2.81338392e-01 2.20208389e-04 3.91454335e-04
2.81745515e-01 5.22323663e-04 3.86745853e-04
2.82152635e-01 5.91589611e-04 3.93224529e-04
2.82559752e-01 -6.94116169e-05 3.86683927e-04
2.82966866e-01 5.01799338e-04 4.02060877e-04
2.83373978e-01 5.37062828e-04 3.93801288e-04
2.83781088e-01 1.02978733e-04 3.90897572e-04
2.84188194e-01 -7.82885575e-04 3.85847549e-04
2.84595298e-01 3.87878130e-04 3.91961700e-04
2.85002399e-01 -2.25384013e-04 4.01863849e-04
2.85409497e-01 3.56333579e-04 3.97777326e-04
2.85816593e-01 3.54233122e-04 4.00801430e-04
2.86223686e-01 1.40767634e-04 3.95814674e-04
2.86630777e-01 -2.11653314e-04 3.97648741e-04
2.87037864e-01 4.78818813e-04 4.03781510e-04
2.87444949e-01 -4.25898823e-04 3.93508442e-04
2.87852031e-01 6.80792639e-04 4.02365178e-04
2.88259111e-01 -3.84649761e-04 3.98602602e-04
2.88666188e-01 2.30645732e-04 3.99914082e-04
2.89073262e-01 4.61334130e-05 3.92168861e-04
2.89480333e-01 -1.96343236e-05 3.94292430e-04
2.89887401e-01 2.52333707e-04 3.97647843e-04
2.90294467e-01 -2.79211566e-04 3.91105071e-04
2.90701530e-01 1.29475530e-05 3.94822256e-04
2.91108591e-01 5.24197095e-04 4.10956815e-04
2.91515648e-01 1.39778773e-04 4.00652769e-04
2.91922703e-01 4.43027330e-04 4.03701526e-04
2.92329755e-01 4.19931467e-04 3.91214860e-04
2.92736804e-01 2.06893305e-04 3.89990328e-04
2.93143851e-01 2.59343225e-04 3.91783078e-04
2.93550895e-01 7.91816608e-04 3.91721791e-04
2.93957936e-01 1.96528380e-04 3.91109147e-04
2.94364974e-01 -1.06772038e-04 3.86749984e-04
2.94772009e-01 -4.59009341e-04 3.97985711e-04
2.95179042e-01 3.55581468e-04 3.92985646e-04
2.95586072e-01 -7.62520378e-05 3.86809321e-04
2.95993099e-01 6.51767728e-04 3.97709484e-04
2.96400123e-01 -3.32031245e-04 3.93086080e-04
2.96807145e-01 -2.72886046e-04 3.93044657e-04
2.97214163e-01 -2.82997987e-04 3.96110443e-04
2.97621179e-01 2.28188179e-04 3.94579548e-04
2.98028192e-01 3.74504321e-04 3.89423862e-04
2.98435202e-01 1.92872756e-04 3.91246578e-04
2.98842210e-01 1.83210068e-05 3.92524593e-04
2.99249214e-01 2.61450876e-04 3.93533251e-04
2.99656216e-01 8.00691140e-05 3.94937454e-04
3.00063215e-01 4.79226728e-04 4.01909184e-04
3.00470211e-01 -4.41419878e-05 3.88228334e-04
3.00877204e-01 -3.23149971e-04 3.89114034e-04
3.01284194e-01 5.37167889e-05 3.96238952e-04
3.01691182e-01 2.96508549e-04 3.97725365e-04
3.02098167e-01 1.45331705e-04 3.97562782e-04
3.02505149e-01 -4.96297125e-05 3.87300197e-04
3.02912128e-01 -4.74266177e-04 3.88900509e-04
3.03319104e-01 7.34261938e-05 3.93477221e-04
3.03726077e-01 2.05362824e-04 3.92682635e-04
3.04133047e-01 2.16695327e-04 3.84141565e-04
3.04540015e-01 7.18164375e-04 3.93940221e-04
3.04946979e-01 -4.10941802e-04 3.91545249e-04
3.05353941e-01 3.27490646e-05 3.95155491e-04
3.05760900e-01 -5.80782902e-05 3.90670329e-04
3.06167856e-01 -4.44763107e-04 3.86595355e-04
3.06574809e-01 -3.08711263e-04 3.90962289e-04
3.06981759e-01 -3.45770292e-04 3.85430702e-04
3.07388706e-01 -2.90894497e-04 3.90374221e-04
3.07795651e-01 -2.32910720e-04 3.98169308e-04
3.08202592e-01 -1.20972383e-04 3.92611560e-04
3.08609531e-01 2.53339951e-04 3.98934656e-04
3.09016466e-01 1.57087482e-04 4.04320161e-04
3.09423399e-01 -5.75920374e-05 3.95881646e-04
3.09830329e-01 -1.94340884e-04 3.94275499e-04
3.10237256e-01 1.19394670e-04 4.00015502e-04
3.10644180e-01 3.54087467e-05 3.97223225e-04
3.11051101e-01 -7.53317164e-05 3.96801746e-04
3.11458019e-01 9.15883776e-04 3.99170603e-04
3.11864934e-01 2.37953534e-04 3.99993568e-04
3.12271846e-01 1.47876395e-04 4.01612754e-04
3.12678755e-01 1.23934156e-04 4.02189923e-04
3.13085661e-01 5.98163173e-04 3.98089740e-04
3.13492565e-01 1.75425866e-04 4.09541007e-04
3.13899465e-01 2.52367807e-05 4.02630433e-04
3.14306362e-01 9.71685794e-05 3.94060580e-04
3.14713257e-01 3.30538501e-04 3.96746231e-04
3.15120148e-01 1.25547253e-04 4.02788860e-04
3.15527037e-01 -2.68646623e-04 4.14444192e-04
3.15933922e-01 5.96366579e-04 4.17027589e-04
3.16340805e-01 2.56284198e-04 4.43551680e-04
3.16747684e-01 1.59374423e-04 4.85681188e-04
3.17154561e-01 4.55778890e-05 5.08481034e-04
3.17561434e-01 -9.20510302e-04 5.42965797e-04
3.17968305e-01 -7.15804181e-04 5.55283104e-04
3.18375172e-01 -4.22076811e-04 6.04649164e-04
3.18782037e-01 -2.40657398e-04 6.11869445e-04
3.19188898e-01 6.39123787e-04 6.46352745e-04
3.19595757e-01 3.55573951e-04 6.64375315e-04
3.20002612e-01 4.47500965e-04 7.03590380e-04
3.20409465e-01 -1.93846759e-03 7.62827159e-04
3.20816314e-01 -4.45046225e-04 8.33649066e-04
3.21223160e-01 1.23229143e-03 9.35134121e-04
3.21630004e-01 -2.03677870e-03 1.01525984e-03
3.22036844e-01 -2.40563325e-03 1.27872312e-03
3.22443681e-01 -1.81956654e-03 1.80164240e-03
3.22850516e-01 3.18855513e-03 8.10172406e-03
