6.30595362e-03 -7.92499099e-03 4.76152069e-02
6.72635018e-03 -2.62769963e-03 1.28086191e-02
7.14674667e-03 2.67675249e-03 7.24553815e-03
7.56714308e-03 9.47256134e-03 5.71142049e-03
7.98753943e-03 5.73050762e-03 5.01828684e-03
8.40793569e-03 1.13819225e-03 4.02884394e-03
8.82833186e-03 7.96376211e-03 3.77923980e-03
9.24872795e-03 1.24917437e-03 3.28977757e-03
9.66912395e-03 -7.59521595e-03 3.10373319e-03
1.00895198e-02 2.24399401e-04 2.69671497e-03
1.05099156e-02 2.06343750e-03 2.56623196e-03
1.09303113e-02 3.57317710e-03 2.53809583e-03
1.13507069e-02 1.69306784e-03 2.35448377e-03
1.17711024e-02 1.91353579e-04 2.39769484e-03
1.21914977e-02 -7.66783923e-04 2.57427643e-03
1.26118929e-02 3.23931495e-03 2.15184657e-03
1.30322880e-02 3.84762464e-03 2.16526383e-03
1.34526830e-02 4.54295640e-03 2.16550012e-03
1.38730778e-02 2.98013477e-03 2.08323697e-03
1.42934725e-02 2.17166622e-03 2.07914179e-03
1.47138671e-02 1.49262036e-03 2.05184761e-03
1.51342615e-02 2.03878534e-03 1.89598191e-03
1.55546557e-02 3.34946970e-03 1.86544682e-03
1.59750498e-02 1.29898633e-04 1.77015652e-03
1.63954437e-02 2.83096461e-03 1.68345186e-03
1.68158375e-02 2.53559839e-03 1.75380248e-03
1.72362311e-02 2.15125707e-03 1.73966816e-03
1.76566245e-02 1.26390084e-03 1.68803560e-03
1.80770178e-02 4.13403242e-04 1.67785356e-03
1.84974108e-02 -9.32754689e-04 1.70919036e-03
1.89178037e-02 3.21884070e-04 1.55701552e-03
1.93381964e-02 1.99574698e-03 1.51761381e-03
1.97585889e-02 3.83397064e-03 1.50904701e-03
2.01789812e-02 3.25777606e-03 1.62435476e-03
2.05993732e-02 1.19856563e-03 1.48100553e-03
2.10197651e-02 1.47672036e-03 1.40720601e-03
2.14401568e-02 2.69973594e-03 1.44330243e-03
2.18605482e-02 1.81000177e-03 1.33497278e-03
2.22809395e-02 3.02009480e-03 1.46996297e-03
2.27013305e-02 1.44495956e-03 1.51004473e-03
2.31217212e-02 4.36616115e-04 1.42370930e-03
2.35421118e-02 3.19645218e-03 1.49182807e-03
2.39625021e-02 3.05536134e-03 1.41665564e-03
2.43828922e-02 4.10494084e-03 1.45724557e-03
2.48032820e-02 2.80565939e-03 1.46240441e-03
2.52236716e-02 -6.27484497e-04 1.35703498e-03
2.56440609e-02 2.94085814e-03 1.32552799e-03
2.60644499e-02 1.33987562e-03 1.35262162e-03
2.64848387e-02 3.00439070e-03 1.33407344e-03
2.69052273e-02 4.13511776e-03 1.43297030e-03
2.73256155e-02 3.64507396e-03 1.39163485e-03
2.77460035e-02 3.05920115e-03 1.36995114e-03
2.81663912e-02 2.47840871e-03 1.38718454e-03
2.85867786e-02 -9.27132467e-04 1.36998445e-03
2.90071658e-02 1.25547288e-03 1.27296928e-03
2.94275526e-02 -1.69311733e-03 1.30100589e-03
2.98479391e-02 3.86895704e-03 1.29025778e-03
3.02683254e-02 1.77732024e-03 1.33788551e-03
3.06887113e-02 2.02094958e-03 1.33439821e-03
3.11090970e-02 5.45492042e-04 1.31629563e-03
3.15294823e-02 9.28685632e-04 1.35418770e-03
3.19498673e-02 3.38746589e-03 1.36461167e-03
3.23702519e-02 1.01717126e-03 1.37079812e-03
3.27906363e-02 2.32022256e-03 1.36800499e-03
3.32110203e-02 1.77760827e-03 1.34050587e-03
3.36314040e-02 2.18500373e-04 1.27612085e-03
3.40517873e-02 -5.76854285e-04 1.13672439e-03
3.44721703e-02 -7.37947684e-04 1.22514316e-03
3.48925530e-02 1.80590765e-03 1.22340492e-03
3.53129353e-02 3.17333726e-03 1.21201551e-03
3.57333173e-02 2.64243893e-03 1.19172181e-03
3.61536988e-02 8.64663050e-04 1.18297547e-03
3.65740801e-02 -2.90154473e-04 1.14599957e-03
3.69944609e-02 1.67070028e-03 1.12032961e-03
3.74148414e-02 -5.62367639e-05 1.11016753e-03
3.78352215e-02 2.07903672e-03 1.15531516e-03
3.82556012e-02 1.59357576e-03 1.14517545e-03
3.86759806e-02 2.07457406e-03 1.14148479e-03
3.90963595e-02 1.75224064e-03 1.12188982e-03
3.95167381e-02 2.14563045e-03 1.10707862e-03
3.99371163e-02 1.68541972e-03 1.09756885e-03
4.03574940e-02 1.77036166e-03 1.08590497e-03
4.07778714e-02 4.33747588e-05 1.03241172e-03
4.11982483e-02 1.35015005e-04 1.05739228e-03
4.16186248e-02 2.84783545e-03 1.11101875e-03
4.20390009e-02 2.80527379e-03 1.08304285e-03
4.24593766e-02 2.01781482e-03 1.04065995e-03
4.28797519e-02 1.02052186e-03 1.08661327e-03
4.33001267e-02 1.08250262e-03 1.04760610e-03
4.37205011e-02 9.66995275e-04 1.08200847e-03
4.41408750e-02 1.62697910e-03 1.03717193e-03
4.45612485e-02 2.10351717e-03 1.00239811e-03
4.49816216e-02 1.69132832e-03 1.02486319e-03
4.54019942e-02 2.29960799e-03 1.04714462e-03
4.58223663e-02 1.33284264e-03 1.09561174e-03
4.62427380e-02 1.39477285e-03 1.05989711e-03
4.66631092e-02 5.83329840e-04 1.00557674e-03
4.70834800e-02 1.22270913e-03 9.82937527e-04
4.75038502e-02 2.31263393e-03 1.05767541e-03
4.79242200e-02 2.09602572e-03 1.02344669e-03
4.83445894e-02 8.34579282e-04 1.00139512e-03
4.87649582e-02 7.67669262e-04 1.00879288e-03
4.91853265e-02 1.36247537e-03 9.97038577e-04
4.96056943e-02 5.98060898e-04 9.52140623e-04
5.00260617e-02 5.83178894e-04 9.47710652e-04
5.04464285e-02 1.54708131e-03 9.32423737e-04
5.08667948e-02 1.72680634e-03 9.38422067e-04
5.12871607e-02 2.41428185e-04 9.49261702e-04
5.17075260e-02 2.23330647e-03 9.33909339e-04
5.21278907e-02 1.24823887e-03 9.51153162e-04
5.25482550e-02 1.08931470e-03 9.58450655e-04
5.29686187e-02 1.26000551e-03 9.53261894e-04
5.33889819e-02 2.05144248e-03 9.06248559e-04
5.38093445e-02 9.91578753e-04 9.68643389e-04
5.42297066e-02 1.39579164e-03 9.51335927e-04
5.46500682e-02 -1.08818961e-04 9.02773041e-04
5.50704292e-02 1.31304200e-03 8.69357481e-04
5.54907897e-02 8.98455321e-04 9.07182638e-04
5.59111496e-02 1.09720610e-04 9.20659528e-04
5.63315089e-02 2.37115836e-03 9.34202964e-04
5.67518677e-02 1.81709456e-03 9.10887231e-04
5.71722259e-02 1.75655842e-04 9.40795276e-04
5.75925835e-02 1.49439392e-03 9.57802771e-04
5.80129405e-02 1.94988883e-03 9.27206965e-04
5.84332970e-02 1.06866851e-03 9.32036695e-04
5.88536529e-02 2.93442828e-04 9.35229372e-04
5.92740081e-02 1.09523173e-03 9.59281576e-04
5.96943628e-02 3.01491378e-03 9.66922557e-04
6.01147169e-02 1.71312218e-03 8.68172404e-04
6.05350704e-02 3.25250347e-04 9.38903954e-04
6.09554232e-02 1.02222132e-04 9.03805249e-04
6.13757755e-02 1.46804016e-03 9.72624647e-04
6.17961271e-02 1.10467455e-03 9.11168293e-04
6.22164781e-02 2.11934788e-04 9.15903999e-04
6.26368285e-02 1.93422533e-03 9.18808118e-04
6.30571783e-02 2.33822292e-03 9.48274966e-04
6.34775274e-02 1.49229835e-03 8.64758202e-04
6.38978758e-02 1.13943183e-03 8.86589280e-04
6.43182237e-02 2.32632247e-03 9.06510295e-04
6.47385709e-02 1.25195831e-03 8.72478732e-04
6.51589174e-02 -5.01746417e-04 8.78636322e-04
6.55792633e-02 -2.34689684e-04 8.70854856e-04
6.59996085e-02 8.97383097e-04 8.74428133e-04
6.64199530e-02 1.01472845e-03 8.35691983e-04
6.68402969e-02 3.24565406e-04 8.61660068e-04
6.72606401e-02 -4.35603922e-04 8.45874405e-04
6.76809827e-02 -1.45799522e-05 8.71688336e-04
6.81013245e-02 -4.88798850e-04 8.41467715e-04
6.85216657e-02 1.70776716e-03 8.42995426e-04
6.89420062e-02 -3.29530774e-05 8.18775523e-04
6.93623459e-02 1.17225861e-03 8.20873243e-04
6.97826850e-02 4.53810055e-04 8.51725119e-04
7.02030234e-02 9.89965176e-04 8.32463720e-04
7.06233611e-02 7.75165777e-04 8.27991171e-04
7.10436980e-02 1.67394117e-04 8.26524401e-04
7.14640343e-02 3.52734495e-05 7.69369811e-04
7.18843698e-02 -1.33162700e-05 7.87028239e-04
7.23047046e-02 8.21192174e-04 8.11527874e-04
7.27250387e-02 1.91416552e-04 8.07536307e-04
7.31453720e-02 2.04458750e-03 8.10003383e-04
7.35657046e-02 1.32315571e-03 8.25956159e-04
7.39860365e-02 7.98970397e-04 7.91230611e-04
7.44063676e-02 6.50167169e-04 7.75013370e-04
7.48266980e-02 -5.34766657e-04 7.75202224e-04
7.52470276e-02 7.18461523e-04 8.08946617e-04
7.56673565e-02 1.72067631e-03 7.71551453e-04
7.60876846e-02 1.22819898e-03 8.11184964e-04
7.65080119e-02 2.11249061e-03 8.05811542e-04
7.69283384e-02 -3.31982945e-04 7.97308107e-04
7.73486642e-02 1.05995685e-03 8.23301959e-04
7.77689892e-02 8.15064780e-04 7.83165288e-04
7.81893135e-02 3.48796438e-04 7.84291348e-04
7.86096369e-02 -3.70698667e-04 7.53703089e-04
7.90299595e-02 1.40906005e-03 7.57162393e-04
7.94502814e-02 -7.23914636e-04 7.58151698e-04
7.98706024e-02 -3.42352731e-04 7.24606445e-04
8.02909227e-02 1.68257846e-03 7.42535493e-04
8.07112421e-02 1.21707988e-03 7.24872251e-04
8.11315607e-02 5.81815078e-04 7.65536682e-04
8.15518785e-02 3.05387481e-04 7.34983818e-04
8.19721955e-02 1.49907308e-03 7.36836961e-04
8.23925117e-02 4.77611882e-04 7.44277740e-04
8.28128270e-02 -5.99137155e-05 7.57352741e-04
8.32331415e-02 6.21798594e-04 7.44834901e-04
8.36534552e-02 3.00881992e-04 7.63836812e-04
8.40737680e-02 8.13106266e-04 7.21324592e-04
8.44940800e-02 -4.93138413e-04 7.16064680e-04
8.49143911e-02 5.85270613e-04 7.47483211e-04
8.53347013e-02 1.11455921e-03 7.34069151e-04
8.57550107e-02 3.45455373e-04 7.43266829e-04
8.61753193e-02 -1.15469678e-03 7.26835532e-04
8.65956270e-02 1.18126727e-03 7.72001552e-04
8.70159338e-02 -1.22563986e-04 7.34889261e-04
8.74362397e-02 -1.90673158e-04 7.14843034e-04
8.78565447e-02 -4.52125692e-04 7.54969178e-04
8.82768489e-02 -1.26148434e-04 7.37126004e-04
8.86971522e-02 4.18699953e-04 7.42048707e-04
8.91174545e-02 -1.25016480e-03 7.25398205e-04
8.95377560e-02 1.72771820e-04 7.29866730e-04
8.99580566e-02 1.14634896e-03 7.22995665e-04
9.03783563e-02 -3.85306197e-04 7.00844346e-04
9.07986550e-02 2.65672321e-04 6.95432521e-04
9.12189529e-02 1.27801781e-03 6.87424041e-04
9.16392498e-02 8.08546408e-05 7.18540777e-04
9.20595458e-02 -2.93943692e-04 7.11817649e-04
9.24798409e-02 1.03374756e-03 7.26064821e-04
9.29001350e-02 7.67491453e-04 7.31339702e-04
9.33204283e-02 1.01638422e-03 7.49062975e-04
9.37407205e-02 7.88108877e-04 7.17770240e-04
9.41610119e-02 -1.61830814e-04 7.50191752e-04
9.45813022e-02 1.76982712e-04 7.25811379e-04
9.50015917e-02 1.58294369e-04 7.12478873e-04
9.54218802e-02 3.98637800e-05 7.26083197e-04
9.58421677e-02 9.61355957e-04 7.39948837e-04
9.62624542e-02 7.01922007e-04 6.93547125e-04
9.66827398e-02 2.19534057e-04 7.25373735e-04
9.71030244e-02 9.11701026e-04 7.10962156e-04
9.75233080e-02 -4.60755592e-04 6.84507464e-04
9.79435907e-02 4.60067707e-04 7.00819561e-04
9.83638723e-02 9.58606970e-04 6.90197130e-04
9.87841530e-02 -9.16127067e-04 6.64214278e-04
9.92044327e-02 1.00610953e-03 6.98396846e-04
9.96247114e-02 8.04333907e-04 6.96286258e-04
1.00044989e-01 2.90188743e-04 6.85082709e-04
1.00465266e-01 1.57775224e-04 6.88069096e-04
1.00885541e-01 7.74193677e-04 6.81859129e-04
1.01305816e-01 -3.81565980e-04 6.74437922e-04
1.01726090e-01 9.59825323e-05 6.80644578e-04
1.02146362e-01 -4.95697439e-04 6.78073443e-04
1.02566634e-01 -6.38241611e-04 6.75727211e-04
1.02986904e-01 8.56204462e-04 6.71205253e-04
1.03407174e-01 -1.02759930e-04 6.84374543e-04
1.03827442e-01 3.71378156e-04 6.64748666e-04
1.04247710e-01 1.24519217e-03 6.67994671e-04
1.04667976e-01 -5.31247262e-05 6.78253163e-04
1.05088241e-01 1.21861124e-03 6.73659687e-04
1.05508506e-01 8.19507660e-04 6.59758003e-04
1.05928769e-01 4.53332878e-04 6.69436076e-04
1.06349031e-01 -1.24053398e-05 6.75010154e-04
1.06769292e-01 6.57231749e-04 6.64647535e-04
1.07189552e-01 3.47798763e-04 6.71035835e-04
1.07609811e-01 4.91542164e-04 6.53232939e-04
1.08030069e-01 3.08308043e-04 6.50963766e-04
1.08450325e-01 -3.94792671e-04 6.53323099e-04
1.08870581e-01 -6.61501824e-04 6.33755263e-04
1.09290836e-01 1.16360571e-03 6.50718404e-04
1.09711089e-01 2.08757199e-04 6.51719612e-04
1.10131341e-01 6.26980568e-04 6.39177905e-04
1.10551592e-01 2.41348662e-04 6.45875844e-04
1.10971843e-01 3.03394329e-04 6.36588135e-04
1.11392092e-01 -1.53305600e-04 6.24544979e-04
1.11812339e-01 6.81396180e-04 6.54562642e-04
1.12232586e-01 -3.16393976e-04 6.47456567e-04
1.12652832e-01 2.09658828e-04 6.35312735e-04
1.13073076e-01 -7.10322420e-05 6.29693890e-04
1.13493320e-01 -1.20990400e-03 6.48159450e-04
1.13913562e-01 -5.99604446e-05 6.50484149e-04
1.14333803e-01 -8.39945923e-04 6.35136327e-04
1.14754043e-01 -5.56379520e-04 6.66472481e-04
1.15174282e-01 1.29247871e-03 6.66541238e-04
1.15594519e-01 1.80325881e-03 6.95984016e-04
1.16014756e-01 3.66164949e-04 6.72828358e-04
1.16434991e-01 -3.96236330e-04 6.38069331e-04
1.16855225e-01 6.18769778e-04 6.71345839e-04
1.17275458e-01 2.17498458e-04 6.41728697e-04
1.17695690e-01 2.02899219e-04 6.60819410e-04
1.18115920e-01 -1.31880184e-04 6.63735937e-04
1.18536149e-01 -1.20096124e-04 6.48442732e-04
1.18956378e-01 2.11597185e-04 6.36127191e-04
1.19376605e-01 1.02906756e-03 6.43334739e-04
1.19796830e-01 -2.37873301e-04 6.41366196e-04
1.20217055e-01 -8.25932237e-05 6.48664253e-04
1.20637278e-01 -4.08258628e-04 6.58185821e-04
1.21057500e-01 1.43653515e-04 6.51165917e-04
1.21477721e-01 -7.13812877e-04 6.41115765e-04
1.21897941e-01 -1.00162053e-04 6.68037362e-04
1.22318159e-01 4.56860124e-04 6.58063392e-04
1.22738377e-01 -1.25759735e-04 6.38551827e-04
1.23158593e-01 7.30088695e-04 6.51947556e-04
1.23578807e-01 -1.25899723e-03 6.32747885e-04
1.23999021e-01 -8.45214914e-04 6.49778983e-04
1.24419233e-01 -3.16192102e-04 6.18877485e-04
1.24839444e-01 1.37412107e-04 6.30798215e-04
1.25259654e-01 6.66366986e-05 6.18718284e-04
1.25679862e-01 7.74535695e-04 6.34251714e-04
1.26100070e-01 2.04266633e-04 6.35475556e-04
1.26520276e-01 1.49671437e-03 6.10903268e-04
1.26940480e-01 -4.60594697e-04 6.46694713e-04
1.27360684e-01 -2.55604561e-04 6.24721758e-04
1.27780886e-01 3.35584844e-04 6.26414346e-04
1.28201087e-01 -9.49947534e-04 6.19840991e-04
1.28621286e-01 -5.84063890e-05 6.18195142e-04
1.29041485e-01 -4.50694823e-04 6.08870558e-04
1.29461682e-01 1.52078233e-03 6.23470431e-04
1.29881877e-01 -2.77747662e-04 6.04468763e-04
1.30302072e-01 3.94760657e-04 6.22581748e-04
1.30722265e-01 4.10283210e-04 6.07831348e-04
1.31142456e-01 -5.15421456e-04 5.99191101e-04
1.31562647e-01 -8.62079580e-04 6.13220428e-04
1.31982836e-01 -5.51963335e-04 6.01348530e-04
1.32403024e-01 3.01270884e-04 6.14149101e-04
1.32823210e-01 -8.93780662e-05 6.05952864e-04
1.33243395e-01 -6.36518123e-04 6.13714085e-04
1.33663579e-01 9.82672806e-04 6.20653768e-04
1.34083761e-01 5.12181823e-04 6.25604844e-04
1.34503942e-01 -3.89553424e-04 6.06025075e-04
1.34924122e-01 1.41856359e-03 6.05921158e-04
1.35344300e-01 -1.66264074e-04 6.06237587e-04
1.35764477e-01 -9.62359133e-05 6.01520993e-04
1.36184653e-01 -3.42119819e-04 6.04320308e-04
1.36604827e-01 8.07931298e-04 6.12963811e-04
1.37025000e-01 7.99722132e-04 5.93565933e-04
1.37445171e-01 7.17722673e-04 6.04637812e-04
1.37865341e-01 1.56948496e-03 6.08178918e-04
1.38285510e-01 9.16299159e-04 6.23354926e-04
1.38705677e-01 1.24564666e-03 5.90441909e-04
1.39125843e-01 -6.30881167e-05 6.02808550e-04
1.39546008e-01 3.33452253e-04 5.76232022e-04
1.39966171e-01 2.54645840e-04 5.90903524e-04
1.40386333e-01 -1.62874870e-04 5.79994848e-04
1.40806493e-01 1.31698421e-04 5.66976596e-04
1.41226652e-01 -4.01731087e-04 5.71127340e-04
1.41646809e-01 -3.97863417e-04 5.90468335e-04
1.42066965e-01 2.21509210e-04 5.82990053e-04
1.42487120e-01 -4.52452941e-04 5.71858272e-04
1.42907273e-01 8.80229386e-04 5.98576032e-04
1.43327425e-01 3.83149381e-04 5.64817014e-04
1.43747575e-01 -5.62457845e-04 5.77594046e-04
1.44167724e-01 4.96545151e-06 5.66026095e-04
1.44587871e-01 -7.13802689e-04 5.64540399e-04
1.45008017e-01 -4.03504750e-05 5.78048828e-04
1.45428162e-01 2.65697978e-04 5.72949843e-04
1.45848305e-01 2.76353573e-04 5.69429710e-04
1.46268446e-01 3.28091893e-04 5.85328555e-04
1.46688586e-01 -3.57633863e-04 5.90583745e-04
1.47108725e-01 3.48650872e-05 5.88350120e-04
1.47528862e-01 4.90887596e-05 5.98052250e-04
1.47948998e-01 1.44945474e-03 5.82883656e-04
1.48369132e-01 4.20142450e-04 5.85158862e-04
1.48789265e-01 -1.75460374e-04 5.85741270e-04
1.49209396e-01 -1.16817252e-03 5.80129835e-04
1.49629525e-01 1.59680211e-07 5.89645144e-04
1.50049654e-01 4.31579088e-04 5.88586740e-04
1.50469780e-01 -1.04859625e-03 5.84169970e-04
1.50889905e-01 1.65183846e-04 5.83822883e-04
1.51310029e-01 -2.42769958e-04 5.80550096e-04
1.51730151e-01 6.21336146e-04 5.97608862e-04
1.52150272e-01 -4.40800917e-04 5.77326808e-04
1.52570391e-01 -9.57579351e-04 5.73068378e-04
1.52990508e-01 6.84693609e-04 5.70807898e-04
1.53410624e-01 -4.06805890e-04 5.60170473e-04
1.53830738e-01 -3.51349482e-04 5.66608960e-04
1.54250851e-01 -6.32181774e-04 5.66298319e-04
1.54670963e-01 9.96524976e-05 5.70364700e-04
1.55091072e-01 5.02614370e-04 5.65105769e-04
1.55511180e-01 7.27027982e-04 5.67752448e-04
1.55931287e-01 6.46252344e-04 5.58580047e-04
1.56351392e-01 -6.34389655e-05 5.56706964e-04
1.56771496e-01 -6.66538594e-04 5.66232747e-04
1.57191598e-01 1.00700190e-04 5.59623339e-04
1.57611698e-01 5.52048994e-04 5.49973018e-04
1.58031797e-01 -4.24067702e-04 5.44136182e-04
1.58451894e-01 9.37655909e-05 5.45808575e-04
1.58871989e-01 3.51674431e-05 5.50958884e-04
1.59292083e-01 3.68145788e-04 5.61846948e-04
1.59712176e-01 -5.82391205e-05 5.57557809e-04
1.60132266e-01 -6.00667592e-04 5.50091421e-04
1.60552355e-01 -8.37939117e-04 5.33316526e-04
1.60972443e-01 1.51862656e-03 5.51530478e-04
1.61392529e-01 -1.97328067e-04 5.39234849e-04
1.61812613e-01 5.51422433e-04 5.38818496e-04
1.62232696e-01 6.22214091e-04 5.32604450e-04
1.62652777e-01 7.08829077e-04 5.28761853e-04
1.63072856e-01 2.01846914e-04 5.39342040e-04
1.63492934e-01 -9.91505616e-05 5.35623234e-04
1.63913010e-01 -1.87469590e-04 5.27221399e-04
1.64333084e-01 1.31402405e-03 5.44725702e-04
1.64753157e-01 1.62635609e-04 5.33921922e-04
1.65173228e-01 -1.86944071e-04 5.31944955e-04
1.65593298e-01 3.26873357e-04 5.33020737e-04
1.66013366e-01 2.65250348e-04 5.35380891e-04
1.66433432e-01 8.11614157e-05 5.23771761e-04
1.66853496e-01 -2.95923506e-04 5.40056544e-04
1.67273559e-01 8.10042440e-04 5.29440363e-04
1.67693620e-01 -1.92492409e-04 5.31058511e-04
1.68113680e-01 3.35952770e-04 5.30299304e-04
1.68533737e-01 1.22887559e-04 5.23651221e-04
1.68953793e-01 3.93819011e-04 5.17467647e-04
1.69373848e-01 -3.99319728e-05 5.24484516e-04
1.69793900e-01 5.94996403e-04 5.34656729e-04
1.70213951e-01 -3.43048594e-04 5.17895961e-04
1.70634000e-01 -8.99757716e-05 5.19280908e-04
1.71054048e-01 9.82430863e-05 5.11520804e-04
1.71474094e-01 4.09777278e-04 5.24446998e-04
1.71894138e-01 3.39260093e-04 5.21360448e-04
1.72314180e-01 1.51270944e-04 5.07309218e-04
1.72734221e-01 6.40679182e-04 5.13855619e-04
1.73154259e-01 1.63709196e-04 5.11444326e-04
1.73574297e-01 -7.18093522e-04 4.99531571e-04
1.73994332e-01 8.67851494e-04 5.23010052e-04
1.74414365e-01 -9.79393043e-04 5.14070978e-04
1.74834397e-01 1.86637821e-04 5.05697516e-04
1.75254427e-01 3.30330908e-04 5.18849974e-04
1.75674456e-01 -1.83566213e-04 5.09609334e-04
1.76094482e-01 -7.98717148e-04 5.03145876e-04
1.76514507e-01 -2.81763113e-04 5.17704766e-04
1.76934530e-01 1.77823078e-04 4.97802102e-04
1.77354551e-01 1.98809467e-04 4.94370094e-04
1.77774571e-01 1.19608889e-04 5.13657178e-04
1.78194588e-01 2.25503487e-04 4.97088427e-04
1.78614604e-01 -7.90514638e-05 4.95391175e-04
1.79034618e-01 -5.13477063e-04 4.93163845e-04
1.79454631e-01 3.25941018e-04 4.96869241e-04
1.79874641e-01 -1.33868429e-04 4.88474998e-04
1.80294650e-01 8.16913341e-05 4.91666596e-04
1.80714657e-01 1.46953616e-05 4.84602817e-04
1.81134662e-01 -2.55065452e-04 4.93722011e-04
1.81554665e-01 7.41549391e-04 4.96943707e-04
1.81974666e-01 -1.65496416e-05 4.86660838e-04
1.82394666e-01 6.69041605e-04 4.97887064e-04
1.82814663e-01 2.16170576e-04 4.94804414e-04
1.83234659e-01 5.18491016e-04 5.03178914e-04
1.83654653e-01 3.24795443e-04 4.95664623e-04
1.84074646e-01 -5.72878970e-04 4.83535190e-04
1.84494636e-01 -5.69445501e-04 4.88534940e-04
1.84914624e-01 -3.50488271e-04 4.86062781e-04
1.85334611e-01 4.60767031e-04 4.90019990e-04
1.85754596e-01 -5.16316436e-05 4.84868090e-04
1.86174579e-01 -5.62009957e-04 4.72034783e-04
1.86594560e-01 -6.42812648e-05 4.87204935e-04
1.87014539e-01 -3.14052026e-04 4.78231968e-04
1.87434516e-01 2.43448770e-04 4.72816781e-04
1.87854491e-01 -7.79637505e-05 4.90201537e-04
1.88274465e-01 -5.89717756e-04 4.85736814e-04
1.88694437e-01 -8.49761562e-05 4.79712875e-04
1.89114406e-01 -4.26893901e-04 4.82344512e-04
1.89534374e-01 7.97898891e-05 4.64152646e-04
1.89954340e-01 -1.21392173e-04 4.81513812e-04
1.90374304e-01 -4.68293268e-04 4.71674139e-04
1.90794266e-01 9.39789682e-05 4.80949030e-04
1.91214226e-01 -2.05307793e-04 4.66352675e-04
1.91634184e-01 1.26628304e-04 4.70147669e-04
1.92054141e-01 1.51341423e-04 4.64005309e-04
1.92474095e-01 -2.33843255e-04 4.56027231e-04
1.92894047e-01 4.75314706e-04 4.70631916e-04
1.93313998e-01 3.50105716e-04 4.73354414e-04
1.93733946e-01 1.17378328e-03 4.67548955e-04
1.94153893e-01 -4.95540653e-04 4.63907721e-04
1.94573838e-01 -7.99340254e-04 4.70764157e-04
1.94993780e-01 -2.02386665e-04 4.62565328e-04
1.95413721e-01 -6.71280343e-04 4.64906978e-04
1.95833660e-01 -4.83178116e-04 4.59138330e-04
1.96253597e-01 8.90291740e-04 4.67169236e-04
1.96673531e-01 -4.96721304e-04 4.65989795e-04
1.97093464e-01 2.22081745e-04 4.76863550e-04
1.97513395e-01 -5.66103455e-04 4.54187235e-04
1.97933324e-01 -1.88432505e-04 4.62440461e-04
1.98353251e-01 2.81612044e-04 4.57937965e-04
1.98773176e-01 1.91076257e-05 4.56751059e-04
1.99193099e-01 2.99510380e-04 4.56430847e-04
1.99613019e-01 -8.10535281e-04 4.49807048e-04
2.00032938e-01 1.09767512e-04 4.57813005e-04
2.00452855e-01 -4.34756854e-05 4.55357644e-04
2.00872770e-01 -4.21312253e-04 4.56753185e-04
2.01292683e-01 -3.84765499e-04 4.58179969e-04
2.01712594e-01 -6.88395967e-04 4.60082640e-04
2.02132502e-01 -4.63768560e-05 4.56261185e-04
2.02552409e-01 -7.96928601e-04 4.60810970e-04
2.02972314e-01 2.07156022e-04 4.53403755e-04
2.03392217e-01 -7.25374075e-06 4.47325704e-04
2.03812117e-01 -3.11249738e-05 4.55687203e-04
2.04232016e-01 -3.46954028e-05 4.71921752e-04
2.04651912e-01 -4.38450076e-04 4.57642359e-04
2.05071807e-01 8.96147953e-04 4.70849541e-04
2.05491699e-01 -6.47309112e-04 4.68917987e-04
2.05911590e-01 -1.69857057e-04 4.66346811e-04
2.06331478e-01 -9.94989085e-05 4.66452477e-04
2.06751364e-01 3.63254485e-04 4.66835458e-04
2.07171248e-01 -4.34516761e-04 4.69922901e-04
2.07591130e-01 -5.48139254e-05 4.53936080e-04
2.08011010e-01 3.43827803e-04 4.71826139e-04
2.08430888e-01 1.17611123e-04 4.74644670e-04
2.08850764e-01 5.24835785e-04 4.71512357e-04
2.09270637e-01 2.08653413e-04 4.57185897e-04
2.09690509e-01 5.17347738e-06 4.59186123e-04
2.10110378e-01 -1.29589501e-04 4.57223176e-04
2.10530246e-01 -6.69276008e-05 4.65108738e-04
2.10950111e-01 -3.93444072e-04 4.59432931e-04
2.11369974e-01 1.79934918e-04 4.60193851e-04
2.11789835e-01 -4.65413859e-04 4.51618266e-04
2.12209694e-01 1.86385262e-04 4.59859480e-04
2.12629551e-01 7.98903772e-04 4.53318090e-04
2.13049405e-01 8.05786901e-04 4.59825188e-04
2.13469258e-01 1.71704296e-04 4.46102385e-04
2.13889108e-01 3.56704703e-04 4.49338204e-04
2.14308956e-01 -3.04613100e-04 4.39182623e-04
2.14728802e-01 -3.96260572e-05 4.53051821e-04
2.15148646e-01 1.36726743e-04 4.49890628e-04
2.15568487e-01 8.99814728e-05 4.43665555e-04
2.15988327e-01 -6.63235340e-04 4.51094212e-04
2.16408164e-01 7.85688253e-04 4.52026487e-04
2.16827999e-01 -5.10050795e-04 4.42475105e-04
2.17247832e-01 -6.88136559e-05 4.48199205e-04
2.17667663e-01 -2.11226174e-04 4.47541291e-04
2.18087492e-01 -9.95339273e-05 4.38960639e-04
2.18507318e-01 1.94415620e-04 4.33762474e-04
2.18927142e-01 3.48237576e-04 4.33569440e-04
2.19346964e-01 -4.14663492e-04 4.38733600e-04
2.19766784e-01 -4.79831715e-04 4.29968411e-04
2.20186602e-01 -3.61712163e-04 4.29945370e-04
2.20606417e-01 -1.74194795e-04 4.38435886e-04
2.21026230e-01 -1.29686653e-04 4.36317467e-04
2.21446041e-01 3.77893137e-04 4.31370916e-04
2.21865850e-01 -6.59792061e-05 4.25507295e-04
2.22285656e-01 -7.43132958e-04 4.31913778e-04
2.22705461e-01 -1.79166925e-04 4.23365581e-04
2.23125263e-01 -2.57942691e-04 4.28772148e-04
2.23545063e-01 4.70132640e-05 4.23616694e-04
2.23964860e-01 1.88867633e-04 4.30351879e-04
2.24384655e-01 -1.01327620e-04 4.32743120e-04
2.24804448e-01 6.96370125e-04 4.39010210e-04
2.25224239e-01 8.47825677e-04 4.47901874e-04
2.25644028e-01 9.82038918e-05 4.25879802e-04
2.26063814e-01 -6.31184509e-04 4.23811022e-04
2.26483598e-01 -9.95324780e-04 4.39099844e-04
2.26903379e-01 7.04365115e-04 4.32221687e-04
2.27323159e-01 9.05574273e-04 4.41557007e-04
2.27742936e-01 4.03042397e-04 4.26973698e-04
2.28162711e-01 4.10387956e-04 4.27290712e-04
2.28582483e-01 1.17567229e-04 4.27603080e-04
2.29002254e-01 -8.92628054e-04 4.12793517e-04
2.29422022e-01 5.94942503e-04 4.26243052e-04
2.29841787e-01 2.20129168e-04 4.19940316e-04
2.30261550e-01 5.31203824e-04 4.21462837e-04
2.30681311e-01 1.73440643e-04 4.23810284e-04
2.31101070e-01 3.77819243e-04 4.16535639e-04
2.31520827e-01 -3.05089295e-04 4.18578023e-04
2.31940581e-01 -6.48790967e-04 4.08748062e-04
2.32360332e-01 -9.09437221e-05 4.20397667e-04
2.32780082e-01 -1.68696523e-04 4.18370734e-04
2.33199829e-01 5.43780142e-04 4.25903877e-04
2.33619573e-01 1.00314935e-03 4.26961656e-04
2.34039316e-01 9.76769963e-05 4.15103466e-04
2.34459056e-01 2.58367611e-04 4.27467548e-04
2.34878793e-01 1.60800003e-04 4.26780256e-04
2.35298529e-01 -1.55930321e-04 4.20326934e-04
2.35718262e-01 -1.26934219e-03 4.20290532e-04
2.36137992e-01 5.34042694e-04 4.35472911e-04
2.36557720e-01 6.71588766e-06 4.27287658e-04
2.36977446e-01 1.34442667e-04 4.37407913e-04
2.37397170e-01 -5.14120445e-04 4.31891341e-04
2.37816891e-01 7.48234014e-04 4.23780211e-04
2.38236609e-01 4.69112035e-04 4.36773300e-04
2.38656325e-01 -6.13813676e-04 4.19604435e-04
2.39076039e-01 -3.43604267e-04 4.31329640e-04
2.39495751e-01 1.38097065e-04 4.25309793e-04
2.39915460e-01 -8.89278091e-05 4.25876924e-04
2.40335166e-01 3.76784887e-05 4.25983882e-04
2.40754871e-01 1.09797483e-03 4.27789524e-04
2.41174572e-01 1.78428501e-04 4.21628782e-04
2.41594272e-01 2.44433061e-04 4.20313690e-04
2.42013969e-01 3.95574960e-04 4.22736788e-04
2.42433663e-01 1.48419859e-04 4.19163221e-04
2.42853355e-01 3.90682197e-04 4.20899634e-04
2.43273045e-01 -8.03148586e-04 4.19363708e-04
2.43692732e-01 -3.40896541e-04 4.11059967e-04
2.44112417e-01 -1.89262636e-04 4.07065244e-04
2.44532099e-01 3.88680849e-04 4.18743017e-04
2.44951779e-01 3.92271280e-04 4.13328302e-04
2.45371457e-01 5.73938761e-04 4.17654906e-04
2.45791131e-01 3.21062202e-04 4.28242770e-04
2.46210804e-01 4.58517459e-05 4.14432397e-04
2.46630474e-01 7.22471729e-04 4.13933674e-04
2.47050141e-01 7.76976142e-05 4.16749025e-04
2.47469806e-01 3.42932439e-05 4.08151265e-04
2.47889469e-01 -1.62694008e-04 3.99769412e-04
2.48309129e-01 3.51667510e-05 4.02344674e-04
2.48728787e-01 4.80822826e-05 4.02413126e-04
2.49148442e-01 5.14408638e-05 4.00926291e-04
2.49568094e-01 -3.32609512e-04 4.05131092e-04
2.49987744e-01 1.34790650e-04 4.00489225e-04
2.50407392e-01 -5.99481980e-05 3.95555024e-04
2.50827037e-01 2.53559959e-04 3.99852280e-04
2.51246679e-01 3.08060207e-04 3.98210468e-04
2.51666319e-01 -2.47825301e-04 3.99889193e-04
2.52085957e-01 1.72582060e-04 3.99472408e-04
2.52505592e-01 1.22772821e-04 4.01407354e-04
2.52925224e-01 -4.30065106e-04 3.99838094e-04
2.53344854e-01 -2.27217332e-04 3.90481253e-04
2.53764481e-01 -1.72632319e-04 3.93746734e-04
2.54184106e-01 -8.51552962e-05 4.01606888e-04
2.54603728e-01 2.40267391e-04 3.98438872e-04
2.55023348e-01 1.27294579e-04 3.99731904e-04
2.55442965e-01 1.51142328e-04 4.01704945e-04
2.55862579e-01 5.26969404e-05 4.05159218e-04
2.56282191e-01 -1.66842381e-04 4.05855071e-04
2.56701800e-01 3.18749127e-04 3.98582119e-04
2.57121407e-01 3.40180313e-04 3.92484786e-04
2.57541011e-01 8.12834585e-04 3.94062168e-04
2.57960613e-01 1.20526531e-04 3.96843030e-04
2.58380212e-01 -3.56409773e-04 3.90996770e-04
2.58799808e-01 -4.02272068e-04 3.95247024e-04
2.59219402e-01 -3.93354463e-04 3.85948967e-04
2.59638994e-01 3.60997726e-04 3.91977589e-04
2.60058582e-01 -8.24420586e-05 3.84835941e-04
2.60478168e-01 -1.92956367e-04 3.90263636e-04
2.60897752e-01 3.92061157e-04 3.84367080e-04
2.61317332e-01 -6.03524674e-05 3.88383492e-04
2.61736910e-01 -1.97610311e-04 3.84890449e-04
2.62156486e-01 -6.53540210e-05 3.82923180e-04
2.62576059e-01 5.06663912e-05 3.81687482e-04
2.62995629e-01 4.27252917e-04 3.89287233e-04
2.63415197e-01 -8.33220380e-05 3.81816927e-04
2.63834762e-01 -5.09661207e-05 3.83434490e-04
2.64254324e-01 -1.74000218e-04 3.79970742e-04
2.64673884e-01 9.39786676e-04 3.90593928e-04
2.65093441e-01 -8.05775492e-05 3.88928299e-04
2.65512995e-01 -3.10887355e-04 3.82869754e-04
2.65932547e-01 -5.97184618e-04 3.81290013e-04
2.66352096e-01 -4.80252104e-04 3.89673171e-04
2.66771642e-01 -4.07857504e-04 3.84543959e-04
2.67191186e-01 -9.62229200e-04 3.77537218e-04
2.67610727e-01 -5.20988176e-04 3.79233502e-04
2.68030265e-01 1.14830713e-04 3.88328679e-04
2.68449801e-01 1.26865433e-04 3.77818252e-04
2.68869333e-01 2.45330452e-04 3.84462086e-04
2.69288864e-01 -3.59367461e-06 3.74357746e-04
2.69708391e-01 6.42813926e-04 3.79614585e-04
2.70127916e-01 -4.58556628e-04 3.79537471e-04
2.70547438e-01 5.17772508e-04 3.84496813e-04
2.70966957e-01 3.39769123e-04 3.88091456e-04
2.71386474e-01 3.84370083e-04 3.79542152e-04
2.71805988e-01 3.52608607e-04 3.77333102e-04
2.72225499e-01 -6.98586482e-04 3.72668809e-04
2.72645008e-01 -5.42128414e-04 3.70369802e-04
2.73064513e-01 6.00096708e-05 3.76935872e-04
2.73484016e-01 -4.44972421e-05 3.80650843e-04
2.73903517e-01 4.81196992e-04 3.70489184e-04
2.74323014e-01 2.80685760e-05 3.77173144e-04
2.74742509e-01 -2.53035350e-05 3.70892361e-04
2.75162001e-01 1.87549278e-04 3.76833551e-04
2.75581490e-01 -1.30751581e-04 3.72031996e-04
2.76000976e-01 -8.63241900e-05 3.72119416e-04
2.76420460e-01 6.03708194e-05 3.69397432e-04
2.76839941e-01 2.33574003e-04 3.69586896e-04
2.77259419e-01 -1.23289060e-04 3.67808023e-04
2.77678894e-01 6.84518030e-04 3.66649950e-04
2.78098367e-01 2.87952166e-04 3.63052981e-04
2.78517837e-01 -4.20245018e-04 3.63668299e-04
2.78937304e-01 -3.04384666e-05 3.70463948e-04
2.79356768e-01 -9.19054396e-05 3.77915888e-04
2.79776229e-01 2.80577496e-04 3.76832571e-04
2.80195688e-01 9.13542243e-05 3.69915679e-04
2.80615143e-01 -7.37503050e-04 3.69606789e-04
2.81034596e-01 8.87633112e-05 3.68535879e-04
2.81454046e-01 6.25428174e-05 3.65544185e-04
2.81873494e-01 -3.21991279e-04 3.66215725e-04
2.82292938e-01 1.35925335e-03 3.68706479e-04
2.82712380e-01 1.18191828e-04 3.69082842e-04
2.83131819e-01 2.35374529e-04 3.67492043e-04
2.83551254e-01 5.41517470e-04 3.66326107e-04
2.83970688e-01 -2.05018788e-04 3.66379775e-04
2.84390118e-01 2.85644882e-04 3.66479015e-04
2.84809545e-01 -2.39801714e-04 3.75924020e-04
2.85228970e-01 -1.02190183e-04 3.63688485e-04
2.85648391e-01 -2.38188955e-05 3.67693750e-04
2.86067810e-01 -4.66036879e-04 3.68264470e-04
2.86487226e-01 -6.79440371e-04 3.66170065e-04
2.86906639e-01 1.31341176e-04 3.65013419e-04
2.87326049e-01 -2.46913405e-04 3.69728045e-04
2.87745457e-01 -1.98436742e-04 3.63872224e-04
2.88164861e-01 1.49977070e-04 3.63885517e-04
2.88584262e-01 -1.18251347e-04 3.60270556e-04
2.89003661e-01 2.33321598e-04 3.63212265e-04
2.89423057e-01 8.24017563e-05 3.67538027e-04
2.89842450e-01 5.14634168e-05 3.64019031e-04
2.90261839e-01 -2.75286917e-04 3.62354655e-04
2.90681226e-01 -9.60268396e-06 3.62800898e-04
2.91100611e-01 2.45962803e-04 3.62462352e-04
2.91519992e-01 2.19750580e-05 3.56044294e-04
2.91939370e-01 1.70935651e-04 3.67811902e-04
2.92358745e-01 3.84315340e-04 3.66446092e-04
2.92778118e-01 2.37007999e-04 3.61219599e-04
2.93197487e-01 -5.09707472e-05 3.55982725e-04
2.93616853e-01 1.89295388e-04 3.59445674e-04
2.94036217e-01 3.85687686e-04 3.65020347e-04
2.94455578e-01 -2.96779620e-05 3.62718843e-04
2.94874935e-01 -3.51925158e-04 3.64650785e-04
2.95294290e-01 -3.88856452e-04 3.65351727e-04
2.95713642e-01 -1.75369359e-04 3.63567281e-04
2.96132990e-01 -5.94943565e-04 3.63013310e-04
2.96552336e-01 -2.56414129e-04 3.69450460e-04
2.96971679e-01 -1.02088231e-04 3.64832498e-04
2.97391019e-01 2.43897633e-04 3.66827655e-04
2.97810356e-01 -5.14636668e-04 3.65413546e-04
2.98229689e-01 8.56504380e-05 3.62958851e-04
2.98649020e-01 3.20906746e-04 3.74633389e-04
2.99068348e-01 -4.51738934e-04 3.72436090e-04
2.99487673e-01 1.02757785e-04 3.75667910e-04
2.99906995e-01 3.05596098e-04 3.75506630e-04
3.00326314e-01 1.54263084e-04 3.74540435e-04
3.00745629e-01 -4.34444892e-04 3.70230046e-04
3.01164942e-01 -1.74632582e-04 3.67434739e-04
3.01584252e-01 3.20589677e-04 3.69486130e-04
3.02003559e-01 1.17626703e-04 3.59899377e-04
3.02422863e-01 1.03376895e-05 3.66016293e-04
3.02842163e-01 5.47298856e-05 3.65815040e-04
3.03261461e-01 1.99384001e-05 3.68993276e-04
3.03680756e-01 3.25610031e-04 3.66758560e-04
3.04100047e-01 2.42351322e-04 3.69877073e-04
3.04519336e-01 -5.89129769e-04 3.65039612e-04
3.04938621e-01 2.32998554e-04 3.72648405e-04
3.05357904e-01 -4.60034167e-04 3.74830242e-04
3.05777183e-01 -1.47580662e-04 3.69459716e-04
3.06196459e-01 4.35229282e-04 3.67059848e-04
3.06615732e-01 -1.51769889e-04 3.64651547e-04
3.07035003e-01 4.80677058e-04 3.74588073e-04
3.07454270e-01 2.56056113e-04 3.69039759e-04
3.07873534e-01 -3.34952416e-05 3.69475970e-04
3.08292794e-01 -5.04362811e-04 3.63772017e-04
3.08712052e-01 2.78456884e-06 3.70063691e-04
3.09131307e-01 -1.04417940e-04 3.64719060e-04
3.09550559e-01 -5.01694062e-04 3.62818750e-04
3.09969807e-01 -2.38424040e-04 3.63086514e-04
3.10389052e-01 -4.72704676e-04 3.62615254e-04
3.10808295e-01 2.96349671e-04 3.56359822e-04
3.11227534e-01 -9.06414104e-05 3.65097857e-04
3.11646770e-01 4.18378609e-04 3.60158479e-04
3.12066003e-01 2.54480456e-04 3.58412633e-04
3.12485233e-01 1.39807696e-04 3.69849834e-04
3.12904459e-01 -3.88419021e-04 3.58127546e-04
3.13323683e-01 3.97513985e-05 3.60875022e-04
3.13742903e-01 1.04518313e-04 3.65599990e-04
3.14162120e-01 3.42998786e-04 3.77755874e-04
3.14581334e-01 -4.87179577e-04 3.60584961e-04
3.15000545e-01 5.52219620e-04 3.66332837e-04
3.15419753e-01 -2.28144387e-04 3.68340522e-04
3.15838958e-01 -2.40350211e-04 3.64326661e-04
3.16258159e-01 -5.11502928e-04 3.55379861e-04
3.16677357e-01 -3.05401115e-04 3.65731765e-04
3.17096552e-01 3.67920592e-04 3.62515840e-04
3.17515744e-01 7.59156648e-04 3.72022880e-04
3.17934933e-01 3.04761653e-04 3.66684676e-04
3.18354118e-01 4.95558342e-04 3.61708544e-04
3.18773301e-01 1.93123088e-04 3.63147650e-04
3.19192480e-01 -1.85026801e-04 3.55470483e-04
3.19611656e-01 3.23603463e-04 3.62615997e-04
3.20030829e-01 -3.46519947e-04 3.54088008e-04
3.20449998e-01 -3.70598870e-04 3.58210485e-04
3.20869164e-01 2.22000627e-04 3.63968238e-04
3.21288328e-01 -7.18365405e-04 3.66739754e-04
3.21707487e-01 7.26151845e-04 3.72801876e-04
3.22126644e-01 -1.31911405e-04 3.69263396e-04
3.22545797e-01 5.91159601e-04 3.70126430e-04
3.22964948e-01 -3.40588902e-05 3.74970573e-04
3.23384095e-01 -2.96014733e-04 3.72816617e-04
3.23803238e-01 -2.51429035e-04 3.76397954e-04
3.24222379e-01 -1.77985890e-04 3.82430924e-04
3.24641516e-01 6.04842195e-04 3.84063868e-04
3.25060650e-01 8.32917952e-04 3.87974126e-04
3.25479781e-01 2.45718050e-04 3.80978058e-04
3.25898908e-01 5.55036383e-05 3.86602006e-04
3.26318032e-01 -3.63546108e-04 3.78592871e-04
3.26737153e-01 -3.55939340e-04 3.79694597e-04
3.27156271e-01 2.48294352e-05 3.98246609e-04
3.27575385e-01 4.40610646e-04 3.87904520e-04
3.27994496e-01 -1.07573672e-04 3.83712141e-04
3.28413604e-01 2.63430496e-04 3.95854511e-04
3.28832708e-01 -2.16135524e-04 3.86138246e-04
3.29251810e-01 -1.29364980e-03 3.82934308e-04
3.29670907e-01 -6.76804874e-04 3.93034845e-04
3.30090002e-01 -2.88162766e-04 3.93450938e-04
3.30509093e-01 -1.68111973e-04 3.97095467e-04
3.30928181e-01 1.05922483e-04 3.89413762e-04
3.31347266e-01 8.35133592e-05 3.98834617e-04
3.31766347e-01 1.93392502e-04 3.88584633e-04
3.32185425e-01 6.06136123e-04 3.99341604e-04
3.32604500e-01 -9.40311743e-04 4.10495191e-04
3.33023571e-01 -2.70645772e-04 3.99179177e-04
3.33442639e-01 -5.93762267e-04 3.95867219e-04
3.33861704e-01 -6.42357604e-04 3.95381887e-04
3.34280765e-01 5.54710772e-04 4.03353031e-04
3.34699823e-01 4.66855491e-04 4.05903458e-04
3.35118878e-01 -2.35225990e-04 4.03046364e-04
3.35537929e-01 -3.46832100e-04 4.03733726e-04
3.35956977e-01 3.88586004e-04 3.99953223e-04
3.36376021e-01 7.32759159e-05 4.00319734e-04
3.36795062e-01 -4.26728461e-04 4.02062599e-04
3.37214100e-01 3.97127559e-04 4.10932439e-04
3.37633135e-01 -3.83785845e-04 4.07595243e-04
3.38052166e-01 -1.97646818e-04 4.05570545e-04
3.38471193e-01 -3.25324123e-05 4.03477445e-04
3.38890217e-01 -4.30291918e-04 4.07309508e-04
3.39309238e-01 -9.08088781e-04 4.03138549e-04
3.39728256e-01 8.34124929e-04 4.15920640e-04
3.40147270e-01 -3.13061592e-04 4.04278590e-04
3.40566280e-01 -2.80165493e-04 4.11548855e-04
3.40985288e-01 4.87715993e-04 3.98693231e-04
3.41404291e-01 -1.04760996e-04 4.06828690e-04
3.41823292e-01 1.51132950e-04 4.11499864e-04
3.42242289e-01 -6.70542652e-04 4.10397157e-04
3.42661282e-01 5.77097013e-04 4.15218249e-04
3.43080272e-01 6.74685777e-04 4.08573439e-04
3.43499259e-01 -9.96472049e-04 4.08081892e-04
3.43918242e-01 -2.93163963e-05 4.12954474e-04
3.44337222e-01 -8.47650751e-06 4.22056885e-04
3.44756198e-01 -5.19763054e-06 4.17395417e-04
3.45175171e-01 -1.05213599e-04 4.07170744e-04
3.45594140e-01 -3.11349104e-04 4.21441496e-04
3.46013106e-01 -7.12463746e-04 4.13943790e-04
3.46432069e-01 5.76450608e-04 4.30084643e-04
3.46851028e-01 -8.68663986e-04 4.15198604e-04
3.47269983e-01 -7.61614021e-04 4.14148877e-04
3.47688935e-01 5.74466443e-04 4.25047075e-04
3.48107884e-01 -2.34385407e-04 4.19911754e-04
3.48526829e-01 -2.28467223e-04 4.26515637e-04
3.48945770e-01 -1.06794523e-04 4.18761165e-04
3.49364708e-01 -5.03423545e-04 4.16402613e-04
3.49783643e-01 -7.33133659e-04 4.23841161e-04
3.50202574e-01 -5.69108628e-04 4.20357350e-04
3.50621502e-01 -1.16988934e-03 4.08340759e-04
3.51040426e-01 -3.13147566e-04 4.23123830e-04
3.51459346e-01 4.17046065e-04 4.18003617e-04
3.51878263e-01 -4.58792329e-04 4.31741681e-04
3.52297177e-01 4.37658166e-05 4.25711044e-04
3.52716087e-01 6.59717758e-04 4.38380769e-04
3.53134993e-01 1.96958028e-04 4.28110680e-04
3.53553896e-01 -2.73154779e-04 4.31760993e-04
3.53972795e-01 -2.12771364e-04 4.24335579e-04
3.54391691e-01 -2.24873219e-04 4.20929386e-04
3.54810584e-01 3.02272548e-04 4.34567569e-04
3.55229472e-01 -3.36328017e-04 4.32270263e-04
3.55648357e-01 -3.52923431e-05 4.19743269e-04
3.56067239e-01 -1.98741885e-04 4.29443686e-04
3.56486117e-01 -1.11755322e-04 4.45737260e-04
3.56904991e-01 2.03299425e-04 4.32259065e-04
3.57323862e-01 1.70009402e-04 4.25110478e-04
3.57742730e-01 -4.00230932e-04 4.35291829e-04
3.58161593e-01 -1.14551270e-03 4.28969582e-04
3.58580453e-01 -5.76814762e-04 4.33332182e-04
3.58999310e-01 -2.05053548e-04 4.42989053e-04
3.59418163e-01 1.27208637e-04 4.26029774e-04
3.59837012e-01 3.33748160e-04 4.34722168e-04
3.60255858e-01 -6.62579246e-04 4.35242153e-04
3.60674700e-01 -4.89396318e-04 4.46368049e-04
3.61093539e-01 1.84118780e-04 4.44699733e-04
3.61512374e-01 4.08091231e-04 4.26088780e-04
3.61931205e-01 1.84169306e-04 4.41978490e-04
3.62350032e-01 -4.34150539e-04 4.40656916e-04
3.62768857e-01 -2.01288026e-04 4.38247662e-04
3.63187677e-01 9.47783866e-05 4.56365232e-04
3.63606494e-01 5.36069578e-04 4.42537577e-04
3.64025307e-01 -2.53516467e-04 4.40654482e-04
3.64444116e-01 -9.30923376e-05 4.34370155e-04
3.64862922e-01 -4.06001050e-04 4.44535370e-04
3.65281724e-01 4.53151855e-04 4.42367206e-04
3.65700523e-01 -3.47272352e-04 4.39421102e-04
3.66119318e-01 3.58619634e-04 4.53269271e-04
3.66538109e-01 5.02559233e-05 4.35455642e-04
3.66956896e-01 -1.15369861e-05 4.39068080e-04
3.67375680e-01 8.10406935e-04 4.44153426e-04
3.67794460e-01 2.06810902e-04 4.49217521e-04
3.68213237e-01 2.02043359e-05 4.44700815e-04
3.68632010e-01 4.69347053e-04 4.57872213e-04
3.69050779e-01 6.41214471e-04 4.47504664e-04
3.69469544e-01 2.60548603e-04 4.48073521e-04
3.69888306e-01 9.83471521e-06 4.52478909e-04
3.70307064e-01 -1.60516873e-04 4.52842380e-04
3.70725818e-01 -4.33628642e-05 4.40246652e-04
3.71144569e-01 -2.90369728e-04 4.53419339e-04
3.71563316e-01 4.65493037e-04 4.56860836e-04
3.71982059e-01 2.00935697e-04 4.45182323e-04
3.72400798e-01 -1.67643619e-04 4.43449494e-04
3.72819534e-01 -6.35079621e-07 4.46654759e-04
3.73238266e-01 6.41150981e-04 4.67381875e-04
3.73656994e-01 3.80150307e-04 4.44027804e-04
3.74075719e-01 2.80213982e-04 4.63050476e-04
3.74494439e-01 4.39544803e-04 4.50443512e-04
3.74913156e-01 3.57476613e-04 4.51407360e-04
3.75331870e-01 -6.27366261e-04 4.48676173e-04
3.75750579e-01 3.36547927e-04 4.54369101e-04
3.76169285e-01 3.38843830e-04 4.55467209e-04
3.76587987e-01 -1.75749824e-04 4.59569545e-04
3.77006685e-01 6.80403495e-04 4.69920437e-04
3.77425380e-01 2.40472556e-04 4.61594439e-04
3.77844070e-01 6.24328991e-04 4.65404748e-04
3.78262757e-01 -1.70729888e-04 4.66610758e-04
3.78681440e-01 -1.98090270e-04 4.59249104e-04
3.79100119e-01 -2.32012415e-04 4.51949279e-04
3.79518795e-01 2.03064793e-04 4.61223378e-04
3.79937467e-01 -6.88316168e-05 4.60012047e-04
3.80356135e-01 5.96383765e-05 4.53854464e-04
3.80774799e-01 -4.19984080e-06 4.62200460e-04
3.81193459e-01 -1.78453157e-04 4.67947220e-04
3.81612115e-01 4.99852284e-04 4.48677398e-04
3.82030768e-01 1.95410059e-04 4.43191929e-04
3.82449417e-01 1.16698220e-04 4.62238222e-04
3.82868062e-01 3.34046438e-04 4.63271085e-04
3.83286703e-01 -2.49139971e-04 4.80603591e-04
3.83705340e-01 -2.10062181e-04 4.71051544e-04
3.84123974e-01 1.81416786e-04 4.92538886e-04
3.84542604e-01 -2.81870224e-04 4.72184935e-04
3.84961229e-01 -1.36752062e-04 4.84652023e-04
3.85379851e-01 1.41499526e-03 4.99824851e-04
3.85798469e-01 3.13560442e-04 4.89937120e-04
3.86217084e-01 -1.09160436e-03 4.89974509e-04
3.86635694e-01 -8.11453300e-04 4.90693299e-04
3.87054301e-01 -6.71424923e-04 4.88890368e-04
3.87472903e-01 -8.87412342e-05 5.09639497e-04
3.87891502e-01 8.92225154e-04 5.15097645e-04
3.88310097e-01 -5.84202630e-04 5.10713118e-04
3.88728688e-01 -1.49050323e-04 5.03088877e-04
3.89147275e-01 -9.47124692e-05 4.99607529e-04
3.89565858e-01 2.27601753e-04 5.27220922e-04
3.89984437e-01 4.09557824e-04 5.09321456e-04
3.90403013e-01 5.40348078e-04 5.26581643e-04
3.90821584e-01 -5.10777127e-04 5.19008437e-04
3.91240152e-01 -4.38946803e-04 5.20203978e-04
3.91658716e-01 -2.60869800e-04 5.28301075e-04
3.92077275e-01 -3.63670941e-04 5.37373311e-04
3.92495831e-01 1.33355207e-05 5.42345125e-04
3.92914383e-01 2.75344648e-04 5.39538081e-04
3.93332931e-01 8.83077799e-04 5.32911591e-04
3.93751475e-01 -5.11668034e-04 5.23779254e-04
3.94170015e-01 1.22935804e-05 5.33779044e-04
3.94588552e-01 1.88014812e-05 5.35904841e-04
3.95007084e-01 4.30899598e-04 5.40330102e-04
3.95425612e-01 4.25464364e-04 5.60410766e-04
3.95844136e-01 -3.07141122e-04 5.43698126e-04
3.96262657e-01 -8.69994704e-04 5.56386767e-04
3.96681173e-01 -2.44093238e-04 5.61889068e-04
3.97099686e-01 5.83276391e-04 5.42808456e-04
3.97518194e-01 4.35880276e-04 5.60941058e-04
3.97936698e-01 -3.41753133e-04 5.39920592e-04
3.98355199e-01 -1.96524654e-05 5.52321388e-04
3.98773695e-01 -3.37479892e-04 5.38817076e-04
3.99192188e-01 -2.62952294e-04 5.38183964e-04
3.99610677e-01 -3.39762793e-04 5.69684838e-04
4.00029161e-01 6.19351618e-04 5.60473078e-04
4.00447642e-01 5.67421959e-04 5.60911158e-04
4.00866118e-01 3.87532750e-04 5.63093455e-04
4.01284591e-01 -1.11012012e-03 5.44313047e-04
4.01703059e-01 -3.42586003e-04 5.79350110e-04
4.02121524e-01 -3.57110050e-04 5.59604500e-04
4.02539984e-01 -5.74098521e-05 5.77253144e-04
4.02958441e-01 -1.36979099e-04 5.51675328e-04
4.03376893e-01 -2.92354664e-04 5.51482780e-04
4.03795341e-01 -5.80058254e-04 5.93173995e-04
4.04213786e-01 2.33523660e-04 5.83631811e-04
4.04632226e-01 3.79157407e-04 5.90639756e-04
4.05050662e-01 -1.39529475e-04 5.90042458e-04
4.05469095e-01 8.77950210e-04 6.02767022e-04
4.05887523e-01 -1.13937345e-05 5.97811678e-04
4.06305947e-01 9.37753002e-04 5.99549251e-04
4.06724367e-01 1.22027441e-03 6.03369525e-04
4.07142783e-01 -6.83742504e-04 5.58810885e-04
4.07561195e-01 1.80111873e-05 6.14121213e-04
4.07979603e-01 -7.46050571e-05 5.81673181e-04
4.08398006e-01 2.71505688e-04 6.18587374e-04
4.08816406e-01 -5.92265560e-04 6.04615340e-04
4.09234802e-01 -3.04556170e-04 6.19107507e-04
4.09653193e-01 -8.32266972e-04 5.93948479e-04
4.10071580e-01 -8.08066601e-05 5.99311629e-04
4.10489964e-01 2.84043925e-04 6.17608146e-04
4.10908343e-01 -2.60050766e-04 5.99776496e-04
4.11326718e-01 7.88455460e-04 6.31796626e-04
4.11745089e-01 -3.34652139e-04 6.11107218e-04
4.12163456e-01 -6.53975467e-04 6.16599786e-04
4.12581819e-01 9.92639046e-05 6.23203707e-04
4.13000177e-01 -5.73901316e-04 6.25174271e-04
4.13418532e-01 -3.96801850e-04 6.42675421e-04
4.13836882e-01 4.62716210e-05 6.29407674e-04
4.14255228e-01 -5.36100729e-04 6.40779447e-04
4.14673570e-01 3.08659968e-04 6.33118949e-04
4.15091908e-01 -2.67466167e-05 6.39217556e-04
4.15510242e-01 4.56871479e-05 7.04324059e-04
4.15928572e-01 -1.18056479e-04 6.50632393e-04
4.16346897e-01 -1.52806084e-04 6.26711737e-04
4.16765218e-01 7.71007472e-05 6.38765252e-04
4.17183536e-01 5.53151719e-04 6.55974234e-04
4.17601849e-01 -1.52770453e-04 6.57234475e-04
4.18020157e-01 1.45281353e-03 6.77346246e-04
4.18438462e-01 1.00180746e-03 6.72751442e-04
4.18856762e-01 1.38177019e-03 6.74420816e-04
4.19275059e-01 7.09973198e-04 6.80151089e-04
4.19693351e-01 -1.19328493e-03 6.71116112e-04
4.20111639e-01 -4.19308609e-04 6.90659201e-04
4.20529922e-01 -8.10276470e-04 6.91294367e-04
4.20948202e-01 -5.87504316e-04 6.85373189e-04
4.21366477e-01 1.02123577e-03 7.09015973e-04
4.21784748e-01 9.96863396e-04 7.06296450e-04
4.22203015e-01 -1.03195065e-03 6.62792503e-04
4.22621278e-01 -2.39663361e-04 6.91551136e-04
4.23039536e-01 -1.10025633e-04 7.05295497e-04
4.23457790e-01 6.77045824e-04 7.00404132e-04
4.23876040e-01 -2.38781445e-05 7.40635093e-04
4.24294286e-01 -1.40267836e-05 7.11299516e-04
4.24712527e-01 -2.75334174e-04 7.14229751e-04
4.25130765e-01 -4.57141022e-04 6.97905753e-04
4.25548998e-01 -1.14639952e-03 6.81290575e-04
4.25967226e-01 8.68777390e-05 7.31044607e-04
4.26385451e-01 1.17349424e-03 7.27156539e-04
4.26803671e-01 -5.35455490e-05 7.12742731e-04
4.27221887e-01 2.63130797e-04 7.20371689e-04
4.27640099e-01 -6.89432518e-05 7.54514444e-04
4.28058306e-01 -8.00491494e-04 7.04144911e-04
4.28476509e-01 -7.75835452e-04 7.44544482e-04
4.28894708e-01 1.36204922e-04 7.75168883e-04
4.29312903e-01 2.02913782e-03 1.00640064e-03
4.29731093e-01 1.06936071e-03 8.09114900e-04
4.30149279e-01 5.63763670e-04 9.85305996e-04
4.30567460e-01 -7.79803095e-04 7.95967679e-04
4.30985638e-01 1.22154480e-04 8.10836237e-04
4.31403811e-01 1.07029325e-03 7.90634453e-04
4.31821980e-01 -2.73936586e-04 7.97401803e-04
4.32240144e-01 2.16434073e-05 7.95079412e-04
4.32658304e-01 2.34031678e-04 7.96400568e-04
4.33076460e-01 7.21178343e-04 8.54088456e-04
4.33494612e-01 -1.03195793e-04 8.63432845e-04
4.33912759e-01 -3.60882865e-04 9.06629231e-04
4.34330902e-01 3.02876521e-04 1.00972209e-03
4.34749040e-01 4.59908769e-04 1.20419818e-03
4.35167174e-01 1.69036371e-03 1.24946198e-03
4.35585304e-01 2.62596214e-04 1.24228569e-03
4.36003430e-01 1.70912330e-03 1.20212254e-03
4.36421551e-01 -1.41615644e-03 1.12931509e-03
4.36839667e-01 -4.30012967e-04 1.57864645e-03
4.37257780e-01 -7.88514785e-03 0.00000000e+00
