6.30595362e-03 -8.29656896e-03 4.75756253e-02
6.72635018e-03 -1.48400360e-02 1.08024201e-02
7.14674667e-03 -1.19807651e-03 5.97339887e-03
7.56714308e-03 4.82771023e-03 5.28646667e-03
7.98753943e-03 -5.73013146e-03 5.12276016e-03
8.40793569e-03 -1.56257571e-03 4.58724386e-03
8.82833186e-03 2.33938565e-03 3.48319685e-03
9.24872795e-03 5.46270133e-04 3.77317003e-03
9.66912395e-03 2.84679379e-03 3.67868636e-03
1.00895198e-02 1.50204541e-03 2.92372032e-03
1.05099156e-02 2.58552880e-03 2.59537015e-03
1.09303113e-02 2.25969317e-03 2.57409035e-03
1.13507069e-02 6.16135764e-03 2.54121187e-03
1.17711024e-02 1.85172835e-03 2.38645488e-03
1.21914977e-02 2.20864082e-03 2.54552282e-03
1.26118929e-02 2.05482551e-03 2.26676628e-03
1.30322880e-02 3.21080937e-03 2.10419573e-03
1.34526830e-02 2.46129678e-03 2.19571611e-03
1.38730778e-02 3.95231182e-03 1.96059941e-03
1.42934725e-02 1.56153349e-03 2.10484586e-03
1.47138671e-02 -1.23197006e-03 1.91782930e-03
1.51342615e-02 4.60901672e-03 1.88863764e-03
1.55546557e-02 3.20701088e-03 1.85554747e-03
1.59750498e-02 5.01480840e-03 1.97492474e-03
1.63954437e-02 9.00244786e-04 1.62214224e-03
1.68158375e-02 3.00547565e-03 1.84757881e-03
1.72362311e-02 1.49963555e-03 1.67005710e-03
1.76566245e-02 5.16110748e-03 1.82814777e-03
1.80770178e-02 3.25466999e-03 1.72184922e-03
1.84974108e-02 3.29109552e-03 1.63762163e-03
1.89178037e-02 4.38879609e-03 1.55824031e-03
1.93381964e-02 3.47478039e-03 1.58316110e-03
1.97585889e-02 4.42065474e-03 1.61092009e-03
2.01789812e-02 3.98449537e-03 1.49956688e-03
2.05993732e-02 2.70976746e-03 1.50632344e-03
2.10197651e-02 1.49505940e-03 1.58433824e-03
2.14401568e-02 4.76649571e-03 1.47964292e-03
2.18605482e-02 5.68175040e-03 1.47918226e-03
2.22809395e-02 3.57734123e-03 1.59918480e-03
2.27013305e-02 2.69252247e-03 1.36582109e-03
2.31217212e-02 4.74155584e-03 1.48903883e-03
2.35421118e-02 3.05307735e-03 1.41888549e-03
2.39625021e-02 2.32479886e-03 1.37995606e-03
2.43828922e-02 1.45986865e-03 1.37797767e-03
2.48032820e-02 1.81268505e-03 1.41646476e-03
2.52236716e-02 1.68989696e-03 1.33957415e-03
2.56440609e-02 3.71528381e-03 1.43419004e-03
2.60644499e-02 3.67462462e-03 1.32585348e-03
2.64848387e-02 3.38976756e-03 1.39175362e-03
2.69052273e-02 1.70431476e-03 1.38269728e-03
2.73256155e-02 3.15819681e-03 1.32261893e-03
2.77460035e-02 6.72156028e-04 1.39581044e-03
2.81663912e-02 1.68891701e-03 1.32890428e-03
2.85867786e-02 3.92777083e-03 1.45689473e-03
2.90071658e-02 2.61667559e-03 1.38209112e-03
2.94275526e-02 2.35189586e-03 1.31133966e-03
2.98479391e-02 3.51733922e-03 1.41791947e-03
3.02683254e-02 5.01369676e-03 1.41650927e-03
3.06887113e-02 1.85916493e-03 1.26827921e-03
3.11090970e-02 1.46389677e-04 1.26962838e-03
3.15294823e-02 1.46665588e-03 1.23100660e-03
3.19498673e-02 5.01122137e-03 1.41366771e-03
3.23702519e-02 3.95866729e-03 1.41214684e-03
3.27906363e-02 3.50122328e-04 1.23444038e-03
3.32110203e-02 1.70099563e-03 1.26653164e-03
3.36314040e-02 2.33784736e-03 1.30951537e-03
3.40517873e-02 3.96955631e-03 1.24959821e-03
3.44721703e-02 2.98472978e-03 1.25297237e-03
3.48925530e-02 4.19373207e-03 1.19529926e-03
3.53129353e-02 2.95489254e-03 1.19056097e-03
3.57333173e-02 1.15675810e-03 1.15388328e-03
3.61536988e-02 2.07488270e-03 1.13651075e-03
3.65740801e-02 2.07835729e-03 1.21031976e-03
3.69944609e-02 3.28041098e-03 1.15728663e-03
3.74148414e-02 4.89800149e-03 1.18063421e-03
3.78352215e-02 2.28082563e-03 1.17103276e-03
3.82556012e-02 2.36932893e-03 1.22515147e-03
3.86759806e-02 3.37664304e-03 1.13976554e-03
3.90963595e-02 2.00861603e-03 1.10183993e-03
3.95167381e-02 3.83789329e-03 1.11130965e-03
3.99371163e-02 3.09947479e-03 1.12074266e-03
4.03574940e-02 3.19617249e-03 1.13690529e-03
4.07778714e-02 3.36481754e-03 1.08234059e-03
4.11982483e-02 3.23590854e-03 1.04028169e-03
4.16186248e-02 2.31347622e-03 1.05318300e-03
4.20390009e-02 5.24628713e-04 1.05590176e-03
4.24593766e-02 1.29588848e-03 1.02972884e-03
4.28797519e-02 2.26947085e-03 1.06075108e-03
4.33001267e-02 4.10946990e-03 1.02274560e-03
4.37205011e-02 2.08672226e-03 1.04364007e-03
4.41408750e-02 1.65700263e-03 1.06347912e-03
4.45612485e-02 1.33842827e-03 1.04639827e-03
4.49816216e-02 3.30504353e-03 1.05733365e-03
4.54019942e-02 2.00289496e-03 1.04460703e-03
4.58223663e-02 4.66936411e-03 1.02999809e-03
4.62427380e-02 3.42205734e-03 1.04214812e-03
4.66631092e-02 2.45914703e-03 1.01534680e-03
4.70834800e-02 1.85390600e-03 1.00770408e-03
4.75038502e-02 2.81031187e-03 1.01281714e-03
4.79242200e-02 4.04866252e-03 1.04455152e-03
4.83445894e-02 2.80652405e-03 1.00713222e-03
4.87649582e-02 1.47878946e-03 1.01768257e-03
4.91853265e-02 3.30308494e-03 1.00163083e-03
4.96056943e-02 2.16918349e-03 1.02195972e-03
5.00260617e-02 1.83798340e-03 9.34956387e-04
5.04464285e-02 1.07897119e-03 9.62599802e-04
5.08667948e-02 2.88384172e-03 1.00333199e-03
5.12871607e-02 3.13157544e-03 9.58598502e-04
5.17075260e-02 1.63834276e-03 9.59314201e-04
5.21278907e-02 3.24008183e-03 9.72453710e-04
5.25482550e-02 1.95157331e-03 9.00782366e-04
5.29686187e-02 1.62877273e-03 9.15426072e-04
5.33889819e-02 1.61360448e-03 9.09877588e-04
5.38093445e-02 5.51074806e-04 9.42545392e-04
5.42297066e-02 1.09860264e-03 9.11285331e-04
5.46500682e-02 1.63511513e-03 8.98490957e-04
5.50704292e-02 2.25114021e-03 9.03516403e-04
5.54907897e-02 2.58137107e-03 8.76515990e-04
5.59111496e-02 3.87559645e-03 9.62251390e-04
5.63315089e-02 3.00262599e-03 9.56794437e-04
5.67518677e-02 1.38293213e-03 9.42231126e-04
5.71722259e-02 2.05581498e-03 9.48607942e-04
5.75925835e-02 9.16532778e-04 9.15840222e-04
5.80129405e-02 1.03290891e-03 9.66998271e-04
5.84332970e-02 2.14889438e-03 9.34491526e-04
5.88536529e-02 1.15011878e-03 8.94237845e-04
5.92740081e-02 1.71581653e-03 9.13526009e-04
5.96943628e-02 1.71753205e-03 9.85595526e-04
6.01147169e-02 1.44051959e-03 9.44796558e-04
6.05350704e-02 2.23214984e-03 9.49645119e-04
6.09554232e-02 3.27234221e-04 8.67379599e-04
6.13757755e-02 8.29572127e-04 8.89822897e-04
6.17961271e-02 1.31234827e-03 9.26258443e-04
6.22164781e-02 2.48820437e-03 9.63929926e-04
6.26368285e-02 1.92825220e-03 9.28728098e-04
6.30571783e-02 5.53372444e-04 9.08653054e-04
6.34775274e-02 1.47014345e-03 8.91138327e-04
6.38978758e-02 6.68381868e-04 8.69549695e-04
6.43182237e-02 8.02697335e-04 9.31663170e-04
6.47385709e-02 8.68833625e-04 8.90141973e-04
6.51589174e-02 4.13868250e-04 8.72775743e-04
6.55792633e-02 2.26046832e-03 8.85292910e-04
6.59996085e-02 2.22312778e-03 8.54622775e-04
6.64199530e-02 1.46828933e-03 8.88721148e-04
6.68402969e-02 1.94478875e-03 8.50207892e-04
6.72606401e-02 8.84740894e-04 8.37832543e-04
6.76809827e-02 1.50856377e-03 8.41627213e-04
6.81013245e-02 1.15511052e-03 8.36462226e-04
6.85216657e-02 1.49261594e-03 8.31243071e-04
6.89420062e-02 2.44490480e-03 8.30475784e-04
6.93623459e-02 2.80396969e-03 8.66557908e-04
6.97826850e-02 1.44582026e-04 8.37110343e-04
7.02030234e-02 2.53433574e-03 8.61220285e-04
7.06233611e-02 1.66255029e-03 8.23839414e-04
7.10436980e-02 1.94854653e-03 8.36682726e-04
7.14640343e-02 1.45015711e-03 8.35855039e-04
7.18843698e-02 9.69641349e-04 8.25781412e-04
7.23047046e-02 2.30133754e-03 8.16124208e-04
7.27250387e-02 1.27045777e-03 7.99562319e-04
7.31453720e-02 1.18244976e-03 8.19431941e-04
7.35657046e-02 2.23054533e-03 8.00647615e-04
7.39860365e-02 1.66200993e-03 7.96177202e-04
7.44063676e-02 4.91849006e-04 7.87348824e-04
7.48266980e-02 9.19296009e-04 7.75570883e-04
7.52470276e-02 4.53606939e-04 7.74617890e-04
7.56673565e-02 1.70738629e-03 7.83751003e-04
7.60876846e-02 1.21611309e-03 7.71799936e-04
7.65080119e-02 8.42618215e-04 7.92199146e-04
7.69283384e-02 5.98906246e-04 8.12493115e-04
7.73486642e-02 6.99517126e-04 7.84333895e-04
7.77689892e-02 1.11034003e-03 7.85820036e-04
7.81893135e-02 4.04898165e-04 7.70435068e-04
7.86096369e-02 1.14842618e-03 7.59488092e-04
7.90299595e-02 4.09605258e-04 7.62680924e-04
7.94502814e-02 -1.20040160e-04 7.69390024e-04
7.98706024e-02 4.02183263e-04 7.50784088e-04
8.02909227e-02 5.84203910e-04 7.77429013e-04
8.07112421e-02 1.80697923e-03 7.36047456e-04
8.11315607e-02 -4.96982126e-06 7.62056716e-04
8.15518785e-02 1.11803602e-03 7.59870858e-04
8.19721955e-02 4.38022250e-04 7.63395999e-04
8.23925117e-02 1.20655423e-03 7.72439475e-04
8.28128270e-02 -2.34096346e-04 7.32530183e-04
8.32331415e-02 7.70308866e-04 7.63325594e-04
8.36534552e-02 7.16195801e-04 7.46811394e-04
8.40737680e-02 1.48218267e-03 7.57935020e-04
8.44940800e-02 1.42703922e-03 7.60309617e-04
8.49143911e-02 1.04857066e-03 7.24449293e-04
8.53347013e-02 1.37698182e-03 7.18207844e-04
8.57550107e-02 1.00849417e-03 7.51378114e-04
8.61753193e-02 1.05758315e-03 7.46961002e-04
8.65956270e-02 6.15234165e-04 7.56117118e-04
8.70159338e-02 4.11211302e-04 7.33566622e-04
8.74362397e-02 6.62647435e-04 7.51489421e-04
8.78565447e-02 1.89561903e-03 7.28943926e-04
8.82768489e-02 1.52356487e-03 7.06280352e-04
8.86971522e-02 9.10276915e-04 7.06023303e-04
8.91174545e-02 4.74473016e-05 7.10945038e-04
8.95377560e-02 4.87681226e-05 6.84159866e-04
8.99580566e-02 1.52270180e-03 7.27959229e-04
9.03783563e-02 9.21021374e-04 6.93661973e-04
9.07986550e-02 1.29741368e-03 7.10535251e-04
9.12189529e-02 1.57260679e-03 7.06126845e-04
9.16392498e-02 1.09462909e-03 7.06507850e-04
9.20595458e-02 1.37507782e-03 7.11942870e-04
9.24798409e-02 6.18655392e-04 7.26674882e-04
9.29001350e-02 1.38985781e-03 7.26746600e-04
9.33204283e-02 1.49007082e-03 7.14368110e-04
9.37407205e-02 9.06185523e-04 7.44120741e-04
9.41610119e-02 8.57054423e-04 7.22440532e-04
9.45813022e-02 8.77978491e-04 7.38897286e-04
9.50015917e-02 9.15175435e-04 7.28842037e-04
9.54218802e-02 -1.26367516e-04 7.27780243e-04
9.58421677e-02 4.41321727e-04 7.03572939e-04
9.62624542e-02 -4.85978278e-05 7.02767074e-04
9.66827398e-02 6.04668452e-04 7.17523444e-04
9.71030244e-02 5.14244025e-04 6.91186589e-04
9.75233080e-02 1.13995085e-03 7.06883731e-04
9.79435907e-02 1.43119001e-03 7.05623343e-04
9.83638723e-02 5.77523525e-04 7.09245894e-04
9.87841530e-02 -2.80899531e-04 7.07481443e-04
9.92044327e-02 8.62458602e-04 6.96891046e-04
9.96247114e-02 -1.13847317e-04 6.80618297e-04
1.00044989e-01 1.18259630e-04 6.83329440e-04
1.00465266e-01 -1.32134440e-04 6.99681280e-04
1.00885541e-01 7.68502388e-04 6.71544585e-04
1.01305816e-01 1.63802500e-03 6.79697770e-04
1.01726090e-01 9.70157935e-04 7.10828403e-04
1.02146362e-01 -1.89288675e-04 6.69645439e-04
1.02566634e-01 1.15394029e-03 7.03744152e-04
1.02986904e-01 7.97118919e-04 6.75868548e-04
1.03407174e-01 -1.03314643e-03 6.49803225e-04
1.03827442e-01 7.91709961e-04 6.69703994e-04
1.04247710e-01 9.84307067e-05 6.61571196e-04
1.04667976e-01 -3.72559266e-04 6.77868050e-04
1.05088241e-01 4.63999660e-04 6.69549661e-04
1.05508506e-01 1.82520947e-04 6.63101222e-04
1.05928769e-01 8.18710660e-04 6.53436091e-04
1.06349031e-01 7.06792742e-04 6.76408591e-04
1.06769292e-01 4.15974937e-04 6.83763185e-04
1.07189552e-01 -1.95528621e-04 6.55289591e-04
1.07609811e-01 -1.01649560e-03 6.49254272e-04
1.08030069e-01 1.00205546e-03 6.74380937e-04
1.08450325e-01 1.08658097e-03 6.59381201e-04
1.08870581e-01 2.26963640e-05 6.53146550e-04
1.09290836e-01 3.56515416e-04 6.32280713e-04
1.09711089e-01 8.40127390e-04 6.77457745e-04
1.10131341e-01 -5.42732490e-04 6.29441043e-04
1.10551592e-01 1.95299389e-04 6.55201404e-04
1.10971843e-01 -5.20452852e-04 6.38055330e-04
1.11392092e-01 2.76020937e-04 6.60218682e-04
1.11812339e-01 4.30115933e-05 6.35684413e-04
1.12232586e-01 -2.09119908e-04 6.42994076e-04
1.12652832e-01 8.86703603e-04 6.45002283e-04
1.13073076e-01 8.86296355e-04 6.48085983e-04
1.13493320e-01 -8.90096240e-05 6.56597222e-04
1.13913562e-01 3.55054729e-04 6.59440529e-04
1.14333803e-01 2.36147620e-04 6.59153166e-04
1.14754043e-01 3.50684258e-04 6.61219173e-04
1.15174282e-01 1.28936523e-03 6.71076977e-04
1.15594519e-01 2.19635581e-04 6.72170227e-04
1.16014756e-01 3.80191605e-04 6.61098454e-04
1.16434991e-01 9.81427238e-04 6.58837263e-04
1.16855225e-01 3.77883953e-04 6.51715315e-04
1.17275458e-01 9.26310110e-04 6.59240555e-04
1.17695690e-01 5.88958683e-05 6.47888808e-04
1.18115920e-01 6.94540586e-04 6.72732073e-04
1.18536149e-01 2.54717314e-05 6.70329716e-04
1.18956378e-01 6.22504663e-04 6.52797856e-04
1.19376605e-01 9.07161373e-04 6.41488667e-04
1.19796830e-01 5.58118288e-04 6.58643201e-04
1.20217055e-01 -1.22015271e-03 6.47329369e-04
1.20637278e-01 -4.22967407e-04 6.56448912e-04
1.21057500e-01 2.56875250e-04 6.57053927e-04
1.21477721e-01 -4.70911780e-04 6.60351061e-04
1.21897941e-01 -5.69997393e-05 6.48705315e-04
1.22318159e-01 -3.67686389e-04 6.39308440e-04
1.22738377e-01 1.08714397e-03 6.55202985e-04
1.23158593e-01 7.95097345e-04 6.47180315e-04
1.23578807e-01 -4.99096230e-04 6.27367259e-04
1.23999021e-01 -7.90469124e-05 6.54304534e-04
1.24419233e-01 6.34229696e-05 6.23507770e-04
1.24839444e-01 1.14630919e-03 6.47524474e-04
1.25259654e-01 6.63233867e-05 6.27470626e-04
1.25679862e-01 1.00001239e-04 6.21228153e-04
1.26100070e-01 -7.09331333e-05 6.39503509e-04
1.26520276e-01 6.30149026e-04 6.25546808e-04
1.26940480e-01 1.32106196e-03 6.39847986e-04
1.27360684e-01 8.41009022e-04 6.31938335e-04
1.27780886e-01 -1.27781098e-03 6.13245128e-04
1.28201087e-01 9.56995715e-05 6.15147222e-04
1.28621286e-01 5.66775878e-04 6.11354729e-04
1.29041485e-01 -2.37963610e-04 6.11251113e-04
1.29461682e-01 -8.84643093e-05 6.03127801e-04
1.29881877e-01 -3.24988205e-04 6.02228713e-04
1.30302072e-01 -7.75050227e-05 6.31205923e-04
1.30722265e-01 2.89985395e-04 6.08075991e-04
1.31142456e-01 -3.57255483e-04 6.06215068e-04
1.31562647e-01 -3.32968600e-04 6.08444329e-04
1.31982836e-01 1.08077561e-03 6.24067215e-04
1.32403024e-01 -5.89053312e-05 6.04084056e-04
1.32823210e-01 1.69069970e-03 6.30917324e-04
1.33243395e-01 4.26906283e-04 6.32419301e-04
1.33663579e-01 -6.70931345e-05 6.16579485e-04
1.34083761e-01 9.42700787e-04 6.04539763e-04
1.34503942e-01 -1.95254922e-04 6.03261040e-04
1.34924122e-01 1.03075387e-03 5.97515298e-04
1.35344300e-01 -7.80333321e-04 5.95822273e-04
1.35764477e-01 2.19987026e-04 5.90159815e-04
1.36184653e-01 9.52351564e-04 6.01291496e-04
1.36604827e-01 7.17786327e-04 6.05439170e-04
1.37025000e-01 -1.34990860e-04 5.96065312e-04
1.37445171e-01 5.22111913e-05 5.96122955e-04
1.37865341e-01 1.27785518e-03 5.83804646e-04
1.38285510e-01 5.84399433e-04 5.92581750e-04
1.38705677e-01 -1.50832923e-05 5.94051249e-04
1.39125843e-01 1.11903441e-03 6.00160189e-04
1.39546008e-01 -3.43525885e-04 5.96645073e-04
1.39966171e-01 1.32195516e-04 5.95293102e-04
1.40386333e-01 -6.87243381e-04 5.73899242e-04
1.40806493e-01 6.71725537e-04 5.74424968e-04
1.41226652e-01 -9.20371981e-04 5.61817653e-04
1.41646809e-01 -3.87071899e-05 5.83842195e-04
1.42066965e-01 1.66389849e-04 5.67095472e-04
1.42487120e-01 -4.58565653e-04 5.70999168e-04
1.42907273e-01 1.70812759e-04 5.89807758e-04
1.43327425e-01 -5.20752463e-06 5.72275103e-04
1.43747575e-01 -2.81664719e-04 5.55527788e-04
1.44167724e-01 4.91215552e-04 5.65350805e-04
1.44587871e-01 1.36443420e-04 5.55801735e-04
1.45008017e-01 -2.87425698e-04 5.67426359e-04
1.45428162e-01 7.43428543e-04 5.81538142e-04
1.45848305e-01 -5.60352440e-04 5.69808486e-04
1.46268446e-01 -1.22855992e-03 5.78047773e-04
1.46688586e-01 -6.59503142e-05 5.90519938e-04
1.47108725e-01 -3.27338004e-04 5.92423429e-04
1.47528862e-01 -5.26054163e-04 5.97100788e-04
1.47948998e-01 6.65831481e-04 5.99579170e-04
1.48369132e-01 6.01602077e-05 5.84180312e-04
1.48789265e-01 1.98296388e-04 5.82859346e-04
1.49209396e-01 7.81988026e-04 5.81187968e-04
1.49629525e-01 -5.99012845e-04 5.90127439e-04
1.50049654e-01 -7.12653502e-04 5.89670351e-04
1.50469780e-01 -1.51944023e-04 5.93869692e-04
1.50889905e-01 -9.32070978e-04 5.93459386e-04
1.51310029e-01 -4.87314270e-04 5.93468558e-04
1.51730151e-01 9.78306844e-04 5.85013195e-04
1.52150272e-01 4.57600629e-04 6.01524532e-04
1.52570391e-01 1.02806505e-04 5.80392073e-04
1.52990508e-01 -1.74172812e-04 5.72403410e-04
1.53410624e-01 -7.20386074e-04 5.85556458e-04
1.53830738e-01 1.09549426e-03 5.67546546e-04
1.54250851e-01 1.44930443e-04 5.75223459e-04
1.54670963e-01 1.00196760e-03 5.70967158e-04
1.55091072e-01 1.04417321e-04 5.57845123e-04
1.55511180e-01 -9.17027990e-04 5.63646777e-04
1.55931287e-01 -7.39559540e-04 5.67955096e-04
1.56351392e-01 -8.04526511e-04 5.47793432e-04
1.56771496e-01 -1.44051210e-04 5.53062834e-04
1.57191598e-01 -4.28029827e-05 5.56525684e-04
1.57611698e-01 -3.33443302e-04 5.58331990e-04
1.58031797e-01 -1.04117637e-03 5.44144030e-04
1.58451894e-01 -6.23709860e-04 5.50169888e-04
1.58871989e-01 2.81588082e-04 5.52573043e-04
1.59292083e-01 1.36129891e-04 5.56780625e-04
1.59712176e-01 2.75788020e-04 5.51371330e-04
1.60132266e-01 2.50797485e-04 5.39282684e-04
1.60552355e-01 7.09621930e-05 5.49190684e-04
1.60972443e-01 6.62177384e-05 5.49645279e-04
1.61392529e-01 -3.37087526e-05 5.52287827e-04
1.61812613e-01 -2.53823495e-04 5.51739234e-04
1.62232696e-01 6.68377595e-04 5.43643285e-04
1.62652777e-01 -2.03082533e-04 5.52585737e-04
1.63072856e-01 -8.79962141e-04 5.37894095e-04
1.63492934e-01 4.14883702e-04 5.51192092e-04
1.63913010e-01 2.76211278e-04 5.24038950e-04
1.64333084e-01 -6.62051261e-04 5.26375647e-04
1.64753157e-01 -4.22684355e-04 5.38861330e-04
1.65173228e-01 2.54393176e-04 5.33520151e-04
1.65593298e-01 1.13382748e-04 5.31097567e-04
1.66013366e-01 1.38005793e-03 5.20851642e-04
1.66433432e-01 2.95325254e-04 5.18297079e-04
1.66853496e-01 -6.06182451e-04 5.28027825e-04
1.67273559e-01 4.84311473e-04 5.30769877e-04
1.67693620e-01 5.73825819e-04 5.26365007e-04
1.68113680e-01 -9.39909840e-05 5.18449682e-04
1.68533737e-01 -2.26924917e-04 5.24454947e-04
1.68953793e-01 6.84168489e-04 5.20847011e-04
1.69373848e-01 7.38915796e-04 5.22180643e-04
1.69793900e-01 2.12733045e-04 5.23725050e-04
1.70213951e-01 -1.43813141e-04 5.19098890e-04
1.70634000e-01 4.37349399e-04 5.18106643e-04
1.71054048e-01 -8.31499253e-04 5.17655075e-04
1.71474094e-01 -1.34924745e-04 5.11261549e-04
1.71894138e-01 4.26572013e-05 5.09305332e-04
1.72314180e-01 5.43250589e-04 5.20189399e-04
1.72734221e-01 8.41082395e-04 5.26562293e-04
1.73154259e-01 -8.00740613e-04 5.06356633e-04
1.73574297e-01 -2.50143222e-04 5.21123083e-04
1.73994332e-01 -1.16587518e-04 5.16273037e-04
1.74414365e-01 -9.27440288e-05 5.11059916e-04
1.74834397e-01 -3.96487353e-04 5.05886469e-04
1.75254427e-01 -4.77915320e-04 4.97821220e-04
1.75674456e-01 -8.66621573e-05 5.04369207e-04
1.76094482e-01 1.76140511e-04 5.00781650e-04
1.76514507e-01 -1.45597136e-04 5.00707888e-04
1.76934530e-01 -1.64441771e-04 5.09860487e-04
1.77354551e-01 8.13552646e-04 5.11039893e-04
1.77774571e-01 1.70150328e-04 5.02426121e-04
1.78194588e-01 -1.37567066e-04 5.04309143e-04
1.78614604e-01 5.23813834e-04 5.03679194e-04
1.79034618e-01 1.39016601e-03 5.01065407e-04
1.79454631e-01 4.69760430e-04 5.09397999e-04
1.79874641e-01 1.17969175e-04 5.11607688e-04
1.80294650e-01 -7.87305501e-04 4.91479949e-04
1.80714657e-01 6.38573720e-04 4.94371323e-04
1.81134662e-01 -1.66909938e-04 4.89650075e-04
1.81554665e-01 -1.70378653e-04 4.98468832e-04
1.81974666e-01 1.27976342e-05 5.00877027e-04
1.82394666e-01 3.97345328e-04 4.92053178e-04
1.82814663e-01 1.22291348e-04 4.87520592e-04
1.83234659e-01 1.00089072e-04 4.95503976e-04
1.83654653e-01 -8.05448919e-04 4.87818073e-04
1.84074646e-01 -8.78726316e-04 4.76933516e-04
1.84494636e-01 1.63068845e-04 4.92890806e-04
1.84914624e-01 -1.58316034e-04 4.92660821e-04
1.85334611e-01 1.27128715e-04 4.78543001e-04
1.85754596e-01 2.15016631e-04 4.80705864e-04
1.86174579e-01 -2.34581719e-04 4.96375504e-04
1.86594560e-01 -5.36234762e-04 4.90820784e-04
1.87014539e-01 -1.00997931e-04 4.90644502e-04
1.87434516e-01 3.30567115e-04 4.90258447e-04
1.87854491e-01 -5.00853867e-04 4.75155035e-04
1.88274465e-01 8.40937804e-04 4.83538737e-04
1.88694437e-01 1.05008485e-03 4.82458767e-04
1.89114406e-01 -3.96429296e-04 4.83421744e-04
1.89534374e-01 9.11406106e-04 4.82872053e-04
1.89954340e-01 7.69402114e-04 4.77076755e-04
1.90374304e-01 -3.08723001e-04 4.73817938e-04
1.90794266e-01 7.28474452e-04 4.80871337e-04
1.91214226e-01 -8.71446527e-04 4.71354790e-04
1.91634184e-01 1.26724660e-04 4.56704015e-04
1.92054141e-01 1.51347689e-04 4.74767205e-04
1.92474095e-01 -1.10845251e-04 4.77629231e-04
1.92894047e-01 1.05281883e-04 4.68676106e-04
1.93313998e-01 1.79452572e-04 4.64502480e-04
1.93733946e-01 4.40519761e-04 4.65000311e-04
1.94153893e-01 8.90032661e-06 4.73692459e-04
1.94573838e-01 1.06084969e-05 4.76704410e-04
1.94993780e-01 1.35810108e-04 4.65852537e-04
1.95413721e-01 1.38743773e-04 4.61928789e-04
1.95833660e-01 -4.04438012e-04 4.62664928e-04
1.96253597e-01 6.58006372e-05 4.53476976e-04
1.96673531e-01 1.47146722e-03 4.80654641e-04
1.97093464e-01 5.17304187e-04 4.64258060e-04
1.97513395e-01 9.59698142e-04 4.60333260e-04
1.97933324e-01 4.55302032e-04 4.64375307e-04
1.98353251e-01 3.71856492e-04 4.58467751e-04
1.98773176e-01 -7.48169759e-05 4.66126430e-04
1.99193099e-01 -5.45826732e-04 4.59454934e-04
1.99613019e-01 -2.19909586e-05 4.62409648e-04
2.00032938e-01 5.16017222e-04 4.59739700e-04
2.00452855e-01 -2.00388765e-04 4.60140215e-04
2.00872770e-01 -4.98884674e-05 4.50821497e-04
2.01292683e-01 4.07636513e-04 4.64406673e-04
2.01712594e-01 -1.10476691e-04 4.50884296e-04
2.02132502e-01 -1.95600850e-04 4.53331420e-04
2.02552409e-01 1.63441955e-05 4.60928450e-04
2.02972314e-01 7.92738427e-04 4.55741030e-04
2.03392217e-01 -5.47220917e-04 4.50946369e-04
2.03812117e-01 5.88657776e-04 4.57883288e-04
2.04232016e-01 2.15105649e-04 4.50307521e-04
2.04651912e-01 1.24315690e-04 4.52054114e-04
2.05071807e-01 3.49886224e-05 4.61465935e-04
2.05491699e-01 4.62299485e-05 4.72843643e-04
2.05911590e-01 4.87135835e-04 4.61883978e-04
2.06331478e-01 6.72233714e-04 4.70024826e-04
2.06751364e-01 -3.76439113e-04 4.62196302e-04
2.07171248e-01 -5.15147321e-05 4.62555074e-04
2.07591130e-01 7.75305678e-05 4.66247319e-04
2.08011010e-01 3.87054274e-04 4.59100169e-04
2.08430888e-01 -3.85036496e-04 4.52800305e-04
2.08850764e-01 -5.23700610e-04 4.51142744e-04
2.09270637e-01 -4.10181611e-05 4.68155952e-04
2.09690509e-01 -2.59779852e-04 4.56559530e-04
2.10110378e-01 -6.29080065e-04 4.48379433e-04
2.10530246e-01 2.70106039e-05 4.51451556e-04
2.10950111e-01 2.97960646e-04 4.65213284e-04
2.11369974e-01 -2.72328270e-05 4.58983128e-04
2.11789835e-01 3.82793099e-04 4.63098802e-04
2.12209694e-01 -4.31859951e-04 4.48599904e-04
2.12629551e-01 -3.86893448e-04 4.37995428e-04
2.13049405e-01 -8.77674101e-04 4.48594141e-04
2.13469258e-01 1.17148574e-04 4.52478662e-04
2.13889108e-01 -9.40809103e-05 4.50455805e-04
2.14308956e-01 -2.38070433e-04 4.52694939e-04
2.14728802e-01 5.49770594e-05 4.46451714e-04
2.15148646e-01 2.27915097e-04 4.55566146e-04
2.15568487e-01 -6.26324536e-04 4.44905051e-04
2.15988327e-01 1.37342928e-04 4.43235665e-04
2.16408164e-01 -5.03668718e-04 4.42421545e-04
2.16827999e-01 3.45222404e-04 4.41811605e-04
2.17247832e-01 4.67016142e-04 4.56017652e-04
2.17667663e-01 1.10067149e-04 4.42392413e-04
2.18087492e-01 -5.64897236e-04 4.39580763e-04
2.18507318e-01 -3.04483927e-04 4.37962377e-04
2.18927142e-01 -2.83202951e-04 4.39409530e-04
2.19346964e-01 1.94653187e-04 4.43447677e-04
2.19766784e-01 -1.46602827e-04 4.40933963e-04
2.20186602e-01 -2.08494797e-04 4.32438143e-04
2.20606417e-01 2.31280669e-04 4.38550131e-04
2.21026230e-01 1.15695541e-04 4.32072787e-04
2.21446041e-01 5.73943805e-04 4.34493611e-04
2.21865850e-01 3.03278794e-04 4.34589054e-04
2.22285656e-01 -2.41143566e-04 4.30971333e-04
2.22705461e-01 4.11684911e-04 4.21472807e-04
2.23125263e-01 2.48945232e-04 4.36962369e-04
2.23545063e-01 -4.82451072e-04 4.36659031e-04
2.23964860e-01 -1.25263330e-05 4.37889295e-04
2.24384655e-01 -7.41961839e-05 4.43385469e-04
2.24804448e-01 2.11003495e-04 4.21711436e-04
2.25224239e-01 1.89518270e-05 4.21578669e-04
2.25644028e-01 -7.71798669e-05 4.28023131e-04
2.26063814e-01 5.66319312e-04 4.27220714e-04
2.26483598e-01 1.17196868e-04 4.25342899e-04
2.26903379e-01 -3.49127985e-04 4.24476356e-04
2.27323159e-01 2.42749796e-04 4.29025167e-04
2.27742936e-01 -2.76775611e-04 4.17677016e-04
2.28162711e-01 -3.52829711e-05 4.23315650e-04
2.28582483e-01 3.38596130e-04 4.24000755e-04
2.29002254e-01 -1.05611056e-04 4.14336741e-04
2.29422022e-01 5.26464008e-04 4.24235305e-04
2.29841787e-01 3.02253148e-04 4.21560480e-04
2.30261550e-01 5.96898623e-04 4.21738335e-04
2.30681311e-01 5.31163555e-04 4.18389273e-04
2.31101070e-01 3.62963965e-04 4.22774679e-04
2.31520827e-01 -5.02036028e-04 4.08069483e-04
2.31940581e-01 -2.36316999e-04 4.05551163e-04
2.32360332e-01 -9.48219350e-05 4.18941489e-04
2.32780082e-01 7.55263593e-04 4.16720828e-04
2.33199829e-01 4.62352017e-04 4.20887775e-04
2.33619573e-01 1.27155433e-04 4.25439263e-04
2.34039316e-01 2.40558553e-04 4.21187020e-04
2.34459056e-01 -7.28005045e-04 4.21291857e-04
2.34878793e-01 -2.60181068e-04 4.19140039e-04
2.35298529e-01 2.78204491e-04 4.25729599e-04
2.35718262e-01 -1.52044263e-04 4.21872210e-04
2.36137992e-01 -2.03230253e-05 4.27179628e-04
2.36557720e-01 -3.66221147e-04 4.23681311e-04
2.36977446e-01 -4.98730528e-04 4.20960531e-04
2.37397170e-01 -2.16142778e-04 4.36829502e-04
2.37816891e-01 1.23091681e-04 4.23204453e-04
2.38236609e-01 3.15151785e-04 4.26899969e-04
2.38656325e-01 2.74163613e-04 4.27628363e-04
2.39076039e-01 3.64725301e-05 4.36681404e-04
2.39495751e-01 1.26337196e-04 4.21946926e-04
2.39915460e-01 1.12703938e-03 4.25786893e-04
2.40335166e-01 -4.29818951e-04 4.19632505e-04
2.40754871e-01 -1.55742626e-04 4.31592985e-04
2.41174572e-01 1.75641654e-04 4.22938225e-04
2.41594272e-01 2.38807841e-05 4.13510566e-04
2.42013969e-01 -7.89978469e-05 4.30118902e-04
2.42433663e-01 7.79827249e-05 4.22636388e-04
2.42853355e-01 3.66758794e-04 4.15437268e-04
2.43273045e-01 5.15518892e-04 4.21727384e-04
2.43692732e-01 1.45657495e-04 4.14339500e-04
2.44112417e-01 1.39257558e-04 4.09269862e-04
2.44532099e-01 -1.82347713e-04 4.13259317e-04
2.44951779e-01 2.52529745e-04 4.18644681e-04
2.45371457e-01 -6.97162671e-04 4.10837424e-04
2.45791131e-01 -3.90882034e-04 4.04653291e-04
2.46210804e-01 -4.76774948e-04 4.01485119e-04
2.46630474e-01 -2.96902527e-04 4.07130982e-04
2.47050141e-01 8.23970291e-05 4.19154817e-04
2.47469806e-01 1.59067251e-04 4.09042566e-04
2.47889469e-01 3.12223002e-04 4.14992014e-04
2.48309129e-01 6.22975137e-04 4.09385950e-04
2.48728787e-01 2.64772251e-04 4.11872985e-04
2.49148442e-01 6.43276037e-04 4.03757426e-04
2.49568094e-01 1.63350670e-04 3.96481632e-04
2.49987744e-01 -4.23591862e-04 4.03801709e-04
2.50407392e-01 3.55299174e-04 4.03542583e-04
2.50827037e-01 3.62892079e-04 4.06599041e-04
2.51246679e-01 1.33324971e-04 4.03831849e-04
2.51666319e-01 7.03344350e-04 4.03880602e-04
2.52085957e-01 2.40394191e-04 3.98401306e-04
2.52505592e-01 8.52126822e-04 4.04464959e-04
2.52925224e-01 -9.80341634e-05 4.02286830e-04
2.53344854e-01 5.38536828e-04 4.08028184e-04
2.53764481e-01 -2.10077244e-04 3.96878415e-04
2.54184106e-01 -4.28401481e-05 3.95064729e-04
2.54603728e-01 6.30978882e-04 3.98885330e-04
2.55023348e-01 3.22922034e-04 3.93245197e-04
2.55442965e-01 -1.45855509e-04 4.00263703e-04
2.55862579e-01 -1.17653300e-04 3.96221213e-04
2.56282191e-01 -1.77287193e-04 3.90236779e-04
2.56701800e-01 1.54897266e-04 3.92256892e-04
2.57121407e-01 4.86398429e-04 3.97180585e-04
2.57541011e-01 -7.31796996e-07 3.93922642e-04
2.57960613e-01 2.06393590e-04 3.95849813e-04
2.58380212e-01 2.79282082e-04 3.91550916e-04
2.58799808e-01 -3.39984284e-05 3.97039008e-04
2.59219402e-01 -8.14962008e-04 3.89958077e-04
2.59638994e-01 4.87566320e-04 3.93732959e-04
2.60058582e-01 2.35895990e-04 3.90103194e-04
2.60478168e-01 -1.61997576e-05 3.89701932e-04
2.60897752e-01 4.21457989e-04 3.85619592e-04
2.61317332e-01 -2.54609725e-04 3.93474565e-04
2.61736910e-01 -6.34573028e-05 3.91821777e-04
2.62156486e-01 -3.63329816e-04 3.88430970e-04
2.62576059e-01 7.16823938e-05 3.99048833e-04
2.62995629e-01 -2.57231500e-04 3.90341878e-04
2.63415197e-01 -2.89126129e-04 3.92171268e-04
2.63834762e-01 -9.49934332e-05 3.86567746e-04
2.64254324e-01 -7.67687329e-05 3.89196118e-04
2.64673884e-01 2.26341301e-04 3.90370035e-04
2.65093441e-01 -7.38052408e-04 3.82183908e-04
2.65512995e-01 -2.78620124e-04 3.85740967e-04
2.65932547e-01 3.25572819e-04 3.93518785e-04
2.66352096e-01 4.78590440e-04 3.83675930e-04
2.66771642e-01 -2.35476352e-04 3.90572354e-04
2.67191186e-01 -8.83416921e-05 3.75736679e-04
2.67610727e-01 -1.10979120e-05 3.89575666e-04
2.68030265e-01 -4.86940175e-05 3.83468541e-04
2.68449801e-01 -2.44032088e-04 3.89922538e-04
2.68869333e-01 -1.27994614e-04 3.86922713e-04
2.69288864e-01 -2.55403709e-04 3.84686330e-04
2.69708391e-01 5.17046955e-05 3.70595145e-04
2.70127916e-01 4.92561757e-04 3.81294004e-04
2.70547438e-01 4.33248826e-04 3.79439290e-04
2.70966957e-01 2.75359511e-04 3.81237797e-04
2.71386474e-01 -5.52849925e-04 3.77276482e-04
2.71805988e-01 -1.42164203e-04 3.72226724e-04
2.72225499e-01 -1.12563566e-04 3.72387396e-04
2.72645008e-01 7.89378356e-05 3.77486726e-04
2.73064513e-01 -1.03134552e-04 3.80342128e-04
2.73484016e-01 -3.56401239e-04 3.74123283e-04
2.73903517e-01 2.24436440e-04 3.66452987e-04
2.74323014e-01 -5.55686518e-05 3.73131590e-04
2.74742509e-01 5.45207092e-04 3.73591425e-04
2.75162001e-01 -3.42782068e-05 3.77968131e-04
2.75581490e-01 -6.28351260e-04 3.72228364e-04
2.76000976e-01 -7.70412602e-05 3.76743127e-04
2.76420460e-01 -3.97919067e-05 3.75245291e-04
2.76839941e-01 1.72083068e-06 3.76379264e-04
2.77259419e-01 -5.67082646e-04 3.79399715e-04
2.77678894e-01 3.89617887e-04 3.76464948e-04
2.78098367e-01 -3.24675008e-04 3.74978106e-04
2.78517837e-01 -6.55476418e-04 3.71193068e-04
2.78937304e-01 -1.54497248e-04 3.70010692e-04
2.79356768e-01 -5.18671064e-04 3.64295767e-04
2.79776229e-01 -2.35254168e-04 3.76106932e-04
2.80195688e-01 2.12521122e-04 3.67994033e-04
2.80615143e-01 6.10794621e-04 3.72273540e-04
2.81034596e-01 7.06199146e-04 3.70916801e-04
2.81454046e-01 -1.22606581e-04 3.64643725e-04
2.81873494e-01 3.53654067e-04 3.69637167e-04
2.82292938e-01 1.55988159e-04 3.64263203e-04
2.82712380e-01 2.21121807e-05 3.76294858e-04
2.83131819e-01 6.54708520e-05 3.64127406e-04
2.83551254e-01 8.41377609e-05 3.69404299e-04
2.83970688e-01 -2.27142018e-04 3.70576722e-04
2.84390118e-01 4.35673651e-05 3.67794499e-04
2.84809545e-01 -2.99910563e-04 3.67180712e-04
2.85228970e-01 5.14832263e-04 3.70646171e-04
2.85648391e-01 -1.32731098e-04 3.61350943e-04
2.86067810e-01 4.09642392e-05 3.63603215e-04
2.86487226e-01 6.37815708e-04 3.65737047e-04
2.86906639e-01 -1.38815819e-04 3.68171194e-04
2.87326049e-01 9.48618620e-05 3.71543731e-04
2.87745457e-01 1.68089095e-04 3.63613683e-04
2.88164861e-01 3.18422142e-04 3.66274210e-04
2.88584262e-01 9.32812575e-05 3.66322168e-04
2.89003661e-01 -2.27534949e-04 3.56464812e-04
2.89423057e-01 -1.64964690e-04 3.51436184e-04
2.89842450e-01 -2.98703830e-05 3.62543945e-04
2.90261839e-01 -3.81964890e-04 3.61024198e-04
2.90681226e-01 1.30926103e-04 3.60049713e-04
2.91100611e-01 6.69529609e-06 3.65281438e-04
2.91519992e-01 1.19173773e-04 3.60091206e-04
2.91939370e-01 5.11411491e-04 3.64843191e-04
2.92358745e-01 1.01768072e-04 3.61608502e-04
2.92778118e-01 -1.43493043e-04 3.52095772e-04
2.93197487e-01 2.81781236e-05 3.64758427e-04
2.93616853e-01 4.23374164e-05 3.53056953e-04
2.94036217e-01 3.38703017e-04 3.62982996e-04
2.94455578e-01 8.24634861e-05 3.68363228e-04
2.94874935e-01 2.63445401e-04 3.62635850e-04
2.95294290e-01 3.81259992e-04 3.72788158e-04
2.95713642e-01 -4.18781656e-04 3.58989492e-04
2.96132990e-01 -3.38765267e-04 3.62931110e-04
2.96552336e-01 -1.69578001e-04 3.62804051e-04
2.96971679e-01 -4.14761727e-04 3.59407508e-04
2.97391019e-01 1.70353389e-04 3.70598593e-04
2.97810356e-01 -5.29163004e-05 3.72530717e-04
2.98229689e-01 -6.82807756e-04 3.66243424e-04
2.98649020e-01 -2.87569767e-04 3.65343529e-04
2.99068348e-01 -4.83580856e-04 3.62765801e-04
2.99487673e-01 2.08569296e-04 3.64505196e-04
2.99906995e-01 1.42972604e-04 3.66965479e-04
3.00326314e-01 -4.08782384e-05 3.73768868e-04
3.00745629e-01 4.07938781e-05 3.60198430e-04
3.01164942e-01 1.07885367e-04 3.74039410e-04
3.01584252e-01 8.10842891e-05 3.66878708e-04
3.02003559e-01 -1.55409514e-04 3.67423444e-04
3.02422863e-01 4.55084682e-04 3.70543325e-04
3.02842163e-01 2.34241066e-04 3.73553866e-04
3.03261461e-01 -3.38481258e-04 3.64122617e-04
3.03680756e-01 -2.66745186e-04 3.66479981e-04
3.04100047e-01 4.28108835e-04 3.74582042e-04
3.04519336e-01 -1.91761695e-04 3.73679791e-04
3.04938621e-01 1.95773538e-04 3.65287274e-04
3.05357904e-01 1.43226050e-04 3.65161485e-04
3.05777183e-01 3.29762704e-04 3.67136117e-04
3.06196459e-01 3.89517313e-04 3.64597638e-04
3.06615732e-01 -2.76940742e-04 3.60193888e-04
3.07035003e-01 -1.41024904e-04 3.67119293e-04
3.07454270e-01 -6.98378995e-05 3.63034223e-04
3.07873534e-01 -5.54747460e-04 3.65186965e-04
3.08292794e-01 -5.23972211e-04 3.68329891e-04
3.08712052e-01 1.24221495e-04 3.63739811e-04
3.09131307e-01 -5.11499093e-06 3.64700102e-04
3.09550559e-01 -1.15679745e-04 3.67540452e-04
3.09969807e-01 5.23808858e-04 3.60652710e-04
3.10389052e-01 2.72832295e-04 3.59883762e-04
3.10808295e-01 -1.36447336e-04 3.60469063e-04
3.11227534e-01 -2.17488160e-04 3.64948599e-04
3.11646770e-01 -2.89775453e-04 3.61456674e-04
3.12066003e-01 -5.97351313e-04 3.58905738e-04
3.12485233e-01 -3.15402108e-04 3.67573559e-04
3.12904459e-01 8.24078122e-04 3.63099983e-04
3.13323683e-01 -1.53959267e-04 3.59774626e-04
3.13742903e-01 1.66817629e-04 3.64638976e-04
3.14162120e-01 3.08908411e-04 3.70911053e-04
3.14581334e-01 -2.78911174e-04 3.62987026e-04
3.15000545e-01 -3.82397978e-04 3.66793972e-04
3.15419753e-01 2.08771944e-04 3.61492892e-04
3.15838958e-01 -3.70116288e-04 3.59366608e-04
3.16258159e-01 4.30820632e-04 3.68985046e-04
3.16677357e-01 9.59076341e-04 3.65857040e-04
3.17096552e-01 4.02181522e-04 3.57589172e-04
3.17515744e-01 -7.39955719e-04 3.64093381e-04
3.17934933e-01 -6.66992792e-05 3.67344491e-04
3.18354118e-01 5.55429822e-05 3.67076941e-04
3.18773301e-01 -1.52140792e-04 3.66254633e-04
3.19192480e-01 9.42088402e-05 3.60747064e-04
3.19611656e-01 -2.07755966e-04 3.54325282e-04
3.20030829e-01 2.65191578e-04 3.58859359e-04
3.20449998e-01 -3.92426413e-04 3.62331283e-04
3.20869164e-01 -2.36988441e-04 3.63202674e-04
3.21288328e-01 -3.99736982e-06 3.63215246e-04
3.21707487e-01 3.10570828e-04 3.65409713e-04
3.22126644e-01 -8.03747763e-05 3.74277031e-04
3.22545797e-01 5.12429215e-04 3.66629044e-04
3.22964948e-01 -4.13818258e-04 3.62443421e-04
3.23384095e-01 3.40782104e-04 3.80540031e-04
3.23803238e-01 -6.47329561e-04 3.75152786e-04
3.24222379e-01 -8.23249266e-05 3.79893577e-04
3.24641516e-01 3.68624661e-04 3.81428862e-04
3.25060650e-01 -2.52585365e-06 3.87186724e-04
3.25479781e-01 3.17787051e-04 3.84579997e-04
3.25898908e-01 9.90344862e-05 3.81715508e-04
3.26318032e-01 -2.59286064e-04 3.87280697e-04
3.26737153e-01 2.91780270e-04 3.89079068e-04
3.27156271e-01 -4.24389253e-05 3.88981467e-04
3.27575385e-01 -3.86979085e-04 3.84785276e-04
3.27994496e-01 -2.09390215e-04 3.89307487e-04
3.28413604e-01 -1.60650040e-04 3.93177856e-04
3.28832708e-01 2.46773405e-04 3.91333067e-04
3.29251810e-01 3.72957619e-04 3.99635334e-04
3.29670907e-01 3.71552747e-04 3.92713448e-04
3.30090002e-01 4.05871674e-05 3.89366015e-04
3.30509093e-01 -4.17878204e-04 3.88610714e-04
3.30928181e-01 -8.42652377e-04 3.98630446e-04
3.31347266e-01 -2.87810584e-04 3.95141411e-04
3.31766347e-01 -7.36931868e-05 4.04453475e-04
3.32185425e-01 5.74469791e-04 4.03653812e-04
3.32604500e-01 4.67060149e-05 3.96771444e-04
3.33023571e-01 4.69680333e-04 3.98975646e-04
3.33442639e-01 5.06786078e-04 4.03583899e-04
3.33861704e-01 6.35701477e-05 3.98097364e-04
3.34280765e-01 1.63619238e-04 3.98150977e-04
3.34699823e-01 -4.27038218e-04 3.99897919e-04
3.35118878e-01 1.19439643e-04 4.00113111e-04
3.35537929e-01 -3.74096423e-05 4.04056280e-04
3.35956977e-01 -4.56116355e-04 3.98756873e-04
3.36376021e-01 4.47888255e-04 4.02734947e-04
3.36795062e-01 -1.71335522e-04 4.02452231e-04
3.37214100e-01 -1.50997992e-04 4.05969043e-04
3.37633135e-01 -5.14695853e-04 4.06231773e-04
3.38052166e-01 -5.87263159e-06 4.01127307e-04
3.38471193e-01 8.07821843e-05 4.09097079e-04
3.38890217e-01 1.00416098e-04 4.06072337e-04
3.39309238e-01 -2.21171424e-04 4.07299722e-04
3.39728256e-01 -5.52025894e-04 4.13652183e-04
3.40147270e-01 -1.53631033e-05 4.13351229e-04
3.40566280e-01 -1.87510627e-04 4.04427106e-04
3.40985288e-01 1.50121691e-04 4.22479795e-04
3.41404291e-01 -2.37120293e-04 4.15366879e-04
3.41823292e-01 3.65205691e-04 4.10659966e-04
3.42242289e-01 -1.37654603e-04 4.08076857e-04
3.42661282e-01 8.07405742e-05 4.18892197e-04
3.43080272e-01 -1.45747266e-04 4.07907267e-04
3.43499259e-01 3.86012604e-04 4.08183688e-04
3.43918242e-01 3.12854782e-04 4.13814121e-04
3.44337222e-01 -5.54486058e-04 4.09146369e-04
3.44756198e-01 -4.21012016e-04 4.19418654e-04
3.45175171e-01 6.64921654e-04 4.14074300e-04
3.45594140e-01 2.22557709e-04 4.12487732e-04
3.46013106e-01 8.64690539e-04 4.21467718e-04
3.46432069e-01 6.82993436e-04 4.18260515e-04
3.46851028e-01 5.19046876e-04 4.25155066e-04
3.47269983e-01 3.81358654e-04 4.25447973e-04
3.47688935e-01 1.95899329e-05 4.18167429e-04
3.48107884e-01 2.78031739e-04 4.20445223e-04
3.48526829e-01 -3.68496738e-04 4.17590638e-04
3.48945770e-01 1.72762104e-04 4.23834518e-04
3.49364708e-01 -7.07495789e-04 4.27714469e-04
3.49783643e-01 -2.52987607e-04 4.14051484e-04
3.50202574e-01 7.80231085e-04 4.23942740e-04
3.50621502e-01 -3.77730008e-04 4.19332495e-04
3.51040426e-01 7.28658212e-04 4.28433250e-04
3.51459346e-01 5.47133756e-04 4.22905478e-04
3.51878263e-01 -6.94885238e-04 4.21204974e-04
3.52297177e-01 -7.57642960e-04 4.20251157e-04
3.52716087e-01 5.66834353e-04 4.20145958e-04
3.53134993e-01 -2.23516227e-04 4.29168688e-04
3.53553896e-01 -4.35339055e-04 4.21206958e-04
3.53972795e-01 4.55373882e-04 4.18046693e-04
3.54391691e-01 1.44666599e-04 4.28647941e-04
3.54810584e-01 1.81745251e-04 4.41395119e-04
3.55229472e-01 5.90926866e-04 4.36970894e-04
3.55648357e-01 7.70366539e-04 4.37259237e-04
3.56067239e-01 5.33264951e-04 4.30477510e-04
3.56486117e-01 4.61342861e-04 4.33393595e-04
3.56904991e-01 7.62319967e-04 4.44063783e-04
3.57323862e-01 1.45134194e-04 4.43746211e-04
3.57742730e-01 5.61284980e-04 4.33936354e-04
3.58161593e-01 2.57564729e-05 4.35181346e-04
3.58580453e-01 7.39698432e-04 4.42821459e-04
3.58999310e-01 2.42529282e-04 4.42357615e-04
3.59418163e-01 -1.27674782e-04 4.31700234e-04
3.59837012e-01 1.38044632e-04 4.41378636e-04
3.60255858e-01 -8.27147970e-05 4.34761527e-04
3.60674700e-01 -3.68291697e-04 4.24166582e-04
3.61093539e-01 -2.77435590e-04 4.28178785e-04
3.61512374e-01 7.26383925e-04 4.31413741e-04
3.61931205e-01 -2.09742791e-04 4.38438920e-04
3.62350032e-01 -1.03742681e-04 4.40383258e-04
3.62768857e-01 -4.03467500e-04 4.38241996e-04
3.63187677e-01 2.78457021e-04 4.38858628e-04
3.63606494e-01 -3.02383106e-04 4.38661401e-04
3.64025307e-01 4.85229154e-04 4.44385881e-04
3.64444116e-01 -1.28355198e-04 4.45714868e-04
3.64862922e-01 1.69234142e-04 4.55428805e-04
3.65281724e-01 -5.04640929e-04 4.36142760e-04
3.65700523e-01 -6.56244565e-04 4.42257044e-04
3.66119318e-01 -5.67378063e-04 4.35917638e-04
3.66538109e-01 1.41315686e-04 4.40854329e-04
3.66956896e-01 -2.26472802e-04 4.50609742e-04
3.67375680e-01 5.28094529e-04 4.42362654e-04
3.67794460e-01 1.37683962e-04 4.37552802e-04
3.68213237e-01 2.68434637e-06 4.44870278e-04
3.68632010e-01 3.95639649e-04 4.36130149e-04
3.69050779e-01 3.55632211e-04 4.46886427e-04
3.69469544e-01 -1.40242907e-04 4.51392784e-04
3.69888306e-01 -9.04530778e-04 4.34398305e-04
3.70307064e-01 -7.33043309e-05 4.50449360e-04
3.70725818e-01 2.54011867e-04 4.47258155e-04
3.71144569e-01 7.50448834e-04 4.49839537e-04
3.71563316e-01 2.62961662e-05 4.49265678e-04
3.71982059e-01 -3.37881469e-04 4.48943042e-04
3.72400798e-01 -2.14304157e-05 4.59976056e-04
3.72819534e-01 -7.85467294e-05 4.48303845e-04
3.73238266e-01 3.88239221e-04 4.59777931e-04
3.73656994e-01 4.85830276e-04 4.47244157e-04
3.74075719e-01 -1.35560027e-04 4.46162257e-04
3.74494439e-01 6.10631719e-05 4.55034312e-04
3.74913156e-01 -1.37672745e-03 4.48561841e-04
3.75331870e-01 -2.14439431e-04 4.54075994e-04
3.75750579e-01 1.99827993e-04 4.52887141e-04
3.76169285e-01 -4.66313774e-04 4.50875297e-04
3.76587987e-01 -3.39011015e-04 4.57300768e-04
3.77006685e-01 -1.58015081e-04 4.53930017e-04
3.77425380e-01 -4.19489681e-04 4.55186717e-04
3.77844070e-01 -2.04590650e-04 4.57341809e-04
3.78262757e-01 9.71468028e-05 4.66420197e-04
3.78681440e-01 3.76688474e-05 4.45703844e-04
3.79100119e-01 1.47776989e-04 4.60942942e-04
3.79518795e-01 -4.00403212e-04 4.65744796e-04
3.79937467e-01 -6.37183771e-04 4.46172110e-04
3.80356135e-01 -7.19070974e-04 4.49670031e-04
3.80774799e-01 7.25857173e-04 4.54427558e-04
3.81193459e-01 3.38359001e-04 4.59307025e-04
3.81612115e-01 4.80363151e-04 4.64120468e-04
3.82030768e-01 5.60935554e-04 4.72656952e-04
3.82449417e-01 1.60695644e-04 4.56266393e-04
3.82868062e-01 -1.60674088e-04 4.58880779e-04
3.83286703e-01 -4.83628246e-04 4.81249831e-04
3.83705340e-01 -1.91302227e-04 4.65288611e-04
3.84123974e-01 -1.02083173e-03 4.87539572e-04
3.84542604e-01 6.05801304e-04 4.88118744e-04
3.84961229e-01 -5.93275880e-04 4.78562622e-04
3.85379851e-01 4.27284947e-04 4.87113254e-04
3.85798469e-01 -1.56971455e-04 4.84809933e-04
3.86217084e-01 -1.23231740e-03 4.83960002e-04
3.86635694e-01 9.67203686e-04 4.90586761e-04
3.87054301e-01 7.62850804e-04 5.06336001e-04
3.87472903e-01 -2.24835093e-05 4.91804451e-04
3.87891502e-01 8.78585463e-05 5.04560702e-04
3.88310097e-01 8.61060801e-04 5.12211013e-04
3.88728688e-01 2.56234107e-04 5.18705354e-04
3.89147275e-01 -2.18593430e-04 5.07371023e-04
3.89565858e-01 -4.21980112e-04 5.11493282e-04
3.89984437e-01 3.19583051e-04 5.05376895e-04
3.90403013e-01 9.07272354e-05 5.19290547e-04
3.90821584e-01 2.11845233e-04 5.22335762e-04
3.91240152e-01 -1.22051771e-04 5.12521656e-04
3.91658716e-01 -3.93747353e-04 5.34472975e-04
3.92077275e-01 -1.03456441e-03 5.34789545e-04
3.92495831e-01 6.16515323e-04 5.41592797e-04
3.92914383e-01 3.28743489e-04 5.25934141e-04
3.93332931e-01 -3.27491309e-04 5.24591555e-04
3.93751475e-01 4.56932848e-05 5.19507570e-04
3.94170015e-01 -4.81396624e-04 5.21665632e-04
3.94588552e-01 -4.89457219e-04 5.34101034e-04
3.95007084e-01 -6.93724190e-04 5.40816094e-04
3.95425612e-01 -5.54368885e-04 5.52783211e-04
3.95844136e-01 -1.05524379e-04 5.50554537e-04
3.96262657e-01 -1.56010665e-04 5.52657180e-04
3.96681173e-01 1.60150391e-04 5.55980001e-04
3.97099686e-01 2.36287254e-04 5.40188252e-04
3.97518194e-01 1.51599246e-04 5.50822200e-04
3.97936698e-01 6.16410779e-05 5.56765736e-04
3.98355199e-01 -7.41707511e-04 5.60994209e-04
3.98773695e-01 5.71116803e-05 5.48600844e-04
3.99192188e-01 -1.48109128e-04 5.66063318e-04
3.99610677e-01 -1.96142871e-04 5.43966227e-04
4.00029161e-01 5.15905415e-04 5.72432241e-04
4.00447642e-01 6.50771214e-05 5.46817631e-04
4.00866118e-01 5.05436411e-05 5.82197090e-04
4.01284591e-01 -3.33261386e-04 5.57651386e-04
4.01703059e-01 2.25057812e-04 5.71276537e-04
4.02121524e-01 1.95659981e-04 5.66000286e-04
4.02539984e-01 5.57729945e-04 5.76292693e-04
4.02958441e-01 8.53558150e-04 5.72805553e-04
4.03376893e-01 -2.72148537e-04 5.71284074e-04
4.03795341e-01 -8.77881679e-04 5.77128532e-04
4.04213786e-01 1.86003026e-04 5.98568010e-04
4.04632226e-01 -2.47794343e-04 6.01653482e-04
4.05050662e-01 -1.07734177e-03 5.77819133e-04
4.05469095e-01 6.74094690e-04 5.97769779e-04
4.05887523e-01 -1.25647072e-05 5.88096066e-04
4.06305947e-01 -2.60686132e-04 5.89677739e-04
4.06724367e-01 1.71272415e-04 5.85508850e-04
4.07142783e-01 7.57864906e-04 6.05564424e-04
4.07561195e-01 -3.68029345e-05 5.97215279e-04
4.07979603e-01 -3.18076309e-04 5.91753979e-04
4.08398006e-01 4.47252938e-04 5.89823479e-04
4.08816406e-01 7.72678505e-04 6.18143745e-04
4.09234802e-01 -1.70472020e-05 6.17727097e-04
4.09653193e-01 -7.25703055e-04 6.07960965e-04
4.10071580e-01 -9.37170543e-04 5.96707518e-04
4.10489964e-01 1.42889637e-04 5.97716512e-04
4.10908343e-01 1.47752003e-04 5.91825779e-04
4.11326718e-01 3.73494660e-04 6.28090756e-04
4.11745089e-01 -3.19060130e-04 6.25559326e-04
4.12163456e-01 1.55633103e-03 6.32557426e-04
4.12581819e-01 2.05940319e-04 6.41080449e-04
4.13000177e-01 -1.46419286e-04 6.18984292e-04
4.13418532e-01 2.70342863e-04 6.29441848e-04
4.13836882e-01 -7.54610370e-04 6.24167238e-04
4.14255228e-01 7.47252969e-05 6.41542523e-04
4.14673570e-01 7.83597319e-04 6.43444616e-04
4.15091908e-01 -1.16100141e-03 6.39763486e-04
4.15510242e-01 7.73479402e-04 6.48329650e-04
4.15928572e-01 -4.84978652e-04 6.30654306e-04
4.16346897e-01 8.10478931e-05 6.44621475e-04
4.16765218e-01 9.07226767e-04 6.67300529e-04
4.17183536e-01 2.35301799e-04 6.61333858e-04
4.17601849e-01 8.36823367e-05 6.92792310e-04
4.18020157e-01 4.16368819e-04 6.84890380e-04
4.18438462e-01 1.38173388e-03 6.72180466e-04
4.18856762e-01 6.69272547e-04 6.88863140e-04
4.19275059e-01 7.48120990e-04 6.69806053e-04
4.19693351e-01 -8.34395429e-04 6.69612519e-04
4.20111639e-01 -2.88368423e-04 6.80002415e-04
4.20529922e-01 -5.81142643e-05 6.83498568e-04
4.20948202e-01 1.74854712e-03 7.06654149e-04
4.21366477e-01 5.58451435e-04 7.06777058e-04
4.21784748e-01 -6.32520770e-04 7.06189730e-04
4.22203015e-01 -5.15468170e-04 6.80391133e-04
4.22621278e-01 -1.61207869e-03 6.84415820e-04
4.23039536e-01 -1.32783579e-03 6.55496917e-04
4.23457790e-01 -3.93860618e-04 7.10406280e-04
4.23876040e-01 6.29361794e-04 6.88325904e-04
4.24294286e-01 7.64356507e-05 6.98309691e-04
4.24712527e-01 3.13610906e-04 7.26669227e-04
4.25130765e-01 -9.96963882e-04 7.17299264e-04
4.25548998e-01 -1.42122717e-03 6.82501611e-04
4.25967226e-01 -1.35151308e-03 6.96383535e-04
4.26385451e-01 5.35452575e-05 6.93544604e-04
4.26803671e-01 3.37007877e-04 7.21238165e-04
4.27221887e-01 -1.44101385e-03 6.95879651e-04
4.27640099e-01 1.27100729e-04 7.45927458e-04
4.28058306e-01 3.94380907e-04 7.53126138e-04
4.28476509e-01 1.83841967e-03 7.39653204e-04
4.28894708e-01 -2.42095241e-04 7.62972553e-04
4.29312903e-01 5.74657463e-04 7.65681141e-04
4.29731093e-01 3.33047820e-04 7.70360706e-04
4.30149279e-01 3.01037664e-04 7.33914040e-04
4.30567460e-01 1.71745997e-03 8.21165136e-04
4.30985638e-01 -4.56824208e-04 7.96111449e-04
4.31403811e-01 -1.19602534e-03 7.94065008e-04
4.31821980e-01 -1.78524581e-04 8.13529863e-04
4.32240144e-01 -1.74482039e-05 8.41187283e-04
4.32658304e-01 -4.90642133e-04 7.82983571e-04
4.33076460e-01 -7.97465550e-04 8.22660150e-04
4.33494612e-01 6.60571519e-04 8.87755470e-04
4.33912759e-01 1.32855246e-03 8.75215677e-04
4.34330902e-01 8.57008430e-04 9.72179124e-04
4.34749040e-01 -2.56091353e-03 1.19236635e-03
4.35167174e-01 -8.59597685e-04 1.23186210e-03
4.35585304e-01 -2.00120194e-05 1.22906977e-03
4.36003430e-01 1.27067388e-03 1.23196409e-03
4.36421551e-01 2.22466180e-03 1.19224843e-03
4.36839667e-01 1.55087201e-03 1.70571822e-03
4.37257780e-01 -1.88707852e-02 0.00000000e+00
