6.30595362e-03 -2.57987132e-02 2.79474689e-02
6.72635018e-03 2.34320440e-02 1.28816866e-02
7.14674667e-03 7.17372618e-03 7.06584413e-03
7.56714308e-03 1.67041362e-02 5.83919881e-03
7.98753943e-03 1.68052674e-02 5.23280875e-03
8.40793569e-03 1.43905650e-02 4.50680236e-03
8.82833186e-03 1.57641092e-02 4.02650283e-03
9.24872795e-03 1.97001645e-02 3.96212336e-03
9.66912395e-03 1.42712126e-02 3.28532546e-03
1.00895198e-02 1.97407469e-02 3.23767851e-03
1.05099156e-02 1.64753062e-02 2.76100894e-03
1.09303113e-02 1.82086393e-02 2.79472295e-03
1.13507069e-02 2.36810636e-02 2.62422046e-03
1.17711024e-02 2.15203346e-02 2.45364069e-03
1.21914977e-02 2.67334343e-02 2.61667061e-03
1.26118929e-02 2.14868627e-02 2.51763453e-03
1.30322880e-02 1.89941213e-02 2.39777765e-03
1.34526830e-02 2.25077358e-02 2.35271934e-03
1.38730778e-02 2.28896223e-02 2.18072673e-03
1.42934725e-02 2.83088218e-02 2.31226791e-03
1.47138671e-02 2.25222097e-02 2.01373102e-03
1.51342615e-02 2.55885423e-02 1.97772454e-03
1.55546557e-02 2.57396900e-02 2.05674771e-03
1.59750498e-02 2.54851111e-02 1.97478273e-03
1.63954437e-02 2.08634687e-02 2.05300611e-03
1.68158375e-02 1.81324743e-02 2.01995107e-03
1.72362311e-02 2.55715529e-02 1.90337861e-03
1.76566245e-02 2.59719053e-02 1.82602059e-03
1.80770178e-02 2.54620018e-02 1.91263804e-03
1.84974108e-02 2.43495646e-02 1.89572074e-03
1.89178037e-02 2.73823797e-02 1.94000440e-03
1.93381964e-02 2.42323235e-02 1.91344114e-03
1.97585889e-02 2.10859621e-02 1.71068089e-03
2.01789812e-02 2.20747067e-02 1.69651317e-03
2.05993732e-02 2.58060403e-02 1.60779455e-03
2.10197651e-02 2.32443794e-02 1.71815567e-03
2.14401568e-02 2.38065310e-02 1.77808066e-03
2.18605482e-02 2.33088436e-02 1.68414193e-03
2.22809395e-02 2.28272338e-02 1.70701650e-03
2.27013305e-02 2.33267823e-02 1.59861188e-03
2.31217212e-02 2.31521417e-02 1.60769548e-03
2.35421118e-02 2.28450321e-02 1.66949701e-03
2.39625021e-02 2.34083799e-02 1.64409447e-03
2.43828922e-02 2.24780730e-02 1.58406176e-03
2.48032820e-02 2.08783865e-02 1.58694047e-03
2.52236716e-02 2.10608485e-02 1.57037589e-03
2.56440609e-02 2.20864861e-02 1.55136046e-03
2.60644499e-02 2.20109518e-02 1.47308837e-03
2.64848387e-02 1.91441606e-02 1.69882371e-03
2.69052273e-02 2.32934513e-02 1.57344275e-03
2.73256155e-02 2.32685841e-02 1.65687851e-03
2.77460035e-02 2.07055045e-02 1.54963946e-03
2.81663912e-02 2.01366145e-02 1.57627113e-03
2.85867786e-02 2.04255012e-02 1.56058844e-03
2.90071658e-02 2.28547487e-02 1.56687297e-03
2.94275526e-02 2.19898438e-02 1.63338967e-03
2.98479391e-02 2.06649249e-02 1.49844796e-03
3.02683254e-02 2.32664876e-02 1.57696755e-03
3.06887113e-02 2.35348131e-02 1.53018851e-03
3.11090970e-02 2.05089349e-02 1.42881014e-03
3.15294823e-02 2.12242385e-02 1.48654365e-03
3.19498673e-02 1.95391081e-02 1.41899067e-03
3.23702519e-02 2.08439822e-02 1.43851450e-03
3.27906363e-02 1.96262808e-02 1.52407829e-03
3.32110203e-02 1.91296484e-02 1.51659228e-03
3.36314040e-02 1.72939105e-02 1.42799598e-03
3.40517873e-02 1.98186718e-02 1.40808709e-03
3.44721703e-02 1.80890685e-02 1.38672587e-03
3.48925530e-02 1.93977980e-02 1.37403280e-03
3.53129353e-02 1.90431071e-02 1.40281122e-03
3.57333173e-02 1.80579742e-02 1.38551353e-03
3.61536988e-02 2.11705586e-02 1.34858517e-03
3.65740801e-02 2.04912742e-02 1.42951270e-03
3.69944609e-02 1.91088368e-02 1.29514572e-03
3.74148414e-02 2.06254528e-02 1.25527107e-03
3.78352215e-02 1.83118408e-02 1.25301205e-03
3.82556012e-02 2.01083790e-02 1.31451729e-03
3.86759806e-02 1.80126058e-02 1.27071708e-03
3.90963595e-02 1.99163113e-02 1.22985650e-03
3.95167381e-02 1.95665302e-02 1.19246360e-03
3.99371163e-02 1.58539553e-02 1.21505632e-03
4.03574940e-02 1.73912379e-02 1.16209119e-03
4.07778714e-02 1.80495742e-02 1.19111465e-03
4.11982483e-02 1.73724944e-02 1.17232873e-03
4.16186248e-02 1.91230362e-02 1.21340357e-03
4.20390009e-02 1.80498540e-02 1.23272980e-03
4.24593766e-02 1.77375594e-02 1.18531150e-03
4.28797519e-02 1.90281524e-02 1.14381968e-03
4.33001267e-02 1.92962466e-02 1.19325815e-03
4.37205011e-02 1.62511085e-02 1.24450982e-03
4.41408750e-02 1.86754234e-02 1.17236142e-03
4.45612485e-02 1.86700119e-02 1.12240511e-03
4.49816216e-02 1.58213647e-02 1.16376728e-03
4.54019942e-02 1.73687753e-02 1.17045602e-03
4.58223663e-02 1.61540592e-02 1.08812491e-03
4.62427380e-02 1.46325783e-02 1.12558897e-03
4.66631092e-02 1.56520803e-02 1.18180615e-03
4.70834800e-02 1.52851225e-02 1.14639966e-03
4.75038502e-02 1.48137569e-02 1.14914108e-03
4.79242200e-02 1.51425155e-02 1.09116616e-03
4.83445894e-02 1.47521241e-02 1.09106843e-03
4.87649582e-02 1.49640238e-02 1.05374813e-03
4.91853265e-02 1.73169563e-02 1.06193279e-03
4.96056943e-02 1.60675914e-02 1.07684156e-03
5.00260617e-02 1.67021754e-02 1.07523205e-03
5.04464285e-02 1.50901462e-02 9.97980749e-04
5.08667948e-02 1.68067135e-02 1.06054818e-03
5.12871607e-02 1.48308910e-02 1.04781584e-03
5.17075260e-02 1.41315985e-02 1.01745000e-03
5.21278907e-02 1.52661603e-02 1.00769610e-03
5.25482550e-02 1.57720673e-02 9.97948125e-04
5.29686187e-02 1.24829086e-02 9.86376210e-04
5.33889819e-02 1.39779858e-02 9.81062714e-04
5.38093445e-02 1.46479469e-02 1.04784325e-03
5.42297066e-02 1.45822248e-02 9.83591283e-04
5.46500682e-02 1.25797585e-02 1.00341914e-03
5.50704292e-02 1.29323393e-02 1.01881174e-03
5.54907897e-02 1.25488132e-02 9.99424368e-04
5.59111496e-02 1.19959226e-02 1.02103617e-03
5.63315089e-02 1.51328339e-02 1.02267371e-03
5.67518677e-02 1.41998165e-02 1.06995955e-03
5.71722259e-02 1.52130455e-02 1.01992769e-03
5.75925835e-02 1.33948048e-02 1.01294683e-03
5.80129405e-02 1.45009459e-02 1.02661764e-03
5.84332970e-02 1.41372106e-02 1.00528694e-03
5.88536529e-02 1.21352377e-02 1.03928007e-03
5.92740081e-02 1.38967551e-02 9.65158659e-04
5.96943628e-02 1.22032445e-02 1.00717127e-03
6.01147169e-02 1.32530433e-02 1.03784250e-03
6.05350704e-02 1.31092006e-02 9.72739414e-04
6.09554232e-02 1.11159373e-02 1.04292131e-03
6.13757755e-02 1.11523987e-02 9.66430917e-04
6.17961271e-02 1.19126373e-02 1.01311496e-03
6.22164781e-02 1.07869938e-02 9.91052698e-04
6.26368285e-02 1.10558778e-02 9.85357412e-04
6.30571783e-02 1.18181516e-02 9.97017318e-04
6.34775274e-02 1.18788573e-02 9.78613933e-04
6.38978758e-02 1.00112589e-02 9.43767781e-04
6.43182237e-02 1.06833596e-02 1.00603031e-03
6.47385709e-02 9.97854901e-03 9.41634887e-04
6.51589174e-02 1.18548869e-02 9.32522585e-04
6.55792633e-02 1.08042720e-02 9.39055890e-04
6.59996085e-02 9.46231093e-03 9.23801085e-04
6.64199530e-02 9.56023263e-03 9.29197155e-04
6.68402969e-02 1.14287676e-02 8.95862604e-04
6.72606401e-02 1.02925874e-02 9.06905677e-04
6.76809827e-02 1.05423157e-02 8.98090767e-04
6.81013245e-02 8.82665032e-03 8.91742379e-04
6.85216657e-02 9.63598251e-03 9.07850400e-04
6.89420062e-02 1.09637431e-02 8.91371296e-04
6.93623459e-02 8.93142959e-03 8.38887741e-04
6.97826850e-02 9.88044833e-03 8.68297185e-04
7.02030234e-02 7.06822402e-03 8.56885323e-04
7.06233611e-02 1.01993092e-02 8.89597954e-04
7.10436980e-02 1.05602678e-02 9.08284560e-04
7.14640343e-02 1.01640217e-02 9.03598908e-04
7.18843698e-02 9.85049406e-03 8.56093842e-04
7.23047046e-02 8.63769731e-03 8.82494720e-04
7.27250387e-02 8.58427896e-03 8.21566876e-04
7.31453720e-02 8.56861028e-03 8.92263311e-04
7.35657046e-02 8.60999294e-03 8.66863718e-04
7.39860365e-02 7.48533392e-03 8.94899758e-04
7.44063676e-02 7.94954967e-03 8.58821765e-04
7.48266980e-02 7.98945712e-03 8.77384821e-04
7.52470276e-02 8.42948119e-03 8.70839251e-04
7.56673565e-02 6.98747897e-03 7.92730769e-04
7.60876846e-02 8.15734135e-03 8.50545750e-04
7.65080119e-02 8.37703407e-03 8.72691541e-04
7.69283384e-02 5.41900971e-03 8.00790436e-04
7.73486642e-02 6.29943733e-03 8.08690392e-04
7.77689892e-02 8.11952578e-03 7.99320708e-04
7.81893135e-02 7.86191218e-03 8.02732942e-04
7.86096369e-02 6.88991450e-03 7.95134621e-04
7.90299595e-02 6.60371188e-03 7.94280785e-04
7.94502814e-02 6.55425036e-03 7.95925972e-04
7.98706024e-02 7.62241171e-03 8.22998261e-04
8.02909227e-02 6.25538164e-03 7.67349355e-04
8.07112421e-02 7.34241107e-03 7.83931770e-04
8.11315607e-02 5.82536592e-03 8.15760578e-04
8.15518785e-02 7.07535135e-03 8.15476671e-04
8.19721955e-02 6.54859405e-03 8.21576061e-04
8.23925117e-02 7.24030159e-03 7.98085853e-04
8.28128270e-02 5.94971928e-03 7.65747705e-04
8.32331415e-02 5.68417799e-03 7.48836501e-04
8.36534552e-02 6.35614401e-03 8.08312918e-04
8.40737680e-02 6.00687516e-03 7.94323598e-04
8.44940800e-02 5.98080297e-03 7.68140365e-04
8.49143911e-02 5.04221461e-03 7.58603583e-04
8.53347013e-02 5.29016045e-03 7.66409563e-04
8.57550107e-02 6.10943854e-03 7.78122487e-04
8.61753193e-02 5.25238084e-03 7.74016975e-04
8.65956270e-02 5.88286859e-03 7.79410726e-04
8.70159338e-02 5.14861535e-03 7.69760906e-04
8.74362397e-02 5.26820470e-03 7.61573020e-04
8.78565447e-02 5.77456042e-03 7.62331101e-04
8.82768489e-02 4.44591959e-03 7.31270840e-04
8.86971522e-02 5.55114690e-03 7.71035238e-04
8.91174545e-02 5.56407989e-03 7.34941678e-04
8.95377560e-02 5.44773728e-03 7.27766037e-04
8.99580566e-02 5.19259168e-03 7.45958889e-04
9.03783563e-02 6.62314006e-03 7.67254369e-04
9.07986550e-02 5.58444970e-03 7.51915011e-04
9.12189529e-02 4.75639993e-03 7.30352292e-04
9.16392498e-02 4.16178663e-03 7.56287917e-04
9.20595458e-02 4.21293029e-03 7.51253182e-04
9.24798409e-02 4.70807855e-03 7.55202598e-04
9.29001350e-02 5.29440123e-03 7.37423907e-04
9.33204283e-02 4.03955237e-03 7.50502928e-04
9.37407205e-02 5.53986507e-03 7.97847096e-04
9.41610119e-02 4.04651215e-03 7.49193746e-04
9.45813022e-02 4.53950227e-03 7.56745862e-04
9.50015917e-02 3.30949572e-03 7.46017685e-04
9.54218802e-02 5.21765894e-03 7.41460654e-04
9.58421677e-02 4.48713013e-03 7.41866180e-04
9.62624542e-02 4.17384174e-03 7.33566284e-04
9.66827398e-02 3.82533517e-03 7.35353401e-04
9.71030244e-02 3.73697582e-03 6.99660606e-04
9.75233080e-02 3.93663357e-03 7.23773905e-04
9.79435907e-02 3.25726992e-03 7.13920332e-04
9.83638723e-02 2.82568668e-03 7.17829425e-04
9.87841530e-02 3.35228377e-03 6.79391974e-04
9.92044327e-02 2.73209082e-03 6.94974441e-04
9.96247114e-02 5.25966003e-03 7.19061544e-04
1.00044989e-01 4.47008564e-03 6.97097629e-04
1.00465266e-01 2.60802918e-03 7.10961756e-04
1.00885541e-01 4.83067391e-03 7.36251845e-04
1.01305816e-01 3.70001218e-03 6.92286198e-04
1.01726090e-01 3.60884458e-03 7.09140936e-04
1.02146362e-01 1.66459773e-03 6.72229045e-04
1.02566634e-01 1.84409482e-03 6.77628474e-04
1.02986904e-01 3.65127948e-03 6.98071545e-04
1.03407174e-01 2.39921395e-03 6.95599291e-04
1.03827442e-01 3.77069231e-03 6.74269085e-04
1.04247710e-01 3.16473356e-03 6.82363851e-04
1.04667976e-01 3.25011166e-03 6.78772225e-04
1.05088241e-01 3.13001322e-03 6.73829277e-04
1.05508506e-01 2.94142502e-03 6.91063625e-04
1.05928769e-01 2.54241633e-03 6.90779099e-04
1.06349031e-01 3.14927673e-03 6.54655453e-04
1.06769292e-01 1.95247439e-03 6.77157687e-04
1.07189552e-01 2.10440464e-03 6.61812146e-04
1.07609811e-01 3.60488323e-03 6.73785975e-04
1.08030069e-01 2.88922665e-03 6.67568600e-04
1.08450325e-01 2.72008412e-03 6.42550667e-04
1.08870581e-01 3.24252262e-03 6.84108010e-04
1.09290836e-01 3.54750051e-03 6.78708189e-04
1.09711089e-01 2.94343641e-03 6.93104521e-04
1.10131341e-01 1.74760499e-03 6.47295975e-04
1.10551592e-01 3.65468309e-03 6.58827094e-04
1.10971843e-01 3.34640171e-03 6.56777230e-04
1.11392092e-01 1.29601583e-03 6.54998639e-04
1.11812339e-01 1.81948371e-03 6.69963080e-04
1.12232586e-01 1.70126102e-03 6.43307147e-04
1.12652832e-01 2.59653117e-03 6.64385594e-04
1.13073076e-01 3.23620599e-03 6.72053846e-04
1.13493320e-01 2.48465559e-03 6.71744877e-04
1.13913562e-01 2.12699260e-03 6.60333020e-04
1.14333803e-01 1.49660801e-03 6.76140932e-04
1.14754043e-01 2.01025773e-03 6.69007738e-04
1.15174282e-01 9.02892019e-04 6.86121484e-04
1.15594519e-01 1.32984513e-03 6.79161324e-04
1.16014756e-01 1.54833826e-03 6.98168603e-04
1.16434991e-01 2.57593145e-03 6.88168328e-04
1.16855225e-01 2.96736859e-03 6.93770865e-04
1.17275458e-01 2.09142475e-03 6.69087125e-04
1.17695690e-01 1.69469781e-03 6.73000837e-04
1.18115920e-01 1.34199555e-03 6.74180752e-04
1.18536149e-01 7.24611285e-04 6.61796005e-04
1.18956378e-01 2.06039407e-03 6.55565924e-04
1.19376605e-01 1.91376531e-03 6.50562972e-04
1.19796830e-01 3.75776024e-04 6.72971451e-04
1.20217055e-01 2.55642049e-03 6.60069761e-04
1.20637278e-01 2.53198935e-03 6.69962327e-04
1.21057500e-01 1.31132705e-03 6.59339767e-04
1.21477721e-01 1.04222422e-03 6.68728147e-04
1.21897941e-01 7.56978038e-04 6.50526189e-04
1.22318159e-01 5.78387456e-04 6.41865801e-04
1.22738377e-01 2.02937413e-03 6.58649656e-04
1.23158593e-01 2.46996718e-03 6.45045929e-04
1.23578807e-01 1.48313061e-03 6.62616482e-04
1.23999021e-01 1.33198962e-03 6.60267764e-04
1.24419233e-01 1.40009835e-03 6.40252065e-04
1.24839444e-01 9.44957929e-04 6.47867725e-04
1.25259654e-01 1.69929450e-03 6.37030798e-04
1.25679862e-01 1.63384588e-03 6.49473975e-04
1.26100070e-01 1.87262347e-03 6.42879202e-04
1.26520276e-01 1.26438584e-03 6.35435184e-04
1.26940480e-01 1.53658817e-03 6.24249010e-04
1.27360684e-01 1.69672522e-03 6.31365054e-04
1.27780886e-01 2.07710768e-03 6.49830665e-04
1.28201087e-01 2.21477501e-03 6.15777909e-04
1.28621286e-01 1.17623301e-03 6.30850117e-04
1.29041485e-01 2.09236337e-03 6.28706875e-04
1.29461682e-01 1.56020364e-03 6.15948571e-04
1.29881877e-01 3.18395948e-04 6.18790366e-04
1.30302072e-01 1.32258513e-03 6.12021141e-04
1.30722265e-01 9.23418320e-04 6.04552812e-04
1.31142456e-01 1.41929247e-03 6.21799128e-04
1.31562647e-01 1.07104606e-03 6.04581491e-04
1.31982836e-01 6.26411159e-04 6.06674043e-04
1.32403024e-01 1.26563376e-03 6.22952481e-04
1.32823210e-01 1.23609009e-03 6.03713624e-04
1.33243395e-01 8.42003722e-04 6.17385413e-04
1.33663579e-01 1.13145383e-03 6.15714037e-04
1.34083761e-01 6.09444461e-04 6.08222773e-04
1.34503942e-01 1.20636799e-03 6.12808389e-04
1.34924122e-01 2.43292825e-04 6.03549389e-04
1.35344300e-01 4.98197379e-04 6.05638733e-04
1.35764477e-01 1.17349263e-03 6.03760719e-04
1.36184653e-01 5.44477292e-04 5.96952571e-04
1.36604827e-01 9.79630486e-06 6.00720347e-04
1.37025000e-01 1.01278240e-03 6.11612668e-04
1.37445171e-01 1.21223991e-03 6.10822427e-04
1.37865341e-01 1.00578464e-03 6.03343710e-04
1.38285510e-01 9.72988972e-04 6.11126303e-04
1.38705677e-01 8.84146621e-04 5.89776231e-04
1.39125843e-01 1.11168239e-03 5.86268027e-04
1.39546008e-01 1.05022454e-03 6.00382314e-04
1.39966171e-01 1.08879515e-03 5.95353223e-04
1.40386333e-01 9.59382713e-04 5.82831154e-04
1.40806493e-01 1.14950971e-03 5.68312230e-04
1.41226652e-01 5.19977143e-04 5.76076697e-04
1.41646809e-01 -3.35936169e-04 5.75991489e-04
1.42066965e-01 1.46005025e-03 5.90498008e-04
1.42487120e-01 6.73492340e-04 5.69248799e-04
1.42907273e-01 3.72507074e-04 5.99391783e-04
1.43327425e-01 9.37608576e-04 5.85121209e-04
1.43747575e-01 8.87970845e-04 5.85004188e-04
1.44167724e-01 6.16820405e-04 5.69923811e-04
1.44587871e-01 8.43065003e-04 5.73710318e-04
1.45008017e-01 1.12149644e-03 5.78836713e-04
1.45428162e-01 6.07918148e-04 6.02770378e-04
1.45848305e-01 1.84440549e-03 5.92144484e-04
1.46268446e-01 5.70879083e-04 5.77794644e-04
1.46688586e-01 2.43844547e-04 5.89786013e-04
1.47108725e-01 -1.37874487e-04 5.72165420e-04
1.47528862e-01 1.39302227e-03 5.87753068e-04
1.47948998e-01 4.88331039e-04 5.93882594e-04
1.48369132e-01 7.85575368e-04 5.81722358e-04
1.48789265e-01 1.67612980e-03 5.94609145e-04
1.49209396e-01 1.57279122e-03 5.90730071e-04
1.49629525e-01 6.05930423e-04 5.88313690e-04
1.50049654e-01 7.72949638e-04 5.83979699e-04
1.50469780e-01 1.03901223e-03 5.94510931e-04
1.50889905e-01 4.43299159e-04 5.94088819e-04
1.51310029e-01 5.06470592e-04 5.83724459e-04
1.51730151e-01 1.25952560e-03 5.84554588e-04
1.52150272e-01 -7.26588015e-05 5.86777540e-04
1.52570391e-01 3.52721316e-04 5.66820736e-04
1.52990508e-01 -6.36253050e-04 5.73891623e-04
1.53410624e-01 1.15310140e-03 5.83941395e-04
1.53830738e-01 9.88051233e-04 5.60722319e-04
1.54250851e-01 8.23183108e-04 5.82720136e-04
1.54670963e-01 5.50298967e-04 5.76195882e-04
1.55091072e-01 2.90025841e-04 5.50108526e-04
1.55511180e-01 8.52544636e-04 5.70966386e-04
1.55931287e-01 9.41818793e-04 5.73272775e-04
1.56351392e-01 8.58736051e-04 5.58859350e-04
1.56771496e-01 1.96930377e-04 5.40910819e-04
1.57191598e-01 6.01022064e-04 5.55872601e-04
1.57611698e-01 2.46858109e-04 5.59189398e-04
1.58031797e-01 -5.67527220e-04 5.51659659e-04
1.58451894e-01 -3.41573611e-04 5.45569043e-04
1.58871989e-01 2.97911853e-04 5.47526866e-04
1.59292083e-01 9.33100241e-04 5.51176250e-04
1.59712176e-01 8.57378622e-04 5.56819966e-04
1.60132266e-01 -7.30554564e-04 5.47264123e-04
1.60552355e-01 1.73545633e-04 5.41250655e-04
1.60972443e-01 -1.61192652e-04 5.50120556e-04
1.61392529e-01 1.06582766e-03 5.44507725e-04
1.61812613e-01 5.74082544e-04 5.42929437e-04
1.62232696e-01 -3.69773884e-04 5.36206069e-04
1.62652777e-01 3.89819333e-04 5.45645031e-04
1.63072856e-01 1.71261912e-03 5.51490193e-04
1.63492934e-01 8.85899551e-04 5.54529823e-04
1.63913010e-01 2.73541277e-04 5.26599815e-04
1.64333084e-01 4.72606671e-04 5.38048430e-04
1.64753157e-01 7.73805598e-04 5.40073702e-04
1.65173228e-01 1.23272861e-03 5.47274098e-04
1.65593298e-01 2.73127494e-04 5.17043140e-04
1.66013366e-01 7.41676575e-04 5.32390861e-04
1.66433432e-01 -4.53497221e-04 5.25436729e-04
1.66853496e-01 5.97364620e-04 5.24554672e-04
1.67273559e-01 -1.33056570e-04 5.17273972e-04
1.67693620e-01 6.00506543e-04 5.26039027e-04
1.68113680e-01 3.09315302e-05 5.14131186e-04
1.68533737e-01 1.10016295e-03 5.32286782e-04
1.68953793e-01 1.05089167e-03 5.28799942e-04
1.69373848e-01 4.75749091e-04 5.22827002e-04
1.69793900e-01 -2.77256943e-04 5.12375829e-04
1.70213951e-01 -1.36219949e-04 5.25614398e-04
1.70634000e-01 -5.24796680e-05 5.13982295e-04
1.71054048e-01 7.47783600e-04 5.20297928e-04
1.71474094e-01 2.83893640e-04 5.09459219e-04
1.71894138e-01 1.63156419e-04 5.04578089e-04
1.72314180e-01 -9.52340376e-04 5.29184806e-04
1.72734221e-01 5.03282306e-04 5.07857170e-04
1.73154259e-01 3.68821262e-04 5.10165512e-04
1.73574297e-01 -1.19076286e-04 5.06732656e-04
1.73994332e-01 -8.67050644e-06 5.17569432e-04
1.74414365e-01 8.10142867e-04 4.98062122e-04
1.74834397e-01 2.83191214e-04 5.06734561e-04
1.75254427e-01 -1.05289488e-04 5.23300448e-04
1.75674456e-01 2.08431840e-04 5.16106272e-04
1.76094482e-01 4.88605316e-04 5.08778771e-04
1.76514507e-01 -2.10855055e-05 5.02022852e-04
1.76934530e-01 5.64231875e-04 5.02313292e-04
1.77354551e-01 8.13509439e-04 5.14476655e-04
1.77774571e-01 1.06366429e-04 5.08280738e-04
1.78194588e-01 -5.90912964e-04 4.98599481e-04
1.78614604e-01 -1.25134683e-03 4.97109910e-04
1.79034618e-01 -1.08815350e-04 4.95170795e-04
1.79454631e-01 3.42722731e-04 5.01877795e-04
1.79874641e-01 7.75985002e-04 5.09632621e-04
1.80294650e-01 2.21653942e-04 4.84868368e-04
1.80714657e-01 5.35425116e-04 4.88952112e-04
1.81134662e-01 2.90503010e-04 4.93252186e-04
1.81554665e-01 -1.55991834e-04 4.87206209e-04
1.81974666e-01 5.87325580e-04 5.00302864e-04
1.82394666e-01 1.29933329e-04 4.94884923e-04
1.82814663e-01 -2.54250828e-04 4.89246766e-04
1.83234659e-01 -7.24075603e-04 4.84496971e-04
1.83654653e-01 -2.48388974e-04 4.94048337e-04
1.84074646e-01 -1.02089773e-04 4.86367221e-04
1.84494636e-01 1.44750359e-04 4.80328937e-04
1.84914624e-01 3.86968118e-04 4.81290729e-04
1.85334611e-01 5.77524182e-04 4.83550797e-04
1.85754596e-01 3.24660978e-04 4.95787055e-04
1.86174579e-01 1.17797541e-03 4.90747662e-04
1.86594560e-01 1.05237417e-03 5.01738252e-04
1.87014539e-01 -2.38761989e-06 4.78764618e-04
1.87434516e-01 4.89500876e-04 4.79743614e-04
1.87854491e-01 6.32175618e-04 4.92511666e-04
1.88274465e-01 7.24895850e-04 4.88647885e-04
1.88694437e-01 6.66402569e-04 4.89641374e-04
1.89114406e-01 4.23138138e-04 4.79415094e-04
1.89534374e-01 1.60782867e-04 4.76742262e-04
1.89954340e-01 2.47097793e-04 4.72097513e-04
1.90374304e-01 -5.35569096e-05 4.77200177e-04
1.90794266e-01 -2.82786622e-06 4.76570205e-04
1.91214226e-01 -6.13625532e-05 4.68263994e-04
1.91634184e-01 2.54429539e-04 4.72949668e-04
1.92054141e-01 1.18075872e-03 4.94248806e-04
1.92474095e-01 4.18521512e-04 4.72006682e-04
1.92894047e-01 7.04873149e-04 4.60247429e-04
1.93313998e-01 4.39487454e-04 4.59522966e-04
1.93733946e-01 5.37675732e-04 4.81866788e-04
1.94153893e-01 4.83691490e-04 4.71723889e-04
1.94573838e-01 -8.77571691e-04 4.66290729e-04
1.94993780e-01 -2.19450619e-04 4.57635240e-04
1.95413721e-01 7.56711159e-04 4.73999648e-04
1.95833660e-01 1.48431603e-05 4.73723893e-04
1.96253597e-01 5.68823289e-04 4.64730205e-04
1.96673531e-01 2.31724234e-04 4.60491593e-04
1.97093464e-01 9.20941185e-05 4.66034801e-04
1.97513395e-01 -5.22680604e-04 4.59085705e-04
1.97933324e-01 -5.46695734e-04 4.67457966e-04
1.98353251e-01 1.36762871e-04 4.59982495e-04
1.98773176e-01 2.78851032e-04 4.48223966e-04
1.99193099e-01 1.20063665e-04 4.51640126e-04
1.99613019e-01 2.13455838e-05 4.48729008e-04
2.00032938e-01 3.60815446e-04 4.64617315e-04
2.00452855e-01 -4.70136449e-05 4.60683201e-04
2.00872770e-01 3.53912600e-04 4.53707980e-04
2.01292683e-01 9.98573009e-04 4.67201605e-04
2.01712594e-01 2.61277131e-04 4.57190208e-04
2.02132502e-01 -5.60774234e-05 4.55304787e-04
2.02552409e-01 3.97416513e-04 4.57922401e-04
2.02972314e-01 -3.81043560e-04 4.42875827e-04
2.03392217e-01 -1.71251999e-04 4.51739539e-04
2.03812117e-01 -4.79270511e-04 4.54206161e-04
2.04232016e-01 3.83555546e-04 4.58567016e-04
2.04651912e-01 -8.42533772e-04 4.49437722e-04
2.05071807e-01 6.97393315e-04 4.61003585e-04
2.05491699e-01 4.01327336e-04 4.68345653e-04
2.05911590e-01 1.17577593e-03 4.77796678e-04
2.06331478e-01 1.04040560e-04 4.66560606e-04
2.06751364e-01 -4.09369808e-04 4.46114366e-04
2.07171248e-01 6.88444268e-04 4.76827184e-04
2.07591130e-01 1.36860269e-03 4.64906711e-04
2.08011010e-01 -1.19155738e-04 4.51771322e-04
2.08430888e-01 2.66437555e-04 4.54220090e-04
2.08850764e-01 7.14315938e-04 4.60999986e-04
2.09270637e-01 -5.05025632e-05 4.58991461e-04
2.09690509e-01 -2.32554985e-04 4.76606075e-04
2.10110378e-01 4.54762006e-04 4.48213526e-04
2.10530246e-01 4.39772774e-04 4.54242720e-04
2.10950111e-01 2.60969612e-04 4.67084043e-04
2.11369974e-01 1.25445504e-04 4.57808097e-04
2.11789835e-01 2.43349247e-04 4.63227629e-04
2.12209694e-01 2.68379295e-04 4.55059400e-04
2.12629551e-01 4.51651281e-04 4.38162156e-04
2.13049405e-01 -2.43777915e-05 4.48333362e-04
2.13469258e-01 2.33141787e-04 4.56668480e-04
2.13889108e-01 -1.06688304e-04 4.53341291e-04
2.14308956e-01 3.83677749e-04 4.47441609e-04
2.14728802e-01 6.48864899e-04 4.58278946e-04
2.15148646e-01 2.40070262e-04 4.56365007e-04
2.15568487e-01 3.33549578e-04 4.35312879e-04
2.15988327e-01 -2.40100522e-04 4.42302155e-04
2.16408164e-01 4.66224701e-04 4.59652200e-04
2.16827999e-01 2.47054845e-04 4.37233216e-04
2.17247832e-01 -2.08198586e-04 4.38056416e-04
2.17667663e-01 4.77378832e-04 4.41644240e-04
2.18087492e-01 1.25278647e-03 4.45457158e-04
2.18507318e-01 1.33790162e-03 4.45821397e-04
2.18927142e-01 -4.16753038e-04 4.37876198e-04
2.19346964e-01 2.52791353e-04 4.43596498e-04
2.19766784e-01 -7.75115469e-04 4.26712084e-04
2.20186602e-01 -9.62918774e-05 4.38161555e-04
2.20606417e-01 1.97970502e-04 4.39510931e-04
2.21026230e-01 6.47565156e-05 4.40950301e-04
2.21446041e-01 6.97656606e-04 4.36075093e-04
2.21865850e-01 -1.67634653e-04 4.34838795e-04
2.22285656e-01 2.28214839e-04 4.41770403e-04
2.22705461e-01 2.92573450e-04 4.43837846e-04
2.23125263e-01 1.44373932e-04 4.23364973e-04
2.23545063e-01 5.46193037e-04 4.31270166e-04
2.23964860e-01 1.07500596e-03 4.40499613e-04
2.24384655e-01 7.55814940e-04 4.32984626e-04
2.24804448e-01 8.35446926e-04 4.27887935e-04
2.25224239e-01 -1.53868093e-04 4.33961000e-04
2.25644028e-01 3.73387213e-04 4.29142787e-04
2.26063814e-01 3.15719256e-04 4.19845184e-04
2.26483598e-01 6.59304502e-04 4.33572767e-04
2.26903379e-01 2.88426163e-04 4.36953987e-04
2.27323159e-01 -9.86945901e-05 4.24909101e-04
2.27742936e-01 8.57638970e-04 4.30141075e-04
2.28162711e-01 4.38252697e-04 4.29158405e-04
2.28582483e-01 -6.90195752e-04 4.23878226e-04
2.29002254e-01 -6.75080565e-04 4.16158396e-04
2.29422022e-01 5.15514634e-04 4.19214063e-04
2.29841787e-01 2.41157721e-04 4.14054575e-04
2.30261550e-01 -2.85945399e-04 4.22607508e-04
2.30681311e-01 -2.23588242e-04 4.20451797e-04
2.31101070e-01 -4.24279769e-04 4.26946105e-04
2.31520827e-01 3.66937834e-04 4.27736516e-04
2.31940581e-01 1.40910051e-03 4.21160991e-04
2.32360332e-01 5.80056753e-04 4.21233847e-04
2.32780082e-01 -1.42500475e-04 4.23611079e-04
2.33199829e-01 3.60786272e-04 4.17097848e-04
2.33619573e-01 3.32068844e-04 4.21000713e-04
2.34039316e-01 6.13405413e-04 4.31635101e-04
2.34459056e-01 -1.65057211e-04 4.19234013e-04
2.34878793e-01 9.12562409e-04 4.32197910e-04
2.35298529e-01 -3.34742560e-05 4.24707389e-04
2.35718262e-01 1.05148714e-03 4.25233075e-04
2.36137992e-01 4.93020871e-04 4.34260970e-04
2.36557720e-01 -1.47688459e-04 4.28515912e-04
2.36977446e-01 4.66678757e-04 4.33351763e-04
2.37397170e-01 -1.53440044e-04 4.24092073e-04
2.37816891e-01 3.25233758e-04 4.17674628e-04
2.38236609e-01 1.30667023e-04 4.22508980e-04
2.38656325e-01 1.37164671e-05 4.20849918e-04
2.39076039e-01 4.48281126e-04 4.30871441e-04
2.39495751e-01 4.25835056e-04 4.31013315e-04
2.39915460e-01 5.57408533e-04 4.24601173e-04
2.40335166e-01 8.29853148e-04 4.33933986e-04
2.40754871e-01 6.88289913e-04 4.30585705e-04
2.41174572e-01 4.73594503e-04 4.18679095e-04
2.41594272e-01 3.63661025e-04 4.22560919e-04
2.42013969e-01 4.69246908e-04 4.12360394e-04
2.42433663e-01 3.79458417e-05 4.15444670e-04
2.42853355e-01 -2.76126131e-04 4.14966677e-04
2.43273045e-01 9.25303921e-06 4.17578686e-04
2.43692732e-01 -1.17170128e-04 4.12214447e-04
2.44112417e-01 3.85401740e-04 4.20546837e-04
2.44532099e-01 1.17334059e-04 4.19292271e-04
2.44951779e-01 6.35798920e-04 4.25225103e-04
2.45371457e-01 5.56235461e-04 4.20043549e-04
2.45791131e-01 -4.34069157e-05 4.11363743e-04
2.46210804e-01 4.27190546e-04 4.10628937e-04
2.46630474e-01 5.64808366e-04 4.10407604e-04
2.47050141e-01 3.79051453e-04 4.08684987e-04
2.47469806e-01 4.50333939e-04 4.14811522e-04
2.47889469e-01 7.31078465e-04 4.06980876e-04
2.48309129e-01 -6.42532629e-05 3.99728803e-04
2.48728787e-01 5.43743961e-04 4.00720071e-04
2.49148442e-01 -2.75472862e-04 4.01285883e-04
2.49568094e-01 -1.64302305e-05 4.15174242e-04
2.49987744e-01 -3.50753311e-04 3.99669758e-04
2.50407392e-01 -3.60114242e-04 4.01191953e-04
2.50827037e-01 7.70145006e-05 4.00674280e-04
2.51246679e-01 1.11248565e-03 3.99170069e-04
2.51666319e-01 7.78557677e-04 4.03772207e-04
2.52085957e-01 1.09233098e-03 4.05258717e-04
2.52505592e-01 6.57823010e-04 3.95085184e-04
2.52925224e-01 8.89215561e-04 4.01889989e-04
2.53344854e-01 3.17930785e-04 3.99566825e-04
2.53764481e-01 -2.01574480e-04 3.98703830e-04
2.54184106e-01 1.34951085e-04 3.98196385e-04
2.54603728e-01 -1.91669974e-04 4.00680435e-04
2.55023348e-01 4.46712003e-04 3.95852803e-04
2.55442965e-01 1.13526192e-04 4.03743185e-04
2.55862579e-01 9.22888386e-05 4.00061028e-04
2.56282191e-01 6.08000791e-04 3.87134634e-04
2.56701800e-01 -1.21142400e-04 4.06673306e-04
2.57121407e-01 4.11881581e-04 3.94074847e-04
2.57541011e-01 -3.02520487e-04 4.00400784e-04
2.57960613e-01 2.81144681e-04 3.94728079e-04
2.58380212e-01 2.13231566e-04 3.95850535e-04
2.58799808e-01 9.08669127e-04 3.97877633e-04
2.59219402e-01 1.75080523e-04 3.89491518e-04
2.59638994e-01 4.54822936e-04 3.93913138e-04
2.60058582e-01 3.71104920e-04 3.89142366e-04
2.60478168e-01 6.80643919e-04 3.85636771e-04
2.60897752e-01 8.97738369e-04 3.88113742e-04
2.61317332e-01 1.69394711e-04 3.89961323e-04
2.61736910e-01 1.35087566e-04 3.94228541e-04
2.62156486e-01 2.54769272e-04 3.78410266e-04
2.62576059e-01 5.55800588e-04 3.91623922e-04
2.62995629e-01 4.86155685e-04 3.91082230e-04
2.63415197e-01 -1.47897998e-04 3.79182050e-04
2.63834762e-01 7.09257799e-05 3.89943692e-04
2.64254324e-01 5.46378263e-04 3.88853695e-04
2.64673884e-01 -9.52429351e-05 3.85315028e-04
2.65093441e-01 -4.07309785e-05 3.81698518e-04
2.65512995e-01 2.06795459e-04 3.78440167e-04
2.65932547e-01 2.06257773e-04 3.85571151e-04
2.66352096e-01 3.41007208e-04 3.85459221e-04
2.66771642e-01 -3.03452930e-04 3.89363837e-04
2.67191186e-01 4.92897995e-04 3.84900520e-04
2.67610727e-01 6.76878912e-04 3.84734596e-04
2.68030265e-01 -5.57941807e-04 3.78220726e-04
2.68449801e-01 1.17001932e-04 3.78664828e-04
2.68869333e-01 4.62282643e-04 3.90498661e-04
2.69288864e-01 2.70597726e-04 3.74665857e-04
2.69708391e-01 -2.83202949e-04 3.74020938e-04
2.70127916e-01 3.54097497e-04 3.84256405e-04
2.70547438e-01 -2.19834029e-04 3.79431606e-04
2.70966957e-01 5.65237272e-04 3.80523521e-04
2.71386474e-01 -3.98492673e-04 3.76817833e-04
2.71805988e-01 5.00144303e-04 3.79454504e-04
2.72225499e-01 -7.14087750e-05 3.85601888e-04
2.72645008e-01 8.78474697e-05 3.77412363e-04
2.73064513e-01 3.55177800e-04 3.82194697e-04
2.73484016e-01 3.98157588e-04 3.76756577e-04
2.73903517e-01 -4.07889069e-04 3.76352346e-04
2.74323014e-01 6.88135970e-04 3.80104053e-04
2.74742509e-01 -3.34030675e-04 3.80431956e-04
2.75162001e-01 -1.86575784e-05 3.72122335e-04
2.75581490e-01 4.28773458e-04 3.74853586e-04
2.76000976e-01 5.26631570e-04 3.79391391e-04
2.76420460e-01 3.26255800e-04 3.75328927e-04
2.76839941e-01 -5.60314919e-04 3.72507738e-04
2.77259419e-01 1.20151489e-04 3.73623102e-04
2.77678894e-01 6.09910526e-04 3.65552850e-04
2.78098367e-01 -3.00638060e-04 3.71699289e-04
2.78517837e-01 -9.01758033e-05 3.69850799e-04
2.78937304e-01 3.87811957e-04 3.73934900e-04
2.79356768e-01 1.91789485e-04 3.73418746e-04
2.79776229e-01 7.45440694e-04 3.78278486e-04
2.80195688e-01 4.34916432e-04 3.74898501e-04
2.80615143e-01 3.93904483e-05 3.66023725e-04
2.81034596e-01 -1.46694955e-04 3.60757659e-04
2.81454046e-01 1.34829751e-04 3.68560851e-04
2.81873494e-01 2.83770200e-04 3.70035460e-04
2.82292938e-01 2.39622047e-04 3.66280474e-04
2.82712380e-01 -7.36838201e-05 3.69935712e-04
2.83131819e-01 3.75738450e-04 3.64665420e-04
2.83551254e-01 -4.19504226e-05 3.64647576e-04
2.83970688e-01 7.20653626e-05 3.67801621e-04
2.84390118e-01 1.96221927e-04 3.70069924e-04
2.84809545e-01 -5.57010667e-05 3.61545362e-04
2.85228970e-01 -7.08399990e-04 3.67130237e-04
2.85648391e-01 -1.58247972e-05 3.72976069e-04
2.86067810e-01 3.13144855e-04 3.73316072e-04
2.86487226e-01 4.18959308e-04 3.61615000e-04
2.86906639e-01 7.32728676e-04 3.66831201e-04
2.87326049e-01 4.97335408e-04 3.65050919e-04
2.87745457e-01 1.66564267e-04 3.67047742e-04
2.88164861e-01 -5.70506207e-05 3.62488888e-04
2.88584262e-01 9.14972548e-04 3.67420533e-04
2.89003661e-01 4.18147666e-04 3.66069583e-04
2.89423057e-01 3.61352448e-04 3.58339753e-04
2.89842450e-01 5.68877338e-04 3.66303789e-04
2.90261839e-01 -2.15805509e-04 3.56705711e-04
2.90681226e-01 -4.81517032e-04 3.56666581e-04
2.91100611e-01 2.74247474e-04 3.60689796e-04
2.91519992e-01 9.06666796e-04 3.62705204e-04
2.91939370e-01 1.42048801e-04 3.65559146e-04
2.92358745e-01 1.05959164e-04 3.62558480e-04
2.92778118e-01 1.79501896e-04 3.57900003e-04
2.93197487e-01 5.39882824e-04 3.58278233e-04
2.93616853e-01 1.68067639e-04 3.58378961e-04
2.94036217e-01 2.21081165e-04 3.65853027e-04
2.94455578e-01 1.02809072e-04 3.58017912e-04
2.94874935e-01 5.59727528e-04 3.64340176e-04
2.95294290e-01 7.37410667e-04 3.75616697e-04
2.95713642e-01 8.67613952e-04 3.59224719e-04
2.96132990e-01 -3.05993127e-04 3.63381439e-04
2.96552336e-01 6.42061916e-05 3.62402806e-04
2.96971679e-01 -2.16862022e-04 3.51681067e-04
2.97391019e-01 -3.71243051e-04 3.61562233e-04
2.97810356e-01 4.98406839e-04 3.67865626e-04
2.98229689e-01 -5.85963455e-04 3.64069472e-04
2.98649020e-01 -2.38823614e-06 3.66120973e-04
2.99068348e-01 2.75073957e-04 3.65814385e-04
2.99487673e-01 -3.74834471e-04 3.63768862e-04
2.99906995e-01 -1.82787637e-04 3.71183324e-04
3.00326314e-01 6.38732042e-04 3.73299646e-04
3.00745629e-01 3.06013733e-04 3.66745160e-04
3.01164942e-01 3.41397801e-04 3.65429088e-04
3.01584252e-01 4.94282683e-04 3.70459000e-04
3.02003559e-01 8.96619417e-05 3.66260116e-04
3.02422863e-01 3.02877245e-04 3.62861687e-04
3.02842163e-01 2.60396551e-04 3.64701240e-04
3.03261461e-01 2.78416497e-04 3.64437274e-04
3.03680756e-01 1.81280000e-04 3.67051347e-04
3.04100047e-01 2.91014708e-05 3.60291481e-04
3.04519336e-01 -2.21044052e-04 3.59534329e-04
3.04938621e-01 2.57752813e-05 3.67175641e-04
3.05357904e-01 5.82825019e-04 3.60175533e-04
3.05777183e-01 7.13890837e-05 3.70222140e-04
3.06196459e-01 3.56691596e-04 3.58586367e-04
3.06615732e-01 2.02880605e-04 3.70133009e-04
3.07035003e-01 4.95324321e-04 3.74059363e-04
3.07454270e-01 5.23366932e-05 3.65531393e-04
3.07873534e-01 3.36713699e-04 3.65854210e-04
3.08292794e-01 -3.09788052e-05 3.60384100e-04
3.08712052e-01 5.91751659e-04 3.67287846e-04
3.09131307e-01 2.82135702e-04 3.60385507e-04
3.09550559e-01 -6.77027190e-04 3.56303325e-04
3.09969807e-01 2.12993038e-04 3.54526153e-04
3.10389052e-01 4.82210482e-04 3.61895638e-04
3.10808295e-01 4.10024774e-04 3.54682817e-04
3.11227534e-01 -4.39286061e-04 3.57771464e-04
3.11646770e-01 -7.71542649e-04 3.59227611e-04
3.12066003e-01 4.30808604e-05 3.64849780e-04
3.12485233e-01 -2.55508606e-04 3.62838112e-04
3.12904459e-01 -2.22114770e-05 3.63662000e-04
3.13323683e-01 2.33378073e-04 3.62477708e-04
3.13742903e-01 3.84667580e-04 3.70066289e-04
3.14162120e-01 1.48499780e-04 3.64122654e-04
3.14581334e-01 -1.79751325e-04 3.63195414e-04
3.15000545e-01 -3.18769509e-04 3.65101689e-04
3.15419753e-01 2.13178322e-04 3.63586437e-04
3.15838958e-01 6.57839948e-05 3.63215967e-04
3.16258159e-01 4.60493720e-04 3.67160230e-04
3.16677357e-01 -2.42008419e-04 3.57878550e-04
3.17096552e-01 1.00209079e-04 3.59514007e-04
3.17515744e-01 6.36758693e-04 3.71866414e-04
3.17934933e-01 5.30504760e-04 3.62724195e-04
3.18354118e-01 4.30382093e-04 3.57679780e-04
3.18773301e-01 3.02403153e-05 3.65504672e-04
3.19192480e-01 6.55832265e-05 3.54030634e-04
3.19611656e-01 4.81695372e-04 3.57928289e-04
3.20030829e-01 3.23569145e-04 3.55605365e-04
3.20449998e-01 -3.40497453e-04 3.59317466e-04
3.20869164e-01 5.84355540e-04 3.67698857e-04
3.21288328e-01 1.18267950e-05 3.61166202e-04
3.21707487e-01 2.39685418e-06 3.63151847e-04
3.22126644e-01 1.01473372e-03 3.70505561e-04
3.22545797e-01 4.59582713e-05 3.76194490e-04
3.22964948e-01 -1.99456266e-04 3.73489451e-04
3.23384095e-01 -6.35473106e-04 3.77272941e-04
3.23803238e-01 -4.52508450e-04 3.69754797e-04
3.24222379e-01 2.56790410e-04 3.72412690e-04
3.24641516e-01 3.76713158e-04 3.74165650e-04
3.25060650e-01 4.20341356e-04 3.75276542e-04
3.25479781e-01 5.51240484e-04 3.85710652e-04
3.25898908e-01 -6.04658430e-04 3.78617146e-04
3.26318032e-01 5.59727506e-04 3.88955753e-04
3.26737153e-01 5.31761672e-04 3.88570410e-04
3.27156271e-01 3.46688536e-05 3.83489191e-04
3.27575385e-01 1.44808387e-04 3.92522941e-04
3.27994496e-01 -3.34261390e-05 3.78952662e-04
3.28413604e-01 2.76023325e-04 3.82701231e-04
3.28832708e-01 -2.12022541e-04 3.90943792e-04
3.29251810e-01 -1.29291883e-04 3.87211698e-04
3.29670907e-01 -5.58735772e-04 3.93819483e-04
3.30090002e-01 3.23080677e-04 3.85685165e-04
3.30509093e-01 3.20138905e-04 3.91656115e-04
3.30928181e-01 3.14111706e-04 3.96198938e-04
3.31347266e-01 4.57920390e-04 3.99599873e-04
3.31766347e-01 -3.61289845e-04 3.84889428e-04
3.32185425e-01 -2.16466023e-04 3.96657451e-04
3.32604500e-01 4.26235275e-04 3.98094523e-04
3.33023571e-01 3.66489074e-04 3.99573230e-04
3.33442639e-01 8.90123771e-05 3.96597436e-04
3.33861704e-01 3.22931504e-04 4.08305109e-04
3.34280765e-01 1.98006531e-04 3.93252117e-04
3.34699823e-01 6.18084315e-04 4.00074964e-04
3.35118878e-01 1.76883525e-04 4.01991860e-04
3.35537929e-01 -1.35640887e-04 4.01175345e-04
3.35956977e-01 -1.36616241e-06 3.99887701e-04
3.36376021e-01 6.64641771e-04 4.13405859e-04
3.36795062e-01 6.40587965e-04 4.09434517e-04
3.37214100e-01 1.29049645e-04 4.06317815e-04
3.37633135e-01 2.26352289e-04 3.98809898e-04
3.38052166e-01 -3.82582514e-04 4.03056450e-04
3.38471193e-01 -2.87485364e-04 3.98877210e-04
3.38890217e-01 -3.46927139e-04 4.00789579e-04
3.39309238e-01 -2.92028690e-04 4.07741088e-04
3.39728256e-01 -3.06757965e-04 4.09275004e-04
3.40147270e-01 8.74449358e-06 4.10463662e-04
3.40566280e-01 4.41222704e-04 4.22188109e-04
3.40985288e-01 1.97165356e-04 4.03572890e-04
3.41404291e-01 5.25346396e-04 3.97818110e-04
3.41823292e-01 1.64491164e-04 4.11254004e-04
3.42242289e-01 1.11585580e-04 4.13126916e-04
3.42661282e-01 -4.09557040e-04 4.12076491e-04
3.43080272e-01 -4.83594397e-04 4.14246372e-04
3.43499259e-01 -4.82605770e-05 4.19598426e-04
3.43918242e-01 2.15021257e-04 4.08696205e-04
3.44337222e-01 -9.27609818e-05 4.09437599e-04
3.44756198e-01 7.41311036e-04 4.09957899e-04
3.45175171e-01 5.80698165e-04 4.16226450e-04
3.45594140e-01 -9.72058160e-04 4.10210435e-04
3.46013106e-01 -2.17834369e-04 4.18056935e-04
3.46432069e-01 1.28027967e-04 4.26736879e-04
3.46851028e-01 7.24014904e-04 4.17150066e-04
3.47269983e-01 6.26007820e-04 4.14114531e-04
3.47688935e-01 1.47318849e-03 4.18298224e-04
3.48107884e-01 4.77820834e-05 4.14392090e-04
3.48526829e-01 4.37587396e-04 4.27417573e-04
3.48945770e-01 3.42616235e-04 4.17517801e-04
3.49364708e-01 -3.22338826e-04 4.15989315e-04
3.49783643e-01 -9.69213426e-06 4.21876940e-04
3.50202574e-01 1.74181046e-04 4.17160608e-04
3.50621502e-01 -3.48856842e-04 4.24119171e-04
3.51040426e-01 3.61561616e-04 4.25064003e-04
3.51459346e-01 -6.28816479e-04 4.10188076e-04
3.51878263e-01 -1.55365433e-04 4.28807292e-04
3.52297177e-01 -6.32963515e-04 4.11732818e-04
3.52716087e-01 -1.50377026e-04 4.17896373e-04
3.53134993e-01 1.11722402e-04 4.22617947e-04
3.53553896e-01 4.21375772e-05 4.21741007e-04
3.53972795e-01 -1.16532547e-04 4.25060430e-04
3.54391691e-01 -1.25757255e-04 4.23960112e-04
3.54810584e-01 1.95145410e-04 4.30178736e-04
3.55229472e-01 -2.89914951e-05 4.24836911e-04
3.55648357e-01 -2.27376694e-04 4.27245760e-04
3.56067239e-01 8.49642105e-05 4.23501819e-04
3.56486117e-01 -2.19566087e-04 4.16249973e-04
3.56904991e-01 7.94474852e-05 4.32758188e-04
3.57323862e-01 6.60861309e-04 4.34322717e-04
3.57742730e-01 6.84284731e-04 4.38891743e-04
3.58161593e-01 1.13327498e-05 4.33216683e-04
3.58580453e-01 1.36364927e-04 4.34335701e-04
3.58999310e-01 2.70660007e-04 4.28861898e-04
3.59418163e-01 -4.47179699e-04 4.34630438e-04
3.59837012e-01 -6.23128765e-04 4.38462008e-04
3.60255858e-01 8.22238541e-04 4.39087200e-04
3.60674700e-01 -6.81249394e-04 4.34553531e-04
3.61093539e-01 -1.66614870e-04 4.36774716e-04
3.61512374e-01 -2.34133879e-04 4.36132041e-04
3.61931205e-01 -1.38238661e-04 4.31302478e-04
3.62350032e-01 1.77043921e-04 4.44013161e-04
3.62768857e-01 -7.34403916e-04 4.25407240e-04
3.63187677e-01 5.22654604e-05 4.38234094e-04
3.63606494e-01 6.56898894e-04 4.29168050e-04
3.64025307e-01 -5.29519927e-04 4.42598151e-04
3.64444116e-01 -5.23539398e-04 4.37098281e-04
3.64862922e-01 -5.13388071e-04 4.40045724e-04
3.65281724e-01 -1.41327946e-04 4.43552345e-04
3.65700523e-01 -3.70343529e-04 4.36280042e-04
3.66119318e-01 4.96317901e-04 4.40731169e-04
3.66538109e-01 2.01399478e-04 4.46566793e-04
3.66956896e-01 5.57567889e-04 4.54079204e-04
3.67375680e-01 2.25253729e-04 4.45616311e-04
3.67794460e-01 -5.77060507e-05 4.53399480e-04
3.68213237e-01 -3.50950755e-04 4.35838763e-04
3.68632010e-01 5.68849837e-04 4.38554357e-04
3.69050779e-01 -4.81377787e-04 4.50744243e-04
3.69469544e-01 -4.29042951e-04 4.41399699e-04
3.69888306e-01 1.72859714e-04 4.44722590e-04
3.70307064e-01 -3.93062570e-05 4.35093953e-04
3.70725818e-01 -7.67494543e-04 4.46030374e-04
3.71144569e-01 -9.06211853e-05 4.52681084e-04
3.71563316e-01 -2.55458199e-04 4.50340830e-04
3.71982059e-01 5.34127629e-04 4.52337055e-04
3.72400798e-01 -2.47903929e-04 4.51154870e-04
3.72819534e-01 5.28798490e-04 4.41938161e-04
3.73238266e-01 9.81573645e-05 4.52386223e-04
3.73656994e-01 -3.25161658e-04 4.42882901e-04
3.74075719e-01 2.59868300e-04 4.57812298e-04
3.74494439e-01 2.21257705e-04 4.60833176e-04
3.74913156e-01 2.44653364e-05 4.50696887e-04
3.75331870e-01 2.00195459e-04 4.47317583e-04
3.75750579e-01 8.31334601e-04 4.60668527e-04
3.76169285e-01 -2.46607548e-04 4.60459640e-04
3.76587987e-01 7.49985145e-04 4.68456065e-04
3.77006685e-01 -2.34119390e-04 4.59606096e-04
3.77425380e-01 8.97938311e-04 4.51660509e-04
3.77844070e-01 -1.81089950e-04 4.51055832e-04
3.78262757e-01 -6.83956948e-04 4.54607093e-04
3.78681440e-01 -2.43893575e-04 4.53560157e-04
3.79100119e-01 3.11374013e-04 4.70399467e-04
3.79518795e-01 8.49003211e-04 4.49431244e-04
3.79937467e-01 8.39056094e-04 4.65146371e-04
3.80356135e-01 -9.98815940e-05 4.56887831e-04
3.80774799e-01 8.39117234e-05 4.50365331e-04
3.81193459e-01 -2.56122641e-04 4.57856552e-04
3.81612115e-01 -6.79158963e-04 4.51800411e-04
3.82030768e-01 7.36856947e-04 4.55187800e-04
3.82449417e-01 -1.72642514e-04 4.54134585e-04
3.82868062e-01 -4.61817374e-04 4.63963524e-04
3.83286703e-01 -3.91674560e-04 4.83732982e-04
3.83705340e-01 2.59176654e-05 4.70373710e-04
3.84123974e-01 -4.78578770e-04 4.77246382e-04
3.84542604e-01 1.03172319e-04 4.76833372e-04
3.84961229e-01 7.36414536e-04 4.81604814e-04
3.85379851e-01 9.44878745e-04 4.79909770e-04
3.85798469e-01 -1.92197054e-04 4.92132980e-04
3.86217084e-01 1.00659519e-03 5.06965831e-04
3.86635694e-01 -4.57282891e-04 5.01997346e-04
3.87054301e-01 -2.20631362e-04 5.01386848e-04
3.87472903e-01 6.75520676e-04 5.14146803e-04
3.87891502e-01 -2.15218205e-04 4.95587366e-04
3.88310097e-01 1.34913724e-03 5.19109238e-04
3.88728688e-01 7.25696784e-05 5.05602886e-04
3.89147275e-01 8.66860265e-04 5.07926297e-04
3.89565858e-01 -1.38084867e-04 5.03472235e-04
3.89984437e-01 -4.54658413e-05 5.15668552e-04
3.90403013e-01 6.44563666e-04 5.06046962e-04
3.90821584e-01 9.75964279e-04 5.17539165e-04
3.91240152e-01 -5.73345496e-04 5.12274600e-04
3.91658716e-01 4.82748949e-04 5.40136473e-04
3.92077275e-01 -2.15060961e-04 5.09236356e-04
3.92495831e-01 -6.42176150e-05 5.24055147e-04
3.92914383e-01 -2.18188571e-04 5.19489184e-04
3.93332931e-01 -8.45020390e-04 5.18807904e-04
3.93751475e-01 4.72796056e-05 5.22810560e-04
3.94170015e-01 3.22417217e-05 5.25282833e-04
3.94588552e-01 -1.81605967e-04 5.37153975e-04
3.95007084e-01 -5.89146089e-04 5.34889669e-04
3.95425612e-01 -3.28256470e-04 5.46531687e-04
3.95844136e-01 -2.56107322e-04 5.38237370e-04
3.96262657e-01 5.58836838e-04 5.50514601e-04
3.96681173e-01 -4.35661353e-04 5.38759521e-04
3.97099686e-01 -1.20324567e-04 5.40381259e-04
3.97518194e-01 3.29001610e-04 5.50538775e-04
3.97936698e-01 -1.16008212e-03 5.45564456e-04
3.98355199e-01 2.29585800e-04 5.60366444e-04
3.98773695e-01 2.47448704e-04 5.76990588e-04
3.99192188e-01 5.67145471e-04 5.49594025e-04
3.99610677e-01 -5.83269109e-04 5.48181603e-04
4.00029161e-01 3.85083824e-04 5.56629215e-04
4.00447642e-01 1.03282579e-04 5.57502095e-04
4.00866118e-01 1.13225353e-04 5.46528978e-04
4.01284591e-01 9.75461650e-04 5.72646137e-04
4.01703059e-01 2.75478402e-04 5.71234708e-04
4.02121524e-01 4.61870952e-05 5.60176325e-04
4.02539984e-01 -2.16346893e-04 5.67315523e-04
4.02958441e-01 -4.90393350e-04 5.69219723e-04
4.03376893e-01 5.04523204e-04 6.01465473e-04
4.03795341e-01 4.10657327e-04 5.62953440e-04
4.04213786e-01 -3.89786642e-04 5.70180894e-04
4.04632226e-01 4.63862100e-04 5.87282585e-04
4.05050662e-01 1.29055155e-03 5.73603604e-04
4.05469095e-01 3.54239656e-04 5.88394516e-04
4.05887523e-01 4.36971645e-04 5.73971341e-04
4.06305947e-01 7.30203435e-05 6.19667202e-04
4.06724367e-01 -1.41207819e-04 5.96811341e-04
4.07142783e-01 -6.33179170e-04 5.75566059e-04
4.07561195e-01 5.44640716e-04 6.14640332e-04
4.07979603e-01 1.05912238e-03 5.89140969e-04
4.08398006e-01 6.70230679e-04 5.99170236e-04
4.08816406e-01 6.33412777e-04 6.23017674e-04
4.09234802e-01 -3.50796920e-06 6.02025236e-04
4.09653193e-01 -9.51049302e-04 5.81228263e-04
4.10071580e-01 -3.94679575e-04 5.88517115e-04
4.10489964e-01 4.20646351e-04 6.28166179e-04
4.10908343e-01 -9.68935655e-05 6.29871267e-04
4.11326718e-01 9.79416125e-04 6.40349976e-04
4.11745089e-01 -6.76645704e-07 6.13534416e-04
4.12163456e-01 -4.21173024e-04 6.19003568e-04
4.12581819e-01 3.57633515e-04 6.31941058e-04
4.13000177e-01 1.64930641e-04 6.15643534e-04
4.13418532e-01 2.75892840e-04 6.53969940e-04
4.13836882e-01 3.82806877e-05 6.23754810e-04
4.14255228e-01 1.35871543e-03 6.36092850e-04
4.14673570e-01 7.42108078e-04 6.58300712e-04
4.15091908e-01 -1.03115324e-04 6.50879638e-04
4.15510242e-01 -1.63571965e-05 6.20742553e-04
4.15928572e-01 6.60476867e-04 6.48904591e-04
4.16346897e-01 1.61035087e-04 6.36061270e-04
4.16765218e-01 -2.03530275e-04 6.37838051e-04
4.17183536e-01 -5.05699965e-04 6.40649772e-04
4.17601849e-01 -1.54050376e-03 6.50963809e-04
4.18020157e-01 6.75273933e-04 6.60236473e-04
4.18438462e-01 3.87567923e-05 6.54891475e-04
4.18856762e-01 -1.03412271e-03 6.67867594e-04
4.19275059e-01 1.56637404e-04 6.93047279e-04
4.19693351e-01 2.24942547e-03 6.89274484e-04
4.20111639e-01 1.07651322e-03 6.80056526e-04
4.20529922e-01 3.44573342e-04 7.21875753e-04
4.20948202e-01 8.66156570e-05 6.87966503e-04
4.21366477e-01 -5.40454771e-04 6.83653971e-04
4.21784748e-01 1.41556459e-04 6.88041842e-04
4.22203015e-01 6.13646233e-04 6.52634187e-04
4.22621278e-01 1.00673404e-03 7.22822428e-04
4.23039536e-01 7.10281383e-04 7.22070840e-04
4.23457790e-01 5.62394230e-04 7.18055353e-04
4.23876040e-01 -1.44023345e-04 7.33993104e-04
4.24294286e-01 4.73222835e-04 6.96978708e-04
4.24712527e-01 1.41408427e-03 7.28144835e-04
4.25130765e-01 1.50111167e-03 7.16819708e-04
4.25548998e-01 8.74271301e-04 7.12467311e-04
4.25967226e-01 -6.49025581e-04 7.29967599e-04
4.26385451e-01 3.35113237e-04 7.23575488e-04
4.26803671e-01 -6.41670407e-05 7.57299726e-04
4.27221887e-01 -1.71499901e-04 7.26885086e-04
4.27640099e-01 -4.99441095e-04 7.39967565e-04
4.28058306e-01 1.33379839e-03 7.50010587e-04
4.28476509e-01 9.13343836e-04 7.51723483e-04
4.28894708e-01 1.60087122e-04 7.90973123e-04
4.29312903e-01 4.06095066e-04 7.70401167e-04
4.29731093e-01 1.39563447e-04 7.43810634e-04
4.30149279e-01 -2.42382570e-04 7.43515594e-04
4.30567460e-01 3.46201778e-04 7.88993040e-04
4.30985638e-01 1.84869556e-04 7.84942813e-04
4.31403811e-01 -4.46716825e-04 7.73658011e-04
4.31821980e-01 6.91341205e-04 8.07219207e-04
4.32240144e-01 -1.12314551e-03 7.97159874e-04
4.32658304e-01 2.37004532e-04 8.12570743e-04
4.33076460e-01 -7.04320688e-04 8.06677342e-04
4.33494612e-01 4.41864625e-04 8.50467299e-04
4.33912759e-01 1.04950163e-03 8.76496910e-04
4.34330902e-01 9.57121496e-04 9.90291475e-04
4.34749040e-01 -1.98355144e-03 1.14086077e-03
4.35167174e-01 3.05258532e-04 1.16929978e-03
4.35585304e-01 -1.83804330e-04 1.15652234e-03
4.36003430e-01 -5.99360525e-04 1.18338025e-03
4.36421551e-01 2.21568395e-03 1.26079598e-03
4.36839667e-01 -1.41933110e-03 1.52436075e-03
4.37257780e-01 2.84762355e-03 0.00000000e+00
