6.30595362e-03 1.11856116e-01 4.15132754e-02
6.72635018e-03 1.04713073e-01 1.45695523e-02
7.14674667e-03 1.00470224e-01 6.43185360e-03
7.56714308e-03 9.66900657e-02 6.32797138e-03
7.98753943e-03 9.35577313e-02 5.56376154e-03
8.40793569e-03 8.37002644e-02 4.33671959e-03
8.82833186e-03 1.01398200e-01 4.48575516e-03
9.24872795e-03 9.06538675e-02 4.48008903e-03
9.66912395e-03 9.37362561e-02 3.79131646e-03
1.00895198e-02 9.67548902e-02 3.68824835e-03
1.05099156e-02 9.58272945e-02 3.99609034e-03
1.09303113e-02 9.93393418e-02 3.72294672e-03
1.13507069e-02 1.00712126e-01 3.44334627e-03
1.17711024e-02 1.01902815e-01 3.10691542e-03
1.21914977e-02 9.85063683e-02 3.08021148e-03
1.26118929e-02 9.55694650e-02 3.05421198e-03
1.30322880e-02 9.60576102e-02 3.26131086e-03
1.34526830e-02 9.57891480e-02 2.80234330e-03
1.38730778e-02 9.40690922e-02 2.75140956e-03
1.42934725e-02 9.62296473e-02 2.92307959e-03
1.47138671e-02 8.94796394e-02 2.72129958e-03
1.51342615e-02 9.49713096e-02 2.64745063e-03
1.55546557e-02 9.48295441e-02 2.76240888e-03
1.59750498e-02 9.82623852e-02 2.74663719e-03
1.63954437e-02 8.80515396e-02 2.70155155e-03
1.68158375e-02 8.77568539e-02 2.56617681e-03
1.72362311e-02 9.06512282e-02 2.73423131e-03
1.76566245e-02 8.90630745e-02 2.62755892e-03
1.80770178e-02 9.12809086e-02 2.37484981e-03
1.84974108e-02 8.98485116e-02 2.40712175e-03
1.89178037e-02 8.94318177e-02 2.24325345e-03
1.93381964e-02 8.54349322e-02 2.30274414e-03
1.97585889e-02 8.47008631e-02 2.32351480e-03
2.01789812e-02 8.22064708e-02 2.15404042e-03
2.05993732e-02 8.49851388e-02 2.32636356e-03
2.10197651e-02 8.34441372e-02 2.09474070e-03
2.14401568e-02 8.43551600e-02 2.26345652e-03
2.18605482e-02 8.35690798e-02 2.02923347e-03
2.22809395e-02 8.28254394e-02 2.21281429e-03
2.27013305e-02 7.61560271e-02 2.18634330e-03
2.31217212e-02 7.90347760e-02 2.20555536e-03
2.35421118e-02 8.52648808e-02 2.11126884e-03
2.39625021e-02 8.15975290e-02 1.95848931e-03
2.43828922e-02 7.71778393e-02 1.95897328e-03
2.48032820e-02 7.94024661e-02 2.04333204e-03
2.52236716e-02 7.69393719e-02 2.05450984e-03
2.56440609e-02 7.79953893e-02 1.89092832e-03
2.60644499e-02 7.40908866e-02 1.88298293e-03
2.64848387e-02 7.71277875e-02 2.00429363e-03
2.69052273e-02 7.55731751e-02 2.04068423e-03
2.73256155e-02 7.80646135e-02 1.92764710e-03
2.77460035e-02 7.52831142e-02 1.96573725e-03
2.81663912e-02 7.44991921e-02 2.09961571e-03
2.85867786e-02 7.61478849e-02 1.91122107e-03
2.90071658e-02 7.16211742e-02 1.93763326e-03
2.94275526e-02 6.90105095e-02 1.97284336e-03
2.98479391e-02 7.45659788e-02 1.90897118e-03
3.02683254e-02 6.94391588e-02 1.81529243e-03
3.06887113e-02 6.87153851e-02 1.97280728e-03
3.11090970e-02 6.54451828e-02 1.92237780e-03
3.15294823e-02 6.73958315e-02 1.86673231e-03
3.19498673e-02 6.42570054e-02 1.83857696e-03
3.23702519e-02 6.59880595e-02 1.82728907e-03
3.27906363e-02 6.76449919e-02 1.96681367e-03
3.32110203e-02 6.00034074e-02 1.87363773e-03
3.36314040e-02 6.15342001e-02 1.77386201e-03
3.40517873e-02 6.06000174e-02 1.70650402e-03
3.44721703e-02 6.36268409e-02 1.76890224e-03
3.48925530e-02 6.37987029e-02 1.81686618e-03
3.53129353e-02 6.33601928e-02 1.63835550e-03
3.57333173e-02 6.10519525e-02 1.68608738e-03
3.61536988e-02 5.90341248e-02 1.57625572e-03
3.65740801e-02 5.72770698e-02 1.60032909e-03
3.69944609e-02 5.89425282e-02 1.51041651e-03
3.74148414e-02 5.42895295e-02 1.51905951e-03
3.78352215e-02 5.12972692e-02 1.56817735e-03
3.82556012e-02 5.61123703e-02 1.61143536e-03
3.86759806e-02 5.37352444e-02 1.55467049e-03
3.90963595e-02 5.45360875e-02 1.56514673e-03
3.95167381e-02 5.04027655e-02 1.40122441e-03
3.99371163e-02 4.85734296e-02 1.43901276e-03
4.03574940e-02 5.08725519e-02 1.42746806e-03
4.07778714e-02 5.13097714e-02 1.40793102e-03
4.11982483e-02 5.10117018e-02 1.38567945e-03
4.16186248e-02 4.85194464e-02 1.46511830e-03
4.20390009e-02 4.76732059e-02 1.34980122e-03
4.24593766e-02 4.72740694e-02 1.36265586e-03
4.28797519e-02 4.70424148e-02 1.31336655e-03
4.33001267e-02 4.33197571e-02 1.39850422e-03
4.37205011e-02 4.49144510e-02 1.42235252e-03
4.41408750e-02 4.63734055e-02 1.39171631e-03
4.45612485e-02 4.26458695e-02 1.32530509e-03
4.49816216e-02 4.14245871e-02 1.29418220e-03
4.54019942e-02 4.21092955e-02 1.33368007e-03
4.58223663e-02 4.14981146e-02 1.38407933e-03
4.62427380e-02 3.92030281e-02 1.28489589e-03
4.66631092e-02 3.76250023e-02 1.26188362e-03
4.70834800e-02 4.06694012e-02 1.22879693e-03
4.75038502e-02 3.74570998e-02 1.30456068e-03
4.79242200e-02 3.81793302e-02 1.26696245e-03
4.83445894e-02 3.82822447e-02 1.21876752e-03
4.87649582e-02 4.00817393e-02 1.26758352e-03
4.91853265e-02 3.48279215e-02 1.19742253e-03
4.96056943e-02 3.42583235e-02 1.16386721e-03
5.00260617e-02 3.31249898e-02 1.12385279e-03
5.04464285e-02 3.34523010e-02 1.18055809e-03
5.08667948e-02 3.20568125e-02 1.15804420e-03
5.12871607e-02 3.06372522e-02 1.14430979e-03
5.17075260e-02 3.10467669e-02 1.13290974e-03
5.21278907e-02 3.15620383e-02 1.18804260e-03
5.25482550e-02 2.93125503e-02 1.09316605e-03
5.29686187e-02 2.98768569e-02 1.16165392e-03
5.33889819e-02 3.04232311e-02 1.08246041e-03
5.38093445e-02 3.01930962e-02 1.10573316e-03
5.42297066e-02 2.80005400e-02 1.08427368e-03
5.46500682e-02 2.92169147e-02 1.10887932e-03
5.50704292e-02 2.81414810e-02 1.12878846e-03
5.54907897e-02 2.65977394e-02 1.04986076e-03
5.59111496e-02 2.52586699e-02 1.07997188e-03
5.63315089e-02 2.68654587e-02 1.16049476e-03
5.67518677e-02 2.45032432e-02 1.11311830e-03
5.71722259e-02 2.41421604e-02 1.09002512e-03
5.75925835e-02 2.43694572e-02 1.12542373e-03
5.80129405e-02 2.40568419e-02 1.15472191e-03
5.84332970e-02 2.40624726e-02 1.09050975e-03
5.88536529e-02 2.18920175e-02 1.10487635e-03
5.92740081e-02 2.10505960e-02 1.06903388e-03
5.96943628e-02 2.17299741e-02 1.08824981e-03
6.01147169e-02 2.13190420e-02 1.05334720e-03
6.05350704e-02 2.08837193e-02 1.05816884e-03
6.09554232e-02 2.03146112e-02 1.09654552e-03
6.13757755e-02 2.10799915e-02 1.05635731e-03
6.17961271e-02 1.89827680e-02 1.05897257e-03
6.22164781e-02 2.09842651e-02 1.07613969e-03
6.26368285e-02 1.99589963e-02 1.01332958e-03
6.30571783e-02 1.66244867e-02 1.01885420e-03
6.34775274e-02 1.67735801e-02 9.74414265e-04
6.38978758e-02 1.71020740e-02 9.98330986e-04
6.43182237e-02 1.62445688e-02 1.02119400e-03
6.47385709e-02 1.74548414e-02 1.04790318e-03
6.51589174e-02 1.52043658e-02 9.71465984e-04
6.55792633e-02 1.63413084e-02 9.79791053e-04
6.59996085e-02 1.63280999e-02 9.40676763e-04
6.64199530e-02 1.63949683e-02 9.33254137e-04
6.68402969e-02 1.44800972e-02 9.96806210e-04
6.72606401e-02 1.42678569e-02 9.24791347e-04
6.76809827e-02 1.43175077e-02 9.27827768e-04
6.81013245e-02 1.26115640e-02 9.36714570e-04
6.85216657e-02 1.40215662e-02 9.37978007e-04
6.89420062e-02 1.33257429e-02 8.98095307e-04
6.93623459e-02 1.34447101e-02 9.07223788e-04
6.97826850e-02 1.17911216e-02 8.95330659e-04
7.02030234e-02 1.07544418e-02 8.68806162e-04
7.06233611e-02 1.14744392e-02 8.96556714e-04
7.10436980e-02 1.18707710e-02 8.66201460e-04
7.14640343e-02 1.08139414e-02 8.49847294e-04
7.18843698e-02 9.54907817e-03 8.61603693e-04
7.23047046e-02 1.18692935e-02 8.87192316e-04
7.27250387e-02 9.12610303e-03 8.33963892e-04
7.31453720e-02 1.04169667e-02 8.92066578e-04
7.35657046e-02 1.03818218e-02 8.46270986e-04
7.39860365e-02 9.78933911e-03 8.60412079e-04
7.44063676e-02 9.00768587e-03 8.40135106e-04
7.48266980e-02 9.53625417e-03 8.69300641e-04
7.52470276e-02 9.31982368e-03 8.33886283e-04
7.56673565e-02 9.71275913e-03 8.44639015e-04
7.60876846e-02 8.62682342e-03 8.18279847e-04
7.65080119e-02 8.39296559e-03 8.30485209e-04
7.69283384e-02 9.08914409e-03 8.37902247e-04
7.73486642e-02 7.76085244e-03 8.67583605e-04
7.77689892e-02 7.98066223e-03 8.40241338e-04
7.81893135e-02 6.96861717e-03 8.14484470e-04
7.86096369e-02 7.26226399e-03 8.12166134e-04
7.90299595e-02 8.28832922e-03 7.89669683e-04
7.94502814e-02 7.03477067e-03 7.97321286e-04
7.98706024e-02 6.66426271e-03 8.12339236e-04
8.02909227e-02 6.49838193e-03 7.94168284e-04
8.07112421e-02 6.70006320e-03 8.08637908e-04
8.11315607e-02 5.84900481e-03 7.74781770e-04
8.15518785e-02 5.30525636e-03 8.09372454e-04
8.19721955e-02 5.55624609e-03 7.70025539e-04
8.23925117e-02 6.21786310e-03 7.68804589e-04
8.28128270e-02 4.87566395e-03 7.99116002e-04
8.32331415e-02 6.65463847e-03 7.88574532e-04
8.36534552e-02 6.53443364e-03 8.08203126e-04
8.40737680e-02 6.41057312e-03 7.73115782e-04
8.44940800e-02 4.81219483e-03 7.84380424e-04
8.49143911e-02 4.91587577e-03 7.72478083e-04
8.53347013e-02 5.05609091e-03 7.81298774e-04
8.57550107e-02 5.43478572e-03 7.89486552e-04
8.61753193e-02 4.85516916e-03 7.78334880e-04
8.65956270e-02 4.38009394e-03 7.70031321e-04
8.70159338e-02 5.35083024e-03 7.55958954e-04
8.74362397e-02 5.07940721e-03 7.57258179e-04
8.78565447e-02 4.07597195e-03 7.40405127e-04
8.82768489e-02 3.92439851e-03 7.43629988e-04
8.86971522e-02 4.60849078e-03 7.40263177e-04
8.91174545e-02 3.00615614e-03 7.27662725e-04
8.95377560e-02 3.63653468e-03 7.27050935e-04
8.99580566e-02 3.70149618e-03 7.37722381e-04
9.03783563e-02 3.56732993e-03 7.18463998e-04
9.07986550e-02 4.20644456e-03 7.19472816e-04
9.12189529e-02 4.72026580e-03 7.35086711e-04
9.16392498e-02 3.15087748e-03 7.07268954e-04
9.20595458e-02 4.24541250e-03 7.17863506e-04
9.24798409e-02 3.40291948e-03 7.42515066e-04
9.29001350e-02 4.34324136e-03 7.57836249e-04
9.33204283e-02 3.41265149e-03 7.30085360e-04
9.37407205e-02 3.89319622e-03 7.37408358e-04
9.41610119e-02 3.72186090e-03 7.80440268e-04
9.45813022e-02 1.94371346e-03 7.58490869e-04
9.50015917e-02 4.03113763e-03 7.61541705e-04
9.54218802e-02 3.58870333e-03 7.24272902e-04
9.58421677e-02 1.94678641e-03 7.32122729e-04
9.62624542e-02 3.81215698e-03 7.30679395e-04
9.66827398e-02 3.18123927e-03 7.16282931e-04
9.71030244e-02 2.03896151e-03 7.10208076e-04
9.75233080e-02 1.85770697e-03 7.21442151e-04
9.79435907e-02 1.96701428e-03 6.81152115e-04
9.83638723e-02 3.35945649e-03 6.98406735e-04
9.87841530e-02 1.83003921e-03 7.16234602e-04
9.92044327e-02 2.60330890e-03 7.04671148e-04
9.96247114e-02 2.07228051e-03 6.90946162e-04
1.00044989e-01 2.94305645e-03 6.87564447e-04
1.00465266e-01 7.08512768e-04 6.80429825e-04
1.00885541e-01 2.97135346e-03 6.83266259e-04
1.01305816e-01 2.50249687e-03 6.92144456e-04
1.01726090e-01 2.16382832e-03 6.93030611e-04
1.02146362e-01 2.94126386e-03 6.86202560e-04
1.02566634e-01 2.39295724e-03 6.80738640e-04
1.02986904e-01 2.31050887e-03 6.83252236e-04
1.03407174e-01 3.13997673e-03 7.00730172e-04
1.03827442e-01 2.88710504e-03 6.93463205e-04
1.04247710e-01 2.19403688e-03 6.75436357e-04
1.04667976e-01 2.07361322e-03 6.99697265e-04
1.05088241e-01 2.68296998e-03 6.67658505e-04
1.05508506e-01 2.70689129e-03 6.98278625e-04
1.05928769e-01 2.05028741e-03 6.82925048e-04
1.06349031e-01 2.40942187e-03 6.88409929e-04
1.06769292e-01 1.88311589e-03 6.75781297e-04
1.07189552e-01 1.74303238e-03 6.70738723e-04
1.07609811e-01 1.20190326e-03 6.74867909e-04
1.08030069e-01 1.75643707e-03 6.81665107e-04
1.08450325e-01 1.86821342e-03 6.69494029e-04
1.08870581e-01 2.05433986e-03 6.85747307e-04
1.09290836e-01 3.51325724e-03 6.71306625e-04
1.09711089e-01 1.29000379e-03 6.53693432e-04
1.10131341e-01 3.11581605e-03 6.61018624e-04
1.10551592e-01 1.64694418e-03 6.21806590e-04
1.10971843e-01 1.07636230e-03 6.57773556e-04
1.11392092e-01 1.27999160e-03 6.69643175e-04
1.11812339e-01 1.29347902e-03 6.56282580e-04
1.12232586e-01 1.48806898e-03 6.43829297e-04
1.12652832e-01 2.50774911e-03 6.68641141e-04
1.13073076e-01 2.00591114e-03 6.54507113e-04
1.13493320e-01 2.47701202e-03 6.61087462e-04
1.13913562e-01 1.28294496e-03 6.64983054e-04
1.14333803e-01 1.99101391e-03 6.67712187e-04
1.14754043e-01 1.58219478e-03 6.54183058e-04
1.15174282e-01 1.99648754e-03 6.54563759e-04
1.15594519e-01 3.14417070e-03 6.92450930e-04
1.16014756e-01 1.69555441e-03 6.92084330e-04
1.16434991e-01 8.76497110e-04 6.79836371e-04
1.16855225e-01 1.73889052e-03 6.83341751e-04
1.17275458e-01 1.16550363e-03 6.52938103e-04
1.17695690e-01 7.84153281e-04 6.65670962e-04
1.18115920e-01 8.52537511e-04 6.54800420e-04
1.18536149e-01 1.07981282e-03 6.55265835e-04
1.18956378e-01 1.20052837e-03 6.54977890e-04
1.19376605e-01 2.14559737e-03 6.57458863e-04
1.19796830e-01 1.74789168e-03 6.76910396e-04
1.20217055e-01 2.50396286e-03 6.50925088e-04
1.20637278e-01 2.17113012e-03 6.59066155e-04
1.21057500e-01 1.00103892e-03 6.65564424e-04
1.21477721e-01 1.40081336e-03 6.55968472e-04
1.21897941e-01 2.69904172e-03 6.64746280e-04
1.22318159e-01 1.67865852e-03 6.63952318e-04
1.22738377e-01 9.28751608e-04 6.56444824e-04
1.23158593e-01 3.17847765e-03 6.68246111e-04
1.23578807e-01 1.18974314e-03 6.38608091e-04
1.23999021e-01 1.01094025e-03 6.43494193e-04
1.24419233e-01 1.53666366e-03 6.30335689e-04
1.24839444e-01 7.94996115e-04 6.39405846e-04
1.25259654e-01 9.84495243e-04 6.44421984e-04
1.25679862e-01 1.21015214e-03 6.21799542e-04
1.26100070e-01 7.28056753e-04 6.25693350e-04
1.26520276e-01 1.08934116e-03 6.33976559e-04
1.26940480e-01 -1.31822717e-04 6.22572893e-04
1.27360684e-01 1.83604458e-03 6.28021996e-04
1.27780886e-01 1.45499109e-03 6.21882483e-04
1.28201087e-01 4.31034928e-04 6.26824927e-04
1.28621286e-01 1.76844134e-03 6.21842309e-04
1.29041485e-01 1.24749655e-03 6.15991446e-04
1.29461682e-01 1.10207011e-03 6.19653387e-04
1.29881877e-01 1.26910586e-03 6.22227957e-04
1.30302072e-01 1.23391967e-03 6.05478305e-04
1.30722265e-01 1.29126497e-03 6.14636614e-04
1.31142456e-01 9.39237367e-04 6.03932838e-04
1.31562647e-01 1.28992144e-03 6.07532175e-04
1.31982836e-01 1.64142463e-03 5.88583360e-04
1.32403024e-01 1.03551367e-03 6.14518945e-04
1.32823210e-01 1.30031115e-03 6.24156399e-04
1.33243395e-01 1.04824056e-03 6.07918752e-04
1.33663579e-01 1.85867969e-03 6.01181475e-04
1.34083761e-01 5.38872843e-04 6.06470006e-04
1.34503942e-01 9.41232026e-04 5.94459652e-04
1.34924122e-01 1.00376386e-03 6.19379959e-04
1.35344300e-01 9.85277899e-04 6.11309590e-04
1.35764477e-01 5.28147771e-04 6.06605802e-04
1.36184653e-01 -5.22067808e-04 5.87073703e-04
1.36604827e-01 1.09442968e-03 6.07235574e-04
1.37025000e-01 8.04965216e-04 6.07824040e-04
1.37445171e-01 5.95322278e-04 5.92794231e-04
1.37865341e-01 5.33344632e-04 5.95797711e-04
1.38285510e-01 1.62139665e-03 6.07119486e-04
1.38705677e-01 1.70473823e-03 6.10339733e-04
1.39125843e-01 9.28918538e-04 6.02170809e-04
1.39546008e-01 3.39947961e-04 5.71415996e-04
1.39966171e-01 2.40023058e-04 5.90993209e-04
1.40386333e-01 2.41675662e-04 5.89100154e-04
1.40806493e-01 8.90241932e-04 5.72436436e-04
1.41226652e-01 7.39121066e-04 5.89880596e-04
1.41646809e-01 1.84466215e-03 5.83257458e-04
1.42066965e-01 6.39107754e-04 5.69354772e-04
1.42487120e-01 7.20016612e-04 5.86136252e-04
1.42907273e-01 2.10314971e-03 5.81105331e-04
1.43327425e-01 1.47385774e-03 5.90109411e-04
1.43747575e-01 1.50217299e-03 5.84836745e-04
1.44167724e-01 9.17756276e-04 5.93927192e-04
1.44587871e-01 8.68309513e-04 5.85881007e-04
1.45008017e-01 9.78587842e-04 5.84376221e-04
1.45428162e-01 1.22917453e-04 5.75265976e-04
1.45848305e-01 1.07575788e-03 5.72717706e-04
1.46268446e-01 1.39164427e-04 5.84053845e-04
1.46688586e-01 -9.80219203e-05 6.12440169e-04
1.47108725e-01 5.24232860e-04 5.94734949e-04
1.47528862e-01 6.13534631e-04 5.87403581e-04
1.47948998e-01 8.08278430e-04 5.86356752e-04
1.48369132e-01 1.91937367e-04 5.98403435e-04
1.48789265e-01 7.40033045e-04 5.96942136e-04
1.49209396e-01 1.09619795e-03 5.93266607e-04
1.49629525e-01 -3.75163228e-04 5.79097287e-04
1.50049654e-01 6.57230610e-04 5.82627886e-04
1.50469780e-01 -8.83722161e-05 5.85637803e-04
1.50889905e-01 3.42111898e-04 5.92281355e-04
1.51310029e-01 1.56550122e-03 5.97822318e-04
1.51730151e-01 1.16281579e-03 5.88481441e-04
1.52150272e-01 4.97332752e-04 5.82688980e-04
1.52570391e-01 5.86202212e-04 5.80242727e-04
1.52990508e-01 1.22098242e-03 5.76211248e-04
1.53410624e-01 1.77686855e-04 5.84326924e-04
1.53830738e-01 -3.04957742e-04 5.73830728e-04
1.54250851e-01 5.55144502e-04 5.72007228e-04
1.54670963e-01 4.88683793e-04 5.52142260e-04
1.55091072e-01 1.04252867e-03 5.66090777e-04
1.55511180e-01 7.29614355e-04 5.69283590e-04
1.55931287e-01 3.81357019e-04 5.77458553e-04
1.56351392e-01 1.27429169e-03 5.55173376e-04
1.56771496e-01 1.73390156e-03 5.67042000e-04
1.57191598e-01 5.45345399e-04 5.62490265e-04
1.57611698e-01 1.10485976e-03 5.61358023e-04
1.58031797e-01 2.20859721e-04 5.59504293e-04
1.58451894e-01 7.75923792e-04 5.73764167e-04
1.58871989e-01 8.62992005e-04 5.52219462e-04
1.59292083e-01 9.10961876e-04 5.52153035e-04
1.59712176e-01 5.88141648e-04 5.50263433e-04
1.60132266e-01 9.55299141e-04 5.64498996e-04
1.60552355e-01 -3.11065775e-04 5.58782122e-04
1.60972443e-01 4.27334719e-04 5.41252638e-04
1.61392529e-01 -1.89494859e-04 5.45252967e-04
1.61812613e-01 5.12513906e-04 5.36605241e-04
1.62232696e-01 6.07368825e-04 5.31735198e-04
1.62652777e-01 -5.03252324e-04 5.45003702e-04
1.63072856e-01 -6.09490795e-04 5.23863046e-04
1.63492934e-01 1.01075550e-03 5.40060458e-04
1.63913010e-01 -3.17536456e-04 5.11909573e-04
1.64333084e-01 6.93490988e-04 5.38910961e-04
1.64753157e-01 3.02025589e-04 5.42870429e-04
1.65173228e-01 4.29959758e-04 5.44475369e-04
1.65593298e-01 2.49110484e-04 5.32638010e-04
1.66013366e-01 2.20786009e-04 5.25985915e-04
1.66433432e-01 -9.06615557e-05 5.25716237e-04
1.66853496e-01 1.51171427e-03 5.40037616e-04
1.67273559e-01 4.52728780e-04 5.21500740e-04
1.67693620e-01 1.92962222e-04 5.26957693e-04
1.68113680e-01 -1.77836945e-05 5.21338211e-04
1.68533737e-01 9.42314286e-04 5.19055175e-04
1.68953793e-01 4.49484592e-04 5.24907449e-04
1.69373848e-01 -1.12298399e-04 5.22896206e-04
1.69793900e-01 8.74200664e-04 5.15628459e-04
1.70213951e-01 3.20166797e-04 5.20712220e-04
1.70634000e-01 -2.40392075e-04 5.29103862e-04
1.71054048e-01 1.65065535e-04 5.05158911e-04
1.71474094e-01 7.24229498e-04 5.00696447e-04
1.71894138e-01 7.92161771e-04 4.98583564e-04
1.72314180e-01 2.36712714e-05 5.10641553e-04
1.72734221e-01 8.63571679e-04 5.10463207e-04
1.73154259e-01 4.10742939e-04 5.02362278e-04
1.73574297e-01 5.90696514e-04 5.29070433e-04
1.73994332e-01 -1.34187781e-04 5.11763988e-04
1.74414365e-01 7.13596343e-04 5.14387382e-04
1.74834397e-01 -3.78576111e-04 4.99562296e-04
1.75254427e-01 -5.53447394e-04 5.01239161e-04
1.75674456e-01 4.63093826e-04 5.00650287e-04
1.76094482e-01 5.35292301e-04 5.10332192e-04
1.76514507e-01 5.91893578e-04 4.98449099e-04
1.76934530e-01 2.52273787e-05 4.92322553e-04
1.77354551e-01 -2.42205980e-05 5.05652977e-04
1.77774571e-01 6.91754446e-04 5.15461705e-04
1.78194588e-01 2.38006874e-04 5.05601568e-04
1.78614604e-01 6.81200723e-04 5.08029695e-04
1.79034618e-01 4.62237058e-04 4.94433051e-04
1.79454631e-01 4.08382883e-04 4.94810586e-04
1.79874641e-01 9.16904305e-04 4.97277737e-04
1.80294650e-01 3.69838884e-04 4.87747595e-04
1.80714657e-01 -5.78832173e-04 4.80571241e-04
1.81134662e-01 6.58437657e-04 4.93637086e-04
1.81554665e-01 8.29017937e-04 4.96495317e-04
1.81974666e-01 1.04620371e-03 5.11582542e-04
1.82394666e-01 2.52481202e-04 4.93611495e-04
1.82814663e-01 1.21291216e-04 4.87698412e-04
1.83234659e-01 3.51283431e-04 4.94074499e-04
1.83654653e-01 -1.85589079e-04 4.90436908e-04
1.84074646e-01 -7.54085910e-04 4.84045603e-04
1.84494636e-01 9.02245927e-04 4.91740219e-04
1.84914624e-01 8.33309978e-05 4.82500546e-04
1.85334611e-01 -2.14188173e-04 4.95668275e-04
1.85754596e-01 3.05508197e-04 4.93310463e-04
1.86174579e-01 5.15405768e-04 4.94380250e-04
1.86594560e-01 2.16269890e-04 5.02897958e-04
1.87014539e-01 8.61806743e-04 4.95341709e-04
1.87434516e-01 4.06015258e-04 4.85336864e-04
1.87854491e-01 -2.79320184e-04 4.87950104e-04
1.88274465e-01 -2.73489826e-05 4.79417217e-04
1.88694437e-01 1.44684867e-03 4.79814501e-04
1.89114406e-01 4.74096915e-04 4.69961258e-04
1.89534374e-01 2.55097258e-05 4.61479325e-04
1.89954340e-01 -1.70559160e-05 4.73737719e-04
1.90374304e-01 -5.69636377e-05 4.80372495e-04
1.90794266e-01 8.82292386e-05 4.66422662e-04
1.91214226e-01 -4.89313280e-05 4.65526936e-04
1.91634184e-01 3.34955791e-04 4.72085453e-04
1.92054141e-01 1.20942784e-04 4.75346285e-04
1.92474095e-01 7.73040899e-04 4.74486378e-04
1.92894047e-01 5.08201409e-04 4.70563390e-04
1.93313998e-01 2.99373510e-04 4.71848769e-04
1.93733946e-01 7.79109652e-05 4.66177856e-04
1.94153893e-01 -8.38146480e-04 4.62682591e-04
1.94573838e-01 -1.02968715e-04 4.58696569e-04
1.94993780e-01 7.40697292e-04 4.68121254e-04
1.95413721e-01 8.78628818e-04 4.75991237e-04
1.95833660e-01 -4.03028318e-04 4.57950080e-04
1.96253597e-01 -3.36122330e-06 4.78047420e-04
1.96673531e-01 1.33867016e-03 4.65960827e-04
1.97093464e-01 -1.66744190e-04 4.68051831e-04
1.97513395e-01 2.93260803e-04 4.46824432e-04
1.97933324e-01 4.59810689e-04 4.74689919e-04
1.98353251e-01 6.02461530e-04 4.64270889e-04
1.98773176e-01 1.08947056e-03 4.66070656e-04
1.99193099e-01 4.70338626e-04 4.67343380e-04
1.99613019e-01 4.48839601e-04 4.57076554e-04
2.00032938e-01 5.77223313e-04 4.59603958e-04
2.00452855e-01 5.35934168e-04 4.46971589e-04
2.00872770e-01 4.17991218e-05 4.53355599e-04
2.01292683e-01 2.71618567e-04 4.52959361e-04
2.01712594e-01 2.92200544e-04 4.53147777e-04
2.02132502e-01 -4.05923918e-04 4.55395571e-04
2.02552409e-01 -2.46370977e-04 4.46827990e-04
2.02972314e-01 9.01817876e-04 4.62149570e-04
2.03392217e-01 1.59077358e-04 4.53070272e-04
2.03812117e-01 2.08014867e-04 4.54349736e-04
2.04232016e-01 1.06106412e-04 4.50831528e-04
2.04651912e-01 2.86226907e-04 4.54017166e-04
2.05071807e-01 6.25254976e-04 4.61902537e-04
2.05491699e-01 4.33585499e-05 4.65632775e-04
2.05911590e-01 1.48608698e-04 4.71660702e-04
2.06331478e-01 -1.52265042e-04 4.67306984e-04
2.06751364e-01 -6.12101655e-04 4.63268324e-04
2.07171248e-01 -1.95345865e-04 4.63841735e-04
2.07591130e-01 -1.74047950e-04 4.64827173e-04
2.08011010e-01 -8.50960795e-05 4.61608570e-04
2.08430888e-01 3.22928489e-04 4.55357647e-04
2.08850764e-01 2.96921412e-04 4.61588910e-04
2.09270637e-01 2.02495229e-04 4.61872943e-04
2.09690509e-01 5.05392293e-05 4.57337031e-04
2.10110378e-01 3.94830419e-04 4.65159185e-04
2.10530246e-01 5.22529820e-04 4.55831559e-04
2.10950111e-01 5.00887053e-05 4.63748802e-04
2.11369974e-01 -2.09773795e-04 4.56363163e-04
2.11789835e-01 6.62420453e-04 4.67250181e-04
2.12209694e-01 8.32563428e-05 4.47745642e-04
2.12629551e-01 1.21100432e-03 4.48298655e-04
2.13049405e-01 5.68384099e-04 4.61415466e-04
2.13469258e-01 -6.52522497e-04 4.41809030e-04
2.13889108e-01 3.80640958e-04 4.46311453e-04
2.14308956e-01 1.05395340e-03 4.61314521e-04
2.14728802e-01 6.42672083e-04 4.50639658e-04
2.15148646e-01 3.47557097e-04 4.47882040e-04
2.15568487e-01 9.03988044e-04 4.64514977e-04
2.15988327e-01 -8.52553434e-05 4.48447234e-04
2.16408164e-01 -2.16362305e-05 4.54888144e-04
2.16827999e-01 4.98046550e-04 4.49388998e-04
2.17247832e-01 7.77998862e-04 4.49278127e-04
2.17667663e-01 6.23328330e-04 4.43791915e-04
2.18087492e-01 1.47547215e-04 4.46479214e-04
2.18507318e-01 8.50844402e-04 4.52942440e-04
2.18927142e-01 3.46061766e-05 4.36142076e-04
2.19346964e-01 -4.25887525e-05 4.31334585e-04
2.19766784e-01 4.06513114e-05 4.28429525e-04
2.20186602e-01 9.43006015e-05 4.45887387e-04
2.20606417e-01 -4.19952954e-05 4.55416040e-04
2.21026230e-01 -1.11001389e-04 4.36680749e-04
2.21446041e-01 -1.58743534e-04 4.37029494e-04
2.21865850e-01 2.63361913e-04 4.36432284e-04
2.22285656e-01 8.71662675e-04 4.37719836e-04
2.22705461e-01 -4.53761460e-06 4.33338682e-04
2.23125263e-01 -3.37720874e-04 4.25512391e-04
2.23545063e-01 -2.65051105e-04 4.25269220e-04
2.23964860e-01 5.31223533e-04 4.36380795e-04
2.24384655e-01 3.78120705e-05 4.46046954e-04
2.24804448e-01 6.15092972e-04 4.35588093e-04
2.25224239e-01 -2.05220488e-04 4.32780627e-04
2.25644028e-01 5.22332616e-04 4.37000443e-04
2.26063814e-01 6.23240428e-04 4.36704311e-04
2.26483598e-01 -1.02674625e-04 4.32112604e-04
2.26903379e-01 -1.29412542e-04 4.25827538e-04
2.27323159e-01 -4.51776835e-05 4.26534248e-04
2.27742936e-01 4.54782741e-04 4.19101586e-04
2.28162711e-01 -2.18535411e-04 4.33056309e-04
2.28582483e-01 2.20849703e-04 4.27635607e-04
2.29002254e-01 9.46184300e-04 4.24463971e-04
2.29422022e-01 -6.95119684e-05 4.21236971e-04
2.29841787e-01 -2.03798230e-04 4.21006370e-04
2.30261550e-01 5.24027387e-04 4.26834323e-04
2.30681311e-01 -3.15755160e-04 4.13021626e-04
2.31101070e-01 1.74176745e-04 4.20471508e-04
2.31520827e-01 8.06415001e-05 4.21743695e-04
2.31940581e-01 7.25693299e-04 4.20628543e-04
2.32360332e-01 -1.03621660e-04 4.22072320e-04
2.32780082e-01 1.00518507e-03 4.29938737e-04
2.33199829e-01 1.45085797e-04 4.20331820e-04
2.33619573e-01 6.36190423e-04 4.19267268e-04
2.34039316e-01 8.47399955e-05 4.16539005e-04
2.34459056e-01 -6.70425710e-05 4.23237320e-04
2.34878793e-01 2.30505264e-04 4.28190010e-04
2.35298529e-01 2.18421361e-04 4.23242842e-04
2.35718262e-01 -5.07352177e-04 4.16582036e-04
2.36137992e-01 3.78374027e-04 4.21751751e-04
2.36557720e-01 -3.39263778e-04 4.32380735e-04
2.36977446e-01 8.64062675e-04 4.30445328e-04
2.37397170e-01 6.05469562e-04 4.35132622e-04
2.37816891e-01 3.36427917e-04 4.33292589e-04
2.38236609e-01 6.03782043e-04 4.33463906e-04
2.38656325e-01 -2.07943512e-05 4.32332470e-04
2.39076039e-01 1.65766657e-04 4.33820409e-04
2.39495751e-01 1.08041495e-04 4.27103624e-04
2.39915460e-01 -2.37761992e-05 4.22645063e-04
2.40335166e-01 -8.55156550e-05 4.23881644e-04
2.40754871e-01 8.55850515e-04 4.22446768e-04
2.41174572e-01 -2.34852681e-04 4.16639186e-04
2.41594272e-01 8.06032815e-04 4.24887822e-04
2.42013969e-01 -4.47815763e-04 4.18057561e-04
2.42433663e-01 -5.54248646e-04 4.21063490e-04
2.42853355e-01 4.47935656e-05 4.22634330e-04
2.43273045e-01 3.93615964e-04 4.18582887e-04
2.43692732e-01 5.05392581e-05 4.09365099e-04
2.44112417e-01 3.24433799e-04 4.16652810e-04
2.44532099e-01 -6.64308267e-04 4.17028757e-04
2.44951779e-01 -5.40086942e-04 4.11647156e-04
2.45371457e-01 -7.61569125e-04 4.03623178e-04
2.45791131e-01 -4.59721766e-05 4.10159156e-04
2.46210804e-01 9.83723727e-04 4.15020567e-04
2.46630474e-01 -5.54040024e-04 4.03633834e-04
2.47050141e-01 -3.55923769e-04 4.01442777e-04
2.47469806e-01 4.41420852e-04 4.12337800e-04
2.47889469e-01 9.48975549e-05 4.00800173e-04
2.48309129e-01 3.67810187e-04 4.14196735e-04
2.48728787e-01 2.90294746e-04 4.05761216e-04
2.49148442e-01 -3.97014733e-04 4.14140923e-04
2.49568094e-01 -3.18591583e-04 4.13717429e-04
2.49987744e-01 -3.04296333e-04 4.01720465e-04
2.50407392e-01 1.31373781e-04 3.94814199e-04
2.50827037e-01 2.45630105e-05 3.89625033e-04
2.51246679e-01 4.61261011e-05 3.91960418e-04
2.51666319e-01 -1.75090496e-04 3.98865018e-04
2.52085957e-01 -1.85530610e-04 3.90176313e-04
2.52505592e-01 1.43483148e-04 3.89063626e-04
2.52925224e-01 3.32825319e-04 3.85569678e-04
2.53344854e-01 4.94562707e-04 3.96354150e-04
2.53764481e-01 -2.25685352e-04 4.04483916e-04
2.54184106e-01 -3.78924506e-04 4.01553801e-04
2.54603728e-01 9.07488253e-05 3.97782680e-04
2.55023348e-01 5.25059215e-04 4.00972019e-04
2.55442965e-01 -2.84844175e-04 4.00538511e-04
2.55862579e-01 -9.63211641e-05 3.93110442e-04
2.56282191e-01 2.04711690e-04 3.98708688e-04
2.56701800e-01 1.84950148e-04 3.87620898e-04
2.57121407e-01 -4.77075134e-05 3.99353657e-04
2.57541011e-01 -1.77524375e-04 3.94301308e-04
2.57960613e-01 6.00826834e-06 3.92112119e-04
2.58380212e-01 -2.46337651e-04 3.86312238e-04
2.58799808e-01 2.89560116e-04 3.89728128e-04
2.59219402e-01 3.82446984e-04 3.91983130e-04
2.59638994e-01 -3.77677636e-04 3.79043780e-04
2.60058582e-01 -2.16908072e-04 3.89786735e-04
2.60478168e-01 -1.17692835e-05 3.83433497e-04
2.60897752e-01 3.63731902e-04 3.82526637e-04
2.61317332e-01 -1.76591560e-04 3.87117364e-04
2.61736910e-01 9.84992551e-05 3.93592654e-04
2.62156486e-01 -1.34371153e-04 3.90422457e-04
2.62576059e-01 2.68923278e-04 3.91491174e-04
2.62995629e-01 3.86917233e-04 3.91589789e-04
2.63415197e-01 -2.43219694e-04 3.87653641e-04
2.63834762e-01 -1.67226612e-04 3.92509244e-04
2.64254324e-01 1.18768296e-04 3.92224908e-04
2.64673884e-01 1.92523053e-04 3.83114366e-04
2.65093441e-01 1.47949238e-05 3.92660302e-04
2.65512995e-01 1.46388043e-04 3.85633605e-04
2.65932547e-01 6.23365452e-04 3.82835065e-04
2.66352096e-01 -5.45421562e-04 3.83493928e-04
2.66771642e-01 3.40835388e-04 3.91332182e-04
2.67191186e-01 -5.82898384e-04 3.83826416e-04
2.67610727e-01 -1.36809206e-04 3.83052823e-04
2.68030265e-01 4.14847069e-04 3.84502343e-04
2.68449801e-01 4.00969603e-04 3.81438642e-04
2.68869333e-01 -1.58593778e-04 3.83288977e-04
2.69288864e-01 6.89544783e-05 3.82077392e-04
2.69708391e-01 -2.82898210e-04 3.83713099e-04
2.70127916e-01 4.69735432e-05 3.78232946e-04
2.70547438e-01 -6.62253607e-05 3.73192976e-04
2.70966957e-01 3.61737277e-04 3.80007353e-04
2.71386474e-01 3.73573947e-04 3.82575130e-04
2.71805988e-01 -4.24031511e-05 3.81607566e-04
2.72225499e-01 -6.56396579e-04 3.71684900e-04
2.72645008e-01 1.97675857e-04 3.79948989e-04
2.73064513e-01 2.79050277e-04 3.87495409e-04
2.73484016e-01 6.52324977e-04 3.78013631e-04
2.73903517e-01 6.12147188e-05 3.77101377e-04
2.74323014e-01 2.62630929e-04 3.78031139e-04
2.74742509e-01 8.45727886e-04 3.81411820e-04
2.75162001e-01 2.30889457e-04 3.72609288e-04
2.75581490e-01 3.31289245e-04 3.68812433e-04
2.76000976e-01 3.33905424e-04 3.75707280e-04
2.76420460e-01 -3.51307061e-04 3.73088122e-04
2.76839941e-01 -1.01196108e-04 3.75491353e-04
2.77259419e-01 6.98529577e-04 3.78070412e-04
2.77678894e-01 1.50840421e-04 3.72768402e-04
2.78098367e-01 1.99122676e-04 3.74039714e-04
2.78517837e-01 1.80523539e-04 3.74897241e-04
2.78937304e-01 -4.83776180e-04 3.65501689e-04
2.79356768e-01 -1.04001216e-04 3.71567957e-04
2.79776229e-01 -1.01335125e-03 3.68797293e-04
2.80195688e-01 2.66508150e-04 3.73560532e-04
2.80615143e-01 -5.40778650e-05 3.71113673e-04
2.81034596e-01 -1.05156853e-04 3.73116627e-04
2.81454046e-01 -9.30416527e-05 3.65113304e-04
2.81873494e-01 -3.30472913e-04 3.62872250e-04
2.82292938e-01 -3.17244172e-04 3.63772774e-04
2.82712380e-01 -8.39409009e-05 3.62054895e-04
2.83131819e-01 8.46161330e-05 3.69951978e-04
2.83551254e-01 -2.82543669e-04 3.68301718e-04
2.83970688e-01 -1.26285743e-04 3.73613280e-04
2.84390118e-01 2.81503834e-04 3.67043733e-04
2.84809545e-01 2.66497742e-04 3.62017686e-04
2.85228970e-01 1.27107735e-04 3.74783280e-04
2.85648391e-01 1.85077686e-04 3.70214050e-04
2.86067810e-01 7.34018490e-05 3.65732799e-04
2.86487226e-01 1.86482236e-04 3.69770387e-04
2.86906639e-01 1.35039220e-04 3.62550383e-04
2.87326049e-01 4.45107850e-04 3.65376793e-04
2.87745457e-01 6.41787105e-04 3.64045939e-04
2.88164861e-01 1.84859085e-04 3.58095262e-04
2.88584262e-01 9.77736920e-05 3.64862783e-04
2.89003661e-01 4.02202511e-05 3.60519117e-04
2.89423057e-01 -3.64485983e-05 3.55496575e-04
2.89842450e-01 5.73309472e-04 3.68649074e-04
2.90261839e-01 -2.36749037e-04 3.61590499e-04
2.90681226e-01 -3.70209156e-04 3.57711565e-04
2.91100611e-01 3.32087554e-04 3.63085465e-04
2.91519992e-01 2.85938582e-04 3.57530829e-04
2.91939370e-01 6.16724106e-04 3.59174654e-04
2.92358745e-01 3.62112049e-04 3.55020224e-04
2.92778118e-01 -7.24618817e-04 3.51236028e-04
2.93197487e-01 2.89405288e-04 3.58685898e-04
2.93616853e-01 6.14377003e-04 3.67704267e-04
2.94036217e-01 5.19164731e-04 3.61056388e-04
2.94455578e-01 -1.00299760e-04 3.64221141e-04
2.94874935e-01 -2.15968883e-04 3.59096370e-04
2.95294290e-01 -7.65527313e-05 3.53425830e-04
2.95713642e-01 -1.59539717e-05 3.69547220e-04
2.96132990e-01 2.45518258e-04 3.65454379e-04
2.96552336e-01 -2.66789259e-04 3.67582362e-04
2.96971679e-01 -3.30089889e-04 3.63388600e-04
2.97391019e-01 -4.89857032e-04 3.61582003e-04
2.97810356e-01 -7.70403003e-05 3.64617208e-04
2.98229689e-01 -2.91249455e-04 3.66541224e-04
2.98649020e-01 -5.22242443e-05 3.58047523e-04
2.99068348e-01 1.85203561e-05 3.48979853e-04
2.99487673e-01 -2.34483136e-04 3.62583151e-04
2.99906995e-01 3.60569543e-04 3.71462627e-04
3.00326314e-01 3.24654239e-04 3.71146146e-04
3.00745629e-01 1.91035994e-04 3.68423594e-04
3.01164942e-01 2.39336873e-04 3.74094674e-04
3.01584252e-01 2.50448971e-04 3.72475467e-04
3.02003559e-01 1.28425496e-04 3.65478482e-04
3.02422863e-01 4.22610949e-04 3.71579061e-04
3.02842163e-01 -3.65945591e-04 3.61498591e-04
3.03261461e-01 6.18476611e-04 3.69316099e-04
3.03680756e-01 -2.04483447e-04 3.67080410e-04
3.04100047e-01 -3.28766080e-04 3.71571540e-04
3.04519336e-01 -2.68591116e-04 3.62101291e-04
3.04938621e-01 3.61698243e-05 3.71500875e-04
3.05357904e-01 1.16536816e-04 3.71593831e-04
3.05777183e-01 -2.93618408e-04 3.63113064e-04
3.06196459e-01 1.25254318e-04 3.72274124e-04
3.06615732e-01 3.82374934e-04 3.64636010e-04
3.07035003e-01 -5.25534124e-04 3.67046098e-04
3.07454270e-01 5.53304342e-04 3.72290568e-04
3.07873534e-01 8.37593462e-05 3.66347801e-04
3.08292794e-01 4.28655860e-04 3.68447655e-04
3.08712052e-01 3.26927274e-04 3.67416975e-04
3.09131307e-01 4.01251898e-04 3.64731567e-04
3.09550559e-01 7.57878507e-05 3.57054046e-04
3.09969807e-01 1.35951976e-04 3.58653736e-04
3.10389052e-01 -7.30090109e-04 3.59511472e-04
3.10808295e-01 7.70165635e-05 3.64351629e-04
3.11227534e-01 -2.76541833e-04 3.62481491e-04
3.11646770e-01 -6.32153291e-04 3.59871001e-04
3.12066003e-01 4.94171290e-04 3.60251109e-04
3.12485233e-01 1.70934862e-04 3.65502791e-04
3.12904459e-01 -2.45030475e-04 3.66494015e-04
3.13323683e-01 -6.26494384e-04 3.59271652e-04
3.13742903e-01 5.65965567e-04 3.67494564e-04
3.14162120e-01 -7.71422830e-04 3.56058731e-04
3.14581334e-01 7.69413579e-04 3.66603212e-04
3.15000545e-01 2.38777701e-04 3.66928159e-04
3.15419753e-01 9.30049691e-04 3.73305591e-04
3.15838958e-01 -2.44616246e-04 3.62005927e-04
3.16258159e-01 5.92386835e-05 3.61154819e-04
3.16677357e-01 -8.23030921e-05 3.61248019e-04
3.17096552e-01 -3.35090413e-04 3.58871111e-04
3.17515744e-01 4.84541952e-04 3.56213645e-04
3.17934933e-01 1.76190834e-04 3.64197045e-04
3.18354118e-01 4.21501289e-04 3.65165321e-04
3.18773301e-01 4.98907159e-04 3.63634395e-04
3.19192480e-01 1.84829894e-04 3.59636691e-04
3.19611656e-01 -3.02086218e-04 3.55894327e-04
3.20030829e-01 9.61157026e-06 3.60908534e-04
3.20449998e-01 6.29618219e-05 3.63693058e-04
3.20869164e-01 -4.96571419e-04 3.57502630e-04
3.21288328e-01 -7.70290964e-06 3.68123186e-04
3.21707487e-01 9.75704424e-05 3.68822598e-04
3.22126644e-01 3.39463190e-04 3.63511376e-04
3.22545797e-01 2.86157973e-05 3.67322576e-04
3.22964948e-01 -2.54342953e-04 3.72020708e-04
3.23384095e-01 3.52817660e-04 3.84854716e-04
3.23803238e-01 -5.33802205e-04 3.76970056e-04
3.24222379e-01 4.71753082e-04 3.81072860e-04
3.24641516e-01 2.81148556e-04 3.87697515e-04
3.25060650e-01 2.65861845e-04 3.84692599e-04
3.25479781e-01 3.96931445e-04 3.92014339e-04
3.25898908e-01 -3.23672421e-04 3.79694379e-04
3.26318032e-01 1.74701815e-04 3.87054593e-04
3.26737153e-01 8.62762855e-05 3.92575434e-04
3.27156271e-01 3.80757572e-05 3.84429228e-04
3.27575385e-01 -1.56627038e-05 3.86207775e-04
3.27994496e-01 -6.38115612e-04 3.92220884e-04
3.28413604e-01 -3.01073831e-04 3.86990965e-04
3.28832708e-01 2.75153565e-04 3.90502779e-04
3.29251810e-01 -2.80456636e-04 3.87937908e-04
3.29670907e-01 -6.81000330e-04 3.83347599e-04
3.30090002e-01 -4.42142113e-04 3.92318866e-04
3.30509093e-01 -2.93848030e-04 3.89172637e-04
3.30928181e-01 3.17598702e-04 3.96171559e-04
3.31347266e-01 -3.66601861e-05 3.95950732e-04
3.31766347e-01 -5.80692034e-04 3.92051439e-04
3.32185425e-01 -4.42791817e-05 3.95163684e-04
3.32604500e-01 1.21340355e-04 3.99019458e-04
3.33023571e-01 1.63043060e-05 4.09702098e-04
3.33442639e-01 1.12017897e-03 4.07957284e-04
3.33861704e-01 3.91516635e-04 4.00533406e-04
3.34280765e-01 2.83608810e-04 3.99777843e-04
3.34699823e-01 -7.19719425e-04 3.97487328e-04
3.35118878e-01 -3.31815201e-04 4.01260090e-04
3.35537929e-01 -2.46249644e-04 3.98964374e-04
3.35956977e-01 2.59290090e-04 4.05172916e-04
3.36376021e-01 -4.65773671e-04 3.98059326e-04
3.36795062e-01 -2.21649341e-04 4.08446823e-04
3.37214100e-01 -1.71105474e-06 4.06740857e-04
3.37633135e-01 -9.26923426e-05 4.05739256e-04
3.38052166e-01 4.30771640e-04 4.04277825e-04
3.38471193e-01 9.66977959e-05 4.15246052e-04
3.38890217e-01 5.47819303e-04 4.10574595e-04
3.39309238e-01 4.49832624e-04 4.16108340e-04
3.39728256e-01 1.09241054e-04 4.14078885e-04
3.40147270e-01 -2.53718634e-04 4.17067042e-04
3.40566280e-01 2.56782408e-04 4.07395345e-04
3.40985288e-01 6.00910147e-04 4.11423558e-04
3.41404291e-01 5.60040735e-05 4.16087143e-04
3.41823292e-01 2.56009033e-06 4.12581547e-04
3.42242289e-01 4.32768368e-04 4.08669161e-04
3.42661282e-01 -1.07657194e-05 4.11045125e-04
3.43080272e-01 6.55917820e-04 4.12495932e-04
3.43499259e-01 3.13059379e-04 4.18305696e-04
3.43918242e-01 6.01784447e-04 4.11384450e-04
3.44337222e-01 3.24681100e-04 4.14764136e-04
3.44756198e-01 -3.98385069e-05 4.07411704e-04
3.45175171e-01 1.41546764e-04 4.13875465e-04
3.45594140e-01 -7.42259538e-04 4.14579327e-04
3.46013106e-01 3.24236592e-04 4.17333157e-04
3.46432069e-01 -2.08868809e-04 4.13107713e-04
3.46851028e-01 -5.67421766e-05 4.16141953e-04
3.47269983e-01 3.70338493e-04 4.06441927e-04
3.47688935e-01 -2.26075022e-04 4.15922611e-04
3.48107884e-01 -2.06507151e-04 4.20392823e-04
3.48526829e-01 3.32997363e-04 4.23749845e-04
3.48945770e-01 -4.06472459e-04 4.19725599e-04
3.49364708e-01 -1.22940514e-04 4.24279448e-04
3.49783643e-01 3.65366359e-04 4.27086415e-04
3.50202574e-01 1.34227275e-04 4.32471737e-04
3.50621502e-01 4.73654842e-05 4.17355372e-04
3.51040426e-01 7.86994777e-05 4.19826483e-04
3.51459346e-01 3.49281206e-04 4.20435613e-04
3.51878263e-01 -5.67662015e-04 4.14492110e-04
3.52297177e-01 3.52917305e-04 4.28530673e-04
3.52716087e-01 7.40906042e-04 4.25515304e-04
3.53134993e-01 -1.00481429e-04 4.27360749e-04
3.53553896e-01 5.14151517e-04 4.19631228e-04
3.53972795e-01 -6.78489723e-04 4.26913183e-04
3.54391691e-01 -5.39198901e-04 4.33803256e-04
3.54810584e-01 -3.02113885e-05 4.34325374e-04
3.55229472e-01 3.15444548e-04 4.31581899e-04
3.55648357e-01 6.61842869e-04 4.24602648e-04
3.56067239e-01 1.19138333e-03 4.32628096e-04
3.56486117e-01 3.67936306e-04 4.30337825e-04
3.56904991e-01 8.61933689e-04 4.45244746e-04
3.57323862e-01 -2.79678151e-05 4.40560737e-04
3.57742730e-01 -1.03681430e-04 4.38695743e-04
3.58161593e-01 -3.50468949e-04 4.28436702e-04
3.58580453e-01 8.55098149e-04 4.40173408e-04
3.58999310e-01 -3.31582161e-04 4.38933088e-04
3.59418163e-01 9.76788887e-05 4.32804601e-04
3.59837012e-01 -3.12046547e-04 4.39474538e-04
3.60255858e-01 -2.26100504e-04 4.32926308e-04
3.60674700e-01 -4.34658112e-04 4.26517662e-04
3.61093539e-01 7.96152217e-04 4.41305241e-04
3.61512374e-01 2.15887231e-04 4.36778447e-04
3.61931205e-01 -2.97397118e-04 4.48007535e-04
3.62350032e-01 -2.11540026e-05 4.49959868e-04
3.62768857e-01 -4.41122526e-04 4.51109986e-04
3.63187677e-01 -1.24475500e-05 4.36796896e-04
3.63606494e-01 -2.24270730e-04 4.36812319e-04
3.64025307e-01 1.26241490e-03 4.52444768e-04
3.64444116e-01 1.89742028e-04 4.43290930e-04
3.64862922e-01 8.90572390e-05 4.38363354e-04
3.65281724e-01 2.18752490e-04 4.43709862e-04
3.65700523e-01 1.95488791e-04 4.44196409e-04
3.66119318e-01 -1.57873614e-04 4.39527883e-04
3.66538109e-01 -1.32404406e-04 4.33654155e-04
3.66956896e-01 9.99440789e-05 4.47215660e-04
3.67375680e-01 3.36926201e-04 4.35193051e-04
3.67794460e-01 -4.58967892e-05 4.39927498e-04
3.68213237e-01 1.10641713e-03 4.49801930e-04
3.68632010e-01 7.02668179e-04 4.45009995e-04
3.69050779e-01 -5.23811092e-04 4.45568978e-04
3.69469544e-01 -1.26665773e-04 4.49297439e-04
3.69888306e-01 -4.99133546e-05 4.50789710e-04
3.70307064e-01 3.08714375e-04 4.49196050e-04
3.70725818e-01 3.10412911e-04 4.45820448e-04
3.71144569e-01 1.02198505e-04 4.48959509e-04
3.71563316e-01 1.18412957e-04 4.33678725e-04
3.71982059e-01 8.42444384e-05 4.51186267e-04
3.72400798e-01 3.83782894e-04 4.51499535e-04
3.72819534e-01 -2.87488873e-04 4.44096299e-04
3.73238266e-01 -1.05153194e-04 4.47299487e-04
3.73656994e-01 -4.09878105e-04 4.50909308e-04
3.74075719e-01 -2.50503168e-04 4.54573792e-04
3.74494439e-01 3.26230488e-04 4.56074673e-04
3.74913156e-01 4.77810200e-05 4.56874150e-04
3.75331870e-01 -5.14030229e-04 4.49006531e-04
3.75750579e-01 3.61486367e-05 4.56805945e-04
3.76169285e-01 3.94040446e-04 4.62716597e-04
3.76587987e-01 -6.01627430e-04 4.50291472e-04
3.77006685e-01 2.37524384e-05 4.62127929e-04
3.77425380e-01 -8.57680914e-05 4.51499709e-04
3.77844070e-01 2.15619827e-05 4.51836700e-04
3.78262757e-01 -3.89976194e-04 4.65263721e-04
3.78681440e-01 6.31093910e-04 4.54805797e-04
3.79100119e-01 -2.98433248e-04 4.48721112e-04
3.79518795e-01 1.02761834e-03 4.69723071e-04
3.79937467e-01 -3.98903229e-04 4.62373716e-04
3.80356135e-01 -8.62057706e-05 4.62992932e-04
3.80774799e-01 2.04463622e-04 4.53106416e-04
3.81193459e-01 4.34975669e-04 4.54133931e-04
3.81612115e-01 8.87220837e-04 4.68603082e-04
3.82030768e-01 -7.51303938e-04 4.56649845e-04
3.82449417e-01 5.49680129e-05 4.60313685e-04
3.82868062e-01 -1.71145358e-04 4.66885611e-04
3.83286703e-01 -2.94648390e-04 4.79896286e-04
3.83705340e-01 -3.74174031e-04 4.72092799e-04
3.84123974e-01 2.12490829e-04 4.83749911e-04
3.84542604e-01 1.59943289e-04 4.94335070e-04
3.84961229e-01 3.50375323e-04 5.04266972e-04
3.85379851e-01 3.65275377e-04 4.90188991e-04
3.85798469e-01 4.42434065e-04 4.94316206e-04
3.86217084e-01 2.61211401e-05 5.01153971e-04
3.86635694e-01 4.06073938e-04 4.88220012e-04
3.87054301e-01 5.95837284e-04 4.90638760e-04
3.87472903e-01 -8.81165567e-04 4.93277300e-04
3.87891502e-01 4.58666205e-04 4.94337127e-04
3.88310097e-01 4.97548494e-04 5.07154433e-04
3.88728688e-01 1.33115095e-03 5.04203915e-04
3.89147275e-01 -3.29243977e-04 5.03493630e-04
3.89565858e-01 1.12337000e-04 5.15296706e-04
3.89984437e-01 -2.27225673e-04 5.13280528e-04
3.90403013e-01 -1.10381798e-04 5.11035737e-04
3.90821584e-01 5.23072381e-04 5.20641724e-04
3.91240152e-01 2.72451560e-04 5.23611908e-04
3.91658716e-01 -7.06226806e-04 5.06928386e-04
3.92077275e-01 4.14040439e-04 5.43652199e-04
3.92495831e-01 1.50555964e-04 5.35017703e-04
3.92914383e-01 2.91529015e-04 5.13017621e-04
3.93332931e-01 -7.15009804e-05 5.39431713e-04
3.93751475e-01 1.09553795e-03 5.31895553e-04
3.94170015e-01 4.65227904e-04 5.44737320e-04
3.94588552e-01 1.42917150e-04 5.29052982e-04
3.95007084e-01 -2.92061627e-04 5.29633183e-04
3.95425612e-01 2.27407297e-04 5.49144438e-04
3.95844136e-01 -5.07815724e-04 5.47475637e-04
3.96262657e-01 2.26400347e-04 5.43507468e-04
3.96681173e-01 8.62721105e-04 5.44150328e-04
3.97099686e-01 2.97178140e-04 5.52209594e-04
3.97518194e-01 9.31229972e-05 5.44550220e-04
3.97936698e-01 -1.62173576e-05 5.34201601e-04
3.98355199e-01 -7.86492582e-04 5.57824625e-04
3.98773695e-01 -4.76687869e-04 5.37147529e-04
3.99192188e-01 -1.68725057e-05 5.41712009e-04
3.99610677e-01 -5.75809350e-04 5.56141389e-04
4.00029161e-01 -2.20035354e-04 5.33670642e-04
4.00447642e-01 5.07693250e-04 5.49894323e-04
4.00866118e-01 6.70294957e-05 5.37931751e-04
4.01284591e-01 8.62268403e-04 5.47526798e-04
4.01703059e-01 7.39822856e-06 5.66598758e-04
4.02121524e-01 2.85064676e-04 5.46420115e-04
4.02539984e-01 2.34339751e-04 5.54778922e-04
4.02958441e-01 8.80085254e-06 5.85307947e-04
4.03376893e-01 -5.28336080e-04 5.90800408e-04
4.03795341e-01 7.42623947e-04 5.55784068e-04
4.04213786e-01 -5.09212811e-04 5.86066858e-04
4.04632226e-01 -3.48530990e-04 5.78178287e-04
4.05050662e-01 2.41305443e-04 5.62408831e-04
4.05469095e-01 -1.98966114e-04 5.82784660e-04
4.05887523e-01 -6.89749994e-04 5.95416967e-04
4.06305947e-01 -1.82823299e-04 5.93552083e-04
4.06724367e-01 -5.67845126e-04 5.96775530e-04
4.07142783e-01 1.95563026e-04 5.98182626e-04
4.07561195e-01 4.16585467e-04 6.09868295e-04
4.07979603e-01 3.65746518e-04 5.93863026e-04
4.08398006e-01 -5.00109734e-04 6.04319536e-04
4.08816406e-01 -7.61656247e-04 6.00556805e-04
4.09234802e-01 -1.08278061e-04 5.88477749e-04
4.09653193e-01 1.43340406e-04 6.00344833e-04
4.10071580e-01 -6.88620090e-04 6.11387605e-04
4.10489964e-01 -3.38918522e-04 6.29800721e-04
4.10908343e-01 -6.15590170e-04 6.32621635e-04
4.11326718e-01 7.86527023e-04 6.22144264e-04
4.11745089e-01 -1.25042973e-05 6.26649055e-04
4.12163456e-01 -4.16954477e-05 6.32724196e-04
4.12581819e-01 1.10572768e-05 6.17795101e-04
4.13000177e-01 -5.20574560e-04 6.11963960e-04
4.13418532e-01 6.06012497e-04 6.39691593e-04
4.13836882e-01 6.41389456e-04 6.28368113e-04
4.14255228e-01 1.19387082e-03 6.61462854e-04
4.14673570e-01 1.92324389e-04 6.33102651e-04
4.15091908e-01 -4.93232365e-04 6.28562429e-04
4.15510242e-01 9.04643143e-05 6.11036328e-04
4.15928572e-01 -1.01965721e-04 6.39849734e-04
4.16346897e-01 -3.65643147e-04 6.56093822e-04
4.16765218e-01 -3.08533672e-05 6.41852319e-04
4.17183536e-01 1.13615618e-03 6.58975837e-04
4.17601849e-01 2.49408723e-04 6.73115013e-04
4.18020157e-01 -1.68190503e-04 6.41966828e-04
4.18438462e-01 4.05421914e-04 6.76706829e-04
4.18856762e-01 -1.65412634e-04 6.77653671e-04
4.19275059e-01 -4.32294508e-04 6.75752427e-04
4.19693351e-01 -2.20886624e-04 6.80702957e-04
4.20111639e-01 1.95088279e-03 7.11390055e-04
4.20529922e-01 3.94072860e-04 7.02997446e-04
4.20948202e-01 -1.19790685e-03 6.73421465e-04
4.21366477e-01 -3.87589228e-04 6.93560707e-04
4.21784748e-01 1.67655659e-04 7.02370241e-04
4.22203015e-01 6.51984723e-04 6.67578182e-04
4.22621278e-01 -9.10717296e-04 6.96224029e-04
4.23039536e-01 -3.72785132e-04 6.78384566e-04
4.23457790e-01 1.00796111e-04 6.97618752e-04
4.23876040e-01 -2.70344841e-04 7.22683927e-04
4.24294286e-01 1.37226790e-03 7.11428178e-04
4.24712527e-01 -2.15292450e-04 7.23121247e-04
4.25130765e-01 -7.71741041e-04 6.91987910e-04
4.25548998e-01 -1.12573589e-04 7.18623419e-04
4.25967226e-01 -1.11436191e-04 7.30386668e-04
4.26385451e-01 -6.21005094e-04 7.35401527e-04
4.26803671e-01 -2.29955636e-04 6.93802555e-04
4.27221887e-01 -4.08593788e-04 7.08187266e-04
4.27640099e-01 -4.67851687e-05 7.46338861e-04
4.28058306e-01 -3.09044583e-04 7.48217025e-04
4.28476509e-01 4.42824220e-04 7.73365787e-04
4.28894708e-01 -3.56968543e-04 7.52097106e-04
4.29312903e-01 -4.40759826e-04 7.77054738e-04
4.29731093e-01 -3.84519189e-05 7.80645542e-04
4.30149279e-01 -6.73824407e-04 7.49703569e-04
4.30567460e-01 5.18373304e-04 8.16996388e-04
4.30985638e-01 2.42831514e-04 7.77266887e-04
4.31403811e-01 3.06587268e-04 7.79682306e-04
4.31821980e-01 -1.34363545e-03 7.58705936e-04
4.32240144e-01 -1.37619307e-03 7.87983177e-04
4.32658304e-01 -6.33627890e-04 8.15552283e-04
4.33076460e-01 -3.23210492e-04 8.08485243e-04
4.33494612e-01 -1.11597486e-03 8.63588063e-04
4.33912759e-01 2.33521415e-04 8.98136351e-04
4.34330902e-01 3.82301352e-04 9.99421651e-04
4.34749040e-01 -5.10421430e-04 1.21683473e-03
4.35167174e-01 -5.83721855e-04 1.15660593e-03
4.35585304e-01 5.44247118e-05 1.11677379e-03
4.36003430e-01 1.55964966e-03 1.30655100e-03
4.36421551e-01 1.70993490e-03 1.24897394e-03
4.36839667e-01 3.30689231e-04 1.73576835e-03
4.37257780e-01 2.99316133e-03 0.00000000e+00
