6.30595362e-03 1.95099073e-02 3.37867971e-02
6.72635018e-03 -1.38680914e-02 1.24405184e-02
7.14674667e-03 4.00803775e-03 7.13914174e-03
7.56714308e-03 1.14912543e-02 5.26148968e-03
7.98753943e-03 8.30417545e-03 5.32889053e-03
8.40793569e-03 1.33046047e-03 4.14346230e-03
8.82833186e-03 2.61926292e-03 3.55782817e-03
9.24872795e-03 1.87860289e-03 3.48027931e-03
9.66912395e-03 6.19009412e-03 3.30231737e-03
1.00895198e-02 5.71814941e-03 2.88613214e-03
1.05099156e-02 -1.02615234e-03 2.63924166e-03
1.09303113e-02 2.90109081e-03 2.61016214e-03
1.13507069e-02 1.30465516e-04 2.51711322e-03
1.17711024e-02 3.47328932e-03 2.34215215e-03
1.21914977e-02 1.34256427e-03 2.48721056e-03
1.26118929e-02 1.20872918e-03 2.20556891e-03
1.30322880e-02 3.43461943e-03 2.10869697e-03
1.34526830e-02 3.64449989e-03 2.05628992e-03
1.38730778e-02 1.04399691e-03 2.20781037e-03
1.42934725e-02 1.56674984e-03 2.04726922e-03
1.47138671e-02 2.31557546e-03 1.80916708e-03
1.51342615e-02 3.90634722e-03 1.87385641e-03
1.55546557e-02 4.95120651e-03 1.93279703e-03
1.59750498e-02 2.62944627e-03 1.84566446e-03
1.63954437e-02 9.98365739e-04 1.75323385e-03
1.68158375e-02 1.46571999e-03 1.66049146e-03
1.72362311e-02 1.03369920e-03 1.71083486e-03
1.76566245e-02 3.45582188e-03 1.69809681e-03
1.80770178e-02 4.15516243e-03 1.55398950e-03
1.84974108e-02 1.72616528e-03 1.62818055e-03
1.89178037e-02 3.30890811e-03 1.66159606e-03
1.93381964e-02 3.97967136e-03 1.62864887e-03
1.97585889e-02 1.96261158e-03 1.61487032e-03
2.01789812e-02 1.32167816e-03 1.48249882e-03
2.05993732e-02 1.24124540e-03 1.56300112e-03
2.10197651e-02 4.50109254e-03 1.46364151e-03
2.14401568e-02 2.41428050e-03 1.36518936e-03
2.18605482e-02 1.15284724e-03 1.45190118e-03
2.22809395e-02 1.29773147e-03 1.46700361e-03
2.27013305e-02 3.57506466e-03 1.45469181e-03
2.31217212e-02 3.13876188e-03 1.33870881e-03
2.35421118e-02 3.84381123e-03 1.43880516e-03
2.39625021e-02 3.35872418e-03 1.43492939e-03
2.43828922e-02 3.26761861e-03 1.51172610e-03
2.48032820e-02 -2.50375911e-04 1.41930251e-03
2.52236716e-02 -6.77081081e-04 1.34158123e-03
2.56440609e-02 4.83237973e-03 1.45670438e-03
2.60644499e-02 3.39893275e-03 1.37686526e-03
2.64848387e-02 1.81718322e-03 1.37413553e-03
2.69052273e-02 1.36017125e-03 1.32422112e-03
2.73256155e-02 3.39129323e-03 1.40328994e-03
2.77460035e-02 2.80041229e-03 1.36922085e-03
2.81663912e-02 1.94524365e-03 1.34755259e-03
2.85867786e-02 7.84284240e-04 1.44359339e-03
2.90071658e-02 -6.57707842e-04 1.35347589e-03
2.94275526e-02 7.94354543e-04 1.33575728e-03
2.98479391e-02 4.77432939e-04 1.26503161e-03
3.02683254e-02 1.13214222e-03 1.29204965e-03
3.06887113e-02 1.55080165e-03 1.37246492e-03
3.11090970e-02 6.33852623e-04 1.30756254e-03
3.15294823e-02 2.44584741e-03 1.33403458e-03
3.19498673e-02 1.01383145e-03 1.28271591e-03
3.23702519e-02 -1.01597331e-04 1.32338052e-03
3.27906363e-02 1.77843572e-03 1.31018054e-03
3.32110203e-02 4.37162237e-03 1.37835031e-03
3.36314040e-02 4.15464974e-03 1.33204061e-03
3.40517873e-02 1.43418536e-03 1.17124667e-03
3.44721703e-02 1.02173405e-03 1.12980947e-03
3.48925530e-02 2.36980961e-03 1.21736872e-03
3.53129353e-02 6.98691488e-04 1.23047188e-03
3.57333173e-02 3.84096006e-04 1.14791160e-03
3.61536988e-02 1.62625116e-03 1.10176126e-03
3.65740801e-02 2.38896244e-03 1.17677454e-03
3.69944609e-02 1.56849440e-03 1.13281820e-03
3.74148414e-02 -1.02563406e-03 1.11129417e-03
3.78352215e-02 7.37935252e-04 1.12122325e-03
3.82556012e-02 6.20640963e-05 1.12583698e-03
3.86759806e-02 2.16441751e-03 1.07964647e-03
3.90963595e-02 2.13148210e-03 1.09101971e-03
3.95167381e-02 1.42505169e-03 1.09664291e-03
3.99371163e-02 -8.59482829e-05 1.06723176e-03
4.03574940e-02 3.11502753e-04 1.04404243e-03
4.07778714e-02 -8.23836058e-05 1.05225052e-03
4.11982483e-02 6.22705034e-04 9.87543083e-04
4.16186248e-02 1.59077887e-03 1.06126239e-03
4.20390009e-02 8.41564065e-04 1.03282315e-03
4.24593766e-02 2.36659394e-03 1.07892224e-03
4.28797519e-02 1.04568819e-03 1.10200383e-03
4.33001267e-02 1.41106186e-03 1.01223542e-03
4.37205011e-02 4.56638513e-04 1.09961591e-03
4.41408750e-02 2.03760968e-03 1.03064880e-03
4.45612485e-02 2.04186616e-03 1.03381224e-03
4.49816216e-02 1.00831999e-03 1.03501693e-03
4.54019942e-02 1.32136884e-04 1.00344418e-03
4.58223663e-02 -3.59255041e-04 1.08108880e-03
4.62427380e-02 4.16392136e-04 9.96128614e-04
4.66631092e-02 -1.16023660e-03 1.00777279e-03
4.70834800e-02 4.41278783e-04 1.02542733e-03
4.75038502e-02 5.64544242e-04 9.56481944e-04
4.79242200e-02 2.42570916e-03 1.01395116e-03
4.83445894e-02 1.40066934e-03 9.42943409e-04
4.87649582e-02 1.92272257e-03 1.02041917e-03
4.91853265e-02 2.50296019e-03 9.56148492e-04
4.96056943e-02 -4.87623899e-04 9.85673404e-04
5.00260617e-02 -5.96470460e-05 9.60804860e-04
5.04464285e-02 5.91216563e-04 9.51083097e-04
5.08667948e-02 9.55533673e-04 9.43947568e-04
5.12871607e-02 -1.71232450e-04 9.35837275e-04
5.17075260e-02 2.06743724e-03 9.56308509e-04
5.21278907e-02 2.28056970e-04 9.39902963e-04
5.25482550e-02 1.25295591e-03 9.56828399e-04
5.29686187e-02 -1.50984938e-04 9.45519108e-04
5.33889819e-02 2.35197802e-03 9.49669797e-04
5.38093445e-02 -2.00083532e-04 9.40972786e-04
5.42297066e-02 -2.67993812e-04 8.81642182e-04
5.46500682e-02 1.03732835e-03 9.01733560e-04
5.50704292e-02 -1.05493189e-03 8.99478333e-04
5.54907897e-02 1.26430312e-05 8.75078181e-04
5.59111496e-02 1.73783420e-03 9.39735901e-04
5.63315089e-02 -2.12660449e-04 9.54318394e-04
5.67518677e-02 8.03265749e-04 9.37097554e-04
5.71722259e-02 3.41002477e-04 9.23807391e-04
5.75925835e-02 1.04081992e-03 9.19598108e-04
5.80129405e-02 1.88326729e-03 9.42003992e-04
5.84332970e-02 -1.79875605e-04 9.20610323e-04
5.88536529e-02 8.87958738e-04 9.21903242e-04
5.92740081e-02 5.20415781e-04 9.39884657e-04
5.96943628e-02 7.62268214e-04 9.49581424e-04
6.01147169e-02 1.39473722e-03 9.12826382e-04
6.05350704e-02 1.12814050e-03 9.10287409e-04
6.09554232e-02 1.00367563e-03 9.10382874e-04
6.13757755e-02 -7.82382211e-05 8.96837852e-04
6.17961271e-02 -1.16767674e-04 9.14537253e-04
6.22164781e-02 -1.28822239e-03 8.85490060e-04
6.26368285e-02 -3.41669701e-04 8.94482528e-04
6.30571783e-02 -3.18342819e-04 9.39718874e-04
6.34775274e-02 -8.55444724e-04 8.88352173e-04
6.38978758e-02 7.62346432e-04 9.28108870e-04
6.43182237e-02 -1.25848587e-03 8.57433563e-04
6.47385709e-02 6.41065488e-04 9.11872720e-04
6.51589174e-02 2.50502938e-04 8.61512321e-04
6.55792633e-02 1.96797652e-04 8.44959459e-04
6.59996085e-02 9.65160482e-05 8.48425738e-04
6.64199530e-02 -1.37389333e-03 8.27086697e-04
6.68402969e-02 1.81833758e-03 8.74937179e-04
6.72606401e-02 -2.20629539e-04 8.77609296e-04
6.76809827e-02 -1.35506170e-03 8.47998587e-04
6.81013245e-02 1.15254594e-03 8.53982739e-04
6.85216657e-02 1.00083189e-03 8.21886858e-04
6.89420062e-02 -3.39314879e-04 8.27516249e-04
6.93623459e-02 -7.34981162e-04 8.60133224e-04
6.97826850e-02 1.45113562e-03 8.20875993e-04
7.02030234e-02 1.48099174e-03 8.47677996e-04
7.06233611e-02 8.20113689e-06 8.06838922e-04
7.10436980e-02 1.34871428e-03 8.25757227e-04
7.14640343e-02 5.53363401e-04 8.31835743e-04
7.18843698e-02 3.28170464e-04 8.25119349e-04
7.23047046e-02 -4.99344500e-04 8.10711407e-04
7.27250387e-02 1.34449077e-04 8.09577931e-04
7.31453720e-02 -1.07592019e-04 7.97235921e-04
7.35657046e-02 9.92198670e-04 8.16511457e-04
7.39860365e-02 -1.18742271e-03 7.71055516e-04
7.44063676e-02 1.00844929e-03 8.00845573e-04
7.48266980e-02 6.96962904e-04 7.84163598e-04
7.52470276e-02 1.52366146e-03 7.79346233e-04
7.56673565e-02 -7.64662789e-04 7.88292865e-04
7.60876846e-02 1.16273519e-03 8.24248404e-04
7.65080119e-02 -2.46009044e-05 7.60268177e-04
7.69283384e-02 7.92559521e-04 7.88824357e-04
7.73486642e-02 -1.85209118e-05 7.91310866e-04
7.77689892e-02 4.22987606e-04 7.68484380e-04
7.81893135e-02 4.55472707e-04 7.60890760e-04
7.86096369e-02 -5.08007151e-05 7.69047795e-04
7.90299595e-02 1.02630795e-03 7.39163025e-04
7.94502814e-02 2.74091761e-04 7.72222335e-04
7.98706024e-02 -2.11604733e-04 7.39273518e-04
8.02909227e-02 2.00170695e-04 7.67484808e-04
8.07112421e-02 -1.61999638e-04 7.65467259e-04
8.11315607e-02 1.03829146e-04 7.67483392e-04
8.15518785e-02 2.74796765e-04 7.32316350e-04
8.19721955e-02 -2.01745082e-04 7.19532404e-04
8.23925117e-02 1.11055796e-04 7.41051317e-04
8.28128270e-02 8.68940158e-04 7.67452497e-04
8.32331415e-02 5.45973370e-05 7.77018439e-04
8.36534552e-02 -1.81303841e-04 7.22497179e-04
8.40737680e-02 1.50981325e-03 7.61575035e-04
8.44940800e-02 -8.50498750e-04 7.51781723e-04
8.49143911e-02 -3.55012514e-04 7.32723438e-04
8.53347013e-02 -4.64651314e-04 7.48387022e-04
8.57550107e-02 9.63951181e-04 7.69171555e-04
8.61753193e-02 3.94857420e-04 7.52789955e-04
8.65956270e-02 1.79737149e-03 7.49778197e-04
8.70159338e-02 1.31015511e-04 7.41963690e-04
8.74362397e-02 5.11986850e-04 7.40480938e-04
8.78565447e-02 -1.21132504e-03 7.34359473e-04
8.82768489e-02 1.36196757e-03 7.44958182e-04
8.86971522e-02 -5.17417956e-04 7.23950471e-04
8.91174545e-02 -4.00153284e-04 7.25520054e-04
8.95377560e-02 7.75978706e-04 6.99190847e-04
8.99580566e-02 -4.77722594e-04 7.19944305e-04
9.03783563e-02 5.78794472e-04 7.15510597e-04
9.07986550e-02 1.17304771e-03 7.47283066e-04
9.12189529e-02 8.99169340e-04 7.36642847e-04
9.16392498e-02 3.45573090e-04 6.92823065e-04
9.20595458e-02 -1.27531221e-04 7.08731168e-04
9.24798409e-02 2.73420314e-04 7.08245007e-04
9.29001350e-02 -8.40328359e-05 7.18421008e-04
9.33204283e-02 1.87310569e-04 7.19626878e-04
9.37407205e-02 5.18791588e-05 7.50384577e-04
9.41610119e-02 -4.25858127e-04 7.27120576e-04
9.45813022e-02 -4.67803232e-04 7.28287197e-04
9.50015917e-02 7.33774298e-04 7.31109270e-04
9.54218802e-02 -2.75858616e-04 7.08125961e-04
9.58421677e-02 8.25389058e-04 7.15662886e-04
9.62624542e-02 4.77694187e-04 7.10141359e-04
9.66827398e-02 -5.84824443e-04 7.16688030e-04
9.71030244e-02 -5.16204446e-05 7.07004125e-04
9.75233080e-02 -4.12559330e-07 6.87827105e-04
9.79435907e-02 7.68363205e-04 6.96373715e-04
9.83638723e-02 2.40997981e-04 6.89934374e-04
9.87841530e-02 4.91304957e-04 6.82491320e-04
9.92044327e-02 -2.23261248e-04 7.07018250e-04
9.96247114e-02 -6.13183945e-04 7.10350485e-04
1.00044989e-01 2.39276256e-05 6.76807227e-04
1.00465266e-01 -1.99092308e-04 7.06997703e-04
1.00885541e-01 -8.13521384e-04 6.85998563e-04
1.01305816e-01 -7.75345120e-04 6.47524635e-04
1.01726090e-01 1.60587854e-03 6.74511592e-04
1.02146362e-01 -7.26708257e-04 6.80617943e-04
1.02566634e-01 2.91129364e-05 6.79699304e-04
1.02986904e-01 3.26997260e-04 6.80007290e-04
1.03407174e-01 -5.12467697e-05 6.42069054e-04
1.03827442e-01 -4.95003307e-05 6.57528814e-04
1.04247710e-01 -5.91391483e-04 6.50916745e-04
1.04667976e-01 -1.16065826e-03 6.74546923e-04
1.05088241e-01 1.05002852e-04 6.61040732e-04
1.05508506e-01 -1.48668535e-03 6.73577004e-04
1.05928769e-01 -1.98814045e-04 6.63505369e-04
1.06349031e-01 -3.90980875e-04 6.60848604e-04
1.06769292e-01 -3.86286673e-04 6.79763550e-04
1.07189552e-01 -9.57039297e-04 6.46880651e-04
1.07609811e-01 -6.21634501e-04 6.60914858e-04
1.08030069e-01 2.02705553e-04 6.36006699e-04
1.08450325e-01 2.59811487e-04 6.64117953e-04
1.08870581e-01 -2.37467643e-06 6.69142118e-04
1.09290836e-01 1.28401673e-04 6.41480342e-04
1.09711089e-01 3.19591437e-04 6.50026112e-04
1.10131341e-01 4.13621338e-05 6.36053577e-04
1.10551592e-01 3.56652190e-04 6.39833733e-04
1.10971843e-01 8.02229500e-05 6.48375583e-04
1.11392092e-01 6.38043869e-04 6.44036571e-04
1.11812339e-01 -6.10660860e-04 6.58190354e-04
1.12232586e-01 8.03955595e-04 6.55485794e-04
1.12652832e-01 -9.44273043e-05 6.43318436e-04
1.13073076e-01 4.31080662e-04 6.45315636e-04
1.13493320e-01 -7.21144749e-05 6.41378644e-04
1.13913562e-01 7.63331558e-04 6.62242129e-04
1.14333803e-01 4.01239717e-04 6.65402729e-04
1.14754043e-01 1.22594797e-03 6.70639601e-04
1.15174282e-01 -2.73863007e-05 6.45811246e-04
1.15594519e-01 -5.28015328e-04 6.72539293e-04
1.16014756e-01 3.07924310e-04 6.74409533e-04
1.16434991e-01 2.21645742e-04 6.52652828e-04
1.16855225e-01 -4.34231567e-04 6.63510865e-04
1.17275458e-01 5.61889221e-04 6.60039414e-04
1.17695690e-01 4.53514456e-04 6.58139149e-04
1.18115920e-01 -2.31114589e-04 6.53675549e-04
1.18536149e-01 -5.34596103e-04 6.43273566e-04
1.18956378e-01 -4.57413287e-04 6.36517432e-04
1.19376605e-01 -2.58510022e-04 6.45284504e-04
1.19796830e-01 -5.58460467e-04 6.56644015e-04
1.20217055e-01 1.35043589e-04 6.44625409e-04
1.20637278e-01 -6.50196075e-04 6.30073193e-04
1.21057500e-01 1.36414957e-04 6.57276943e-04
1.21477721e-01 4.50504150e-04 6.36993028e-04
1.21897941e-01 -3.08631039e-04 6.66007287e-04
1.22318159e-01 1.06091964e-03 6.72710437e-04
1.22738377e-01 4.12403863e-04 6.46149762e-04
1.23158593e-01 -6.49125624e-04 6.50796028e-04
1.23578807e-01 6.49425044e-04 6.56170396e-04
1.23999021e-01 -4.22536907e-04 6.54388037e-04
1.24419233e-01 -3.29134154e-04 6.44340708e-04
1.24839444e-01 4.63284945e-04 6.38185793e-04
1.25259654e-01 5.30303785e-04 6.40248553e-04
1.25679862e-01 7.61817025e-04 6.60268352e-04
1.26100070e-01 5.65473802e-04 6.40668967e-04
1.26520276e-01 8.06153211e-04 6.32789038e-04
1.26940480e-01 2.89940032e-04 6.36964411e-04
1.27360684e-01 5.84134673e-04 6.23840697e-04
1.27780886e-01 1.23433768e-03 6.32789663e-04
1.28201087e-01 -2.68628943e-04 6.08131497e-04
1.28621286e-01 -3.26914057e-04 6.19041471e-04
1.29041485e-01 5.08175676e-04 6.17437647e-04
1.29461682e-01 -1.81183248e-04 6.17952128e-04
1.29881877e-01 -4.91286970e-04 6.37779452e-04
1.30302072e-01 1.97428327e-05 5.98703613e-04
1.30722265e-01 7.40918681e-05 6.18989501e-04
1.31142456e-01 1.13758981e-03 6.19679809e-04
1.31562647e-01 -1.58177422e-04 5.95891099e-04
1.31982836e-01 -1.62586814e-05 5.98881154e-04
1.32403024e-01 -2.14122448e-04 6.18643415e-04
1.32823210e-01 2.81350218e-04 6.08443663e-04
1.33243395e-01 2.24104160e-04 6.18269371e-04
1.33663579e-01 2.36687043e-05 6.16085841e-04
1.34083761e-01 -6.61833171e-04 5.93733882e-04
1.34503942e-01 -3.95405074e-05 6.03248334e-04
1.34924122e-01 -3.19694369e-04 6.09623918e-04
1.35344300e-01 -5.54907283e-04 6.03638476e-04
1.35764477e-01 -8.33762975e-05 6.11872733e-04
1.36184653e-01 8.73390723e-04 6.22191342e-04
1.36604827e-01 1.10213415e-04 5.96798901e-04
1.37025000e-01 1.11010925e-03 6.00734433e-04
1.37445171e-01 -7.07842504e-05 5.86357576e-04
1.37865341e-01 7.71653662e-04 5.94940563e-04
1.38285510e-01 4.18223620e-05 5.83397432e-04
1.38705677e-01 -9.40211878e-04 5.73122352e-04
1.39125843e-01 -6.17507172e-05 5.93324729e-04
1.39546008e-01 4.34960160e-04 5.87571878e-04
1.39966171e-01 -1.21569581e-03 5.86738404e-04
1.40386333e-01 1.76024182e-04 5.81273986e-04
1.40806493e-01 -2.38658157e-04 5.68276359e-04
1.41226652e-01 -4.65857684e-04 5.77515388e-04
1.41646809e-01 -4.40007938e-04 5.63586218e-04
1.42066965e-01 -5.35862139e-04 5.78722504e-04
1.42487120e-01 -5.97137782e-04 5.65750689e-04
1.42907273e-01 3.74758241e-04 5.93507838e-04
1.43327425e-01 2.64432483e-04 5.89332178e-04
1.43747575e-01 8.36030149e-04 5.83932413e-04
1.44167724e-01 -1.90619205e-04 5.76527832e-04
1.44587871e-01 -3.67323020e-04 5.74131619e-04
1.45008017e-01 -5.40345630e-04 5.87309547e-04
1.45428162e-01 -6.77643087e-04 5.80940484e-04
1.45848305e-01 -1.55260080e-04 5.90482123e-04
1.46268446e-01 8.11834326e-04 5.72231105e-04
1.46688586e-01 -5.00715370e-05 5.84344700e-04
1.47108725e-01 -2.95123786e-04 5.88718139e-04
1.47528862e-01 2.99835652e-04 5.79583104e-04
1.47948998e-01 -9.50001936e-04 5.95721310e-04
1.48369132e-01 -2.06881578e-04 5.88777241e-04
1.48789265e-01 -8.73229902e-04 5.75481137e-04
1.49209396e-01 -9.26042296e-04 5.80180816e-04
1.49629525e-01 -8.33365493e-04 5.67118229e-04
1.50049654e-01 -1.32065766e-04 5.62827268e-04
1.50469780e-01 1.39988954e-03 5.84886936e-04
1.50889905e-01 4.92158766e-04 5.89780413e-04
1.51310029e-01 -2.80783405e-04 5.91219532e-04
1.51730151e-01 5.00116690e-04 5.83690300e-04
1.52150272e-01 1.98022266e-04 5.81992865e-04
1.52570391e-01 1.64395405e-04 5.78684497e-04
1.52990508e-01 -1.21099340e-03 5.62636433e-04
1.53410624e-01 -1.30962885e-03 5.60998186e-04
1.53830738e-01 7.02061021e-04 5.68625173e-04
1.54250851e-01 2.44250056e-04 5.81773521e-04
1.54670963e-01 7.43672048e-04 5.74846252e-04
1.55091072e-01 1.39844018e-04 5.73542941e-04
1.55511180e-01 7.81883096e-04 5.73655554e-04
1.55931287e-01 7.33659647e-05 5.58796429e-04
1.56351392e-01 3.42155945e-04 5.61021676e-04
1.56771496e-01 -8.35079290e-04 5.52419294e-04
1.57191598e-01 2.93017255e-05 5.60043343e-04
1.57611698e-01 9.38640586e-04 5.65885313e-04
1.58031797e-01 1.81937470e-04 5.59646888e-04
1.58451894e-01 3.69337015e-06 5.48752679e-04
1.58871989e-01 3.84524205e-04 5.49678831e-04
1.59292083e-01 2.94230273e-04 5.48172256e-04
1.59712176e-01 -5.86117518e-04 5.54421603e-04
1.60132266e-01 3.13150338e-04 5.47725878e-04
1.60552355e-01 -5.29526440e-04 5.47404154e-04
1.60972443e-01 2.31972532e-04 5.57072759e-04
1.61392529e-01 -3.84604288e-04 5.41974639e-04
1.61812613e-01 4.01409930e-04 5.40404324e-04
1.62232696e-01 4.73168852e-04 5.42689971e-04
1.62652777e-01 3.09286949e-04 5.43487561e-04
1.63072856e-01 3.93776842e-04 5.35572578e-04
1.63492934e-01 -3.82175064e-04 5.30371649e-04
1.63913010e-01 -1.08458109e-04 5.29137464e-04
1.64333084e-01 -6.20144355e-04 5.32073413e-04
1.64753157e-01 7.19358228e-04 5.30711085e-04
1.65173228e-01 -1.60845502e-05 5.41380328e-04
1.65593298e-01 -5.87195145e-05 5.23600546e-04
1.66013366e-01 -5.47492120e-04 5.29038422e-04
1.66433432e-01 2.34775017e-04 5.13341248e-04
1.66853496e-01 7.04712456e-05 5.28140346e-04
1.67273559e-01 -3.61356599e-04 5.43384850e-04
1.67693620e-01 -1.07931033e-03 5.20302466e-04
1.68113680e-01 -6.35659505e-04 5.16019126e-04
1.68533737e-01 -5.25471693e-04 5.12856203e-04
1.68953793e-01 1.17750724e-03 5.15225043e-04
1.69373848e-01 5.93196482e-04 5.26099683e-04
1.69793900e-01 1.09947665e-04 5.24666170e-04
1.70213951e-01 -6.27604677e-04 5.04775958e-04
1.70634000e-01 2.65840300e-04 5.08165618e-04
1.71054048e-01 1.14084610e-04 5.11374334e-04
1.71474094e-01 -5.45543211e-05 5.23172991e-04
1.71894138e-01 1.50503799e-04 5.14287735e-04
1.72314180e-01 -3.26536666e-04 5.09223781e-04
1.72734221e-01 1.96661215e-04 5.08008324e-04
1.73154259e-01 -2.57753946e-04 5.10307423e-04
1.73574297e-01 -4.26859320e-05 5.10376152e-04
1.73994332e-01 -8.12752467e-04 5.10131920e-04
1.74414365e-01 4.26852183e-04 5.15548620e-04
1.74834397e-01 6.54835215e-04 5.06778808e-04
1.75254427e-01 -1.92039187e-04 4.94744420e-04
1.75674456e-01 -4.26350981e-05 5.08590336e-04
1.76094482e-01 -6.09974339e-04 5.02322068e-04
1.76514507e-01 5.92574483e-04 4.99266884e-04
1.76934530e-01 -9.81773837e-05 5.06291063e-04
1.77354551e-01 -2.85095566e-05 5.17531598e-04
1.77774571e-01 2.28218730e-04 5.07653826e-04
1.78194588e-01 -2.70260774e-04 5.07130503e-04
1.78614604e-01 -3.97543635e-04 4.98534304e-04
1.79034618e-01 -9.03569286e-05 5.00897903e-04
1.79454631e-01 4.32555949e-04 5.10357732e-04
1.79874641e-01 1.67227451e-04 5.08220287e-04
1.80294650e-01 6.70437414e-05 5.05808704e-04
1.80714657e-01 -9.56145992e-04 5.08185903e-04
1.81134662e-01 -7.76550425e-04 4.88606547e-04
1.81554665e-01 -1.63896183e-04 4.98794838e-04
1.81974666e-01 3.93652980e-04 4.99734112e-04
1.82394666e-01 -1.06437383e-04 5.10066234e-04
1.82814663e-01 -8.28413674e-04 4.94600351e-04
1.83234659e-01 -5.96454747e-04 4.80235853e-04
1.83654653e-01 -8.89815167e-06 4.83372560e-04
1.84074646e-01 6.90986116e-04 4.90906150e-04
1.84494636e-01 1.49482856e-04 4.93006903e-04
1.84914624e-01 5.05151954e-05 4.83704578e-04
1.85334611e-01 -1.66416775e-06 4.86902950e-04
1.85754596e-01 -2.37582053e-04 4.81411431e-04
1.86174579e-01 -1.72812343e-04 4.87679142e-04
1.86594560e-01 -1.45940366e-03 4.94277054e-04
1.87014539e-01 -2.90961521e-04 4.81499321e-04
1.87434516e-01 8.64055008e-05 4.79303375e-04
1.87854491e-01 1.24377857e-03 4.87116277e-04
1.88274465e-01 -3.60271030e-04 4.82349591e-04
1.88694437e-01 -2.21260849e-04 4.75640502e-04
1.89114406e-01 -3.59383476e-04 4.91005795e-04
1.89534374e-01 -1.29745617e-04 4.79596700e-04
1.89954340e-01 -1.91738708e-04 4.74453058e-04
1.90374304e-01 2.66482103e-04 4.68162881e-04
1.90794266e-01 -4.13653275e-04 4.78870355e-04
1.91214226e-01 -1.82865823e-04 4.68177908e-04
1.91634184e-01 -3.60951068e-04 4.69286244e-04
1.92054141e-01 -5.16828995e-06 4.61128956e-04
1.92474095e-01 2.00928405e-04 4.69886515e-04
1.92894047e-01 -4.73836804e-04 4.63376171e-04
1.93313998e-01 3.17079467e-04 4.59060945e-04
1.93733946e-01 3.96261095e-04 4.70556974e-04
1.94153893e-01 -5.56553062e-04 4.70845279e-04
1.94573838e-01 -2.56801351e-04 4.77102928e-04
1.94993780e-01 3.49140699e-04 4.67453371e-04
1.95413721e-01 5.92495968e-04 4.69202391e-04
1.95833660e-01 4.23168370e-04 4.63386706e-04
1.96253597e-01 -5.47665879e-04 4.70161869e-04
1.96673531e-01 5.06770029e-04 4.72476581e-04
1.97093464e-01 1.33959470e-04 4.69058381e-04
1.97513395e-01 1.73828777e-04 4.67117293e-04
1.97933324e-01 -6.01793159e-04 4.68875937e-04
1.98353251e-01 4.45771127e-04 4.76651756e-04
1.98773176e-01 4.50275068e-04 4.53523522e-04
1.99193099e-01 -9.79897093e-04 4.50033136e-04
1.99613019e-01 -2.71937733e-04 4.52271846e-04
2.00032938e-01 -1.85493463e-04 4.59764594e-04
2.00452855e-01 7.59405815e-05 4.59510011e-04
2.00872770e-01 2.17716771e-04 4.58795099e-04
2.01292683e-01 -3.41127329e-06 4.60438258e-04
2.01712594e-01 3.65715526e-04 4.52562130e-04
2.02132502e-01 -1.49147702e-04 4.56139044e-04
2.02552409e-01 -3.12886554e-04 4.58881271e-04
2.02972314e-01 1.91006466e-04 4.57057345e-04
2.03392217e-01 -6.66676822e-04 4.55323086e-04
2.03812117e-01 -8.55197407e-04 4.47741003e-04
2.04232016e-01 7.82053760e-04 4.55754519e-04
2.04651912e-01 -1.64455217e-04 4.50767373e-04
2.05071807e-01 2.67312284e-05 4.52771166e-04
2.05491699e-01 -3.32322722e-04 4.59221867e-04
2.05911590e-01 -5.82088918e-04 4.60537160e-04
2.06331478e-01 -6.18516349e-05 4.66005055e-04
2.06751364e-01 -5.88056332e-05 4.62980909e-04
2.07171248e-01 3.83699316e-04 4.63954826e-04
2.07591130e-01 -5.51122270e-04 4.62131909e-04
2.08011010e-01 7.62023158e-04 4.64882602e-04
2.08430888e-01 -3.98185174e-04 4.62589982e-04
2.08850764e-01 4.11326321e-04 4.61003785e-04
2.09270637e-01 -2.38439416e-04 4.53823811e-04
2.09690509e-01 -4.46202583e-04 4.52436113e-04
2.10110378e-01 -3.55956382e-04 4.65635569e-04
2.10530246e-01 -7.89334612e-04 4.65916777e-04
2.10950111e-01 -5.54988431e-04 4.56531455e-04
2.11369974e-01 9.59488735e-05 4.63440315e-04
2.11789835e-01 5.52403010e-04 4.53349300e-04
2.12209694e-01 2.69638385e-04 4.41921355e-04
2.12629551e-01 8.07995938e-05 4.50383863e-04
2.13049405e-01 4.28123208e-05 4.64690032e-04
2.13469258e-01 -4.34718114e-04 4.42516642e-04
2.13889108e-01 6.28798377e-04 4.58871284e-04
2.14308956e-01 2.05690271e-04 4.50674056e-04
2.14728802e-01 -3.34987313e-04 4.60518123e-04
2.15148646e-01 -6.38846211e-06 4.50760051e-04
2.15568487e-01 -1.02548434e-03 4.37162769e-04
2.15988327e-01 -5.45354430e-04 4.41000533e-04
2.16408164e-01 -1.65354768e-04 4.44829571e-04
2.16827999e-01 -3.90417479e-04 4.41548889e-04
2.17247832e-01 -6.42349192e-04 4.41044247e-04
2.17667663e-01 -1.04791653e-03 4.36169362e-04
2.18087492e-01 -9.39363860e-06 4.43081380e-04
2.18507318e-01 -9.59012295e-05 4.35410865e-04
2.18927142e-01 -3.48010197e-04 4.44555894e-04
2.19346964e-01 -4.98100920e-04 4.38601564e-04
2.19766784e-01 -6.83284796e-04 4.30483532e-04
2.20186602e-01 5.10194992e-04 4.32139400e-04
2.20606417e-01 -2.91804280e-04 4.37288800e-04
2.21026230e-01 1.80290587e-04 4.19062847e-04
2.21446041e-01 -2.31649981e-04 4.24768544e-04
2.21865850e-01 -5.61428175e-05 4.41762497e-04
2.22285656e-01 3.50554183e-04 4.48049709e-04
2.22705461e-01 5.25415952e-04 4.32654771e-04
2.23125263e-01 -3.88578477e-04 4.36928795e-04
2.23545063e-01 7.05474774e-04 4.26790988e-04
2.23964860e-01 5.87251368e-04 4.28101890e-04
2.24384655e-01 2.51823670e-05 4.33602691e-04
2.24804448e-01 2.54070481e-05 4.33958362e-04
2.25224239e-01 -4.47210701e-04 4.32882130e-04
2.25644028e-01 -7.19075887e-04 4.23777955e-04
2.26063814e-01 9.13722901e-05 4.33978943e-04
2.26483598e-01 -2.61034257e-06 4.30582220e-04
2.26903379e-01 -1.54103224e-04 4.27603252e-04
2.27323159e-01 9.81115077e-04 4.26004527e-04
2.27742936e-01 6.95106958e-04 4.32250807e-04
2.28162711e-01 5.95406208e-05 4.21314986e-04
2.28582483e-01 -1.24182116e-05 4.19431766e-04
2.29002254e-01 -5.64601993e-04 4.24138491e-04
2.29422022e-01 -3.42788331e-04 4.20590439e-04
2.29841787e-01 1.42909217e-04 4.25164704e-04
2.30261550e-01 6.09058120e-05 4.22817588e-04
2.30681311e-01 -3.03122452e-04 4.19444659e-04
2.31101070e-01 4.77439687e-04 4.31047637e-04
2.31520827e-01 1.50583362e-04 4.14856640e-04
2.31940581e-01 -3.31560229e-04 4.17510326e-04
2.32360332e-01 2.59133403e-05 4.15327617e-04
2.32780082e-01 -3.98959993e-04 4.20905541e-04
2.33199829e-01 -6.44381856e-04 4.23569915e-04
2.33619573e-01 -3.91186194e-04 4.10603440e-04
2.34039316e-01 -1.56919859e-04 4.17430700e-04
2.34459056e-01 -3.85052376e-04 4.28670862e-04
2.34878793e-01 -2.37695466e-04 4.15803341e-04
2.35298529e-01 -4.48801345e-04 4.22413460e-04
2.35718262e-01 -4.40085056e-04 4.28506862e-04
2.36137992e-01 -1.67720275e-04 4.35463402e-04
2.36557720e-01 -4.73825463e-04 4.32456520e-04
2.36977446e-01 1.95623573e-04 4.25312831e-04
2.37397170e-01 1.97867708e-04 4.38241731e-04
2.37816891e-01 -4.93171313e-05 4.31397174e-04
2.38236609e-01 -6.74106769e-05 4.29649526e-04
2.38656325e-01 -1.88683569e-04 4.34385290e-04
2.39076039e-01 -1.34343735e-04 4.22511504e-04
2.39495751e-01 -7.19263416e-04 4.20164003e-04
2.39915460e-01 -1.02484891e-03 4.18409389e-04
2.40335166e-01 -3.74445798e-04 4.26201421e-04
2.40754871e-01 1.65710966e-04 4.19500821e-04
2.41174572e-01 -3.23213467e-04 4.15715115e-04
2.41594272e-01 -2.98853333e-04 4.29340650e-04
2.42013969e-01 1.31095796e-04 4.20650134e-04
2.42433663e-01 3.69661370e-04 4.20314366e-04
2.42853355e-01 -5.07744000e-04 4.12933690e-04
2.43273045e-01 1.59734578e-05 4.15232361e-04
2.43692732e-01 -4.80261760e-05 4.21290993e-04
2.44112417e-01 -2.02885837e-04 4.16894552e-04
2.44532099e-01 -6.04136511e-04 4.17138490e-04
2.44951779e-01 -5.31819846e-04 4.11205870e-04
2.45371457e-01 1.23114390e-04 4.08131486e-04
2.45791131e-01 4.25641319e-04 4.13118103e-04
2.46210804e-01 6.13361115e-04 4.13713689e-04
2.46630474e-01 7.48374368e-04 4.10912767e-04
2.47050141e-01 -3.90290022e-05 4.13296564e-04
2.47469806e-01 -4.52688671e-04 4.03476408e-04
2.47889469e-01 -2.20669517e-04 4.03862740e-04
2.48309129e-01 -3.85544720e-05 4.07259505e-04
2.48728787e-01 2.80160938e-04 4.12326704e-04
2.49148442e-01 -2.49663493e-04 4.02612424e-04
2.49568094e-01 -1.35854110e-04 4.07758575e-04
2.49987744e-01 5.68002517e-04 4.09126203e-04
2.50407392e-01 -5.69329337e-05 4.08008500e-04
2.50827037e-01 5.51410679e-04 4.03691206e-04
2.51246679e-01 2.83161088e-04 4.03879201e-04
2.51666319e-01 1.27608456e-05 4.04959314e-04
2.52085957e-01 -2.78847931e-04 3.91423175e-04
2.52505592e-01 -1.04410043e-04 3.96481774e-04
2.52925224e-01 2.00557777e-04 3.95354844e-04
2.53344854e-01 -3.54678091e-04 4.03542243e-04
2.53764481e-01 -3.16082002e-04 3.99931765e-04
2.54184106e-01 -7.54771623e-04 3.94995864e-04
2.54603728e-01 -3.40504247e-04 3.96540473e-04
2.55023348e-01 -5.12839166e-06 4.00203110e-04
2.55442965e-01 -6.58461505e-04 3.87799769e-04
2.55862579e-01 -4.75596898e-04 3.87919578e-04
2.56282191e-01 -3.49424275e-04 3.90469909e-04
2.56701800e-01 3.92387093e-04 3.98360555e-04
2.57121407e-01 1.43023355e-04 3.98208442e-04
2.57541011e-01 4.38790360e-04 3.96008473e-04
2.57960613e-01 -2.24676744e-04 3.92062432e-04
2.58380212e-01 -1.31250264e-05 3.87122311e-04
2.58799808e-01 -2.60814006e-04 3.84744127e-04
2.59219402e-01 6.28474371e-04 3.96495094e-04
2.59638994e-01 2.79929823e-04 3.89970099e-04
2.60058582e-01 1.73568050e-04 3.88873222e-04
2.60478168e-01 1.13986409e-04 3.87445239e-04
2.60897752e-01 4.72302981e-04 3.93101285e-04
2.61317332e-01 -4.54751373e-05 3.73823456e-04
2.61736910e-01 3.19535228e-04 3.82928765e-04
2.62156486e-01 3.23058221e-05 3.84629881e-04
2.62576059e-01 -5.62216619e-06 3.91981784e-04
2.62995629e-01 3.12289753e-04 3.90028034e-04
2.63415197e-01 3.79456236e-04 3.93120575e-04
2.63834762e-01 -4.20408849e-07 3.83503835e-04
2.64254324e-01 3.61870869e-04 3.83445338e-04
2.64673884e-01 -5.05073136e-04 3.89700805e-04
2.65093441e-01 -8.03425417e-04 3.82576928e-04
2.65512995e-01 1.98297370e-04 3.81230632e-04
2.65932547e-01 4.55603256e-04 3.90648203e-04
2.66352096e-01 -1.78723976e-04 3.83045231e-04
2.66771642e-01 -5.01281699e-04 3.86382706e-04
2.67191186e-01 2.46530402e-04 3.89351867e-04
2.67610727e-01 4.95448403e-04 3.78557769e-04
2.68030265e-01 2.18318941e-05 3.85685521e-04
2.68449801e-01 2.10301648e-04 3.80452702e-04
2.68869333e-01 7.56493822e-04 3.86056799e-04
2.69288864e-01 1.53125975e-04 3.75718269e-04
2.69708391e-01 -4.81512050e-04 3.78079993e-04
2.70127916e-01 3.98477727e-05 3.83094239e-04
2.70547438e-01 5.06836138e-04 3.82138900e-04
2.70966957e-01 3.31490796e-04 3.81194443e-04
2.71386474e-01 3.56573528e-04 3.80356617e-04
2.71805988e-01 1.09233904e-04 3.71496130e-04
2.72225499e-01 -4.91988852e-04 3.82136106e-04
2.72645008e-01 4.79339482e-04 3.80341301e-04
2.73064513e-01 -7.83922037e-05 3.80019593e-04
2.73484016e-01 -6.64781541e-04 3.76229259e-04
2.73903517e-01 -3.52975721e-04 3.71210805e-04
2.74323014e-01 -7.01533262e-05 3.79013955e-04
2.74742509e-01 -3.79472834e-04 3.78081206e-04
2.75162001e-01 -5.05705295e-04 3.73452686e-04
2.75581490e-01 -1.44301101e-04 3.77466398e-04
2.76000976e-01 2.60352940e-04 3.76001780e-04
2.76420460e-01 4.48580066e-04 3.71820064e-04
2.76839941e-01 3.74047612e-04 3.76040745e-04
2.77259419e-01 -4.28661380e-04 3.71379548e-04
2.77678894e-01 4.32209977e-04 3.76665968e-04
2.78098367e-01 6.75647257e-05 3.70701937e-04
2.78517837e-01 5.35748145e-05 3.68681044e-04
2.78937304e-01 3.46777269e-04 3.68539455e-04
2.79356768e-01 5.05979216e-04 3.66585903e-04
2.79776229e-01 -1.95864906e-04 3.70031215e-04
2.80195688e-01 -3.05565665e-05 3.65531300e-04
2.80615143e-01 -4.49127126e-04 3.63041725e-04
2.81034596e-01 -6.19812678e-04 3.70540402e-04
2.81454046e-01 -1.29320096e-04 3.69496132e-04
2.81873494e-01 4.01637846e-04 3.69329689e-04
2.82292938e-01 -6.05634091e-04 3.71907549e-04
2.82712380e-01 -1.58844537e-04 3.71659711e-04
2.83131819e-01 7.72754106e-05 3.73108514e-04
2.83551254e-01 -2.18942315e-04 3.64481898e-04
2.83970688e-01 3.41059223e-04 3.70644275e-04
2.84390118e-01 -1.06907493e-04 3.72256011e-04
2.84809545e-01 -2.04228569e-05 3.66117878e-04
2.85228970e-01 -3.10656132e-04 3.74135898e-04
2.85648391e-01 3.46578014e-04 3.72932540e-04
2.86067810e-01 -1.30055590e-06 3.68953942e-04
2.86487226e-01 5.27660570e-04 3.72568519e-04
2.86906639e-01 -2.39649875e-04 3.68841324e-04
2.87326049e-01 -1.06948804e-04 3.62831921e-04
2.87745457e-01 1.30466629e-04 3.73211238e-04
2.88164861e-01 2.46411437e-04 3.59099401e-04
2.88584262e-01 -4.02751409e-04 3.55990545e-04
2.89003661e-01 -1.37860714e-04 3.58252701e-04
2.89423057e-01 1.17075185e-05 3.61696297e-04
2.89842450e-01 1.54707588e-04 3.62730785e-04
2.90261839e-01 -1.91102127e-04 3.57863246e-04
2.90681226e-01 -5.77803152e-04 3.60211070e-04
2.91100611e-01 -2.51458097e-04 3.61648089e-04
2.91519992e-01 -5.57541143e-04 3.61256311e-04
2.91939370e-01 1.71602963e-04 3.65163773e-04
2.92358745e-01 -2.09200674e-04 3.48251206e-04
2.92778118e-01 1.07331970e-04 3.60517268e-04
2.93197487e-01 6.92493549e-04 3.59956570e-04
2.93616853e-01 -2.15513505e-04 3.62415102e-04
2.94036217e-01 5.82548637e-05 3.57550422e-04
2.94455578e-01 -5.27011471e-04 3.59757876e-04
2.94874935e-01 2.49177586e-04 3.65146619e-04
2.95294290e-01 -4.12929978e-04 3.59271226e-04
2.95713642e-01 3.31188129e-04 3.64855367e-04
2.96132990e-01 1.10064094e-04 3.64326895e-04
2.96552336e-01 -2.54558927e-05 3.68617766e-04
2.96971679e-01 1.02514602e-04 3.61888516e-04
2.97391019e-01 -2.97948651e-04 3.59761715e-04
2.97810356e-01 -3.53247058e-04 3.58755111e-04
2.98229689e-01 6.16328913e-04 3.58764183e-04
2.98649020e-01 1.56272116e-04 3.58481586e-04
2.99068348e-01 2.61934500e-04 3.61974508e-04
2.99487673e-01 2.10743814e-04 3.77290596e-04
2.99906995e-01 1.61148799e-04 3.69211610e-04
3.00326314e-01 8.04753458e-04 3.76048495e-04
3.00745629e-01 -4.59185252e-04 3.66468773e-04
3.01164942e-01 6.21109789e-04 3.65454657e-04
3.01584252e-01 8.28217165e-05 3.65829715e-04
3.02003559e-01 2.87294344e-04 3.65113000e-04
3.02422863e-01 -4.22035220e-04 3.57261486e-04
3.02842163e-01 8.52559977e-05 3.65975040e-04
3.03261461e-01 -2.06620982e-04 3.73935527e-04
3.03680756e-01 -4.07729342e-04 3.64125409e-04
3.04100047e-01 3.17950509e-04 3.70976425e-04
3.04519336e-01 2.56589830e-04 3.65707119e-04
3.04938621e-01 3.07550830e-05 3.69465635e-04
3.05357904e-01 3.85173088e-05 3.64703218e-04
3.05777183e-01 2.23474111e-04 3.66225856e-04
3.06196459e-01 1.47752816e-04 3.67978603e-04
3.06615732e-01 3.91410819e-04 3.73092953e-04
3.07035003e-01 1.08376922e-04 3.61618522e-04
3.07454270e-01 6.84637076e-04 3.63695103e-04
3.07873534e-01 2.13404703e-04 3.55269049e-04
3.08292794e-01 -1.79782927e-05 3.61391669e-04
3.08712052e-01 3.28444981e-04 3.67959414e-04
3.09131307e-01 5.77750246e-04 3.68594322e-04
3.09550559e-01 2.56975631e-04 3.71170063e-04
3.09969807e-01 2.78780815e-04 3.61696596e-04
3.10389052e-01 5.55325167e-04 3.70304502e-04
3.10808295e-01 5.17871279e-04 3.65371825e-04
3.11227534e-01 -4.11840052e-05 3.63557465e-04
3.11646770e-01 -1.54826404e-04 3.64919467e-04
3.12066003e-01 -1.83291461e-04 3.57129417e-04
3.12485233e-01 1.12233573e-04 3.66990615e-04
3.12904459e-01 3.97715403e-04 3.60552702e-04
3.13323683e-01 1.22752197e-04 3.62843567e-04
3.13742903e-01 1.67042695e-05 3.70403613e-04
3.14162120e-01 -3.33970791e-04 3.63379299e-04
3.14581334e-01 7.89110698e-05 3.56474446e-04
3.15000545e-01 2.22725115e-04 3.64613634e-04
3.15419753e-01 -7.37338121e-05 3.67916500e-04
3.15838958e-01 -2.81625022e-04 3.62000669e-04
3.16258159e-01 -2.18035326e-05 3.63502809e-04
3.16677357e-01 4.20077858e-04 3.65920411e-04
3.17096552e-01 -1.85139848e-04 3.61408601e-04
3.17515744e-01 -2.27392546e-04 3.63134637e-04
3.17934933e-01 -1.01314373e-03 3.53086676e-04
3.18354118e-01 -1.36119857e-04 3.71529019e-04
3.18773301e-01 1.82620520e-05 3.66993458e-04
3.19192480e-01 1.55444911e-04 3.62070877e-04
3.19611656e-01 -2.56434324e-04 3.60810038e-04
3.20030829e-01 -6.46301266e-04 3.55264790e-04
3.20449998e-01 3.12926451e-04 3.67578898e-04
3.20869164e-01 1.38551010e-04 3.55043734e-04
3.21288328e-01 -1.50909292e-04 3.63742206e-04
3.21707487e-01 -2.17593009e-05 3.66538087e-04
3.22126644e-01 -5.42583366e-06 3.71296448e-04
3.22545797e-01 2.78932209e-04 3.66860415e-04
3.22964948e-01 -2.34465908e-04 3.69771455e-04
3.23384095e-01 -6.86967555e-04 3.74545358e-04
3.23803238e-01 -1.44809204e-04 3.73951444e-04
3.24222379e-01 6.25566686e-05 3.77053829e-04
3.24641516e-01 -4.06917676e-04 3.81898184e-04
3.25060650e-01 -1.75523483e-04 3.89250236e-04
3.25479781e-01 -1.53227688e-07 3.89310701e-04
3.25898908e-01 -5.89679553e-05 3.82665311e-04
3.26318032e-01 7.06867492e-04 3.92625701e-04
3.26737153e-01 5.79492997e-04 3.92920838e-04
3.27156271e-01 5.67303846e-04 3.89215537e-04
3.27575385e-01 3.82641035e-04 3.84768826e-04
3.27994496e-01 8.72338609e-05 3.88640873e-04
3.28413604e-01 2.88220964e-04 3.94967155e-04
3.28832708e-01 4.36864376e-05 4.03045837e-04
3.29251810e-01 2.09206223e-04 4.00443874e-04
3.29670907e-01 -8.03557826e-05 3.95408318e-04
3.30090002e-01 2.94252537e-04 3.94527058e-04
3.30509093e-01 -1.24132271e-05 4.05297124e-04
3.30928181e-01 -2.66541889e-05 3.97264063e-04
3.31347266e-01 -1.61945315e-04 3.95741145e-04
3.31766347e-01 3.18714520e-04 3.98794283e-04
3.32185425e-01 1.98261740e-04 3.90346680e-04
3.32604500e-01 3.85569583e-04 4.03769119e-04
3.33023571e-01 -4.13339437e-04 3.97938231e-04
3.33442639e-01 -5.71169274e-04 4.05076886e-04
3.33861704e-01 1.67654486e-04 3.99773160e-04
3.34280765e-01 1.55618873e-04 4.04706364e-04
3.34699823e-01 -5.91563694e-05 3.93466069e-04
3.35118878e-01 3.51144726e-04 4.08883571e-04
3.35537929e-01 1.05125533e-04 4.06872022e-04
3.35956977e-01 6.38252913e-04 4.12627289e-04
3.36376021e-01 3.69556100e-04 4.04585106e-04
3.36795062e-01 -5.30102937e-04 3.98919040e-04
3.37214100e-01 1.04672292e-04 4.05237483e-04
3.37633135e-01 -3.04091027e-04 4.13823555e-04
3.38052166e-01 -3.76155994e-05 4.17535773e-04
3.38471193e-01 -2.67396629e-04 4.11319262e-04
3.38890217e-01 -1.60929603e-04 4.03658102e-04
3.39309238e-01 -9.82782429e-05 4.06038905e-04
3.39728256e-01 3.41663564e-04 4.21669368e-04
3.40147270e-01 5.65832333e-04 4.17252236e-04
3.40566280e-01 -5.45738261e-04 4.07391055e-04
3.40985288e-01 -1.88907981e-04 4.09312981e-04
3.41404291e-01 6.97471010e-04 4.14923384e-04
3.41823292e-01 2.61920413e-05 4.07511079e-04
3.42242289e-01 3.85568724e-04 4.15834397e-04
3.42661282e-01 1.91202332e-04 4.18938223e-04
3.43080272e-01 2.06188101e-04 4.06751860e-04
3.43499259e-01 -1.89297515e-04 4.12655506e-04
3.43918242e-01 -5.26239249e-04 4.15064942e-04
3.44337222e-01 -1.19854409e-04 4.07435691e-04
3.44756198e-01 -1.77412269e-04 4.15188893e-04
3.45175171e-01 -7.03559522e-05 4.03772995e-04
3.45594140e-01 3.71002545e-04 4.13044731e-04
3.46013106e-01 3.98225989e-05 4.20865331e-04
3.46432069e-01 -3.60180276e-04 4.18392559e-04
3.46851028e-01 4.57642989e-04 4.13154435e-04
3.47269983e-01 8.66086461e-05 4.16807422e-04
3.47688935e-01 1.73334420e-04 4.25442412e-04
3.48107884e-01 -1.26294266e-04 4.25093547e-04
3.48526829e-01 6.53712185e-05 4.19350186e-04
3.48945770e-01 5.52853572e-04 4.41003852e-04
3.49364708e-01 -3.30959624e-04 4.21664944e-04
3.49783643e-01 -5.07468166e-04 4.25249316e-04
3.50202574e-01 -4.83112358e-04 4.16325619e-04
3.50621502e-01 -5.39556856e-04 4.27991406e-04
3.51040426e-01 -6.70378523e-04 4.23181234e-04
3.51459346e-01 -4.38956092e-04 4.21381141e-04
3.51878263e-01 -5.47277303e-04 4.25387140e-04
3.52297177e-01 -2.53611715e-04 4.29386174e-04
3.52716087e-01 -3.75615593e-04 4.20049503e-04
3.53134993e-01 3.35595816e-04 4.23593747e-04
3.53553896e-01 4.07020393e-04 4.22063844e-04
3.53972795e-01 -1.91401464e-04 4.27947768e-04
3.54391691e-01 2.22958117e-04 4.29368624e-04
3.54810584e-01 -3.75387797e-04 4.33227507e-04
3.55229472e-01 2.80657019e-04 4.32589043e-04
3.55648357e-01 -7.86690754e-04 4.20741151e-04
3.56067239e-01 -4.09631638e-04 4.34119333e-04
3.56486117e-01 -6.60808324e-04 4.29959895e-04
3.56904991e-01 5.45626610e-04 4.29948816e-04
3.57323862e-01 1.57343326e-05 4.26426114e-04
3.57742730e-01 -8.09496620e-06 4.31073381e-04
3.58161593e-01 1.49772578e-03 4.49397055e-04
3.58580453e-01 3.90388539e-04 4.23032104e-04
3.58999310e-01 2.02388264e-04 4.41742778e-04
3.59418163e-01 6.79097896e-05 4.30020979e-04
3.59837012e-01 -1.80249982e-04 4.22976369e-04
3.60255858e-01 -5.71507520e-04 4.26594387e-04
3.60674700e-01 2.37344624e-04 4.33881787e-04
3.61093539e-01 4.17265630e-04 4.40030125e-04
3.61512374e-01 9.27923403e-04 4.40057282e-04
3.61931205e-01 -2.48366039e-04 4.38080589e-04
3.62350032e-01 -2.95605440e-04 4.42232632e-04
3.62768857e-01 -3.04489985e-04 4.37892937e-04
3.63187677e-01 -5.66472245e-04 4.37216347e-04
3.63606494e-01 -2.61591721e-04 4.37936679e-04
3.64025307e-01 -4.14035187e-04 4.32533845e-04
3.64444116e-01 -1.79914904e-04 4.50798492e-04
3.64862922e-01 -3.66835273e-04 4.42203500e-04
3.65281724e-01 -1.22738625e-03 4.30657273e-04
3.65700523e-01 -7.47251852e-04 4.40579572e-04
3.66119318e-01 1.20882399e-04 4.49295743e-04
3.66538109e-01 -8.29775330e-04 4.51423683e-04
3.66956896e-01 -1.03493661e-05 4.39143271e-04
3.67375680e-01 -1.19995976e-04 4.35148028e-04
3.67794460e-01 7.78063274e-04 4.45892546e-04
3.68213237e-01 -2.53891836e-04 4.44793802e-04
3.68632010e-01 2.52781227e-04 4.33933895e-04
3.69050779e-01 -2.56441932e-04 4.46191188e-04
3.69469544e-01 1.53952939e-04 4.49919525e-04
3.69888306e-01 4.27650278e-04 4.44639160e-04
3.70307064e-01 -1.72431233e-04 4.49815477e-04
3.70725818e-01 3.29166043e-04 4.50876798e-04
3.71144569e-01 -5.35300166e-04 4.50569309e-04
3.71563316e-01 8.78446151e-05 4.42028885e-04
3.71982059e-01 -4.41372946e-06 4.43405870e-04
3.72400798e-01 2.70777605e-05 4.62582402e-04
3.72819534e-01 -5.16838471e-04 4.53626206e-04
3.73238266e-01 -3.44760364e-04 4.55169420e-04
3.73656994e-01 -2.40992842e-04 4.36169436e-04
3.74075719e-01 -2.85654405e-04 4.44196939e-04
3.74494439e-01 -2.53329955e-04 4.48644978e-04
3.74913156e-01 -1.33960251e-05 4.44027849e-04
3.75331870e-01 4.59998164e-04 4.58101045e-04
3.75750579e-01 1.18380523e-04 4.57103489e-04
3.76169285e-01 -1.12872318e-04 4.60831996e-04
3.76587987e-01 5.39633117e-04 4.64339515e-04
3.77006685e-01 -1.79770676e-04 4.62280143e-04
3.77425380e-01 -2.45194129e-04 4.57593335e-04
3.77844070e-01 -2.89914119e-04 4.66015989e-04
3.78262757e-01 -1.10944216e-03 4.48888267e-04
3.78681440e-01 1.23863843e-05 4.58698662e-04
3.79100119e-01 6.03233093e-04 4.62495205e-04
3.79518795e-01 -2.29109897e-04 4.72921976e-04
3.79937467e-01 -5.02692807e-04 4.56873486e-04
3.80356135e-01 3.99164481e-04 4.65222184e-04
3.80774799e-01 -1.78209330e-04 4.64756850e-04
3.81193459e-01 2.73232971e-04 4.72386362e-04
3.81612115e-01 -1.46634330e-03 4.45557735e-04
3.82030768e-01 -5.96856738e-04 4.66645099e-04
3.82449417e-01 -5.37151457e-05 4.59541045e-04
3.82868062e-01 -9.98346523e-05 4.51546118e-04
3.83286703e-01 1.94644081e-04 4.79677258e-04
3.83705340e-01 -8.42646652e-04 4.63480108e-04
3.84123974e-01 2.35965807e-05 4.79343794e-04
3.84542604e-01 -1.39427634e-04 4.83777764e-04
3.84961229e-01 2.23364715e-04 4.87398255e-04
3.85379851e-01 -4.80453559e-05 4.92066900e-04
3.85798469e-01 -1.23160781e-03 4.75623972e-04
3.86217084e-01 -4.41016558e-04 4.87231102e-04
3.86635694e-01 -8.16036063e-05 4.88163309e-04
3.87054301e-01 1.69359369e-04 5.00559576e-04
3.87472903e-01 -2.05056816e-04 5.11093028e-04
3.87891502e-01 8.26546150e-05 5.08290839e-04
3.88310097e-01 -3.36086035e-04 5.09427596e-04
3.88728688e-01 -2.11143697e-04 5.02648632e-04
3.89147275e-01 5.01673503e-04 5.16460925e-04
3.89565858e-01 -3.79033739e-04 5.11211975e-04
3.89984437e-01 1.16350820e-05 5.20832642e-04
3.90403013e-01 -7.36612079e-04 5.05772750e-04
3.90821584e-01 1.74067938e-04 5.14042163e-04
3.91240152e-01 -4.33608265e-04 5.26253338e-04
3.91658716e-01 -6.10015045e-04 5.16042762e-04
3.92077275e-01 -2.01066656e-04 5.24011608e-04
3.92495831e-01 -8.70721139e-04 5.19639966e-04
3.92914383e-01 -1.56143833e-04 5.28908249e-04
3.93332931e-01 3.01228180e-04 5.23257731e-04
3.93751475e-01 2.11484963e-04 5.30477628e-04
3.94170015e-01 -1.60398823e-04 5.39607598e-04
3.94588552e-01 -1.37655371e-06 5.39689595e-04
3.95007084e-01 4.04470123e-04 5.48868905e-04
3.95425612e-01 7.39425988e-06 5.41297612e-04
3.95844136e-01 -1.86388797e-04 5.36188410e-04
3.96262657e-01 5.79588355e-04 5.56485593e-04
3.96681173e-01 -8.11526263e-05 5.35255027e-04
3.97099686e-01 -2.98608757e-04 5.45935918e-04
3.97518194e-01 -1.37992067e-04 5.37630671e-04
3.97936698e-01 5.54150859e-04 5.44978321e-04
3.98355199e-01 4.42363164e-04 5.66755300e-04
3.98773695e-01 3.99357757e-04 5.49528481e-04
3.99192188e-01 -1.55689645e-04 5.62382103e-04
3.99610677e-01 -9.50144580e-04 5.39185087e-04
4.00029161e-01 1.35083756e-03 5.54522193e-04
4.00447642e-01 4.86423039e-05 5.59660521e-04
4.00866118e-01 8.53873519e-04 5.66162028e-04
4.01284591e-01 1.24668026e-04 5.73973638e-04
4.01703059e-01 2.99804628e-04 5.82848535e-04
4.02121524e-01 -6.88019788e-04 5.70424614e-04
4.02539984e-01 2.81439017e-05 5.68567162e-04
4.02958441e-01 8.63698661e-05 5.72854273e-04
4.03376893e-01 4.98994904e-04 5.82628785e-04
4.03795341e-01 -7.66902382e-04 5.91522232e-04
4.04213786e-01 -2.52779949e-05 5.88956055e-04
4.04632226e-01 9.49321079e-04 5.79408079e-04
4.05050662e-01 -2.55122184e-04 5.75260024e-04
4.05469095e-01 2.52033764e-04 5.92316200e-04
4.05887523e-01 3.24208209e-05 5.76478443e-04
4.06305947e-01 -4.69130043e-04 5.94882730e-04
4.06724367e-01 -2.45573758e-04 5.89754411e-04
4.07142783e-01 7.25584311e-04 5.93337605e-04
4.07561195e-01 5.67273679e-04 6.04782666e-04
4.07979603e-01 7.19163505e-04 5.88999872e-04
4.08398006e-01 -4.49782157e-05 6.12775504e-04
4.08816406e-01 -3.70972153e-04 6.05013079e-04
4.09234802e-01 -4.74547810e-04 6.02538991e-04
4.09653193e-01 3.21261361e-04 6.08928745e-04
4.10071580e-01 -8.78404577e-04 6.10641359e-04
4.10489964e-01 -1.00707017e-03 6.16575597e-04
4.10908343e-01 -5.07093931e-04 6.13456993e-04
4.11326718e-01 -1.33712363e-05 6.21297097e-04
4.11745089e-01 1.76718137e-04 6.15471322e-04
4.12163456e-01 8.65674841e-05 6.20778525e-04
4.12581819e-01 -2.81361402e-04 6.17502671e-04
4.13000177e-01 -6.38747243e-04 6.46629552e-04
4.13418532e-01 3.76725629e-04 6.44322329e-04
4.13836882e-01 4.02793864e-04 6.06584643e-04
4.14255228e-01 7.53583859e-04 6.30255928e-04
4.14673570e-01 -1.23271262e-04 6.40277973e-04
4.15091908e-01 7.09866036e-05 6.43723354e-04
4.15510242e-01 -4.26726570e-04 6.43074324e-04
4.15928572e-01 -8.71861586e-04 6.45491383e-04
4.16346897e-01 -1.85975854e-04 6.68832513e-04
4.16765218e-01 -2.48519364e-04 6.55496422e-04
4.17183536e-01 5.48731976e-04 6.75853787e-04
4.17601849e-01 1.83782785e-03 6.69012517e-04
4.18020157e-01 -1.34544325e-04 6.63439632e-04
4.18438462e-01 -1.08126585e-03 6.59700764e-04
4.18856762e-01 5.03908640e-04 6.73988893e-04
4.19275059e-01 3.32771180e-04 6.71550283e-04
4.19693351e-01 4.49581352e-04 6.85188660e-04
4.20111639e-01 -1.76862610e-03 6.59567006e-04
4.20529922e-01 1.81568175e-04 7.01220439e-04
4.20948202e-01 -3.25936060e-04 6.97279824e-04
4.21366477e-01 -6.82253264e-05 6.87969191e-04
4.21784748e-01 5.41137345e-04 7.11093147e-04
4.22203015e-01 7.90810338e-04 6.98997701e-04
4.22621278e-01 2.96715477e-05 7.12813919e-04
4.23039536e-01 -9.21837668e-04 6.81697315e-04
4.23457790e-01 5.27575380e-04 7.06696188e-04
4.23876040e-01 -6.70562443e-04 7.17777671e-04
4.24294286e-01 -2.42190047e-04 6.88690275e-04
4.24712527e-01 3.84695690e-04 7.43329898e-04
4.25130765e-01 1.21406454e-03 7.23565550e-04
4.25548998e-01 2.40380492e-04 7.12255059e-04
4.25967226e-01 -3.05741285e-04 7.47621773e-04
4.26385451e-01 1.80681743e-03 7.15527952e-04
4.26803671e-01 1.00191802e-03 7.32919226e-04
4.27221887e-01 1.02005390e-04 7.27094925e-04
4.27640099e-01 -7.63524242e-04 7.55445972e-04
4.28058306e-01 -7.45867344e-04 7.11287359e-04
4.28476509e-01 -2.92009563e-04 7.26685730e-04
4.28894708e-01 -6.24637243e-04 7.49931445e-04
4.29312903e-01 7.61751182e-04 7.71386108e-04
4.29731093e-01 -7.85322013e-04 7.14778333e-04
4.30149279e-01 -5.39933998e-04 7.15955704e-04
4.30567460e-01 2.15123279e-04 7.82678348e-04
4.30985638e-01 -1.35091760e-03 7.73507754e-04
4.31403811e-01 4.46918737e-04 8.14976592e-04
4.31821980e-01 6.96487698e-04 8.31833648e-04
4.32240144e-01 5.79207659e-04 8.08614384e-04
4.32658304e-01 -1.48938028e-04 7.80085969e-04
4.33076460e-01 6.66017330e-04 8.26393127e-04
4.33494612e-01 -3.36621252e-04 8.50993009e-04
4.33912759e-01 -1.71883253e-03 8.47374634e-04
4.34330902e-01 -3.01199486e-05 9.67142561e-04
4.34749040e-01 1.07220344e-03 1.18316770e-03
4.35167174e-01 -6.36063785e-04 1.19286664e-03
4.35585304e-01 1.12092224e-03 1.20941947e-03
4.36003430e-01 -8.33404056e-04 1.18903123e-03
4.36421551e-01 1.89300048e-03 1.20555600e-03
4.36839667e-01 4.13537485e-04 1.69085523e-03
4.37257780e-01 -1.88405750e-02 0.00000000e+00
