6.30595362e-03 -2.77959656e-03 2.79496285e-02
6.72635018e-03 2.71081210e-03 1.16115098e-02
7.14674667e-03 -4.95638410e-03 6.16034410e-03
7.56714308e-03 8.22481121e-05 5.08458939e-03
7.98753943e-03 -4.10004193e-03 4.64302684e-03
8.40793569e-03 -1.97002143e-03 4.23859754e-03
8.82833186e-03 -5.11163057e-04 3.69162899e-03
9.24872795e-03 -7.35292947e-04 3.45622552e-03
9.66912395e-03 4.23346376e-03 3.36626687e-03
1.00895198e-02 -6.13067675e-04 3.08587334e-03
1.05099156e-02 5.10757390e-03 2.71124858e-03
1.09303113e-02 4.32751195e-03 2.84762002e-03
1.13507069e-02 3.91195087e-03 2.53365368e-03
1.17711024e-02 -4.26636384e-04 2.34831055e-03
1.21914977e-02 -1.44595315e-03 2.44540857e-03
1.26118929e-02 2.87271680e-03 2.25162995e-03
1.30322880e-02 1.95442733e-03 2.20057434e-03
1.34526830e-02 7.64948868e-04 2.13411276e-03
1.38730778e-02 -1.81536499e-03 2.02342998e-03
1.42934725e-02 1.21509582e-03 1.97863453e-03
1.47138671e-02 1.26455600e-03 1.88895038e-03
1.51342615e-02 -4.24072318e-04 1.89380568e-03
1.55546557e-02 2.71335639e-04 1.67717091e-03
1.59750498e-02 8.19664699e-04 1.68779663e-03
1.63954437e-02 3.87162431e-03 1.84123445e-03
1.68158375e-02 3.01624360e-03 1.82864270e-03
1.72362311e-02 2.98704902e-04 1.66874710e-03
1.76566245e-02 -2.84652218e-05 1.81574592e-03
1.80770178e-02 3.78343886e-04 1.66294666e-03
1.84974108e-02 -1.36373095e-04 1.68792643e-03
1.89178037e-02 9.83226008e-04 1.65828064e-03
1.93381964e-02 1.66067864e-03 1.61380400e-03
1.97585889e-02 3.89960810e-03 1.59162453e-03
2.01789812e-02 2.01737236e-03 1.59650829e-03
2.05993732e-02 3.64242286e-04 1.40650147e-03
2.10197651e-02 -5.03648216e-04 1.41563336e-03
2.14401568e-02 -7.94078976e-04 1.41621316e-03
2.18605482e-02 -1.01472434e-03 1.44925056e-03
2.22809395e-02 -1.75773257e-03 1.43816869e-03
2.27013305e-02 1.87977079e-03 1.42980011e-03
2.31217212e-02 3.39085312e-03 1.41465692e-03
2.35421118e-02 2.60675969e-03 1.42565124e-03
2.39625021e-02 3.57352512e-03 1.42555092e-03
2.43828922e-02 6.55070374e-04 1.39047037e-03
2.48032820e-02 1.55730842e-03 1.38800176e-03
2.52236716e-02 -1.53503660e-04 1.33821776e-03
2.56440609e-02 2.07165260e-03 1.36760405e-03
2.60644499e-02 -4.41502492e-04 1.30447481e-03
2.64848387e-02 1.36153109e-03 1.33799785e-03
2.69052273e-02 3.60480127e-03 1.39686298e-03
2.73256155e-02 2.52890215e-03 1.34125608e-03
2.77460035e-02 1.74627937e-03 1.48114199e-03
2.81663912e-02 1.92558978e-03 1.44708081e-03
2.85867786e-02 1.32554227e-03 1.26232836e-03
2.90071658e-02 3.78270924e-03 1.28283015e-03
2.94275526e-02 2.15957459e-03 1.29077493e-03
2.98479391e-02 2.57613015e-03 1.34369173e-03
3.02683254e-02 3.50225121e-03 1.29058558e-03
3.06887113e-02 1.92447058e-03 1.37497916e-03
3.11090970e-02 2.41997838e-03 1.29317714e-03
3.15294823e-02 3.93303396e-03 1.34763707e-03
3.19498673e-02 3.18294660e-03 1.32793551e-03
3.23702519e-02 4.56589626e-04 1.33748496e-03
3.27906363e-02 1.70325341e-03 1.22306027e-03
3.32110203e-02 -5.27070543e-04 1.26280214e-03
3.36314040e-02 -2.86216780e-04 1.28541636e-03
3.40517873e-02 -1.96843377e-04 1.28086862e-03
3.44721703e-02 1.78597306e-03 1.30396553e-03
3.48925530e-02 4.33673456e-04 1.30029317e-03
3.53129353e-02 2.27624986e-04 1.19376606e-03
3.57333173e-02 1.09641164e-03 1.20466038e-03
3.61536988e-02 2.00503656e-04 1.21831777e-03
3.65740801e-02 1.34111768e-03 1.16143866e-03
3.69944609e-02 1.12232049e-03 1.23580486e-03
3.74148414e-02 -4.89657765e-04 1.16891194e-03
3.78352215e-02 -4.89378586e-04 1.19001366e-03
3.82556012e-02 1.60991328e-03 1.17228564e-03
3.86759806e-02 1.04030785e-03 1.08858083e-03
3.90963595e-02 3.11224322e-03 1.11021485e-03
3.95167381e-02 1.66583178e-03 1.07987090e-03
3.99371163e-02 1.88607542e-03 1.12005862e-03
4.03574940e-02 1.30908852e-03 1.07369143e-03
4.07778714e-02 2.15994287e-03 1.11213195e-03
4.11982483e-02 1.28846661e-03 1.07158122e-03
4.16186248e-02 8.03242918e-04 1.01463086e-03
4.20390009e-02 1.83396616e-03 1.08249086e-03
4.24593766e-02 9.45907208e-04 1.02548131e-03
4.28797519e-02 1.65247725e-03 1.07584487e-03
4.33001267e-02 1.48030831e-03 1.00551875e-03
4.37205011e-02 -1.30929834e-03 1.03582661e-03
4.41408750e-02 -6.80917304e-04 9.90334803e-04
4.45612485e-02 1.33004600e-03 1.00332936e-03
4.49816216e-02 1.95242868e-03 1.00451751e-03
4.54019942e-02 6.88173408e-04 9.69604225e-04
4.58223663e-02 2.18472034e-03 1.01887123e-03
4.62427380e-02 -4.06539512e-04 9.67913261e-04
4.66631092e-02 -2.02516761e-05 1.05264026e-03
4.70834800e-02 -7.62909417e-04 9.63207039e-04
4.75038502e-02 -8.09930035e-05 9.94127369e-04
4.79242200e-02 1.56283632e-03 1.00873465e-03
4.83445894e-02 1.20318524e-03 9.77068490e-04
4.87649582e-02 3.08951426e-03 9.43608704e-04
4.91853265e-02 1.14162879e-03 9.92898853e-04
4.96056943e-02 7.33025282e-04 9.83609509e-04
5.00260617e-02 1.09199933e-03 1.00732702e-03
5.04464285e-02 2.21003818e-03 9.79950244e-04
5.08667948e-02 4.86583862e-04 9.38008441e-04
5.12871607e-02 1.34773322e-03 9.46440800e-04
5.17075260e-02 -8.33444194e-05 9.47083039e-04
5.21278907e-02 2.55082823e-03 9.36487015e-04
5.25482550e-02 1.33587102e-03 9.51198641e-04
5.29686187e-02 2.81097878e-03 9.78259220e-04
5.33889819e-02 9.39217215e-04 8.73067186e-04
5.38093445e-02 5.87988000e-04 9.24238068e-04
5.42297066e-02 2.31175170e-04 8.79129813e-04
5.46500682e-02 -6.86654220e-04 9.03199535e-04
5.50704292e-02 3.17856447e-04 9.08184095e-04
5.54907897e-02 1.34709543e-03 8.96301630e-04
5.59111496e-02 1.50652230e-03 9.75236659e-04
5.63315089e-02 2.76900865e-05 9.29020305e-04
5.67518677e-02 1.46359154e-03 9.48988408e-04
5.71722259e-02 2.22277865e-03 9.46340850e-04
5.75925835e-02 8.82126006e-04 9.33330579e-04
5.80129405e-02 -9.57627516e-05 9.42637090e-04
5.84332970e-02 6.04301569e-04 9.49467667e-04
5.88536529e-02 1.08738357e-03 9.18867369e-04
5.92740081e-02 1.44111270e-03 9.32740535e-04
5.96943628e-02 2.64923138e-03 9.88014902e-04
6.01147169e-02 2.18963273e-04 9.35763349e-04
6.05350704e-02 1.52992660e-03 9.42795066e-04
6.09554232e-02 1.73957774e-03 9.29587598e-04
6.13757755e-02 -1.49109174e-04 9.34717911e-04
6.17961271e-02 1.22245690e-03 9.27781298e-04
6.22164781e-02 6.68171220e-04 9.19143706e-04
6.26368285e-02 2.53143714e-03 9.14875611e-04
6.30571783e-02 6.17216811e-04 8.82171748e-04
6.34775274e-02 5.85444940e-04 8.74777649e-04
6.38978758e-02 2.80013151e-04 8.74443363e-04
6.43182237e-02 9.67997762e-04 8.68350992e-04
6.47385709e-02 1.95805180e-03 8.96687295e-04
6.51589174e-02 -2.96034117e-04 8.87588024e-04
6.55792633e-02 6.86147654e-04 8.58963280e-04
6.59996085e-02 1.45021834e-03 8.74838997e-04
6.64199530e-02 8.88108682e-04 8.44934839e-04
6.68402969e-02 -2.91966921e-04 8.65635942e-04
6.72606401e-02 1.63869197e-03 8.33118881e-04
6.76809827e-02 2.41070804e-03 8.38287627e-04
6.81013245e-02 -8.88465629e-04 8.38766303e-04
6.85216657e-02 6.82843908e-04 8.61754115e-04
6.89420062e-02 5.52261441e-04 8.17162751e-04
6.93623459e-02 8.66527870e-04 8.26591700e-04
6.97826850e-02 1.35570307e-03 8.42539685e-04
7.02030234e-02 2.08253341e-03 8.52679099e-04
7.06233611e-02 1.43943078e-03 8.38071589e-04
7.10436980e-02 -8.38248202e-06 8.10532488e-04
7.14640343e-02 -1.00604622e-03 8.09626985e-04
7.18843698e-02 1.70383369e-04 8.07154778e-04
7.23047046e-02 -2.98443648e-04 8.30201605e-04
7.27250387e-02 5.53804957e-04 7.94617486e-04
7.31453720e-02 1.64414804e-03 8.13027618e-04
7.35657046e-02 2.20779838e-03 8.10155130e-04
7.39860365e-02 1.87319747e-03 8.07565753e-04
7.44063676e-02 1.18065279e-03 7.85961089e-04
7.48266980e-02 9.80328541e-04 7.83614309e-04
7.52470276e-02 -1.66314341e-03 7.73938440e-04
7.56673565e-02 6.97803800e-04 7.92590827e-04
7.60876846e-02 1.48430381e-03 8.22548132e-04
7.65080119e-02 5.73359460e-04 7.45629889e-04
7.69283384e-02 1.90803976e-03 8.12855759e-04
7.73486642e-02 6.37560987e-05 7.54240381e-04
7.77689892e-02 2.91669310e-04 8.20763747e-04
7.81893135e-02 1.94851987e-04 7.79461880e-04
7.86096369e-02 -7.76151814e-04 7.94773983e-04
7.90299595e-02 4.82193290e-05 7.72878332e-04
7.94502814e-02 -3.29994825e-05 7.64428367e-04
7.98706024e-02 -4.82276248e-04 7.57153055e-04
8.02909227e-02 -3.25546745e-05 7.36811652e-04
8.07112421e-02 6.09001784e-04 7.44679320e-04
8.11315607e-02 -3.57379754e-04 7.49414870e-04
8.15518785e-02 -1.55353591e-04 7.58568031e-04
8.19721955e-02 3.91363464e-04 7.21814472e-04
8.23925117e-02 5.99482166e-04 7.50160602e-04
8.28128270e-02 1.43160816e-03 7.48216000e-04
8.32331415e-02 -3.59041317e-04 7.61041181e-04
8.36534552e-02 -3.81634598e-04 7.56409608e-04
8.40737680e-02 2.85887705e-04 7.15786065e-04
8.44940800e-02 9.99132804e-04 7.52046475e-04
8.49143911e-02 1.43949913e-03 7.47721795e-04
8.53347013e-02 -3.17063989e-04 7.43000859e-04
8.57550107e-02 -2.03944103e-04 7.10406533e-04
8.61753193e-02 8.42453490e-04 7.72867449e-04
8.65956270e-02 6.89722567e-06 7.61884803e-04
8.70159338e-02 7.45218422e-04 7.40510107e-04
8.74362397e-02 4.39836672e-04 7.36830076e-04
8.78565447e-02 -7.47395605e-04 7.19755657e-04
8.82768489e-02 -1.55568811e-04 7.06858579e-04
8.86971522e-02 -2.71449488e-04 7.27786427e-04
8.91174545e-02 9.23627236e-04 7.18764799e-04
8.95377560e-02 1.18006366e-03 7.35789197e-04
8.99580566e-02 -5.48950334e-04 7.05883503e-04
9.03783563e-02 2.08866971e-03 7.06874519e-04
9.07986550e-02 -2.17671204e-05 6.98939146e-04
9.12189529e-02 -4.53443084e-04 7.18100075e-04
9.16392498e-02 7.21714478e-04 7.35021754e-04
9.20595458e-02 6.07094159e-05 7.41685139e-04
9.24798409e-02 1.02777139e-03 7.27172951e-04
9.29001350e-02 -5.71402433e-04 7.23169373e-04
9.33204283e-02 1.29883376e-03 7.15926654e-04
9.37407205e-02 -3.60446355e-04 6.95236546e-04
9.41610119e-02 1.66983926e-04 7.30040054e-04
9.45813022e-02 7.72487247e-05 7.18761585e-04
9.50015917e-02 -1.94348999e-04 7.02464391e-04
9.54218802e-02 -5.83548070e-05 7.03276237e-04
9.58421677e-02 1.13153085e-03 7.18271736e-04
9.62624542e-02 -2.34628097e-05 7.10329529e-04
9.66827398e-02 -2.13474896e-04 7.10453873e-04
9.71030244e-02 -1.15179252e-04 7.30910283e-04
9.75233080e-02 -7.10583518e-04 7.08992553e-04
9.79435907e-02 1.23425920e-03 7.13754614e-04
9.83638723e-02 -7.04275168e-04 6.86032622e-04
9.87841530e-02 1.22070392e-03 6.80669812e-04
9.92044327e-02 6.24211714e-04 6.84473983e-04
9.96247114e-02 9.89372630e-04 6.81879058e-04
1.00044989e-01 5.59302532e-04 6.92138957e-04
1.00465266e-01 7.50645952e-04 7.11482428e-04
1.00885541e-01 -2.08858389e-04 6.75780974e-04
1.01305816e-01 2.79626664e-04 6.96103188e-04
1.01726090e-01 -1.88402877e-04 6.96927971e-04
1.02146362e-01 7.94394453e-05 6.74784969e-04
1.02566634e-01 -2.54743957e-04 7.08613964e-04
1.02986904e-01 1.43610948e-04 6.81287530e-04
1.03407174e-01 -4.10819950e-04 6.87353968e-04
1.03827442e-01 -4.96823378e-04 6.82006483e-04
1.04247710e-01 1.03897819e-03 6.78865526e-04
1.04667976e-01 2.14501753e-06 6.90461830e-04
1.05088241e-01 1.10193434e-03 7.03248470e-04
1.05508506e-01 6.81102549e-04 6.88967753e-04
1.05928769e-01 -7.67585401e-04 6.64992612e-04
1.06349031e-01 9.04730600e-05 6.79499605e-04
1.06769292e-01 -1.25864823e-05 6.65441685e-04
1.07189552e-01 -2.15400816e-04 6.73256397e-04
1.07609811e-01 -1.09456067e-05 6.63179429e-04
1.08030069e-01 -6.61406560e-05 6.55311579e-04
1.08450325e-01 1.11117838e-04 6.60496228e-04
1.08870581e-01 1.33392789e-03 6.92489613e-04
1.09290836e-01 8.99481910e-04 6.48150834e-04
1.09711089e-01 3.24010751e-04 6.72028122e-04
1.10131341e-01 2.73100737e-04 6.46329303e-04
1.10551592e-01 3.79518619e-04 6.55967377e-04
1.10971843e-01 3.81076784e-04 6.57097213e-04
1.11392092e-01 8.67148494e-04 6.59804941e-04
1.11812339e-01 -9.50162857e-04 6.32550274e-04
1.12232586e-01 -2.13831520e-04 6.20243743e-04
1.12652832e-01 6.79220870e-04 6.66001983e-04
1.13073076e-01 -4.09688739e-04 6.54215243e-04
1.13493320e-01 7.14391291e-04 6.43165990e-04
1.13913562e-01 -6.12936053e-05 6.43662159e-04
1.14333803e-01 1.18037624e-04 6.68717453e-04
1.14754043e-01 1.47471735e-03 6.69587610e-04
1.15174282e-01 9.48990111e-04 6.63163158e-04
1.15594519e-01 1.04797448e-03 6.71366209e-04
1.16014756e-01 1.78157508e-03 6.74327354e-04
1.16434991e-01 1.32034094e-03 6.61775959e-04
1.16855225e-01 5.17934441e-04 6.54152101e-04
1.17275458e-01 -8.06896624e-04 6.74751056e-04
1.17695690e-01 -4.70043074e-05 6.57004697e-04
1.18115920e-01 7.10278127e-04 6.65883246e-04
1.18536149e-01 -3.79966000e-04 6.43968433e-04
1.18956378e-01 1.22108604e-03 6.76992300e-04
1.19376605e-01 -6.35935844e-04 6.50622034e-04
1.19796830e-01 1.13571331e-03 6.70260861e-04
1.20217055e-01 2.32700396e-04 6.65742171e-04
1.20637278e-01 -3.36357856e-04 6.39979937e-04
1.21057500e-01 3.15360103e-04 6.43513109e-04
1.21477721e-01 -1.55628977e-04 6.41972226e-04
1.21897941e-01 1.45161708e-04 6.65358281e-04
1.22318159e-01 -3.45053852e-04 6.52242834e-04
1.22738377e-01 3.13928727e-04 6.43593224e-04
1.23158593e-01 9.62165895e-04 6.27047448e-04
1.23578807e-01 1.23839592e-03 6.56070539e-04
1.23999021e-01 -2.27084708e-04 6.33581326e-04
1.24419233e-01 -3.19662213e-04 6.32590788e-04
1.24839444e-01 -3.37608884e-04 6.30603674e-04
1.25259654e-01 9.80502757e-04 6.56381672e-04
1.25679862e-01 4.24682479e-05 6.35397377e-04
1.26100070e-01 1.11667848e-03 6.43990962e-04
1.26520276e-01 3.77685391e-05 6.10964897e-04
1.26940480e-01 -9.09211547e-05 6.39498245e-04
1.27360684e-01 7.73451372e-04 6.22808628e-04
1.27780886e-01 9.72789972e-04 6.38173401e-04
1.28201087e-01 -1.01597736e-04 6.29537165e-04
1.28621286e-01 2.32938113e-04 5.99829774e-04
1.29041485e-01 2.89099638e-04 6.16682342e-04
1.29461682e-01 -1.04439163e-04 6.36186007e-04
1.29881877e-01 2.09693820e-04 6.19265294e-04
1.30302072e-01 6.51867901e-04 5.92728428e-04
1.30722265e-01 -3.14932790e-04 5.98854236e-04
1.31142456e-01 6.18305461e-04 6.24905996e-04
1.31562647e-01 5.57358834e-06 6.18755085e-04
1.31982836e-01 5.13366447e-04 6.14318233e-04
1.32403024e-01 1.04720956e-03 5.94285595e-04
1.32823210e-01 8.12119396e-04 5.99275531e-04
1.33243395e-01 5.91620719e-04 6.08068225e-04
1.33663579e-01 8.35328327e-04 6.13617561e-04
1.34083761e-01 2.20814339e-04 6.22061010e-04
1.34503942e-01 -1.49814498e-03 5.95145732e-04
1.34924122e-01 6.83643652e-04 5.91097599e-04
1.35344300e-01 4.84250064e-04 6.07301477e-04
1.35764477e-01 2.40258834e-04 6.17035100e-04
1.36184653e-01 -2.16618134e-04 5.91744811e-04
1.36604827e-01 -6.34009721e-07 5.94730429e-04
1.37025000e-01 4.61851743e-04 6.18572216e-04
1.37445171e-01 -2.55983204e-04 5.80000147e-04
1.37865341e-01 -6.94788168e-04 5.94477498e-04
1.38285510e-01 5.98752387e-04 6.04679710e-04
1.38705677e-01 -2.36256694e-04 5.84389662e-04
1.39125843e-01 -2.48330276e-05 5.82477798e-04
1.39546008e-01 3.19894010e-04 5.87374865e-04
1.39966171e-01 -3.75454891e-04 5.96826030e-04
1.40386333e-01 2.05211354e-04 5.79623925e-04
1.40806493e-01 2.54254438e-04 5.85400867e-04
1.41226652e-01 4.96480475e-04 5.69330969e-04
1.41646809e-01 -1.17384957e-03 5.67782904e-04
1.42066965e-01 -8.85130447e-04 5.78622976e-04
1.42487120e-01 -9.53104566e-04 5.81013685e-04
1.42907273e-01 3.15426677e-04 5.94563408e-04
1.43327425e-01 -4.22589028e-04 5.83234874e-04
1.43747575e-01 8.62453318e-04 5.71066321e-04
1.44167724e-01 -5.11747132e-04 5.67463354e-04
1.44587871e-01 -6.73488595e-04 5.71644217e-04
1.45008017e-01 3.75839484e-04 5.57323598e-04
1.45428162e-01 8.03633738e-05 5.93900839e-04
1.45848305e-01 -8.56970503e-04 5.54519597e-04
1.46268446e-01 -7.66808288e-04 5.71830363e-04
1.46688586e-01 3.67412959e-04 5.78763315e-04
1.47108725e-01 7.19191623e-04 5.96048236e-04
1.47528862e-01 7.12228707e-05 5.81217234e-04
1.47948998e-01 3.69661413e-04 5.84194573e-04
1.48369132e-01 1.08630603e-03 5.94452114e-04
1.48789265e-01 9.61273259e-04 5.96680198e-04
1.49209396e-01 3.03681607e-04 5.87933963e-04
1.49629525e-01 3.26589013e-04 5.84511531e-04
1.50049654e-01 2.67891186e-04 5.98591557e-04
1.50469780e-01 3.95880677e-04 5.81326931e-04
1.50889905e-01 1.92113370e-04 5.69154523e-04
1.51310029e-01 2.50016900e-04 5.93208409e-04
1.51730151e-01 3.07602381e-04 5.86594345e-04
1.52150272e-01 1.15262032e-03 5.80608498e-04
1.52570391e-01 1.05493931e-03 5.80296201e-04
1.52990508e-01 2.63131450e-04 5.82237280e-04
1.53410624e-01 8.28828800e-05 5.63132078e-04
1.53830738e-01 -6.25655168e-04 5.64550985e-04
1.54250851e-01 -8.94530769e-05 5.65275635e-04
1.54670963e-01 9.73056030e-04 5.71901170e-04
1.55091072e-01 8.93519909e-04 5.62521800e-04
1.55511180e-01 -4.89029415e-04 5.67571095e-04
1.55931287e-01 -3.74167628e-05 5.63114559e-04
1.56351392e-01 3.45997754e-04 5.64327530e-04
1.56771496e-01 -2.28420518e-04 5.74881718e-04
1.57191598e-01 3.46038956e-04 5.71178809e-04
1.57611698e-01 -2.68812732e-04 5.58911013e-04
1.58031797e-01 -9.10226382e-04 5.51580769e-04
1.58451894e-01 1.94773160e-04 5.43967531e-04
1.58871989e-01 -5.24938811e-04 5.48875568e-04
1.59292083e-01 3.96676986e-04 5.40231296e-04
1.59712176e-01 -1.45095373e-04 5.38428304e-04
1.60132266e-01 2.04379464e-04 5.48185903e-04
1.60552355e-01 5.17967066e-06 5.36865020e-04
1.60972443e-01 2.36670969e-04 5.36637515e-04
1.61392529e-01 8.14695813e-04 5.52232210e-04
1.61812613e-01 9.11032086e-06 5.51973888e-04
1.62232696e-01 2.97125645e-04 5.37045444e-04
1.62652777e-01 -4.29594772e-04 5.49001137e-04
1.63072856e-01 6.31428490e-04 5.43992155e-04
1.63492934e-01 7.86291302e-04 5.39121025e-04
1.63913010e-01 -1.24054245e-04 5.40537880e-04
1.64333084e-01 2.26055432e-04 5.27356027e-04
1.64753157e-01 -9.63713929e-04 5.24961854e-04
1.65173228e-01 -1.80735103e-04 5.41459733e-04
1.65593298e-01 5.80531444e-04 5.35418400e-04
1.66013366e-01 -3.24759423e-04 5.39794104e-04
1.66433432e-01 6.34730417e-04 5.36694032e-04
1.66853496e-01 1.14123692e-03 5.33736414e-04
1.67273559e-01 -3.72278072e-04 5.13438334e-04
1.67693620e-01 -1.87550417e-04 5.17205871e-04
1.68113680e-01 6.67035852e-04 5.18427352e-04
1.68533737e-01 1.07121304e-03 5.23795386e-04
1.68953793e-01 1.47499637e-04 5.21688453e-04
1.69373848e-01 -3.59604376e-05 5.22660117e-04
1.69793900e-01 5.37792157e-04 5.24322157e-04
1.70213951e-01 2.96223435e-04 5.19789069e-04
1.70634000e-01 8.35546971e-04 5.14115018e-04
1.71054048e-01 -6.25822560e-05 5.03266095e-04
1.71474094e-01 1.01671344e-04 5.01797496e-04
1.71894138e-01 7.45765581e-04 5.16281941e-04
1.72314180e-01 9.92101716e-05 5.12007988e-04
1.72734221e-01 2.82038865e-04 5.03858131e-04
1.73154259e-01 -4.42487771e-05 5.09986982e-04
1.73574297e-01 3.62325185e-04 5.21188495e-04
1.73994332e-01 -4.44596674e-04 5.15077628e-04
1.74414365e-01 5.11308483e-04 5.13767752e-04
1.74834397e-01 -2.42138205e-04 5.02022346e-04
1.75254427e-01 -6.57920443e-04 4.98755396e-04
1.75674456e-01 3.59482099e-04 4.99070564e-04
1.76094482e-01 1.31062367e-04 5.08385272e-04
1.76514507e-01 2.58040806e-04 5.09222692e-04
1.76934530e-01 8.18692056e-04 5.18519683e-04
1.77354551e-01 -8.58475803e-04 5.02078796e-04
1.77774571e-01 -3.74727174e-04 5.13116267e-04
1.78194588e-01 -3.58756846e-04 5.09214438e-04
1.78614604e-01 1.67745862e-04 5.23423820e-04
1.79034618e-01 4.14811145e-04 4.97536305e-04
1.79454631e-01 -2.42259406e-04 4.89067032e-04
1.79874641e-01 3.98543371e-04 4.97779199e-04
1.80294650e-01 -1.78790372e-04 4.87626753e-04
1.80714657e-01 -1.55680665e-05 4.90168597e-04
1.81134662e-01 1.28098114e-04 4.80296812e-04
1.81554665e-01 -5.13040196e-04 4.84839233e-04
1.81974666e-01 -3.10037996e-04 4.87623951e-04
1.82394666e-01 -1.16124262e-03 4.86391442e-04
1.82814663e-01 3.34422780e-04 4.98950614e-04
1.83234659e-01 6.97817049e-04 5.01404644e-04
1.83654653e-01 -1.34355547e-04 4.91899874e-04
1.84074646e-01 -8.87540321e-04 4.95890209e-04
1.84494636e-01 -5.15078893e-04 4.84436195e-04
1.84914624e-01 6.29186389e-04 4.90700724e-04
1.85334611e-01 1.24635893e-03 4.83271594e-04
1.85754596e-01 -7.13464445e-04 5.02830904e-04
1.86174579e-01 -6.62752241e-04 4.95175038e-04
1.86594560e-01 -3.61595826e-04 4.83332491e-04
1.87014539e-01 3.64817817e-04 4.90506210e-04
1.87434516e-01 -2.90794837e-04 4.77647308e-04
1.87854491e-01 -4.51585947e-04 4.81147446e-04
1.88274465e-01 3.43071614e-04 4.89581054e-04
1.88694437e-01 1.61363367e-04 4.87339726e-04
1.89114406e-01 5.61570462e-04 4.75588916e-04
1.89534374e-01 3.91850168e-04 4.76795742e-04
1.89954340e-01 -1.32284486e-04 4.75758685e-04
1.90374304e-01 -3.96154812e-04 4.70945691e-04
1.90794266e-01 -3.22710218e-04 4.69951461e-04
1.91214226e-01 -1.97068272e-04 4.68449153e-04
1.91634184e-01 3.25788648e-04 4.84821228e-04
1.92054141e-01 -5.91715984e-05 4.73273427e-04
1.92474095e-01 3.96881093e-05 4.67867277e-04
1.92894047e-01 -4.83358493e-04 4.71153165e-04
1.93313998e-01 2.78507043e-04 4.59458870e-04
1.93733946e-01 1.28133018e-04 4.64632701e-04
1.94153893e-01 2.07323223e-04 4.62500565e-04
1.94573838e-01 4.78646013e-04 4.69478940e-04
1.94993780e-01 1.24833209e-03 4.79976001e-04
1.95413721e-01 3.34483618e-04 4.91464120e-04
1.95833660e-01 -3.69077806e-04 4.67517861e-04
1.96253597e-01 9.58941469e-04 4.78781883e-04
1.96673531e-01 3.03466410e-04 4.75919679e-04
1.97093464e-01 4.89853257e-04 4.69269898e-04
1.97513395e-01 -2.00454963e-04 4.66569710e-04
1.97933324e-01 -3.48225288e-04 4.56708231e-04
1.98353251e-01 2.80004663e-04 4.57956034e-04
1.98773176e-01 3.34082318e-04 4.54288734e-04
1.99193099e-01 3.74491124e-04 4.59697965e-04
1.99613019e-01 1.64346675e-04 4.57189875e-04
2.00032938e-01 2.49292530e-04 4.66046852e-04
2.00452855e-01 -1.05705764e-03 4.61735581e-04
2.00872770e-01 -2.47510254e-04 4.63725473e-04
2.01292683e-01 -8.40141298e-04 4.55968612e-04
2.01712594e-01 -2.15533516e-04 4.57550458e-04
2.02132502e-01 2.03583873e-04 4.59805068e-04
2.02552409e-01 -2.76269798e-04 4.62018387e-04
2.02972314e-01 4.28366671e-05 4.56884748e-04
2.03392217e-01 3.58662890e-04 4.59594486e-04
2.03812117e-01 -2.21600122e-04 4.51044712e-04
2.04232016e-01 1.81599624e-04 4.59643836e-04
2.04651912e-01 5.31452173e-05 4.46819642e-04
2.05071807e-01 -2.88625213e-04 4.59176984e-04
2.05491699e-01 2.31311195e-04 4.59632883e-04
2.05911590e-01 5.38025517e-04 4.63272489e-04
2.06331478e-01 -4.85288058e-05 4.67162686e-04
2.06751364e-01 -5.16520466e-04 4.66023393e-04
2.07171248e-01 -7.52156766e-04 4.57263992e-04
2.07591130e-01 -9.11114687e-04 4.65319205e-04
2.08011010e-01 5.39833722e-04 4.63331390e-04
2.08430888e-01 -7.59044266e-05 4.59647566e-04
2.08850764e-01 3.92657051e-04 4.61154859e-04
2.09270637e-01 2.24521840e-04 4.68548488e-04
2.09690509e-01 -5.06047453e-04 4.60478965e-04
2.10110378e-01 -6.73012087e-05 4.57424835e-04
2.10530246e-01 -1.52041310e-04 4.58679873e-04
2.10950111e-01 -1.30981267e-04 4.61847893e-04
2.11369974e-01 3.92781464e-04 4.63673526e-04
2.11789835e-01 4.79659343e-04 4.54071422e-04
2.12209694e-01 -4.77861028e-04 4.58342928e-04
2.12629551e-01 3.97281015e-04 4.53184941e-04
2.13049405e-01 5.60531932e-04 4.61725266e-04
2.13469258e-01 6.65258332e-04 4.55785271e-04
2.13889108e-01 -2.88138983e-04 4.55337205e-04
2.14308956e-01 8.40189685e-04 4.60664989e-04
2.14728802e-01 -5.36278069e-04 4.46825768e-04
2.15148646e-01 5.26897565e-04 4.51516127e-04
2.15568487e-01 -1.37925571e-04 4.48657337e-04
2.15988327e-01 -2.11438364e-04 4.43903448e-04
2.16408164e-01 -8.08469858e-05 4.47628980e-04
2.16827999e-01 -3.33392090e-04 4.41308338e-04
2.17247832e-01 -4.23281885e-04 4.36812006e-04
2.17667663e-01 -6.22117086e-04 4.38105849e-04
2.18087492e-01 -4.37185261e-04 4.37136977e-04
2.18507318e-01 -1.49463974e-05 4.41760733e-04
2.18927142e-01 -3.14887237e-04 4.40155953e-04
2.19346964e-01 -2.74444750e-04 4.47471993e-04
2.19766784e-01 -1.85081143e-04 4.40702385e-04
2.20186602e-01 -4.61596329e-04 4.43227867e-04
2.20606417e-01 4.83054434e-04 4.31269994e-04
2.21026230e-01 1.41044862e-05 4.35355753e-04
2.21446041e-01 -1.74861573e-04 4.40917842e-04
2.21865850e-01 -3.40273860e-04 4.33198895e-04
2.22285656e-01 -2.44100151e-04 4.34461745e-04
2.22705461e-01 6.02613696e-05 4.28615701e-04
2.23125263e-01 7.68740367e-04 4.37938996e-04
2.23545063e-01 8.13740184e-04 4.33036477e-04
2.23964860e-01 2.60851620e-04 4.25456338e-04
2.24384655e-01 2.15947960e-04 4.34168753e-04
2.24804448e-01 -1.28231195e-04 4.29812001e-04
2.25224239e-01 1.76476316e-04 4.39010697e-04
2.25644028e-01 1.10199415e-04 4.28703485e-04
2.26063814e-01 8.88583830e-04 4.34641098e-04
2.26483598e-01 -3.67775644e-04 4.28463083e-04
2.26903379e-01 1.01981055e-03 4.35281112e-04
2.27323159e-01 -5.68967870e-05 4.22569132e-04
2.27742936e-01 3.32142777e-04 4.26472039e-04
2.28162711e-01 1.54154535e-04 4.27900293e-04
2.28582483e-01 -4.16979645e-05 4.36206299e-04
2.29002254e-01 1.04717371e-03 4.33776783e-04
2.29422022e-01 6.77430147e-05 4.29497606e-04
2.29841787e-01 2.03142156e-04 4.23850577e-04
2.30261550e-01 4.16874795e-04 4.18555838e-04
2.30681311e-01 -5.64848410e-05 4.18950682e-04
2.31101070e-01 -3.58206651e-04 4.19015260e-04
2.31520827e-01 -2.23309815e-05 4.21732660e-04
2.31940581e-01 -2.32050529e-04 4.21355800e-04
2.32360332e-01 6.34097365e-05 4.21752873e-04
2.32780082e-01 -1.02042720e-04 4.17410348e-04
2.33199829e-01 1.71771337e-04 4.15109222e-04
2.33619573e-01 6.49811531e-05 4.16330597e-04
2.34039316e-01 2.74908431e-04 4.21286471e-04
2.34459056e-01 7.68541702e-04 4.30669027e-04
2.34878793e-01 3.79270213e-04 4.24298498e-04
2.35298529e-01 -2.66980220e-04 4.18031414e-04
2.35718262e-01 -1.68558138e-04 4.28416160e-04
2.36137992e-01 4.73659243e-04 4.33215434e-04
2.36557720e-01 -1.19085154e-04 4.21092609e-04
2.36977446e-01 3.59201197e-04 4.27002503e-04
2.37397170e-01 -3.40579449e-04 4.22160069e-04
2.37816891e-01 3.10608015e-04 4.35456426e-04
2.38236609e-01 5.47181462e-04 4.29525514e-04
2.38656325e-01 1.84920302e-04 4.38470091e-04
2.39076039e-01 -3.54750481e-04 4.24903680e-04
2.39495751e-01 -2.92175692e-04 4.27124278e-04
2.39915460e-01 -4.57298875e-05 4.20519092e-04
2.40335166e-01 4.54703626e-04 4.29773301e-04
2.40754871e-01 -7.24196499e-05 4.30099265e-04
2.41174572e-01 -1.48204766e-04 4.21108386e-04
2.41594272e-01 -2.07217797e-04 4.13921553e-04
2.42013969e-01 -2.31713320e-04 4.09562209e-04
2.42433663e-01 1.89548596e-04 4.19428260e-04
2.42853355e-01 -5.09215362e-04 4.20276479e-04
2.43273045e-01 3.60020414e-04 4.17723788e-04
2.43692732e-01 -7.79443628e-09 4.07978620e-04
2.44112417e-01 -4.07671070e-05 4.08074829e-04
2.44532099e-01 -5.68653627e-04 4.18801366e-04
2.44951779e-01 3.08037625e-06 4.14588675e-04
2.45371457e-01 -5.97158440e-04 4.12940223e-04
2.45791131e-01 -4.71890547e-04 4.06097467e-04
2.46210804e-01 -2.37939881e-04 4.06963259e-04
2.46630474e-01 4.00993811e-04 4.24344346e-04
2.47050141e-01 5.19448896e-04 4.08273166e-04
2.47469806e-01 3.02664521e-04 4.02823083e-04
2.47889469e-01 -8.36476117e-05 4.06374581e-04
2.48309129e-01 -4.51624370e-06 4.03609346e-04
2.48728787e-01 -6.46313267e-05 4.00567072e-04
2.49148442e-01 2.68029142e-04 4.04381119e-04
2.49568094e-01 -4.38509848e-04 4.01928838e-04
2.49987744e-01 1.48329663e-04 4.00402039e-04
2.50407392e-01 -3.14557393e-05 3.95515821e-04
2.50827037e-01 4.14227526e-04 4.05852028e-04
2.51246679e-01 2.95862234e-04 3.96434036e-04
2.51666319e-01 4.59816330e-04 3.98554973e-04
2.52085957e-01 6.44221317e-05 3.96406424e-04
2.52505592e-01 -8.83350126e-04 4.02392324e-04
2.52925224e-01 5.85928459e-04 4.08884289e-04
2.53344854e-01 -6.81088562e-05 4.01777537e-04
2.53764481e-01 1.18188701e-03 3.97709009e-04
2.54184106e-01 1.77199908e-04 3.96657209e-04
2.54603728e-01 3.33045670e-04 3.89684104e-04
2.55023348e-01 2.28905874e-04 3.96204181e-04
2.55442965e-01 2.68856969e-04 3.99460533e-04
2.55862579e-01 -2.58370188e-04 3.91705883e-04
2.56282191e-01 6.32478644e-06 3.94633881e-04
2.56701800e-01 -2.26980301e-04 3.92259240e-04
2.57121407e-01 -3.12444701e-06 4.00560557e-04
2.57541011e-01 -1.81709462e-04 3.90384938e-04
2.57960613e-01 -1.85453718e-04 3.88466159e-04
2.58380212e-01 -7.69794996e-05 3.79905886e-04
2.58799808e-01 -1.79969093e-04 3.84332684e-04
2.59219402e-01 -1.14482243e-04 3.88373652e-04
2.59638994e-01 -1.11444849e-04 3.91051903e-04
2.60058582e-01 -6.03733739e-04 3.77778020e-04
2.60478168e-01 -5.09733813e-04 3.82064241e-04
2.60897752e-01 -2.55448405e-04 3.92104697e-04
2.61317332e-01 1.14998878e-05 3.90617332e-04
2.61736910e-01 -2.46076167e-04 3.84445386e-04
2.62156486e-01 -3.05859939e-04 3.78220314e-04
2.62576059e-01 3.48827058e-04 3.87410926e-04
2.62995629e-01 1.89431992e-04 3.84982710e-04
2.63415197e-01 2.77363686e-04 3.95746867e-04
2.63834762e-01 5.99968758e-04 3.98645564e-04
2.64254324e-01 1.48102799e-04 3.87703031e-04
2.64673884e-01 3.78608005e-04 3.90519169e-04
2.65093441e-01 2.02606667e-04 3.86439093e-04
2.65512995e-01 5.26358944e-04 3.90539851e-04
2.65932547e-01 -5.27587539e-04 3.84021393e-04
2.66352096e-01 -6.05971921e-05 3.87608231e-04
2.66771642e-01 1.83476415e-04 3.91046286e-04
2.67191186e-01 -1.59406290e-04 3.85526890e-04
2.67610727e-01 2.98977165e-04 3.83378622e-04
2.68030265e-01 -3.17742525e-04 3.87441164e-04
2.68449801e-01 1.06890608e-04 3.81837976e-04
2.68869333e-01 -9.18707675e-05 3.82466562e-04
2.69288864e-01 -1.91343624e-04 3.76021235e-04
2.69708391e-01 -6.41640501e-06 3.82783508e-04
2.70127916e-01 -2.60572515e-05 3.82543858e-04
2.70547438e-01 7.59910312e-05 3.77497511e-04
2.70966957e-01 7.43407144e-05 3.84466272e-04
2.71386474e-01 -1.96566811e-04 3.78760214e-04
2.71805988e-01 4.11389184e-04 3.78538343e-04
2.72225499e-01 1.23372540e-04 3.73257340e-04
2.72645008e-01 8.80754683e-04 3.76699131e-04
2.73064513e-01 -2.51409243e-04 3.80244766e-04
2.73484016e-01 5.80834547e-06 3.80897156e-04
2.73903517e-01 -1.69494671e-04 3.77594437e-04
2.74323014e-01 8.46018004e-04 3.76158064e-04
2.74742509e-01 2.40986844e-04 3.74756840e-04
2.75162001e-01 -6.09963881e-04 3.74321931e-04
2.75581490e-01 2.97140249e-05 3.77384286e-04
2.76000976e-01 5.99550112e-04 3.71616574e-04
2.76420460e-01 -1.66318378e-04 3.81125563e-04
2.76839941e-01 2.41231702e-04 3.75412931e-04
2.77259419e-01 -3.26759751e-04 3.73108298e-04
2.77678894e-01 -4.18306104e-04 3.59741166e-04
2.78098367e-01 2.55987933e-04 3.85701809e-04
2.78517837e-01 4.84563715e-06 3.73097305e-04
2.78937304e-01 -1.41805484e-04 3.76953895e-04
2.79356768e-01 6.41094576e-04 3.70456097e-04
2.79776229e-01 -5.38459467e-05 3.76319526e-04
2.80195688e-01 1.35527895e-04 3.71536912e-04
2.80615143e-01 2.35484449e-04 3.62739654e-04
2.81034596e-01 4.44869625e-04 3.74110118e-04
2.81454046e-01 -7.75567557e-05 3.63938823e-04
2.81873494e-01 7.62767862e-04 3.61514002e-04
2.82292938e-01 -6.12400159e-05 3.63830054e-04
2.82712380e-01 -1.77229299e-04 3.69447482e-04
2.83131819e-01 -3.75137518e-04 3.67589598e-04
2.83551254e-01 9.40201615e-05 3.62830480e-04
2.83970688e-01 6.16506022e-06 3.60470129e-04
2.84390118e-01 -4.85336983e-04 3.62229805e-04
2.84809545e-01 1.49334763e-05 3.61885031e-04
2.85228970e-01 6.00673894e-04 3.68996919e-04
2.85648391e-01 -8.51407391e-05 3.57185926e-04
2.86067810e-01 -5.76514726e-05 3.66065741e-04
2.86487226e-01 -1.01130168e-04 3.56746417e-04
2.86906639e-01 1.50630699e-04 3.65500173e-04
2.87326049e-01 -8.81781667e-05 3.62148282e-04
2.87745457e-01 2.36590064e-04 3.73639394e-04
2.88164861e-01 1.34070240e-04 3.62817659e-04
2.88584262e-01 -1.10485381e-04 3.60498822e-04
2.89003661e-01 -4.17956963e-04 3.56752581e-04
2.89423057e-01 -1.42048623e-04 3.54143272e-04
2.89842450e-01 4.10899708e-04 3.59945679e-04
2.90261839e-01 2.64222219e-04 3.56505217e-04
2.90681226e-01 -4.95734699e-05 3.51880930e-04
2.91100611e-01 5.06555981e-05 3.65841073e-04
2.91519992e-01 2.99347539e-04 3.62943540e-04
2.91939370e-01 -1.24207473e-04 3.60572761e-04
2.92358745e-01 4.64422157e-04 3.61961279e-04
2.92778118e-01 -4.77489512e-04 3.58886600e-04
2.93197487e-01 -7.48398387e-05 3.61435811e-04
2.93616853e-01 5.06957187e-04 3.65319469e-04
2.94036217e-01 2.84587517e-04 3.58674827e-04
2.94455578e-01 -5.79603875e-04 3.62332666e-04
2.94874935e-01 -1.44545386e-04 3.68409451e-04
2.95294290e-01 -5.88762152e-05 3.60352382e-04
2.95713642e-01 -6.30173456e-05 3.62843270e-04
2.96132990e-01 3.36763748e-04 3.68268378e-04
2.96552336e-01 -2.16707372e-04 3.70058512e-04
2.96971679e-01 -1.06745696e-05 3.62272387e-04
2.97391019e-01 -6.91833280e-04 3.61474793e-04
2.97810356e-01 -2.94875633e-05 3.66606600e-04
2.98229689e-01 4.43191052e-04 3.72004458e-04
2.98649020e-01 -1.61641036e-04 3.70603853e-04
2.99068348e-01 -2.09441325e-04 3.58289269e-04
2.99487673e-01 3.09420365e-04 3.64054998e-04
2.99906995e-01 5.69751311e-04 3.75382968e-04
3.00326314e-01 -5.56290295e-04 3.72604935e-04
3.00745629e-01 -3.14722218e-04 3.63735052e-04
3.01164942e-01 1.87169472e-04 3.71345141e-04
3.01584252e-01 -2.68525658e-04 3.60879959e-04
3.02003559e-01 1.90019559e-04 3.70877697e-04
3.02422863e-01 -5.26619031e-04 3.63157533e-04
3.02842163e-01 3.26404250e-04 3.67977909e-04
3.03261461e-01 -3.17526851e-04 3.70727742e-04
3.03680756e-01 -4.60717546e-05 3.69174141e-04
3.04100047e-01 -9.45392633e-05 3.71967148e-04
3.04519336e-01 6.15054354e-04 3.70763639e-04
3.04938621e-01 2.60985156e-04 3.63923617e-04
3.05357904e-01 -2.94707501e-04 3.63934439e-04
3.05777183e-01 -6.25114685e-04 3.58450492e-04
3.06196459e-01 -6.94992802e-04 3.62060364e-04
3.06615732e-01 -4.52611150e-04 3.66792328e-04
3.07035003e-01 3.97930485e-04 3.75737434e-04
3.07454270e-01 -7.99081151e-04 3.67598450e-04
3.07873534e-01 5.70529132e-05 3.54357834e-04
3.08292794e-01 -8.11106802e-05 3.63528558e-04
3.08712052e-01 -3.82227743e-04 3.63005045e-04
3.09131307e-01 8.84506624e-04 3.62624637e-04
3.09550559e-01 -1.06419281e-05 3.63559338e-04
3.09969807e-01 -8.46924291e-04 3.56568397e-04
3.10389052e-01 2.77067347e-04 3.66333998e-04
3.10808295e-01 2.33275304e-04 3.66212326e-04
3.11227534e-01 -4.42642141e-04 3.56611071e-04
3.11646770e-01 3.47202985e-04 3.64090649e-04
3.12066003e-01 -6.12365858e-04 3.54147079e-04
3.12485233e-01 1.87782661e-04 3.61173987e-04
3.12904459e-01 2.52009264e-04 3.60204683e-04
3.13323683e-01 -2.60051243e-04 3.60068879e-04
3.13742903e-01 7.76066296e-05 3.61001508e-04
3.14162120e-01 1.72333928e-04 3.70108646e-04
3.14581334e-01 -3.49631105e-04 3.59253381e-04
3.15000545e-01 5.68663409e-04 3.62058566e-04
3.15419753e-01 3.61531741e-04 3.61432597e-04
3.15838958e-01 3.11220422e-05 3.64678259e-04
3.16258159e-01 -1.64485427e-04 3.66233408e-04
3.16677357e-01 -3.75703141e-04 3.55996063e-04
3.17096552e-01 4.25498852e-05 3.64374642e-04
3.17515744e-01 1.15374703e-05 3.55989663e-04
3.17934933e-01 -2.66532403e-04 3.60528747e-04
3.18354118e-01 9.26129305e-05 3.64885937e-04
3.18773301e-01 -1.07016734e-04 3.57829628e-04
3.19192480e-01 -5.51411112e-04 3.60183697e-04
3.19611656e-01 -2.28240793e-04 3.61268331e-04
3.20030829e-01 -4.64134237e-05 3.53667432e-04
3.20449998e-01 5.19910665e-04 3.66286164e-04
3.20869164e-01 -6.59756557e-05 3.57775979e-04
3.21288328e-01 4.18161686e-04 3.72768201e-04
3.21707487e-01 2.03720702e-05 3.74622381e-04
3.22126644e-01 2.18388559e-04 3.62700640e-04
3.22545797e-01 2.15705381e-05 3.72811805e-04
3.22964948e-01 1.35084629e-04 3.74461233e-04
3.23384095e-01 -1.01498337e-03 3.74989209e-04
3.23803238e-01 1.75216930e-04 3.79475790e-04
3.24222379e-01 -3.33581968e-05 3.75444665e-04
3.24641516e-01 3.78608330e-04 3.84594969e-04
3.25060650e-01 1.26861797e-06 3.86942061e-04
3.25479781e-01 3.30896932e-04 3.86393798e-04
3.25898908e-01 1.88976028e-04 3.85283238e-04
3.26318032e-01 -5.03381639e-05 3.79153680e-04
3.26737153e-01 3.45895462e-04 3.90252530e-04
3.27156271e-01 2.34060519e-04 3.85492816e-04
3.27575385e-01 -6.40882537e-04 3.82464464e-04
3.27994496e-01 -1.39582327e-04 3.88549274e-04
3.28413604e-01 -8.03137986e-04 3.78889224e-04
3.28832708e-01 5.58978158e-04 3.90404564e-04
3.29251810e-01 8.37799684e-04 3.97234756e-04
3.29670907e-01 3.00189297e-04 4.02116765e-04
3.30090002e-01 5.70951851e-05 3.93597781e-04
3.30509093e-01 -2.33114760e-05 3.89484380e-04
3.30928181e-01 -6.34664651e-05 3.92775145e-04
3.31347266e-01 -6.86902420e-04 3.93621711e-04
3.31766347e-01 -2.49463013e-04 3.92130450e-04
3.32185425e-01 3.21550407e-04 3.99337424e-04
3.32604500e-01 -4.63223452e-04 3.96071347e-04
3.33023571e-01 -2.26898837e-04 4.05198560e-04
3.33442639e-01 -4.90685405e-04 4.02290632e-04
3.33861704e-01 1.99760549e-04 3.92400611e-04
3.34280765e-01 -2.98362484e-04 3.98367408e-04
3.34699823e-01 -5.43622747e-04 3.97362609e-04
3.35118878e-01 9.88078212e-05 3.98562009e-04
3.35537929e-01 -5.07585695e-04 3.94208451e-04
3.35956977e-01 -5.05074081e-04 3.99851745e-04
3.36376021e-01 -3.12548431e-04 4.03774992e-04
3.36795062e-01 -7.26066031e-04 3.99036224e-04
3.37214100e-01 2.23557757e-04 3.97330258e-04
3.37633135e-01 -1.76493146e-04 4.11392629e-04
3.38052166e-01 -2.44499985e-04 4.08270817e-04
3.38471193e-01 6.44448522e-04 4.02299839e-04
3.38890217e-01 1.14341422e-04 4.11638063e-04
3.39309238e-01 -1.82563715e-04 4.10058287e-04
3.39728256e-01 -4.41510215e-04 4.03166366e-04
3.40147270e-01 3.63728905e-04 4.15432999e-04
3.40566280e-01 -3.26833341e-04 4.16347800e-04
3.40985288e-01 5.29239126e-05 4.11890785e-04
3.41404291e-01 -2.48293071e-04 4.08100297e-04
3.41823292e-01 -8.63077946e-04 4.02410186e-04
3.42242289e-01 -1.52670071e-06 4.10607076e-04
3.42661282e-01 -2.88916365e-04 3.98479083e-04
3.43080272e-01 1.86323480e-04 4.05939969e-04
3.43499259e-01 3.63839262e-04 4.02099128e-04
3.43918242e-01 -4.27646432e-04 4.12685235e-04
3.44337222e-01 -7.69779935e-05 4.15414019e-04
3.44756198e-01 7.28744391e-04 4.17505768e-04
3.45175171e-01 -4.70036981e-04 4.18970173e-04
3.45594140e-01 -4.65227877e-04 4.16154962e-04
3.46013106e-01 3.83015077e-04 4.14915830e-04
3.46432069e-01 -6.84462191e-04 4.07467570e-04
3.46851028e-01 9.23887790e-05 4.23235450e-04
3.47269983e-01 3.06363970e-05 4.17222085e-04
3.47688935e-01 1.13656151e-04 4.20776741e-04
3.48107884e-01 -6.97854461e-04 4.17473368e-04
3.48526829e-01 1.57272827e-04 4.17785982e-04
3.48945770e-01 5.88315019e-04 4.20232106e-04
3.49364708e-01 4.39981588e-04 4.21686272e-04
3.49783643e-01 4.51896189e-06 4.24571699e-04
3.50202574e-01 6.33875844e-04 4.27576169e-04
3.50621502e-01 -7.05297587e-05 4.22607528e-04
3.51040426e-01 -4.78571362e-04 4.24434491e-04
3.51459346e-01 -1.88027876e-04 4.26283519e-04
3.51878263e-01 4.34107369e-04 4.30702386e-04
3.52297177e-01 -2.66181515e-04 4.30615453e-04
3.52716087e-01 -1.48489960e-05 4.35920716e-04
3.53134993e-01 -3.92745049e-04 4.23346473e-04
3.53553896e-01 -2.17121838e-04 4.27939115e-04
3.53972795e-01 -2.26908949e-04 4.30011020e-04
3.54391691e-01 -4.16601425e-04 4.27546541e-04
3.54810584e-01 9.50225126e-04 4.43285817e-04
3.55229472e-01 -3.14445389e-04 4.20917792e-04
3.55648357e-01 1.72643177e-05 4.19532219e-04
3.56067239e-01 3.03918111e-04 4.42228790e-04
3.56486117e-01 -2.17257556e-04 4.29490750e-04
3.56904991e-01 6.15146581e-04 4.37866931e-04
3.57323862e-01 2.27681300e-04 4.30067830e-04
3.57742730e-01 -2.40502154e-04 4.36935307e-04
3.58161593e-01 2.34190559e-04 4.28716734e-04
3.58580453e-01 -4.52250247e-04 4.25422544e-04
3.58999310e-01 7.08072108e-04 4.37843711e-04
3.59418163e-01 -2.79299018e-05 4.29524187e-04
3.59837012e-01 -6.56077863e-04 4.31626323e-04
3.60255858e-01 3.88352885e-04 4.30717165e-04
3.60674700e-01 -8.17235207e-05 4.42752461e-04
3.61093539e-01 1.54962379e-04 4.44233297e-04
3.61512374e-01 4.82641102e-05 4.32196776e-04
3.61931205e-01 -1.03108952e-04 4.39377404e-04
3.62350032e-01 3.01718093e-04 4.45322587e-04
3.62768857e-01 -4.80343672e-04 4.31174548e-04
3.63187677e-01 7.86564081e-05 4.39947009e-04
3.63606494e-01 1.09502018e-04 4.40986603e-04
3.64025307e-01 -2.90177661e-04 4.49588145e-04
3.64444116e-01 1.80028527e-04 4.41095643e-04
3.64862922e-01 -3.29056864e-04 4.40543021e-04
3.65281724e-01 6.95119175e-04 4.43738327e-04
3.65700523e-01 -7.50897225e-04 4.35380534e-04
3.66119318e-01 8.79899695e-04 4.39044719e-04
3.66538109e-01 9.56634121e-04 4.44742163e-04
3.66956896e-01 3.28014652e-06 4.46976345e-04
3.67375680e-01 -4.73183690e-05 4.43966221e-04
3.67794460e-01 6.15231391e-04 4.49547953e-04
3.68213237e-01 -5.62016450e-04 4.49077989e-04
3.68632010e-01 -6.68367429e-04 4.43677232e-04
3.69050779e-01 2.28524609e-04 4.47021499e-04
3.69469544e-01 1.02901041e-03 4.41424058e-04
3.69888306e-01 -2.08740027e-04 4.39455684e-04
3.70307064e-01 -2.61752376e-04 4.54508622e-04
3.70725818e-01 -7.05355747e-04 4.48670639e-04
3.71144569e-01 -7.78290113e-04 4.40603610e-04
3.71563316e-01 -3.75855315e-04 4.38217168e-04
3.71982059e-01 -2.91804660e-04 4.47549022e-04
3.72400798e-01 2.57775356e-04 4.54969106e-04
3.72819534e-01 -9.56353903e-04 4.41200923e-04
3.73238266e-01 -5.55159830e-04 4.58138860e-04
3.73656994e-01 6.36939497e-04 4.52584116e-04
3.74075719e-01 -5.10884132e-04 4.65677768e-04
3.74494439e-01 -4.77796920e-04 4.52676729e-04
3.74913156e-01 2.09381648e-04 4.51287182e-04
3.75331870e-01 -6.94114220e-04 4.55167397e-04
3.75750579e-01 -2.35825392e-04 4.48115614e-04
3.76169285e-01 1.43028012e-04 4.64642545e-04
3.76587987e-01 2.59952677e-04 4.65819099e-04
3.77006685e-01 1.03055936e-03 4.73225856e-04
3.77425380e-01 4.12365546e-05 4.64699184e-04
3.77844070e-01 -7.00738703e-04 4.61971767e-04
3.78262757e-01 3.94996570e-04 4.63639924e-04
3.78681440e-01 4.40246435e-04 4.60885086e-04
3.79100119e-01 -2.94738733e-04 4.59040343e-04
3.79518795e-01 4.71150135e-04 4.64340003e-04
3.79937467e-01 1.09206281e-03 4.53400130e-04
3.80356135e-01 7.75014108e-04 4.64968404e-04
3.80774799e-01 5.57936737e-04 4.57363155e-04
3.81193459e-01 1.99567934e-04 4.63328896e-04
3.81612115e-01 -6.50983605e-05 4.63100012e-04
3.82030768e-01 7.52909917e-04 4.71838371e-04
3.82449417e-01 3.04955296e-04 4.53991062e-04
3.82868062e-01 3.61842923e-04 4.60159903e-04
3.83286703e-01 -5.31827413e-04 4.68471850e-04
3.83705340e-01 4.57394873e-04 4.81724465e-04
3.84123974e-01 4.02266067e-04 4.83279404e-04
3.84542604e-01 -3.96441240e-04 4.88060806e-04
3.84961229e-01 -3.67960064e-04 4.95075461e-04
3.85379851e-01 7.54630378e-04 4.85128437e-04
3.85798469e-01 8.41803574e-04 4.99550439e-04
3.86217084e-01 2.79751098e-04 5.00937316e-04
3.86635694e-01 6.63003453e-04 5.02396405e-04
3.87054301e-01 1.64130596e-04 5.04255364e-04
3.87472903e-01 2.10623225e-04 4.99627928e-04
3.87891502e-01 9.19498260e-04 4.97552135e-04
3.88310097e-01 -2.43207527e-04 5.16598092e-04
3.88728688e-01 -6.02061667e-04 4.89872351e-04
3.89147275e-01 8.59265215e-05 5.06622561e-04
3.89565858e-01 2.28200669e-05 5.04048628e-04
3.89984437e-01 2.54537114e-05 5.07673475e-04
3.90403013e-01 -1.01316173e-03 5.07292631e-04
3.90821584e-01 6.94078956e-04 5.15621889e-04
3.91240152e-01 -7.61945664e-06 5.13205928e-04
3.91658716e-01 -6.93318938e-04 5.13012529e-04
3.92077275e-01 2.89776983e-05 5.32868814e-04
3.92495831e-01 -1.72018078e-04 5.23086235e-04
3.92914383e-01 6.86710479e-05 5.32044003e-04
3.93332931e-01 8.33500603e-04 5.32718841e-04
3.93751475e-01 5.34320449e-04 5.23929507e-04
3.94170015e-01 -8.37016480e-04 5.48127090e-04
3.94588552e-01 -3.74492063e-04 5.37670291e-04
3.95007084e-01 -8.90867661e-05 5.31950450e-04
3.95425612e-01 9.63713047e-05 5.41796069e-04
3.95844136e-01 6.75962927e-04 5.58975830e-04
3.96262657e-01 -9.17535396e-04 5.43140678e-04
3.96681173e-01 -2.26801941e-04 5.39589756e-04
3.97099686e-01 -3.39146859e-04 5.43536638e-04
3.97518194e-01 -3.80073383e-04 5.61189320e-04
3.97936698e-01 2.14201784e-04 5.35770605e-04
3.98355199e-01 2.03084880e-05 5.49341358e-04
3.98773695e-01 1.64167440e-04 5.43864564e-04
3.99192188e-01 -6.03054087e-04 5.56901545e-04
3.99610677e-01 7.73747673e-04 5.68496318e-04
4.00029161e-01 3.58285600e-04 5.58242741e-04
4.00447642e-01 -1.58772037e-04 5.61857073e-04
4.00866118e-01 3.52514187e-04 5.68926807e-04
4.01284591e-01 1.05032134e-03 5.73780252e-04
4.01703059e-01 3.74566045e-04 5.64594242e-04
4.02121524e-01 -7.83799466e-04 5.76489924e-04
4.02539984e-01 -6.81037934e-04 5.64268050e-04
4.02958441e-01 7.62406222e-05 5.65341650e-04
4.03376893e-01 -1.39467155e-03 5.52389070e-04
4.03795341e-01 -1.52101751e-03 5.71953848e-04
4.04213786e-01 8.69814424e-05 5.73236670e-04
4.04632226e-01 2.84627523e-04 5.76384296e-04
4.05050662e-01 -5.19923141e-04 5.69488121e-04
4.05469095e-01 5.09422127e-04 5.79630992e-04
4.05887523e-01 -4.51575083e-04 5.88741996e-04
4.06305947e-01 3.13159492e-04 6.12081438e-04
4.06724367e-01 -1.41089626e-03 5.70469166e-04
4.07142783e-01 7.11029849e-05 5.67145780e-04
4.07561195e-01 -5.00586491e-04 5.92299269e-04
4.07979603e-01 -1.08338392e-03 5.82647189e-04
4.08398006e-01 -3.86932079e-04 5.99946677e-04
4.08816406e-01 7.87570929e-04 6.21724448e-04
4.09234802e-01 -1.05759423e-05 6.16800807e-04
4.09653193e-01 1.43371692e-05 6.19542693e-04
4.10071580e-01 1.03679780e-03 5.84370119e-04
4.10489964e-01 2.61620881e-06 6.00784074e-04
4.10908343e-01 -7.25844883e-05 6.00974131e-04
4.11326718e-01 -6.27802355e-04 6.07021022e-04
4.11745089e-01 7.33150179e-04 6.33084050e-04
4.12163456e-01 4.17722911e-04 6.40128841e-04
4.12581819e-01 -2.17873893e-04 6.58293080e-04
4.13000177e-01 -6.99949379e-05 6.17884815e-04
4.13418532e-01 1.93620152e-04 6.67905639e-04
4.13836882e-01 -5.50400714e-04 6.14224974e-04
4.14255228e-01 4.42497494e-05 6.48343143e-04
4.14673570e-01 1.35695448e-03 6.50585143e-04
4.15091908e-01 8.20284621e-05 6.50307278e-04
4.15510242e-01 -5.17804759e-04 6.39583963e-04
4.15928572e-01 -5.44945859e-04 6.57905071e-04
4.16346897e-01 3.37146098e-04 6.62165769e-04
4.16765218e-01 2.23593885e-04 6.53872225e-04
4.17183536e-01 1.38214869e-03 6.56529372e-04
4.17601849e-01 1.74252116e-03 6.88111798e-04
4.18020157e-01 -4.77634003e-04 6.81883917e-04
4.18438462e-01 -2.92524119e-05 6.82455886e-04
4.18856762e-01 -4.01349961e-04 6.58598287e-04
4.19275059e-01 5.24235393e-05 6.71973934e-04
4.19693351e-01 7.76747957e-04 7.17761327e-04
4.20111639e-01 8.69590616e-05 6.84224624e-04
4.20529922e-01 -6.55705819e-04 6.92859572e-04
4.20948202e-01 -2.71814667e-04 6.61596286e-04
4.21366477e-01 -6.89383938e-04 6.80681320e-04
4.21784748e-01 9.26779435e-04 6.97218469e-04
4.22203015e-01 1.35994854e-03 6.63682618e-04
4.22621278e-01 9.43761397e-04 6.98253815e-04
4.23039536e-01 2.12531131e-04 7.01633362e-04
4.23457790e-01 -4.97969531e-04 7.12889056e-04
4.23876040e-01 -2.06147464e-04 7.05848069e-04
4.24294286e-01 5.11952171e-06 6.69017461e-04
4.24712527e-01 1.23793991e-03 7.11209310e-04
4.25130765e-01 2.77042260e-04 7.16130751e-04
4.25548998e-01 -3.62528192e-04 7.28923904e-04
4.25967226e-01 5.14947251e-05 7.00604804e-04
4.26385451e-01 -4.72599159e-04 7.12595805e-04
4.26803671e-01 9.11083528e-04 7.23376044e-04
4.27221887e-01 -1.03119814e-03 7.00747680e-04
4.27640099e-01 -9.39904520e-04 7.57703189e-04
4.28058306e-01 -6.24604883e-04 7.54470499e-04
4.28476509e-01 -4.95127062e-04 7.34375968e-04
4.28894708e-01 -1.02685698e-03 7.42607218e-04
4.29312903e-01 -1.14787455e-03 7.29853602e-04
4.29731093e-01 -4.89200924e-04 7.65504844e-04
4.30149279e-01 -7.48075724e-04 7.58012846e-04
4.30567460e-01 4.34617560e-04 8.18187775e-04
4.30985638e-01 6.56836811e-04 7.90910204e-04
4.31403811e-01 -5.90500861e-04 8.15846375e-04
4.31821980e-01 9.25321743e-04 8.28094527e-04
4.32240144e-01 -7.80513172e-04 7.80532336e-04
4.32658304e-01 -8.27379789e-04 7.58708397e-04
4.33076460e-01 -4.43996686e-04 8.07777133e-04
4.33494612e-01 -6.94870038e-04 8.97754106e-04
4.33912759e-01 -1.89733923e-04 8.76732637e-04
4.34330902e-01 -8.70762177e-04 9.79168673e-04
4.34749040e-01 1.14681341e-03 1.19739512e-03
4.35167174e-01 -6.53830378e-04 1.22691611e-03
4.35585304e-01 7.40020246e-04 1.19757332e-03
4.36003430e-01 3.35917914e-04 1.23153947e-03
4.36421551e-01 -1.00355089e-03 1.23128693e-03
4.36839667e-01 -5.36105480e-04 1.48183665e-03
4.37257780e-01 3.02443249e-03 0.00000000e+00
