6.30595362e-03 -1.46027766e-02 4.44072104e-02
6.72635018e-03 1.58849201e-03 1.36953763e-02
7.14674667e-03 2.89493678e-04 6.92372630e-03
7.56714308e-03 -4.89769556e-03 5.43014341e-03
7.98753943e-03 -3.97341942e-03 4.50423974e-03
8.40793569e-03 -4.07885485e-03 3.93760868e-03
8.82833186e-03 -1.67231464e-05 3.58301638e-03
9.24872795e-03 -5.25276817e-03 3.42822402e-03
9.66912395e-03 -5.40661749e-03 3.18992118e-03
1.00895198e-02 3.89840448e-04 3.01349580e-03
1.05099156e-02 -2.26622410e-03 2.61399788e-03
1.09303113e-02 -2.25510226e-03 2.70968518e-03
1.13507069e-02 -2.60072466e-03 2.50694702e-03
1.17711024e-02 -1.27528462e-03 2.46472724e-03
1.21914977e-02 2.64488630e-03 2.47323617e-03
1.26118929e-02 -4.40247406e-03 2.16841591e-03
1.30322880e-02 3.49229994e-03 2.14796873e-03
1.34526830e-02 -1.23638940e-03 2.19844864e-03
1.38730778e-02 4.99128094e-03 2.09741888e-03
1.42934725e-02 -6.51543308e-04 2.04123814e-03
1.47138671e-02 -6.20541169e-05 1.83922071e-03
1.51342615e-02 1.58589492e-03 1.70189588e-03
1.55546557e-02 -1.34885497e-03 1.68991115e-03
1.59750498e-02 -1.20156266e-04 1.73656949e-03
1.63954437e-02 3.37929440e-03 1.91128645e-03
1.68158375e-02 -3.38946063e-04 1.67524325e-03
1.72362311e-02 4.10081800e-03 1.78514862e-03
1.76566245e-02 4.78270311e-04 1.84606272e-03
1.80770178e-02 2.13158793e-04 1.74680545e-03
1.84974108e-02 1.47415537e-03 1.72492870e-03
1.89178037e-02 1.44022719e-03 1.54150300e-03
1.93381964e-02 -5.46054409e-04 1.68048848e-03
1.97585889e-02 1.07823675e-03 1.44040704e-03
2.01789812e-02 1.95658246e-03 1.52242709e-03
2.05993732e-02 2.10332975e-03 1.55603776e-03
2.10197651e-02 1.74093344e-03 1.48825969e-03
2.14401568e-02 -2.02275141e-03 1.31276131e-03
2.18605482e-02 -1.01471937e-03 1.42546462e-03
2.22809395e-02 5.46302103e-04 1.36610290e-03
2.27013305e-02 -1.18659881e-03 1.42221994e-03
2.31217212e-02 2.46855314e-03 1.47323858e-03
2.35421118e-02 -1.04603322e-03 1.35037116e-03
2.39625021e-02 1.05177185e-03 1.38299832e-03
2.43828922e-02 6.47597541e-04 1.35814820e-03
2.48032820e-02 -5.69984100e-04 1.36478730e-03
2.52236716e-02 2.01915747e-03 1.36368533e-03
2.56440609e-02 -1.07537505e-03 1.31882061e-03
2.60644499e-02 -1.21304671e-03 1.29935565e-03
2.64848387e-02 -2.13564775e-03 1.34918437e-03
2.69052273e-02 7.53375857e-04 1.42470978e-03
2.73256155e-02 2.28142240e-05 1.28996246e-03
2.77460035e-02 2.56076142e-03 1.36933204e-03
2.81663912e-02 -4.73452894e-04 1.34637733e-03
2.85867786e-02 -4.98950599e-04 1.36866048e-03
2.90071658e-02 -3.94605108e-05 1.29563355e-03
2.94275526e-02 -2.33682119e-03 1.30897409e-03
2.98479391e-02 -2.97436883e-03 1.30262675e-03
3.02683254e-02 -1.86293814e-05 1.32802188e-03
3.06887113e-02 1.54203952e-03 1.32570219e-03
3.11090970e-02 -5.25050944e-05 1.30830381e-03
3.15294823e-02 -3.24156617e-04 1.35174217e-03
3.19498673e-02 1.37851427e-04 1.32689560e-03
3.23702519e-02 4.67352072e-04 1.24144509e-03
3.27906363e-02 4.24556826e-04 1.39214401e-03
3.32110203e-02 -1.02320464e-03 1.24526783e-03
3.36314040e-02 -3.10102306e-04 1.22337592e-03
3.40517873e-02 9.80040529e-04 1.21902886e-03
3.44721703e-02 -9.29840481e-04 1.21412705e-03
3.48925530e-02 1.00049298e-03 1.26390200e-03
3.53129353e-02 -9.15149130e-05 1.21680137e-03
3.57333173e-02 -2.00879515e-03 1.20917230e-03
3.61536988e-02 -7.50648903e-04 1.13656241e-03
3.65740801e-02 9.33447779e-04 1.15502277e-03
3.69944609e-02 1.85833208e-03 1.13863898e-03
3.74148414e-02 1.75456132e-03 1.14613370e-03
3.78352215e-02 1.14686376e-03 1.09290608e-03
3.82556012e-02 -7.46722377e-04 1.14538656e-03
3.86759806e-02 1.51621667e-03 1.07636350e-03
3.90963595e-02 8.79289334e-04 1.07509034e-03
3.95167381e-02 3.86813881e-04 1.06311878e-03
3.99371163e-02 1.98493976e-04 1.13325500e-03
4.03574940e-02 3.78771226e-04 1.07620363e-03
4.07778714e-02 -8.56283265e-05 1.05955219e-03
4.11982483e-02 -2.72270963e-04 1.01748894e-03
4.16186248e-02 9.52929671e-04 1.07139478e-03
4.20390009e-02 9.12373985e-04 1.06677737e-03
4.24593766e-02 -1.79219317e-03 1.06867172e-03
4.28797519e-02 4.19386001e-04 1.02869952e-03
4.33001267e-02 -8.33160428e-04 9.84932871e-04
4.37205011e-02 7.39806831e-04 9.90132769e-04
4.41408750e-02 7.07759947e-05 9.79508271e-04
4.45612485e-02 -1.28858960e-06 1.00140130e-03
4.49816216e-02 6.53171683e-04 9.99870083e-04
4.54019942e-02 -4.20824390e-04 1.01048920e-03
4.58223663e-02 2.22619089e-03 1.06148001e-03
4.62427380e-02 6.83013624e-04 1.01530872e-03
4.66631092e-02 -5.32670363e-04 9.80050204e-04
4.70834800e-02 -3.79683723e-04 9.89695638e-04
4.75038502e-02 1.96561807e-03 9.99748772e-04
4.79242200e-02 1.79534933e-04 9.64680899e-04
4.83445894e-02 6.98536914e-04 9.32017390e-04
4.87649582e-02 6.18431800e-04 9.57583461e-04
4.91853265e-02 -1.96730970e-04 9.40886940e-04
4.96056943e-02 6.93325220e-04 9.52653355e-04
5.00260617e-02 6.87419750e-04 9.51243222e-04
5.04464285e-02 -1.67712959e-03 8.94851019e-04
5.08667948e-02 2.35862443e-04 9.80531905e-04
5.12871607e-02 -2.06212371e-03 9.53503160e-04
5.17075260e-02 -9.49158094e-04 9.32768454e-04
5.21278907e-02 6.56257666e-05 9.25750891e-04
5.25482550e-02 -2.59955127e-04 9.15271788e-04
5.29686187e-02 -1.43923822e-03 9.20299183e-04
5.33889819e-02 3.99696025e-04 9.24947066e-04
5.38093445e-02 -1.26100477e-03 8.86491946e-04
5.42297066e-02 -1.67006782e-04 9.03235700e-04
5.46500682e-02 -3.60270347e-06 9.19707538e-04
5.50704292e-02 -1.47677865e-03 8.94823181e-04
5.54907897e-02 1.80176590e-03 8.64168558e-04
5.59111496e-02 -6.02387683e-04 8.89616921e-04
5.63315089e-02 7.99268045e-06 9.39460381e-04
5.67518677e-02 2.04286567e-03 9.48852933e-04
5.71722259e-02 4.79385664e-04 9.20362132e-04
5.75925835e-02 1.96650356e-03 9.82461299e-04
5.80129405e-02 -2.55702746e-04 9.49658417e-04
5.84332970e-02 8.53654505e-04 9.14449475e-04
5.88536529e-02 3.80820937e-04 9.53571373e-04
5.92740081e-02 2.58065200e-04 9.39933517e-04
5.96943628e-02 9.51363498e-04 9.47424229e-04
6.01147169e-02 -7.31717290e-04 9.30257555e-04
6.05350704e-02 -4.70248764e-04 8.82886422e-04
6.09554232e-02 -2.00265931e-03 9.17229741e-04
6.13757755e-02 -6.74767405e-04 8.98251972e-04
6.17961271e-02 1.15545979e-03 8.99025808e-04
6.22164781e-02 1.99196023e-03 9.12157599e-04
6.26368285e-02 8.91378138e-05 9.31122231e-04
6.30571783e-02 2.79172042e-05 8.67735517e-04
6.34775274e-02 7.88212296e-04 8.90360653e-04
6.38978758e-02 3.81447509e-04 8.96931237e-04
6.43182237e-02 6.07764923e-04 8.56099498e-04
6.47385709e-02 5.45529323e-04 8.48431930e-04
6.51589174e-02 3.35173820e-04 9.07081046e-04
6.55792633e-02 -5.10775273e-04 8.83940967e-04
6.59996085e-02 4.78725560e-04 8.74281440e-04
6.64199530e-02 -1.70618448e-04 8.85328231e-04
6.68402969e-02 2.80495269e-04 8.31751564e-04
6.72606401e-02 1.16642813e-03 8.61125603e-04
6.76809827e-02 -4.43401029e-04 8.13001059e-04
6.81013245e-02 -1.87471356e-04 8.59206384e-04
6.85216657e-02 2.49235349e-04 8.53812759e-04
6.89420062e-02 -6.88187539e-04 8.23839711e-04
6.93623459e-02 -1.01171463e-03 7.98117723e-04
6.97826850e-02 8.96460729e-04 8.32251562e-04
7.02030234e-02 2.10347378e-03 8.56655300e-04
7.06233611e-02 7.10027808e-04 8.00523198e-04
7.10436980e-02 -8.26564556e-05 8.17393027e-04
7.14640343e-02 -9.39518740e-04 7.82657411e-04
7.18843698e-02 -7.46356590e-04 8.00148665e-04
7.23047046e-02 -1.51364252e-03 8.19208412e-04
7.27250387e-02 7.70483211e-04 8.17809118e-04
7.31453720e-02 2.60565916e-04 8.10970929e-04
7.35657046e-02 9.42726356e-04 8.11275864e-04
7.39860365e-02 -3.03572874e-04 7.89151675e-04
7.44063676e-02 2.77706706e-05 7.89586625e-04
7.48266980e-02 -1.04628064e-04 7.60262619e-04
7.52470276e-02 -1.27352813e-04 7.91005001e-04
7.56673565e-02 1.55618844e-03 7.94461873e-04
7.60876846e-02 -5.15987456e-04 7.74580488e-04
7.65080119e-02 1.61771532e-03 8.28843732e-04
7.69283384e-02 -3.65879018e-04 8.01868634e-04
7.73486642e-02 6.94187887e-04 7.76370281e-04
7.77689892e-02 1.64679697e-03 7.83012789e-04
7.81893135e-02 9.80683944e-04 7.99748649e-04
7.86096369e-02 5.50286287e-04 7.64229189e-04
7.90299595e-02 8.92521115e-04 7.57730906e-04
7.94502814e-02 1.45195700e-03 7.74393151e-04
7.98706024e-02 3.38257340e-04 7.69170956e-04
8.02909227e-02 -3.21360944e-04 7.58581207e-04
8.07112421e-02 5.62643692e-04 7.55476350e-04
8.11315607e-02 -1.12896842e-03 7.49748147e-04
8.15518785e-02 8.53501233e-04 7.31980406e-04
8.19721955e-02 5.92280757e-04 7.22213396e-04
8.23925117e-02 -1.74545694e-03 7.16713473e-04
8.28128270e-02 1.24258321e-05 7.10873576e-04
8.32331415e-02 2.87889571e-04 7.49528095e-04
8.36534552e-02 1.01590901e-03 7.87634878e-04
8.40737680e-02 2.09063586e-04 7.07219606e-04
8.44940800e-02 1.45579786e-03 7.61008178e-04
8.49143911e-02 4.52685575e-04 7.47439350e-04
8.53347013e-02 3.61372849e-04 7.18572902e-04
8.57550107e-02 6.15238477e-04 7.53064159e-04
8.61753193e-02 -4.25316303e-04 7.43483926e-04
8.65956270e-02 1.61534641e-04 7.58047679e-04
8.70159338e-02 -3.88079073e-04 7.37612797e-04
8.74362397e-02 3.78044106e-04 7.39422427e-04
8.78565447e-02 2.17541258e-03 7.26394820e-04
8.82768489e-02 5.79959210e-04 7.29826942e-04
8.86971522e-02 -5.32036346e-04 7.13444394e-04
8.91174545e-02 5.80730866e-05 7.34494509e-04
8.95377560e-02 -6.86101055e-04 7.18038351e-04
8.99580566e-02 -1.32448956e-04 7.08530831e-04
9.03783563e-02 3.97534230e-04 7.18056271e-04
9.07986550e-02 2.87520918e-04 7.08960621e-04
9.12189529e-02 -3.33335528e-04 6.74172409e-04
9.16392498e-02 -1.29320771e-03 6.98926022e-04
9.20595458e-02 4.85756567e-04 6.90636897e-04
9.24798409e-02 3.33278285e-05 7.18317214e-04
9.29001350e-02 6.85574090e-04 7.16437660e-04
9.33204283e-02 9.62679651e-04 7.17661656e-04
9.37407205e-02 3.52998095e-04 7.06812064e-04
9.41610119e-02 3.91011228e-04 7.32622217e-04
9.45813022e-02 5.32895326e-04 7.23164361e-04
9.50015917e-02 -7.16003313e-04 7.03144777e-04
9.54218802e-02 -7.83488929e-04 7.01299687e-04
9.58421677e-02 1.18724963e-03 7.31996335e-04
9.62624542e-02 -8.35641111e-05 6.97321243e-04
9.66827398e-02 6.64334785e-04 7.27276144e-04
9.71030244e-02 3.04811086e-04 6.97784787e-04
9.75233080e-02 4.21344880e-04 6.99505054e-04
9.79435907e-02 -4.04749782e-04 6.85331776e-04
9.83638723e-02 1.88972538e-04 7.06637167e-04
9.87841530e-02 -3.06288058e-04 6.88647421e-04
9.92044327e-02 -8.61587275e-04 6.73131853e-04
9.96247114e-02 7.81370278e-05 7.04774306e-04
1.00044989e-01 -8.69728634e-05 6.90671929e-04
1.00465266e-01 -5.61458725e-04 6.81511625e-04
1.00885541e-01 -3.38580847e-04 6.72542007e-04
1.01305816e-01 2.00716200e-04 6.88060116e-04
1.01726090e-01 -6.13255291e-04 6.78324104e-04
1.02146362e-01 -4.45128745e-04 6.69133879e-04
1.02566634e-01 6.73383594e-04 6.76091620e-04
1.02986904e-01 -8.55813374e-04 6.60997093e-04
1.03407174e-01 6.09845718e-04 6.78584997e-04
1.03827442e-01 5.56168605e-04 6.68870806e-04
1.04247710e-01 2.40803663e-04 6.57334428e-04
1.04667976e-01 -4.11947502e-04 6.84595706e-04
1.05088241e-01 -1.77997656e-04 6.67813706e-04
1.05508506e-01 -1.09326287e-03 6.57897227e-04
1.05928769e-01 -6.05482044e-04 6.76329075e-04
1.06349031e-01 5.94923720e-05 6.70461162e-04
1.06769292e-01 2.62517808e-04 6.66847294e-04
1.07189552e-01 -9.65474282e-04 6.54822187e-04
1.07609811e-01 -6.80219885e-04 6.36689123e-04
1.08030069e-01 1.65256884e-04 6.48034151e-04
1.08450325e-01 2.01695544e-05 6.36055066e-04
1.08870581e-01 5.19077944e-04 6.63475379e-04
1.09290836e-01 5.84858407e-04 6.47588197e-04
1.09711089e-01 3.61476138e-04 6.52381605e-04
1.10131341e-01 9.36184696e-04 6.37886710e-04
1.10551592e-01 5.59992189e-04 6.42677526e-04
1.10971843e-01 3.46628339e-04 6.45433168e-04
1.11392092e-01 -1.07309399e-03 6.26707251e-04
1.11812339e-01 -4.45639402e-04 6.36169732e-04
1.12232586e-01 -5.81145464e-04 6.12592885e-04
1.12652832e-01 7.80016597e-05 6.28159166e-04
1.13073076e-01 -9.04730231e-05 6.52344028e-04
1.13493320e-01 -7.62528520e-04 6.39623093e-04
1.13913562e-01 4.02873123e-04 6.48241757e-04
1.14333803e-01 4.74272682e-05 6.72486573e-04
1.14754043e-01 -4.58946387e-04 6.64232900e-04
1.15174282e-01 3.64793542e-06 6.58173493e-04
1.15594519e-01 -3.67125617e-04 6.66717602e-04
1.16014756e-01 -4.66812298e-04 6.53080973e-04
1.16434991e-01 -3.53858335e-04 6.64781327e-04
1.16855225e-01 2.95094836e-05 6.59325957e-04
1.17275458e-01 -6.13695122e-04 6.32935126e-04
1.17695690e-01 -4.95744104e-05 6.57930393e-04
1.18115920e-01 -4.11024358e-04 6.60159208e-04
1.18536149e-01 -1.46615284e-04 6.68948149e-04
1.18956378e-01 -1.00411724e-03 6.51387126e-04
1.19376605e-01 9.21575533e-04 6.54780402e-04
1.19796830e-01 1.64990316e-04 6.51092216e-04
1.20217055e-01 4.47055750e-05 6.56201009e-04
1.20637278e-01 -5.22969004e-04 6.40650124e-04
1.21057500e-01 2.47735834e-04 6.70181907e-04
1.21477721e-01 1.83883889e-04 6.50186003e-04
1.21897941e-01 1.07912985e-04 6.59235501e-04
1.22318159e-01 -9.12826881e-04 6.26642730e-04
1.22738377e-01 -4.29985208e-04 6.55968116e-04
1.23158593e-01 -1.13374204e-04 6.70089556e-04
1.23578807e-01 4.97904636e-04 6.46704608e-04
1.23999021e-01 -2.98102898e-04 6.30802356e-04
1.24419233e-01 -7.83484491e-04 6.30817743e-04
1.24839444e-01 -2.52259413e-04 6.33538683e-04
1.25259654e-01 2.45796776e-04 6.32253113e-04
1.25679862e-01 -5.07021085e-04 6.23595511e-04
1.26100070e-01 5.54840779e-04 6.28365763e-04
1.26520276e-01 3.48762472e-04 6.07600351e-04
1.26940480e-01 4.24789951e-04 6.34475115e-04
1.27360684e-01 -1.17022473e-04 6.32121332e-04
1.27780886e-01 -6.63482234e-05 6.18521175e-04
1.28201087e-01 -5.10489368e-04 6.21009506e-04
1.28621286e-01 -9.71233562e-04 6.11810956e-04
1.29041485e-01 -8.01724929e-04 6.12567409e-04
1.29461682e-01 -1.24572613e-04 5.93989832e-04
1.29881877e-01 -6.59855165e-04 6.15431693e-04
1.30302072e-01 2.22800589e-04 6.05300597e-04
1.30722265e-01 5.80731869e-04 6.06348556e-04
1.31142456e-01 -5.33432164e-04 6.16532144e-04
1.31562647e-01 2.86909284e-04 5.96765092e-04
1.31982836e-01 -1.46197913e-04 6.08786757e-04
1.32403024e-01 1.05616856e-03 6.05064503e-04
1.32823210e-01 -4.85583603e-04 6.05008299e-04
1.33243395e-01 1.52382918e-03 6.18997363e-04
1.33663579e-01 -1.19365827e-04 6.08918171e-04
1.34083761e-01 -4.89912672e-04 6.10675732e-04
1.34503942e-01 -8.18863973e-04 5.94795679e-04
1.34924122e-01 2.95847385e-04 6.17997803e-04
1.35344300e-01 -1.68062663e-06 6.02742386e-04
1.35764477e-01 1.18589249e-03 6.17896441e-04
1.36184653e-01 -9.11296820e-04 6.03927225e-04
1.36604827e-01 1.25563544e-04 6.00926394e-04
1.37025000e-01 -7.51729671e-04 5.88687507e-04
1.37445171e-01 2.21013382e-04 6.07847592e-04
1.37865341e-01 7.61292146e-04 6.06902380e-04
1.38285510e-01 8.54337460e-04 6.01639601e-04
1.38705677e-01 8.76202859e-04 5.78253328e-04
1.39125843e-01 -7.91496935e-05 5.79248800e-04
1.39546008e-01 -1.13632387e-04 5.99443087e-04
1.39966171e-01 -2.50380427e-04 5.85591661e-04
1.40386333e-01 -4.74507572e-04 5.82074568e-04
1.40806493e-01 2.88325305e-04 5.86923151e-04
1.41226652e-01 1.16089576e-03 5.61381937e-04
1.41646809e-01 1.12595248e-04 5.78570371e-04
1.42066965e-01 4.78991342e-04 5.80510480e-04
1.42487120e-01 4.08698097e-04 5.72601022e-04
1.42907273e-01 3.00351053e-04 5.85058085e-04
1.43327425e-01 -3.37139254e-04 5.71545444e-04
1.43747575e-01 -2.50213675e-04 5.68036130e-04
1.44167724e-01 7.95215754e-04 5.71912387e-04
1.44587871e-01 3.86336206e-04 5.85841445e-04
1.45008017e-01 -1.09113993e-04 5.65138365e-04
1.45428162e-01 -5.78727397e-04 5.71382515e-04
1.45848305e-01 7.54163686e-04 5.81965341e-04
1.46268446e-01 -4.33199069e-04 5.95192223e-04
1.46688586e-01 -7.93897842e-04 5.90179665e-04
1.47108725e-01 -1.13794537e-03 5.71014610e-04
1.47528862e-01 -1.11674107e-04 5.75156960e-04
1.47948998e-01 8.95141024e-04 6.04510887e-04
1.48369132e-01 6.12949057e-04 5.93993308e-04
1.48789265e-01 -6.55825122e-04 5.73856936e-04
1.49209396e-01 -7.27875660e-04 5.81223410e-04
1.49629525e-01 -7.60165680e-04 5.72316480e-04
1.50049654e-01 -4.32545196e-05 5.75647352e-04
1.50469780e-01 -3.47703493e-04 5.83323034e-04
1.50889905e-01 3.28016701e-04 5.93506367e-04
1.51310029e-01 -2.96372052e-04 6.05607116e-04
1.51730151e-01 2.58081824e-04 5.87951623e-04
1.52150272e-01 -5.17543792e-04 5.98386669e-04
1.52570391e-01 1.20654997e-04 5.79353973e-04
1.52990508e-01 1.12566875e-03 5.84617179e-04
1.53410624e-01 7.93819075e-05 5.55609795e-04
1.53830738e-01 6.78813168e-05 5.71289713e-04
1.54250851e-01 -1.51455812e-04 5.53471524e-04
1.54670963e-01 -3.56817786e-04 5.50276666e-04
1.55091072e-01 9.26036933e-04 5.62762372e-04
1.55511180e-01 1.53368597e-05 5.73546676e-04
1.55931287e-01 -5.44988037e-04 5.64296610e-04
1.56351392e-01 1.30783305e-05 5.69136966e-04
1.56771496e-01 -9.98658983e-04 5.63853581e-04
1.57191598e-01 -3.76228618e-05 5.68601708e-04
1.57611698e-01 8.25080991e-04 5.56058055e-04
1.58031797e-01 3.20205677e-04 5.43890637e-04
1.58451894e-01 5.83817284e-04 5.38194359e-04
1.58871989e-01 -3.61869826e-04 5.42459083e-04
1.59292083e-01 2.36588141e-04 5.45160002e-04
1.59712176e-01 5.17135412e-04 5.41867930e-04
1.60132266e-01 6.30655378e-04 5.42457334e-04
1.60552355e-01 3.48690004e-04 5.43223100e-04
1.60972443e-01 -5.40387704e-04 5.36094367e-04
1.61392529e-01 -6.15668828e-04 5.43586145e-04
1.61812613e-01 -2.47442787e-04 5.38236413e-04
1.62232696e-01 -4.00863808e-04 5.23839871e-04
1.62652777e-01 -9.42821289e-04 5.23240189e-04
1.63072856e-01 -3.63111405e-04 5.41150165e-04
1.63492934e-01 -4.55525269e-04 5.44526780e-04
1.63913010e-01 -1.13592055e-03 5.37845868e-04
1.64333084e-01 4.04352749e-04 5.33028013e-04
1.64753157e-01 -1.02774422e-03 5.26567944e-04
1.65173228e-01 -6.12388233e-04 5.36894824e-04
1.65593298e-01 1.16863758e-03 5.46544196e-04
1.66013366e-01 5.56963465e-04 5.21794974e-04
1.66433432e-01 -4.91922636e-04 5.27731300e-04
1.66853496e-01 9.37018649e-05 5.17988588e-04
1.67273559e-01 -6.65810614e-04 5.14381802e-04
1.67693620e-01 9.40037698e-04 5.39048913e-04
1.68113680e-01 7.80203713e-05 5.13987323e-04
1.68533737e-01 -7.99602226e-04 5.20454257e-04
1.68953793e-01 -5.08023820e-04 5.16496331e-04
1.69373848e-01 2.31972635e-04 5.14503796e-04
1.69793900e-01 1.95239436e-04 5.14538123e-04
1.70213951e-01 6.48888211e-05 5.21567881e-04
1.70634000e-01 8.17598769e-04 5.20330163e-04
1.71054048e-01 -7.99096653e-06 5.02523305e-04
1.71474094e-01 4.90541092e-04 5.15593862e-04
1.71894138e-01 2.01245558e-04 5.05550277e-04
1.72314180e-01 1.01473852e-03 5.15850992e-04
1.72734221e-01 -6.25443647e-04 5.17164129e-04
1.73154259e-01 2.42969543e-04 5.09251848e-04
1.73574297e-01 1.17977399e-04 5.17599857e-04
1.73994332e-01 -4.21900280e-04 5.13059473e-04
1.74414365e-01 3.48572290e-04 5.21717475e-04
1.74834397e-01 1.24065107e-03 5.06505169e-04
1.75254427e-01 2.45208715e-04 5.26808995e-04
1.75674456e-01 9.01539159e-04 5.12557497e-04
1.76094482e-01 -6.67268549e-04 5.13107084e-04
1.76514507e-01 1.05393434e-04 5.06303035e-04
1.76934530e-01 -5.76036020e-04 4.92362465e-04
1.77354551e-01 -1.67790328e-04 4.96959064e-04
1.77774571e-01 2.59256176e-04 5.11135476e-04
1.78194588e-01 -7.81735213e-04 5.04466001e-04
1.78614604e-01 3.38882918e-04 5.11670901e-04
1.79034618e-01 3.22365390e-04 4.99294776e-04
1.79454631e-01 -3.58471223e-04 4.91786153e-04
1.79874641e-01 -9.87369502e-04 4.86367235e-04
1.80294650e-01 -2.28053806e-04 4.92984627e-04
1.80714657e-01 -3.39016989e-04 4.95830325e-04
1.81134662e-01 2.07320217e-04 4.95034928e-04
1.81554665e-01 -3.60776996e-04 4.91750425e-04
1.81974666e-01 -1.51953043e-04 4.89477009e-04
1.82394666e-01 -4.25136121e-04 4.78138626e-04
1.82814663e-01 -4.32382892e-04 4.77725115e-04
1.83234659e-01 -2.91589090e-04 4.94705229e-04
1.83654653e-01 1.74823655e-04 4.81443894e-04
1.84074646e-01 -5.18624883e-04 4.83104317e-04
1.84494636e-01 -1.18978847e-04 4.82548648e-04
1.84914624e-01 5.01025248e-04 4.84200841e-04
1.85334611e-01 9.47192894e-04 4.82554157e-04
1.85754596e-01 1.29705012e-03 4.87745675e-04
1.86174579e-01 1.57396531e-04 4.88302389e-04
1.86594560e-01 4.97858010e-04 4.84547731e-04
1.87014539e-01 -2.43512887e-04 4.88280958e-04
1.87434516e-01 3.97261472e-05 4.78410809e-04
1.87854491e-01 2.43047536e-04 4.84829522e-04
1.88274465e-01 2.43714571e-04 4.82852901e-04
1.88694437e-01 -1.10310453e-03 4.73651183e-04
1.89114406e-01 -5.94373922e-04 4.82160330e-04
1.89534374e-01 9.21268987e-04 4.85137084e-04
1.89954340e-01 -5.00128126e-04 4.80879263e-04
1.90374304e-01 -4.38700973e-04 4.75552677e-04
1.90794266e-01 -2.44159725e-04 4.64190000e-04
1.91214226e-01 5.58848409e-04 4.71321484e-04
1.91634184e-01 1.06949552e-04 4.61892438e-04
1.92054141e-01 2.22508536e-04 4.72924667e-04
1.92474095e-01 7.87354235e-05 4.66044122e-04
1.92894047e-01 1.00592528e-03 4.71946476e-04
1.93313998e-01 5.09724757e-06 4.72578938e-04
1.93733946e-01 -4.08976108e-04 4.67168402e-04
1.94153893e-01 -4.26129721e-05 4.58002447e-04
1.94573838e-01 2.55020038e-06 4.79964480e-04
1.94993780e-01 -4.58268259e-04 4.63821415e-04
1.95413721e-01 6.05083452e-04 4.71783059e-04
1.95833660e-01 1.13351574e-03 4.78711631e-04
1.96253597e-01 1.57175676e-04 4.58980310e-04
1.96673531e-01 1.06371676e-04 4.76996774e-04
1.97093464e-01 -4.34926624e-04 4.63557554e-04
1.97513395e-01 3.49882223e-04 4.60678927e-04
1.97933324e-01 -2.95523616e-04 4.51809333e-04
1.98353251e-01 -1.11337526e-04 4.70486823e-04
1.98773176e-01 -5.27650247e-04 4.57185157e-04
1.99193099e-01 -1.27638586e-04 4.63735568e-04
1.99613019e-01 -2.88011449e-04 4.52892749e-04
2.00032938e-01 6.13000255e-04 4.60991107e-04
2.00452855e-01 -3.90170737e-04 4.57807694e-04
2.00872770e-01 2.22443463e-04 4.67157175e-04
2.01292683e-01 3.89861965e-04 4.57786046e-04
2.01712594e-01 3.64250936e-04 4.54074356e-04
2.02132502e-01 -4.03610753e-04 4.53720667e-04
2.02552409e-01 9.98569471e-04 4.52725292e-04
2.02972314e-01 3.94139148e-04 4.59224805e-04
2.03392217e-01 -3.04755607e-04 4.58517353e-04
2.03812117e-01 4.46202624e-04 4.45082291e-04
2.04232016e-01 2.76396730e-04 4.52738285e-04
2.04651912e-01 4.86278057e-04 4.51118454e-04
2.05071807e-01 -2.05036577e-04 4.61768039e-04
2.05491699e-01 -5.12597673e-04 4.57970585e-04
2.05911590e-01 8.75998594e-04 4.68893995e-04
2.06331478e-01 2.47066902e-04 4.67496675e-04
2.06751364e-01 9.31826690e-04 4.80206339e-04
2.07171248e-01 5.19127610e-04 4.56304390e-04
2.07591130e-01 -1.28647716e-04 4.50963560e-04
2.08011010e-01 -4.23561944e-05 4.53214658e-04
2.08430888e-01 6.59520298e-05 4.59516116e-04
2.08850764e-01 4.29283591e-04 4.61447037e-04
2.09270637e-01 1.31350930e-04 4.71595455e-04
2.09690509e-01 3.56904082e-06 4.61426921e-04
2.10110378e-01 4.23549554e-04 4.57026360e-04
2.10530246e-01 6.52615843e-04 4.58953783e-04
2.10950111e-01 -4.43780771e-04 4.50140578e-04
2.11369974e-01 -1.22618542e-04 4.61720559e-04
2.11789835e-01 -2.35662858e-04 4.39055579e-04
2.12209694e-01 -2.62298652e-05 4.54413100e-04
2.12629551e-01 -1.82488152e-04 4.48057076e-04
2.13049405e-01 -2.13886763e-04 4.46617457e-04
2.13469258e-01 -3.31156953e-04 4.47395491e-04
2.13889108e-01 -1.13327262e-04 4.56864176e-04
2.14308956e-01 6.35488379e-04 4.48819522e-04
2.14728802e-01 -2.81844314e-05 4.49101299e-04
2.15148646e-01 5.05503111e-04 4.46786610e-04
2.15568487e-01 -2.76669747e-04 4.50918201e-04
2.15988327e-01 -3.42725773e-04 4.48351019e-04
2.16408164e-01 -1.86178336e-04 4.40836719e-04
2.16827999e-01 -9.88325116e-04 4.38517560e-04
2.17247832e-01 1.62531753e-04 4.34944640e-04
2.17667663e-01 1.34690622e-04 4.46319676e-04
2.18087492e-01 6.67348028e-05 4.39206763e-04
2.18507318e-01 -7.43174358e-05 4.28152399e-04
2.18927142e-01 -4.57010978e-04 4.42635262e-04
2.19346964e-01 -2.19583822e-04 4.38920649e-04
2.19766784e-01 -4.43600016e-04 4.29087994e-04
2.20186602e-01 -6.31261926e-04 4.36824376e-04
2.20606417e-01 -3.37925625e-04 4.36938308e-04
2.21026230e-01 1.07021713e-04 4.28722480e-04
2.21446041e-01 -5.84792872e-04 4.25440188e-04
2.21865850e-01 7.04450223e-06 4.33228266e-04
2.22285656e-01 3.97467026e-04 4.35394883e-04
2.22705461e-01 -6.47847308e-05 4.25556731e-04
2.23125263e-01 1.86750351e-04 4.28639388e-04
2.23545063e-01 4.41280566e-04 4.31629977e-04
2.23964860e-01 5.36141183e-04 4.26158951e-04
2.24384655e-01 6.48631882e-06 4.37873241e-04
2.24804448e-01 -2.52643147e-04 4.25994817e-04
2.25224239e-01 2.84110949e-04 4.39988639e-04
2.25644028e-01 4.29649886e-04 4.37922880e-04
2.26063814e-01 3.16757851e-04 4.28463886e-04
2.26483598e-01 8.05807964e-04 4.29586961e-04
2.26903379e-01 -4.02984173e-04 4.20671001e-04
2.27323159e-01 6.35049031e-04 4.41185317e-04
2.27742936e-01 -4.84634550e-04 4.29698904e-04
2.28162711e-01 5.35412693e-04 4.35161798e-04
2.28582483e-01 -2.76608915e-05 4.22624281e-04
2.29002254e-01 6.41941999e-05 4.27987861e-04
2.29422022e-01 4.04305386e-04 4.29001414e-04
2.29841787e-01 -4.61623876e-04 4.21326907e-04
2.30261550e-01 -5.38207671e-04 4.17767595e-04
2.30681311e-01 -2.21340793e-04 4.19799378e-04
2.31101070e-01 2.31289608e-04 4.20299071e-04
2.31520827e-01 9.46153990e-05 4.18106543e-04
2.31940581e-01 5.69639422e-04 4.24281766e-04
2.32360332e-01 2.99000198e-04 4.20817108e-04
2.32780082e-01 -1.86757600e-04 4.14995713e-04
2.33199829e-01 5.12303929e-04 4.15037685e-04
2.33619573e-01 1.88864308e-04 4.16128773e-04
2.34039316e-01 2.99651182e-04 4.14683183e-04
2.34459056e-01 2.44231073e-04 4.25045757e-04
2.34878793e-01 -9.12637276e-05 4.23802702e-04
2.35298529e-01 -2.24787838e-04 4.22669633e-04
2.35718262e-01 4.18557018e-04 4.36724463e-04
2.36137992e-01 7.58571738e-04 4.27714213e-04
2.36557720e-01 -5.49578096e-04 4.32472230e-04
2.36977446e-01 9.32592423e-04 4.38612296e-04
2.37397170e-01 -3.16546539e-04 4.27293431e-04
2.37816891e-01 3.73730229e-04 4.24548694e-04
2.38236609e-01 6.87652982e-05 4.31676775e-04
2.38656325e-01 6.68792971e-04 4.34448589e-04
2.39076039e-01 -3.63271692e-04 4.19382653e-04
2.39495751e-01 8.09312302e-04 4.18496848e-04
2.39915460e-01 -7.44709174e-04 4.17443748e-04
2.40335166e-01 9.37270093e-04 4.25795056e-04
2.40754871e-01 -3.00660735e-04 4.16371837e-04
2.41174572e-01 -2.56644624e-04 4.32858502e-04
2.41594272e-01 3.13523293e-04 4.23809251e-04
2.42013969e-01 3.58160597e-04 4.17785418e-04
2.42433663e-01 -9.44999435e-05 4.21361998e-04
2.42853355e-01 3.76244894e-05 4.12493350e-04
2.43273045e-01 -1.84965086e-04 4.16190245e-04
2.43692732e-01 1.46476183e-04 4.13340361e-04
2.44112417e-01 -2.74767593e-04 4.10739634e-04
2.44532099e-01 3.51815750e-04 4.15476805e-04
2.44951779e-01 -5.34123057e-04 4.16937335e-04
2.45371457e-01 7.03650418e-04 4.19335090e-04
2.45791131e-01 4.38762985e-04 4.12074675e-04
2.46210804e-01 9.52440263e-05 4.15309132e-04
2.46630474e-01 3.13122935e-04 4.08345892e-04
2.47050141e-01 3.37148404e-04 4.04920317e-04
2.47469806e-01 -1.99086277e-04 4.07586665e-04
2.47889469e-01 -5.54427748e-04 3.98106776e-04
2.48309129e-01 3.87692763e-04 3.99124210e-04
2.48728787e-01 4.43195059e-04 4.01642698e-04
2.49148442e-01 1.47386633e-04 4.05175678e-04
2.49568094e-01 -3.54598863e-04 4.01371038e-04
2.49987744e-01 -8.76160379e-05 4.00367036e-04
2.50407392e-01 1.94938212e-04 3.95474602e-04
2.50827037e-01 -2.51743640e-05 4.03063078e-04
2.51246679e-01 -4.43563301e-04 4.03321303e-04
2.51666319e-01 1.35340668e-05 3.99411959e-04
2.52085957e-01 -1.45205952e-04 3.92791884e-04
2.52505592e-01 4.02111735e-05 4.05216771e-04
2.52925224e-01 -1.69912428e-04 4.07940403e-04
2.53344854e-01 1.12317192e-04 3.96014537e-04
2.53764481e-01 1.83949666e-04 4.01822701e-04
2.54184106e-01 1.64296403e-04 3.99111353e-04
2.54603728e-01 6.48283026e-05 3.95542520e-04
2.55023348e-01 3.18554036e-05 3.97210127e-04
2.55442965e-01 3.64140641e-04 3.89882399e-04
2.55862579e-01 5.88898418e-04 3.92504926e-04
2.56282191e-01 -1.40697669e-04 3.94976472e-04
2.56701800e-01 -5.85209189e-05 3.97472591e-04
2.57121407e-01 -7.78980490e-05 3.94358240e-04
2.57541011e-01 7.77969750e-05 3.95581706e-04
2.57960613e-01 3.22784490e-04 3.89571538e-04
2.58380212e-01 -1.34096569e-03 3.88047080e-04
2.58799808e-01 -2.71939534e-04 3.95857074e-04
2.59219402e-01 -1.95563154e-04 3.86375771e-04
2.59638994e-01 3.55968399e-04 3.95752910e-04
2.60058582e-01 -7.66325585e-04 3.87955873e-04
2.60478168e-01 -2.32485006e-05 3.90108917e-04
2.60897752e-01 1.07139006e-04 3.86686804e-04
2.61317332e-01 6.44486610e-05 3.89717327e-04
2.61736910e-01 -6.22358911e-04 3.84448880e-04
2.62156486e-01 3.17013939e-04 3.86710700e-04
2.62576059e-01 1.86843832e-04 3.88837877e-04
2.62995629e-01 3.36876385e-04 3.89832150e-04
2.63415197e-01 3.74415047e-04 3.84200891e-04
2.63834762e-01 -4.81662126e-04 3.81939960e-04
2.64254324e-01 -1.62200956e-04 3.92287136e-04
2.64673884e-01 2.43645793e-04 3.84417743e-04
2.65093441e-01 -4.85256394e-04 3.95385716e-04
2.65512995e-01 4.14273582e-04 3.90594502e-04
2.65932547e-01 -2.58829858e-04 3.82405178e-04
2.66352096e-01 -2.58461503e-04 3.81877078e-04
2.66771642e-01 1.10099145e-04 3.89298327e-04
2.67191186e-01 4.82582346e-04 3.89264440e-04
2.67610727e-01 -7.55886116e-04 3.80035397e-04
2.68030265e-01 1.14931387e-04 3.80603742e-04
2.68449801e-01 2.98307928e-04 3.79299609e-04
2.68869333e-01 2.70746587e-05 3.83508278e-04
2.69288864e-01 -2.90842734e-04 3.78203858e-04
2.69708391e-01 -5.82426999e-04 3.73479070e-04
2.70127916e-01 -1.62620188e-04 3.82845432e-04
2.70547438e-01 3.22708648e-04 3.74701816e-04
2.70966957e-01 8.62302792e-05 3.74600905e-04
2.71386474e-01 -7.53378468e-04 3.65010271e-04
2.71805988e-01 4.65699770e-04 3.84311503e-04
2.72225499e-01 1.35842254e-04 3.77299190e-04
2.72645008e-01 5.19695658e-04 3.78756768e-04
2.73064513e-01 -3.98225687e-04 3.81314147e-04
2.73484016e-01 -6.66950701e-04 3.73785107e-04
2.73903517e-01 1.37118480e-04 3.75732355e-04
2.74323014e-01 -8.31717552e-05 3.82563830e-04
2.74742509e-01 3.81418378e-04 3.77196752e-04
2.75162001e-01 7.43974497e-04 3.87121431e-04
2.75581490e-01 -5.64951162e-05 3.71187552e-04
2.76000976e-01 -9.29472437e-06 3.78262968e-04
2.76420460e-01 -1.79537099e-04 3.76245546e-04
2.76839941e-01 -3.99930531e-04 3.69530283e-04
2.77259419e-01 -1.62462230e-04 3.70117454e-04
2.77678894e-01 4.02579295e-04 3.64885722e-04
2.78098367e-01 -2.76298426e-04 3.67133791e-04
2.78517837e-01 -1.19938159e-04 3.55389878e-04
2.78937304e-01 -3.20955303e-04 3.64290457e-04
2.79356768e-01 -8.85922072e-05 3.70753909e-04
2.79776229e-01 -2.95410232e-04 3.68680031e-04
2.80195688e-01 1.05836619e-05 3.64502533e-04
2.80615143e-01 -2.46813121e-04 3.66377839e-04
2.81034596e-01 -5.52101785e-04 3.67892223e-04
2.81454046e-01 2.56950021e-04 3.73219908e-04
2.81873494e-01 1.63924175e-05 3.61359846e-04
2.82292938e-01 -5.87143276e-04 3.63497239e-04
2.82712380e-01 4.65755441e-04 3.66772892e-04
2.83131819e-01 9.80406159e-04 3.68583423e-04
2.83551254e-01 -4.71241778e-04 3.60326021e-04
2.83970688e-01 -3.78659336e-04 3.69562104e-04
2.84390118e-01 4.69385008e-04 3.67448048e-04
2.84809545e-01 5.31462866e-04 3.67681141e-04
2.85228970e-01 2.42374558e-04 3.74534287e-04
2.85648391e-01 2.83171758e-04 3.66085084e-04
2.86067810e-01 -3.97418508e-04 3.65283020e-04
2.86487226e-01 3.47903947e-04 3.67309383e-04
2.86906639e-01 -4.10521438e-04 3.61382411e-04
2.87326049e-01 -3.31954161e-04 3.73995323e-04
2.87745457e-01 -1.80484811e-04 3.63128975e-04
2.88164861e-01 3.52281461e-04 3.64567403e-04
2.88584262e-01 1.16439738e-03 3.61830381e-04
2.89003661e-01 2.18000614e-04 3.61406927e-04
2.89423057e-01 1.81699290e-04 3.64496742e-04
2.89842450e-01 -7.36309244e-04 3.59706247e-04
2.90261839e-01 -6.84875027e-04 3.59125137e-04
2.90681226e-01 -4.04675639e-04 3.60276302e-04
2.91100611e-01 5.33099614e-04 3.66702463e-04
2.91519992e-01 4.33509392e-04 3.67451368e-04
2.91939370e-01 -1.92995689e-05 3.52871360e-04
2.92358745e-01 4.41319134e-04 3.59697335e-04
2.92778118e-01 2.49092617e-04 3.62334459e-04
2.93197487e-01 8.50341926e-04 3.60249970e-04
2.93616853e-01 3.68896326e-04 3.54766565e-04
2.94036217e-01 -2.34687155e-04 3.62070350e-04
2.94455578e-01 5.76748032e-05 3.69208055e-04
2.94874935e-01 -2.80305877e-04 3.59066542e-04
2.95294290e-01 4.13641229e-04 3.62951309e-04
2.95713642e-01 3.10584110e-04 3.63753340e-04
2.96132990e-01 -4.55638775e-04 3.61875121e-04
2.96552336e-01 4.55785049e-04 3.66616983e-04
2.96971679e-01 3.24954234e-04 3.63681901e-04
2.97391019e-01 -2.44923138e-04 3.67780118e-04
2.97810356e-01 8.53532176e-07 3.59195570e-04
2.98229689e-01 4.74476823e-04 3.68561482e-04
2.98649020e-01 3.47641244e-04 3.66644377e-04
2.99068348e-01 -4.27157367e-04 3.64007011e-04
2.99487673e-01 6.07127684e-05 3.64903463e-04
2.99906995e-01 -7.80489666e-04 3.63299059e-04
3.00326314e-01 2.20179343e-04 3.72202296e-04
3.00745629e-01 3.07560466e-04 3.70310669e-04
3.01164942e-01 -6.61147089e-07 3.67635067e-04
3.01584252e-01 1.76346113e-04 3.63581655e-04
3.02003559e-01 -4.37382839e-04 3.74566981e-04
3.02422863e-01 -1.04395939e-04 3.60019326e-04
3.02842163e-01 -4.93287386e-04 3.67247851e-04
3.03261461e-01 -2.53031226e-04 3.65962284e-04
3.03680756e-01 2.73698749e-04 3.67269048e-04
3.04100047e-01 -6.60047165e-07 3.70008508e-04
3.04519336e-01 1.72422139e-04 3.70873300e-04
3.04938621e-01 -5.05814699e-05 3.67581307e-04
3.05357904e-01 2.48713630e-04 3.75017543e-04
3.05777183e-01 1.35834604e-04 3.66292078e-04
3.06196459e-01 5.17831743e-04 3.64288617e-04
3.06615732e-01 8.26208344e-05 3.76657688e-04
3.07035003e-01 -8.02788636e-05 3.65935509e-04
3.07454270e-01 -1.49129084e-04 3.63644976e-04
3.07873534e-01 7.55843097e-04 3.66664760e-04
3.08292794e-01 5.53144330e-04 3.69636592e-04
3.08712052e-01 5.12040617e-04 3.58772390e-04
3.09131307e-01 6.39358878e-05 3.62389467e-04
3.09550559e-01 -1.46548816e-04 3.60817471e-04
3.09969807e-01 6.91508670e-04 3.69845134e-04
3.10389052e-01 3.95767689e-04 3.66933306e-04
3.10808295e-01 -2.70683672e-04 3.64092300e-04
3.11227534e-01 -4.60184833e-04 3.58251297e-04
3.11646770e-01 5.96760142e-04 3.64953810e-04
3.12066003e-01 -1.92853786e-04 3.62657349e-04
3.12485233e-01 5.38079247e-04 3.63502708e-04
3.12904459e-01 -9.78542360e-05 3.58409218e-04
3.13323683e-01 -7.43920890e-04 3.55291133e-04
3.13742903e-01 7.36081930e-05 3.72425135e-04
3.14162120e-01 -2.41534579e-04 3.64614760e-04
3.14581334e-01 -1.43691940e-04 3.61922711e-04
3.15000545e-01 -4.72894118e-05 3.67663194e-04
3.15419753e-01 -4.46799266e-04 3.62370014e-04
3.15838958e-01 -1.67274006e-04 3.65062738e-04
3.16258159e-01 2.74092268e-04 3.67864073e-04
3.16677357e-01 5.65578596e-04 3.61382675e-04
3.17096552e-01 4.28498760e-04 3.62778330e-04
3.17515744e-01 8.68600124e-05 3.63415907e-04
3.17934933e-01 3.61359839e-04 3.58829545e-04
3.18354118e-01 1.74199273e-04 3.56510206e-04
3.18773301e-01 -2.06423440e-05 3.68400215e-04
3.19192480e-01 -2.28796685e-04 3.58067247e-04
3.19611656e-01 2.37648713e-04 3.58948765e-04
3.20030829e-01 -8.07773338e-04 3.54826378e-04
3.20449998e-01 1.15090123e-04 3.62465431e-04
3.20869164e-01 1.13322026e-04 3.67123593e-04
3.21288328e-01 2.43537908e-04 3.69255365e-04
3.21707487e-01 -7.00921621e-04 3.61387194e-04
3.22126644e-01 -2.01925154e-04 3.61714079e-04
3.22545797e-01 5.26548534e-04 3.73166860e-04
3.22964948e-01 -2.24822432e-04 3.73914832e-04
3.23384095e-01 -9.45585845e-04 3.69901173e-04
3.23803238e-01 2.83212774e-04 3.78361717e-04
3.24222379e-01 1.18101901e-04 3.76593880e-04
3.24641516e-01 3.29476261e-04 3.86169792e-04
3.25060650e-01 1.89244487e-04 3.86348544e-04
3.25479781e-01 -3.21135490e-05 3.80461022e-04
3.25898908e-01 4.59003356e-05 3.79966354e-04
3.26318032e-01 -6.94885458e-04 3.78942863e-04
3.26737153e-01 -1.30157391e-04 3.85068869e-04
3.27156271e-01 3.69184028e-04 3.86290518e-04
3.27575385e-01 3.47114707e-04 3.81449201e-04
3.27994496e-01 4.04122089e-06 3.91341986e-04
3.28413604e-01 -7.08170506e-04 3.80713883e-04
3.28832708e-01 1.32112106e-06 3.89654505e-04
3.29251810e-01 4.28183319e-04 3.88007053e-04
3.29670907e-01 2.02636610e-04 3.88205317e-04
3.30090002e-01 -8.45860735e-04 3.87300352e-04
3.30509093e-01 -1.28353088e-05 3.96299006e-04
3.30928181e-01 -4.31794861e-04 3.88436071e-04
3.31347266e-01 5.14554651e-06 3.90931275e-04
3.31766347e-01 -4.63812421e-04 3.95151731e-04
3.32185425e-01 -3.52683895e-04 3.99782341e-04
3.32604500e-01 1.55550846e-04 4.02125552e-04
3.33023571e-01 -1.16630710e-04 3.88832262e-04
3.33442639e-01 -9.16442730e-04 3.90215417e-04
3.33861704e-01 2.01855548e-05 3.97892895e-04
3.34280765e-01 -3.68208243e-04 3.89233381e-04
3.34699823e-01 -2.80414477e-05 4.01885028e-04
3.35118878e-01 2.47602622e-04 4.03481975e-04
3.35537929e-01 3.03517486e-04 4.09149256e-04
3.35956977e-01 -5.79530652e-04 4.03861198e-04
3.36376021e-01 4.77430453e-04 4.01152451e-04
3.36795062e-01 -1.23922579e-04 4.08220216e-04
3.37214100e-01 1.09303010e-04 3.99484208e-04
3.37633135e-01 -5.38863131e-05 4.14491751e-04
3.38052166e-01 1.52906438e-04 4.11988670e-04
3.38471193e-01 1.33381996e-04 4.05348847e-04
3.38890217e-01 1.53567983e-04 4.04236793e-04
3.39309238e-01 4.24491571e-04 4.09539350e-04
3.39728256e-01 -6.70988819e-04 4.19180551e-04
3.40147270e-01 -3.54923782e-04 3.99186173e-04
3.40566280e-01 -6.69922514e-04 4.01488667e-04
3.40985288e-01 -4.14115737e-04 4.00161355e-04
3.41404291e-01 -3.56774916e-04 4.06869763e-04
3.41823292e-01 9.92133976e-05 4.12556428e-04
3.42242289e-01 2.97807335e-04 4.09025627e-04
3.42661282e-01 6.60221023e-04 4.13128573e-04
3.43080272e-01 2.39636243e-04 4.04159173e-04
3.43499259e-01 6.12002220e-04 4.10169211e-04
3.43918242e-01 -3.00904030e-04 4.10305155e-04
3.44337222e-01 -6.28849027e-04 4.09429853e-04
3.44756198e-01 -2.70144733e-04 4.23112622e-04
3.45175171e-01 5.25303578e-04 4.20121662e-04
3.45594140e-01 3.50688992e-04 4.15734772e-04
3.46013106e-01 4.00958744e-05 4.04849228e-04
3.46432069e-01 -4.15542476e-05 4.19639484e-04
3.46851028e-01 -2.21278356e-04 4.12711156e-04
3.47269983e-01 -8.34623529e-04 4.13555670e-04
3.47688935e-01 -1.60262324e-05 4.14618265e-04
3.48107884e-01 9.77513545e-05 4.07667505e-04
3.48526829e-01 -7.48286721e-05 4.18488875e-04
3.48945770e-01 -1.09819601e-05 4.16736943e-04
3.49364708e-01 -2.31182498e-04 4.17602145e-04
3.49783643e-01 2.44226869e-04 4.22237660e-04
3.50202574e-01 3.69289014e-04 4.14721060e-04
3.50621502e-01 -2.57055961e-04 4.24372314e-04
3.51040426e-01 -7.48569028e-04 4.13002415e-04
3.51459346e-01 1.14005351e-03 4.25377136e-04
3.51878263e-01 6.19615774e-04 4.23374596e-04
3.52297177e-01 -2.39573747e-04 4.19708731e-04
3.52716087e-01 3.17914488e-04 4.27011061e-04
3.53134993e-01 -7.60268608e-05 4.27578741e-04
3.53553896e-01 9.21094127e-05 4.30673350e-04
3.53972795e-01 1.38598315e-04 4.27550061e-04
3.54391691e-01 -6.02650125e-05 4.37072665e-04
3.54810584e-01 -1.38419031e-04 4.33037003e-04
3.55229472e-01 8.40626673e-05 4.32326537e-04
3.55648357e-01 4.93423766e-04 4.23923974e-04
3.56067239e-01 2.62576536e-04 4.30826935e-04
3.56486117e-01 2.15363496e-04 4.30382791e-04
3.56904991e-01 4.00176287e-04 4.36194584e-04
3.57323862e-01 -1.75807595e-04 4.34336438e-04
3.57742730e-01 2.81679968e-04 4.34592533e-04
3.58161593e-01 4.23208124e-04 4.40416573e-04
3.58580453e-01 3.32564115e-05 4.34187355e-04
3.58999310e-01 3.94322148e-04 4.37798826e-04
3.59418163e-01 5.80633440e-05 4.38034486e-04
3.59837012e-01 4.03663050e-04 4.28395399e-04
3.60255858e-01 -1.38441925e-04 4.30764463e-04
3.60674700e-01 -1.80171087e-03 4.22197677e-04
3.61093539e-01 -8.67086068e-04 4.42929315e-04
3.61512374e-01 1.81048583e-04 4.39470289e-04
3.61931205e-01 5.34478779e-04 4.41320281e-04
3.62350032e-01 1.15278368e-04 4.39371938e-04
3.62768857e-01 -6.89473367e-04 4.33075066e-04
3.63187677e-01 6.35925956e-04 4.46310478e-04
3.63606494e-01 3.19827567e-04 4.40176123e-04
3.64025307e-01 -2.97887390e-04 4.41627237e-04
3.64444116e-01 3.44658785e-04 4.43463380e-04
3.64862922e-01 1.31823017e-04 4.45114121e-04
3.65281724e-01 4.73507851e-04 4.41903008e-04
3.65700523e-01 -1.06348676e-04 4.41338373e-04
3.66119318e-01 -1.19573540e-03 4.35530501e-04
3.66538109e-01 -2.99069893e-05 4.36603865e-04
3.66956896e-01 -1.27808095e-04 4.45471124e-04
3.67375680e-01 9.27618976e-04 4.37527142e-04
3.67794460e-01 -2.38536707e-04 4.48123999e-04
3.68213237e-01 4.95123221e-04 4.43995741e-04
3.68632010e-01 -2.78226063e-04 4.32716635e-04
3.69050779e-01 -4.06302618e-04 4.41727444e-04
3.69469544e-01 -3.41121798e-04 4.44046935e-04
3.69888306e-01 -2.78468619e-04 4.42213881e-04
3.70307064e-01 1.00011977e-03 4.54287181e-04
3.70725818e-01 -4.34560856e-04 4.43381299e-04
3.71144569e-01 -4.78185856e-04 4.39524430e-04
3.71563316e-01 5.18054341e-04 4.50044381e-04
3.71982059e-01 -2.94666954e-04 4.49231646e-04
3.72400798e-01 2.22513623e-04 4.55813919e-04
3.72819534e-01 5.18011368e-04 4.56618652e-04
3.73238266e-01 -4.79018190e-04 4.47443966e-04
3.73656994e-01 7.49473937e-04 4.54038521e-04
3.74075719e-01 1.84580900e-04 4.55637172e-04
3.74494439e-01 -2.63572018e-04 4.54203371e-04
3.74913156e-01 2.08085983e-04 4.58037591e-04
3.75331870e-01 1.33630853e-04 4.62195746e-04
3.75750579e-01 1.33721245e-05 4.53566080e-04
3.76169285e-01 5.45135082e-04 4.52146572e-04
3.76587987e-01 9.79847620e-05 4.64765201e-04
3.77006685e-01 -9.22736575e-04 4.51865096e-04
3.77425380e-01 3.32690912e-04 4.57227393e-04
3.77844070e-01 2.10311813e-04 4.58559176e-04
3.78262757e-01 -1.10481976e-03 4.54440190e-04
3.78681440e-01 -1.13823571e-03 4.57680869e-04
3.79100119e-01 -4.64860671e-04 4.69098220e-04
3.79518795e-01 -3.38869139e-04 4.68956262e-04
3.79937467e-01 -2.06092697e-04 4.65036328e-04
3.80356135e-01 -4.54973382e-05 4.67521830e-04
3.80774799e-01 7.43002627e-04 4.62099391e-04
3.81193459e-01 -2.87756461e-05 4.52451389e-04
3.81612115e-01 9.46397854e-05 4.54399049e-04
3.82030768e-01 3.46129288e-05 4.51225427e-04
3.82449417e-01 6.00984052e-04 4.78980098e-04
3.82868062e-01 7.79258495e-05 4.79469441e-04
3.83286703e-01 2.83065807e-04 4.71825019e-04
3.83705340e-01 1.64577382e-04 4.78501027e-04
3.84123974e-01 5.71959805e-04 4.91618240e-04
3.84542604e-01 -3.82418792e-04 4.88348868e-04
3.84961229e-01 -4.69549455e-04 4.91079444e-04
3.85379851e-01 1.31230349e-04 4.95105884e-04
3.85798469e-01 -2.25938262e-04 4.84245837e-04
3.86217084e-01 6.44146701e-05 4.91583405e-04
3.86635694e-01 4.67314447e-05 4.90347656e-04
3.87054301e-01 1.93690727e-04 4.97239123e-04
3.87472903e-01 3.24489554e-04 5.00014969e-04
3.87891502e-01 -8.72544319e-04 4.97229472e-04
3.88310097e-01 -2.18241966e-04 5.04378196e-04
3.88728688e-01 -4.42392722e-04 5.01574711e-04
3.89147275e-01 4.55444677e-04 5.06899693e-04
3.89565858e-01 -1.16331293e-04 4.99283520e-04
3.89984437e-01 2.03080685e-04 4.94252087e-04
3.90403013e-01 4.44068130e-04 5.21930699e-04
3.90821584e-01 1.27038987e-03 5.26603979e-04
3.91240152e-01 3.79283920e-04 5.09211843e-04
3.91658716e-01 5.63893844e-04 5.28709601e-04
3.92077275e-01 -3.39095240e-04 5.18282421e-04
3.92495831e-01 3.14920418e-04 5.30864886e-04
3.92914383e-01 5.15305254e-04 5.38067120e-04
3.93332931e-01 -1.29244013e-04 5.30823148e-04
3.93751475e-01 -2.28441476e-04 5.14505509e-04
3.94170015e-01 -4.99177854e-04 5.20150948e-04
3.94588552e-01 -1.04701840e-03 5.21858206e-04
3.95007084e-01 2.48013189e-04 5.23900642e-04
3.95425612e-01 -3.61579566e-04 5.36183672e-04
3.95844136e-01 -3.01233349e-04 5.36461610e-04
3.96262657e-01 -2.54904464e-04 5.51237435e-04
3.96681173e-01 -9.01454897e-04 5.37916523e-04
3.97099686e-01 -8.22152732e-05 5.44706582e-04
3.97518194e-01 -4.51056752e-04 5.31527662e-04
3.97936698e-01 1.93655730e-04 5.48330074e-04
3.98355199e-01 -6.55295963e-04 5.46820925e-04
3.98773695e-01 1.11749761e-04 5.41890679e-04
3.99192188e-01 -5.85100324e-04 5.57191141e-04
3.99610677e-01 -2.05542350e-04 5.38961452e-04
4.00029161e-01 -3.81750792e-04 5.65819117e-04
4.00447642e-01 5.65502167e-04 5.80883918e-04
4.00866118e-01 -5.20414476e-04 5.58250216e-04
4.01284591e-01 -3.80264088e-04 5.55497387e-04
4.01703059e-01 4.55542653e-04 5.44473974e-04
4.02121524e-01 -1.61014716e-05 5.54768923e-04
4.02539984e-01 2.27239546e-04 5.77642150e-04
4.02958441e-01 4.36342743e-04 5.82040574e-04
4.03376893e-01 5.19744858e-04 5.80261536e-04
4.03795341e-01 1.46616643e-04 5.85342129e-04
4.04213786e-01 -1.10487419e-03 5.79797030e-04
4.04632226e-01 5.54417002e-04 6.02469589e-04
4.05050662e-01 -4.84374255e-05 5.84691563e-04
4.05469095e-01 -2.14095004e-04 5.95711219e-04
4.05887523e-01 -6.94224977e-05 5.83237628e-04
4.06305947e-01 -5.11037863e-04 5.90828611e-04
4.06724367e-01 3.76212703e-05 5.91869476e-04
4.07142783e-01 -8.61205610e-04 5.68977823e-04
4.07561195e-01 -5.66339055e-04 5.76899056e-04
4.07979603e-01 3.90025859e-04 6.04084920e-04
4.08398006e-01 1.10967523e-03 6.14924416e-04
4.08816406e-01 6.78377987e-04 6.17107640e-04
4.09234802e-01 -9.73216677e-04 5.89276504e-04
4.09653193e-01 -5.71384482e-04 5.87840617e-04
4.10071580e-01 4.73462622e-04 6.11120299e-04
4.10489964e-01 7.92291138e-04 6.22822221e-04
4.10908343e-01 6.17199596e-04 6.42696313e-04
4.11326718e-01 -3.03299982e-04 6.13556231e-04
4.11745089e-01 1.91245266e-04 6.24686950e-04
4.12163456e-01 -1.24591367e-04 6.31707724e-04
4.12581819e-01 -9.38431702e-04 6.38736515e-04
4.13000177e-01 -1.83341794e-04 6.24476157e-04
4.13418532e-01 -5.27722166e-04 6.55502677e-04
4.13836882e-01 1.01500710e-03 6.41863329e-04
4.14255228e-01 -1.41747513e-04 6.27034465e-04
4.14673570e-01 8.60950465e-04 6.23294569e-04
4.15091908e-01 1.23846089e-03 6.43789714e-04
4.15510242e-01 -4.82442710e-05 6.36286995e-04
4.15928572e-01 -6.17539266e-04 6.10565082e-04
4.16346897e-01 7.31759672e-04 6.52177052e-04
4.16765218e-01 -3.14807665e-04 6.43870242e-04
4.17183536e-01 -9.77448982e-04 6.35629710e-04
4.17601849e-01 1.63688662e-03 6.95696515e-04
4.18020157e-01 -2.47666257e-04 6.73164125e-04
4.18438462e-01 1.04174741e-03 6.78468068e-04
4.18856762e-01 2.15713367e-04 6.70794233e-04
4.19275059e-01 -5.09882840e-04 6.35973148e-04
4.19693351e-01 6.33990576e-04 6.58040841e-04
4.20111639e-01 7.94446247e-04 6.71910214e-04
4.20529922e-01 6.84548247e-04 7.09039478e-04
4.20948202e-01 -1.79461371e-03 6.86343731e-04
4.21366477e-01 -9.78065207e-04 6.90678733e-04
4.21784748e-01 -3.59139632e-04 7.08746844e-04
4.22203015e-01 4.11774977e-04 6.73884239e-04
4.22621278e-01 7.01022364e-04 6.84635395e-04
4.23039536e-01 5.91976905e-04 7.16784718e-04
4.23457790e-01 -1.35336029e-03 6.82869843e-04
4.23876040e-01 3.69674268e-04 7.01576547e-04
4.24294286e-01 1.09289229e-03 7.19574804e-04
4.24712527e-01 9.55852802e-04 7.25375312e-04
4.25130765e-01 1.08350478e-03 7.15585740e-04
4.25548998e-01 2.19484979e-04 6.91470955e-04
4.25967226e-01 1.65084597e-03 7.34530359e-04
4.26385451e-01 9.21621046e-04 7.27202848e-04
4.26803671e-01 -6.85060875e-04 7.24722411e-04
4.27221887e-01 -8.26343040e-04 7.04448436e-04
4.27640099e-01 -3.07148979e-04 7.39518393e-04
4.28058306e-01 -2.71754467e-04 6.96260200e-04
4.28476509e-01 -1.23737393e-03 7.26249214e-04
4.28894708e-01 6.43607006e-04 7.45365842e-04
4.29312903e-01 3.23298638e-04 7.50134506e-04
4.29731093e-01 1.02249531e-03 8.05750028e-04
4.30149279e-01 -4.72032129e-04 7.20236839e-04
4.30567460e-01 -1.09942602e-04 8.18368647e-04
4.30985638e-01 6.81456225e-04 8.11903013e-04
4.31403811e-01 1.44566053e-03 7.86969526e-04
4.31821980e-01 1.14923981e-03 8.20041542e-04
4.32240144e-01 -6.77174819e-05 7.58638146e-04
4.32658304e-01 -1.11701815e-03 7.77410279e-04
4.33076460e-01 8.73633648e-04 8.26901804e-04
4.33494612e-01 -4.30902639e-04 8.89139355e-04
4.33912759e-01 -6.43507430e-04 9.02744191e-04
4.34330902e-01 -3.68246191e-04 1.06359102e-03
4.34749040e-01 -3.18356518e-03 1.07215898e-03
4.35167174e-01 1.04504568e-03 1.23809005e-03
4.35585304e-01 -3.37137660e-04 1.24732515e-03
4.36003430e-01 -1.32167680e-03 1.24130590e-03
4.36421551e-01 8.59858006e-04 1.20505791e-03
4.36839667e-01 5.34164529e-05 1.65673521e-03
4.37257780e-01 2.47177808e-02 0.00000000e+00
