6.30595362e-03 8.83375485e-02 4.74267742e-02
6.72635018e-03 8.23184445e-02 1.33901227e-02
7.14674667e-03 9.55106696e-02 7.89442490e-03
7.56714308e-03 9.56373530e-02 6.12653723e-03
7.98753943e-03 9.46705212e-02 5.68948615e-03
8.40793569e-03 1.01469461e-01 4.98509208e-03
8.82833186e-03 1.06631643e-01 4.89083068e-03
9.24872795e-03 1.03589117e-01 4.86117021e-03
9.66912395e-03 1.00293799e-01 4.29882989e-03
1.00895198e-02 1.03160390e-01 3.91094748e-03
1.05099156e-02 9.55055578e-02 3.47705044e-03
1.09303113e-02 9.75732901e-02 3.54142470e-03
1.13507069e-02 1.02831933e-01 3.41452122e-03
1.17711024e-02 1.08450380e-01 3.62566251e-03
1.21914977e-02 1.06533963e-01 3.30637342e-03
1.26118929e-02 1.06827922e-01 3.55509327e-03
1.30322880e-02 1.06101363e-01 3.32532752e-03
1.34526830e-02 1.02281752e-01 3.20859003e-03
1.38730778e-02 1.01037004e-01 3.19176154e-03
1.42934725e-02 1.07878204e-01 3.25798461e-03
1.47138671e-02 1.05727165e-01 3.13668699e-03
1.51342615e-02 1.09566905e-01 2.88605242e-03
1.55546557e-02 9.80404092e-02 2.83216214e-03
1.59750498e-02 9.98054569e-02 2.86105078e-03
1.63954437e-02 1.01498314e-01 2.64105730e-03
1.68158375e-02 1.05241626e-01 2.64147269e-03
1.72362311e-02 1.06733537e-01 3.01349750e-03
1.76566245e-02 1.04268969e-01 2.68454507e-03
1.80770178e-02 1.02468995e-01 2.68414444e-03
1.84974108e-02 9.81607440e-02 2.51025950e-03
1.89178037e-02 1.02856718e-01 2.55007535e-03
1.93381964e-02 1.02627318e-01 2.45417157e-03
1.97585889e-02 1.02795379e-01 2.51224714e-03
2.01789812e-02 1.02114162e-01 2.64823019e-03
2.05993732e-02 1.01770912e-01 2.32280579e-03
2.10197651e-02 1.00484343e-01 2.29906491e-03
2.14401568e-02 1.02541518e-01 2.34486853e-03
2.18605482e-02 9.76886159e-02 2.19638448e-03
2.22809395e-02 1.04544265e-01 2.33681465e-03
2.27013305e-02 9.87774006e-02 2.45880585e-03
2.31217212e-02 9.42724341e-02 2.11727956e-03
2.35421118e-02 9.72353459e-02 2.18590227e-03
2.39625021e-02 9.71177031e-02 2.23217542e-03
2.43828922e-02 9.94349697e-02 2.19687763e-03
2.48032820e-02 1.01214206e-01 2.26819224e-03
2.52236716e-02 9.97347736e-02 2.09173123e-03
2.56440609e-02 9.81218922e-02 2.07820946e-03
2.60644499e-02 9.84954576e-02 2.04172648e-03
2.64848387e-02 9.30065564e-02 2.00957205e-03
2.69052273e-02 9.27121366e-02 2.08412861e-03
2.73256155e-02 9.54005374e-02 1.95375348e-03
2.77460035e-02 9.82092812e-02 2.13292985e-03
2.81663912e-02 9.36851263e-02 2.12014863e-03
2.85867786e-02 9.48528610e-02 2.14538452e-03
2.90071658e-02 9.62808841e-02 2.12564396e-03
2.94275526e-02 9.30083874e-02 2.07529646e-03
2.98479391e-02 9.28442865e-02 2.04861870e-03
3.02683254e-02 9.66333224e-02 1.98554068e-03
3.06887113e-02 9.16124854e-02 2.02117692e-03
3.11090970e-02 9.57229940e-02 2.06461465e-03
3.15294823e-02 9.07067414e-02 2.14051914e-03
3.19498673e-02 9.38643964e-02 2.06867342e-03
3.23702519e-02 8.99533189e-02 2.04706923e-03
3.27906363e-02 9.07294610e-02 2.04043033e-03
3.32110203e-02 8.94275299e-02 2.12659080e-03
3.36314040e-02 9.07794438e-02 2.02580194e-03
3.40517873e-02 9.08361710e-02 1.92059082e-03
3.44721703e-02 8.74023024e-02 1.94816677e-03
3.48925530e-02 8.88945312e-02 1.85070873e-03
3.53129353e-02 8.56356202e-02 1.85351319e-03
3.57333173e-02 8.97365531e-02 1.79269581e-03
3.61536988e-02 8.40548023e-02 1.76062964e-03
3.65740801e-02 8.64319442e-02 1.71201872e-03
3.69944609e-02 8.29168817e-02 1.74867410e-03
3.74148414e-02 8.23330048e-02 1.78138843e-03
3.78352215e-02 8.27085101e-02 1.70246841e-03
3.82556012e-02 8.70297558e-02 1.69200711e-03
3.86759806e-02 8.42038290e-02 1.60084382e-03
3.90963595e-02 8.15093452e-02 1.64422923e-03
3.95167381e-02 8.11205572e-02 1.66283151e-03
3.99371163e-02 8.21536463e-02 1.55074715e-03
4.03574940e-02 8.20467848e-02 1.58615826e-03
4.07778714e-02 7.80351495e-02 1.65170553e-03
4.11982483e-02 7.82918646e-02 1.62994107e-03
4.16186248e-02 7.83653444e-02 1.58951082e-03
4.20390009e-02 8.02664198e-02 1.58201232e-03
4.24593766e-02 7.92604871e-02 1.57958342e-03
4.28797519e-02 7.62731788e-02 1.54921050e-03
4.33001267e-02 7.50060632e-02 1.50543438e-03
4.37205011e-02 7.69661709e-02 1.63008282e-03
4.41408750e-02 7.70292687e-02 1.52771402e-03
4.45612485e-02 7.39768042e-02 1.44030235e-03
4.49816216e-02 7.59849269e-02 1.46731209e-03
4.54019942e-02 7.19531563e-02 1.51047565e-03
4.58223663e-02 7.17946176e-02 1.51957294e-03
4.62427380e-02 7.06608609e-02 1.43010201e-03
4.66631092e-02 7.19760940e-02 1.49588815e-03
4.70834800e-02 7.07146154e-02 1.40635014e-03
4.75038502e-02 7.28021668e-02 1.45197507e-03
4.79242200e-02 6.83260113e-02 1.42753168e-03
4.83445894e-02 7.15443671e-02 1.45582146e-03
4.87649582e-02 6.75207516e-02 1.43977828e-03
4.91853265e-02 7.02964030e-02 1.40308341e-03
4.96056943e-02 6.93813771e-02 1.38781879e-03
5.00260617e-02 6.65492674e-02 1.33082025e-03
5.04464285e-02 6.41245612e-02 1.31706930e-03
5.08667948e-02 6.69277064e-02 1.30669127e-03
5.12871607e-02 6.48573036e-02 1.35443049e-03
5.17075260e-02 6.55767369e-02 1.34173254e-03
5.21278907e-02 6.45750870e-02 1.31251076e-03
5.25482550e-02 6.27831881e-02 1.28763314e-03
5.29686187e-02 6.57039215e-02 1.34071655e-03
5.33889819e-02 6.49385783e-02 1.35436239e-03
5.38093445e-02 6.13947845e-02 1.32437397e-03
5.42297066e-02 6.20769548e-02 1.35284683e-03
5.46500682e-02 6.24541685e-02 1.27908779e-03
5.50704292e-02 6.28481892e-02 1.30897543e-03
5.54907897e-02 6.07123616e-02 1.24360154e-03
5.59111496e-02 5.89996660e-02 1.28072662e-03
5.63315089e-02 5.77828073e-02 1.30480435e-03
5.67518677e-02 5.88381408e-02 1.29650789e-03
5.71722259e-02 6.20518049e-02 1.27081574e-03
5.75925835e-02 5.75058203e-02 1.31754189e-03
5.80129405e-02 5.70690541e-02 1.33870306e-03
5.84332970e-02 5.89653912e-02 1.27808469e-03
5.88536529e-02 5.44357120e-02 1.33102918e-03
5.92740081e-02 5.46830011e-02 1.23327210e-03
5.96943628e-02 5.57281007e-02 1.25906059e-03
6.01147169e-02 5.62283313e-02 1.23062727e-03
6.05350704e-02 5.53983497e-02 1.25998961e-03
6.09554232e-02 5.51921398e-02 1.26727493e-03
6.13757755e-02 5.32605694e-02 1.23629195e-03
6.17961271e-02 5.06229069e-02 1.18401655e-03
6.22164781e-02 5.26189208e-02 1.20063148e-03
6.26368285e-02 5.08955967e-02 1.21717250e-03
6.30571783e-02 5.00750642e-02 1.19521180e-03
6.34775274e-02 5.23953848e-02 1.21836684e-03
6.38978758e-02 4.79657651e-02 1.18155830e-03
6.43182237e-02 4.85479125e-02 1.15994471e-03
6.47385709e-02 4.76800483e-02 1.13974026e-03
6.51589174e-02 4.57885541e-02 1.17932281e-03
6.55792633e-02 4.73686950e-02 1.14407083e-03
6.59996085e-02 4.63997656e-02 1.12410917e-03
6.64199530e-02 4.51847025e-02 1.09570828e-03
6.68402969e-02 4.62946833e-02 1.10711196e-03
6.72606401e-02 4.44564114e-02 1.09582002e-03
6.76809827e-02 4.48924862e-02 1.10823826e-03
6.81013245e-02 4.45172381e-02 1.08893167e-03
6.85216657e-02 4.43511491e-02 1.05892348e-03
6.89420062e-02 4.42753342e-02 1.11882120e-03
6.93623459e-02 4.34097525e-02 1.06373759e-03
6.97826850e-02 4.17290412e-02 1.04959541e-03
7.02030234e-02 4.08317130e-02 1.02784297e-03
7.06233611e-02 4.25666411e-02 1.04730271e-03
7.10436980e-02 4.12683258e-02 1.06488934e-03
7.14640343e-02 3.96935762e-02 1.04858128e-03
7.18843698e-02 4.02943803e-02 1.05239035e-03
7.23047046e-02 3.95172833e-02 1.03900040e-03
7.27250387e-02 3.91459712e-02 9.87941569e-04
7.31453720e-02 3.91189396e-02 1.03978373e-03
7.35657046e-02 3.69773887e-02 1.01671647e-03
7.39860365e-02 3.68969665e-02 1.01592239e-03
7.44063676e-02 3.76527788e-02 1.02082904e-03
7.48266980e-02 3.76670450e-02 1.00575761e-03
7.52470276e-02 3.66199066e-02 9.90232017e-04
7.56673565e-02 3.47370865e-02 9.63128933e-04
7.60876846e-02 3.65252074e-02 9.87816301e-04
7.65080119e-02 3.51678635e-02 9.38313176e-04
7.69283384e-02 3.37939168e-02 9.87421044e-04
7.73486642e-02 3.33440848e-02 9.73663640e-04
7.77689892e-02 3.42038772e-02 9.66413901e-04
7.81893135e-02 3.38058772e-02 9.78119851e-04
7.86096369e-02 3.37020212e-02 9.60259397e-04
7.90299595e-02 3.23171464e-02 9.33177683e-04
7.94502814e-02 3.35601110e-02 9.72087740e-04
7.98706024e-02 3.37107759e-02 9.55839625e-04
8.02909227e-02 3.06926450e-02 9.44221756e-04
8.07112421e-02 3.09807637e-02 9.08772310e-04
8.11315607e-02 2.94189648e-02 9.37197510e-04
8.15518785e-02 3.03438204e-02 9.31431009e-04
8.19721955e-02 3.02429467e-02 9.20827350e-04
8.23925117e-02 3.01215943e-02 9.25681828e-04
8.28128270e-02 2.85050319e-02 8.77782572e-04
8.32331415e-02 3.00947958e-02 9.06075155e-04
8.36534552e-02 2.87014608e-02 9.04592035e-04
8.40737680e-02 2.87025904e-02 8.84002258e-04
8.44940800e-02 2.85085211e-02 9.22078031e-04
8.49143911e-02 2.72267144e-02 8.93727510e-04
8.53347013e-02 2.71030503e-02 8.63674883e-04
8.57550107e-02 2.57136183e-02 8.92935895e-04
8.61753193e-02 2.50851880e-02 8.59694700e-04
8.65956270e-02 2.58340717e-02 8.43384346e-04
8.70159338e-02 2.58565206e-02 8.55238021e-04
8.74362397e-02 2.46243020e-02 8.57284052e-04
8.78565447e-02 2.43528631e-02 8.66270076e-04
8.82768489e-02 2.33726146e-02 8.50467060e-04
8.86971522e-02 2.45804081e-02 8.42312637e-04
8.91174545e-02 2.23863422e-02 8.41838063e-04
8.95377560e-02 2.31251160e-02 8.40283266e-04
8.99580566e-02 2.24088150e-02 8.05252252e-04
9.03783563e-02 2.23180282e-02 8.31927808e-04
9.07986550e-02 2.22509406e-02 8.23659655e-04
9.12189529e-02 2.23729094e-02 8.25188130e-04
9.16392498e-02 2.08978565e-02 8.11009961e-04
9.20595458e-02 2.12197948e-02 8.34225244e-04
9.24798409e-02 2.15912062e-02 8.29642368e-04
9.29001350e-02 2.07387588e-02 8.31872301e-04
9.33204283e-02 1.87584222e-02 8.44556417e-04
9.37407205e-02 1.98383059e-02 8.41190123e-04
9.41610119e-02 2.05107908e-02 8.42843494e-04
9.45813022e-02 1.91966281e-02 8.12544146e-04
9.50015917e-02 1.89723583e-02 8.06633262e-04
9.54218802e-02 1.91470921e-02 8.45694493e-04
9.58421677e-02 1.90607666e-02 8.15803218e-04
9.62624542e-02 2.01724905e-02 8.08613878e-04
9.66827398e-02 1.90647960e-02 7.92032080e-04
9.71030244e-02 1.78165954e-02 8.01825844e-04
9.75233080e-02 1.81634050e-02 8.06690010e-04
9.79435907e-02 1.74688445e-02 7.88732331e-04
9.83638723e-02 1.76524286e-02 7.92054238e-04
9.87841530e-02 1.60772378e-02 7.75641060e-04
9.92044327e-02 1.59083554e-02 7.78780501e-04
9.96247114e-02 1.62152969e-02 7.48313491e-04
1.00044989e-01 1.60644893e-02 7.68986171e-04
1.00465266e-01 1.48808473e-02 7.68697935e-04
1.00885541e-01 1.51415121e-02 7.51787708e-04
1.01305816e-01 1.49535887e-02 7.52106379e-04
1.01726090e-01 1.46300715e-02 7.40057234e-04
1.02146362e-01 1.56713806e-02 7.38695781e-04
1.02566634e-01 1.40888347e-02 7.68379965e-04
1.02986904e-01 1.22553075e-02 7.22078792e-04
1.03407174e-01 1.41459461e-02 7.33354798e-04
1.03827442e-01 1.27477187e-02 7.30383372e-04
1.04247710e-01 1.36374108e-02 7.32535319e-04
1.04667976e-01 1.28267091e-02 7.56595938e-04
1.05088241e-01 1.29223861e-02 7.36345468e-04
1.05508506e-01 1.32365138e-02 7.37302663e-04
1.05928769e-01 1.24224712e-02 7.16737928e-04
1.06349031e-01 1.29339805e-02 7.43091006e-04
1.06769292e-01 1.24533957e-02 7.60515946e-04
1.07189552e-01 1.27688096e-02 7.21947902e-04
1.07609811e-01 1.26534880e-02 7.57900251e-04
1.08030069e-01 1.16776541e-02 7.02393951e-04
1.08450325e-01 1.32885525e-02 7.28157573e-04
1.08870581e-01 1.10098530e-02 7.18984206e-04
1.09290836e-01 1.15114335e-02 7.04894990e-04
1.09711089e-01 1.12073770e-02 7.07588776e-04
1.10131341e-01 1.06281986e-02 6.79566235e-04
1.10551592e-01 1.04901596e-02 7.16708912e-04
1.10971843e-01 1.08143337e-02 6.82602626e-04
1.11392092e-01 1.10523752e-02 7.11702208e-04
1.11812339e-01 1.07411230e-02 6.84105524e-04
1.12232586e-01 1.01778718e-02 6.92660892e-04
1.12652832e-01 1.15619886e-02 7.06294905e-04
1.13073076e-01 1.03869392e-02 7.06390090e-04
1.13493320e-01 9.60736993e-03 7.10439243e-04
1.13913562e-01 9.59207778e-03 6.99184424e-04
1.14333803e-01 9.23356095e-03 6.95079016e-04
1.14754043e-01 9.36569910e-03 7.21140666e-04
1.15174282e-01 9.92309868e-03 7.15777243e-04
1.15594519e-01 8.84449565e-03 6.78190864e-04
1.16014756e-01 9.68375160e-03 7.02096081e-04
1.16434991e-01 7.18185699e-03 6.93790272e-04
1.16855225e-01 8.51141133e-03 7.03885198e-04
1.17275458e-01 8.31830189e-03 7.07369546e-04
1.17695690e-01 8.52893244e-03 6.95079098e-04
1.18115920e-01 7.52350981e-03 6.84201554e-04
1.18536149e-01 8.55852571e-03 6.77460468e-04
1.18956378e-01 7.46338114e-03 6.98483458e-04
1.19376605e-01 7.65089401e-03 6.95728288e-04
1.19796830e-01 7.67360333e-03 6.99020949e-04
1.20217055e-01 8.02525686e-03 6.90101113e-04
1.20637278e-01 7.03337049e-03 6.77180046e-04
1.21057500e-01 6.92438087e-03 7.00644790e-04
1.21477721e-01 6.44621572e-03 6.88080923e-04
1.21897941e-01 6.30414264e-03 6.77394733e-04
1.22318159e-01 7.57230068e-03 6.98683028e-04
1.22738377e-01 8.03005042e-03 6.71292841e-04
1.23158593e-01 7.26589854e-03 6.84497984e-04
1.23578807e-01 5.56541612e-03 6.63887813e-04
1.23999021e-01 5.84792408e-03 6.74964308e-04
1.24419233e-01 7.06408832e-03 6.86002839e-04
1.24839444e-01 8.21664395e-03 6.80356480e-04
1.25259654e-01 7.08267836e-03 6.53946804e-04
1.25679862e-01 6.26707143e-03 6.67052770e-04
1.26100070e-01 5.79235832e-03 6.81189106e-04
1.26520276e-01 5.29947107e-03 6.31011681e-04
1.26940480e-01 5.56096728e-03 6.61943006e-04
1.27360684e-01 4.89442375e-03 6.54141341e-04
1.27780886e-01 6.16253079e-03 6.48347129e-04
1.28201087e-01 4.87054056e-03 6.43965070e-04
1.28621286e-01 5.12473363e-03 6.31268782e-04
1.29041485e-01 6.80958901e-03 6.41867985e-04
1.29461682e-01 4.62781864e-03 6.30260039e-04
1.29881877e-01 4.67769163e-03 6.48611915e-04
1.30302072e-01 4.64252313e-03 6.31323802e-04
1.30722265e-01 6.15897796e-03 6.32747808e-04
1.31142456e-01 4.85193586e-03 6.25168802e-04
1.31562647e-01 4.70618271e-03 6.28375330e-04
1.31982836e-01 5.05616030e-03 6.58598308e-04
1.32403024e-01 4.58825375e-03 6.26541922e-04
1.32823210e-01 4.05489767e-03 6.07906440e-04
1.33243395e-01 5.10670875e-03 6.20635007e-04
1.33663579e-01 4.79926591e-03 6.22595530e-04
1.34083761e-01 5.25005404e-03 6.24504324e-04
1.34503942e-01 4.08421549e-03 6.45680521e-04
1.34924122e-01 4.93285753e-03 6.20461066e-04
1.35344300e-01 4.14673015e-03 6.12379851e-04
1.35764477e-01 4.35746544e-03 6.24841615e-04
1.36184653e-01 3.20848045e-03 6.21069379e-04
1.36604827e-01 4.41713108e-03 6.18316738e-04
1.37025000e-01 4.39540635e-03 6.26807811e-04
1.37445171e-01 4.11381047e-03 6.09396797e-04
1.37865341e-01 3.79703088e-03 6.14719359e-04
1.38285510e-01 3.12286000e-03 6.14762479e-04
1.38705677e-01 3.65569679e-03 6.16662357e-04
1.39125843e-01 4.56471576e-03 6.27985131e-04
1.39546008e-01 4.16605695e-03 5.99990701e-04
1.39966171e-01 4.35030936e-03 6.11992725e-04
1.40386333e-01 3.70905701e-03 6.12257751e-04
1.40806493e-01 3.59518772e-03 5.89297179e-04
1.41226652e-01 2.19888194e-03 5.78536625e-04
1.41646809e-01 3.92979700e-03 5.88725326e-04
1.42066965e-01 4.87578310e-03 5.94570833e-04
1.42487120e-01 3.02489103e-03 5.72965684e-04
1.42907273e-01 3.94414928e-03 5.87678192e-04
1.43327425e-01 3.67571299e-03 5.96901676e-04
1.43747575e-01 3.36847083e-03 6.09651232e-04
1.44167724e-01 3.32668267e-03 6.08559113e-04
1.44587871e-01 3.72508521e-03 5.93822097e-04
1.45008017e-01 3.06603898e-03 5.94209704e-04
1.45428162e-01 3.65248687e-03 6.12644794e-04
1.45848305e-01 3.79230930e-03 5.90891896e-04
1.46268446e-01 3.07199049e-03 5.86673067e-04
1.46688586e-01 3.27951159e-03 5.98679219e-04
1.47108725e-01 2.93036876e-03 6.01811230e-04
1.47528862e-01 2.40886478e-03 5.93511714e-04
1.47948998e-01 2.74769321e-03 5.91593083e-04
1.48369132e-01 3.39817481e-03 5.94658789e-04
1.48789265e-01 2.45594843e-03 6.06216810e-04
1.49209396e-01 2.31420999e-03 6.05718970e-04
1.49629525e-01 2.79791421e-03 5.86042171e-04
1.50049654e-01 3.39886725e-03 5.95194478e-04
1.50469780e-01 2.11976197e-03 5.97757009e-04
1.50889905e-01 2.75545509e-03 6.06824482e-04
1.51310029e-01 2.34423884e-03 6.01057160e-04
1.51730151e-01 2.44617115e-03 6.03405528e-04
1.52150272e-01 3.41124682e-03 6.05543575e-04
1.52570391e-01 1.81699945e-03 5.80349413e-04
1.52990508e-01 1.53176226e-03 5.70531001e-04
1.53410624e-01 3.00413961e-03 5.94837020e-04
1.53830738e-01 2.53926184e-03 5.72586532e-04
1.54250851e-01 2.60018428e-03 5.93357099e-04
1.54670963e-01 2.80629100e-03 5.81916600e-04
1.55091072e-01 2.62543513e-03 5.70864634e-04
1.55511180e-01 2.63905156e-03 5.87323495e-04
1.55931287e-01 2.59126762e-03 5.69365510e-04
1.56351392e-01 2.03054821e-03 5.68811263e-04
1.56771496e-01 1.46136071e-03 5.60971205e-04
1.57191598e-01 2.34770220e-03 5.62846286e-04
1.57611698e-01 2.97859021e-03 5.66856766e-04
1.58031797e-01 1.89481715e-03 5.59048972e-04
1.58451894e-01 3.10525280e-03 5.61413327e-04
1.58871989e-01 1.87205101e-03 5.60719441e-04
1.59292083e-01 1.72326699e-03 5.54529959e-04
1.59712176e-01 2.25960613e-03 5.68821882e-04
1.60132266e-01 1.78870280e-03 5.53847095e-04
1.60552355e-01 2.26928809e-03 5.47003783e-04
1.60972443e-01 1.09696190e-03 5.41183979e-04
1.61392529e-01 1.51222991e-03 5.53579254e-04
1.61812613e-01 1.87148577e-03 5.42533136e-04
1.62232696e-01 2.18912140e-03 5.36281029e-04
1.62652777e-01 2.25511430e-03 5.55696305e-04
1.63072856e-01 2.24502396e-03 5.44685448e-04
1.63492934e-01 2.23927692e-03 5.43119136e-04
1.63913010e-01 2.45048483e-03 5.38034738e-04
1.64333084e-01 2.21971002e-03 5.41404263e-04
1.64753157e-01 1.80485814e-03 5.33745600e-04
1.65173228e-01 1.75542612e-03 5.45195071e-04
1.65593298e-01 6.58735695e-04 5.36031822e-04
1.66013366e-01 2.18110924e-03 5.39368018e-04
1.66433432e-01 2.39966588e-03 5.49852122e-04
1.66853496e-01 1.89030557e-03 5.35456377e-04
1.67273559e-01 1.27344223e-03 5.25582556e-04
1.67693620e-01 2.02856637e-03 5.35519408e-04
1.68113680e-01 1.77073801e-03 5.31012643e-04
1.68533737e-01 1.23390083e-03 5.22466983e-04
1.68953793e-01 1.15030475e-03 5.25924200e-04
1.69373848e-01 1.48938462e-03 5.24260217e-04
1.69793900e-01 1.16571248e-03 5.17564933e-04
1.70213951e-01 1.69437092e-03 5.16473046e-04
1.70634000e-01 1.53531214e-03 5.24876697e-04
1.71054048e-01 1.54767256e-03 5.17320565e-04
1.71474094e-01 1.48721284e-03 5.14785724e-04
1.71894138e-01 1.77966682e-03 5.31623514e-04
1.72314180e-01 1.95454084e-03 5.14536488e-04
1.72734221e-01 7.70030076e-04 5.11102657e-04
1.73154259e-01 2.01110618e-03 5.10081557e-04
1.73574297e-01 1.24068418e-03 5.17581022e-04
1.73994332e-01 1.10894110e-03 5.21792739e-04
1.74414365e-01 1.56116403e-03 5.10963923e-04
1.74834397e-01 1.55505321e-03 5.12097085e-04
1.75254427e-01 1.18981004e-03 5.12254946e-04
1.75674456e-01 2.56372648e-03 5.20337722e-04
1.76094482e-01 1.27636843e-03 5.12150194e-04
1.76514507e-01 4.58950127e-04 5.03680408e-04
1.76934530e-01 1.66780963e-03 5.02645988e-04
1.77354551e-01 1.00362448e-03 5.09830914e-04
1.77774571e-01 1.62290839e-03 5.01156202e-04
1.78194588e-01 8.35734018e-04 4.96831517e-04
1.78614604e-01 1.11428256e-03 5.09456000e-04
1.79034618e-01 1.35442731e-03 4.99025410e-04
1.79454631e-01 1.93261049e-03 5.00283088e-04
1.79874641e-01 2.36464400e-03 4.97058342e-04
1.80294650e-01 1.17565700e-03 4.88407186e-04
1.80714657e-01 1.40899980e-03 5.02863491e-04
1.81134662e-01 1.02525314e-03 4.97488232e-04
1.81554665e-01 1.16858058e-03 5.07776875e-04
1.81974666e-01 1.75671967e-03 4.97907616e-04
1.82394666e-01 1.39498062e-03 4.94199943e-04
1.82814663e-01 1.51475290e-03 5.04027138e-04
1.83234659e-01 1.14163729e-03 4.86559319e-04
1.83654653e-01 1.05908717e-03 4.91209407e-04
1.84074646e-01 8.47664253e-04 4.86898150e-04
1.84494636e-01 1.12938439e-03 4.80559473e-04
1.84914624e-01 1.02465965e-03 5.03415926e-04
1.85334611e-01 1.63298240e-03 4.91580362e-04
1.85754596e-01 1.90959709e-03 4.87268143e-04
1.86174579e-01 1.25522990e-03 4.87735410e-04
1.86594560e-01 1.28348390e-03 4.89464520e-04
1.87014539e-01 5.22405577e-04 4.83049090e-04
1.87434516e-01 1.03308864e-03 4.78199237e-04
1.87854491e-01 9.96946880e-04 4.87360702e-04
1.88274465e-01 8.92160770e-04 4.80643502e-04
1.88694437e-01 5.55408990e-04 4.74839158e-04
1.89114406e-01 9.34814775e-04 4.89378010e-04
1.89534374e-01 8.94764299e-04 4.83736144e-04
1.89954340e-01 7.72722366e-04 4.81760937e-04
1.90374304e-01 1.20615001e-03 4.79997567e-04
1.90794266e-01 1.63267606e-03 4.92899056e-04
1.91214226e-01 2.06462912e-03 4.87415845e-04
1.91634184e-01 1.62280965e-03 4.86433378e-04
1.92054141e-01 1.53367435e-03 4.78746873e-04
1.92474095e-01 1.29096291e-03 4.73783717e-04
1.92894047e-01 1.32391287e-03 4.79709941e-04
1.93313998e-01 4.80395384e-04 4.70210770e-04
1.93733946e-01 9.01241006e-04 4.64370528e-04
1.94153893e-01 5.08893019e-04 4.80147991e-04
1.94573838e-01 1.26806838e-03 4.76283082e-04
1.94993780e-01 1.69247727e-03 4.82343300e-04
1.95413721e-01 1.24033517e-03 4.62413271e-04
1.95833660e-01 1.25827859e-04 4.58642391e-04
1.96253597e-01 2.02104298e-03 4.67177396e-04
1.96673531e-01 1.10715331e-03 4.66713600e-04
1.97093464e-01 4.15441857e-04 4.62850436e-04
1.97513395e-01 4.64647352e-04 4.53226749e-04
1.97933324e-01 9.34871221e-04 4.62120731e-04
1.98353251e-01 9.77983303e-04 4.72980817e-04
1.98773176e-01 4.75202758e-04 4.64720394e-04
1.99193099e-01 1.33014290e-03 4.69282862e-04
1.99613019e-01 6.26255143e-04 4.64626065e-04
2.00032938e-01 3.23165282e-04 4.61794553e-04
2.00452855e-01 -2.82770344e-04 4.59481706e-04
2.00872770e-01 8.84296178e-04 4.52660309e-04
2.01292683e-01 1.42709924e-03 4.53855813e-04
2.01712594e-01 9.99057087e-04 4.63435084e-04
2.02132502e-01 9.36320844e-04 4.54730037e-04
2.02552409e-01 5.83934087e-04 4.57943363e-04
2.02972314e-01 8.23991615e-04 4.55160229e-04
2.03392217e-01 7.93595861e-04 4.60175323e-04
2.03812117e-01 1.31867085e-03 4.65617859e-04
2.04232016e-01 1.49963701e-03 4.66356002e-04
2.04651912e-01 1.04626077e-03 4.57181976e-04
2.05071807e-01 3.60678448e-04 4.61347129e-04
2.05491699e-01 1.34937920e-03 4.68736642e-04
2.05911590e-01 1.85742860e-03 4.69162112e-04
2.06331478e-01 1.59885428e-03 4.58445585e-04
2.06751364e-01 1.07588573e-03 4.59833846e-04
2.07171248e-01 1.14849371e-03 4.65991325e-04
2.07591130e-01 2.38180832e-04 4.56338306e-04
2.08011010e-01 8.30222024e-04 4.69224284e-04
2.08430888e-01 1.75588781e-04 4.63084826e-04
2.08850764e-01 5.49965982e-04 4.69094242e-04
2.09270637e-01 4.41371526e-04 4.51393182e-04
2.09690509e-01 8.12216937e-04 4.59512042e-04
2.10110378e-01 7.22350231e-04 4.63260736e-04
2.10530246e-01 3.98953597e-04 4.66232185e-04
2.10950111e-01 1.24491606e-03 4.62666867e-04
2.11369974e-01 1.29223426e-03 4.61444663e-04
2.11789835e-01 1.41981930e-03 4.76273056e-04
2.12209694e-01 6.59145210e-04 4.52531696e-04
2.12629551e-01 1.28105989e-03 4.52950093e-04
2.13049405e-01 4.31088381e-04 4.58625936e-04
2.13469258e-01 3.01452543e-04 4.45656100e-04
2.13889108e-01 2.84354009e-04 4.54133030e-04
2.14308956e-01 7.16858369e-04 4.62223565e-04
2.14728802e-01 1.08922239e-03 4.60271643e-04
2.15148646e-01 5.82117562e-04 4.47383926e-04
2.15568487e-01 8.04317246e-04 4.51322569e-04
2.15988327e-01 9.57799536e-04 4.59754816e-04
2.16408164e-01 8.75473401e-04 4.53675821e-04
2.16827999e-01 1.61977882e-03 4.39012246e-04
2.17247832e-01 6.96350599e-04 4.52466553e-04
2.17667663e-01 1.85844367e-03 4.42709493e-04
2.18087492e-01 1.11712310e-03 4.48145509e-04
2.18507318e-01 1.04475382e-03 4.44423903e-04
2.18927142e-01 6.68753646e-05 4.30880484e-04
2.19346964e-01 1.48592289e-03 4.56635402e-04
2.19766784e-01 4.74844580e-04 4.46416517e-04
2.20186602e-01 7.77062512e-04 4.43669814e-04
2.20606417e-01 1.04082240e-03 4.35618377e-04
2.21026230e-01 1.15429667e-03 4.32644363e-04
2.21446041e-01 1.39519989e-04 4.41730111e-04
2.21865850e-01 8.16627310e-04 4.34618725e-04
2.22285656e-01 1.09606648e-03 4.41062836e-04
2.22705461e-01 6.02538859e-04 4.26867184e-04
2.23125263e-01 6.06460879e-04 4.27057078e-04
2.23545063e-01 1.24482529e-03 4.32144321e-04
2.23964860e-01 1.10690892e-03 4.37433710e-04
2.24384655e-01 6.37694411e-04 4.36454989e-04
2.24804448e-01 8.35950097e-04 4.24835200e-04
2.25224239e-01 7.38926459e-04 4.36616955e-04
2.25644028e-01 6.35558996e-04 4.23660818e-04
2.26063814e-01 1.27406915e-04 4.26675738e-04
2.26483598e-01 -3.20494918e-04 4.36258751e-04
2.26903379e-01 3.61533847e-04 4.35563240e-04
2.27323159e-01 7.71963624e-04 4.30697456e-04
2.27742936e-01 1.47940839e-03 4.41134363e-04
2.28162711e-01 2.27152425e-04 4.29136351e-04
2.28582483e-01 1.13976942e-03 4.33985691e-04
2.29002254e-01 1.73774628e-03 4.38628376e-04
2.29422022e-01 1.27975484e-03 4.29284765e-04
2.29841787e-01 1.02441643e-03 4.29295512e-04
2.30261550e-01 7.55138199e-04 4.38382855e-04
2.30681311e-01 1.05046764e-03 4.22119642e-04
2.31101070e-01 1.16544234e-03 4.23992267e-04
2.31520827e-01 9.12195578e-04 4.26975757e-04
2.31940581e-01 1.56195156e-03 4.17636842e-04
2.32360332e-01 1.09586155e-03 4.20648307e-04
2.32780082e-01 6.75107873e-04 4.25476171e-04
2.33199829e-01 4.98576903e-04 4.27367255e-04
2.33619573e-01 1.01278387e-03 4.23881138e-04
2.34039316e-01 6.89345792e-04 4.19902540e-04
2.34459056e-01 1.65728418e-04 4.17328707e-04
2.34878793e-01 3.47923088e-04 4.28437197e-04
2.35298529e-01 7.50347581e-04 4.25991755e-04
2.35718262e-01 4.04936242e-04 4.18088427e-04
2.36137992e-01 1.14981333e-03 4.38320081e-04
2.36557720e-01 5.55783786e-04 4.35869871e-04
2.36977446e-01 1.58687374e-03 4.23312809e-04
2.37397170e-01 1.36913728e-03 4.37760476e-04
2.37816891e-01 1.58031314e-03 4.37995528e-04
2.38236609e-01 1.21127602e-03 4.34021444e-04
2.38656325e-01 1.84982221e-03 4.26721170e-04
2.39076039e-01 8.25684072e-04 4.20020721e-04
2.39495751e-01 1.11683762e-03 4.25130959e-04
2.39915460e-01 9.15788908e-04 4.27559489e-04
2.40335166e-01 8.55041855e-04 4.31147230e-04
2.40754871e-01 8.36953396e-04 4.25412499e-04
2.41174572e-01 1.47357624e-03 4.21251655e-04
2.41594272e-01 9.44732085e-04 4.30797159e-04
2.42013969e-01 6.91752758e-04 4.19710215e-04
2.42433663e-01 1.88737154e-04 4.15063872e-04
2.42853355e-01 5.47288693e-04 4.12999967e-04
2.43273045e-01 1.49331444e-03 4.18378392e-04
2.43692732e-01 8.50986380e-04 4.22376464e-04
2.44112417e-01 1.35740563e-03 4.16733328e-04
2.44532099e-01 1.18700352e-03 4.25732138e-04
2.44951779e-01 9.62969997e-04 4.26176568e-04
2.45371457e-01 7.63344788e-04 4.10326139e-04
2.45791131e-01 1.26014000e-03 4.12049111e-04
2.46210804e-01 9.39008676e-04 4.11794650e-04
2.46630474e-01 1.29354406e-03 4.18268512e-04
2.47050141e-01 1.43223408e-03 4.10476520e-04
2.47469806e-01 4.88014309e-04 4.18206053e-04
2.47889469e-01 9.77846287e-04 4.09394721e-04
2.48309129e-01 9.95227410e-04 4.11907045e-04
2.48728787e-01 6.62167213e-04 3.99332973e-04
2.49148442e-01 1.45161703e-03 4.07151584e-04
2.49568094e-01 5.56981315e-04 4.06729679e-04
2.49987744e-01 1.15216436e-03 4.05286334e-04
2.50407392e-01 1.67685586e-03 4.02135787e-04
2.50827037e-01 9.63728532e-04 4.05350650e-04
2.51246679e-01 6.40222059e-04 4.00485537e-04
2.51666319e-01 1.02609137e-03 4.07521275e-04
2.52085957e-01 1.21629664e-03 4.03006433e-04
2.52505592e-01 7.72691762e-04 4.03528085e-04
2.52925224e-01 5.43593727e-04 4.01775474e-04
2.53344854e-01 5.40911914e-04 3.97417550e-04
2.53764481e-01 8.24613241e-04 3.92857767e-04
2.54184106e-01 6.84504809e-04 3.99485956e-04
2.54603728e-01 1.54701938e-03 4.07919294e-04
2.55023348e-01 5.66381806e-04 4.00644927e-04
2.55442965e-01 1.16465623e-03 3.96400946e-04
2.55862579e-01 9.74267157e-04 4.06663683e-04
2.56282191e-01 3.84024451e-04 3.94015077e-04
2.56701800e-01 5.50701317e-04 3.96237407e-04
2.57121407e-01 8.42891689e-04 3.96897511e-04
2.57541011e-01 1.18245296e-03 3.93108852e-04
2.57960613e-01 1.10882167e-03 3.87329459e-04
2.58380212e-01 8.47444819e-04 3.92538332e-04
2.58799808e-01 1.10836215e-03 3.93137677e-04
2.59219402e-01 1.22849136e-03 3.82339890e-04
2.59638994e-01 1.46716503e-03 3.99650375e-04
2.60058582e-01 3.25933902e-04 3.93218419e-04
2.60478168e-01 7.70122121e-04 3.86183046e-04
2.60897752e-01 1.27676394e-03 3.91820967e-04
2.61317332e-01 1.02587471e-03 3.90014876e-04
2.61736910e-01 6.21869933e-04 3.92760043e-04
2.62156486e-01 1.11168488e-03 3.89974062e-04
2.62576059e-01 1.13903565e-03 3.96335447e-04
2.62995629e-01 1.39772266e-03 3.95344838e-04
2.63415197e-01 1.07881960e-03 3.92001583e-04
2.63834762e-01 1.18534744e-03 3.93060484e-04
2.64254324e-01 7.06162296e-04 3.91578796e-04
2.64673884e-01 1.49961367e-03 3.86236622e-04
2.65093441e-01 1.00718221e-03 3.85467271e-04
2.65512995e-01 5.13969704e-06 3.79270668e-04
2.65932547e-01 7.54824361e-04 3.89038500e-04
2.66352096e-01 7.58677138e-04 3.93947045e-04
2.66771642e-01 8.17393481e-04 3.84820952e-04
2.67191186e-01 9.41856559e-04 3.84131774e-04
2.67610727e-01 1.01064899e-03 3.86340109e-04
2.68030265e-01 5.44381582e-04 3.77014895e-04
2.68449801e-01 9.98828672e-04 3.83097988e-04
2.68869333e-01 9.88273881e-04 3.84938824e-04
2.69288864e-01 1.00326313e-03 3.87446468e-04
2.69708391e-01 1.65658962e-03 3.82703498e-04
2.70127916e-01 7.02786900e-04 3.79749533e-04
2.70547438e-01 1.42930485e-03 3.73953195e-04
2.70966957e-01 1.00057856e-03 3.78978834e-04
2.71386474e-01 7.67984262e-04 3.77009424e-04
2.71805988e-01 1.37258480e-04 3.77937967e-04
2.72225499e-01 6.51505436e-04 3.85816006e-04
2.72645008e-01 4.52943302e-04 3.81792313e-04
2.73064513e-01 1.60511778e-03 3.80345784e-04
2.73484016e-01 9.84559036e-04 3.75587711e-04
2.73903517e-01 1.38439743e-03 3.78481318e-04
2.74323014e-01 1.49994739e-03 3.83414070e-04
2.74742509e-01 1.08498184e-03 3.85297359e-04
2.75162001e-01 5.37042041e-04 3.76349903e-04
2.75581490e-01 9.68507898e-04 3.76084880e-04
2.76000976e-01 2.13488568e-04 3.73217594e-04
2.76420460e-01 1.15275264e-03 3.75302710e-04
2.76839941e-01 7.38750966e-04 3.84663490e-04
2.77259419e-01 1.27237300e-03 3.82886334e-04
2.77678894e-01 1.13925674e-03 3.72314504e-04
2.78098367e-01 1.23617269e-03 3.72709381e-04
2.78517837e-01 1.71827207e-03 3.73217204e-04
2.78937304e-01 7.48200261e-04 3.71056119e-04
2.79356768e-01 9.22491233e-04 3.66755924e-04
2.79776229e-01 4.19276348e-04 3.68712058e-04
2.80195688e-01 7.36949946e-04 3.71311642e-04
2.80615143e-01 6.89675535e-04 3.72099877e-04
2.81034596e-01 9.35763848e-04 3.71380676e-04
2.81454046e-01 7.91285729e-04 3.65489137e-04
2.81873494e-01 2.88641574e-04 3.65266461e-04
2.82292938e-01 8.14740691e-04 3.65257216e-04
2.82712380e-01 6.99470103e-04 3.69676785e-04
2.83131819e-01 1.05197380e-03 3.77634453e-04
2.83551254e-01 1.23423565e-03 3.64135281e-04
2.83970688e-01 6.30453497e-04 3.71073008e-04
2.84390118e-01 1.51860742e-03 3.73405084e-04
2.84809545e-01 9.27048353e-04 3.63120285e-04
2.85228970e-01 7.18465503e-04 3.71995430e-04
2.85648391e-01 1.18325121e-03 3.67207669e-04
2.86067810e-01 9.14521600e-04 3.71050015e-04
2.86487226e-01 1.00292156e-03 3.67390732e-04
2.86906639e-01 9.85763294e-04 3.65554127e-04
2.87326049e-01 9.78742390e-04 3.75682783e-04
2.87745457e-01 1.81480402e-04 3.68032504e-04
2.88164861e-01 5.00700072e-04 3.63455730e-04
2.88584262e-01 1.02581548e-03 3.64665044e-04
2.89003661e-01 1.45957496e-03 3.66069189e-04
2.89423057e-01 1.20485121e-03 3.64839221e-04
2.89842450e-01 1.14758063e-03 3.62245530e-04
2.90261839e-01 1.08336577e-03 3.60732914e-04
2.90681226e-01 3.54930039e-04 3.60994376e-04
2.91100611e-01 9.01392170e-04 3.63368186e-04
2.91519992e-01 8.34088265e-04 3.64674549e-04
2.91939370e-01 3.37113042e-04 3.61267205e-04
2.92358745e-01 4.40102031e-04 3.64287157e-04
2.92778118e-01 4.52399776e-04 3.63416773e-04
2.93197487e-01 1.28176116e-03 3.67191528e-04
2.93616853e-01 5.90608222e-04 3.55499735e-04
2.94036217e-01 8.24566952e-04 3.62915434e-04
2.94455578e-01 1.35137480e-03 3.71143767e-04
2.94874935e-01 1.61732476e-04 3.59036604e-04
2.95294290e-01 1.50035843e-03 3.67334605e-04
2.95713642e-01 1.21391602e-03 3.65110647e-04
2.96132990e-01 8.49231020e-04 3.67482052e-04
2.96552336e-01 1.72131566e-04 3.67073240e-04
2.96971679e-01 -5.68317627e-05 3.63629998e-04
2.97391019e-01 1.81675038e-04 3.67774078e-04
2.97810356e-01 4.68580520e-04 3.69856892e-04
2.98229689e-01 9.44738394e-04 3.65381336e-04
2.98649020e-01 9.12262572e-04 3.69902119e-04
2.99068348e-01 5.62422716e-04 3.65323607e-04
2.99487673e-01 1.20729525e-03 3.75089157e-04
2.99906995e-01 1.42414133e-04 3.66053851e-04
3.00326314e-01 3.64871550e-04 3.70871073e-04
3.00745629e-01 1.16986391e-04 3.60849546e-04
3.01164942e-01 5.22241479e-04 3.64673897e-04
3.01584252e-01 5.20994015e-05 3.65709414e-04
3.02003559e-01 2.01398440e-04 3.75004626e-04
3.02422863e-01 4.11493972e-04 3.64712847e-04
3.02842163e-01 1.26658937e-03 3.70542904e-04
3.03261461e-01 5.24777225e-04 3.68932443e-04
3.03680756e-01 5.66547672e-04 3.70545563e-04
3.04100047e-01 1.04896253e-03 3.70733139e-04
3.04519336e-01 7.38336551e-04 3.68281900e-04
3.04938621e-01 8.70869203e-04 3.66784278e-04
3.05357904e-01 -9.40273040e-05 3.63726888e-04
3.05777183e-01 4.19376742e-04 3.64537143e-04
3.06196459e-01 1.40559271e-03 3.66653365e-04
3.06615732e-01 8.51298959e-04 3.69935363e-04
3.07035003e-01 7.10310888e-04 3.63687838e-04
3.07454270e-01 7.45185386e-04 3.69548910e-04
3.07873534e-01 5.25588274e-04 3.62891687e-04
3.08292794e-01 4.31827334e-04 3.72912616e-04
3.08712052e-01 3.42345912e-04 3.62000608e-04
3.09131307e-01 -1.96936478e-04 3.65019544e-04
3.09550559e-01 6.34334642e-04 3.63632455e-04
3.09969807e-01 1.31174977e-03 3.65555467e-04
3.10389052e-01 9.07882907e-04 3.62002302e-04
3.10808295e-01 4.54170079e-04 3.57877927e-04
3.11227534e-01 8.71851212e-04 3.67093122e-04
3.11646770e-01 4.08352672e-04 3.64200106e-04
3.12066003e-01 1.53157108e-04 3.58833538e-04
3.12485233e-01 7.48809352e-05 3.58158234e-04
3.12904459e-01 3.58905057e-04 3.65053313e-04
3.13323683e-01 3.33545986e-04 3.63241127e-04
3.13742903e-01 6.10134593e-04 3.56447554e-04
3.14162120e-01 5.12300134e-05 3.63281104e-04
3.14581334e-01 7.57254143e-04 3.67977861e-04
3.15000545e-01 3.52203728e-04 3.69796691e-04
3.15419753e-01 5.95145291e-04 3.75296594e-04
3.15838958e-01 6.05430581e-04 3.60886498e-04
3.16258159e-01 9.91356936e-05 3.63758370e-04
3.16677357e-01 6.80041443e-04 3.65419986e-04
3.17096552e-01 5.86253825e-04 3.61089833e-04
3.17515744e-01 4.55257288e-04 3.67873535e-04
3.17934933e-01 4.90734972e-04 3.59063020e-04
3.18354118e-01 9.87046561e-05 3.66006937e-04
3.18773301e-01 2.95524652e-04 3.60307609e-04
3.19192480e-01 9.57067585e-04 3.57780709e-04
3.19611656e-01 1.12222056e-03 3.59368603e-04
3.20030829e-01 2.70701991e-04 3.48987424e-04
3.20449998e-01 3.82040174e-04 3.59717825e-04
3.20869164e-01 -8.10779051e-05 3.69293662e-04
3.21288328e-01 1.04488756e-03 3.65503834e-04
3.21707487e-01 8.89659709e-04 3.73352643e-04
3.22126644e-01 3.49087346e-04 3.66493048e-04
3.22545797e-01 8.43840480e-04 3.60658644e-04
3.22964948e-01 3.41364067e-04 3.66672068e-04
3.23384095e-01 -1.32890345e-04 3.69717512e-04
3.23803238e-01 7.27832087e-04 3.78408354e-04
3.24222379e-01 2.92326447e-04 3.78940007e-04
3.24641516e-01 4.40878079e-04 3.85229156e-04
3.25060650e-01 7.16925629e-04 3.84455528e-04
3.25479781e-01 8.66699505e-04 3.93371256e-04
3.25898908e-01 1.06850230e-04 3.84030328e-04
3.26318032e-01 1.34335292e-03 3.90215712e-04
3.26737153e-01 1.61549631e-05 3.86708785e-04
3.27156271e-01 3.41977601e-04 3.88820642e-04
3.27575385e-01 2.60736098e-04 3.89127091e-04
3.27994496e-01 2.47205174e-04 3.80066192e-04
3.28413604e-01 4.07866282e-04 3.90761535e-04
3.28832708e-01 1.02512305e-03 3.89326731e-04
3.29251810e-01 7.52908996e-04 3.94883319e-04
3.29670907e-01 2.75665495e-04 3.95163101e-04
3.30090002e-01 5.24053529e-04 3.93281440e-04
3.30509093e-01 5.76020654e-04 4.04186587e-04
3.30928181e-01 -7.18474834e-05 4.02998833e-04
3.31347266e-01 2.31393588e-04 3.97084029e-04
3.31766347e-01 3.00493518e-04 4.03219153e-04
3.32185425e-01 -3.47909435e-04 3.87906759e-04
3.32604500e-01 1.79996823e-04 3.93001343e-04
3.33023571e-01 -3.09082394e-04 4.04792012e-04
3.33442639e-01 3.27904712e-04 4.02638577e-04
3.33861704e-01 -1.39563340e-04 4.02309206e-04
3.34280765e-01 4.97120296e-04 4.00930791e-04
3.34699823e-01 4.01505807e-04 4.08125291e-04
3.35118878e-01 5.00043981e-04 4.01777624e-04
3.35537929e-01 6.85663263e-04 4.03254729e-04
3.35956977e-01 9.95756179e-04 4.07556304e-04
3.36376021e-01 2.74642583e-04 4.10033356e-04
3.36795062e-01 1.61277424e-04 4.07747075e-04
3.37214100e-01 6.75867233e-04 4.03566398e-04
3.37633135e-01 7.24392045e-04 3.99778184e-04
3.38052166e-01 1.89620982e-04 4.09373991e-04
3.38471193e-01 2.35232697e-04 3.98462521e-04
3.38890217e-01 1.22345963e-03 4.02144411e-04
3.39309238e-01 7.10518997e-05 4.07625469e-04
3.39728256e-01 5.13281850e-04 4.14366418e-04
3.40147270e-01 7.99347217e-04 4.07735853e-04
3.40566280e-01 -1.93497947e-04 4.10235448e-04
3.40985288e-01 5.29545585e-04 4.09558881e-04
3.41404291e-01 2.65170195e-04 4.09902254e-04
3.41823292e-01 -5.55562259e-04 4.13326711e-04
3.42242289e-01 6.80831580e-04 4.10877193e-04
3.42661282e-01 2.14251082e-05 4.12143098e-04
3.43080272e-01 8.56163458e-04 4.10245083e-04
3.43499259e-01 1.25462514e-03 4.13454355e-04
3.43918242e-01 -9.82920486e-04 4.09240263e-04
3.44337222e-01 7.55092939e-04 4.07920831e-04
3.44756198e-01 8.86266505e-04 4.15439380e-04
3.45175171e-01 6.00066400e-04 4.16739106e-04
3.45594140e-01 1.12671983e-03 4.16362684e-04
3.46013106e-01 9.87179154e-04 4.12658335e-04
3.46432069e-01 3.79332536e-04 4.22234114e-04
3.46851028e-01 4.56293744e-04 4.17557469e-04
3.47269983e-01 3.83156068e-04 4.07574332e-04
3.47688935e-01 7.72235637e-05 4.19855157e-04
3.48107884e-01 6.70089628e-04 4.18447455e-04
3.48526829e-01 7.11732749e-04 4.18148120e-04
3.48945770e-01 2.88853732e-04 4.14113655e-04
3.49364708e-01 1.56271087e-04 4.12491372e-04
3.49783643e-01 9.00223339e-04 4.22681826e-04
3.50202574e-01 1.14192724e-03 4.27263683e-04
3.50621502e-01 3.91436692e-04 4.24625257e-04
3.51040426e-01 2.30848629e-04 4.23107032e-04
3.51459346e-01 4.75209732e-04 4.10170146e-04
3.51878263e-01 -4.27037820e-04 4.20055211e-04
3.52297177e-01 -1.06517746e-05 4.20666950e-04
3.52716087e-01 2.37029040e-04 4.27165423e-04
3.53134993e-01 6.84137844e-04 4.35098454e-04
3.53553896e-01 6.58775346e-04 4.29150595e-04
3.53972795e-01 6.88314145e-06 4.20005354e-04
3.54391691e-01 -1.20701147e-04 4.24241384e-04
3.54810584e-01 -2.97264570e-04 4.29770429e-04
3.55229472e-01 1.49942074e-04 4.34895333e-04
3.55648357e-01 3.22407136e-04 4.30540730e-04
3.56067239e-01 7.67610435e-04 4.26688782e-04
3.56486117e-01 5.39510643e-04 4.33332398e-04
3.56904991e-01 1.17817118e-04 4.33528377e-04
3.57323862e-01 7.41409713e-05 4.33218622e-04
3.57742730e-01 -2.15139531e-04 4.38330682e-04
3.58161593e-01 6.19613933e-04 4.31040309e-04
3.58580453e-01 9.01572255e-04 4.36725197e-04
3.58999310e-01 9.09051542e-04 4.45703838e-04
3.59418163e-01 -4.08375266e-04 4.34351150e-04
3.59837012e-01 2.01342965e-04 4.27362475e-04
3.60255858e-01 6.29484113e-04 4.40940987e-04
3.60674700e-01 2.26897442e-05 4.35933087e-04
3.61093539e-01 6.70601614e-05 4.48354795e-04
3.61512374e-01 2.88005831e-04 4.32446927e-04
3.61931205e-01 1.28348579e-03 4.35772141e-04
3.62350032e-01 3.96412273e-05 4.46083826e-04
3.62768857e-01 3.62342951e-04 4.39295475e-04
3.63187677e-01 2.61638770e-04 4.42298566e-04
3.63606494e-01 5.64854469e-04 4.43911662e-04
3.64025307e-01 8.85830046e-05 4.42779875e-04
3.64444116e-01 6.89973278e-04 4.33628012e-04
3.64862922e-01 9.85919389e-04 4.47251011e-04
3.65281724e-01 8.98828542e-04 4.49839028e-04
3.65700523e-01 3.47513545e-04 4.38065654e-04
3.66119318e-01 -2.12140418e-04 4.43236020e-04
3.66538109e-01 4.02633355e-06 4.38089047e-04
3.66956896e-01 3.91089055e-04 4.54379222e-04
3.67375680e-01 3.30984108e-04 4.44885993e-04
3.67794460e-01 8.75814028e-04 4.52957138e-04
3.68213237e-01 1.12053119e-03 4.50859733e-04
3.68632010e-01 9.67793122e-04 4.34252566e-04
3.69050779e-01 7.01057281e-04 4.56445248e-04
3.69469544e-01 -1.27949689e-04 4.43748619e-04
3.69888306e-01 7.86246649e-04 4.51694654e-04
3.70307064e-01 2.76682668e-04 4.48045663e-04
3.70725818e-01 3.63900820e-05 4.47511072e-04
3.71144569e-01 7.22892844e-04 4.60273470e-04
3.71563316e-01 4.98959152e-04 4.58514578e-04
3.71982059e-01 2.42663026e-04 4.34147939e-04
3.72400798e-01 -7.49281623e-04 4.45854707e-04
3.72819534e-01 2.42218433e-04 4.45856957e-04
3.73238266e-01 2.33501046e-04 4.54878461e-04
3.73656994e-01 4.60660406e-04 4.57299720e-04
3.74075719e-01 -2.56568299e-04 4.56717561e-04
3.74494439e-01 3.83509825e-04 4.51212604e-04
3.74913156e-01 1.20369111e-04 4.47126160e-04
3.75331870e-01 3.68324970e-04 4.61037752e-04
3.75750579e-01 -5.62352012e-05 4.63905147e-04
3.76169285e-01 -1.70513027e-04 4.54754635e-04
3.76587987e-01 -3.85594879e-05 4.55482260e-04
3.77006685e-01 8.63452358e-04 4.68997749e-04
3.77425380e-01 6.24603350e-04 4.60183343e-04
3.77844070e-01 -1.59485175e-04 4.62995295e-04
3.78262757e-01 6.26717853e-04 4.66484126e-04
3.78681440e-01 7.24193011e-04 4.60206356e-04
3.79100119e-01 -4.03770641e-04 4.50038856e-04
3.79518795e-01 4.67279449e-04 4.60078297e-04
3.79937467e-01 8.23657067e-04 4.51013154e-04
3.80356135e-01 2.91443716e-04 4.55704683e-04
3.80774799e-01 -1.18296011e-04 4.51549055e-04
3.81193459e-01 2.15422410e-04 4.63731080e-04
3.81612115e-01 2.59123015e-04 4.63277381e-04
3.82030768e-01 6.71011211e-04 4.60986435e-04
3.82449417e-01 2.48245381e-04 4.66316663e-04
3.82868062e-01 8.35079292e-04 4.75100248e-04
3.83286703e-01 3.64940875e-05 4.81102543e-04
3.83705340e-01 -2.77023051e-04 4.80657620e-04
3.84123974e-01 4.27529040e-04 4.85553733e-04
3.84542604e-01 1.31210138e-04 4.71057237e-04
3.84961229e-01 5.68687239e-04 4.92621946e-04
3.85379851e-01 8.54327952e-04 4.95715390e-04
3.85798469e-01 1.29604231e-03 4.87216812e-04
3.86217084e-01 2.94644796e-04 4.96734675e-04
3.86635694e-01 4.55271384e-04 5.02505497e-04
3.87054301e-01 5.23815575e-04 4.94090662e-04
3.87472903e-01 3.35171612e-04 4.90288108e-04
3.87891502e-01 1.49376769e-03 4.99108974e-04
3.88310097e-01 -1.65218053e-04 5.09305050e-04
3.88728688e-01 3.20199818e-04 5.06080449e-04
3.89147275e-01 9.37227872e-04 5.06445523e-04
3.89565858e-01 5.47798401e-04 4.96735205e-04
3.89984437e-01 2.10828418e-04 4.99036755e-04
3.90403013e-01 8.63951421e-04 5.20437545e-04
3.90821584e-01 3.16411530e-05 5.25626394e-04
3.91240152e-01 8.99080455e-04 5.20766462e-04
3.91658716e-01 1.57975165e-03 5.25346804e-04
3.92077275e-01 7.09656355e-04 5.23884548e-04
3.92495831e-01 7.14621179e-04 5.41688600e-04
3.92914383e-01 2.03057849e-04 5.21573938e-04
3.93332931e-01 6.39998232e-04 5.35371862e-04
3.93751475e-01 1.76159304e-04 5.35591557e-04
3.94170015e-01 8.33637677e-05 5.36332632e-04
3.94588552e-01 3.02167754e-04 5.30079524e-04
3.95007084e-01 -3.78823878e-04 5.44662041e-04
3.95425612e-01 -8.83375761e-04 5.35552743e-04
3.95844136e-01 3.18936128e-04 5.32755562e-04
3.96262657e-01 6.26974510e-05 5.35743064e-04
3.96681173e-01 5.52203037e-04 5.46242973e-04
3.97099686e-01 9.61362304e-04 5.51039362e-04
3.97518194e-01 2.04580687e-04 5.37328660e-04
3.97936698e-01 1.10915382e-03 5.46256010e-04
3.98355199e-01 9.74145867e-05 5.62579118e-04
3.98773695e-01 5.17070198e-04 5.46737333e-04
3.99192188e-01 5.76767052e-04 5.40529006e-04
3.99610677e-01 6.17663431e-04 5.64477962e-04
4.00029161e-01 4.15888066e-04 5.55984104e-04
4.00447642e-01 2.81504620e-04 5.64760124e-04
4.00866118e-01 2.19751224e-04 5.71287166e-04
4.01284591e-01 1.08592392e-03 5.55929529e-04
4.01703059e-01 7.00804622e-04 5.59107825e-04
4.02121524e-01 9.26312860e-04 5.45847741e-04
4.02539984e-01 1.45444534e-04 5.59142954e-04
4.02958441e-01 5.99934864e-04 5.73467591e-04
4.03376893e-01 8.76274173e-04 5.88726845e-04
4.03795341e-01 -8.38708019e-04 5.68091319e-04
4.04213786e-01 1.32151861e-03 5.99298775e-04
4.04632226e-01 2.33038510e-03 6.01434170e-04
4.05050662e-01 3.13427385e-04 5.88023579e-04
4.05469095e-01 7.74028787e-04 5.97739070e-04
4.05887523e-01 1.85516581e-04 5.76177661e-04
4.06305947e-01 7.65333253e-04 5.96690064e-04
4.06724367e-01 2.48874630e-04 5.84793269e-04
4.07142783e-01 6.79336781e-04 5.90501499e-04
4.07561195e-01 1.00747845e-03 5.98076536e-04
4.07979603e-01 1.59404961e-04 5.95927220e-04
4.08398006e-01 3.12909931e-04 6.06512656e-04
4.08816406e-01 -6.09684729e-04 6.02514654e-04
4.09234802e-01 2.74901801e-04 5.89858999e-04
4.09653193e-01 2.04512027e-04 5.91991778e-04
4.10071580e-01 5.80718852e-04 6.08109230e-04
4.10489964e-01 -2.87908666e-05 6.14469929e-04
4.10908343e-01 1.95633923e-03 6.26952462e-04
4.11326718e-01 1.33413698e-03 6.09998415e-04
4.11745089e-01 -3.14972992e-04 6.25199022e-04
4.12163456e-01 1.29981068e-03 6.44930195e-04
4.12581819e-01 8.91492761e-04 6.25264769e-04
4.13000177e-01 1.13812038e-03 6.34913220e-04
4.13418532e-01 6.42100591e-05 6.54125579e-04
4.13836882e-01 4.13266760e-04 6.40517149e-04
4.14255228e-01 1.55976310e-03 6.47084051e-04
4.14673570e-01 2.24074683e-04 6.47077538e-04
4.15091908e-01 2.82614266e-04 6.37658560e-04
4.15510242e-01 1.04845396e-03 6.69738388e-04
4.15928572e-01 6.70401271e-04 6.54572667e-04
4.16346897e-01 -5.72952026e-05 6.31380285e-04
4.16765218e-01 -8.39722627e-04 6.51830300e-04
4.17183536e-01 5.25241012e-04 6.65600266e-04
4.17601849e-01 9.95461451e-04 6.58515192e-04
4.18020157e-01 -1.90077803e-05 6.95198504e-04
4.18438462e-01 1.40281286e-03 6.96055301e-04
4.18856762e-01 6.55377486e-04 6.84572746e-04
4.19275059e-01 1.09889413e-04 6.62001823e-04
4.19693351e-01 4.19531725e-04 6.73813651e-04
4.20111639e-01 5.80200401e-04 6.81134918e-04
4.20529922e-01 -2.08856718e-04 6.74344946e-04
4.20948202e-01 -4.27683210e-04 6.75286975e-04
4.21366477e-01 2.34664121e-03 7.28693832e-04
4.21784748e-01 1.05362438e-03 7.18327173e-04
4.22203015e-01 1.41045300e-03 7.09627883e-04
4.22621278e-01 -8.56977131e-04 6.87810388e-04
4.23039536e-01 1.60451030e-03 6.89117615e-04
4.23457790e-01 4.04573046e-04 6.89735012e-04
4.23876040e-01 2.88923178e-04 7.05492408e-04
4.24294286e-01 -4.58319068e-04 7.19399653e-04
4.24712527e-01 4.28905369e-04 7.07764409e-04
4.25130765e-01 1.05809154e-03 7.08688187e-04
4.25548998e-01 -3.49966339e-04 7.22233462e-04
4.25967226e-01 3.81807346e-04 7.30460714e-04
4.26385451e-01 2.16238617e-04 7.28367944e-04
4.26803671e-01 1.86450283e-03 7.64012250e-04
4.27221887e-01 -7.77180403e-05 7.20387200e-04
4.27640099e-01 1.14154637e-03 7.49635082e-04
4.28058306e-01 1.00136938e-03 7.50379467e-04
4.28476509e-01 1.12680049e-04 7.54736881e-04
4.28894708e-01 6.26897631e-04 7.80661852e-04
4.29312903e-01 3.44234653e-04 7.56555809e-04
4.29731093e-01 2.89593739e-04 7.70570900e-04
4.30149279e-01 2.66333233e-04 7.53172489e-04
4.30567460e-01 -1.81412095e-05 7.78473073e-04
4.30985638e-01 2.35249753e-03 8.06335730e-04
4.31403811e-01 1.57695022e-03 7.95550612e-04
4.31821980e-01 9.94327473e-04 7.80564897e-04
4.32240144e-01 6.04126082e-04 8.14468291e-04
4.32658304e-01 6.16307288e-04 7.89267449e-04
4.33076460e-01 -1.14543039e-03 8.14300360e-04
4.33494612e-01 9.13711138e-04 8.60250503e-04
4.33912759e-01 9.94534661e-04 8.90390824e-04
4.34330902e-01 4.71972969e-04 9.59867960e-04
4.34749040e-01 6.50064799e-04 1.21189857e-03
4.35167174e-01 -5.91501829e-04 1.19545235e-03
4.35585304e-01 9.22106157e-04 1.18019682e-03
4.36003430e-01 -1.48875018e-04 1.32757013e-03
4.36421551e-01 4.22496183e-04 1.15123470e-03
4.36839667e-01 -1.09676076e-03 1.60569373e-03
4.37257780e-01 2.81068987e-03 0.00000000e+00
