6.30595362e-03 -8.53836747e-02 3.16973243e-02
6.72635018e-03 -1.38253855e-02 1.16534144e-02
7.14674667e-03 -1.44666228e-02 6.20925744e-03
7.56714308e-03 -9.02777805e-03 5.20045160e-03
7.98753943e-03 -8.46316217e-03 5.21660577e-03
8.40793569e-03 -7.32362905e-03 4.18324984e-03
8.82833186e-03 -5.10500863e-03 3.69455090e-03
9.24872795e-03 1.32708869e-03 3.44909370e-03
9.66912395e-03 9.24820319e-04 2.98404409e-03
1.00895198e-02 -2.36643334e-03 3.09731876e-03
1.05099156e-02 -4.29792570e-03 2.63801183e-03
1.09303113e-02 -3.55066520e-03 2.56964283e-03
1.13507069e-02 -1.90737463e-03 2.43473030e-03
1.17711024e-02 -1.44038301e-03 2.34714508e-03
1.21914977e-02 -5.44350280e-04 2.38802266e-03
1.26118929e-02 2.50643222e-03 2.37777043e-03
1.30322880e-02 3.49955993e-03 2.11982735e-03
1.34526830e-02 6.83324051e-04 2.23634091e-03
1.38730778e-02 -3.06440207e-03 1.86176991e-03
1.42934725e-02 2.66746067e-03 2.04768545e-03
1.47138671e-02 -4.73070288e-03 1.74095750e-03
1.51342615e-02 -3.34720558e-03 1.79830274e-03
1.55546557e-02 -7.85442667e-04 1.84755848e-03
1.59750498e-02 2.90736393e-04 1.86066056e-03
1.63954437e-02 -1.04481762e-03 1.78546248e-03
1.68158375e-02 -5.91596067e-04 1.80756134e-03
1.72362311e-02 -2.58165481e-03 1.75985733e-03
1.76566245e-02 6.56175680e-05 1.81940327e-03
1.80770178e-02 4.60550136e-04 1.77559794e-03
1.84974108e-02 -8.82895599e-04 1.62747001e-03
1.89178037e-02 2.40350258e-03 1.54708124e-03
1.93381964e-02 1.83935349e-03 1.58029899e-03
1.97585889e-02 -2.09167423e-03 1.45508130e-03
2.01789812e-02 3.82749706e-04 1.50567129e-03
2.05993732e-02 1.00922201e-03 1.48311154e-03
2.10197651e-02 4.17630160e-04 1.57402197e-03
2.14401568e-02 1.10787256e-03 1.45964167e-03
2.18605482e-02 -8.76221789e-04 1.35129597e-03
2.22809395e-02 7.18440245e-04 1.43306328e-03
2.27013305e-02 1.22384661e-03 1.52944200e-03
2.31217212e-02 -1.34746738e-03 1.36430311e-03
2.35421118e-02 8.47450249e-04 1.40633270e-03
2.39625021e-02 1.83172731e-03 1.43821730e-03
2.43828922e-02 5.40662369e-04 1.50076720e-03
2.48032820e-02 1.08737042e-03 1.41503171e-03
2.52236716e-02 -6.37924311e-04 1.33001122e-03
2.56440609e-02 7.86833184e-04 1.37833782e-03
2.60644499e-02 -3.30964892e-04 1.32515425e-03
2.64848387e-02 -1.31027237e-03 1.31074241e-03
2.69052273e-02 5.96324059e-04 1.31775148e-03
2.73256155e-02 -5.43174296e-04 1.36426777e-03
2.77460035e-02 -5.53164502e-04 1.33258581e-03
2.81663912e-02 -9.11995849e-05 1.32682996e-03
2.85867786e-02 -3.10755678e-04 1.36209570e-03
2.90071658e-02 -2.08002051e-03 1.29211127e-03
2.94275526e-02 -7.15685369e-04 1.40342123e-03
2.98479391e-02 1.72633017e-03 1.35842652e-03
3.02683254e-02 -9.52601696e-04 1.19887580e-03
3.06887113e-02 -9.51166988e-05 1.33215362e-03
3.11090970e-02 -1.18356336e-04 1.28057087e-03
3.15294823e-02 -1.87045660e-03 1.18237154e-03
3.19498673e-02 -1.46536950e-03 1.19033872e-03
3.23702519e-02 -3.11899095e-04 1.33702455e-03
3.27906363e-02 -2.24318589e-03 1.25835897e-03
3.32110203e-02 2.66362711e-04 1.28740262e-03
3.36314040e-02 1.74012650e-03 1.30168354e-03
3.40517873e-02 -2.35143926e-04 1.18604751e-03
3.44721703e-02 -2.04509235e-03 1.15555066e-03
3.48925530e-02 -1.82618794e-03 1.19917413e-03
3.53129353e-02 -1.75365773e-03 1.22122955e-03
3.57333173e-02 -3.10184309e-04 1.14017493e-03
3.61536988e-02 1.01418105e-03 1.16950990e-03
3.65740801e-02 6.14334974e-04 1.19027503e-03
3.69944609e-02 -9.38659440e-04 1.07588729e-03
3.74148414e-02 6.29155230e-04 1.17121952e-03
3.78352215e-02 1.59388604e-03 1.12166234e-03
3.82556012e-02 -3.74604328e-04 1.18909845e-03
3.86759806e-02 -2.71133680e-03 1.13091415e-03
3.90963595e-02 -9.30775366e-05 1.05662948e-03
3.95167381e-02 1.07501667e-03 1.05712618e-03
3.99371163e-02 8.68613329e-04 1.06073712e-03
4.03574940e-02 7.19863449e-04 1.05356246e-03
4.07778714e-02 -8.58426599e-04 1.02445330e-03
4.11982483e-02 -9.86613527e-04 1.02528829e-03
4.16186248e-02 9.21381238e-04 1.03787016e-03
4.20390009e-02 -1.27082654e-04 1.07025179e-03
4.24593766e-02 -1.41232817e-03 9.87231457e-04
4.28797519e-02 -7.35112370e-04 1.03023731e-03
4.33001267e-02 4.34269524e-04 1.11551738e-03
4.37205011e-02 -9.03126088e-05 1.00566625e-03
4.41408750e-02 1.19483629e-03 1.05378658e-03
4.45612485e-02 -1.09561773e-03 1.01125118e-03
4.49816216e-02 1.26196503e-03 1.04996993e-03
4.54019942e-02 2.65036682e-03 1.02522656e-03
4.58223663e-02 4.88819985e-04 1.01904371e-03
4.62427380e-02 -1.12359928e-03 9.91106612e-04
4.66631092e-02 -4.58465325e-04 1.00208325e-03
4.70834800e-02 3.97415639e-04 9.77110212e-04
4.75038502e-02 -4.44606097e-04 1.01932235e-03
4.79242200e-02 -5.18576916e-04 1.01304187e-03
4.83445894e-02 2.13949336e-04 9.88451431e-04
4.87649582e-02 -6.56530921e-04 9.50813219e-04
4.91853265e-02 1.43700721e-03 9.93620200e-04
4.96056943e-02 4.42234127e-05 9.59463890e-04
5.00260617e-02 2.01333084e-04 9.79817338e-04
5.04464285e-02 -7.65299660e-04 9.05199278e-04
5.08667948e-02 -1.55304641e-03 9.37344075e-04
5.12871607e-02 1.43957141e-03 9.47337628e-04
5.17075260e-02 -9.95421870e-04 9.54096223e-04
5.21278907e-02 -2.63390023e-04 9.21550154e-04
5.25482550e-02 1.28208895e-03 9.23238423e-04
5.29686187e-02 -1.52794473e-03 9.09839686e-04
5.33889819e-02 -2.68940357e-04 9.26290196e-04
5.38093445e-02 -6.58981463e-04 8.94925274e-04
5.42297066e-02 2.48190707e-04 9.31270214e-04
5.46500682e-02 -2.30185031e-03 8.35543578e-04
5.50704292e-02 1.27562697e-03 8.73177386e-04
5.54907897e-02 4.68243996e-04 8.79664725e-04
5.59111496e-02 -3.33353468e-04 9.43542691e-04
5.63315089e-02 6.69250152e-04 9.00223896e-04
5.67518677e-02 -3.80110872e-04 9.27059557e-04
5.71722259e-02 1.23695473e-03 9.19416636e-04
5.75925835e-02 3.86795294e-04 9.51889297e-04
5.80129405e-02 1.97274620e-04 9.72129644e-04
5.84332970e-02 -7.21294525e-05 9.67486240e-04
5.88536529e-02 -3.06324846e-04 8.83850743e-04
5.92740081e-02 2.56334016e-04 9.01771071e-04
5.96943628e-02 -9.19525267e-04 9.09110850e-04
6.01147169e-02 9.82977477e-05 9.19580663e-04
6.05350704e-02 -8.33630510e-04 8.92180799e-04
6.09554232e-02 1.67988528e-05 8.88524831e-04
6.13757755e-02 -4.80031221e-04 9.09775265e-04
6.17961271e-02 -7.02862288e-04 9.28479150e-04
6.22164781e-02 -1.54674006e-05 8.98712843e-04
6.26368285e-02 6.12292489e-04 8.71631575e-04
6.30571783e-02 5.91121364e-04 9.28598730e-04
6.34775274e-02 -4.55398988e-04 8.95780433e-04
6.38978758e-02 3.03345481e-04 9.02257014e-04
6.43182237e-02 -1.12143762e-03 8.82876608e-04
6.47385709e-02 4.96722611e-04 8.71962007e-04
6.51589174e-02 -1.01938968e-03 9.01178154e-04
6.55792633e-02 -8.43605670e-04 8.62161202e-04
6.59996085e-02 1.79892463e-04 8.94269586e-04
6.64199530e-02 1.42464646e-03 8.52511255e-04
6.68402969e-02 1.00769373e-04 8.10688751e-04
6.72606401e-02 1.31745248e-03 8.28607204e-04
6.76809827e-02 1.79073955e-04 8.36357059e-04
6.81013245e-02 1.76264063e-04 8.03966563e-04
6.85216657e-02 1.61595897e-04 8.33411590e-04
6.89420062e-02 5.55008384e-04 8.15996565e-04
6.93623459e-02 -4.57920887e-04 7.70754248e-04
6.97826850e-02 5.18618936e-05 8.21828407e-04
7.02030234e-02 7.77463599e-04 7.97938630e-04
7.06233611e-02 -3.40036903e-04 8.08491220e-04
7.10436980e-02 1.80557405e-04 8.22801103e-04
7.14640343e-02 2.05320031e-04 8.00467271e-04
7.18843698e-02 -6.63347937e-04 7.87733858e-04
7.23047046e-02 -6.71513114e-04 7.93869396e-04
7.27250387e-02 1.52471543e-03 8.07887956e-04
7.31453720e-02 1.47387702e-03 8.08207957e-04
7.35657046e-02 9.41656339e-04 8.09414543e-04
7.39860365e-02 -1.86726955e-03 7.95874621e-04
7.44063676e-02 -6.01151860e-06 7.78136868e-04
7.48266980e-02 1.38566912e-03 7.96763884e-04
7.52470276e-02 4.11397029e-04 8.05976975e-04
7.56673565e-02 -6.39586977e-04 7.47090973e-04
7.60876846e-02 1.03550352e-03 8.09232650e-04
7.65080119e-02 -4.67076303e-04 7.69635739e-04
7.69283384e-02 -6.11563449e-04 7.78434158e-04
7.73486642e-02 -1.11209208e-03 7.63628625e-04
7.77689892e-02 5.04813572e-04 7.92127040e-04
7.81893135e-02 2.08555294e-04 8.06302396e-04
7.86096369e-02 6.51526014e-05 7.51325982e-04
7.90299595e-02 1.50688985e-03 7.70612171e-04
7.94502814e-02 9.56007087e-04 7.82243351e-04
7.98706024e-02 6.82493301e-04 7.60908231e-04
8.02909227e-02 -2.99859353e-04 7.58205881e-04
8.07112421e-02 -1.15125292e-04 7.46751022e-04
8.11315607e-02 -1.55354309e-03 7.51497313e-04
8.15518785e-02 -1.82353605e-03 7.41823084e-04
8.19721955e-02 5.04372065e-04 7.31051560e-04
8.23925117e-02 5.93483680e-04 7.55319119e-04
8.28128270e-02 1.12773514e-03 7.52301070e-04
8.32331415e-02 3.37874035e-04 7.58624754e-04
8.36534552e-02 2.47695002e-04 7.37847461e-04
8.40737680e-02 6.89987107e-05 7.48258457e-04
8.44940800e-02 9.16429010e-04 7.34833500e-04
8.49143911e-02 -3.32531630e-04 7.39028464e-04
8.53347013e-02 -5.87937486e-04 7.69212261e-04
8.57550107e-02 -6.78612317e-04 7.08724211e-04
8.61753193e-02 -6.08346937e-04 7.15001525e-04
8.65956270e-02 -3.06338624e-04 7.46131438e-04
8.70159338e-02 -5.49436716e-04 7.34322807e-04
8.74362397e-02 -1.85195851e-04 7.18680034e-04
8.78565447e-02 4.06444422e-04 7.22399072e-04
8.82768489e-02 -5.94255540e-04 7.15230746e-04
8.86971522e-02 1.91942465e-04 7.21918382e-04
8.91174545e-02 1.24301537e-04 7.25263120e-04
8.95377560e-02 -2.65936646e-05 7.09072856e-04
8.99580566e-02 3.91852464e-04 6.99524648e-04
9.03783563e-02 3.62427442e-04 7.31259507e-04
9.07986550e-02 7.81085044e-04 7.19531795e-04
9.12189529e-02 -8.33172281e-04 6.98991102e-04
9.16392498e-02 -3.26074334e-04 7.25289073e-04
9.20595458e-02 -8.60168760e-04 7.21221121e-04
9.24798409e-02 -9.62701389e-04 6.99169035e-04
9.29001350e-02 -2.05236903e-04 7.13323855e-04
9.33204283e-02 -8.18861062e-04 7.16076835e-04
9.37407205e-02 -5.47280745e-04 7.28313485e-04
9.41610119e-02 3.79761916e-04 7.32191556e-04
9.45813022e-02 -5.81023108e-05 6.98364870e-04
9.50015917e-02 3.42299501e-05 7.01054320e-04
9.54218802e-02 -3.23175803e-05 7.16786200e-04
9.58421677e-02 9.55818435e-05 7.04731234e-04
9.62624542e-02 -7.67757116e-04 7.13166396e-04
9.66827398e-02 1.09232707e-04 6.90857140e-04
9.71030244e-02 -1.14514379e-03 6.85808621e-04
9.75233080e-02 -3.52240115e-04 6.93421991e-04
9.79435907e-02 2.19918624e-04 6.76095756e-04
9.83638723e-02 4.18236855e-04 6.94567199e-04
9.87841530e-02 -1.77882989e-03 6.71667644e-04
9.92044327e-02 7.41837642e-04 6.79607718e-04
9.96247114e-02 2.35833319e-04 6.86394545e-04
1.00044989e-01 4.98534446e-04 7.07135729e-04
1.00465266e-01 4.74505679e-04 6.84204358e-04
1.00885541e-01 -8.88431992e-04 6.63708482e-04
1.01305816e-01 -7.53232859e-04 6.76968192e-04
1.01726090e-01 9.24480402e-04 6.79814140e-04
1.02146362e-01 -8.58719428e-05 6.75547637e-04
1.02566634e-01 -3.84817194e-06 6.66648696e-04
1.02986904e-01 -3.92616931e-04 6.84096072e-04
1.03407174e-01 -2.34637666e-04 6.56400668e-04
1.03827442e-01 -6.01436322e-04 6.60598200e-04
1.04247710e-01 1.11543499e-03 6.78240242e-04
1.04667976e-01 -4.35666661e-05 6.78417863e-04
1.05088241e-01 -1.01085023e-04 6.53170934e-04
1.05508506e-01 -1.37429748e-03 6.43060795e-04
1.05928769e-01 -3.82716179e-04 6.81363650e-04
1.06349031e-01 -2.69622689e-04 6.95022058e-04
1.06769292e-01 8.92231910e-04 6.63217992e-04
1.07189552e-01 -7.54970441e-04 6.48294416e-04
1.07609811e-01 -1.68480020e-03 6.66867046e-04
1.08030069e-01 -6.22612473e-04 6.47925678e-04
1.08450325e-01 2.14937939e-04 6.59869628e-04
1.08870581e-01 -2.08497022e-04 6.49574396e-04
1.09290836e-01 -5.22231965e-04 6.55153112e-04
1.09711089e-01 1.33536002e-04 6.57234802e-04
1.10131341e-01 -3.98729873e-04 6.48468243e-04
1.10551592e-01 -3.42224055e-04 6.29205048e-04
1.10971843e-01 -3.28064698e-04 6.64607874e-04
1.11392092e-01 -1.11335548e-03 6.21726450e-04
1.11812339e-01 -6.93790025e-04 6.44847904e-04
1.12232586e-01 4.36223229e-05 6.52289707e-04
1.12652832e-01 -7.71300505e-04 6.29115652e-04
1.13073076e-01 -7.62538028e-04 6.56787843e-04
1.13493320e-01 -8.61674718e-04 6.46542330e-04
1.13913562e-01 -1.87804796e-03 6.52513307e-04
1.14333803e-01 -2.28118925e-04 6.62307656e-04
1.14754043e-01 -9.82084968e-04 6.61116491e-04
1.15174282e-01 4.99224489e-04 6.58903435e-04
1.15594519e-01 1.25084746e-03 6.82495298e-04
1.16014756e-01 -4.26696253e-04 6.75957944e-04
1.16434991e-01 4.02417357e-04 6.75226556e-04
1.16855225e-01 -2.14352074e-04 6.76162545e-04
1.17275458e-01 1.27121020e-03 6.64757448e-04
1.17695690e-01 1.46813209e-03 6.64805254e-04
1.18115920e-01 9.27831082e-04 6.73326680e-04
1.18536149e-01 3.48479381e-04 6.50090381e-04
1.18956378e-01 -7.09350239e-04 6.71610108e-04
1.19376605e-01 -4.39487857e-04 6.41330508e-04
1.19796830e-01 -1.99280406e-04 6.69377253e-04
1.20217055e-01 -7.60438486e-05 6.40113503e-04
1.20637278e-01 -6.50633192e-05 6.27373424e-04
1.21057500e-01 -4.66086994e-04 6.21612746e-04
1.21477721e-01 -1.17607913e-04 6.37382259e-04
1.21897941e-01 -1.52597072e-04 6.45507324e-04
1.22318159e-01 -4.55688865e-04 6.50827020e-04
1.22738377e-01 4.24456021e-04 6.53136928e-04
1.23158593e-01 3.52687304e-04 6.50396271e-04
1.23578807e-01 7.01404071e-04 6.43591184e-04
1.23999021e-01 -7.07471923e-08 6.29732003e-04
1.24419233e-01 -7.90198939e-04 6.31003104e-04
1.24839444e-01 -1.72531116e-04 6.35987112e-04
1.25259654e-01 -2.66480767e-04 6.30328481e-04
1.25679862e-01 -1.17644024e-04 6.49279097e-04
1.26100070e-01 -9.27413985e-04 6.40518289e-04
1.26520276e-01 -1.07798769e-03 6.21950475e-04
1.26940480e-01 -6.17141756e-04 6.31293755e-04
1.27360684e-01 -2.79788534e-04 6.23841698e-04
1.27780886e-01 6.82944030e-05 6.30216001e-04
1.28201087e-01 -2.59250139e-04 6.25269696e-04
1.28621286e-01 4.77468213e-04 5.97448461e-04
1.29041485e-01 1.23951829e-03 6.15764509e-04
1.29461682e-01 3.42678640e-04 6.10977253e-04
1.29881877e-01 3.13806105e-04 6.05256576e-04
1.30302072e-01 6.37806666e-04 6.03927278e-04
1.30722265e-01 3.09081189e-04 5.94873291e-04
1.31142456e-01 9.89808279e-04 6.15497626e-04
1.31562647e-01 -3.73250237e-04 5.97591179e-04
1.31982836e-01 -5.19268590e-04 6.05092891e-04
1.32403024e-01 -7.46007881e-04 5.88458328e-04
1.32823210e-01 -4.39910192e-04 5.97549286e-04
1.33243395e-01 -7.03289490e-05 5.96074654e-04
1.33663579e-01 -1.97497955e-04 6.08369646e-04
1.34083761e-01 2.76660218e-05 6.10661232e-04
1.34503942e-01 -5.49469908e-04 5.95071695e-04
1.34924122e-01 -2.61407281e-04 5.92776088e-04
1.35344300e-01 3.24489224e-05 5.96998967e-04
1.35764477e-01 -6.43261983e-04 6.02925757e-04
1.36184653e-01 -5.37069940e-04 6.08061084e-04
1.36604827e-01 2.80825512e-04 6.10766229e-04
1.37025000e-01 1.53670259e-04 6.05389563e-04
1.37445171e-01 5.13859673e-04 6.08383885e-04
1.37865341e-01 -4.24460309e-04 5.81768923e-04
1.38285510e-01 -7.35643764e-04 5.91259565e-04
1.38705677e-01 2.96460581e-04 5.86099857e-04
1.39125843e-01 -3.19806919e-04 5.96195214e-04
1.39546008e-01 -9.03969674e-05 5.95116322e-04
1.39966171e-01 -8.48718811e-04 5.81727879e-04
1.40386333e-01 8.99104582e-04 5.80845198e-04
1.40806493e-01 2.86541008e-05 5.74108174e-04
1.41226652e-01 -1.49173460e-04 5.74311359e-04
1.41646809e-01 6.41509175e-04 5.86066629e-04
1.42066965e-01 4.09494719e-04 5.84790590e-04
1.42487120e-01 -2.79512191e-04 5.72612960e-04
1.42907273e-01 5.23287762e-05 5.71182902e-04
1.43327425e-01 -4.01123878e-04 5.73292420e-04
1.43747575e-01 1.50907206e-04 5.80159543e-04
1.44167724e-01 1.18719832e-05 5.69929957e-04
1.44587871e-01 4.69273962e-04 5.66908721e-04
1.45008017e-01 -2.67239189e-04 5.77315636e-04
1.45428162e-01 -8.21770747e-04 5.73447317e-04
1.45848305e-01 8.84413379e-06 5.61193781e-04
1.46268446e-01 -4.78585059e-04 5.79014058e-04
1.46688586e-01 1.45540579e-03 5.92177766e-04
1.47108725e-01 1.24513079e-04 5.78611043e-04
1.47528862e-01 9.95686173e-04 5.95457632e-04
1.47948998e-01 1.19115605e-04 5.83788603e-04
1.48369132e-01 7.60216081e-04 5.92591175e-04
1.48789265e-01 7.43772622e-05 5.71405876e-04
1.49209396e-01 -1.69465976e-04 5.84182908e-04
1.49629525e-01 -2.88438291e-04 5.75420271e-04
1.50049654e-01 -2.43384620e-04 5.96830354e-04
1.50469780e-01 1.79359440e-04 5.93448188e-04
1.50889905e-01 -1.14828166e-03 5.72532490e-04
1.51310029e-01 -3.18515900e-04 5.85359791e-04
1.51730151e-01 9.36573292e-04 5.85256409e-04
1.52150272e-01 -3.84463452e-04 5.93720299e-04
1.52570391e-01 4.17545700e-04 5.80308957e-04
1.52990508e-01 4.56330736e-04 5.72618002e-04
1.53410624e-01 -3.39732214e-04 5.64291785e-04
1.53830738e-01 3.50925765e-04 5.55922868e-04
1.54250851e-01 -5.84185513e-05 5.65608929e-04
1.54670963e-01 -1.52312150e-04 5.68909891e-04
1.55091072e-01 -5.86538079e-04 5.62348393e-04
1.55511180e-01 -6.39778793e-04 5.61888468e-04
1.55931287e-01 9.20668638e-06 5.56949806e-04
1.56351392e-01 -1.00877991e-03 5.66143409e-04
1.56771496e-01 -3.12459735e-04 5.60293335e-04
1.57191598e-01 3.44821571e-04 5.66832146e-04
1.57611698e-01 6.39795195e-04 5.58385725e-04
1.58031797e-01 -3.80252113e-04 5.44427855e-04
1.58451894e-01 -1.13782734e-04 5.50262010e-04
1.58871989e-01 1.83885401e-05 5.50224419e-04
1.59292083e-01 1.06596971e-03 5.49980865e-04
1.59712176e-01 -2.64974334e-04 5.49903639e-04
1.60132266e-01 2.08286108e-04 5.40444217e-04
1.60552355e-01 -6.61695996e-04 5.46046297e-04
1.60972443e-01 -2.81076715e-04 5.52582065e-04
1.61392529e-01 2.85979553e-04 5.51095949e-04
1.61812613e-01 7.97081084e-05 5.37366872e-04
1.62232696e-01 4.97256327e-04 5.40519718e-04
1.62652777e-01 2.17791968e-04 5.44662430e-04
1.63072856e-01 6.51118865e-04 5.50192078e-04
1.63492934e-01 5.13128805e-04 5.35227253e-04
1.63913010e-01 -6.03662107e-04 5.28936947e-04
1.64333084e-01 1.97545989e-04 5.38217046e-04
1.64753157e-01 -3.45532832e-04 5.34451400e-04
1.65173228e-01 8.20574119e-04 5.43289645e-04
1.65593298e-01 1.92563148e-04 5.46845846e-04
1.66013366e-01 8.62102894e-04 5.32336160e-04
1.66433432e-01 -1.65636948e-04 5.33154980e-04
1.66853496e-01 -8.29327350e-04 5.11595551e-04
1.67273559e-01 -3.68174068e-04 5.23034580e-04
1.67693620e-01 -4.75286865e-05 5.29430384e-04
1.68113680e-01 4.15395881e-04 5.24911965e-04
1.68533737e-01 5.11428837e-04 5.22863842e-04
1.68953793e-01 -5.61874791e-04 5.02508216e-04
1.69373848e-01 -9.17542818e-04 5.11771491e-04
1.69793900e-01 4.40168424e-04 5.17294266e-04
1.70213951e-01 -1.73045580e-04 5.18179736e-04
1.70634000e-01 -9.19158172e-04 5.16114514e-04
1.71054048e-01 -2.54018913e-04 5.19113018e-04
1.71474094e-01 9.39631941e-04 5.24008274e-04
1.71894138e-01 -4.48846082e-04 5.16662535e-04
1.72314180e-01 4.71855727e-04 5.12688696e-04
1.72734221e-01 5.71520842e-04 5.09279218e-04
1.73154259e-01 -7.45155012e-04 5.14842828e-04
1.73574297e-01 -9.73126724e-05 5.09134996e-04
1.73994332e-01 2.51332233e-04 5.06476315e-04
1.74414365e-01 1.59192055e-04 4.91321428e-04
1.74834397e-01 -5.99103797e-04 5.15514602e-04
1.75254427e-01 -5.91965865e-04 5.06116258e-04
1.75674456e-01 -5.62286072e-04 5.03376753e-04
1.76094482e-01 2.95717104e-04 5.15010843e-04
1.76514507e-01 9.93658675e-05 5.05548454e-04
1.76934530e-01 -4.14981586e-04 5.06613329e-04
1.77354551e-01 -1.38532643e-04 4.85141459e-04
1.77774571e-01 -4.34978890e-04 5.08107628e-04
1.78194588e-01 4.94787490e-04 4.98914092e-04
1.78614604e-01 1.62828187e-04 4.93583944e-04
1.79034618e-01 4.86080790e-04 5.03414507e-04
1.79454631e-01 -1.95109280e-04 4.98900386e-04
1.79874641e-01 -1.77644187e-04 5.06261276e-04
1.80294650e-01 6.42708832e-04 5.02262157e-04
1.80714657e-01 -5.58549238e-04 5.06550990e-04
1.81134662e-01 -7.60644277e-04 4.88969083e-04
1.81554665e-01 -2.92989022e-04 4.92616852e-04
1.81974666e-01 1.48413633e-04 4.92145328e-04
1.82394666e-01 5.47898877e-04 4.85472610e-04
1.82814663e-01 6.18875937e-04 4.93081680e-04
1.83234659e-01 3.17695423e-04 4.95168917e-04
1.83654653e-01 6.63730823e-05 4.97860226e-04
1.84074646e-01 5.17015145e-04 4.84246332e-04
1.84494636e-01 6.79071481e-04 4.86299412e-04
1.84914624e-01 -3.30315586e-04 4.88040802e-04
1.85334611e-01 -2.80166582e-04 4.77211914e-04
1.85754596e-01 -4.78741221e-04 4.86550026e-04
1.86174579e-01 -2.77127846e-04 4.87375474e-04
1.86594560e-01 -1.04775673e-03 4.80871652e-04
1.87014539e-01 1.93217299e-04 4.95699290e-04
1.87434516e-01 1.38759582e-04 4.81428334e-04
1.87854491e-01 9.14581907e-05 4.91034906e-04
1.88274465e-01 -1.02074639e-04 4.69535861e-04
1.88694437e-01 -6.57092409e-05 4.80720134e-04
1.89114406e-01 4.23093403e-04 4.87532046e-04
1.89534374e-01 -7.55425657e-04 4.70348803e-04
1.89954340e-01 -1.09618939e-03 4.74158835e-04
1.90374304e-01 -4.01358866e-04 4.78597634e-04
1.90794266e-01 -3.34822110e-04 4.78482109e-04
1.91214226e-01 3.94955373e-04 4.72110486e-04
1.91634184e-01 2.91529414e-04 4.83990907e-04
1.92054141e-01 5.09928266e-04 4.87268161e-04
1.92474095e-01 1.00536549e-04 4.73776772e-04
1.92894047e-01 -2.01929894e-04 4.58053263e-04
1.93313998e-01 4.26196250e-05 4.75913649e-04
1.93733946e-01 3.54446831e-04 4.73080943e-04
1.94153893e-01 -4.95879733e-04 4.66114747e-04
1.94573838e-01 -3.12023207e-04 4.73640372e-04
1.94993780e-01 -5.00372822e-04 4.65382240e-04
1.95413721e-01 -5.74873421e-04 4.62046357e-04
1.95833660e-01 -3.35800344e-04 4.58509120e-04
1.96253597e-01 -1.36065169e-04 4.70280831e-04
1.96673531e-01 -1.80922902e-04 4.67791088e-04
1.97093464e-01 8.60033204e-04 4.75742401e-04
1.97513395e-01 -2.74124179e-04 4.55149001e-04
1.97933324e-01 1.90977397e-04 4.68372379e-04
1.98353251e-01 5.11873224e-04 4.58554997e-04
1.98773176e-01 4.44009915e-04 4.59980744e-04
1.99193099e-01 -1.93775235e-04 4.59847207e-04
1.99613019e-01 -1.86684422e-04 4.61138057e-04
2.00032938e-01 -1.14506804e-04 4.60193185e-04
2.00452855e-01 -3.56972938e-04 4.45101256e-04
2.00872770e-01 4.23074322e-04 4.63497646e-04
2.01292683e-01 -1.39914837e-03 4.44823501e-04
2.01712594e-01 8.33447104e-04 4.57321057e-04
2.02132502e-01 -4.00600188e-04 4.52520281e-04
2.02552409e-01 -9.53902593e-05 4.50382134e-04
2.02972314e-01 6.87217561e-04 4.60063532e-04
2.03392217e-01 3.95598655e-05 4.59269756e-04
2.03812117e-01 -6.33724956e-04 4.56492330e-04
2.04232016e-01 -2.94769293e-04 4.61583062e-04
2.04651912e-01 -7.60748685e-04 4.42370309e-04
2.05071807e-01 1.11987523e-03 4.61632906e-04
2.05491699e-01 5.04128747e-04 4.69256244e-04
2.05911590e-01 -5.52500910e-04 4.60258725e-04
2.06331478e-01 3.15173763e-04 4.74005755e-04
2.06751364e-01 -3.62220492e-04 4.68021001e-04
2.07171248e-01 -4.52811037e-04 4.58921583e-04
2.07591130e-01 -1.27630326e-03 4.56309384e-04
2.08011010e-01 1.35054975e-04 4.61769449e-04
2.08430888e-01 -4.02202147e-04 4.60939025e-04
2.08850764e-01 -2.31859280e-04 4.48928857e-04
2.09270637e-01 -2.09733786e-04 4.61576814e-04
2.09690509e-01 -1.43994670e-05 4.53325628e-04
2.10110378e-01 2.36814459e-05 4.46773093e-04
2.10530246e-01 4.11580036e-05 4.54379300e-04
2.10950111e-01 7.28429339e-04 4.63794990e-04
2.11369974e-01 -5.87493410e-04 4.65183667e-04
2.11789835e-01 -3.49804527e-04 4.48955318e-04
2.12209694e-01 -2.00194599e-04 4.55649610e-04
2.12629551e-01 1.84815504e-04 4.45999226e-04
2.13049405e-01 -4.39313098e-04 4.52425997e-04
2.13469258e-01 2.17887770e-04 4.56373212e-04
2.13889108e-01 -3.30438765e-04 4.41459467e-04
2.14308956e-01 -1.82121398e-04 4.60037315e-04
2.14728802e-01 -1.10522453e-04 4.44756666e-04
2.15148646e-01 -2.73362604e-04 4.55768833e-04
2.15568487e-01 -6.32882261e-05 4.44485863e-04
2.15988327e-01 -4.58352627e-04 4.53819105e-04
2.16408164e-01 -7.22279364e-05 4.54491785e-04
2.16827999e-01 6.17350794e-04 4.43402911e-04
2.17247832e-01 -9.71580505e-05 4.42961762e-04
2.17667663e-01 -1.34288574e-04 4.41671012e-04
2.18087492e-01 -3.28646683e-04 4.46590749e-04
2.18507318e-01 -6.22154936e-04 4.21388691e-04
2.18927142e-01 -4.17328471e-04 4.29016924e-04
2.19346964e-01 9.73559411e-06 4.39148460e-04
2.19766784e-01 -2.58923956e-04 4.38831082e-04
2.20186602e-01 -4.63525693e-04 4.41581102e-04
2.20606417e-01 -3.33654302e-04 4.39523386e-04
2.21026230e-01 -1.34573013e-04 4.39754206e-04
2.21446041e-01 -1.64454628e-04 4.36995477e-04
2.21865850e-01 -9.20929652e-04 4.29585772e-04
2.22285656e-01 -4.20227506e-04 4.42419628e-04
2.22705461e-01 3.12261753e-04 4.27774376e-04
2.23125263e-01 -4.73178759e-04 4.27569228e-04
2.23545063e-01 3.05563930e-04 4.31871394e-04
2.23964860e-01 2.20384764e-04 4.35656397e-04
2.24384655e-01 -9.47788753e-05 4.32018664e-04
2.24804448e-01 1.17284293e-05 4.35147469e-04
2.25224239e-01 5.91586383e-04 4.37429765e-04
2.25644028e-01 2.79802479e-04 4.31526321e-04
2.26063814e-01 -5.02145907e-04 4.21758238e-04
2.26483598e-01 -1.57895242e-04 4.34513356e-04
2.26903379e-01 -1.91462336e-04 4.37031220e-04
2.27323159e-01 -4.85962066e-05 4.20888629e-04
2.27742936e-01 -3.06664035e-04 4.27488432e-04
2.28162711e-01 -3.24920745e-04 4.14537887e-04
2.28582483e-01 -1.78383284e-04 4.25903515e-04
2.29002254e-01 -3.80867695e-04 4.20887165e-04
2.29422022e-01 -4.60080976e-04 4.26532036e-04
2.29841787e-01 5.46154839e-04 4.12566799e-04
2.30261550e-01 8.26250799e-05 4.25194312e-04
2.30681311e-01 -1.35818128e-04 4.21207919e-04
2.31101070e-01 -2.20792243e-04 4.14659873e-04
2.31520827e-01 2.66563541e-04 4.23151030e-04
2.31940581e-01 4.73928099e-04 4.21172511e-04
2.32360332e-01 7.11909899e-05 4.21226361e-04
2.32780082e-01 -2.17463627e-04 4.23057279e-04
2.33199829e-01 -2.64895208e-04 4.15345087e-04
2.33619573e-01 -4.25095809e-04 4.11955095e-04
2.34039316e-01 8.56375106e-05 4.16004997e-04
2.34459056e-01 -1.25359554e-04 4.34618927e-04
2.34878793e-01 1.55942513e-05 4.21646008e-04
2.35298529e-01 -2.23608871e-04 4.18803753e-04
2.35718262e-01 5.64371577e-05 4.26600680e-04
2.36137992e-01 1.02947558e-04 4.30598600e-04
2.36557720e-01 -5.59378285e-04 4.24677246e-04
2.36977446e-01 -6.49398124e-04 4.21856513e-04
2.37397170e-01 -7.48939654e-04 4.27852746e-04
2.37816891e-01 5.73195758e-05 4.25575349e-04
2.38236609e-01 1.24942553e-04 4.30973201e-04
2.38656325e-01 1.69974151e-04 4.25571036e-04
2.39076039e-01 -1.94215274e-04 4.25424354e-04
2.39495751e-01 2.62608075e-05 4.35078273e-04
2.39915460e-01 8.16198253e-04 4.21116569e-04
2.40335166e-01 4.66923053e-04 4.31415363e-04
2.40754871e-01 3.43125591e-04 4.20164588e-04
2.41174572e-01 2.33974864e-04 4.25325940e-04
2.41594272e-01 -4.90919944e-04 4.27910832e-04
2.42013969e-01 -4.02143330e-04 4.21011476e-04
2.42433663e-01 -9.66397005e-04 4.18900499e-04
2.42853355e-01 -6.00400687e-05 4.20493032e-04
2.43273045e-01 6.20495522e-04 4.19538810e-04
2.43692732e-01 -4.69335343e-04 4.12314174e-04
2.44112417e-01 3.59794324e-05 4.05941356e-04
2.44532099e-01 -2.98476155e-04 4.16697342e-04
2.44951779e-01 -7.58810208e-04 4.12381248e-04
2.45371457e-01 -6.92063551e-05 4.12076484e-04
2.45791131e-01 -1.26984224e-04 4.14075008e-04
2.46210804e-01 -8.41928852e-05 4.15058847e-04
2.46630474e-01 2.14657135e-04 4.22342979e-04
2.47050141e-01 3.73930563e-05 4.07584083e-04
2.47469806e-01 -2.90131269e-04 4.08088059e-04
2.47889469e-01 2.69274451e-04 4.08698264e-04
2.48309129e-01 -7.35550083e-05 4.02239949e-04
2.48728787e-01 1.42455128e-04 3.99123508e-04
2.49148442e-01 -5.73378474e-05 4.05732046e-04
2.49568094e-01 9.53419674e-06 4.09427176e-04
2.49987744e-01 -3.70566856e-05 3.99127610e-04
2.50407392e-01 -6.37099201e-04 3.98499893e-04
2.50827037e-01 6.72328740e-04 4.01758824e-04
2.51246679e-01 8.59829917e-04 4.03565203e-04
2.51666319e-01 -5.37020185e-04 3.99556032e-04
2.52085957e-01 4.57127566e-04 4.08068931e-04
2.52505592e-01 3.88248658e-04 4.00642584e-04
2.52925224e-01 1.09823260e-06 3.94096659e-04
2.53344854e-01 -2.51915417e-04 3.98428939e-04
2.53764481e-01 4.75970889e-06 3.98207407e-04
2.54184106e-01 5.62070258e-04 3.91454437e-04
2.54603728e-01 6.58202266e-05 3.94595593e-04
2.55023348e-01 -1.87915269e-04 3.98700434e-04
2.55442965e-01 4.14525109e-04 4.00960600e-04
2.55862579e-01 3.59350901e-04 3.97239361e-04
2.56282191e-01 1.81959132e-04 3.89888495e-04
2.56701800e-01 -1.18624880e-04 3.97644124e-04
2.57121407e-01 -3.99913413e-04 3.90043811e-04
2.57541011e-01 1.88337574e-04 3.94951334e-04
2.57960613e-01 9.70228641e-04 3.94933883e-04
2.58380212e-01 2.66009585e-04 3.93371298e-04
2.58799808e-01 2.78355588e-04 3.88371793e-04
2.59219402e-01 1.29843694e-04 3.78547590e-04
2.59638994e-01 1.81165842e-04 3.90210900e-04
2.60058582e-01 -1.27343379e-04 3.83721708e-04
2.60478168e-01 -3.33718626e-06 3.92466281e-04
2.60897752e-01 -3.63648912e-04 3.99336742e-04
2.61317332e-01 -8.28462341e-05 3.84401556e-04
2.61736910e-01 -4.96462719e-04 3.83034157e-04
2.62156486e-01 1.10262503e-04 3.86562371e-04
2.62576059e-01 8.24741043e-05 3.86756322e-04
2.62995629e-01 1.92128691e-04 3.85359446e-04
2.63415197e-01 -8.13014425e-05 3.94601123e-04
2.63834762e-01 2.65150968e-04 3.88797803e-04
2.64254324e-01 -1.36701918e-04 3.85378324e-04
2.64673884e-01 -7.72236632e-04 3.84226184e-04
2.65093441e-01 2.42911421e-04 3.89949773e-04
2.65512995e-01 -9.62388430e-05 3.83866662e-04
2.65932547e-01 7.86285094e-04 3.85985766e-04
2.66352096e-01 1.40243152e-04 3.81702443e-04
2.66771642e-01 7.59182564e-04 3.81164731e-04
2.67191186e-01 -3.19441333e-04 3.76478369e-04
2.67610727e-01 2.87958358e-05 3.76525008e-04
2.68030265e-01 3.93119312e-04 3.81355842e-04
2.68449801e-01 6.18517656e-04 3.79793941e-04
2.68869333e-01 -5.35417885e-05 3.78071924e-04
2.69288864e-01 2.94565819e-05 3.75219713e-04
2.69708391e-01 -3.69846133e-04 3.76535524e-04
2.70127916e-01 -4.71690712e-04 3.79624224e-04
2.70547438e-01 2.75319634e-04 3.75941274e-04
2.70966957e-01 1.45990864e-04 3.78595811e-04
2.71386474e-01 4.51527800e-04 3.81637851e-04
2.71805988e-01 -1.94160676e-05 3.81934254e-04
2.72225499e-01 -5.87595372e-04 3.79070246e-04
2.72645008e-01 -5.08277423e-04 3.72033174e-04
2.73064513e-01 -1.44291576e-04 3.81529547e-04
2.73484016e-01 -1.24606360e-03 3.65562219e-04
2.73903517e-01 -1.07727078e-04 3.66989714e-04
2.74323014e-01 5.45683597e-04 3.85452987e-04
2.74742509e-01 2.26372885e-04 3.74372996e-04
2.75162001e-01 3.31847733e-04 3.83957727e-04
2.75581490e-01 2.13422872e-04 3.73892571e-04
2.76000976e-01 7.87976763e-04 3.78670337e-04
2.76420460e-01 3.27017083e-04 3.78387650e-04
2.76839941e-01 -5.17064067e-04 3.63595229e-04
2.77259419e-01 -1.09232784e-04 3.76104889e-04
2.77678894e-01 -3.38210631e-04 3.76187411e-04
2.78098367e-01 -5.82333370e-05 3.68133293e-04
2.78517837e-01 4.97428894e-04 3.68401637e-04
2.78937304e-01 -2.89953201e-04 3.70575616e-04
2.79356768e-01 2.61818601e-04 3.73371664e-04
2.79776229e-01 2.32643673e-04 3.67531733e-04
2.80195688e-01 -2.13056120e-04 3.66516905e-04
2.80615143e-01 -1.18403644e-04 3.70123382e-04
2.81034596e-01 -3.69752585e-04 3.70382792e-04
2.81454046e-01 -3.46223496e-04 3.70809309e-04
2.81873494e-01 -1.39487667e-04 3.64603276e-04
2.82292938e-01 -3.48730319e-04 3.67304797e-04
2.82712380e-01 -3.15157858e-05 3.67921815e-04
2.83131819e-01 5.04737708e-05 3.66070470e-04
2.83551254e-01 -5.18497692e-04 3.59037400e-04
2.83970688e-01 -6.51704317e-05 3.60452008e-04
2.84390118e-01 4.73645773e-04 3.59287471e-04
2.84809545e-01 -4.31282501e-05 3.69337182e-04
2.85228970e-01 -6.70940035e-05 3.64600632e-04
2.85648391e-01 -8.49751480e-06 3.65834974e-04
2.86067810e-01 -2.58442120e-05 3.68772260e-04
2.86487226e-01 2.98783525e-04 3.63191786e-04
2.86906639e-01 1.05659361e-04 3.66617120e-04
2.87326049e-01 3.10802979e-04 3.64010083e-04
2.87745457e-01 6.56414281e-04 3.65971510e-04
2.88164861e-01 3.56837164e-04 3.63009212e-04
2.88584262e-01 8.46281470e-04 3.59439061e-04
2.89003661e-01 4.25187976e-04 3.60168370e-04
2.89423057e-01 -5.56613208e-05 3.61924887e-04
2.89842450e-01 -7.16347888e-04 3.61337052e-04
2.90261839e-01 1.17993069e-05 3.55324484e-04
2.90681226e-01 5.30804869e-04 3.56963327e-04
2.91100611e-01 5.40673776e-04 3.59681091e-04
2.91519992e-01 -6.10371716e-04 3.54438083e-04
2.91939370e-01 -4.27238142e-04 3.60656643e-04
2.92358745e-01 -3.59610652e-04 3.61441253e-04
2.92778118e-01 -4.42031157e-04 3.53659366e-04
2.93197487e-01 -2.29983200e-04 3.52750299e-04
2.93616853e-01 -9.05841918e-05 3.56675360e-04
2.94036217e-01 1.99709992e-04 3.64095992e-04
2.94455578e-01 -2.76234372e-04 3.70527205e-04
2.94874935e-01 -3.96251166e-06 3.53577386e-04
2.95294290e-01 5.41887555e-04 3.65967807e-04
2.95713642e-01 -2.80428789e-05 3.66958474e-04
2.96132990e-01 -7.01897728e-04 3.62030146e-04
2.96552336e-01 -5.29642547e-04 3.58310400e-04
2.96971679e-01 -9.99369113e-05 3.64990091e-04
2.97391019e-01 -4.22550722e-04 3.57748555e-04
2.97810356e-01 3.14127567e-05 3.67734326e-04
2.98229689e-01 -8.00223123e-05 3.63609259e-04
2.98649020e-01 -6.92455864e-05 3.60840416e-04
2.99068348e-01 -1.65489458e-04 3.64118274e-04
2.99487673e-01 -9.65380451e-04 3.59155165e-04
2.99906995e-01 6.55279111e-04 3.71990953e-04
3.00326314e-01 2.80577225e-05 3.70108572e-04
3.00745629e-01 5.61774355e-04 3.72981287e-04
3.01164942e-01 1.21127720e-04 3.65724991e-04
3.01584252e-01 -4.44149265e-04 3.69582467e-04
3.02003559e-01 -4.04615742e-04 3.72621213e-04
3.02422863e-01 -2.28942470e-04 3.69670320e-04
3.02842163e-01 -1.26448203e-04 3.64195408e-04
3.03261461e-01 3.65612184e-04 3.68553217e-04
3.03680756e-01 5.61608166e-04 3.69850660e-04
3.04100047e-01 4.90608130e-05 3.69249395e-04
3.04519336e-01 3.67346391e-04 3.66990030e-04
3.04938621e-01 -5.63699011e-05 3.69549364e-04
3.05357904e-01 2.59635682e-04 3.69532486e-04
3.05777183e-01 -1.23493403e-04 3.64645792e-04
3.06196459e-01 -3.06545579e-05 3.73426388e-04
3.06615732e-01 4.71654244e-04 3.68946037e-04
3.07035003e-01 -5.28783630e-04 3.60576164e-04
3.07454270e-01 -5.26443150e-05 3.72911871e-04
3.07873534e-01 5.46098472e-04 3.61199397e-04
3.08292794e-01 -1.21131506e-04 3.62849024e-04
3.08712052e-01 -2.72235868e-04 3.60648777e-04
3.09131307e-01 -1.88613250e-04 3.64807755e-04
3.09550559e-01 7.90973652e-05 3.59016735e-04
3.09969807e-01 -8.05391730e-05 3.57064670e-04
3.10389052e-01 -4.33497210e-04 3.66700805e-04
3.10808295e-01 -5.84913524e-05 3.70519248e-04
3.11227534e-01 2.94083775e-04 3.69268418e-04
3.11646770e-01 -5.59460315e-05 3.60221298e-04
3.12066003e-01 4.37152786e-04 3.63886419e-04
3.12485233e-01 -3.27843326e-04 3.65823554e-04
3.12904459e-01 2.23787214e-05 3.60653118e-04
3.13323683e-01 -6.51264572e-04 3.55319661e-04
3.13742903e-01 5.91412821e-04 3.67118965e-04
3.14162120e-01 2.22650254e-05 3.63676952e-04
3.14581334e-01 5.46079782e-05 3.63193015e-04
3.15000545e-01 -2.56713464e-05 3.62216854e-04
3.15419753e-01 -3.73350909e-04 3.59879954e-04
3.15838958e-01 4.20944710e-04 3.65502708e-04
3.16258159e-01 -1.93198231e-06 3.66980933e-04
3.16677357e-01 -1.57097432e-04 3.57631371e-04
3.17096552e-01 -2.81120636e-04 3.62383116e-04
3.17515744e-01 -4.15975323e-04 3.67084264e-04
3.17934933e-01 -3.73851298e-05 3.63105258e-04
3.18354118e-01 3.46291180e-04 3.62485515e-04
3.18773301e-01 1.12630990e-04 3.67601835e-04
3.19192480e-01 7.44658711e-04 3.64417449e-04
3.19611656e-01 4.20202073e-04 3.65403064e-04
3.20030829e-01 -4.34431124e-05 3.57250081e-04
3.20449998e-01 -4.09879230e-04 3.64602907e-04
3.20869164e-01 3.04021026e-04 3.63036880e-04
3.21288328e-01 6.84786520e-04 3.66551834e-04
3.21707487e-01 -2.96315637e-04 3.70919892e-04
3.22126644e-01 1.23162968e-05 3.70785745e-04
3.22545797e-01 2.30987539e-04 3.66135942e-04
3.22964948e-01 -3.48774184e-04 3.71544369e-04
3.23384095e-01 -3.85954969e-04 3.71165914e-04
3.23803238e-01 9.08782650e-05 3.81684462e-04
3.24222379e-01 -1.28601755e-04 3.79094446e-04
3.24641516e-01 -1.23547783e-04 3.85314204e-04
3.25060650e-01 7.08587555e-04 3.84542511e-04
3.25479781e-01 5.13816546e-04 3.82583347e-04
3.25898908e-01 3.36034317e-04 3.82655812e-04
3.26318032e-01 8.13643694e-04 3.83008503e-04
3.26737153e-01 3.51105901e-04 3.88718145e-04
3.27156271e-01 -1.83289252e-04 3.81728378e-04
3.27575385e-01 5.44505313e-04 3.87291980e-04
3.27994496e-01 1.58832378e-04 3.86873508e-04
3.28413604e-01 -5.40636632e-05 3.85175107e-04
3.28832708e-01 -4.97571044e-05 3.91090215e-04
3.29251810e-01 3.58398295e-04 3.85063352e-04
3.29670907e-01 -2.33503304e-04 3.87771464e-04
3.30090002e-01 -4.41774809e-04 3.79682637e-04
3.30509093e-01 -1.62716896e-04 3.86584475e-04
3.30928181e-01 -3.37579352e-04 3.87031105e-04
3.31347266e-01 -1.86146904e-05 3.92022864e-04
3.31766347e-01 2.20552809e-04 4.03334816e-04
3.32185425e-01 4.83401981e-04 4.03393154e-04
3.32604500e-01 -3.78007056e-04 3.93941316e-04
3.33023571e-01 1.94130527e-04 3.92130276e-04
3.33442639e-01 -1.75049831e-04 3.94755552e-04
3.33861704e-01 3.23943240e-04 4.05840119e-04
3.34280765e-01 1.95725589e-04 3.99136788e-04
3.34699823e-01 4.38077290e-04 4.02543543e-04
3.35118878e-01 3.61994304e-04 3.98213529e-04
3.35537929e-01 1.18447960e-04 4.00794326e-04
3.35956977e-01 -5.81241546e-05 4.07879479e-04
3.36376021e-01 7.06236803e-04 4.14111317e-04
3.36795062e-01 1.35594675e-04 4.04846883e-04
3.37214100e-01 -2.11617024e-04 4.05459023e-04
3.37633135e-01 1.43402230e-04 4.05797269e-04
3.38052166e-01 5.17298026e-04 4.10061035e-04
3.38471193e-01 5.75123226e-04 4.03186741e-04
3.38890217e-01 3.52578107e-04 4.03755043e-04
3.39309238e-01 -4.75382099e-04 4.10648974e-04
3.39728256e-01 2.53280071e-04 4.12205521e-04
3.40147270e-01 -6.06277211e-04 4.05245807e-04
3.40566280e-01 6.18735735e-05 4.13907022e-04
3.40985288e-01 2.68748521e-04 4.11739952e-04
3.41404291e-01 -5.28938495e-04 3.98316412e-04
3.41823292e-01 -5.87864157e-04 4.16812512e-04
3.42242289e-01 4.73317162e-04 3.94509003e-04
3.42661282e-01 7.07115212e-04 4.16894700e-04
3.43080272e-01 1.84996657e-04 4.02043890e-04
3.43499259e-01 -6.02921854e-04 4.04669784e-04
3.43918242e-01 -1.70599207e-04 4.08409872e-04
3.44337222e-01 -3.31686510e-04 4.09834986e-04
3.44756198e-01 1.24320331e-05 4.06984704e-04
3.45175171e-01 -4.35685354e-04 4.10777371e-04
3.45594140e-01 3.15990694e-04 4.15492043e-04
3.46013106e-01 2.83986947e-04 4.16827120e-04
3.46432069e-01 -1.81180733e-04 4.12743291e-04
3.46851028e-01 4.38235533e-04 4.15203106e-04
3.47269983e-01 5.86495038e-05 4.13919367e-04
3.47688935e-01 5.11874172e-04 4.12577349e-04
3.48107884e-01 2.43102790e-04 4.20628389e-04
3.48526829e-01 1.61002662e-04 4.12659751e-04
3.48945770e-01 -2.19495908e-04 4.22259400e-04
3.49364708e-01 5.60431817e-04 4.13721094e-04
3.49783643e-01 4.57090853e-04 4.29321100e-04
3.50202574e-01 6.80122964e-04 4.19918815e-04
3.50621502e-01 4.16367474e-04 4.16475564e-04
3.51040426e-01 -5.13587452e-04 4.16825878e-04
3.51459346e-01 1.07900642e-06 4.21073308e-04
3.51878263e-01 -1.91023930e-04 4.28342331e-04
3.52297177e-01 1.98213710e-04 4.27134863e-04
3.52716087e-01 1.85379352e-04 4.31532320e-04
3.53134993e-01 1.11546428e-04 4.33493535e-04
3.53553896e-01 -2.82670654e-04 4.24158859e-04
3.53972795e-01 3.59968227e-04 4.30788235e-04
3.54391691e-01 -1.90054802e-04 4.23969006e-04
3.54810584e-01 -5.34398051e-04 4.27725317e-04
3.55229472e-01 3.65255221e-05 4.35807965e-04
3.55648357e-01 5.21365452e-04 4.28570910e-04
3.56067239e-01 3.22239340e-04 4.24306499e-04
3.56486117e-01 2.35103110e-04 4.36822056e-04
3.56904991e-01 -5.50460523e-04 4.38628188e-04
3.57323862e-01 -4.48571801e-05 4.23076601e-04
3.57742730e-01 4.05168193e-05 4.32567420e-04
3.58161593e-01 -5.31175822e-04 4.26594372e-04
3.58580453e-01 1.77409202e-04 4.30528771e-04
3.58999310e-01 -1.29752801e-04 4.37243457e-04
3.59418163e-01 1.66291450e-04 4.36911251e-04
3.59837012e-01 5.08753954e-04 4.39481181e-04
3.60255858e-01 1.08287539e-04 4.33368135e-04
3.60674700e-01 1.83456231e-04 4.45552968e-04
3.61093539e-01 3.39041297e-04 4.47932813e-04
3.61512374e-01 -3.44706994e-04 4.31598619e-04
3.61931205e-01 -4.23175147e-04 4.37217818e-04
3.62350032e-01 -1.10147728e-04 4.43865580e-04
3.62768857e-01 7.44850983e-05 4.35942956e-04
3.63187677e-01 -6.10515208e-04 4.43197432e-04
3.63606494e-01 -2.75637103e-04 4.44118232e-04
3.64025307e-01 -6.31397012e-04 4.50021627e-04
3.64444116e-01 -5.85304872e-04 4.36827312e-04
3.64862922e-01 -3.32055372e-04 4.31687960e-04
3.65281724e-01 4.71356431e-04 4.45690604e-04
3.65700523e-01 -5.71582268e-04 4.32038102e-04
3.66119318e-01 -4.68602440e-05 4.45568263e-04
3.66538109e-01 4.34548531e-05 4.33155904e-04
3.66956896e-01 4.08583028e-04 4.50048237e-04
3.67375680e-01 -4.94069874e-05 4.54642625e-04
3.67794460e-01 -4.03928304e-04 4.52011474e-04
3.68213237e-01 -1.24686070e-04 4.37795965e-04
3.68632010e-01 -5.99125506e-05 4.49050485e-04
3.69050779e-01 2.53364717e-04 4.38698438e-04
3.69469544e-01 6.60779417e-04 4.39330003e-04
3.69888306e-01 -1.08208212e-03 4.44311325e-04
3.70307064e-01 2.05985290e-04 4.45172406e-04
3.70725818e-01 4.40013070e-05 4.38551549e-04
3.71144569e-01 -6.74806595e-04 4.45497250e-04
3.71563316e-01 -2.96426497e-04 4.48481947e-04
3.71982059e-01 -1.85176923e-05 4.61883164e-04
3.72400798e-01 4.11876745e-04 4.56724460e-04
3.72819534e-01 -1.75516353e-04 4.46869064e-04
3.73238266e-01 1.25470068e-06 4.45970268e-04
3.73656994e-01 -2.27571995e-04 4.40810927e-04
3.74075719e-01 5.25254893e-04 4.62173578e-04
3.74494439e-01 -3.21737095e-04 4.49803357e-04
3.74913156e-01 -2.38344491e-04 4.39709833e-04
3.75331870e-01 -7.15488164e-04 4.60198624e-04
3.75750579e-01 -6.59723167e-04 4.53928231e-04
3.76169285e-01 -5.57724140e-04 4.51029737e-04
3.76587987e-01 -3.00681701e-04 4.58769060e-04
3.77006685e-01 1.40140408e-04 4.60074820e-04
3.77425380e-01 2.73336064e-04 4.56036073e-04
3.77844070e-01 1.36151117e-05 4.45959271e-04
3.78262757e-01 9.23098214e-05 4.61259168e-04
3.78681440e-01 6.85635557e-04 4.54685767e-04
3.79100119e-01 -2.30885443e-04 4.59934232e-04
3.79518795e-01 -5.97212436e-04 4.57629471e-04
3.79937467e-01 3.27152695e-04 4.63370536e-04
3.80356135e-01 2.53740299e-04 4.62286088e-04
3.80774799e-01 7.60779223e-04 4.52846312e-04
3.81193459e-01 -2.27092895e-04 4.57232900e-04
3.81612115e-01 5.34281820e-04 4.60390462e-04
3.82030768e-01 8.23608768e-04 4.53471672e-04
3.82449417e-01 -7.32614050e-05 4.66998038e-04
3.82868062e-01 -3.38449085e-04 4.64806819e-04
3.83286703e-01 5.92298935e-04 4.82879517e-04
3.83705340e-01 -1.83778039e-04 4.85096871e-04
3.84123974e-01 6.38952807e-04 4.91244706e-04
3.84542604e-01 -3.87126024e-04 4.88809652e-04
3.84961229e-01 6.89030544e-04 4.79911609e-04
3.85379851e-01 -1.31466063e-04 4.92856082e-04
3.85798469e-01 -3.10407159e-04 5.05102896e-04
3.86217084e-01 -2.93687823e-04 4.85838612e-04
3.86635694e-01 4.25239314e-04 4.98172413e-04
3.87054301e-01 1.11699238e-03 4.97099250e-04
3.87472903e-01 6.64306173e-04 5.10934288e-04
3.87891502e-01 6.17395589e-04 5.11900470e-04
3.88310097e-01 1.83773155e-04 5.02121953e-04
3.88728688e-01 4.67854010e-04 4.91306026e-04
3.89147275e-01 -1.08683324e-05 5.06382935e-04
3.89565858e-01 -6.09130649e-04 5.07175176e-04
3.89984437e-01 -1.39523678e-04 4.87527172e-04
3.90403013e-01 -6.03337005e-04 5.06472495e-04
3.90821584e-01 -1.10033202e-04 5.16255364e-04
3.91240152e-01 -7.25951935e-04 5.30308834e-04
3.91658716e-01 5.17230295e-04 5.21036653e-04
3.92077275e-01 1.01304116e-04 5.14587059e-04
3.92495831e-01 3.08728971e-04 5.27903053e-04
3.92914383e-01 -4.45160734e-04 5.23372062e-04
3.93332931e-01 1.96913467e-05 5.29727944e-04
3.93751475e-01 -1.29080021e-05 5.20632418e-04
3.94170015e-01 -5.44704187e-04 5.33746809e-04
3.94588552e-01 -4.31185384e-04 5.28774558e-04
3.95007084e-01 -3.30613687e-04 5.34257463e-04
3.95425612e-01 3.63724471e-04 5.40262836e-04
3.95844136e-01 3.04276800e-04 5.30188915e-04
3.96262657e-01 -4.64277631e-04 5.38346663e-04
3.96681173e-01 2.34414017e-04 5.32568214e-04
3.97099686e-01 -5.99125975e-04 5.44796569e-04
3.97518194e-01 -4.54937182e-06 5.38649055e-04
3.97936698e-01 -3.18601312e-04 5.55792384e-04
3.98355199e-01 -8.62750451e-04 5.46562627e-04
3.98773695e-01 -1.25081451e-04 5.37115006e-04
3.99192188e-01 1.56098169e-04 5.39210047e-04
3.99610677e-01 2.94376045e-05 5.32033069e-04
4.00029161e-01 4.33436663e-04 5.67646619e-04
4.00447642e-01 -5.11922744e-05 5.59781525e-04
4.00866118e-01 -2.02294007e-04 5.61175478e-04
4.01284591e-01 6.34504133e-04 5.68428832e-04
4.01703059e-01 -8.42756531e-05 5.63703108e-04
4.02121524e-01 -5.67876056e-05 5.55227999e-04
4.02539984e-01 7.08454561e-04 5.73009203e-04
4.02958441e-01 -2.64261310e-04 5.65375059e-04
4.03376893e-01 8.07837405e-05 5.75601126e-04
4.03795341e-01 1.33350650e-03 5.84975778e-04
4.04213786e-01 -5.11041203e-04 5.88068657e-04
4.04632226e-01 -7.75868664e-04 5.90273065e-04
4.05050662e-01 -1.46389770e-03 5.80251201e-04
4.05469095e-01 -1.37061215e-04 5.80320984e-04
4.05887523e-01 -4.90987117e-04 5.76989040e-04
4.06305947e-01 -3.62934534e-04 5.78877152e-04
4.06724367e-01 -9.82843678e-05 5.87064757e-04
4.07142783e-01 -5.59189821e-04 6.02927357e-04
4.07561195e-01 -1.80262486e-04 5.91792431e-04
4.07979603e-01 2.95032174e-04 5.93168525e-04
4.08398006e-01 6.39307148e-04 6.10986598e-04
4.08816406e-01 4.11269682e-04 6.15552172e-04
4.09234802e-01 -7.02246789e-04 6.08166164e-04
4.09653193e-01 -8.77833254e-04 6.08908893e-04
4.10071580e-01 -6.83469161e-04 6.16579921e-04
4.10489964e-01 -9.07871224e-04 6.35985476e-04
4.10908343e-01 6.14483353e-04 6.16481599e-04
4.11326718e-01 9.07346727e-04 6.34904202e-04
4.11745089e-01 5.95653896e-04 6.18401130e-04
4.12163456e-01 7.16927113e-04 6.13046909e-04
4.12581819e-01 4.68679211e-04 6.30677845e-04
4.13000177e-01 1.07770937e-03 6.41877482e-04
4.13418532e-01 2.03186366e-04 6.61599945e-04
4.13836882e-01 2.92294181e-04 6.47584334e-04
4.14255228e-01 -3.79352443e-05 6.44828576e-04
4.14673570e-01 4.81856639e-05 6.41945522e-04
4.15091908e-01 -1.75857206e-04 6.27899399e-04
4.15510242e-01 -4.74860878e-04 6.49939832e-04
4.15928572e-01 6.47356961e-05 6.58241749e-04
4.16346897e-01 -4.82752907e-04 6.64150157e-04
4.16765218e-01 7.82060502e-04 6.45497638e-04
4.17183536e-01 1.02603964e-03 6.58998935e-04
4.17601849e-01 1.41842016e-03 6.57467451e-04
4.18020157e-01 1.19986392e-03 6.49682938e-04
4.18438462e-01 -9.37675611e-04 6.59329430e-04
4.18856762e-01 -3.67948229e-04 6.96096770e-04
4.19275059e-01 4.57315703e-04 6.74456658e-04
4.19693351e-01 -8.23661887e-04 6.50083938e-04
4.20111639e-01 -9.54056000e-04 6.38634494e-04
4.20529922e-01 -9.34016259e-04 6.93463463e-04
4.20948202e-01 -5.31034146e-04 6.81606539e-04
4.21366477e-01 8.80448495e-04 6.63024611e-04
4.21784748e-01 -1.69036459e-04 6.92080157e-04
4.22203015e-01 -4.00661512e-05 6.79194807e-04
4.22621278e-01 -8.14293198e-04 6.85327110e-04
4.23039536e-01 6.65853834e-04 6.93376682e-04
4.23457790e-01 9.67910345e-04 7.00510698e-04
4.23876040e-01 -7.08836072e-04 7.14725560e-04
4.24294286e-01 -2.16466029e-04 7.05706469e-04
4.24712527e-01 -1.69620861e-04 6.95571721e-04
4.25130765e-01 -3.80956897e-06 6.94793998e-04
4.25548998e-01 2.26467365e-04 7.04775896e-04
4.25967226e-01 -1.92219552e-04 7.03565071e-04
4.26385451e-01 4.30986113e-05 7.08278921e-04
4.26803671e-01 -4.58613797e-04 7.08532816e-04
4.27221887e-01 -1.40096343e-03 6.97434597e-04
4.27640099e-01 -3.02371440e-04 7.30466374e-04
4.28058306e-01 4.52671264e-06 7.50840345e-04
4.28476509e-01 -1.79058853e-04 7.17701852e-04
4.28894708e-01 -9.17364838e-04 7.18170661e-04
4.29312903e-01 -6.61221286e-04 7.77391476e-04
4.29731093e-01 2.22639941e-03 7.97596774e-04
4.30149279e-01 -1.56493755e-04 7.64344821e-04
4.30567460e-01 4.48722339e-04 8.14241804e-04
4.30985638e-01 3.71881427e-04 8.19816156e-04
4.31403811e-01 5.79379937e-04 7.73763524e-04
4.31821980e-01 -3.74013588e-04 8.46305106e-04
4.32240144e-01 -5.30332661e-04 7.94496540e-04
4.32658304e-01 -2.54855181e-04 8.10906813e-04
4.33076460e-01 -1.65409840e-04 8.09614018e-04
4.33494612e-01 1.33087941e-03 8.53260927e-04
4.33912759e-01 3.63769424e-04 8.99834640e-04
4.34330902e-01 -8.10549155e-04 9.60739149e-04
4.34749040e-01 5.68730019e-04 1.16674589e-03
4.35167174e-01 -8.16722437e-04 1.14954891e-03
4.35585304e-01 3.13347240e-04 1.21974056e-03
4.36003430e-01 2.02374645e-04 1.25644550e-03
4.36421551e-01 -7.07525630e-04 1.21722752e-03
4.36839667e-01 1.15716724e-03 1.68420021e-03
4.37257780e-01 2.92258661e-03 0.00000000e+00
