6.30595362e-03 4.14819580e-02 3.00228231e-02
6.72635018e-03 -8.81857987e-03 1.07526138e-02
7.14674667e-03 -1.80944547e-02 6.45492284e-03
7.56714308e-03 -4.31953062e-03 5.73269082e-03
7.98753943e-03 -5.46276224e-03 4.91567758e-03
8.40793569e-03 -7.53453899e-03 3.83140524e-03
8.82833186e-03 -2.02246485e-03 3.65983784e-03
9.24872795e-03 -2.23998446e-03 3.69008537e-03
9.66912395e-03 2.60402139e-03 2.91594810e-03
1.00895198e-02 -2.51983803e-03 3.04792246e-03
1.05099156e-02 -3.71708154e-03 2.78992420e-03
1.09303113e-02 -1.94061448e-03 2.68658271e-03
1.13507069e-02 -7.99588309e-04 2.58297141e-03
1.17711024e-02 -3.22641361e-03 2.23041866e-03
1.21914977e-02 4.23501718e-04 2.30781599e-03
1.26118929e-02 7.92235440e-04 2.15848936e-03
1.30322880e-02 -1.95333753e-03 1.96036236e-03
1.34526830e-02 2.26720103e-03 2.38138027e-03
1.38730778e-02 4.02695308e-03 1.99385316e-03
1.42934725e-02 3.47390641e-03 2.01915024e-03
1.47138671e-02 -1.78893923e-03 1.99302143e-03
1.51342615e-02 5.82214529e-04 1.94872625e-03
1.55546557e-02 2.52737143e-03 1.90025916e-03
1.59750498e-02 3.95436203e-03 1.78715064e-03
1.63954437e-02 1.14409213e-03 1.67700407e-03
1.68158375e-02 9.37913823e-06 1.78543574e-03
1.72362311e-02 2.34420792e-03 1.72171062e-03
1.76566245e-02 3.17276801e-03 1.65493073e-03
1.80770178e-02 5.52622708e-04 1.66371631e-03
1.84974108e-02 2.40942488e-03 1.68383933e-03
1.89178037e-02 2.29838135e-04 1.52636136e-03
1.93381964e-02 1.23139956e-03 1.52495606e-03
1.97585889e-02 9.28304674e-05 1.59400941e-03
2.01789812e-02 -2.55760529e-03 1.48575440e-03
2.05993732e-02 4.19970637e-03 1.53414539e-03
2.10197651e-02 4.34401505e-03 1.53844436e-03
2.14401568e-02 -1.32716941e-03 1.48020233e-03
2.18605482e-02 8.77696474e-04 1.43021133e-03
2.22809395e-02 2.52551622e-03 1.53719104e-03
2.27013305e-02 1.17766323e-03 1.41316679e-03
2.31217212e-02 4.23695611e-04 1.45038029e-03
2.35421118e-02 7.17926553e-04 1.51482281e-03
2.39625021e-02 1.09381439e-03 1.23222894e-03
2.43828922e-02 1.73758701e-03 1.37628666e-03
2.48032820e-02 1.49753545e-03 1.37052519e-03
2.52236716e-02 1.67297207e-03 1.40449119e-03
2.56440609e-02 1.89772948e-04 1.44375613e-03
2.60644499e-02 5.14019808e-04 1.42476644e-03
2.64848387e-02 -3.88702874e-04 1.32951549e-03
2.69052273e-02 1.77144937e-03 1.34929367e-03
2.73256155e-02 1.15679719e-04 1.36964777e-03
2.77460035e-02 -1.52310933e-04 1.36448990e-03
2.81663912e-02 1.89788100e-03 1.37710808e-03
2.85867786e-02 -6.16875960e-04 1.32403578e-03
2.90071658e-02 -1.58078309e-03 1.30186704e-03
2.94275526e-02 -2.54228491e-03 1.30777132e-03
2.98479391e-02 2.69130689e-04 1.32628546e-03
3.02683254e-02 2.03901858e-03 1.36785435e-03
3.06887113e-02 4.25431968e-05 1.37919989e-03
3.11090970e-02 -3.40654833e-03 1.26563867e-03
3.15294823e-02 2.25969216e-03 1.27255018e-03
3.19498673e-02 -8.65348136e-05 1.31892225e-03
3.23702519e-02 3.72605738e-03 1.31013166e-03
3.27906363e-02 8.26343355e-04 1.30067389e-03
3.32110203e-02 -6.85783404e-04 1.27321312e-03
3.36314040e-02 -1.00594104e-03 1.31755918e-03
3.40517873e-02 -2.93601261e-03 1.19574523e-03
3.44721703e-02 1.40130215e-03 1.24440722e-03
3.48925530e-02 -5.72739141e-04 1.24494967e-03
3.53129353e-02 2.39461885e-04 1.15836164e-03
3.57333173e-02 1.17945638e-03 1.15735857e-03
3.61536988e-02 6.14856144e-04 1.15294983e-03
3.65740801e-02 -5.23064132e-04 1.08809339e-03
3.69944609e-02 7.88556830e-04 1.17766396e-03
3.74148414e-02 2.95530267e-03 1.15516397e-03
3.78352215e-02 1.64621156e-03 1.12921065e-03
3.82556012e-02 9.44670599e-04 1.13220044e-03
3.86759806e-02 -2.07057414e-03 1.15177856e-03
3.90963595e-02 7.70695780e-04 1.09883096e-03
3.95167381e-02 -1.59719411e-04 1.05220999e-03
3.99371163e-02 7.45627440e-04 1.08310116e-03
4.03574940e-02 -8.82690114e-04 1.06673147e-03
4.07778714e-02 2.68580850e-04 1.05495312e-03
4.11982483e-02 5.02401678e-04 1.05270949e-03
4.16186248e-02 2.61934730e-04 1.00786936e-03
4.20390009e-02 -1.15699481e-03 1.05026332e-03
4.24593766e-02 7.04841114e-04 1.04196369e-03
4.28797519e-02 1.28764402e-03 1.05276435e-03
4.33001267e-02 -2.04287546e-04 1.00518395e-03
4.37205011e-02 -2.84090838e-04 1.02974402e-03
4.41408750e-02 1.69611378e-03 1.03153531e-03
4.45612485e-02 -3.75263002e-05 1.00461639e-03
4.49816216e-02 1.02581060e-04 9.97366363e-04
4.54019942e-02 6.33960515e-04 1.08813548e-03
4.58223663e-02 -3.85018997e-04 1.03652609e-03
4.62427380e-02 -1.02827496e-03 9.41217426e-04
4.66631092e-02 -1.74826226e-04 1.03960617e-03
4.70834800e-02 -1.29167828e-03 9.60215735e-04
4.75038502e-02 -7.51563268e-07 9.76572997e-04
4.79242200e-02 3.23355438e-04 9.74476478e-04
4.83445894e-02 5.91281823e-05 9.70869416e-04
4.87649582e-02 1.14565944e-03 9.59165082e-04
4.91853265e-02 2.45531873e-04 9.65525655e-04
4.96056943e-02 1.16848061e-03 9.84339234e-04
5.00260617e-02 7.80811300e-04 9.76161667e-04
5.04464285e-02 1.32998719e-03 9.66011305e-04
5.08667948e-02 5.36648445e-05 9.47114918e-04
5.12871607e-02 6.34114657e-04 9.50263238e-04
5.17075260e-02 1.10912548e-03 9.53787750e-04
5.21278907e-02 -9.12357288e-05 9.11090230e-04
5.25482550e-02 2.66950720e-04 9.15590869e-04
5.29686187e-02 1.26212954e-03 9.25525377e-04
5.33889819e-02 -5.43094325e-04 9.17829481e-04
5.38093445e-02 1.81203224e-03 1.00255961e-03
5.42297066e-02 -1.05890775e-04 9.12133945e-04
5.46500682e-02 -1.20490712e-04 9.10379716e-04
5.50704292e-02 3.84756575e-04 9.44310190e-04
5.54907897e-02 2.38041941e-04 8.91907092e-04
5.59111496e-02 -3.04565899e-04 9.14860429e-04
5.63315089e-02 -1.15263349e-03 9.37812424e-04
5.67518677e-02 1.57470292e-03 9.86997541e-04
5.71722259e-02 6.08919737e-04 9.32819450e-04
5.75925835e-02 -1.71561002e-03 9.15702446e-04
5.80129405e-02 6.05526608e-04 9.80294448e-04
5.84332970e-02 3.42812996e-04 9.32951150e-04
5.88536529e-02 4.95834199e-04 8.99949420e-04
5.92740081e-02 4.01620206e-04 9.14234060e-04
5.96943628e-02 2.45290092e-04 9.36852429e-04
6.01147169e-02 4.83327300e-04 9.06207776e-04
6.05350704e-02 -5.66323202e-04 9.43468269e-04
6.09554232e-02 9.41732543e-04 9.32458104e-04
6.13757755e-02 1.03239783e-03 9.16741214e-04
6.17961271e-02 3.58293788e-04 9.20996056e-04
6.22164781e-02 -1.94666923e-04 9.60872237e-04
6.26368285e-02 8.98924972e-04 8.80059743e-04
6.30571783e-02 -3.64698772e-04 8.81254047e-04
6.34775274e-02 9.82400739e-04 8.52518487e-04
6.38978758e-02 -1.43170557e-04 9.38669526e-04
6.43182237e-02 -9.75406409e-04 9.05315706e-04
6.47385709e-02 -1.24330652e-03 8.85604479e-04
6.51589174e-02 9.53389389e-04 9.23575234e-04
6.55792633e-02 -1.21743234e-03 8.32038354e-04
6.59996085e-02 -1.56146137e-03 8.98262728e-04
6.64199530e-02 2.44576098e-04 8.73184799e-04
6.68402969e-02 -1.31828896e-03 8.44360598e-04
6.72606401e-02 5.95649493e-04 8.12094734e-04
6.76809827e-02 1.28955964e-03 8.27455757e-04
6.81013245e-02 -1.12193040e-03 8.13850098e-04
6.85216657e-02 -1.34393953e-03 8.19141606e-04
6.89420062e-02 -7.94902889e-04 8.11914575e-04
6.93623459e-02 -4.51023666e-04 7.95924599e-04
6.97826850e-02 1.54834492e-04 8.14659266e-04
7.02030234e-02 2.18425850e-04 7.91553727e-04
7.06233611e-02 6.69662523e-04 8.40104766e-04
7.10436980e-02 -4.03000922e-05 8.12148542e-04
7.14640343e-02 9.75558058e-04 8.15167583e-04
7.18843698e-02 3.15556149e-04 8.18814089e-04
7.23047046e-02 8.64263752e-05 8.05473546e-04
7.27250387e-02 -3.80098441e-04 8.12361475e-04
7.31453720e-02 -2.17520854e-04 7.79187252e-04
7.35657046e-02 1.54030465e-03 7.84268140e-04
7.39860365e-02 5.80647937e-04 8.02532341e-04
7.44063676e-02 -2.54148392e-05 7.79687872e-04
7.48266980e-02 1.72063484e-04 7.58428853e-04
7.52470276e-02 9.61507199e-05 7.87611206e-04
7.56673565e-02 -1.77573307e-03 7.67804242e-04
7.60876846e-02 -5.94415401e-04 7.98471664e-04
7.65080119e-02 -5.31243723e-04 7.92905670e-04
7.69283384e-02 -1.72486249e-04 7.76301675e-04
7.73486642e-02 3.28442317e-04 7.69741520e-04
7.77689892e-02 1.47015246e-03 7.48926210e-04
7.81893135e-02 -4.31554855e-04 7.67270813e-04
7.86096369e-02 4.56781759e-04 7.43001531e-04
7.90299595e-02 -1.15880591e-03 7.54177214e-04
7.94502814e-02 4.98979272e-04 7.84137892e-04
7.98706024e-02 -8.78256483e-04 7.58968616e-04
8.02909227e-02 -1.04356643e-03 7.74364743e-04
8.07112421e-02 -4.43535608e-04 7.47175154e-04
8.11315607e-02 5.57076262e-05 7.39955340e-04
8.15518785e-02 -1.59937472e-04 7.57342130e-04
8.19721955e-02 -3.40626071e-04 7.36848872e-04
8.23925117e-02 1.38691590e-04 7.22108869e-04
8.28128270e-02 -1.82139134e-04 7.62458352e-04
8.32331415e-02 -7.33315908e-04 7.45305586e-04
8.36534552e-02 3.90906456e-04 7.53847680e-04
8.40737680e-02 4.66409892e-04 7.47949273e-04
8.44940800e-02 9.16814411e-04 7.51239385e-04
8.49143911e-02 1.02057176e-03 7.49628717e-04
8.53347013e-02 6.38522996e-04 7.60625066e-04
8.57550107e-02 -3.30813295e-04 7.27902848e-04
8.61753193e-02 -8.94788311e-05 7.31746975e-04
8.65956270e-02 -2.08348962e-04 7.71424716e-04
8.70159338e-02 6.68222473e-04 7.30056189e-04
8.74362397e-02 -1.04868120e-03 7.20189221e-04
8.78565447e-02 -9.53037815e-04 7.13202408e-04
8.82768489e-02 -1.16440160e-03 7.32480024e-04
8.86971522e-02 -1.00599244e-03 6.98929091e-04
8.91174545e-02 1.46540622e-03 7.13655601e-04
8.95377560e-02 9.46835906e-04 7.47091187e-04
8.99580566e-02 -1.50849424e-04 7.19133916e-04
9.03783563e-02 -4.03274236e-04 7.27940325e-04
9.07986550e-02 1.05828406e-03 7.29247803e-04
9.12189529e-02 4.89199883e-04 7.04058259e-04
9.16392498e-02 -3.60091849e-04 7.10013466e-04
9.20595458e-02 3.25888296e-04 7.28667167e-04
9.24798409e-02 -8.00895684e-04 7.02986979e-04
9.29001350e-02 8.34774152e-04 7.15719378e-04
9.33204283e-02 5.09975216e-04 7.12586479e-04
9.37407205e-02 9.53133462e-04 7.29258059e-04
9.41610119e-02 -1.45774755e-04 7.06906090e-04
9.45813022e-02 8.36317104e-04 7.55663165e-04
9.50015917e-02 -1.29328332e-03 7.05136928e-04
9.54218802e-02 3.61807327e-04 7.12904388e-04
9.58421677e-02 -8.84273709e-04 6.92273066e-04
9.62624542e-02 -1.66344375e-04 7.16627669e-04
9.66827398e-02 -2.80829060e-04 6.72127459e-04
9.71030244e-02 5.72141873e-04 7.07925633e-04
9.75233080e-02 -5.33849906e-04 6.97896912e-04
9.79435907e-02 1.51289354e-04 7.09704367e-04
9.83638723e-02 5.65187544e-04 6.85003791e-04
9.87841530e-02 -4.26117966e-05 6.92492051e-04
9.92044327e-02 -4.46257842e-04 6.76282297e-04
9.96247114e-02 5.23087497e-04 6.82466980e-04
1.00044989e-01 7.31713732e-04 6.64615379e-04
1.00465266e-01 -6.47195096e-04 6.91979968e-04
1.00885541e-01 -9.03451062e-04 6.76476305e-04
1.01305816e-01 3.60621688e-04 6.74389797e-04
1.01726090e-01 3.61951030e-05 6.67846603e-04
1.02146362e-01 -3.23462721e-04 6.83023133e-04
1.02566634e-01 1.11597321e-03 6.87925253e-04
1.02986904e-01 5.14817093e-04 6.90877014e-04
1.03407174e-01 -7.08898408e-04 6.71171719e-04
1.03827442e-01 -7.19636520e-04 6.56677411e-04
1.04247710e-01 -6.71415979e-04 6.67311620e-04
1.04667976e-01 -4.45557388e-05 6.45514252e-04
1.05088241e-01 -3.84302271e-04 6.48622818e-04
1.05508506e-01 -1.30223464e-03 6.57624148e-04
1.05928769e-01 -1.08378780e-03 6.63588150e-04
1.06349031e-01 -4.69441222e-04 6.78355771e-04
1.06769292e-01 5.49389279e-04 6.74552231e-04
1.07189552e-01 1.74746588e-03 6.70337678e-04
1.07609811e-01 -4.18839617e-04 6.54066623e-04
1.08030069e-01 -1.97152999e-04 6.29005334e-04
1.08450325e-01 -3.29647897e-04 6.54084992e-04
1.08870581e-01 2.87070952e-04 6.74489547e-04
1.09290836e-01 7.01875946e-06 6.39597465e-04
1.09711089e-01 -3.56091516e-04 6.47687914e-04
1.10131341e-01 -4.41551959e-04 6.65130149e-04
1.10551592e-01 6.15816570e-04 6.76148031e-04
1.10971843e-01 1.15951056e-03 6.56568511e-04
1.11392092e-01 1.64384504e-04 6.29087764e-04
1.11812339e-01 -6.22026885e-04 6.23208127e-04
1.12232586e-01 1.26271841e-04 6.31479817e-04
1.12652832e-01 -4.03554304e-04 6.53944414e-04
1.13073076e-01 -3.64498674e-04 6.46828967e-04
1.13493320e-01 1.08176469e-03 6.68107107e-04
1.13913562e-01 -5.60279355e-04 6.64702132e-04
1.14333803e-01 -1.33902968e-03 6.49164186e-04
1.14754043e-01 1.09189196e-03 6.68373410e-04
1.15174282e-01 -3.11057503e-04 6.74107105e-04
1.15594519e-01 -1.16565703e-03 6.79214714e-04
1.16014756e-01 2.87807849e-04 6.72640787e-04
1.16434991e-01 -2.72567221e-04 6.45470308e-04
1.16855225e-01 7.17852969e-05 6.71657137e-04
1.17275458e-01 3.19580058e-04 6.63896599e-04
1.17695690e-01 2.61839353e-04 6.52187340e-04
1.18115920e-01 2.02825847e-04 6.51407397e-04
1.18536149e-01 1.05508846e-03 6.70580915e-04
1.18956378e-01 -4.77119329e-04 6.54328401e-04
1.19376605e-01 2.47198252e-04 6.62217974e-04
1.19796830e-01 -4.42901504e-04 6.39665599e-04
1.20217055e-01 -5.27266838e-05 6.35746300e-04
1.20637278e-01 1.05142866e-03 6.49541647e-04
1.21057500e-01 -5.47401120e-04 6.52846936e-04
1.21477721e-01 3.66496525e-04 6.52125668e-04
1.21897941e-01 3.68123002e-04 6.72863148e-04
1.22318159e-01 -6.57476552e-04 6.30840488e-04
1.22738377e-01 -8.85992542e-04 6.33592599e-04
1.23158593e-01 4.49483670e-04 6.41981238e-04
1.23578807e-01 -1.11925412e-04 6.33394111e-04
1.23999021e-01 7.02101547e-05 6.27142970e-04
1.24419233e-01 5.85387674e-05 6.26046042e-04
1.24839444e-01 3.19401361e-04 6.51266775e-04
1.25259654e-01 -6.48260735e-04 6.30258239e-04
1.25679862e-01 8.83301215e-04 6.33761252e-04
1.26100070e-01 5.28456524e-04 6.15161637e-04
1.26520276e-01 -4.07784175e-04 6.48987472e-04
1.26940480e-01 -4.57796187e-04 6.26657519e-04
1.27360684e-01 5.04010858e-04 6.05296640e-04
1.27780886e-01 -4.06069594e-05 6.33961442e-04
1.28201087e-01 -2.22395320e-04 6.21341420e-04
1.28621286e-01 6.67739149e-04 6.13101573e-04
1.29041485e-01 2.24712783e-05 6.10061282e-04
1.29461682e-01 -2.39804734e-04 6.19961536e-04
1.29881877e-01 -2.55832929e-04 6.25153311e-04
1.30302072e-01 -1.10942150e-04 6.01593632e-04
1.30722265e-01 -7.30163712e-04 6.15518174e-04
1.31142456e-01 -5.78367914e-04 6.11803115e-04
1.31562647e-01 -1.11621235e-05 6.11549513e-04
1.31982836e-01 -8.12694901e-04 6.11373797e-04
1.32403024e-01 -4.27563291e-04 6.06709505e-04
1.32823210e-01 -4.43322403e-04 6.10041397e-04
1.33243395e-01 -2.11972082e-04 6.07878454e-04
1.33663579e-01 -6.67038304e-04 5.93085863e-04
1.34083761e-01 -8.80998418e-04 6.05592873e-04
1.34503942e-01 6.02217182e-04 6.10784861e-04
1.34924122e-01 -9.71824303e-05 6.12184882e-04
1.35344300e-01 8.00324378e-04 6.01902840e-04
1.35764477e-01 7.49092651e-04 5.93016812e-04
1.36184653e-01 6.46474253e-04 6.12958322e-04
1.36604827e-01 -3.25884031e-04 5.95287866e-04
1.37025000e-01 -3.10142325e-04 5.99353562e-04
1.37445171e-01 2.32048641e-04 5.98713499e-04
1.37865341e-01 -2.54624215e-04 6.01312132e-04
1.38285510e-01 1.19785974e-04 5.92533794e-04
1.38705677e-01 -5.66938688e-04 5.97719362e-04
1.39125843e-01 -1.07761693e-03 5.96047876e-04
1.39546008e-01 -7.31246527e-05 5.92365097e-04
1.39966171e-01 -2.80096043e-04 5.80546246e-04
1.40386333e-01 -1.16526441e-03 5.79103782e-04
1.40806493e-01 -4.48720815e-04 5.63356351e-04
1.41226652e-01 8.40630734e-05 5.67556984e-04
1.41646809e-01 -6.22178697e-04 5.56582799e-04
1.42066965e-01 -3.77198914e-05 5.76957719e-04
1.42487120e-01 -3.28509952e-04 5.77144082e-04
1.42907273e-01 1.16336891e-04 5.81149054e-04
1.43327425e-01 -3.99219555e-04 5.73048483e-04
1.43747575e-01 -2.21961837e-04 5.60318181e-04
1.44167724e-01 -7.78770411e-05 5.77713099e-04
1.44587871e-01 2.95432860e-05 5.61810731e-04
1.45008017e-01 -1.56980983e-04 5.88280658e-04
1.45428162e-01 -1.40952677e-04 5.86445255e-04
1.45848305e-01 -1.16270560e-03 5.70315170e-04
1.46268446e-01 3.72261816e-04 5.76628910e-04
1.46688586e-01 4.40905846e-04 5.79872917e-04
1.47108725e-01 1.11298576e-03 6.16165872e-04
1.47528862e-01 9.60716958e-04 5.92244234e-04
1.47948998e-01 2.95918058e-04 6.00006449e-04
1.48369132e-01 1.24526323e-04 5.93096414e-04
1.48789265e-01 -3.45898282e-04 5.93302258e-04
1.49209396e-01 -7.66154236e-04 5.72741605e-04
1.49629525e-01 1.02529752e-05 5.84075550e-04
1.50049654e-01 -8.33978588e-04 5.69782095e-04
1.50469780e-01 4.57866461e-04 5.72140793e-04
1.50889905e-01 -1.18927889e-03 5.67791682e-04
1.51310029e-01 3.90490419e-04 5.88170890e-04
1.51730151e-01 3.58348123e-04 5.84124810e-04
1.52150272e-01 -4.27494919e-05 5.68485823e-04
1.52570391e-01 -5.96091285e-04 5.56236741e-04
1.52990508e-01 2.60075555e-04 5.71980859e-04
1.53410624e-01 4.96816589e-04 5.72182493e-04
1.53830738e-01 -6.97147165e-04 5.78279172e-04
1.54250851e-01 1.34083299e-04 5.88990679e-04
1.54670963e-01 -3.55987156e-04 5.57574394e-04
1.55091072e-01 1.02540432e-03 5.68509636e-04
1.55511180e-01 2.69198701e-04 5.76544531e-04
1.55931287e-01 4.89525231e-04 5.52584730e-04
1.56351392e-01 -1.94837982e-04 5.66370416e-04
1.56771496e-01 9.67642149e-05 5.52691216e-04
1.57191598e-01 3.40672813e-04 5.58775070e-04
1.57611698e-01 -2.58551595e-04 5.49004618e-04
1.58031797e-01 -2.95995919e-04 5.55635724e-04
1.58451894e-01 -1.04910704e-03 5.35672951e-04
1.58871989e-01 -1.05480028e-04 5.38333861e-04
1.59292083e-01 5.85743109e-04 5.53728440e-04
1.59712176e-01 -2.97692044e-04 5.55730119e-04
1.60132266e-01 1.02458914e-04 5.45744437e-04
1.60552355e-01 7.25389804e-05 5.49488854e-04
1.60972443e-01 3.48843336e-04 5.47832260e-04
1.61392529e-01 -7.49392096e-04 5.37058018e-04
1.61812613e-01 -1.07104772e-03 5.56327069e-04
1.62232696e-01 2.23491748e-04 5.37318371e-04
1.62652777e-01 1.12196745e-04 5.44715145e-04
1.63072856e-01 4.55981579e-04 5.46234757e-04
1.63492934e-01 7.12124486e-04 5.37617492e-04
1.63913010e-01 -3.73062251e-05 5.30236505e-04
1.64333084e-01 4.77651165e-04 5.37890196e-04
1.64753157e-01 4.67490395e-04 5.24048622e-04
1.65173228e-01 3.10719501e-05 5.19296907e-04
1.65593298e-01 5.19411178e-04 5.31336062e-04
1.66013366e-01 -8.72633179e-04 5.23414304e-04
1.66433432e-01 9.91757985e-04 5.30196092e-04
1.66853496e-01 -2.28615415e-04 5.14981660e-04
1.67273559e-01 -4.19148880e-04 5.19836415e-04
1.67693620e-01 -3.23807567e-04 5.23074677e-04
1.68113680e-01 1.40654557e-04 5.44903659e-04
1.68533737e-01 -2.69008976e-04 5.24111114e-04
1.68953793e-01 3.25946662e-04 5.18272563e-04
1.69373848e-01 2.72277232e-04 5.03114216e-04
1.69793900e-01 7.24858296e-05 5.24880603e-04
1.70213951e-01 -2.68699804e-04 5.24996193e-04
1.70634000e-01 -6.90379011e-04 5.11751504e-04
1.71054048e-01 -4.39748428e-04 5.17813736e-04
1.71474094e-01 -1.65032559e-04 5.05977442e-04
1.71894138e-01 6.50202777e-04 5.20270127e-04
1.72314180e-01 -2.95468185e-04 5.20276982e-04
1.72734221e-01 9.44597658e-04 5.08657447e-04
1.73154259e-01 5.09055561e-04 5.03110015e-04
1.73574297e-01 5.22206341e-05 5.11308028e-04
1.73994332e-01 7.39664828e-04 5.19548639e-04
1.74414365e-01 1.09041601e-03 5.28090148e-04
1.74834397e-01 1.21980699e-04 5.04281853e-04
1.75254427e-01 -1.61192968e-04 5.05294661e-04
1.75674456e-01 -2.58012605e-04 5.11286369e-04
1.76094482e-01 -5.08345833e-04 5.11807171e-04
1.76514507e-01 -4.86747664e-05 4.86281664e-04
1.76934530e-01 -6.19955707e-04 5.09039913e-04
1.77354551e-01 4.03839364e-04 5.09469914e-04
1.77774571e-01 8.30371711e-04 5.13043898e-04
1.78194588e-01 -5.78160845e-04 4.92850284e-04
1.78614604e-01 3.62353786e-04 5.06792663e-04
1.79034618e-01 -6.33085651e-04 4.96329965e-04
1.79454631e-01 5.23541973e-04 5.06099557e-04
1.79874641e-01 -1.53511243e-04 5.00793098e-04
1.80294650e-01 3.48386966e-04 5.00322094e-04
1.80714657e-01 -3.19090693e-04 4.96756114e-04
1.81134662e-01 -8.23234813e-04 5.00910993e-04
1.81554665e-01 -2.11213810e-04 4.98349090e-04
1.81974666e-01 -3.20168592e-04 4.91295041e-04
1.82394666e-01 -7.57795429e-04 4.86180425e-04
1.82814663e-01 -1.56672152e-05 4.86159833e-04
1.83234659e-01 2.42653988e-04 4.80713980e-04
1.83654653e-01 -3.36780173e-04 5.11276814e-04
1.84074646e-01 -2.93991117e-04 4.92040287e-04
1.84494636e-01 5.07751194e-04 4.94341387e-04
1.84914624e-01 -1.97120422e-04 4.83069434e-04
1.85334611e-01 -1.63591573e-04 4.72781982e-04
1.85754596e-01 -1.15870121e-05 4.84611089e-04
1.86174579e-01 -1.23775753e-03 4.77068500e-04
1.86594560e-01 -8.68978067e-05 4.86180647e-04
1.87014539e-01 8.07418578e-05 4.86841588e-04
1.87434516e-01 -5.19217418e-04 4.72070705e-04
1.87854491e-01 -4.65105962e-05 4.86451049e-04
1.88274465e-01 -2.34478672e-04 4.86109584e-04
1.88694437e-01 -5.39611124e-04 4.91848494e-04
1.89114406e-01 -3.71494393e-04 4.74987500e-04
1.89534374e-01 -8.26061245e-04 4.73896576e-04
1.89954340e-01 -2.80670110e-04 4.80401978e-04
1.90374304e-01 3.99756827e-05 4.69270655e-04
1.90794266e-01 1.42274791e-03 4.74761368e-04
1.91214226e-01 5.16647399e-04 4.82691944e-04
1.91634184e-01 -6.97489766e-05 4.61510945e-04
1.92054141e-01 2.41802150e-04 4.68274177e-04
1.92474095e-01 -6.15646859e-04 4.61167448e-04
1.92894047e-01 -4.85589101e-04 4.59892514e-04
1.93313998e-01 1.90592533e-04 4.64977660e-04
1.93733946e-01 9.51240900e-04 4.67977458e-04
1.94153893e-01 5.28269048e-04 4.82237627e-04
1.94573838e-01 -2.36666253e-04 4.65827608e-04
1.94993780e-01 -1.59785048e-04 4.58919599e-04
1.95413721e-01 8.67187527e-04 4.74684452e-04
1.95833660e-01 -5.55011058e-04 4.58318975e-04
1.96253597e-01 -7.34787824e-04 4.67835514e-04
1.96673531e-01 -6.43100838e-04 4.61475328e-04
1.97093464e-01 6.32713971e-05 4.63297130e-04
1.97513395e-01 5.75883914e-04 4.59555374e-04
1.97933324e-01 1.60654552e-04 4.61960065e-04
1.98353251e-01 -2.49547898e-04 4.57160917e-04
1.98773176e-01 -5.53014403e-04 4.56649024e-04
1.99193099e-01 1.45367355e-04 4.58461924e-04
1.99613019e-01 -5.48964857e-04 4.55795180e-04
2.00032938e-01 6.28779867e-04 4.71206973e-04
2.00452855e-01 2.68577793e-04 4.60594264e-04
2.00872770e-01 -3.07645794e-04 4.59307147e-04
2.01292683e-01 1.23181646e-05 4.49543790e-04
2.01712594e-01 5.62388760e-04 4.54641012e-04
2.02132502e-01 1.22742167e-04 4.56759642e-04
2.02552409e-01 -5.64320893e-04 4.61483637e-04
2.02972314e-01 -3.03010784e-04 4.64766041e-04
2.03392217e-01 -8.39234660e-04 4.56596373e-04
2.03812117e-01 -8.82554579e-05 4.59482552e-04
2.04232016e-01 -4.34714739e-04 4.51652953e-04
2.04651912e-01 3.96487298e-05 4.59257680e-04
2.05071807e-01 2.16246185e-04 4.56342418e-04
2.05491699e-01 -5.71187983e-04 4.51707720e-04
2.05911590e-01 -3.15803031e-04 4.62657086e-04
2.06331478e-01 -2.37164524e-04 4.66707350e-04
2.06751364e-01 -3.97503750e-04 4.69993177e-04
2.07171248e-01 -8.37859504e-04 4.57806001e-04
2.07591130e-01 -1.26006534e-04 4.57276560e-04
2.08011010e-01 3.38840675e-04 4.66066245e-04
2.08430888e-01 1.82463987e-04 4.55884584e-04
2.08850764e-01 1.08542574e-03 4.63576863e-04
2.09270637e-01 2.62324027e-04 4.61926044e-04
2.09690509e-01 -3.63869325e-04 4.59538148e-04
2.10110378e-01 7.10932720e-05 4.53368410e-04
2.10530246e-01 1.73605713e-04 4.64176383e-04
2.10950111e-01 2.30033680e-04 4.70794301e-04
2.11369974e-01 2.53405297e-04 4.68457254e-04
2.11789835e-01 -5.24721584e-04 4.60702643e-04
2.12209694e-01 -2.87047820e-04 4.51275208e-04
2.12629551e-01 5.49326938e-04 4.52911699e-04
2.13049405e-01 -8.55888247e-04 4.47197003e-04
2.13469258e-01 -1.03589841e-03 4.52681512e-04
2.13889108e-01 1.72966603e-03 4.58744840e-04
2.14308956e-01 -4.06930565e-04 4.42714584e-04
2.14728802e-01 -9.60259796e-05 4.46804620e-04
2.15148646e-01 -2.63802140e-04 4.42566444e-04
2.15568487e-01 -1.28879340e-04 4.45875221e-04
2.15988327e-01 2.62272217e-04 4.55031716e-04
2.16408164e-01 2.23723033e-06 4.55323592e-04
2.16827999e-01 -1.59448154e-04 4.45669055e-04
2.17247832e-01 -5.38996199e-04 4.43270159e-04
2.17667663e-01 1.57144937e-04 4.38019798e-04
2.18087492e-01 9.69752826e-05 4.56686558e-04
2.18507318e-01 5.34481669e-04 4.50590898e-04
2.18927142e-01 1.54756710e-04 4.37245592e-04
2.19346964e-01 -1.26852938e-05 4.35898680e-04
2.19766784e-01 2.02743477e-04 4.27191819e-04
2.20186602e-01 -6.76595088e-04 4.26258498e-04
2.20606417e-01 -4.07831210e-04 4.34150697e-04
2.21026230e-01 -1.36587060e-04 4.35523613e-04
2.21446041e-01 -1.07341208e-03 4.33392933e-04
2.21865850e-01 -2.60622072e-06 4.33488129e-04
2.22285656e-01 -1.16159419e-04 4.25894558e-04
2.22705461e-01 -5.83970070e-04 4.22096604e-04
2.23125263e-01 -1.59408727e-04 4.31523327e-04
2.23545063e-01 -5.62755556e-04 4.34124587e-04
2.23964860e-01 -1.43390163e-04 4.26976663e-04
2.24384655e-01 1.99311870e-04 4.34955077e-04
2.24804448e-01 -8.69947718e-04 4.30871032e-04
2.25224239e-01 3.63285385e-04 4.41556261e-04
2.25644028e-01 -2.50940028e-04 4.32912255e-04
2.26063814e-01 -2.43335419e-04 4.29232160e-04
2.26483598e-01 2.97150888e-04 4.22642225e-04
2.26903379e-01 -2.60390736e-04 4.26871944e-04
2.27323159e-01 2.28450042e-04 4.22390072e-04
2.27742936e-01 -2.66441881e-04 4.25092307e-04
2.28162711e-01 5.14001701e-04 4.30404549e-04
2.28582483e-01 -6.45255613e-04 4.33433527e-04
2.29002254e-01 -1.10829947e-04 4.20382513e-04
2.29422022e-01 2.93416268e-04 4.19612629e-04
2.29841787e-01 9.40152389e-05 4.20744087e-04
2.30261550e-01 -5.05338482e-06 4.28147827e-04
2.30681311e-01 -1.42066128e-04 4.18570961e-04
2.31101070e-01 5.25385327e-04 4.29468392e-04
2.31520827e-01 3.24974876e-04 4.35365399e-04
2.31940581e-01 -2.54244854e-04 4.20658331e-04
2.32360332e-01 2.70090097e-07 4.21927655e-04
2.32780082e-01 1.15263216e-04 4.27367828e-04
2.33199829e-01 7.33942519e-04 4.22804471e-04
2.33619573e-01 5.18384693e-04 4.24559092e-04
2.34039316e-01 -2.32714347e-04 4.32325868e-04
2.34459056e-01 -1.75479521e-04 4.23833504e-04
2.34878793e-01 1.00117648e-04 4.24355464e-04
2.35298529e-01 -3.31021496e-04 4.18841415e-04
2.35718262e-01 -1.89370055e-05 4.23059976e-04
2.36137992e-01 8.88109010e-05 4.31976825e-04
2.36557720e-01 7.64269639e-05 4.25033760e-04
2.36977446e-01 -3.63121876e-04 4.17131372e-04
2.37397170e-01 -5.59339591e-04 4.31764101e-04
2.37816891e-01 6.51563361e-04 4.25898603e-04
2.38236609e-01 -1.56442841e-04 4.24789154e-04
2.38656325e-01 -8.59696604e-04 4.26535907e-04
2.39076039e-01 -3.91626910e-04 4.29509038e-04
2.39495751e-01 -1.56592162e-04 4.32802115e-04
2.39915460e-01 5.31541820e-04 4.23034352e-04
2.40335166e-01 4.76977435e-04 4.19079850e-04
2.40754871e-01 5.28995217e-04 4.26660918e-04
2.41174572e-01 2.39847389e-04 4.12369086e-04
2.41594272e-01 -1.47749377e-04 4.19970313e-04
2.42013969e-01 3.96301381e-04 4.15155490e-04
2.42433663e-01 6.42965965e-04 4.17090118e-04
2.42853355e-01 2.54512190e-04 4.17718667e-04
2.43273045e-01 -5.36156440e-04 4.10459333e-04
2.43692732e-01 -5.40484959e-04 4.14307190e-04
2.44112417e-01 -4.29090934e-04 4.11539036e-04
2.44532099e-01 -5.06234552e-04 4.12828277e-04
2.44951779e-01 -1.54571070e-04 4.18820766e-04
2.45371457e-01 -2.30190494e-04 4.11593517e-04
2.45791131e-01 3.28490495e-04 4.21091520e-04
2.46210804e-01 1.13692163e-03 4.16263088e-04
2.46630474e-01 -5.84019811e-04 4.02472398e-04
2.47050141e-01 -2.73885773e-04 4.07309446e-04
2.47469806e-01 4.08373635e-04 4.07105821e-04
2.47889469e-01 -5.59216986e-04 4.03079016e-04
2.48309129e-01 -8.58509043e-04 4.03477743e-04
2.48728787e-01 -6.63707844e-04 3.99396841e-04
2.49148442e-01 5.27817223e-04 4.04005641e-04
2.49568094e-01 -6.14215217e-05 4.05125716e-04
2.49987744e-01 -3.72720648e-04 3.94160052e-04
2.50407392e-01 5.56947926e-04 4.00007251e-04
2.50827037e-01 1.73304045e-04 4.01235868e-04
2.51246679e-01 -5.91219759e-04 4.04288932e-04
2.51666319e-01 2.71840557e-04 4.01023811e-04
2.52085957e-01 2.67334098e-04 4.07320257e-04
2.52505592e-01 2.45497794e-04 4.03041639e-04
2.52925224e-01 -1.89535698e-04 4.02459891e-04
2.53344854e-01 2.64821723e-04 4.01440034e-04
2.53764481e-01 1.05927903e-04 3.92453251e-04
2.54184106e-01 -1.85586068e-04 3.97833185e-04
2.54603728e-01 -5.76966424e-04 3.97595219e-04
2.55023348e-01 -1.23712934e-04 3.97606100e-04
2.55442965e-01 4.43817823e-05 4.01533635e-04
2.55862579e-01 7.30650129e-04 3.99843156e-04
2.56282191e-01 3.18505033e-04 3.94901677e-04
2.56701800e-01 5.90393160e-04 3.98974777e-04
2.57121407e-01 -2.07391927e-04 3.96383824e-04
2.57541011e-01 2.36575902e-04 3.97715738e-04
2.57960613e-01 -4.07905171e-04 3.84636296e-04
2.58380212e-01 -5.09980077e-04 3.87362616e-04
2.58799808e-01 4.57225716e-04 3.99377768e-04
2.59219402e-01 4.00817190e-04 3.87309592e-04
2.59638994e-01 2.24449327e-04 3.89671919e-04
2.60058582e-01 -3.99138850e-04 3.91282566e-04
2.60478168e-01 5.96557977e-05 3.88699638e-04
2.60897752e-01 -2.29022521e-04 3.87009775e-04
2.61317332e-01 6.29279936e-06 3.87410094e-04
2.61736910e-01 2.58819184e-04 3.90671124e-04
2.62156486e-01 -3.69564326e-05 3.92510538e-04
2.62576059e-01 1.23690857e-04 3.91157118e-04
2.62995629e-01 1.16167681e-04 3.91843017e-04
2.63415197e-01 1.33607215e-04 3.89616856e-04
2.63834762e-01 9.32373646e-05 3.94206822e-04
2.64254324e-01 7.93452665e-04 3.88991107e-04
2.64673884e-01 6.01190574e-04 3.93520138e-04
2.65093441e-01 5.47344109e-04 3.92057540e-04
2.65512995e-01 -2.18403799e-04 3.85382482e-04
2.65932547e-01 -6.27876372e-04 3.86702568e-04
2.66352096e-01 5.71037686e-05 3.88407078e-04
2.66771642e-01 -2.59998284e-05 3.83774466e-04
2.67191186e-01 5.21462589e-04 3.87780598e-04
2.67610727e-01 -4.18051266e-04 3.78782869e-04
2.68030265e-01 5.53700707e-04 3.96264362e-04
2.68449801e-01 4.15754702e-04 3.85604126e-04
2.68869333e-01 -4.77144787e-04 3.72884065e-04
2.69288864e-01 -6.96781086e-05 3.77897912e-04
2.69708391e-01 1.29143028e-05 3.73562091e-04
2.70127916e-01 -2.48707192e-04 3.69917588e-04
2.70547438e-01 1.63485563e-04 3.77952328e-04
2.70966957e-01 1.01866539e-04 3.72315834e-04
2.71386474e-01 2.62649731e-04 3.76280517e-04
2.71805988e-01 1.56448659e-04 3.80934540e-04
2.72225499e-01 6.20892284e-04 3.88621496e-04
2.72645008e-01 -2.94595810e-04 3.82678322e-04
2.73064513e-01 -1.50177614e-04 3.77712572e-04
2.73484016e-01 -1.15669088e-04 3.78301344e-04
2.73903517e-01 5.25932978e-04 3.72783508e-04
2.74323014e-01 1.23202794e-04 3.82461270e-04
2.74742509e-01 -2.47273216e-04 3.74423711e-04
2.75162001e-01 1.92593217e-04 3.80581853e-04
2.75581490e-01 -2.54123388e-05 3.69350109e-04
2.76000976e-01 -5.09421301e-04 3.77981130e-04
2.76420460e-01 -1.01967742e-04 3.80006573e-04
2.76839941e-01 2.83471910e-04 3.82233410e-04
2.77259419e-01 1.28269056e-06 3.66982521e-04
2.77678894e-01 -3.13372480e-04 3.69885041e-04
2.78098367e-01 6.39968621e-05 3.68646691e-04
2.78517837e-01 1.72534610e-05 3.79719080e-04
2.78937304e-01 1.23248033e-04 3.72850402e-04
2.79356768e-01 1.65881535e-04 3.75491024e-04
2.79776229e-01 -6.03053483e-05 3.68353380e-04
2.80195688e-01 -1.12898129e-04 3.64384538e-04
2.80615143e-01 7.17909182e-05 3.63164343e-04
2.81034596e-01 1.21173888e-04 3.69962438e-04
2.81454046e-01 4.60963385e-05 3.76249302e-04
2.81873494e-01 1.88863098e-04 3.70760174e-04
2.82292938e-01 4.87527223e-04 3.61092416e-04
2.82712380e-01 -8.61307898e-05 3.60026968e-04
2.83131819e-01 3.77243744e-04 3.67056543e-04
2.83551254e-01 5.36100901e-04 3.64300384e-04
2.83970688e-01 -1.71145476e-05 3.67331872e-04
2.84390118e-01 1.43407694e-05 3.69297536e-04
2.84809545e-01 6.97898072e-04 3.72680957e-04
2.85228970e-01 -4.74257055e-04 3.64645580e-04
2.85648391e-01 -5.91342202e-05 3.64061340e-04
2.86067810e-01 -8.00512403e-04 3.51108957e-04
2.86487226e-01 8.62654836e-05 3.66237825e-04
2.86906639e-01 1.79655314e-04 3.61604179e-04
2.87326049e-01 -5.39691029e-05 3.62212204e-04
2.87745457e-01 1.32536894e-04 3.61539787e-04
2.88164861e-01 -2.92244627e-04 3.65497178e-04
2.88584262e-01 -2.42327282e-04 3.67511913e-04
2.89003661e-01 -1.51592108e-04 3.59620898e-04
2.89423057e-01 -3.21566377e-04 3.56224831e-04
2.89842450e-01 -7.47398526e-05 3.60854715e-04
2.90261839e-01 4.17056707e-04 3.60135691e-04
2.90681226e-01 9.23657966e-05 3.59886112e-04
2.91100611e-01 -2.57318443e-04 3.57259855e-04
2.91519992e-01 3.05621986e-04 3.61849489e-04
2.91939370e-01 9.81986055e-05 3.60765140e-04
2.92358745e-01 2.32460543e-05 3.62656487e-04
2.92778118e-01 6.23127721e-04 3.62395160e-04
2.93197487e-01 5.21406719e-04 3.56341162e-04
2.93616853e-01 -5.82081953e-04 3.56283586e-04
2.94036217e-01 2.12276892e-04 3.64630046e-04
2.94455578e-01 1.84792957e-05 3.65021438e-04
2.94874935e-01 7.28579841e-04 3.64142447e-04
2.95294290e-01 6.69269108e-04 3.68132207e-04
2.95713642e-01 -4.05886832e-04 3.59523734e-04
2.96132990e-01 8.74704672e-05 3.74192266e-04
2.96552336e-01 4.97365337e-04 3.56879127e-04
2.96971679e-01 1.56170651e-04 3.76804144e-04
2.97391019e-01 1.24229690e-04 3.68280395e-04
2.97810356e-01 5.22386694e-04 3.65099373e-04
2.98229689e-01 1.66781237e-04 3.55663728e-04
2.98649020e-01 3.93637980e-04 3.64910502e-04
2.99068348e-01 1.17916894e-04 3.64210875e-04
2.99487673e-01 -5.22062954e-04 3.64719328e-04
2.99906995e-01 -8.89247775e-04 3.62798764e-04
3.00326314e-01 -5.19806188e-04 3.64650841e-04
3.00745629e-01 -3.16176313e-04 3.62726893e-04
3.01164942e-01 -1.05970805e-04 3.67087518e-04
3.01584252e-01 -1.75675170e-04 3.60606351e-04
3.02003559e-01 5.01647118e-05 3.69610652e-04
3.02422863e-01 -7.64621588e-05 3.68141312e-04
3.02842163e-01 9.25292924e-05 3.73023236e-04
3.03261461e-01 -7.78942255e-04 3.68066038e-04
3.03680756e-01 -3.22723979e-04 3.69015509e-04
3.04100047e-01 6.98085116e-06 3.63718843e-04
3.04519336e-01 5.94431542e-05 3.75081532e-04
3.04938621e-01 3.68140617e-04 3.71750950e-04
3.05357904e-01 -1.15754781e-04 3.71847992e-04
3.05777183e-01 5.35905556e-05 3.74923576e-04
3.06196459e-01 2.40789696e-04 3.71059868e-04
3.06615732e-01 -3.24471396e-04 3.65231655e-04
3.07035003e-01 2.03937260e-04 3.61137558e-04
3.07454270e-01 2.63531995e-04 3.62099708e-04
3.07873534e-01 -4.94751591e-04 3.63177174e-04
3.08292794e-01 -8.97715180e-04 3.59301593e-04
3.08712052e-01 -2.96042566e-04 3.63746403e-04
3.09131307e-01 -2.36083715e-04 3.61497019e-04
3.09550559e-01 1.22319168e-04 3.64926702e-04
3.09969807e-01 1.30898043e-04 3.64589760e-04
3.10389052e-01 -6.47347906e-04 3.64216608e-04
3.10808295e-01 -3.10653900e-04 3.55635561e-04
3.11227534e-01 5.12832397e-04 3.60505498e-04
3.11646770e-01 -5.48063242e-05 3.61990173e-04
3.12066003e-01 2.23649513e-04 3.70427784e-04
3.12485233e-01 5.28024863e-05 3.67974856e-04
3.12904459e-01 -4.96558045e-04 3.63092471e-04
3.13323683e-01 3.61819987e-04 3.65312243e-04
3.13742903e-01 -1.57715636e-04 3.64188475e-04
3.14162120e-01 4.47200963e-04 3.62390340e-04
3.14581334e-01 -6.37758398e-05 3.65440128e-04
3.15000545e-01 1.72208478e-04 3.72943914e-04
3.15419753e-01 -1.74014620e-04 3.64295417e-04
3.15838958e-01 -9.77657476e-05 3.65046846e-04
3.16258159e-01 -1.91723957e-04 3.65578592e-04
3.16677357e-01 5.59188958e-04 3.62270583e-04
3.17096552e-01 -4.92640010e-05 3.63407736e-04
3.17515744e-01 2.95144063e-04 3.64751760e-04
3.17934933e-01 -4.58641278e-04 3.61539112e-04
3.18354118e-01 2.80399828e-04 3.62415106e-04
3.18773301e-01 2.03245262e-04 3.63030902e-04
3.19192480e-01 -3.34389890e-05 3.60239412e-04
3.19611656e-01 4.51457372e-04 3.58915274e-04
3.20030829e-01 -8.24412058e-05 3.57035333e-04
3.20449998e-01 1.38186820e-04 3.63158147e-04
3.20869164e-01 -3.30756551e-04 3.63474733e-04
3.21288328e-01 3.64761765e-04 3.73588986e-04
3.21707487e-01 -4.87879488e-04 3.65586540e-04
3.22126644e-01 -3.48462211e-05 3.68431613e-04
3.22545797e-01 -4.91149147e-05 3.67437032e-04
3.22964948e-01 5.18647676e-04 3.71479494e-04
3.23384095e-01 2.67273554e-04 3.78250446e-04
3.23803238e-01 -1.79297758e-04 3.77712275e-04
3.24222379e-01 -5.11672821e-04 3.76844158e-04
3.24641516e-01 2.07031039e-04 3.84069172e-04
3.25060650e-01 2.31141337e-04 3.86228438e-04
3.25479781e-01 -1.48360802e-04 3.85029150e-04
3.25898908e-01 -2.58848650e-06 3.84075805e-04
3.26318032e-01 1.31758893e-04 3.86281827e-04
3.26737153e-01 4.88939672e-04 3.89400557e-04
3.27156271e-01 1.06644779e-04 3.87344941e-04
3.27575385e-01 7.49529330e-04 3.86540345e-04
3.27994496e-01 -2.05230639e-04 3.84592638e-04
3.28413604e-01 2.85784059e-04 3.92060375e-04
3.28832708e-01 4.46627761e-04 3.98668213e-04
3.29251810e-01 -1.94173766e-04 3.79253752e-04
3.29670907e-01 -2.33290791e-04 3.88562075e-04
3.30090002e-01 -4.02509781e-05 3.96241932e-04
3.30509093e-01 5.26566232e-04 3.88697965e-04
3.30928181e-01 -2.73032971e-04 3.95069433e-04
3.31347266e-01 1.29300180e-04 3.94200695e-04
3.31766347e-01 2.95916130e-04 3.90888426e-04
3.32185425e-01 -5.71874626e-04 3.96671114e-04
3.32604500e-01 -1.91995205e-04 4.00589825e-04
3.33023571e-01 1.86881889e-04 4.04594972e-04
3.33442639e-01 -4.25619021e-05 4.04056856e-04
3.33861704e-01 5.22472899e-04 4.01350997e-04
3.34280765e-01 -4.08838926e-04 4.01492361e-04
3.34699823e-01 4.04166736e-04 3.99692148e-04
3.35118878e-01 -1.57334744e-04 3.97203363e-04
3.35537929e-01 -8.51124521e-05 4.00818915e-04
3.35956977e-01 4.74566770e-04 4.15963699e-04
3.36376021e-01 -3.77877251e-04 4.01607896e-04
3.36795062e-01 -1.43598927e-04 4.00696077e-04
3.37214100e-01 -1.44338552e-04 4.13451441e-04
3.37633135e-01 -2.68858632e-04 4.04277917e-04
3.38052166e-01 -5.67763315e-04 4.07586271e-04
3.38471193e-01 -4.17258649e-04 4.03665962e-04
3.38890217e-01 -3.96405370e-04 4.11213288e-04
3.39309238e-01 6.99008234e-04 4.08417317e-04
3.39728256e-01 4.70611923e-04 4.11715238e-04
3.40147270e-01 -3.06931257e-05 4.06783930e-04
3.40566280e-01 -3.10438934e-04 4.11335911e-04
3.40985288e-01 -7.70916800e-04 4.05199614e-04
3.41404291e-01 -1.53204053e-04 4.07567039e-04
3.41823292e-01 -2.24299556e-04 4.11191808e-04
3.42242289e-01 -5.32183992e-04 4.09333369e-04
3.42661282e-01 -3.61718100e-04 4.09011423e-04
3.43080272e-01 3.94196379e-04 4.14777943e-04
3.43499259e-01 -1.78712007e-04 4.15588238e-04
3.43918242e-01 -1.85497665e-04 4.10821048e-04
3.44337222e-01 -7.26812969e-05 4.09653974e-04
3.44756198e-01 5.48194744e-04 4.16129295e-04
3.45175171e-01 -1.95316010e-04 4.17839491e-04
3.45594140e-01 2.25545312e-04 4.14117958e-04
3.46013106e-01 6.54883968e-05 4.12551751e-04
3.46432069e-01 -2.97150086e-04 4.17844638e-04
3.46851028e-01 3.51439895e-04 4.15857177e-04
3.47269983e-01 5.03865632e-04 4.16469469e-04
3.47688935e-01 -6.06682617e-04 4.15272687e-04
3.48107884e-01 -6.09455856e-04 4.21215076e-04
3.48526829e-01 -5.28409075e-05 4.20340384e-04
3.48945770e-01 1.12265000e-04 4.25815188e-04
3.49364708e-01 -4.41693126e-04 4.17143823e-04
3.49783643e-01 9.43988033e-06 4.18247295e-04
3.50202574e-01 1.52750326e-04 4.16360171e-04
3.50621502e-01 3.31559885e-04 4.21450557e-04
3.51040426e-01 -6.91389150e-05 4.23871181e-04
3.51459346e-01 -2.94190239e-04 4.12569354e-04
3.51878263e-01 -2.03615378e-04 4.22375502e-04
3.52297177e-01 2.51951312e-05 4.28295307e-04
3.52716087e-01 -6.22772996e-05 4.28692492e-04
3.53134993e-01 2.09499466e-04 4.26213729e-04
3.53553896e-01 1.47269650e-04 4.24131087e-04
3.53972795e-01 -1.39536079e-05 4.21071043e-04
3.54391691e-01 -1.08144723e-03 4.23732760e-04
3.54810584e-01 5.09505066e-04 4.44444814e-04
3.55229472e-01 -2.72337415e-04 4.25226315e-04
3.55648357e-01 -1.92395354e-04 4.25871373e-04
3.56067239e-01 -3.14592885e-04 4.23975670e-04
3.56486117e-01 1.99926429e-04 4.18866667e-04
3.56904991e-01 -2.63043625e-04 4.31346317e-04
3.57323862e-01 4.18279688e-04 4.43182035e-04
3.57742730e-01 -1.30066554e-04 4.27255904e-04
3.58161593e-01 6.28153521e-04 4.46311195e-04
3.58580453e-01 8.78312421e-04 4.31691947e-04
3.58999310e-01 -3.48561241e-04 4.33504770e-04
3.59418163e-01 2.49085229e-04 4.32879389e-04
3.59837012e-01 -3.08386485e-04 4.39912632e-04
3.60255858e-01 -3.97434630e-04 4.27607648e-04
3.60674700e-01 1.41248579e-04 4.38446015e-04
3.61093539e-01 3.82834066e-04 4.38700058e-04
3.61512374e-01 2.49117049e-04 4.39738692e-04
3.61931205e-01 -3.62515274e-04 4.22946080e-04
3.62350032e-01 -3.30335556e-04 4.36852452e-04
3.62768857e-01 -1.72217999e-04 4.39663486e-04
3.63187677e-01 4.15335155e-04 4.45847825e-04
3.63606494e-01 1.67651453e-04 4.39640788e-04
3.64025307e-01 7.38228211e-05 4.46226344e-04
3.64444116e-01 -4.58397593e-04 4.45966806e-04
3.64862922e-01 -4.18973477e-04 4.39565058e-04
3.65281724e-01 6.22402515e-04 4.40360257e-04
3.65700523e-01 3.19751529e-04 4.52694061e-04
3.66119318e-01 3.49735885e-04 4.46914331e-04
3.66538109e-01 -2.78956850e-04 4.44931903e-04
3.66956896e-01 -3.68689585e-04 4.43729748e-04
3.67375680e-01 -4.74819877e-04 4.47062203e-04
3.67794460e-01 -5.43833290e-04 4.45260358e-04
3.68213237e-01 -4.32028749e-04 4.41541486e-04
3.68632010e-01 2.12702211e-04 4.39159925e-04
3.69050779e-01 4.03043142e-04 4.50365699e-04
3.69469544e-01 1.29950690e-06 4.48966220e-04
3.69888306e-01 -1.68808328e-04 4.41389353e-04
3.70307064e-01 1.29599929e-04 4.48973871e-04
3.70725818e-01 -8.68833763e-04 4.47261197e-04
3.71144569e-01 -5.72430046e-04 4.49747539e-04
3.71563316e-01 4.56170475e-04 4.58680543e-04
3.71982059e-01 1.56218615e-04 4.54167019e-04
3.72400798e-01 -5.03084157e-04 4.50438463e-04
3.72819534e-01 -1.24219315e-04 4.44939125e-04
3.73238266e-01 1.71232204e-04 4.62847792e-04
3.73656994e-01 7.21232998e-04 4.43880996e-04
3.74075719e-01 -2.33838114e-04 4.59078951e-04
3.74494439e-01 7.47524360e-04 4.67323819e-04
3.74913156e-01 -9.16245876e-04 4.54271800e-04
3.75331870e-01 -7.86534048e-04 4.63603950e-04
3.75750579e-01 1.78936039e-04 4.55903571e-04
3.76169285e-01 9.97442073e-05 4.62786066e-04
3.76587987e-01 1.46577718e-04 4.62227478e-04
3.77006685e-01 -1.68350736e-04 4.48773146e-04
3.77425380e-01 -1.42895807e-04 4.52794402e-04
3.77844070e-01 1.24212213e-04 4.48774214e-04
3.78262757e-01 -3.57519700e-04 4.52466065e-04
3.78681440e-01 4.29407346e-04 4.50162820e-04
3.79100119e-01 -5.16565743e-04 4.57537557e-04
3.79518795e-01 -8.44317189e-04 4.58163473e-04
3.79937467e-01 2.02443798e-04 4.56417261e-04
3.80356135e-01 -2.99308314e-04 4.61616373e-04
3.80774799e-01 4.91219311e-04 4.58357149e-04
3.81193459e-01 6.86814573e-05 4.55052365e-04
3.81612115e-01 7.38010974e-04 4.60263258e-04
3.82030768e-01 -4.73991089e-05 4.63683283e-04
3.82449417e-01 4.18906463e-04 4.56800431e-04
3.82868062e-01 5.44347999e-04 4.66418578e-04
3.83286703e-01 1.21784887e-04 4.67269239e-04
3.83705340e-01 -2.67131696e-04 4.67851453e-04
3.84123974e-01 1.93711117e-04 4.82466480e-04
3.84542604e-01 -1.83410313e-04 4.66169772e-04
3.84961229e-01 4.85851138e-04 4.90808580e-04
3.85379851e-01 8.27428708e-04 4.83460958e-04
3.85798469e-01 1.89171437e-04 4.89577416e-04
3.86217084e-01 1.51461690e-04 4.96892744e-04
3.86635694e-01 -1.60717405e-04 4.94285108e-04
3.87054301e-01 4.43769791e-04 5.05754618e-04
3.87472903e-01 -6.35416569e-04 5.00356273e-04
3.87891502e-01 -4.27507451e-05 4.93246601e-04
3.88310097e-01 5.12069012e-04 5.10411286e-04
3.88728688e-01 -5.53077660e-04 5.05182123e-04
3.89147275e-01 -2.54741731e-04 5.08680911e-04
3.89565858e-01 6.55662584e-04 5.18972408e-04
3.89984437e-01 3.08226155e-04 5.17951163e-04
3.90403013e-01 -1.00397189e-04 5.20242431e-04
3.90821584e-01 6.39753001e-04 5.14494291e-04
3.91240152e-01 9.53429843e-05 5.21692961e-04
3.91658716e-01 -6.57427681e-04 5.28772144e-04
3.92077275e-01 -3.03208115e-04 5.27905056e-04
3.92495831e-01 -1.05145138e-04 5.12151080e-04
3.92914383e-01 -1.43316475e-04 5.33526460e-04
3.93332931e-01 -1.04418143e-04 5.22729228e-04
3.93751475e-01 4.96783767e-04 5.38223944e-04
3.94170015e-01 -1.18422356e-03 5.28929034e-04
3.94588552e-01 7.97907837e-04 5.48083302e-04
3.95007084e-01 -2.06871888e-04 5.28877266e-04
3.95425612e-01 -1.22673212e-04 5.43084950e-04
3.95844136e-01 2.82106432e-04 5.54769736e-04
3.96262657e-01 8.48429260e-05 5.42777893e-04
3.96681173e-01 4.50985365e-04 5.49605824e-04
3.97099686e-01 -1.26302119e-04 5.56326803e-04
3.97518194e-01 3.67270833e-04 5.63542488e-04
3.97936698e-01 7.20506866e-04 5.42272617e-04
3.98355199e-01 8.64995742e-04 5.59561053e-04
3.98773695e-01 1.02367294e-03 5.45686138e-04
3.99192188e-01 3.40317472e-04 5.49684074e-04
3.99610677e-01 3.48701507e-05 5.55332539e-04
4.00029161e-01 5.08271803e-04 5.58822925e-04
4.00447642e-01 1.53248834e-04 5.67373329e-04
4.00866118e-01 7.78154214e-04 5.50617730e-04
4.01284591e-01 3.23347912e-04 5.75303434e-04
4.01703059e-01 -1.30171719e-04 5.66288390e-04
4.02121524e-01 -4.45288258e-04 5.52602029e-04
4.02539984e-01 8.80840141e-04 6.02084876e-04
4.02958441e-01 2.45731599e-04 5.49564031e-04
4.03376893e-01 7.52877554e-04 5.92251313e-04
4.03795341e-01 -2.72458544e-04 5.71347268e-04
4.04213786e-01 -4.12166961e-05 5.70206594e-04
4.04632226e-01 -2.95637469e-04 5.73389899e-04
4.05050662e-01 7.56967651e-04 5.86369642e-04
4.05469095e-01 -2.01166658e-04 5.81296715e-04
4.05887523e-01 -5.60818022e-04 5.81414434e-04
4.06305947e-01 -1.38943291e-04 5.93137046e-04
4.06724367e-01 5.96302461e-04 6.09320917e-04
4.07142783e-01 -4.76817852e-04 5.80345697e-04
4.07561195e-01 -7.08783233e-04 6.19292436e-04
4.07979603e-01 -6.38262664e-04 5.75559022e-04
4.08398006e-01 7.95356088e-04 6.13745283e-04
4.08816406e-01 6.57824342e-04 6.07994163e-04
4.09234802e-01 2.33320070e-04 6.10848683e-04
4.09653193e-01 5.39129053e-04 6.20754145e-04
4.10071580e-01 1.55384945e-03 6.07711536e-04
4.10489964e-01 -3.17636897e-04 6.25874736e-04
4.10908343e-01 2.56607463e-04 6.15936670e-04
4.11326718e-01 3.70697189e-04 6.15896644e-04
4.11745089e-01 1.04886442e-04 6.15842074e-04
4.12163456e-01 -8.18300141e-05 6.24595937e-04
4.12581819e-01 -1.11857538e-03 6.30308434e-04
4.13000177e-01 3.05346357e-04 6.17852534e-04
4.13418532e-01 4.38991255e-04 6.57201364e-04
4.13836882e-01 3.01444728e-04 6.38824044e-04
4.14255228e-01 -7.18387514e-04 6.41357592e-04
4.14673570e-01 -4.51617836e-04 6.40089041e-04
4.15091908e-01 4.75102466e-04 6.35915339e-04
4.15510242e-01 -1.72932487e-03 6.43617249e-04
4.15928572e-01 2.92468952e-04 6.47993679e-04
4.16346897e-01 3.78328694e-04 6.56865644e-04
4.16765218e-01 1.96149921e-04 6.58216759e-04
4.17183536e-01 5.55437705e-04 6.60987753e-04
4.17601849e-01 -9.73262663e-04 6.40763040e-04
4.18020157e-01 7.13705047e-04 6.60782816e-04
4.18438462e-01 -6.48921932e-04 6.39709888e-04
4.18856762e-01 -1.98185220e-04 6.75757958e-04
4.19275059e-01 7.11691895e-04 6.74405630e-04
4.19693351e-01 2.09031411e-04 6.75298171e-04
4.20111639e-01 3.00291241e-06 6.67689309e-04
4.20529922e-01 1.39787302e-03 7.06936972e-04
4.20948202e-01 -3.72772854e-04 6.67954374e-04
4.21366477e-01 -3.08517445e-04 6.81778926e-04
4.21784748e-01 -3.63808726e-04 6.70452293e-04
4.22203015e-01 8.19070001e-04 7.00587724e-04
4.22621278e-01 -2.38819842e-04 6.83526120e-04
4.23039536e-01 8.49739508e-04 7.10335500e-04
4.23457790e-01 -5.19376091e-05 7.11232124e-04
4.23876040e-01 -2.70574768e-04 7.04695980e-04
4.24294286e-01 -1.32914791e-05 7.01411083e-04
4.24712527e-01 -1.30911750e-03 6.94146031e-04
4.25130765e-01 4.19754765e-05 6.90399269e-04
4.25548998e-01 -3.50192778e-04 7.02024647e-04
4.25967226e-01 2.19305138e-04 7.34976227e-04
4.26385451e-01 -7.34057749e-04 7.25478702e-04
4.26803671e-01 -3.75390697e-04 7.14494760e-04
4.27221887e-01 -9.37561389e-04 7.14837395e-04
4.27640099e-01 -1.96601322e-05 7.41730151e-04
4.28058306e-01 -7.14652649e-04 7.17458496e-04
4.28476509e-01 1.01221570e-03 7.14433169e-04
4.28894708e-01 -1.89545817e-04 7.17488810e-04
4.29312903e-01 -5.30082614e-04 7.34917789e-04
4.29731093e-01 -3.90767931e-04 7.78323835e-04
4.30149279e-01 1.71097118e-03 7.59813980e-04
4.30567460e-01 8.52993137e-04 8.09065057e-04
4.30985638e-01 -5.19981248e-04 8.04374977e-04
4.31403811e-01 7.82208344e-04 7.67128487e-04
4.31821980e-01 1.56456374e-03 8.52833914e-04
4.32240144e-01 -1.55539844e-04 8.07948446e-04
4.32658304e-01 1.30612793e-03 8.09666436e-04
4.33076460e-01 -2.34457018e-04 8.12063562e-04
4.33494612e-01 2.78512532e-05 8.39908482e-04
4.33912759e-01 9.41389785e-04 8.85165057e-04
4.34330902e-01 -2.34660711e-03 9.27945027e-04
4.34749040e-01 2.47969229e-04 1.15570114e-03
4.35167174e-01 3.66559524e-05 1.21392840e-03
4.35585304e-01 -1.62911550e-03 1.11112691e-03
4.36003430e-01 1.82596702e-03 1.27759988e-03
4.36421551e-01 -2.27045678e-04 1.15863985e-03
4.36839667e-01 -1.18971691e-04 1.67253074e-03
4.37257780e-01 -7.87605829e-03 0.00000000e+00
