6.30595362e-03 -4.52036653e-03 3.37091549e-02
6.72635018e-03 -1.25202337e-02 1.07686845e-02
7.14674667e-03 -3.59510060e-03 6.61228623e-03
7.56714308e-03 9.37823445e-05 5.30928078e-03
7.98753943e-03 -4.46050572e-03 4.82192544e-03
8.40793569e-03 -6.22257979e-03 4.12254444e-03
8.82833186e-03 -1.41888662e-03 3.46025134e-03
9.24872795e-03 3.45309865e-03 3.51778458e-03
9.66912395e-03 7.87706089e-03 3.21899283e-03
1.00895198e-02 6.50342675e-03 3.11556780e-03
1.05099156e-02 5.90229298e-04 2.64768754e-03
1.09303113e-02 1.61302941e-03 2.50646539e-03
1.13507069e-02 5.33274267e-03 2.42456887e-03
1.17711024e-02 -7.85972115e-04 2.15563510e-03
1.21914977e-02 4.01400039e-03 2.29151780e-03
1.26118929e-02 8.81626864e-03 2.32814259e-03
1.30322880e-02 6.83007232e-03 2.18803816e-03
1.34526830e-02 6.72057605e-03 2.17576608e-03
1.38730778e-02 6.03274395e-03 2.07680742e-03
1.42934725e-02 4.37668327e-03 2.09543254e-03
1.47138671e-02 7.85700950e-03 1.97426506e-03
1.51342615e-02 5.54277494e-03 1.90060767e-03
1.55546557e-02 5.24335163e-03 1.84952590e-03
1.59750498e-02 4.71928964e-03 1.92333335e-03
1.63954437e-02 7.54661193e-03 1.99562922e-03
1.68158375e-02 4.86860609e-03 1.76919470e-03
1.72362311e-02 7.38291440e-03 1.77894087e-03
1.76566245e-02 7.75373492e-03 1.67193751e-03
1.80770178e-02 9.03498612e-03 1.82856914e-03
1.84974108e-02 7.09968511e-03 1.80280915e-03
1.89178037e-02 6.47619250e-03 1.71870695e-03
1.93381964e-02 4.45713782e-03 1.55978044e-03
1.97585889e-02 4.84030421e-03 1.58840869e-03
2.01789812e-02 4.47538926e-03 1.51197713e-03
2.05993732e-02 6.60391013e-03 1.67976399e-03
2.10197651e-02 5.38661294e-03 1.59992610e-03
2.14401568e-02 5.48355561e-03 1.59003442e-03
2.18605482e-02 4.37926827e-03 1.36877915e-03
2.22809395e-02 5.78027922e-03 1.45081745e-03
2.27013305e-02 3.29735148e-03 1.52795977e-03
2.31217212e-02 4.30339297e-03 1.43664886e-03
2.35421118e-02 5.88773391e-03 1.51262565e-03
2.39625021e-02 6.59758568e-03 1.41358688e-03
2.43828922e-02 7.22118437e-03 1.53456546e-03
2.48032820e-02 6.57462830e-03 1.47342790e-03
2.52236716e-02 4.70521168e-03 1.36340083e-03
2.56440609e-02 3.94441493e-03 1.40344670e-03
2.60644499e-02 6.15494475e-03 1.38478852e-03
2.64848387e-02 6.00827745e-03 1.37204697e-03
2.69052273e-02 4.65705395e-03 1.40301337e-03
2.73256155e-02 4.96493371e-03 1.31394668e-03
2.77460035e-02 7.76869380e-03 1.46499332e-03
2.81663912e-02 3.57277998e-03 1.32796724e-03
2.85867786e-02 5.43360737e-03 1.39369835e-03
2.90071658e-02 7.14228082e-03 1.34756433e-03
2.94275526e-02 5.14948007e-03 1.35985240e-03
2.98479391e-02 5.45551756e-03 1.32133094e-03
3.02683254e-02 3.67870878e-03 1.29860260e-03
3.06887113e-02 5.94869013e-03 1.37942623e-03
3.11090970e-02 3.91042983e-03 1.30573547e-03
3.15294823e-02 4.28634365e-03 1.41030504e-03
3.19498673e-02 4.72956941e-03 1.39264998e-03
3.23702519e-02 4.14773631e-03 1.34782196e-03
3.27906363e-02 7.48695112e-03 1.42010671e-03
3.32110203e-02 4.74692744e-03 1.40285644e-03
3.36314040e-02 6.02046962e-03 1.28518586e-03
3.40517873e-02 3.76181693e-03 1.29405097e-03
3.44721703e-02 6.01715527e-03 1.28307073e-03
3.48925530e-02 6.04734836e-03 1.26784546e-03
3.53129353e-02 4.18679506e-03 1.24000651e-03
3.57333173e-02 5.73188144e-03 1.24741899e-03
3.61536988e-02 4.55249540e-03 1.23402520e-03
3.65740801e-02 2.34179456e-03 1.14456813e-03
3.69944609e-02 4.80341639e-03 1.22113185e-03
3.74148414e-02 7.34105438e-03 1.16231664e-03
3.78352215e-02 5.59415837e-03 1.16703792e-03
3.82556012e-02 4.40005600e-03 1.19471443e-03
3.86759806e-02 4.47951880e-03 1.18615941e-03
3.90963595e-02 4.75668189e-03 1.12646162e-03
3.95167381e-02 3.79940453e-03 1.15099152e-03
3.99371163e-02 4.89776390e-03 1.15733441e-03
4.03574940e-02 4.58319491e-03 1.13355985e-03
4.07778714e-02 3.09053810e-03 1.08789369e-03
4.11982483e-02 4.17318326e-03 1.05274043e-03
4.16186248e-02 3.86444634e-03 1.09726152e-03
4.20390009e-02 3.29729397e-03 9.99264255e-04
4.24593766e-02 4.36634440e-03 1.06589680e-03
4.28797519e-02 5.27170913e-03 1.05159514e-03
4.33001267e-02 3.06677621e-03 1.05716870e-03
4.37205011e-02 4.97183144e-03 1.05984795e-03
4.41408750e-02 4.62846134e-03 1.08310590e-03
4.45612485e-02 4.19084945e-03 1.01357966e-03
4.49816216e-02 2.87224319e-03 1.04542981e-03
4.54019942e-02 3.02964527e-03 1.01914297e-03
4.58223663e-02 3.00568465e-03 1.01610153e-03
4.62427380e-02 3.02510339e-03 1.05850586e-03
4.66631092e-02 2.73359764e-03 1.05250528e-03
4.70834800e-02 2.15301789e-03 1.02628859e-03
4.75038502e-02 4.01529540e-03 1.00953071e-03
4.79242200e-02 3.60383074e-03 9.91793106e-04
4.83445894e-02 5.46784001e-03 1.01990774e-03
4.87649582e-02 4.70272521e-03 1.03364118e-03
4.91853265e-02 1.12291885e-03 9.39820223e-04
4.96056943e-02 4.48960664e-03 1.01650570e-03
5.00260617e-02 5.04311737e-03 9.52668702e-04
5.04464285e-02 2.73197140e-03 9.72060720e-04
5.08667948e-02 3.53142575e-03 9.45666981e-04
5.12871607e-02 1.99416156e-03 9.26399670e-04
5.17075260e-02 2.26195949e-03 9.71605992e-04
5.21278907e-02 3.92912532e-03 9.52259991e-04
5.25482550e-02 4.68622283e-04 8.74945288e-04
5.29686187e-02 4.52063142e-03 9.29276372e-04
5.33889819e-02 3.08021160e-03 9.34279745e-04
5.38093445e-02 2.19510302e-03 9.45743482e-04
5.42297066e-02 2.79789178e-03 9.29792853e-04
5.46500682e-02 2.02792672e-03 9.68137799e-04
5.50704292e-02 2.29779794e-03 9.49065796e-04
5.54907897e-02 1.35498282e-03 9.13542190e-04
5.59111496e-02 1.71671478e-03 9.67738470e-04
5.63315089e-02 1.39473673e-03 8.97535465e-04
5.67518677e-02 3.99046831e-03 9.37859486e-04
5.71722259e-02 2.64525663e-03 9.32385359e-04
5.75925835e-02 2.50174949e-03 9.63350565e-04
5.80129405e-02 1.22979312e-03 9.64210243e-04
5.84332970e-02 3.99270668e-03 9.67346530e-04
5.88536529e-02 3.64760742e-03 9.79141260e-04
5.92740081e-02 3.90329263e-03 9.39673074e-04
5.96943628e-02 2.03038792e-03 9.60587308e-04
6.01147169e-02 2.79437865e-03 9.66335199e-04
6.05350704e-02 2.83726919e-03 9.64887170e-04
6.09554232e-02 2.28345382e-03 9.61678250e-04
6.13757755e-02 1.49538502e-03 9.05660243e-04
6.17961271e-02 3.24926530e-03 9.57384991e-04
6.22164781e-02 2.87535628e-03 9.01424970e-04
6.26368285e-02 3.82284946e-04 8.67657113e-04
6.30571783e-02 1.92352652e-03 9.05484986e-04
6.34775274e-02 1.38328221e-03 9.32580284e-04
6.38978758e-02 6.41506628e-04 8.72601939e-04
6.43182237e-02 1.34075649e-03 9.22175362e-04
6.47385709e-02 6.64730834e-04 8.74485668e-04
6.51589174e-02 1.27068654e-03 9.00969985e-04
6.55792633e-02 4.33048713e-04 8.48146477e-04
6.59996085e-02 3.82776609e-03 8.75134244e-04
6.64199530e-02 2.56102536e-03 8.47173589e-04
6.68402969e-02 1.80349557e-03 8.46159277e-04
6.72606401e-02 1.39173170e-03 8.67827026e-04
6.76809827e-02 4.16086306e-04 8.68745240e-04
6.81013245e-02 1.28751492e-03 8.61648441e-04
6.85216657e-02 1.97190912e-03 8.57127301e-04
6.89420062e-02 1.89709088e-03 8.05893022e-04
6.93623459e-02 1.79088745e-03 8.32946773e-04
6.97826850e-02 1.79526099e-03 8.16465278e-04
7.02030234e-02 7.31327680e-04 8.26597960e-04
7.06233611e-02 1.52578366e-03 8.23171141e-04
7.10436980e-02 1.40138187e-03 8.32528860e-04
7.14640343e-02 1.46195079e-03 8.14607457e-04
7.18843698e-02 1.00209706e-03 8.21894676e-04
7.23047046e-02 1.52860626e-03 8.37299904e-04
7.27250387e-02 1.06413609e-03 8.03482907e-04
7.31453720e-02 1.16169275e-03 7.87839770e-04
7.35657046e-02 2.97720454e-04 8.17037729e-04
7.39860365e-02 1.86577437e-03 7.78307491e-04
7.44063676e-02 1.79091026e-03 7.88494585e-04
7.48266980e-02 1.72063325e-03 8.03126016e-04
7.52470276e-02 8.11661560e-04 8.12561907e-04
7.56673565e-02 1.45274057e-03 7.95456558e-04
7.60876846e-02 5.74496185e-05 8.02350172e-04
7.65080119e-02 6.94983377e-04 7.84268676e-04
7.69283384e-02 1.40886975e-03 7.97790485e-04
7.73486642e-02 2.06782552e-03 8.11419861e-04
7.77689892e-02 1.24461836e-03 7.99671110e-04
7.81893135e-02 1.58879322e-03 7.58554481e-04
7.86096369e-02 5.24455539e-04 7.84053350e-04
7.90299595e-02 3.81364738e-04 7.67485445e-04
7.94502814e-02 -8.56533114e-04 7.90715537e-04
7.98706024e-02 9.70175099e-04 7.48009711e-04
8.02909227e-02 1.01704713e-03 7.55970781e-04
8.07112421e-02 5.67074574e-05 7.32811854e-04
8.11315607e-02 -1.08839611e-03 7.53820226e-04
8.15518785e-02 7.08872901e-04 7.57515662e-04
8.19721955e-02 5.22334358e-04 7.53143128e-04
8.23925117e-02 -1.75520204e-04 7.42416986e-04
8.28128270e-02 9.68167853e-04 7.38068392e-04
8.32331415e-02 4.21187216e-04 7.44279166e-04
8.36534552e-02 8.43127747e-04 7.55352510e-04
8.40737680e-02 8.40822773e-04 7.38413338e-04
8.44940800e-02 1.39085766e-03 7.42742732e-04
8.49143911e-02 1.94666829e-03 7.65747436e-04
8.53347013e-02 1.72041447e-03 7.42447234e-04
8.57550107e-02 8.81791920e-04 7.20627691e-04
8.61753193e-02 8.22154283e-04 7.42804558e-04
8.65956270e-02 1.52111990e-03 7.70686351e-04
8.70159338e-02 1.45400528e-03 7.48249376e-04
8.74362397e-02 1.74794044e-03 7.36567037e-04
8.78565447e-02 1.24755693e-03 7.46379006e-04
8.82768489e-02 6.28085532e-05 7.21987001e-04
8.86971522e-02 1.61604123e-03 7.51882963e-04
8.91174545e-02 7.17136264e-04 7.05964172e-04
8.95377560e-02 -7.40429441e-06 6.93794145e-04
8.99580566e-02 5.95189096e-04 7.28501931e-04
9.03783563e-02 1.06027538e-03 7.22815723e-04
9.07986550e-02 6.91560841e-04 6.90960186e-04
9.12189529e-02 -1.09826246e-04 7.09783430e-04
9.16392498e-02 -7.24619227e-04 7.11445182e-04
9.20595458e-02 7.89699222e-04 7.24262710e-04
9.24798409e-02 -5.68254342e-04 7.24769050e-04
9.29001350e-02 1.03805985e-03 7.19626402e-04
9.33204283e-02 1.31793731e-03 7.34804546e-04
9.37407205e-02 1.25925731e-03 7.24254025e-04
9.41610119e-02 9.14924496e-04 7.32131049e-04
9.45813022e-02 1.34413401e-04 7.30498647e-04
9.50015917e-02 -1.50625788e-04 7.09820871e-04
9.54218802e-02 1.09126346e-03 7.30758959e-04
9.58421677e-02 3.45610480e-04 7.03455533e-04
9.62624542e-02 2.70084706e-05 6.93002776e-04
9.66827398e-02 6.07478281e-04 7.14573360e-04
9.71030244e-02 4.07646012e-04 6.96153434e-04
9.75233080e-02 7.49504503e-04 7.10056296e-04
9.79435907e-02 1.07251356e-03 7.00037481e-04
9.83638723e-02 1.91832179e-04 7.10953873e-04
9.87841530e-02 -1.14785835e-04 6.93173264e-04
9.92044327e-02 1.37461017e-03 6.92149068e-04
9.96247114e-02 6.86867567e-04 6.88071920e-04
1.00044989e-01 -2.12589704e-05 6.75562782e-04
1.00465266e-01 -7.74911591e-04 6.70070749e-04
1.00885541e-01 -8.15199964e-04 6.88778237e-04
1.01305816e-01 -1.24515658e-03 6.58630422e-04
1.01726090e-01 -7.65099200e-04 6.81528538e-04
1.02146362e-01 -1.20349812e-03 6.45310132e-04
1.02566634e-01 1.18550907e-04 6.73980471e-04
1.02986904e-01 9.09464660e-04 6.90332731e-04
1.03407174e-01 9.47950084e-04 6.82871017e-04
1.03827442e-01 5.62359958e-04 6.76947588e-04
1.04247710e-01 5.13239691e-04 6.69677081e-04
1.04667976e-01 5.87238848e-04 6.74207268e-04
1.05088241e-01 8.26190389e-04 6.75491138e-04
1.05508506e-01 -2.91541022e-04 6.64305316e-04
1.05928769e-01 2.24682784e-04 6.59989486e-04
1.06349031e-01 6.79043587e-04 6.69418375e-04
1.06769292e-01 6.22962867e-04 6.85872721e-04
1.07189552e-01 1.79365038e-03 6.54505382e-04
1.07609811e-01 -8.25005363e-04 6.54348400e-04
1.08030069e-01 -2.06063021e-04 6.42953477e-04
1.08450325e-01 1.55868688e-03 6.66681558e-04
1.08870581e-01 9.25080155e-05 6.51904980e-04
1.09290836e-01 5.04531237e-04 6.48544064e-04
1.09711089e-01 4.81853638e-04 6.54259820e-04
1.10131341e-01 7.60527825e-04 6.25163586e-04
1.10551592e-01 1.64014530e-03 6.57986470e-04
1.10971843e-01 4.74811093e-04 6.46556539e-04
1.11392092e-01 7.59409887e-04 6.40654176e-04
1.11812339e-01 1.10373933e-04 6.44301717e-04
1.12232586e-01 9.47913354e-04 6.32074269e-04
1.12652832e-01 -1.02298456e-04 6.10684912e-04
1.13073076e-01 6.64540447e-04 6.43979271e-04
1.13493320e-01 2.09352820e-04 6.57156805e-04
1.13913562e-01 8.44206224e-04 6.80455219e-04
1.14333803e-01 -1.05878702e-03 6.70061527e-04
1.14754043e-01 9.94484224e-05 6.70617227e-04
1.15174282e-01 9.91136838e-04 6.58212699e-04
1.15594519e-01 2.95645712e-04 6.55797054e-04
1.16014756e-01 1.30019234e-03 6.72778742e-04
1.16434991e-01 1.19289307e-03 6.79091760e-04
1.16855225e-01 7.05271684e-04 6.66793699e-04
1.17275458e-01 2.41052316e-04 6.61716375e-04
1.17695690e-01 1.03618851e-03 6.87275966e-04
1.18115920e-01 -1.53959759e-04 6.41149877e-04
1.18536149e-01 -3.53836811e-04 6.44527778e-04
1.18956378e-01 -6.30170073e-04 6.52331858e-04
1.19376605e-01 -3.23043243e-04 6.33836074e-04
1.19796830e-01 -4.33712714e-05 6.47903570e-04
1.20217055e-01 2.54245885e-05 6.47999738e-04
1.20637278e-01 -2.21217977e-04 6.43718022e-04
1.21057500e-01 2.37342696e-04 6.55594423e-04
1.21477721e-01 -2.37572878e-04 6.57133865e-04
1.21897941e-01 -1.78770413e-04 6.46485682e-04
1.22318159e-01 -1.01270384e-04 6.53079479e-04
1.22738377e-01 -7.73822857e-04 6.42253270e-04
1.23158593e-01 -1.32603315e-03 6.34742788e-04
1.23578807e-01 1.55070456e-04 6.44299192e-04
1.23999021e-01 -8.01205383e-04 6.58812011e-04
1.24419233e-01 7.88911347e-04 6.29330571e-04
1.24839444e-01 4.33804003e-04 6.29344521e-04
1.25259654e-01 1.32058150e-04 6.27875162e-04
1.25679862e-01 2.09433161e-04 6.47928194e-04
1.26100070e-01 2.64611200e-04 6.29588596e-04
1.26520276e-01 1.51037653e-04 6.27137097e-04
1.26940480e-01 1.23637479e-04 6.28893237e-04
1.27360684e-01 4.63692027e-04 6.31575180e-04
1.27780886e-01 2.27214121e-04 6.30001602e-04
1.28201087e-01 1.18058552e-03 6.26785814e-04
1.28621286e-01 -3.91340504e-04 6.07663510e-04
1.29041485e-01 1.71716960e-04 6.20261091e-04
1.29461682e-01 -1.12803961e-03 6.16297301e-04
1.29881877e-01 1.04945488e-05 6.30161559e-04
1.30302072e-01 -9.31182281e-05 6.15777918e-04
1.30722265e-01 2.77684589e-04 5.84271678e-04
1.31142456e-01 -4.14455971e-04 6.08559762e-04
1.31562647e-01 2.70681085e-04 6.21362632e-04
1.31982836e-01 -4.05888791e-04 5.91169807e-04
1.32403024e-01 2.92442216e-04 6.19731455e-04
1.32823210e-01 4.88274554e-04 6.23494180e-04
1.33243395e-01 -6.80730312e-04 6.07187385e-04
1.33663579e-01 2.69939138e-04 5.99004032e-04
1.34083761e-01 1.27276488e-04 6.13101589e-04
1.34503942e-01 1.93540757e-04 6.01874103e-04
1.34924122e-01 6.60612662e-05 6.02170774e-04
1.35344300e-01 5.43787512e-04 6.01192827e-04
1.35764477e-01 -6.86754290e-04 5.99218974e-04
1.36184653e-01 -1.06905219e-04 6.19078244e-04
1.36604827e-01 -1.76459609e-04 6.02168199e-04
1.37025000e-01 -3.80529169e-04 5.83454006e-04
1.37445171e-01 5.32011149e-04 6.00106876e-04
1.37865341e-01 2.59144630e-04 6.11255368e-04
1.38285510e-01 -9.58575371e-05 5.91865364e-04
1.38705677e-01 -1.92145116e-04 5.94177265e-04
1.39125843e-01 6.35545737e-04 6.08505748e-04
1.39546008e-01 4.40764488e-04 5.91687579e-04
1.39966171e-01 -3.51770550e-04 5.86863614e-04
1.40386333e-01 -5.95255292e-05 5.70103692e-04
1.40806493e-01 -4.29286602e-04 5.77704094e-04
1.41226652e-01 8.04636430e-04 5.80900179e-04
1.41646809e-01 -4.78391437e-04 5.80871166e-04
1.42066965e-01 -2.41899433e-04 5.69028288e-04
1.42487120e-01 -1.64144214e-04 5.77443822e-04
1.42907273e-01 5.26933892e-04 5.74161600e-04
1.43327425e-01 -1.51319947e-04 5.76304725e-04
1.43747575e-01 -9.12238753e-04 5.73553041e-04
1.44167724e-01 4.29240208e-04 5.92973731e-04
1.44587871e-01 -9.28055092e-05 5.89375209e-04
1.45008017e-01 -4.29504407e-04 5.68356369e-04
1.45428162e-01 4.07957932e-04 5.72530251e-04
1.45848305e-01 2.03653123e-04 5.80393711e-04
1.46268446e-01 9.28247716e-05 5.74592216e-04
1.46688586e-01 4.31218918e-04 6.03420557e-04
1.47108725e-01 2.84644335e-04 5.87396550e-04
1.47528862e-01 4.91843535e-04 5.78383093e-04
1.47948998e-01 9.32591699e-04 5.73050085e-04
1.48369132e-01 4.93831721e-04 5.97723894e-04
1.48789265e-01 -4.30266037e-04 5.88470062e-04
1.49209396e-01 3.63533162e-04 5.90036914e-04
1.49629525e-01 4.39322272e-04 5.87154794e-04
1.50049654e-01 4.44730804e-04 5.74544861e-04
1.50469780e-01 1.26216937e-03 5.79117496e-04
1.50889905e-01 -6.48912873e-04 5.69404991e-04
1.51310029e-01 -1.56602191e-04 5.83458134e-04
1.51730151e-01 -2.03290811e-04 5.84182999e-04
1.52150272e-01 1.80832395e-04 5.70999766e-04
1.52570391e-01 2.42279025e-04 5.86282492e-04
1.52990508e-01 4.59039284e-04 5.75090195e-04
1.53410624e-01 -2.32687485e-04 5.66444289e-04
1.53830738e-01 3.75803204e-04 5.84048973e-04
1.54250851e-01 4.81990818e-04 5.65996640e-04
1.54670963e-01 1.53094648e-04 5.79664760e-04
1.55091072e-01 1.17674954e-04 5.71145000e-04
1.55511180e-01 5.67729972e-04 5.62865726e-04
1.55931287e-01 8.47116665e-04 5.67872873e-04
1.56351392e-01 5.13943986e-04 5.67694415e-04
1.56771496e-01 -1.37519383e-04 5.43895522e-04
1.57191598e-01 8.54137802e-04 5.61824517e-04
1.57611698e-01 -4.37300280e-04 5.40088554e-04
1.58031797e-01 1.03121092e-04 5.42124795e-04
1.58451894e-01 9.49195855e-04 5.58219422e-04
1.58871989e-01 -4.70975476e-04 5.41332928e-04
1.59292083e-01 1.17461851e-03 5.52142170e-04
1.59712176e-01 7.79792644e-05 5.39975358e-04
1.60132266e-01 1.05858027e-03 5.45225579e-04
1.60552355e-01 5.22450848e-04 5.46310037e-04
1.60972443e-01 7.03445260e-04 5.41219169e-04
1.61392529e-01 6.59583451e-04 5.48822831e-04
1.61812613e-01 -3.71856489e-04 5.47812387e-04
1.62232696e-01 -3.64940287e-04 5.32355986e-04
1.62652777e-01 -4.57222589e-04 5.39852745e-04
1.63072856e-01 -2.74195335e-05 5.36637815e-04
1.63492934e-01 2.64966509e-04 5.39017801e-04
1.63913010e-01 6.81930191e-04 5.23893914e-04
1.64333084e-01 4.84972035e-04 5.36923099e-04
1.64753157e-01 5.36329101e-04 5.36553787e-04
1.65173228e-01 3.59276547e-05 5.28227383e-04
1.65593298e-01 -3.84351616e-05 5.18535297e-04
1.66013366e-01 -4.16733346e-04 5.29914117e-04
1.66433432e-01 -4.17983221e-04 5.20004389e-04
1.66853496e-01 1.70268301e-04 5.16817965e-04
1.67273559e-01 2.96459132e-04 5.11056001e-04
1.67693620e-01 2.53508910e-04 5.19544976e-04
1.68113680e-01 7.33346163e-05 5.25135196e-04
1.68533737e-01 4.39348032e-04 5.13978100e-04
1.68953793e-01 -1.03812143e-04 5.23930948e-04
1.69373848e-01 7.43893659e-05 5.09014806e-04
1.69793900e-01 2.61016180e-04 5.08766424e-04
1.70213951e-01 1.55947436e-04 5.22922965e-04
1.70634000e-01 2.00025097e-05 5.15443927e-04
1.71054048e-01 -2.23670162e-04 5.12388771e-04
1.71474094e-01 -6.85117311e-04 5.16357425e-04
1.71894138e-01 4.09647632e-04 5.05780828e-04
1.72314180e-01 1.71589192e-04 5.11908277e-04
1.72734221e-01 2.12837156e-05 5.15083808e-04
1.73154259e-01 5.05757319e-05 4.91972476e-04
1.73574297e-01 -1.07349797e-03 5.12741607e-04
1.73994332e-01 2.51501491e-04 5.14188719e-04
1.74414365e-01 6.05847245e-04 5.08744339e-04
1.74834397e-01 -4.30254423e-04 5.00402696e-04
1.75254427e-01 3.10783808e-04 4.99780645e-04
1.75674456e-01 7.69939808e-04 5.05563336e-04
1.76094482e-01 3.56661216e-04 5.08271650e-04
1.76514507e-01 -3.15556212e-04 5.12092558e-04
1.76934530e-01 -2.29808006e-04 5.12413169e-04
1.77354551e-01 3.43868177e-04 4.94394194e-04
1.77774571e-01 1.24648861e-04 4.99538945e-04
1.78194588e-01 -9.99618951e-04 5.06535728e-04
1.78614604e-01 1.43066684e-04 4.98056018e-04
1.79034618e-01 -7.85613681e-04 4.95814631e-04
1.79454631e-01 -1.50017801e-04 4.86452003e-04
1.79874641e-01 1.54760417e-04 4.97723137e-04
1.80294650e-01 -5.98102442e-04 4.94534699e-04
1.80714657e-01 -7.19828971e-04 4.93016959e-04
1.81134662e-01 -1.87014560e-04 4.90516541e-04
1.81554665e-01 -5.31901786e-04 4.88647186e-04
1.81974666e-01 5.50160975e-04 4.97719015e-04
1.82394666e-01 8.53315679e-04 4.97907063e-04
1.82814663e-01 -1.96662562e-04 4.92655505e-04
1.83234659e-01 -6.17007199e-04 4.88665510e-04
1.83654653e-01 -1.13490990e-04 4.79617360e-04
1.84074646e-01 1.96262408e-05 4.93943701e-04
1.84494636e-01 7.52857752e-04 4.95544033e-04
1.84914624e-01 1.87205580e-04 4.98224368e-04
1.85334611e-01 -3.05328087e-04 4.92993077e-04
1.85754596e-01 4.33132243e-04 4.88854973e-04
1.86174579e-01 -4.84030531e-04 4.90520430e-04
1.86594560e-01 -6.39127167e-04 4.89809188e-04
1.87014539e-01 -7.63917979e-05 4.85376283e-04
1.87434516e-01 -6.34159020e-04 4.81750088e-04
1.87854491e-01 2.81860536e-04 4.84201688e-04
1.88274465e-01 -5.25815125e-04 4.69520326e-04
1.88694437e-01 -2.87837955e-05 4.89295552e-04
1.89114406e-01 6.98982086e-05 4.77378509e-04
1.89534374e-01 -8.95745573e-04 4.63814928e-04
1.89954340e-01 -8.47468413e-05 4.76518465e-04
1.90374304e-01 -2.22749548e-04 4.79135491e-04
1.90794266e-01 -3.20325245e-04 4.81619872e-04
1.91214226e-01 5.34984463e-04 4.68008099e-04
1.91634184e-01 -4.57379776e-04 4.69721074e-04
1.92054141e-01 3.65831859e-04 4.73879072e-04
1.92474095e-01 -1.23533762e-03 4.63405775e-04
1.92894047e-01 -6.43656296e-04 4.70444561e-04
1.93313998e-01 -5.28925345e-04 4.62548846e-04
1.93733946e-01 -5.56128557e-04 4.74123045e-04
1.94153893e-01 5.97883687e-04 4.67826372e-04
1.94573838e-01 -4.73852138e-05 4.68758866e-04
1.94993780e-01 -1.43027483e-04 4.64605909e-04
1.95413721e-01 -5.76127102e-05 4.59680293e-04
1.95833660e-01 5.65105000e-04 4.73950604e-04
1.96253597e-01 7.50702399e-05 4.76086081e-04
1.96673531e-01 5.31729912e-04 4.66377079e-04
1.97093464e-01 4.09879625e-04 4.62499583e-04
1.97513395e-01 -7.47678462e-05 4.62434923e-04
1.97933324e-01 2.71912306e-04 4.57646867e-04
1.98353251e-01 1.65502391e-04 4.61485950e-04
1.98773176e-01 1.58187239e-04 4.60085994e-04
1.99193099e-01 5.94656151e-04 4.55077174e-04
1.99613019e-01 1.12121953e-03 4.64444634e-04
2.00032938e-01 6.61941207e-05 4.55359867e-04
2.00452855e-01 4.35459979e-04 4.54507184e-04
2.00872770e-01 -8.25784415e-04 4.41868072e-04
2.01292683e-01 -3.97097085e-04 4.45736301e-04
2.01712594e-01 4.59945216e-04 4.59868218e-04
2.02132502e-01 1.16853762e-04 4.48016988e-04
2.02552409e-01 8.86444922e-04 4.48750682e-04
2.02972314e-01 5.80447247e-04 4.65426234e-04
2.03392217e-01 1.91946442e-04 4.65348564e-04
2.03812117e-01 7.63509618e-04 4.64738194e-04
2.04232016e-01 5.89675442e-04 4.59684110e-04
2.04651912e-01 -2.78915257e-05 4.51529429e-04
2.05071807e-01 1.86170767e-04 4.56765614e-04
2.05491699e-01 -2.54779863e-04 4.57152824e-04
2.05911590e-01 3.25251553e-05 4.58487233e-04
2.06331478e-01 -6.31424175e-04 4.63168625e-04
2.06751364e-01 -4.69988335e-04 4.53829979e-04
2.07171248e-01 -1.44676769e-04 4.58428432e-04
2.07591130e-01 3.48886634e-04 4.64118323e-04
2.08011010e-01 4.50930426e-04 4.64233625e-04
2.08430888e-01 -4.63713463e-04 4.45297904e-04
2.08850764e-01 -3.78385481e-04 4.45039313e-04
2.09270637e-01 3.66272856e-04 4.57761530e-04
2.09690509e-01 2.78460311e-04 4.59817202e-04
2.10110378e-01 -4.81404216e-04 4.61548794e-04
2.10530246e-01 1.26734981e-04 4.59495441e-04
2.10950111e-01 4.32799408e-04 4.59342716e-04
2.11369974e-01 7.51912028e-04 4.64856075e-04
2.11789835e-01 -4.11287179e-05 4.58206663e-04
2.12209694e-01 -6.09399345e-04 4.52639681e-04
2.12629551e-01 8.69170048e-04 4.55246754e-04
2.13049405e-01 -2.52175436e-04 4.57791266e-04
2.13469258e-01 -5.87644021e-04 4.48936185e-04
2.13889108e-01 -1.57724391e-05 4.39416487e-04
2.14308956e-01 4.93597068e-04 4.49945216e-04
2.14728802e-01 6.45114491e-05 4.46223275e-04
2.15148646e-01 -4.49180899e-04 4.48937050e-04
2.15568487e-01 -2.65697797e-04 4.35770848e-04
2.15988327e-01 -1.02167778e-04 4.49167758e-04
2.16408164e-01 -2.15370933e-04 4.42317762e-04
2.16827999e-01 -2.23442204e-05 4.39670817e-04
2.17247832e-01 4.55429142e-04 4.45171669e-04
2.17667663e-01 9.55584447e-05 4.38884514e-04
2.18087492e-01 5.73462572e-04 4.42456047e-04
2.18507318e-01 -3.21687226e-04 4.35807329e-04
2.18927142e-01 -1.36946997e-04 4.37902366e-04
2.19346964e-01 5.71404986e-04 4.46624297e-04
2.19766784e-01 4.24037213e-04 4.48411758e-04
2.20186602e-01 -4.24935889e-04 4.27903938e-04
2.20606417e-01 2.05337929e-04 4.44397507e-04
2.21026230e-01 -7.62372715e-04 4.21859874e-04
2.21446041e-01 -2.66064977e-04 4.33038381e-04
2.21865850e-01 5.88499296e-05 4.32467891e-04
2.22285656e-01 -6.25993124e-04 4.34661515e-04
2.22705461e-01 -1.58958652e-04 4.34162480e-04
2.23125263e-01 -9.82199496e-04 4.35334678e-04
2.23545063e-01 2.20407676e-04 4.30190746e-04
2.23964860e-01 2.66673939e-04 4.35328326e-04
2.24384655e-01 -4.69787413e-04 4.36626932e-04
2.24804448e-01 2.61896283e-05 4.31063316e-04
2.25224239e-01 -9.49174905e-05 4.24726080e-04
2.25644028e-01 -3.05088723e-04 4.26628366e-04
2.26063814e-01 8.51768169e-06 4.34213977e-04
2.26483598e-01 2.22987947e-04 4.27463325e-04
2.26903379e-01 6.27239597e-04 4.28816377e-04
2.27323159e-01 -1.64335974e-04 4.26332958e-04
2.27742936e-01 -1.86322367e-04 4.21638804e-04
2.28162711e-01 1.28544625e-03 4.34597984e-04
2.28582483e-01 -1.22735128e-04 4.13737034e-04
2.29002254e-01 -3.54363143e-04 4.22393757e-04
2.29422022e-01 -7.79556177e-04 4.14112592e-04
2.29841787e-01 8.21096189e-04 4.14464779e-04
2.30261550e-01 2.54730554e-04 4.19335459e-04
2.30681311e-01 3.11951506e-04 4.19576623e-04
2.31101070e-01 1.58466437e-04 4.16864334e-04
2.31520827e-01 1.44301457e-04 4.19417208e-04
2.31940581e-01 -3.33748682e-05 4.07816483e-04
2.32360332e-01 2.69784885e-04 4.18201838e-04
2.32780082e-01 2.54390332e-04 4.21032495e-04
2.33199829e-01 3.33231694e-04 4.10022228e-04
2.33619573e-01 1.23217645e-04 4.19977235e-04
2.34039316e-01 -3.17222937e-04 4.19423669e-04
2.34459056e-01 1.15987056e-04 4.29724740e-04
2.34878793e-01 -5.16014455e-04 4.24914442e-04
2.35298529e-01 4.13468478e-04 4.34915828e-04
2.35718262e-01 7.11086165e-05 4.15942340e-04
2.36137992e-01 -6.49929436e-04 4.26253656e-04
2.36557720e-01 -4.23012202e-04 4.31386424e-04
2.36977446e-01 9.72369891e-05 4.26189459e-04
2.37397170e-01 6.00306780e-04 4.28276029e-04
2.37816891e-01 7.58832038e-04 4.25142299e-04
2.38236609e-01 8.29076941e-05 4.31022499e-04
2.38656325e-01 -9.92677416e-05 4.28988219e-04
2.39076039e-01 -3.79325065e-05 4.19627198e-04
2.39495751e-01 -6.72599585e-04 4.23806041e-04
2.39915460e-01 4.23398831e-04 4.28804272e-04
2.40335166e-01 -3.82791053e-04 4.28357898e-04
2.40754871e-01 2.62727655e-04 4.22439949e-04
2.41174572e-01 3.33867641e-04 4.25138747e-04
2.41594272e-01 -2.60988518e-04 4.19398335e-04
2.42013969e-01 1.25930343e-03 4.21769907e-04
2.42433663e-01 5.69777900e-04 4.13925059e-04
2.42853355e-01 3.08784587e-04 4.18791621e-04
2.43273045e-01 -4.33075974e-04 4.10656407e-04
2.43692732e-01 -6.55474234e-04 4.12015327e-04
2.44112417e-01 -5.66673625e-05 4.11602369e-04
2.44532099e-01 -4.75577760e-04 4.16215926e-04
2.44951779e-01 -2.72843689e-04 4.12136976e-04
2.45371457e-01 -4.20823915e-04 4.07136427e-04
2.45791131e-01 -1.90010055e-04 4.06217958e-04
2.46210804e-01 -2.38337524e-04 4.10097025e-04
2.46630474e-01 -3.49673303e-05 4.14466624e-04
2.47050141e-01 4.25348750e-04 4.03307973e-04
2.47469806e-01 7.06923115e-07 4.09665573e-04
2.47889469e-01 -2.14396023e-04 4.10502899e-04
2.48309129e-01 -5.10637470e-04 3.94133970e-04
2.48728787e-01 -2.59080559e-04 3.92172729e-04
2.49148442e-01 9.33859268e-05 3.98827780e-04
2.49568094e-01 -2.05168072e-04 3.97241604e-04
2.49987744e-01 6.66204960e-04 4.01958491e-04
2.50407392e-01 7.96698442e-04 4.00302994e-04
2.50827037e-01 -2.90801947e-04 4.01784385e-04
2.51246679e-01 3.01464908e-04 3.95969252e-04
2.51666319e-01 5.77517166e-04 4.05684390e-04
2.52085957e-01 4.15955995e-04 4.00519961e-04
2.52505592e-01 2.10935775e-04 3.94773375e-04
2.52925224e-01 1.24613587e-04 4.11761850e-04
2.53344854e-01 5.60061177e-04 3.95984622e-04
2.53764481e-01 2.03381868e-04 3.94970089e-04
2.54184106e-01 -2.80369105e-04 3.94698684e-04
2.54603728e-01 3.38100945e-04 4.04110998e-04
2.55023348e-01 -1.66976336e-04 3.93195709e-04
2.55442965e-01 8.36399831e-04 4.03380109e-04
2.55862579e-01 7.26736622e-05 3.97882708e-04
2.56282191e-01 3.23637825e-04 3.97427972e-04
2.56701800e-01 -9.81425084e-05 3.92327984e-04
2.57121407e-01 -3.17670218e-04 3.93758946e-04
2.57541011e-01 2.66589516e-04 3.94851054e-04
2.57960613e-01 2.33029805e-04 3.96277193e-04
2.58380212e-01 -3.24373568e-04 3.87300378e-04
2.58799808e-01 1.44996753e-04 3.81911735e-04
2.59219402e-01 1.70876140e-05 3.92171843e-04
2.59638994e-01 3.76372748e-04 3.89296822e-04
2.60058582e-01 -4.12423777e-05 3.95191659e-04
2.60478168e-01 -4.99850571e-04 3.82905320e-04
2.60897752e-01 -4.83185651e-04 3.87460895e-04
2.61317332e-01 -2.71194824e-04 3.83845210e-04
2.61736910e-01 -9.32103594e-05 3.89273527e-04
2.62156486e-01 -4.77752294e-04 3.89879795e-04
2.62576059e-01 -1.50553620e-04 3.77443716e-04
2.62995629e-01 -2.01970627e-04 3.87474569e-04
2.63415197e-01 -1.40080911e-04 3.80928464e-04
2.63834762e-01 -5.78352528e-04 3.89033020e-04
2.64254324e-01 8.18854744e-04 3.84624480e-04
2.64673884e-01 2.54052424e-04 3.91905601e-04
2.65093441e-01 7.40021204e-06 3.82282747e-04
2.65512995e-01 -1.60567228e-05 3.84431382e-04
2.65932547e-01 -1.25476809e-04 3.80016497e-04
2.66352096e-01 2.07883327e-04 3.85076879e-04
2.66771642e-01 -4.64423758e-04 3.84522029e-04
2.67191186e-01 -4.19030521e-04 3.80626541e-04
2.67610727e-01 -8.97174827e-05 3.81643166e-04
2.68030265e-01 -5.32975648e-04 3.83899967e-04
2.68449801e-01 1.47781236e-04 3.80536957e-04
2.68869333e-01 -5.73311383e-04 3.76132250e-04
2.69288864e-01 -2.50592335e-04 3.79091159e-04
2.69708391e-01 1.12269265e-04 3.82333222e-04
2.70127916e-01 -7.80942058e-04 3.69402824e-04
2.70547438e-01 -1.78467054e-04 3.77736794e-04
2.70966957e-01 3.74006932e-04 3.75988872e-04
2.71386474e-01 -1.69813272e-04 3.73500959e-04
2.71805988e-01 5.37570958e-04 3.81905545e-04
2.72225499e-01 -1.39946039e-04 3.79423270e-04
2.72645008e-01 -3.64839673e-04 3.74793468e-04
2.73064513e-01 2.71875711e-04 3.80962047e-04
2.73484016e-01 -1.30555350e-04 3.72536376e-04
2.73903517e-01 -5.57190720e-04 3.67631741e-04
2.74323014e-01 5.01030248e-04 3.75910868e-04
2.74742509e-01 4.23385432e-04 3.80876724e-04
2.75162001e-01 -1.12255694e-04 3.71297571e-04
2.75581490e-01 -7.20526507e-05 3.72195863e-04
2.76000976e-01 -3.90018378e-04 3.77452474e-04
2.76420460e-01 3.29140029e-04 3.74713237e-04
2.76839941e-01 2.21153946e-04 3.72927044e-04
2.77259419e-01 1.64695986e-04 3.73081282e-04
2.77678894e-01 1.25654858e-04 3.68738759e-04
2.78098367e-01 -1.54817095e-04 3.72899389e-04
2.78517837e-01 5.06092109e-05 3.68227185e-04
2.78937304e-01 -2.98660824e-04 3.71713508e-04
2.79356768e-01 -2.95127397e-04 3.65975508e-04
2.79776229e-01 -1.55515335e-04 3.70082266e-04
2.80195688e-01 -2.04263716e-04 3.70017554e-04
2.80615143e-01 -1.56608970e-05 3.67024625e-04
2.81034596e-01 -3.95836949e-05 3.74372672e-04
2.81454046e-01 -7.90936614e-05 3.66234898e-04
2.81873494e-01 1.90729817e-04 3.61341863e-04
2.82292938e-01 -6.04313993e-05 3.63141812e-04
2.82712380e-01 -5.00299898e-05 3.75325022e-04
2.83131819e-01 6.16559775e-04 3.71311776e-04
2.83551254e-01 -8.07638641e-05 3.69847136e-04
2.83970688e-01 -4.22878952e-05 3.67399332e-04
2.84390118e-01 -3.18983875e-04 3.64166577e-04
2.84809545e-01 -2.76743180e-04 3.67711061e-04
2.85228970e-01 -3.01203420e-04 3.60256884e-04
2.85648391e-01 -1.96582800e-04 3.64016342e-04
2.86067810e-01 1.69125323e-04 3.69377861e-04
2.86487226e-01 3.42028901e-04 3.66855767e-04
2.86906639e-01 8.59557833e-05 3.58965054e-04
2.87326049e-01 1.53985938e-04 3.63145336e-04
2.87745457e-01 -1.64391637e-04 3.65645531e-04
2.88164861e-01 4.22529907e-04 3.67190856e-04
2.88584262e-01 -3.36863452e-04 3.56595078e-04
2.89003661e-01 -5.07236873e-04 3.55033869e-04
2.89423057e-01 4.60448889e-04 3.62444532e-04
2.89842450e-01 -1.66769389e-04 3.60959678e-04
2.90261839e-01 -9.17404034e-05 3.57302536e-04
2.90681226e-01 1.29868577e-04 3.59538461e-04
2.91100611e-01 -3.54217828e-04 3.64157782e-04
2.91519992e-01 2.34810570e-04 3.58886619e-04
2.91939370e-01 2.18482565e-04 3.59780625e-04
2.92358745e-01 -4.27414897e-04 3.55962995e-04
2.92778118e-01 -2.72089596e-04 3.62268833e-04
2.93197487e-01 -2.93816470e-05 3.54696928e-04
2.93616853e-01 -6.81817077e-04 3.53155854e-04
2.94036217e-01 -3.57891749e-04 3.57626855e-04
2.94455578e-01 -2.25631015e-06 3.64000961e-04
2.94874935e-01 -9.99478080e-05 3.64892215e-04
2.95294290e-01 4.10116423e-05 3.55137665e-04
2.95713642e-01 -2.14518023e-04 3.58539033e-04
2.96132990e-01 -9.97141998e-05 3.63107780e-04
2.96552336e-01 -5.12236563e-04 3.60387289e-04
2.96971679e-01 -5.00153573e-04 3.65983850e-04
2.97391019e-01 4.31930159e-04 3.64599785e-04
2.97810356e-01 8.34981023e-05 3.70718995e-04
2.98229689e-01 -4.96062495e-05 3.69209911e-04
2.98649020e-01 -7.73276201e-05 3.57537669e-04
2.99068348e-01 -1.57059742e-04 3.63793766e-04
2.99487673e-01 3.36180324e-05 3.71677794e-04
2.99906995e-01 3.58811056e-05 3.65420932e-04
3.00326314e-01 -2.84769773e-04 3.67764806e-04
3.00745629e-01 -6.07706662e-05 3.68486334e-04
3.01164942e-01 2.27606632e-04 3.67423327e-04
3.01584252e-01 -7.08243259e-04 3.65743978e-04
3.02003559e-01 2.60538582e-05 3.68642598e-04
3.02422863e-01 2.69255484e-04 3.71311069e-04
3.02842163e-01 -6.38822005e-04 3.64755916e-04
3.03261461e-01 -3.82563818e-05 3.72628306e-04
3.03680756e-01 -3.29250718e-04 3.53884268e-04
3.04100047e-01 -4.49990878e-04 3.66955403e-04
3.04519336e-01 -3.97706749e-04 3.69201553e-04
3.04938621e-01 -3.01842258e-04 3.59185858e-04
3.05357904e-01 2.03525828e-04 3.65562795e-04
3.05777183e-01 -8.79913268e-05 3.67988098e-04
3.06196459e-01 -5.86491089e-05 3.63476180e-04
3.06615732e-01 4.88897976e-04 3.66378116e-04
3.07035003e-01 9.17079457e-05 3.67605672e-04
3.07454270e-01 -2.72992306e-04 3.74035448e-04
3.07873534e-01 2.35080825e-04 3.70039762e-04
3.08292794e-01 2.96124558e-05 3.61756450e-04
3.08712052e-01 -5.60498536e-05 3.61985417e-04
3.09131307e-01 -1.52497296e-04 3.68706456e-04
3.09550559e-01 2.41940350e-04 3.57283563e-04
3.09969807e-01 7.95143233e-05 3.65411795e-04
3.10389052e-01 -3.03653429e-04 3.63897356e-04
3.10808295e-01 1.53732815e-04 3.57359995e-04
3.11227534e-01 2.12516397e-04 3.65521366e-04
3.11646770e-01 2.97964131e-04 3.61259825e-04
3.12066003e-01 -1.16087262e-05 3.59059054e-04
3.12485233e-01 -4.49848671e-04 3.57762962e-04
3.12904459e-01 -1.80338776e-04 3.57829193e-04
3.13323683e-01 3.54007771e-04 3.69985046e-04
3.13742903e-01 5.64706352e-04 3.64976702e-04
3.14162120e-01 5.01658502e-05 3.54109805e-04
3.14581334e-01 2.21337723e-04 3.70566759e-04
3.15000545e-01 2.96063942e-04 3.70488228e-04
3.15419753e-01 2.89881826e-04 3.66630267e-04
3.15838958e-01 8.29503888e-05 3.59432488e-04
3.16258159e-01 5.48686932e-04 3.62391821e-04
3.16677357e-01 -1.59270023e-04 3.59038717e-04
3.17096552e-01 -2.17902925e-04 3.67207731e-04
3.17515744e-01 3.58392916e-04 3.66042952e-04
3.17934933e-01 1.07484726e-04 3.61128891e-04
3.18354118e-01 2.85935296e-04 3.59474668e-04
3.18773301e-01 -8.62606916e-05 3.59023104e-04
3.19192480e-01 -2.88562845e-04 3.59704199e-04
3.19611656e-01 -2.63349859e-04 3.65705630e-04
3.20030829e-01 1.10494412e-04 3.65426058e-04
3.20449998e-01 -3.00499504e-04 3.62328316e-04
3.20869164e-01 9.56333945e-05 3.60921228e-04
3.21288328e-01 -4.31837091e-04 3.61307974e-04
3.21707487e-01 -5.90792108e-04 3.64509481e-04
3.22126644e-01 4.40833329e-04 3.64632930e-04
3.22545797e-01 3.71771177e-04 3.64105027e-04
3.22964948e-01 -3.00298583e-04 3.59860974e-04
3.23384095e-01 2.25000891e-04 3.74194997e-04
3.23803238e-01 -2.05393199e-04 3.73814206e-04
3.24222379e-01 2.80180197e-04 3.79686332e-04
3.24641516e-01 1.88704868e-04 3.80225933e-04
3.25060650e-01 3.96795246e-04 3.79826589e-04
3.25479781e-01 -6.25200974e-04 3.86115141e-04
3.25898908e-01 -3.59410947e-05 3.81314044e-04
3.26318032e-01 2.27591061e-04 3.79778384e-04
3.26737153e-01 3.28138180e-04 3.85084345e-04
3.27156271e-01 -5.54154978e-05 3.77544275e-04
3.27575385e-01 3.73708720e-04 3.91126296e-04
3.27994496e-01 3.36741222e-04 3.90812338e-04
3.28413604e-01 2.86723505e-04 3.89269601e-04
3.28832708e-01 4.61623938e-04 3.84877238e-04
3.29251810e-01 3.89054647e-04 3.90460207e-04
3.29670907e-01 2.75959311e-04 3.99253705e-04
3.30090002e-01 4.99395294e-05 3.88817420e-04
3.30509093e-01 -6.16290765e-04 3.91298331e-04
3.30928181e-01 -4.30449649e-04 3.85612345e-04
3.31347266e-01 -5.98225989e-05 3.95186568e-04
3.31766347e-01 -1.40794029e-04 4.00463224e-04
3.32185425e-01 5.44840592e-04 3.93239145e-04
3.32604500e-01 2.78415906e-04 4.06131438e-04
3.33023571e-01 -1.57079753e-05 3.92761608e-04
3.33442639e-01 -2.58916892e-04 4.02018542e-04
3.33861704e-01 -2.92541098e-04 4.00291555e-04
3.34280765e-01 1.10678428e-04 4.02006085e-04
3.34699823e-01 3.39243417e-04 3.92094103e-04
3.35118878e-01 1.33961368e-04 3.99762382e-04
3.35537929e-01 2.34788197e-04 4.07149172e-04
3.35956977e-01 -8.56931238e-04 4.06094181e-04
3.36376021e-01 -1.55200550e-04 4.05113281e-04
3.36795062e-01 -7.21929586e-05 4.10101938e-04
3.37214100e-01 2.22989406e-04 4.11248284e-04
3.37633135e-01 -3.20341399e-04 4.00783234e-04
3.38052166e-01 -5.38624977e-04 4.06875552e-04
3.38471193e-01 -1.73053203e-04 3.98845472e-04
3.38890217e-01 1.57916066e-04 4.03249752e-04
3.39309238e-01 5.29296643e-04 4.13733748e-04
3.39728256e-01 -1.47744234e-04 4.12307002e-04
3.40147270e-01 2.56759761e-04 4.12275795e-04
3.40566280e-01 -6.27885232e-04 4.03301860e-04
3.40985288e-01 -3.96545570e-04 3.99375919e-04
3.41404291e-01 1.69772383e-05 4.08264218e-04
3.41823292e-01 2.71457737e-04 4.02823586e-04
3.42242289e-01 -1.11324732e-04 4.05147310e-04
3.42661282e-01 2.74532075e-04 4.15969916e-04
3.43080272e-01 4.72886874e-04 4.08726121e-04
3.43499259e-01 -4.73514015e-04 4.16097430e-04
3.43918242e-01 -2.47439457e-04 4.11638483e-04
3.44337222e-01 7.53213602e-04 4.10786619e-04
3.44756198e-01 7.45021218e-04 4.17947797e-04
3.45175171e-01 8.24061039e-04 4.18180338e-04
3.45594140e-01 -4.66357276e-04 4.24814216e-04
3.46013106e-01 7.07974883e-06 4.24878163e-04
3.46432069e-01 3.82418377e-04 4.20188107e-04
3.46851028e-01 -1.35958508e-04 4.09326164e-04
3.47269983e-01 3.78690187e-04 4.18711737e-04
3.47688935e-01 1.83367868e-04 4.18777614e-04
3.48107884e-01 2.58772726e-04 4.24274857e-04
3.48526829e-01 1.42630596e-04 4.19751301e-04
3.48945770e-01 1.18590272e-03 4.26529818e-04
3.49364708e-01 -4.04928021e-04 4.07001363e-04
3.49783643e-01 1.75499926e-04 4.26093794e-04
3.50202574e-01 -6.52209402e-05 4.22433510e-04
3.50621502e-01 3.98347115e-05 4.29782914e-04
3.51040426e-01 -1.13098668e-04 4.24012666e-04
3.51459346e-01 -3.76634117e-05 4.17068857e-04
3.51878263e-01 3.21660747e-04 4.27481577e-04
3.52297177e-01 -4.02485582e-04 4.28241126e-04
3.52716087e-01 3.63615094e-04 4.31016407e-04
3.53134993e-01 -5.81684939e-04 4.21765334e-04
3.53553896e-01 1.30365278e-04 4.31075764e-04
3.53972795e-01 3.87257050e-04 4.28733792e-04
3.54391691e-01 2.03247147e-04 4.29738194e-04
3.54810584e-01 1.78851128e-04 4.33915170e-04
3.55229472e-01 -5.65243771e-04 4.20808268e-04
3.55648357e-01 -6.31518943e-05 4.32835230e-04
3.56067239e-01 -3.12399647e-04 4.31547005e-04
3.56486117e-01 -1.79189056e-04 4.37480819e-04
3.56904991e-01 -3.22006215e-04 4.31826186e-04
3.57323862e-01 -3.75375115e-04 4.31255623e-04
3.57742730e-01 5.68140011e-04 4.37588586e-04
3.58161593e-01 6.48480882e-05 4.35616455e-04
3.58580453e-01 1.61937247e-04 4.38480114e-04
3.58999310e-01 4.47997101e-04 4.34855875e-04
3.59418163e-01 -3.07918057e-04 4.30688370e-04
3.59837012e-01 -6.69860408e-05 4.33832911e-04
3.60255858e-01 -7.19047434e-05 4.32620477e-04
3.60674700e-01 1.57916393e-04 4.27818427e-04
3.61093539e-01 -2.90041081e-04 4.32027163e-04
3.61512374e-01 -1.82413591e-04 4.38274670e-04
3.61931205e-01 2.18547420e-04 4.34501404e-04
3.62350032e-01 2.63249883e-04 4.41359330e-04
3.62768857e-01 -5.46074710e-04 4.40443972e-04
3.63187677e-01 1.20148261e-04 4.55940415e-04
3.63606494e-01 1.98922353e-04 4.51005347e-04
3.64025307e-01 3.14110463e-04 4.47165439e-04
3.64444116e-01 -5.95642027e-05 4.34468131e-04
3.64862922e-01 -2.02098471e-04 4.37475679e-04
3.65281724e-01 -4.68943573e-05 4.32207786e-04
3.65700523e-01 -5.95092348e-04 4.35364867e-04
3.66119318e-01 -1.38009786e-04 4.46093290e-04
3.66538109e-01 5.20355193e-04 4.43290083e-04
3.66956896e-01 5.25105745e-04 4.57751661e-04
3.67375680e-01 -1.87170510e-04 4.38685843e-04
3.67794460e-01 -5.48935083e-05 4.30696535e-04
3.68213237e-01 6.94626738e-04 4.44814326e-04
3.68632010e-01 6.97878040e-05 4.32959019e-04
3.69050779e-01 3.43666926e-06 4.33939877e-04
3.69469544e-01 3.36935031e-04 4.42348800e-04
3.69888306e-01 6.41608439e-04 4.46138448e-04
3.70307064e-01 2.53270646e-04 4.39644781e-04
3.70725818e-01 6.00899190e-05 4.51045807e-04
3.71144569e-01 -5.00318098e-04 4.49019133e-04
3.71563316e-01 2.33311885e-04 4.50326818e-04
3.71982059e-01 -2.73411215e-04 4.54725374e-04
3.72400798e-01 2.33591315e-04 4.40777772e-04
3.72819534e-01 3.49602449e-04 4.36397957e-04
3.73238266e-01 -6.42152755e-05 4.49899604e-04
3.73656994e-01 1.41551314e-04 4.48953580e-04
3.74075719e-01 -3.95004723e-04 4.56214519e-04
3.74494439e-01 2.58286688e-04 4.50999278e-04
3.74913156e-01 1.73409818e-04 4.62781574e-04
3.75331870e-01 1.52969562e-04 4.54790991e-04
3.75750579e-01 6.98613141e-04 4.54504495e-04
3.76169285e-01 -2.83335539e-04 4.54869288e-04
3.76587987e-01 -4.17863586e-04 4.51600962e-04
3.77006685e-01 -5.08200456e-04 4.62502083e-04
3.77425380e-01 -4.41162637e-04 4.49370642e-04
3.77844070e-01 -7.69393661e-05 4.65335648e-04
3.78262757e-01 5.90461850e-04 4.61685054e-04
3.78681440e-01 -6.78074537e-05 4.45637778e-04
3.79100119e-01 -4.29750092e-04 4.51179929e-04
3.79518795e-01 2.43662438e-04 4.55911257e-04
3.79937467e-01 9.29570816e-04 4.64076502e-04
3.80356135e-01 -8.07977008e-05 4.46871140e-04
3.80774799e-01 -2.96666794e-06 4.53372965e-04
3.81193459e-01 -9.08459766e-05 4.52987059e-04
3.81612115e-01 -2.20403424e-04 4.49858084e-04
3.82030768e-01 2.89432536e-04 4.51320719e-04
3.82449417e-01 9.94371952e-05 4.60255843e-04
3.82868062e-01 3.91547340e-04 4.84472776e-04
3.83286703e-01 1.15005087e-04 4.81151328e-04
3.83705340e-01 2.57724600e-04 4.80696795e-04
3.84123974e-01 -3.85442296e-05 4.85676336e-04
3.84542604e-01 3.02738136e-04 4.88900582e-04
3.84961229e-01 3.72688422e-04 5.00431398e-04
3.85379851e-01 -2.21425457e-04 4.84725506e-04
3.85798469e-01 6.07654687e-04 4.85387345e-04
3.86217084e-01 8.19802534e-04 4.86003276e-04
3.86635694e-01 3.35000177e-04 4.94652385e-04
3.87054301e-01 -4.79012171e-05 4.97418339e-04
3.87472903e-01 -1.06108020e-04 5.03002293e-04
3.87891502e-01 -6.77512655e-05 4.79252065e-04
3.88310097e-01 2.32367714e-04 5.08450886e-04
3.88728688e-01 3.91659842e-04 4.97528311e-04
3.89147275e-01 2.64094599e-04 5.17184783e-04
3.89565858e-01 -2.89621475e-04 5.12479070e-04
3.89984437e-01 -1.50899551e-04 5.01073942e-04
3.90403013e-01 -1.34745547e-04 5.21388448e-04
3.90821584e-01 8.04977617e-04 5.04624839e-04
3.91240152e-01 9.65692628e-04 5.27960683e-04
3.91658716e-01 5.24227184e-04 5.24540778e-04
3.92077275e-01 9.85908753e-05 5.17411803e-04
3.92495831e-01 9.97663745e-05 5.22390773e-04
3.92914383e-01 -2.34736494e-04 5.13618074e-04
3.93332931e-01 1.28124776e-04 5.21655606e-04
3.93751475e-01 -6.37980514e-04 5.26945571e-04
3.94170015e-01 5.44564438e-06 5.29834750e-04
3.94588552e-01 -2.58211518e-04 5.38065267e-04
3.95007084e-01 -4.37196756e-04 5.26585690e-04
3.95425612e-01 4.03882811e-04 5.22374692e-04
3.95844136e-01 3.80922956e-04 5.28572021e-04
3.96262657e-01 4.28857966e-05 5.52423942e-04
3.96681173e-01 -6.55185445e-04 5.39014176e-04
3.97099686e-01 -5.26019672e-04 5.34303372e-04
3.97518194e-01 -2.50586777e-06 5.49419361e-04
3.97936698e-01 6.53634889e-05 5.48609041e-04
3.98355199e-01 -8.76350527e-04 5.46050542e-04
3.98773695e-01 -8.94230999e-05 5.48560197e-04
3.99192188e-01 2.73372062e-04 5.72490532e-04
3.99610677e-01 2.51422195e-04 5.63400639e-04
4.00029161e-01 -6.71455517e-04 5.44679262e-04
4.00447642e-01 -3.06656569e-04 5.67913030e-04
4.00866118e-01 5.89912207e-04 5.73994095e-04
4.01284591e-01 -3.23838312e-04 5.66845933e-04
4.01703059e-01 6.46502878e-04 5.61708149e-04
4.02121524e-01 -1.58345506e-04 5.68392137e-04
4.02539984e-01 -1.04217421e-04 5.76935812e-04
4.02958441e-01 1.38262751e-03 5.62928111e-04
4.03376893e-01 -1.89780148e-05 5.71343214e-04
4.03795341e-01 -1.21779308e-04 5.83752091e-04
4.04213786e-01 -4.57789871e-05 5.81052241e-04
4.04632226e-01 7.57933895e-05 5.98043335e-04
4.05050662e-01 -9.87330830e-04 5.57130074e-04
4.05469095e-01 7.72469480e-04 6.08169201e-04
4.05887523e-01 -6.94342462e-04 5.92801487e-04
4.06305947e-01 6.54634413e-04 5.81388297e-04
4.06724367e-01 -1.85665514e-04 5.87609449e-04
4.07142783e-01 -9.09968485e-04 5.82541255e-04
4.07561195e-01 -7.25807621e-04 5.89155993e-04
4.07979603e-01 7.07082813e-04 6.02993052e-04
4.08398006e-01 -2.67651538e-04 6.34682754e-04
4.08816406e-01 4.98293754e-04 6.00131853e-04
4.09234802e-01 -5.10262609e-06 6.36509756e-04
4.09653193e-01 5.08643941e-04 6.27605383e-04
4.10071580e-01 2.85975772e-04 6.24330690e-04
4.10489964e-01 2.49497864e-04 6.01054926e-04
4.10908343e-01 5.95655080e-04 6.13603040e-04
4.11326718e-01 5.35435242e-04 6.32229596e-04
4.11745089e-01 -1.80725930e-04 5.94070942e-04
4.12163456e-01 4.24832041e-04 6.05153713e-04
4.12581819e-01 -3.10255920e-05 6.21070735e-04
4.13000177e-01 2.97530823e-04 6.12658232e-04
4.13418532e-01 2.49580715e-05 6.38261818e-04
4.13836882e-01 5.61439032e-04 6.31286691e-04
4.14255228e-01 2.62116049e-04 6.32122449e-04
4.14673570e-01 8.49912021e-04 6.40666306e-04
4.15091908e-01 -6.01216603e-04 6.31957094e-04
4.15510242e-01 1.82699115e-04 6.59764637e-04
4.15928572e-01 3.57337497e-04 6.58770587e-04
4.16346897e-01 -4.68737488e-04 6.42091431e-04
4.16765218e-01 5.03984388e-04 6.64501907e-04
4.17183536e-01 -6.57697940e-04 6.32087604e-04
4.17601849e-01 -6.97281285e-04 6.65786511e-04
4.18020157e-01 -8.04168676e-04 6.43442988e-04
4.18438462e-01 1.05040138e-03 6.78607851e-04
4.18856762e-01 5.64624717e-04 6.82255647e-04
4.19275059e-01 -9.35062789e-07 6.83093583e-04
4.19693351e-01 9.52946011e-04 7.04537681e-04
4.20111639e-01 -9.06244806e-04 6.64977531e-04
4.20529922e-01 -7.21724560e-04 6.66226885e-04
4.20948202e-01 -3.07203490e-04 6.87703361e-04
4.21366477e-01 3.65541896e-04 6.78419294e-04
4.21784748e-01 2.79027769e-04 6.73694497e-04
4.22203015e-01 -4.77400244e-04 6.82248452e-04
4.22621278e-01 -2.50572352e-04 6.96878278e-04
4.23039536e-01 -7.61624216e-04 6.67492520e-04
4.23457790e-01 4.42112758e-04 6.97074536e-04
4.23876040e-01 -5.65059523e-04 6.99686217e-04
4.24294286e-01 -5.18813220e-04 6.93911495e-04
4.24712527e-01 -1.15030850e-03 6.91067985e-04
4.25130765e-01 -1.97052409e-04 6.75802767e-04
4.25548998e-01 8.32145587e-04 7.20059073e-04
4.25967226e-01 7.97690088e-04 7.25650051e-04
4.26385451e-01 -5.16762885e-04 7.15091434e-04
4.26803671e-01 -5.43847502e-04 7.24756299e-04
4.27221887e-01 9.59772623e-05 7.40021432e-04
4.27640099e-01 1.46346831e-04 7.59012474e-04
4.28058306e-01 -8.23406790e-05 7.01315940e-04
4.28476509e-01 8.64202775e-05 7.36788718e-04
4.28894708e-01 -4.31213740e-04 7.53077672e-04
4.29312903e-01 1.24052728e-03 7.52521510e-04
4.29731093e-01 6.89280124e-04 7.86252733e-04
4.30149279e-01 -7.57151451e-04 7.56743073e-04
4.30567460e-01 -1.42421925e-03 7.62740724e-04
4.30985638e-01 -1.48523338e-03 7.65799771e-04
4.31403811e-01 -2.79040553e-04 7.86806903e-04
4.31821980e-01 1.51539571e-03 8.10172508e-04
4.32240144e-01 1.15670427e-03 8.25341574e-04
4.32658304e-01 -1.18712129e-03 8.14689344e-04
4.33076460e-01 -2.97319954e-04 7.85632085e-04
4.33494612e-01 -1.58011630e-04 8.69674320e-04
4.33912759e-01 -4.16491161e-04 8.58260358e-04
4.34330902e-01 -3.05988098e-04 9.25463540e-04
4.34749040e-01 -5.30824325e-04 1.12220820e-03
4.35167174e-01 -5.62976926e-04 1.16508799e-03
4.35585304e-01 7.85369833e-04 1.22540643e-03
4.36003430e-01 -1.35990351e-05 1.26542459e-03
4.36421551e-01 -6.87870187e-04 1.20503798e-03
4.36839667e-01 -6.35833862e-05 1.57574971e-03
4.37257780e-01 2.77122958e-03 0.00000000e+00
