15 15 15
14 14 52 13 15 19  8  5  6  1  7 20  6 11  1 12  1 26 10 10 90 11  8 44  2  4 27  3  9 18  4  2 51 15 13 80  5  3 10  7  6 51  9 12 41
 3 10 44  2 11 85  9  9  2 15  7 78 14 15 86  1 13 88  6  5 61 12  3 20 10  8 56 13 12 12 11  6 69  8  1 34  4 14 55  5  4 34  7  2 84
 1 15 62  4  1 72  2  7 74  8  8 63  5 13 95  9 12 29 15  6 24  6  2 34  7  4 89  3 11 83 14  9 90 13  3 26 10 14 98 11  5 65 12 10 31
10 11 10 12  7 15  1  8 93  8 12 79 13  2 77 15  4 61  7  1  1  2 14 48 14  9 22 11 13 27  5 10 21  6  5 17  4  3 45  3  6 96  9 15 11
 9  8 83 14  7 52  6 12 70 11 14 78 10 10  7 15  5 28 13 15 97  3  1 52  4  6 29  1 11 81  7  2 60 12 13 91  8  3 80  5  4 54  2  9 35
13  5  3 14 13 31 15 15 98 10  7 97  6 14 77  2 12 39  7  8 41  8  4 10  1 11  9  4  3 93  9  6  7 11  9 49  5  2 20 12  1 45  3 10 59
10 14 28  1 15 93  6 11  4  5  3 51 13  9 67 15 13  5  7 10 18  2  5 52  4  2 47  9  8 21 14 12 49 12  1 63  3  6 96 11  4 85  8  7 90
13  6 25  2 14 82 10 10 58 15  3 15  7 12 67 11 11 50  3  8 66  8  5 92  5  4 56 12  9 82 14 13 57  6 15 16  4  1 34  9  2 99  1  7 61
 7  9 82  6 10 31 13 13 22  5  2 16  2  6 87 15 12 48 10  1 59  1  5 63  8  8 29  9  7 99 11 11 48 14  3 36  3  4 91 12 15 61  4 14 59
 9 15 28  4 11 25  6  8 69  5 12 65  2 14 62 11  7 57  8  6 97 10  5 31 14  1 15  3  2 25  1 10 83 12  4 98  7  9 55 13  3 66 15 13 31
 5 12 20  3  2 99  2  4 13  1  7 88 15  3 25 11  5 75 10 11 90  7 15 84 12  9 70 13  1 41  4  6 17  9 14 54  8 10 63 14 13  1  6  8 95
 9  8 59  4 10 22 14  3 46 15 14 10  3  7  1 12 13 21  6 11  3  5 15 84 10 12 93 13  4 59 11  6 78  8  1 73  2  5 59  1  2 42  7  9 63
 8 14 72  2  9 80 11  8 12  5  4 56  1 15 22  9 11  8 13 10 93  7 12 27 14  2 17  3  7 38  4  5 26 10  6 51 12  3 43 15 13 80  6  1 94
 9  1 72 12 11 78  4 12 29  8 13 90  2 10 46 13  5 46  7  4 43  5  3 75 11  2 90 14  7 29  3  6  8  6 15 92 15 14 16 10  9 62  1  8  6
 6 15 89 14 12 44 15  8 41  7  4 32 10  9 10 12  5 85  8  1 16  3 13 23 13 11 91  9  3 46  4 14 35  5  7 17 11 10 93  2  6 45  1  2 93