15 15 15
 4  4 91 14  2 15 12  8 45  5 11 26  3  7 90 10 12 53 11  1  7  7  9 78 13 10 94  8  5  8  6 13 19 15  3 56  9  6 69  2 14 66  1 15 98
14  7 34 10  5  1 15 15 40  1  6 74  5  2 43  6 10 73  7 13 96 12  9 80  2  4 87  8 11 78  9  3 88 13 14 90 11  8 49  4  1 85  3 12  3
 2  1 88 15 12 98 14  5 82  9  9 46 11  8 79  5 15 69  1  2 95 13 11 41  6  3 39  3 10 12 12 13  1  7  6 71 10  4 27  8 14 77  4  7 99
15  2 50  6 15  1  5  3 21  4  7 72 11  1 46  8  5 20  2 12 62 12 14 33 14  9 79  7  8 56 10 13 67 13  6 23  3 11 56  9 10 44  1  4 56
15 14 15  2  9 15 14  8 16  7 11 79 13 13  8  5  3 73  6  7 86  3 15 52 10 10 79  1  2 62  4  6 93  8  4 86 12 12 44  9  5 80 11  1 18
10  2 79 12 11 63 15  3 94 11  8  9 14 12 86  8  6 89  9  1 12  3 15 66  2 10 55  1  9 70 13  5 35  6 14 14  5  7  3  7  4 54  4 13 62
 4  8 42  8 12 39 12  4 42  9 15  9  5  2 37 10  1 25  2  5 78 13 11 76 11 13 16  7  3 38  1 14 30 15  9 80  6  6 34  3 10 92 14  7 29
15  9 96 14 11 25  6  7 49  1  1 67 10 15 53  9  4 20  3  3 52  4  2 29  2 13 51 12 10 35  7  6 38 11 14 18  5 12 43  8  8 46 13  5 98
 4  5 73  3  7 68  1  4  3 12  1 98  2 12 68  5  9  8  6 11 15 14  8 88  8  6 72 13 15 20 10  3 89 11  2 59  9 10 68  7 13 63 15 14 41
15  6 30 10  3 43 12 14 80 14  9 64  2  4 14  6 12  6  4  2 36  5 15 88  1  5 71 13 13 51  7 11 63  3  1 32  9 10 16 11  7 63  8  8  7
15  6 18 13 13 90  3  5 55  6  9 25  5  8 72  2  4 92 14 15 88  1  2 69  9  3 89 11 10 83  8 12 58 12 14 35  4 11 79  7  7 43 10  1 86
 5  4 50 14  6 64  4  2 88  2 13 57 12  3 25  9 10 73 10  9 18  8  7  4  1  1 69  3 14 40  7 11 28 11 15 37  6  5 42 13 12 82 15  8 83
12  2  2 10  1 41  2  7 13  9  8 75 13  9 31 15  4 66  3  3 72 11 11 66  8 13 96  1  6 45 14 12 29  7 14 49  4  5 96  6 10 50  5 15 38
 2  9 80  5  4 90  6 14 36  7 13 50 12 10 76  4  3 15 10  7 31 11 11 89  9  1 87  3 15 55  8 12 49 14  8 23 15  2 19 13  5 38  1  6 93
14  8 75  3 15 45  5 11 75 13  9 72  8  7 65  4 10  6  9  1 16  1 12 24 12  6 24 15  2 44 10 14  4  7  3 22  2 13 99  6  5 10 11  4 85