20 15 15
 2  2 70  7  8  6 11  1 29 15  3 55  8 13 14  6  9 33 14 15 66  5 14 14  4  5  7  9  7 57  1 11 55 10  6 18 13 12 62  3  4 46 12 10 92
 1  9 30 10  6 53  4  4 19  3  1  1  9 10 98  6  5 81 15 12 63 13  3 62  7 15 10 12 11 15 11 13 73  8  2 75  5 14 80  2  7 84 14  8 97
 2  1 42  7  3 61  3  7  6 12 13 60  4  9 24  5 15 70 11  8 78 10  2 11 13  4 35  9 10 38  8 14 61  6 12 90  1  6 74 15  5  1 14 11 60
13 14 76 15 10 84  9  7 72 10 13 17  6  2 27  4  3 86  1  8 84  2  9 71 14  6 90 11  4 27  7  1 13 12 11 98  5  5  3  8 15 57  3 12 66
15 13 38 11  5 58  9  3 80  7 10 24  1 15 50  5  4 76  6  8  6 10 11 12 12  7 26  4  6 14  8  1 35 14 12 38  2  9 55 13  2 33  3 14 42
 9  1 77  3  2 87 10 11 59 13  3 19  4 10 84  1  7 85 14 15 63 15  6 51  6 13 18 12  4 29  8  9  2  2  8 13  5  5  1  7 14 25 11 12 54
 6 10 19  4  9 83  9 14 71  8  3 22  1 12  4 13 11 68  5  7 68  3 15 88 15  1 80  7  8 55 11  4 11 12  6 19 10 13 39  2  2 68 14  5 37
 6 14 38  9  6 98 13  1 11  2  4  3  8 13 33  5  7 43  3 11 19 10 15 90  7 12 56 15  9 83 14  5 76  1 10 97  4  2  2 11  8 76 12  3  1
15  2 25  9 13 65  8  8 88 13  6 56  7  7 75 11  3 48  1 14 40  2 11 19 12  1 39 10 12 40  6 15 43  5  9 99  3  4 23  4  5 74 14 10 39
 1  7 97 15  8 66  3  5 54  6 13 29 11  9 23  5  1  9 10  3 74  8  4 46 12  2 85  7 10 98  4  6 74 14 15 12  2 11 71 13 12 65  9 14 25
 2  9  3  4  3 40 12 14 81  1  6 74 10 13 67  6 12 93  3  2 76 15  4 16  7 10 12  8  5 67  9  1 52 13 15 20 14  8 24 11 11 71  5  7 90
13 12 13  9 15 59  4  6 95 11 11 79  3  2 46  1 14 16  8  7 67 10  4 67 15  9 64  6  3 85  5 13 85  2  1 27 12  5 26 14 10 56  7  8  1
 2  7 64  7 13  1 15 12 29  3 14 66 12  8 32  5  4 35  9 15  8  4  6 26 14  9 94 11 10 94  1 11 62 10  3 42 13  1 60  8  2 56  6  5  7
 2  9  3  5  4  7 10  6 40  4  1 93 12 11 55 15 12 75  9  7 25  1  3 21 14 14 30 11 10 82  3 13  1  7  5 58  6  2 53  8  8 88 13 15 19
 3 11 66  8  6 88  4  9 48  2  4 77  9  7 38  5  2 78 15 13 16 12 10 41 13 12 93  6 14 38 11  1 25  1  8 51 14 15 14  7  5 98 10  3 61
11  4 33  3 12 23  5 14  7  7  9 60  2 15 74 10  1 54  8  7  2 13  6 22  4  3 32 12  8 15 14 10 79 15  2 83  6 11 69  9  5 41  1 13 19
 3  1 61  1  9 26  6 13 66 15 12 85  5  2 34  7  5 15 12  4 59 11  7 75  9  3  3  8 14 80 14 10 39  2  8 69  4 11  6 10 15 73 13  6 65
 4 10 96  1 14  6 12  7 52 15  6 22  6 15 35 11  8 79  5  1 16 14  5 72 10 11 29  7  4 26  9  2 52  2  3 58  8  9 57  3 12 31 13 13 74
 2  1 42  1 15 79  8 13 84  6  9 25 10  7 70  9 12 90 15  3  8 14  6 60  3 10 81 11  5 88  5  8 11  4 14 71 13 11 61 12  2 49  7  4 81
 2 14 52 13  1  3 15  7 57  5 13 66  8 10 88 10  8 42  9 11 23  4  6 72  7  3 97  1  2 91 11 12 50  3  9 43 12  5 82 14  4 62  6 15 27