20 20 20
 2  2 30 19  3 80  5 19 34 16  7 92 17 10 29 20  8 96  1  1 25 11 20 49  6 16 67 15 14 53 14 18 20  8  4 52  9 11 29  7 12 51  3 13 35 12 17 38  4  9 18 10  5 43 13 15 46 18  6 98
 5 13 73  3 16 68  4 15  3 15 14 98  2 12 68  1  8  8 14  2 15 18  4 88 19  5 72 17  1 20  6  6 89 11 10 59 10 19 68 16  7 63 20  9 41 12 17 30  9 18 43  7  3 80  8 20 64 13 11 14
 2  6  6 17 17 36  9  4 88 19 15 71 14  8 51 15 16 63  7  1 32  1  7 16 10 13 63 16 10  7 20 18 18  4 14 90 13  3 55  6  2 25  5 12 72 12 20 92 11 11 88  8  5 69  3  9 89 18 19 83
20 18 58  4 13 35  5 15 79 10  3 43  2 10 86  3  1 50 19  8 64  9  5 88  7  6 57 17  9 25 14 19 73 15  7 18 13  4  4  6 16 69  8 14 40 12  2 28 16 11 37 11 17 42 18 20 82  1 12 83
16 12  2 13 15 41  2 13 13 11  6 75  1 14 31 20  2 66 12  9 72 14 10 66  3  3 96 15  7 45 18 20 29  7  5 49 17 19 96  4  1 50  8 16 38  5 11 80  9  8 90 10 18 36 19  4 50  6 17 76
 4 14 15  8 17 31 10 15 89  1  7 87  6  9 55  7  3 49 15 12 23 17  2 19  5  5 38  3 16 93 20 19 75 13 11 45 14  4 75 19 18 72  2 20 65 12 13  6 18  1 16 11  8 24  9 10 24 16  6 44
18 20  4  4  9 22 12 12 99 10 17 10  5  5 85 14  2 79 17 16  2  9  3 54  1  1 80 19 11  2  2 18 58 20  7 33 11  6 92  6 19 93  7 14 94 16 10 34 15 15 36 13  4 48  8 13 54  3  8 12
18  9 19 14 13  2 17  1  7  5  8 60 12 12 36  8 14 11 13 15 97  7  4 57  9  5 71 11 17 60  3  3 20 19 18 68  1 19 53 10 11 54 16  6 59  2 20 16  4  2 60  6 16 68 15 10 65 20  7 42
 1  6 57 12  2 16  2 19 92 19  5 99  3 13 82 14 12 91 10 16 12  8 10 19  9 20 59 16  9 43 17 18 20 13  1 84 15 15 24 11 11 80  7 17 60 18  3 82  4  8 62  6  7 32  5 14 29 20  4 20
10 17 76  4 12 78  7  3 78 13  2 42  1 20  3 14  1 30  3  6  7  2  4 82 18  9 62 17 16 13 19 14 84 20 15 22  5 11 78 12 19 80 15  5 58  8 13 53 16  7  6  6 10 85  9 18 23 11  8 99
13  7 83 11  5  9 17 16 72 10  9 88 19  3 84  8 12 87  9 17 78  1 20 65  7 11 23  4 14  7 16  6 35  2 15 94  6  1 33  5 13 10 18 10  6 15  4 85 14 18 88 20 19 18 12  2 94  3  8 92
 7  4 28 19 10 33  9 18 93  5  6 11  8 20 25 18  2 67  1 16 44 15 11 28 12 15 69 20 19 67  4 14  9 11  8 82 10  7 43 17  3 53 13 13 48  6 12 39  2  5 52 14  9 75  3  1 81 16 17 44
18 16 24  5 13 44 17  8 58 13  9 73 20 10 30  2  3 25  3 17 21 19  6 14 12 20  6  4  4 41 11 11 19  7  7 21  6 18 36  8 12 72 10  1 96  1  5 32  9 15  5 14  2 46 16 19 61 15 14 82
15  9 91 12  1 42  2 14 97 10 11 65 13 10 78  8 17 40 11  3 93 20  2 64  3 13  8 18  4 56 14  8 10 17 16 93  9 20 28 16 18 77  6  7 87  4 19 26 19 12 33  1  6 17  7 15  2  5  5 35
 5  9 15 11 11 45 20  6 96 19 18 11 17  5 95 12 10 39  6 14 22 16  1 73  2  4 79  8  8 64  3  3 79 15 17 88 14  7 65  4 13 24 18 19 38  1 12 17 13 20  3  7 16 73 10  2 59  9 15 92
 3 17  3  4 19 28  8 20 17 19 13 71 15 16 91  7  5 17 13  6 69  1 12 69 10 18 51 14 15 40  5  4 93 17 11 82 11  3 47  6  2 42 20  7 59 12 10  7 18  9 43 16  1 83  9 14 45  2  8 83
 4 20 67  3 14  9 16 12 37 10 16 62 19  5 82 12  1 69  8  3 34 18  7 39 17  8 15  9 11 84 20  9 32 14 18 72  1  6 68  7  2 95  5  4 70 11 17 80 15 13 78  2 15 80  6 19 30 13 10 44
 5 18 13 11  5 96  9  1 26  2  6  4 13  8 89 19  3 98 18 10 83 16 15  8 12 16 70 20 14 68  4  9 37 15 12 20 14 17 35  8 20 99  3  2 27 10 11 12  6  4 73  7 19 92  1 13 98 17  7 75
14 11 75 16 16  1  6  1 35 15  9 73  4  8 35 19 17  6 18  5 38 11  3 34  3 10 70 20 18 51  7 15 16 13  6 78 12 19 58 17 12  9  8 13 97  1  2 55  5 14 38  2  7 65 10  4  1  9 20  8
 4  4 27 14  8 36 19  6 50  9  5 21 12 14 32 10 10  6 18 11 34 13  1 84 17 19 50  1 16 39  3 17  4 15 13 94 20 15 49  8 20 20 11  3 98  2 18 64 16  2 41  5 12 29  7  7  4  6  9 90