20 20 20
 8  8 86 14 17 43 18 14 61  7 15 99  9 18  7 12 16 70  5 10 21  4  5  2 13  7 88 19  1 38 10 13 65  3  3 81  1 19 38  2 12 51 11 11 81 17  4 37 16  6 72 15  2 94  6  9 44 20 20 99
 8 16 80 18 12 66 17 10 90 11  3 83  1  5 89 16  9  7 13 14 55  2 13 17  3  4 13 10 18 45 19  6 28  6  7 73  4  8 44  7 19 65 20  2 50 15 17 84  5  1 70 12 15 71  9 20 32 14 11 91
12 17 90 18  1 43 20 15 37  1  8 71  3 14 64  5  6 88  9 18 27 15 13 30 11  5 34  4  2 99  6  7 10 13 11 44 19  4 99 16 12 94  2 20 96 17  9 98  7 16 44  8 10  7 10 19 33 14  3 59
 3  1 34  8 18 52 18  9  5 13  2  4  2  8 84 17  3 54 14  4  3  7 16 97 20 19 39  4 14  9 19 10  9 12  5 91  6  6 60  1 17  4  5 12 63 15 20  3  9 13 35 11 11 79 16 15 66 10  7 97
 4  1 52  6  8 51 13 13 72  1 16 24 11  9 96 18  3 54 17 14 51  3 10 61  8  6 92  9 12 81 10 15 74 19  5 49 20  7 24  5 17 59 14  2  4 12 18 21  2 19 78  7  4  2 16 11  3 15 20 49
10  1 42 14  4 47  7 12 10  1 13 27  8 10 38 19  2 92 13  5 88 18 18 16 20 14  3 11 17 56  4 11 80  5 16 10 17  6 26  2 20 78 16  9 69  9 19 91  3  7 82 12  3 77 15  8 73  6 15 96
 8 10 19  4  9 38  6  6 83 18  8 50 15 16 31 20 15 87  9  4 67 10 13 99 14  5 69 12  3 77  2 17  4 13 19 31 17 18 96  1  1 77  3  2 80 19 14 68 16 11 74  5 20 86 11 12 30  7  7 54
16  8 25 17 16 47 13  5 10  6  9 16  5  3 83 10  2 62 19  7  3  4 17 38  9 12 87 20 14 19 18  4 98  7 18  2 14 15 58 12 10 30  1 11 22  8 13 55 15 20 80 11  1 69  2 19 77  3  6 40
 3  7 17  6 16 98  7 14 25 20  1 41  5  6 62 19 18 28  2 11 52  1  8  5  9  9 25 10 15 37  8 20 93 13  4 63 14  3 23 15  2 58 18  5 92 16 10 70 17 13 90  4 12 29 11 19 26 12 17 69
20  7 41  1 10 65 18 15 34 15 13  4  8 18 73 12  3 79  9  5 58  7  8 14 13 16 97  5 12 71 11  9 97  3 14 95 17  2 58 14 19 12  4 20 17 10  4 66  2  6 78 16  1 68 19 17 69  6 11 53
11  4 27  5 18 83 15 15 20 10  9 12 20  2 86  7 12 34 19 13 36  1 17 28 14  3 63 13  8 37 17  6 23  6  5 50  8 20 90  9 19  5 18 10 17  4 16 80  2  7 35  3  1  4 16 11 41 12 14 81
 5  3 85 19 10 92 13  1 90 16 17 95  4 12 19  9 16 59 20 15 94 10 19 75  6 11 75  7  8 47 17  6  9 15 14  6 11  5 43  1  4 30  3 20 88  2  2 19 18  9 10 14 18 76 12  7 58  8 13 29
 5  2 23  6 15 87  7 16 50  8  5 76 12 18 26 11 14 28  1 12 36 18 20 35  3  8  4 10 17 32 15  1 22 14  6 74  2 13 52 17 11 13  9 19 14 20 10 61 16  7 47 13  3 87  4  4 73 19  9 64
 6 20 80  1  3 43 18 19 45 15 17 92  9  6 68 13  7 66  3  5 60 10 13 37 19  1 60  7 12 51 20  2 41  4 15 61 14  4 98  8  9 59  5 18 95 16  8 38 12 10 67  2 14 12 11 11 95 17 16 22
11 14 57  2  2 96 16 20 11  6  5 25  9 13 69  5  6 59 10 12 45 14  3 52 15 11 85  3 18 26 18 16 91  7 10 57  4 15 30 17  7 32 20  9 58 12  4 40  8  1 11 19 17 19  1 19 19 13  8 82
 2 16 81  6 20 83  3 15 77 17 11 45 12 13 63 18 12 95 15 18 25  9  5 48 10  7 27 19 10 56  5  2 54 13 17 82 16  4 32 20  9 99  8  3 41  1  6  1 14  1  2  7 19 61 11  8 23  4 14 26
 2 18 47 19 10  9  3 16 90 15 20 28  6  8 68  9 17 23 11 15 66  7 19 46 20  7 75  5 14 96 14  6 68 10  9 60 17  4 46  8 11 35 12  2  9 13  5 89 16  1 96  1  3 42  4 12  2 18 13 86
12  5 90  4 17 52 15  6 10  8 20 25  2  4 59 14 13 55 19 11 30 10  9 33 20 12 18 13 18 80  9 15 73 16  3 41  5 16  9  7  8 64 17  2 79 18 19 31  3 14 79 11 10 44  1  7 14  6  1 73
11  8 59  3  3 57 18  5 67  8 19 47  9 18 13 19 17 35 14  2 72  7 14 74  6 10 56 17 15 85  1  7 52 16 20 25  2  6 92  4  1 92 13  4 81 12 12 76 10 16 91 15  9 93 20 11 36  5 13 88
 9  9 28 17 11 89  1 14  3  3  5 75 12 15 31 11  2 87 20 13 66 18 19 67  8 20 34 15  3 19  4 16 30  5  8 91 14 18 53 16  6 81  7  7 13  6 10 15  2 17 59 10  4 17 13 12 85 19  1 11