30 15 15
 5  5 96 13 15 47 10  7 40 12  6 68  6 12 49 15  3 91 11  1 57  1  4 81  3  2 87  2  8  6  8 10 82  7 13 47  4 14 97  9  9 94 14 11 75
 1  9 42 10  6 55 15 15 82 13  2 61  2 11 67  5 14 79 12  1 39 11  8 43  7  5 62  4 12 41  3 13 78  8  3 36  9  4  8  6  7 21 14 10 91
 1 15 52  6  3 28  4  7 48  9  9 25  8  6  2 15  8 98 13  4 95 14 12  7 10  2 68  5 10 96 11 13 72  3 14 50 12 11 68  7  5 54  2  1 37
 7  8 81  6 15 59  4  3 46  5  1 61 15  9 43  9  6 71 13  4 24 11 13 71  8  7 30  3 11 87  2 12 86 10  5 10 12  2 10  1 10 93 14 14 94
 9  7 30 14  1 71 11  4 65  1 13 13  7  2 30  3  6 22  8 10 46 13 14 70 12 12 88 15 15 78  2  9 79  6 11 57  4  5 71 10  3 58  5  8 36
 6 13 68 10  9 32 14 15 32  3 11 15 12  2 98  1 14 95  8  5 57 15  3 66  5 10 43  7  6 31 13  4 34 11 12 60  9  8 73  2  1 56  4  7 40
10 14 27 11 15 42  8 13 24  9  2 12  2  7 22  5 10 57  7 11 93 14  3 58 15  6 67 13  9 64  1  4 30  4  8 16  3  5 21 12  1 19  6 12 33
 8  2 43 10  7 51 12 13 53 14  9 62 11  5 58  2  4 38  6  8 84 15 11 65  9 15 87  3 10 26  5  6 95  7 12 61  1  3 77 13  1 49  4 14 49
11 12 93  4  8 81  3  3 55 15  2 59 13 13 70 14 11 68  9  4 97  7  6 57 12  5 48  1  9 92  2 14 82 10  7 89  8 15 87  6  1 13  5 10 54
12  3 60  4 11 33 11 13 66  2  2 96  1 10 23 15  4 36 14  1 28  3 15 53  6  9 78  5 12 78  8  7 94  7  8 72 10  6 47  9 14 28 13  5 87
 6 13 98  3  2 89 10 12 27  9  3 34  4  4 88  5 15 15 11  5 64 13 10  5  2 14  4 12 11 63 14  6 69  8  8 82 15  1 29  7  9 53  1  7 69
14 13 97 15  7 87  2  4 50  1 14 68 10 15 76  3  2 74  5  9 89 12  1 15  4  5  5  6  6  2 13 10 79  7 12 59  9  3 93 11  8 19  8 11 86
 2  7 60 15  1 47 13 10 13 10  9 62  6 13 95 12 14 67  4  2 89 11  3 11 14  4 29  5 11 52  1 12 62  3 15 31  9  5 51  7  8 55  8  6 39
12  4 76  5  1 92 14  9 85 15  8 20  8  6 61  7 14 14  3 11 62 10 10 52  2  3  5 13 12 63  1  5 29  6 13 85  4  7 79  9 15 52 11  2 51
 7 15 61 14 12 45  1  2 93  6  1 51 12 11 97 10  7 46  4  9 88 13  5 28  3  4 57  9 10 45 11  8 23  5 14 91 15  3 66  2 13 73  8  6 41
 9  2 49  5 15 58  8  4 32 14  3 30  7  6 59 15 14 57 10  9 14  2  5 33 13  8 14  6 12 59  3  1 41  4 11 59  1  7 50 11 13 67 12 10 53
 8  6 94 12  4 52  3  9  7 13 10 51 11 15  8  2  5 99  6 12 97 15  3 66  4  2 98  9 11 58  7  7 52  1  1 43 10  8 80  5 13 23 14 14 18
 7 14 97  9  5 57 10  6 72 14  4 97 11  9 12  4 11 70 15  1 33 13  7 72  8  8 14  2 12  2  5  2 99  1 10 30  6 15 18  3 13 95 12  3  2
13 12 64 11 10 75  8 13 63  5  8 14  2  4 55 12 15 10  1 11 89  7  1 89  4 14 24  9  3 32 15  7 70  6  5 79  3  9 71 14  2 42 10  6 14
10  7  1  6  1 82 13  5 27 12  2 22  3 15 44  8  6 97  1 12 76 14 14 16 15 10 27  2  3 24  7  8 98  9  4 25  4 11 82 11 13 75  5  9 15
 8  4 26  4 15  4 14  9 18  9  5 51  7  8 47 12  1 27  3  7  6 15  3 84  5 12 72 10 11 29 11  2 91  2  6 76  6 13 78  1 14 36 13 10 93
 1 11 35  2  4 39  3  5 89  7 13 53 15  2 85  6 14  7  4 12 90 13  1 16 11  3 70 14 15 49  8  8 73  5  7 13 10 10 12  9  9 89 12  6  9
 2  6 56  4  9 40  7 12 51  6 11 47  3  3 77  9 13 65  1  4 84  8  2 93 11 14 54 15 10 66 13  7  6 12 15 36 10  8 87 14  5 41  5  1  7
 7  7 56 12  4  1 10  9 57 14  6 45  4  3  3  1 12 14  2  5 74 11 14 29 13 10 65  3  1 43 15 15 13  5 13 42  8  2 67  6 11 45  9  8 78
 3 15 81  4  4 72  1  7 99  5 12 52 10  5 69  2  9 39 13  3 74  6 10 47 11 13 29  9  8 73 14  2  6 15  6  5  7  1  2  8 14  8 12 11 25
 8  3 17  5 15 64 10  1 97 12  7 94  4  9 99  6  6 68  2  5 36 11 13 21 15  8 22 13 14 61  9  2 43  3 11 93 14 10 82  7  4 91  1 12 86
10  7 20 13  9 28  8 14 98  6  6  7  3  3 18 11  4 37  5  2 60 15 12 47  9 11 62  7  1 75  2 15 42  1 13 52  4 10 97 12  5 46 14  8 98
11 15  9 15 12 15 12  4 85  1  7 55  5  9  7 14 14  6  2  3  3 10  6 27  8  5 11  7 11 31  6  8 90 13 13 81  4 10  5  9  2 86  3  1 30
14 15 53 15  8 87  6 12 93  5 11 62  7  3 19  2  6 12  1  2 53 13  4 73 12 10  4  4  7  1 11 14 65  3 13 35 10  9 65  8  5 23  9  1 40
15 15 13  7  5 22  9  9 34  3 14  5  8 13 68  6 11 81 12 10 53 11  3 66  5  4 96  1  1 50  4  6 40 14  8 70  2  7 92 13  2 13 10 12 43