30 20 20
20 20 49 13 15 91 15 11  1 11 19 37 16  8 32  8  3 69 12 12 56 18 14 65  2  9 45  6 17 66  9 10 17  1 16 72 19  6 38  3  2 64  4  4 20  5 18 68 10 13 71 14  5 51  7  7 17 17  1 26
11 20 59  6 19 43 12  5 90  9  8 51 17 14 96  7 15 62 20  7 35 16 12  6  1 16 54 14 11 81  2  2  3 18  9 80  4  3 94  8  4 39 19 18 37  5 10 21  3 17 52 15 13 51 10  6 36 13  1 89
16  1 57 20 19 90 11  6 34  6  2 37  7 18 60  8  9 51  4 17 27 10  8 29  2 11 53 17  3 20 18 16 45 12  7 16 15 12  2 13 13 24  5  4 34 19 20 18  3 10  2  9 15 75 14 14 78  1  5 46
14 12 33 10 20 15 15  6 68 19  8 19  2 10 43 12  2  7 20  9  2  3 16 19  4 19 15  5 11 58 11  4 80  6 15 48 13  1 49 18 17 82  7 14 63  9  5 26 17  3  4  1  7 38 16 13 62  8 18 41
 4 20 82  3  5 63 11 11 72  9  4 47  2  9 56  5  6 89  6  8 71 16 12 91 13 13 75 12  3 93 14 17 59  8 18 58  1 16 20 17  1 84 18 15 63 10 14 50  7 19 48 20 10 85 15  2 39 19  7 45
20 11 56 12  2 32  7 13 34 10  3 30  8  1 40 19 12 67 14  5 30 15 15 49 16 10 17  1 14 17 17 17 15  9  4 58 13  7 47  4 19 15 11  8 21  2 20 74  6 16 85 18  9  7  3  6 41  5 18 79
16 17  5 11 16 76  6  6 48 10  1 58 20 20 23  1 12 44  9  9 63 19  7 56 13 15 59 14 18 72  7 11 34  5  2 82 18  5 86 15 13 43  8  8 70  3 10 41  2 14 97 17 19 57  4  4 38 12  3 24
20 12 59  6  5 34 15  7 66  4  6 20  5  2 13 13 20 88 16 18 95 14  9  6  7 19 68 19 13 41  8  8 51 10 11 20 12  4 80  2 10  1 17  1 43 11 17  6 18 15 37  1 16 34  3 14 72  9  3 62
13 18 55  6 15 59 20  9 53 11  2 74  9  3 77 12 10 72  1 19 76 18 20 95  5  8 66  7 17  2 14 16 26 10 12 53 17  6 41  4  4 28  3  5 26 15 13 69  8  7 74 16  1 60  2 14 79 19 11  5
10 17 63 16  5 94 13 10 86  6  4 97  4  1 94 14  2 82 20 16 88  9  8 25 17 20 10  5 12 72 19 14 39 18 13 49  8 11  5  3  7 38  7 18 85  1  9 42 11 19 89  2 15 22 15  3 34 12  6 18
 2 16 62 20 15 65 19 19 25 11 10 74  7 20 48  3  9 73 16  4 92 15  6 69  8  1  2 18 11 17 12 18 79 14 13 81  6  2 55 13 17 37 17  8 79  5  5 95  1  3 94 10 12 31  4  7 16  9 14 44
12 10 53 20 11 14  3 12 77 18 20 92 15  2 32  8 15 47 16  5 93  5  7 41  6 18  6  1  8 71  2  9 69  9 14 70  4  6 96 11  3 11 14 16 39 17 17 10 13 19 15  7  4 39 10 13 98 19  1 29
 7  5 25  6 14 80  4 12 38 12  8 44 14 20 78 15 18 39 10 10 29 13 15 40  9 17  5  1  9 47 20  1 61  2  4 47  3 13 63 19  7 80  5  3 46  8  2 76 16  6 15 18 11 54 11 16 21 17 19 25
 3 17 53  7  4 99  5  7 44 13 14 54 18  2 89 17 11 75  1  3 26 11  5 58  8 12 30  4  1 17  6 10  3 19 18 17  2 13 14  9 19  1 10 16 60 20 15 49 16  8 76 12  6 83 15 20  9 14  9 32
10 14 22  6  6 10  2  9 94  8  7 54 12 16 91  1  4 99  9 11 91 13 18  8  3 17 39 20  2 59 11 19  3  7 12 55  5 20 29 16  8 37 14  1  6 19 10 64 15 13 81 17 15 84  4  3 29 18  5 95
15  9 72 12  7 67  6 18 29 11  5 57  5  6  9  4 19 40  2 15 78 14  3 99  8 10 53 16 17 66  3  4 85 18 14 31  1 11 42 20  1 83 19  2 46  9 13 27 10 20 47  7 16 60 17  8 67 13 12 47
 3 20 45 13  5 44  6  1 83 14  3  8 18  2 60  5 11  2 15  4 10  8 16  3  7 10 29 12 17  9 20 12 37  1 13 29 17  7 22 11  8 97 16 19  6  4  9 41 10 15 81 19 14 74  2  6 62  9 18 95
 6 20 92  5 18 37  3 13 32 16 12 28 11  7 29  4 15 62 15  5 93  8  1 30 20  4 92  1 10 45 12 17 35 18  6 77  9  9 46 13 11 47 17 14 46 10  3 81  2 16 43 14  2 43  7 19 30 19  8 18
 5  1 49 10 11 86 14 19 20  6 17 90  9 18  4  7  6 44  8 12 72 18  5 22  1  7 90 13  2  1  2 20 30  4 13 71 17 15 77 16 16 62 20 10 48 11  9 25  3  3 89 12  4  6 19  8 95 15 14 44
15 14 62  4 17 63 17  4 92 11  7 16  7  9 20  3  2 69  6 10 65  1 16 81 14  8 21 13 12 54 10 11 97  8 13 79  9 18 37 20 20 97 19  5 93  2  6 55 18  3 70 16 19 60 12  1 36  5 15 57
18  5 76 14  7 54 17 11 76 16  3 36  6 14 93  5 10 67  4  1 35 12 17 37  1  2 44  8 15 88 11  4  3  3 18 22 13  8 73 15  9 65  2 16 26  9 12  3 20 20 99 19 19 78 10 13 38  7  6 30
 3  4 77 10 19 82 18  9 66  5 14 75  8 15 95  6  8 72  1  6 76 19 17 52 20 16 72 14 20  4 12  2 70  2  7 76  9 10 61 16  5 88 17 13 39 13  1 36 11  3 88  7 18 69 15 11 58  4 12 14
13  4 65  5 19  8 19 13 90  2 14 57 20 20 73  6  8  2 15 15 62  9 12 48  1 18 76 11  9 87 16  6 53  7 16 23 18  7 76  3  2 74 12 17 99 17 11 34  4  5 71 14  3 27 10  1 87  8 10 46
14 11 76  7  6 54 12 17 75  6 19 69 18 13 44 17  9 26 20 10 63 11 20 75  1 16 78  5  8 78  4 18 39  2  2  7 10  1 73 19 14 27  3  5 55 15  3 23  8 12 55  9 15 29 16  4 56 13  7 36
15 17 17 10 10 42 14 15 56 12 14 84  3  6 44  6 18 74  7 20 62 18  8 55  9 13 55  5 11 31 13  5 71  1  9 11 16 12 16  2 19 29 19  1 50 20  7 72  4 16 64  8  2 42 17  3 28 11  4 70
10  2 76 19  7 56  7 11 78  9 13  2  2 14  6  5  6 71 17  4 19  8 10 69 13  1 30 11 18 87 14 15 57 18  8 33  6  3 87  3  5 68  1 17 24 12 12 31 20 19 56 16 20  5 15  9 19  4 16 82
 3 12 64 20 11 36 16  1 19  9 10 90 15  6 65  4  8 80  5  7 26  2  2  2  7 20 52 12  9 72 18  4 17 13 14 29 14 17 60  6  3 16 10 15  6 17 18 91 19  5 79  8 13 43 11 19 99  1 16 26
20 11 82  2  4 80 18 16 60  7 13 93 14  5 54  3  8 24 13  9 87  9 17 63  1 18 59 10  7 85 12 20 13  4 19 32 11  3 93  5  1 33 16 14 15  8  6 48 17 12 72 19 15 23  6 10 97 15  2 76
18 20 61 15  4  6  7 15 87  6 11 74 19  5 67 17  1 44 14  2 63  1  7 12 20 16 81 10  6 61  3 17 26  8  3 23 11  9 76  9 13 93  5 19 97  2 14 75 13  8 76 16 12 46  4 18 66 12 10 54
20  6 77  8 20  6  9 17 62  1  7 22  5  5 81  4  4 44 19 16 28 10  9 97  6 10 16  3  1  7 13 14 34 12 15  3 14  3 93 18 12 12 16  2 35  7 19 88 15 18  9 11  8 93  2 11 87 17 13 51