30 20 20
 3  3 96  9 12 26  7 20 33  1 15 19  5 14 43 16 19 17 17 18 26 14 10 66  6 13 84 13  2 56 11  5 83  8  7 66 15 11 74 20  1 24  2 16 85  4  9 47 19  8 88 18 17 97 10  4 41 12  6 77
 1 10 70 11  5 46 14  7 90  4 20 61  3 12 24  8 16 63  2  2 95 17  3 34 10 15 47 18  9 50 19 18 62 16 14 10 12 11 66  9 13 52 20 19 49  6  8  4  5 17 94 13  4 38 15  6 93  7  1 84
 1  6 48 20 20 60 12  7 15 10  1 25 16 10 21  4 11 99 14  8 56 19 18 32  2 12 31  6 15 36  8 17 74  7  3 72 11 13 91  5  9 29 15  4 34  9 16 50 13  5 21  3 19 36 17  2  1 18 14 30
 8  6 50 20 11 84 11  3 74 12 17 35 10 10 86 15  7 42  7  2 31 13 14 62 17  4 82 14 15 66  6 20 39 16  1 48  5  9 98  4 16 99 18  5 48  9 19 77  2 12 31 19 13 51  3  8 44  1 18 41
 1 18 90  7  9 27 12 12 30  2 19 68  4  5 25 17 11 94 20 16 66 13 10 48 11  6 47  8  3 16  6  4 90  3 15 23 16  2  5  5 17  3 19 14 10 15 13 37 10 20 74  9  7 28 14  1 25 18  8 86
18  9 32  9 18 76 20  7 29 17 20 60  1  5 60 13  6 21 14 11  2 15 16 65  4 12 22  3 15 36  2  8 80 11 14 61  8  4 55 10 19 84 16 13 99  5 17 25  7 10 68 12  2 80 19  1 67  6  3 50
19  1 90  2  7  9 10 10 28 12 19 38 18 18 36  1 15 19  3  9  4  7 13 46 17  4 84 11 14 71  5 17 60 15 12 23 20  8 63 13  5 77 16  2 72  8 20  2  4 16 63  6 11 24  9  3 60 14  6 99
15  7 96 10  9 78 12  4 79  9 12 90  3  3 63 17  8 80  5 14 10  2 18  2 20 11 67  7 17 96  1 19 69  8  5 13 16 10 42 19 20 54 13  6 76 18 16 32 14  1 75  4  2 52  6 13 98 11 15 16
 4  9 31 15  5 80 10 17 77  1  7 56 12 13 85 11 10 95  5 18 59 13 15 46  6  6  4 17 11 85  3  4 42  2 14 14 14 12  4  8 16 40 18 19 40 20  3 48  7  8 90 19  2 82  9  1  4 16 20 87
14  1  3  8 17 53 10  7 33  1 13 93  4  9 62  9  4 17 12  8 65  5  6 23  6 12 10 15 14 44 16 11 49  7  2  2  3 20 54 18  5 25  2 16 42 11 18 57 20  3 23 19 15 16 17 19 76 13 10 12
 5 19 68 18 12 54  3  3 75  9  9 29 12  4 29 20  5 98 19 13 17 14  8  4 13 15 10  4 18 71  2 14 26 11 17  3  6  6 51 16  7 79 15 11 30 10  1 58 17 20 76  7 10 81  8  2 63  1 16 60
 7  5 98  1 17  6 13  3 66 19 20 53  2 19 60 15  8 93 20 15 52 17 13 68 11  6 81  9 11 51 18  2 85 12  4 74  3 10 12 14  7 23  8  1 43  5 12 98  6 18 26 16  9 51  4 14 22 10 16 26
 3 20 90  8 17 35 14  4 76  1 10  7 20  3 67  5  8 10 10  5 41 12 14 41 17 13 18  4  7 41  6  1 35  7  6 13 15 12 30 19  2 28 13  9 32 16 18 95 11 19 92  2 16 71 18 15 76  9 11 78
15  9 31  4 20 64  7  1 21  8 10 72  9  5 78 13  7 88 16 19  4  6 16 74 17 18 26  5  4 11  1 14 41 18  3 93  2  8 32 19 11 74  3  2 18 20 13 37 11  6 28 12 12 47 10 17 98 14 15 65
19  3 10 12 12 37  3  7 99  4  4 28  6 10 84  5 18 92 16 17 12 14 19 72 20 15 84  7  6 90  2 20 35 15  1 40  1  8 63 13 11 29  9  9 89 10 16 16 17  5  4  8  2 38 11 13 22 18 14 84
11  5 41 14  9 38 17 11 71  9 20 65 18 19 86 12  6 30  8  3 57  6 16 71 15  7 24 16 17 10  7  4 78  4  2 74  1  1 16 20 10 25 19 15  6  3 12 75  5 18 68 13  8 67  2 13 69 10 14 56
 3 19 46 11  3 79 20 16 36  8 14 13 19  5  3  5 12 57  7  6 79  6 13 53  1  4 11 12 17 45 14 10 39  2 11 87 10 18 25 13  8 62  9  7 32 17  1 13 15 15 22  4  2 93 16  9 90 18 20 90
 2 15 64 14  8 70 12  3  9  3  7 92  4  4 15 19 18 32 18 10  6 10  9 96 17  2 51  7 13 87 13  6 49 16  5 75  1 17 84  5 14  1  8 11 10 15 19 39  9 20  3  6 12 89 11  1 13 20 16 21
19 16 45 11 11 40 13 18 14 17  2 69  2 20 45 12  4 98  9 13 90 20  5 19 10  7 40 18  1  2  6 19 47  3 17 70 14  9 46 15 15 70  8 14 93  7 12 70 16 10 93  1  8 33  4  3  9  5  6 85
 8  8 13  9  3 85 15 20 32 12  1 30 11 14 70 14  5 61  7  6 42 17 18 41 20  9 92  3  7 87 19 17 36  4  4 58  6 11 66  5 19 70  2 12 21 13 13 22 16 10 41  1 15 88 10  2 91 18 16 94
12 20 19  7 19 51 18 12  8  9  4 94  5 14 72 13 18 99  2  6 18  1 17 39 20 16 30 10 13 61 17  8 19 19  1 74  3  5  2  4  2 77 11  7 66 16  9 28 15 15 23  8 10 14  6 11 92 14  3 90
17 18 96 20 10 92  5 13 34  6 15 10  4  3 68 19  6 94 16 20 62  9  7 83 14 11 26  1  5 87 11  1 29 15  9 95 12 16 30  2  8 49 13 12 43  3 19 85 10 14  1  7 17 60 18  4 80  8  2 48
 4 15 42  5 19 14  3  1 55 10  2 97  8  9 65 17  4 63  1 10 74  6  6 63 14 18 67 12  8 48  9 20 63 15 16 81 19 12  8 11 14  7 18 11 22  7  5 43 13  7 53 16 13 22  2  3 93 20 17 89
 8  5 14  3 20  2 15 19  8  6  3 22  7 18 93 10 17 59 11 15 15 16 12  9  4  8 10 17  4 81 19  2 85 13  1 62 12 13 70 18 10 64  1 11 93  9 14 26  5 16 30 14  7  6 20  6 86  2  9 27
18 20 10 12 11 39 19  1 56  8  9 23 13  5 44  5 10 93 11  6 90  4  2 99  9 13 80 14 12 47  3 14 38 10  7 15 16  4 41 20 18 26  7  8 48  2 16 52 17 15 75 15  3 65  6 19  4  1 17 57
 2 14 46  5 12 78 11 15 10  8  2 13  1  3 32 10  4 63 15  6 71  6  7 66  3 11 40 19  5 13  7 16 50  4 19 97 20  9 41 17  1 95 12 18 58 13 20 57 16 10 63 18 13 42 14  8 56  9 17 31
11 20 88 15  6  2 13  9 34  7  8 19 19 10 86  3 13 90 14  1 84  9  2 40 10 15 52 20 18 66 12 14 76 16 17 62 18  4 27  8  7 28  1 16  5  6 11 72 17 12 54  4  3 46  2 19 57  5  5 66
15  5 98 14 16 44  2 11 33  6 13 20 18  9 74  3 19 30  5 14  4 19  7 88  4  4 19 13 10 85 20  6 81  1  1 29 11 15 72 10 20 79 12  3 54  9 17 37  8  2 95 16 18 11 17  8 11  7 12  2
 6  8 48 12 20 34 17  1 25 13 18 26 16  4 53 11 15 97  1  3 26  3 11 23 15  7 36  5  6 17  9  5 65  2  9 97 19 13  5 10 19 13 18 12 71  8 14 32 20 17 26  7 10  6  4  2 47 14 16 57
20  5 22 15  8 87  5 13 89  9 12 41  1 19 70  2 17 35 16  3 95 10  9 62  4  4 57 13  1 52  7  6 18 14 11 94 18 20 60  8 15 34 12  2 87 17 16 22  6 14 96  3 18 59 19 10 81 11  7 90