50 15 15
10 10 14 11 12 79  4 14  6  9 15 35  6  2 42  8 11 64  5  9 51  1  4 67 13  6 13  2  1  9 14  8 46  7  5 84 12 13 60  3  3 10 15  7 34
 2 10 45  8  3 42  9  9 95  3 14 97 10 11 43 15  2 40 13  1 25  5  4 22  4  6 57 12  5 15 14  7 59  1 12 33  6  8 83 11 15 72  7 13 27
 3  1 15 14 11 92 12 15 82  5  5 76 15 12 87  9 13 93 11  8 30  4 14 96  7  2 21  6  6 76  8  9 61  2  7 62 10  4  7 13  3 21  1 10 38
11 12 36 13  8 96  8  7 77  2  5 97  6 11 26 15 13 13  5  4 90 10  1 60  3  2 91  4 15 86  9 14 74  1 10 64 12  6 42 14  3 93  7  9  1
 6  5 27  4 11 61  8 15 87  1 10  2 10  4 30  7  2 47 12  3 58 11 12  5 13 13 83  5  1 72 15  8 71  3  6 52  2  9 48  9  7 54 14 14 27
 4 11 44  1  3 66  7  7  1  3  4 12  5 14 21  2 15 24  6  8 19 15  6  6 11  9 31 14 13 50 12  2 84 10 10 34  8  1 59  9  5 64 13 12 53
14  2 51 11  1 48 10 14 39  9 15 75  2  7 13  7  4 94 15 10  5  1 13 73 13  6 38 12  3 28  8 12 77  3  5 40  4 11 45  6  9 89  5  8 89
15  8  5 12 10 35 11 11 87 14  1 48 13  4 25  7  6  4  5  3 76  1 12 22  8 14 92  6  2 77  3 15 86  2 13 35  4  9 43  9  7 75 10  5 61
 8  9 49  3  7 41  9  1 80 11 15 26  2  3 18 15 12 30  6 14 43  5 11 50  1  8 26 13  4 23  4  5 22 10  6 70  7 10 44 14  2 53 12 13 41
13  4 41  6 13  3  5  7  5  8 15 30  4  6 93  2 12 76 12  5 86  9  2 20 15  9 72  7  3 66 10 14 81  3  1 37 11  8 37  1 10 48 14 11 14
10  2 27 12 12  8  9 10 68  6  9  1  5  8 76  7 13 11  3  3 45 13  7 80 15  1 24  2 11 87 11  4 48  8 15 45  1 14 84  4  5 34 14  6  7
 4  3 80 10  2  4  8 10 84  6  5  5  5  9 52 11 12 75  3  7  4  9  1 93 15  4 33 12  6 34 13 15 77  7  8 55 14 14 47  1 13 83  2 11 61
 9 14 63  5 11 67 13  2 28  4 15 94  3  9 58 10 12 55 11  8 24  7 10 98  1  3 91 14 13 91 15  6 17  2  4 37  6  7 40  8  5 11 12  1 18
15  7 43  4  3  7  9  5  3 12  2 67  6 15 35  8  4 39 13 11 81 11  1 99  3  9 70  1 14 28 14  6 78  7  8 88  2 10 80 10 12 41  5 13 68
 2 10 47  5  4 17 15  8 90  4 13 47 11  1  6  7 15 86  6 14 24  3 12 57 12  5 18  1 11 74  9  3 64  8  2  6 10  9  5 14  7 96 13  6 52
 5 12 54  9  4 49 12  8 67  3 14 51 14 13 19  1  1 66  8  7 51 13  9 53  7  2  4  4  3 95 10  6 28  2 10 45  6  5 27 11 15  2 15 11 68
11  9 46 13  6 50  2  2 74  5 14 65  9 13 64  8 10 15 15 15 74 10 11 90  3  3 17  1  7 98 14  4 28  7  1 18 12 12 56  6  8 80  4  5 52
14  5 51 12  7 36 10  6 98 13 15  8  1 12 80  2  9 77 11  3 61  5  4 95  7  1 69 15 13 13  8  2 34  9  8 44  4 14 17  3 11  1  6 10 37
11 11 75  3  2  6 15  7 16  2  6 61  8 15 45 14  3 57  5  5 25 10  8 14  6 10 31  4  9 12  9  4  2  1 14 44 12  1 98  7 13 47 13 12  7
 1 14 49 12  1 71  3  8 34 11  6  5  7  9 90  4  5 51  5  4 18  6 11 66 13  2 56  9  7 49  8  3 38 15 12 44 10 15 21  2 10 74 14 13 47
 2 13 81  5 15  4  9  5 29  3  3 96  4  9 78  8 14 80 13  2 65 14  4 61 10  7 84 15 10 26  1  1 36  6 12 67 12 11 60  7  8 16 11  6 67
 8  4 33 13 15 53 10 12 51  6  3  6  2  1 95  3  8 91 15 11 11 11  9 21  7  7 76  5 14 32  9 13 56  4 10 77  1  5 41 14  6 82 12  2 18
 3  7 47  1  8 18 11  3 80  8 13 82  4 14 21 15  9 24 12 15 67  2 12 68  6 11 81 13  1 49  9  4 39  7 10 29  5  5 20 10  2 79 14  6 38
10  9 82  5 12 70 15 14 56  2  8 66  4 10 16  3  5 62  9 15 27  1 13  6  7  4  1 11 11 88  8  6 45  6  3 27 12  1  8 13  2 87 14  7 41
 1 14 78  9  9 21  3  7 87 11  6 88 14  2 33  4 10 15 13 15 68  2  8 37  8 11 33  5 13 30 10 12 48  6  5 29  7  3 16 15  4 41 12  1 30
14  9 73 15 10 86  8 14 19  7  3 99 12  1 78 13 13 76  1 12  8  2  5 45 11  8 96  9  7 43  5  2 47  4 11  8 10  4 25  6  6 57  3 15 91
 8  5  6 12  9 89  1 14 51  7  7 53  3 15 86  9  3 64 15  1 56  6 13 81  5 12  6 13  4 53 14 11 62  2  6 52 10 10 51  4  2 66 11  8 22
10 14 87  8  5 96  7 12 25  6  1 66 11  4 92  2  9 44 15  7 68 12  8 50 13 11 23  1  3 45  5  6 72  4 10 93  9 13  9  3 15 13 14  2 87
 3  4 95  4 10 16  9 15 64  2  2 72 13  7 32 14  3  4  8  1 51 12 11 52  6 12 35  1  8 77 10  9 39 11  6 72  5 13 65 15  5 46  7 14 67
 9  9 62  5  3 30 13 13 99 12  5 67  4  7 77  8  2  9  1 15 56 11  8 74  7  6 86  2 12 63 15 11 81  3  1 82  6 10 71 10 14 62 14  4 56
 9  3  6  2  1 98  5 12 48  7  6  3  8  2 45 15 13 85  4 15 31 11  4 43  6 10 14 13  9 70  1 14 16 14  8 87 12  7 25 10 11 62  3  5 86
 8 14 92 14  3 98  1  2 91  9 11 30 10 12 35  2 15 29 11  7 80 13 13 99  6  6 25  4  5 53  5  4 49 12  8 97  3  9 34  7  1 98 15 10 13
11 13 34  9  9 66 15 15 83  3  4 78 13  7 10  1  2 95  4 14 64  6  1 43  2 11 65 10  3 37 12 10 73  8  6 33 14  8 45  5 12  5  7  5 18
 2  3 11  3  6 21  6  9 42 10  5 70  8  4 43  5 15 48  1 12 58  4  7 54 15 10  9 13  1 17 14  2 73 11 13 42  7  8 18 12 14 76  9 11 29
12 14 92  3  2 89  5 12 28 15 10  8  7  6 13  6  5 92  8 13 13 13 11 45 10  7 47  4  4 36  9  3 44  1  1 67 11  8 25 14  9 77  2 15 43
15 15 88  9  1 36  6 10 13  8 13 65 11  9  9 14  6 45  2 11 89  1  3 79 10  8 99  5  5 94  4  7 37  3  2 76  7 12 99 13 14 38 12  4 79
14  7 32  8 10 65 13 11 86 12  4 44  9 14  2  4 15 55 10  8 66  3  9 50  2 12 31  6  3 66 15  5 88  7  6 10  1  1 46 11 13 56  5  2 36
 1  7 55 15  8 78  6 12 55  3 10 62  5  2 65 11  3 97 10 13  9  7 14 47  4  1 56 12  9 92 13  5 21  9  4 66 14  6 40  8 15 20  2 11 97
10 13 81  8  4 43  1  1 72  7 12 71  5  6  5  9 14 56  2 10 84  4  5 53 13  7 98 11 11 76  6  8 15 14  3 84 12 15 48 15  2 65  3  9 19
15  2 99 11  8 23  7  6 14  6  1  3  1 11 25  5 15 95  9 12 53 13  3 22 10 13 31  3  4  3  8  7 86  2  5 40 12 14 66  4 10 80 14  9 19
 4  4  8 12 13 37  5  7 90 15 12 98  6  6 17  9 14 88  7 15 35  3 11 52 10  1  1 11  9 99  8  3 36 14  2 29  2  8 77  1  5 18 13 10 55
 4  9 76  1  7 33 11 14 37  3  4 81 13  2 71  8  6 57  5 13 88  9  5 29  7  3 41 15 12  7 12 10 43 10 15  7  2  1 32 14  8 15  6 11 16
15  4 22  3 10 38  7 13 21  6 11 25  2  7  9  4  6 50 12  1 51 14  3 83  9 12 73 13 14 85 10  8 53  5 15 21 11  2 12  1  9 10  8  5 34
11  9 89  7 14 84 15  1 94 12  2 82  8  7 42 14 12 26  2  3 16 10 10 40  9 11 55  1  6 15  5  8 31 13 15 73  3  5 95  4  4 39  6 13 11
 6 14 52  3 13 71 13  9 75  8  4 11 10 10 77 12  1 75  1  3 68  2  8 55  4  6 90 11 12 21  7  5 62  9  7 23  5 11 95 15  2  8 14 15 66
10 10 91 12  8 45  2  9 44  8  5 23  1  1 47 15 11 60  9  2 36  6 15 81 11 14 24  7  3 60  3  6 62 14  4 13  4 12 88  5  7 38 13 13 46
 8 15 90 11 14 87 10  9 49  4 10 77 14  6 32  5  3 28 13  4 80  6 11 61  9  7 75 15 12 23  2  2  5  7  5 43  3  8 31  1  1 80 12 13 68
 5 11 92 12 14 67 14  8 78 15 12 39  6  6 74  8  9 47  3  5 56 10  4 81 13 13 51  2  7 85  1  3 12 11 10 25  4  1 64  9  2 70  7 15 49
12 11 73 11  8 73  9 15 59  4 10 47  7 14 36 10  7 81 13  2 58  8 12 38  5  9 33  2  3 19  1  5 15  3  1 97  6  6 25 14  4 67 15 13 89
10  3  9  7  6 58  5  8 64  3 10 46 15 11  2  4 12 24  9  9 68 12  7  4 11  4 55 14  5 95  6  1 98  8 13 57  2 15 63  1 14 31 13  2 31