50 20 20
 8  8 32 16 18 13 12  7 32  6 13 51 10  2 74 17 20 73  1  1 48  9  5 13  2  4  6  5  6 59 15 19 33 19 15 18 14  9 85 11 12 13  4 17 57 20  3 82  7 16 71  3 11 32 18 14 75 13 10 50
16  5  6  1 10 64  3 14 34  6  4 60 13 11 49 18  1  3 11 13 59  5  9 47 12 17 15  2 12 77 19 18 24  4 16 78 10  6 71 15  2 19 20 19 65  9 15 88  7  7 23 17  8  2  8  3 32 14 20  5
16  1 69 12 12 26  9  4 30 18 14 90  4  2 43  8  9 17 13  8 23 14  5 62  3 13 17 17 11  4  5 16 18 20 15 70 10 18 19 15 17 15  1  6 17  6  3 84  2  7 54 19 19 17 11 10 55  7 20 81
 7  5 23 17  7  7  2  8 49  8 14 94 12 12 75  6  4 56 15 18 92  5 13 58 18  2 32  3  9 88 20 15 39  4 16 59 19  6 13 11 20 14 10  3 49  1 11 53 14 19 18 16  1 13  9 17 56 13 10 35
14 10 11  9 12 59  3  4 77  1  8 20 20 18 60 12  7 33 10 20 16 11  6 13  8 11 72  2  1 35 18  3 36 13 15 92  7 13 31 15 19 92 17  9 53  5 14 89 16 17 70 19  5 21  6  2 37  4 16 12
10  1 69  6 15 55 15 20 23 18  4 81 13 16 43 12  3 62  4  2 17  1 11 95 14  6 39 11  5 29 19 18 21  2 19 95  9  8 62  8 12 41 17  7 74 16  9 75 20 10  7  7 14 99  3 13 58  5 17  8
16 18 11 13 19 84  5  5 17  3 12 87 15 16 45  6 17 68 17  3 10 19 10 10 12 14 14  9  7 86  8  1 90 11  8 94 14 15  9 18 13 76  1  2 75 20  6 62  2 20 61  7  9 23  4 11 96 10  4 99
11  3 88  1 10 84 19 11 41  2 14 81 17 17  4  8  4  6  9  1 72  4 19 98 14  5 70  7  8 27 16 20  9 10  6 45 20 13 51 12 15 84 15  9 92 13 18 41  3  2 20  5 16 19  6 12 62 18  7 29
 8 13 52 15  5 25  1 15  6  7 11 91 13 14 12  2  2 79 12 18 26 20  9 80  9  8  6  6 19 16  4  1 84 19  7 33  3 20 13 11  4 64 14 10 61 17 12 41  5 17 77 10  3 31 16  6 74 18 16 67
 1  8 60  8 16 95  6 20 20  9  1 99 15  9 30  2 11 48  5 10 11 16 15 55 13  2  7  3 14 55  4 18 17 10 12 79 11  6 18  7  3 59 19 13 22 12 19 26 17 17 35 20  5  1 14  7 25 18  4 40
 7  1 21 11  5 14 15 14 63  8  7 63 12 10 89  1 12 19 20  3 84 16  9 85  5  4 26 10 15 78  6 16 53 17 11 98  9 20 23  3 13 84  2  8 53  4  2 47 19 18  2 14 19 98 18  6 58 13 17 62
13 11 17  5 15 52  2 13 12 16 18 60 20  2 21 17  9 10 18  3 18 12  8 30  7 20 57  3 19 65 14 12 31  9 17 18 19  5 95  4  1 88  1  7 41  6 14 92 15  6 75  8 10 18 11 16 87 10  4 56
 2 19 36  6 14  6 11 20 93  5  1 57 10 16 28  3  2  9 17 17 93 20  9 18  8  5 38 15 11 53  4 15 88 12 12 99 18  8 11 13 13 86 14  3 75  9  7 87 16  4 16 19 18 29  1 10  9  7  6 53
19 13 70  3 19 59  8  9 33 18  2  8 15 11 80 16 10  8  5 18 58  4  8 97 12  1 96 20  3 47 10 20 36  6 16 29 13 12  1  7 17 13  9  5 17  2 15 34 17  6 34 11  4 34  1 14 65 14  7  7
 6 10 62 16 16 33 12 15 45 15  3  4 13 17 20 14 11 14 19 20 24 10  4 84 20  8 58  3 14 90 17  2 95  7  7 46  5 13 60  4  6 11  2  5 29  1  9 39  8 12 24  9 19 22 18  1 93 11 18 58
17 11 30 20 15 49  1  1 93 13  7 82 19 20 67 16 10 25  2  9 63  8 12 99 15  3  5 10  4 93 12 19 72 14 18 13  6  5 17  3 14 73  5  2  5 18 16 39  7 13 20  9  6 27 11  8 50  4 17 67
11  8 99 20 11 22 17 12 94  8 13 70  7  9 69  5 15 41 16 20 46  4 16 88 14  7 87 12 17 11  9  1 55 18  4 51 19  6 56  2  2 32 15 18 29  3 19  6 10  5 97  6  3 54  1 10 92 13 14 84
 2 15 92  4 17 29 18 10 58 19  1 91  6 18 18 12 11 15 15  8 22 10  9 79 17  7 18 13  5 95 20  4 14 14 20 66  3 13 47  5  3 70  1 19 90  7 12 60  9 16 79  8  6  6 11 14 60 16  2 57
 9  5  8 12 12 64 16  3 97  3 10 20  4  8 17 11  4  2 19  9 65  7 18 92  6 14 29 18 16 27 13 20 62 20 15 49  8  1 95 17 17  5 10 19 93  2  2 38  1 13 82  5  7 41 15  6 43 14 11 16
11 11 15 19 13 11  9 14 33 14 10 83 16 19 78 20 20 32  5  9 19 10  1 52  7 18 86 17 16 20  1  5  8  6  7 22  3  8 42 18 12 80  2  4 61 13  3 76 12 17 15  8  2 86 15  6 15  4 15 73
14  2 48 13  6 28  8 20 37  7 19 12 16  8 61 17  1 89 12  9 31  3 13 90 10 18 92 20 12 52 19  4 99 18 11 51 15  3 48  6 15 98  1  7 99  2 17 47  5 14 98  4 10 17  9  5 32 11 16 70
13 14 78  3 12 32  2 11 66  6 15 34  4 13 58 15 17  6  9  5 93 18 16 19 11 20 97 14 10 42 10  3 27 12  4 22 20  9 16 19 19 92  8  2 41  5 18 87  7  1 32  1  7 49 16  6  1 17  8 10
19 10 99  6 20 57 18 12 77  2 16 48 13 13 33 15 17 59  8  8 51 11  5 91  7 15 75 20  4 24  5 19 15 10  3 16  1  1 56 17  6 80 12 14 42 16  2 69  4  7 73  9  9 86 14 11 85  3 18 58
20 17 72 16 14 61  5 10 26  8  4 62  9  5 15 10  1 44  7 11  3  1 15  7 11 13 78  4 12 56 19 20 90 14 19 84  2 16 34 18  7 13 17  8 95  3  9 61 12  3 52 15  2 76 13 18 22  6  6 41
 6  8 24 16 15 16 17 18 13 10 12 88 18  9 92  2  4 17  8  7 27 14 17 23  7 19 10  1 14 88 19 10 88 12  5 43 13  6 70  5 16 74 11  3 84 20 11  5 15 20 36  4  2 71  9 13 68  3  1 69
18 10 58  9 16 70  6  1 26  1  5 59 14  9 19 17 20 87  3 14 55  2 11 12 20  4 49 19  2 41 15  3 87  5  7 52  4 12 85 13 15 39 16 13 38  8  6 21 11 19 49  7 17 16 10  8  8 12 18 85
13  2 48 15  6 40 20 16 65  3  4 92  6 14 11 10 10 29 18 11 68  8 12 70  4 13 21  1  1 49 19  7 42  2 17 67 14  8 40 17  9  6  9 20 39 11 15 29 12  5 41  5 18 82  7 19 93 16  3 19
 6 17 54  4  6 66 11  8 18  2 10 54 15  2 85 12 16 42 17 13 35 13  3 55  1 11 58  5  7 33 20 18 52 18 15 28  7 20 31  8  5 97 14 12 51  9  4 14  3  9 99 19  1 50 10 14 14 16 19 31
 4  6 77  7 15 11 14  4 61 19  7 44  3 16 20 20  8 39  6 17 21 16 10 80 12 20  3  2 18 44 15  3 13 18  5 73 11 11 96  5 12 69 17 13  5  9  9  2 10  2 73  1  1 74  8 14 30 13 19 42
15 20 93 12  6 85  1  4 73 13 17 76 18 18 33  2 14 93 20  3 98  8  1 84 16  5 83 14  8 54 19 10 15  5 13 17  4 15 33  3 19 82  9 11 52 11  9 72 10 16 37  6  2 95  7  7 45 17 12 50
 8  9 82  7  8 47 20  5 93 13  1 41  5  6 23  1 16 98  9  2 12 15 17 52 10 12 78 11 11 11  2 18  2 16 14 25 12 20  2 18 13 39  6  4 79 19  3 96  3 15 33  4  7 81 14 10 74 17 19 40
 7  4 66 15 14 36  6  2 12  1  8 88  4 15 83 18 19  4 13  9 84 17 12 68 10 20 27  3 10 65 14 16 90  2  7 73  9 13  1  5  3 44  8 17 27 12  5 96 20  1 73 16 11 12 19 18 27 11  6 22
17 17  1  9  3 41  5 14 53  2  8 29 14  9 75  1  2 17 12 19 53 18 13 83 13 15 62  4 12 93 16  6  5 20 10 94 19 20 25 15  1 65  7  4 68  3  5 44 10 11 16  8 18 48  6 16 58 11  7  7
10 20  9  1  4 15 17 12 42 11  6 32 20  1 51  4 14 74  5 16 58  6  7 26 13  2 51  7 10 25 18 17  9  2 13 52  3  5 87  8 15 23 12  9 70 19 19 58 16 11 14 15  8 49  9  3 51 14 18 54
10  1 85  6  5 14  2  2  8  9 16  8  3 14 50  1  7 94 12 11 11 15  9 87 20 17 44  5  4 35  8 20 69 19 12 62 11 15 35 16  6 55 13  8 77 18  3 92 14 13 89 17 10 20  7 19 65  4 18 13
11  3 80 12  6 79 15  2 32  8 18 35 14  7 67 16  8 44 10 12 37  6 10  7  2  9 93  3 15 73  5  1  6 17  5 77  4 19 77 20 20 84  9  4 12 19 13 48  1 17 51 18 16 73 13 14 89  7 11 27
13 12 65 17 13  1 10 19 29  4  1 60 14  8 55 19 15 47  2  5 69  6  4 88 11 17 62  8 16 22 18 14 44  3  7  3  9  6 56  5 10 75 12  9 80  1 11  1 16 18 65  7  2 76 20  3  4 15 20 66
 1 17  3 19 18  6 17 12 61 10  7 62 14  6 54  2  4 85 11 13 26  8 20  4  4  5 27  6 15 54 13  9 84  3  1  3  7 10  2  5  8 12 20 16 44 16 11 89 12 19 81  9  3 16 18 14 79 15  2 68
 4 13 15 12 14 34 19 15 70 13  3 90 16  7 47 18  8 72  1 17 25 20  5 57  5 20 20 14  6 80 17 18 88  8 16 44 10 10 78  3  9 79  7 19 53 15  4 42 11  1 64  6 12 84  9  2 15  2 11 42
14 18 29  7 10 54 17  1 11 11 13 93  2 14  2 10 16 86  1  4 81  8  7 23 19 12 99  9 15 49  4  5 98 12  8 78 16 11 14  6  3 25  3  6 74 15  2 94 18 17 91 13  9 32  5 19  5 20 20 69
 4 20 23  7 17 94 13 10 61 16  4 39 15 13  8  8  2 71 11 16 93 14 11 72 18 12 55 17  6 95  2 15 12  3 18 60  5  5 82  1  8 46  9  1 82 19 14  7  6  9 55 12  7 38 10 19 86 20  3 35
 7  1 45  3 20 56 20  8 10  6  3 49 13 15 77 10 16 43 11 12  8 12  4 66 17 11 31 18  6 74 14 13 93  1  7 49  2 17 57 19 18 23  5 19 26 15 14 97  9  9 94  4  5 71  8  2 23 16 10 97
 4  7 56 20  3 90 19  4 71 11 20 50  5 17 29  6  9 63  1  5  1 18 18 69 10  8 97 14 11 85 17 16 42  2 15 20 13  2 20  9 19  3  8 13 43  7  1 86 15 12 97 16 14 22  3 10 52 12  6 21
 9  4 81 17 16 12 10 15 71  8 11 39 11 13 99 16 17 70  4  7 35  5  2 84 19 10 22 18 18 47  7 20 64 20  5 98  3 19  7 15  8 12  2 12 75  6  3 64 13  1 86 14  6 27  1 14 38 12  9 10
10 17 35  5 16  6  8  2 91 13  3 16  7 18 46 14 13 79 16 11 55 18 10 96  2 14 86  6 12 45 12 20 43  3  6  5 15 15 95  4  5 14 20  9 30  9 19  4  1  4 38 11  7 91 19  8  9 17  1 44
 5 13 20  2  9 65  8  3 18 20  5 21 18  7 13  1  1 74 10  8 44 19 10 39 17 18 97 11  2 24  4 20 33 13 12 14  3 14 43 15  4 17  7 16 80 16 17 73 14 15 39 12 19  6  6  6 14  9 11 43
16 17 61  3 12 83 20  8 46 15 18 71 17 13 25 10 20  8  2  6 81 14 11 60 11  4 14 19  3 30 18  2 10  6  5  1  1 10 61  5 15 53 12  9 20  8 14 19  4  7 15  9 19 12 13 16 10  7  1 35
17  2 36 15  7  8 11  8 78 13 20 32 14 11 93  8 13 31  9 12 11 10 14 41 19 18 12 18  3 10  6  1 49  5  9 19 20 17 99 12 10 73  3  4 95  1  6 38  7 16 83  4  5 11  2 19 25 16 15 37
12 14 37 15 17 90  1  6 80  7  4 26  3  3 42 10 20 34 16 15 67  6 10 59 13 12 81 11 13 74 17  2 17  4  5 41  8 19 27  5  1 72 20 11 37 19 18 82 14  8 78 18  9 76  9  7 59  2 16 14
14  1 47  8 19  1 12  6 10  1  2 88  2  5 38 20 11 83 10  9 83 18  8 99  9 20  1 13 14 28 19 13 61  3  4 62 15 15 76 17 12 43  4  7 29  5 16 83 16 17 97 11 10 60  7  3 29  6 18 73