4.08043586e-03 -4.15036931e-02 2.60176888e-02
4.48847930e-03 -3.24386520e-02 2.66031395e-02
4.89652269e-03 -2.63407185e-02 1.92725563e-02
5.30456604e-03 -1.73390596e-02 1.38461316e-02
5.71260934e-03 -5.18792695e-03 1.27790854e-02
6.12065258e-03 -9.88587361e-03 9.67050829e-03
6.52869577e-03 -4.79737863e-03 7.24758699e-03
6.93673889e-03 -3.85120053e-03 6.50258047e-03
7.34478195e-03 -6.46314174e-03 5.34395821e-03
7.75282494e-03 -1.00263372e-02 5.19217403e-03
8.16086785e-03 -4.42756745e-03 4.78855793e-03
8.56891069e-03 -7.47221820e-03 4.31849622e-03
8.97695345e-03 -5.58632796e-03 4.04761219e-03
9.38499612e-03 -4.07129612e-03 3.70966594e-03
9.79303870e-03 -3.94071141e-03 3.59776884e-03
1.02010812e-02 1.52932811e-03 3.42595946e-03
1.06091236e-02 1.88410649e-03 3.25566754e-03
1.10171659e-02 -6.42848976e-04 3.10087896e-03
1.14252081e-02 -4.93075292e-03 3.14967260e-03
1.18332501e-02 -9.99852934e-04 2.71873076e-03
1.22412921e-02 -1.93694933e-04 2.79585925e-03
1.26493339e-02 1.54216957e-03 2.71197510e-03
1.30573757e-02 -1.63535754e-03 2.34856842e-03
1.34654173e-02 1.31091171e-03 2.51297441e-03
1.38734588e-02 2.76477540e-03 2.60174003e-03
1.42815001e-02 -4.40514831e-04 2.25058364e-03
1.46895413e-02 2.68176819e-03 2.26555469e-03
1.50975824e-02 1.81846143e-03 2.33607012e-03
1.55056233e-02 -9.93076521e-04 2.22366668e-03
1.59136641e-02 3.14843459e-04 2.23206044e-03
1.63217047e-02 -4.12361105e-04 2.14217534e-03
1.67297452e-02 -2.67249477e-03 1.93199104e-03
1.71377855e-02 -1.83391887e-03 1.95668630e-03
1.75458257e-02 1.03662023e-03 1.96569955e-03
1.79538657e-02 -1.20765567e-03 2.00006318e-03
1.83619055e-02 -1.17266999e-03 1.86905062e-03
1.87699451e-02 -2.13985035e-04 1.96072357e-03
1.91779846e-02 4.20450850e-04 1.87968785e-03
1.95860239e-02 4.15151804e-03 1.97002404e-03
1.99940630e-02 1.42177884e-03 1.91112155e-03
2.04021019e-02 1.69509705e-03 1.82649631e-03
2.08101406e-02 3.14079183e-03 1.96655008e-03
2.12181791e-02 -6.34336866e-04 1.76590656e-03
2.16262174e-02 1.56757666e-03 1.88193658e-03
2.20342555e-02 3.07344085e-05 1.72832545e-03
2.24422934e-02 -9.28826904e-04 1.70171471e-03
2.28503311e-02 9.26074745e-04 1.60891699e-03
2.32583686e-02 -1.63134683e-03 1.67138588e-03
2.36664058e-02 4.84110587e-03 1.74056765e-03
2.40744429e-02 4.08188682e-03 1.56652369e-03
2.44824797e-02 2.96439295e-03 1.73884214e-03
2.48905162e-02 2.39446354e-03 1.66126201e-03
2.52985525e-02 2.97994305e-03 1.75208608e-03
2.57065886e-02 3.40559403e-03 1.72957404e-03
2.61146245e-02 2.17009441e-03 1.71113806e-03
2.65226601e-02 4.62249342e-04 1.59858006e-03
2.69306954e-02 1.93843379e-03 1.65282094e-03
2.73387305e-02 2.81597590e-03 1.68705847e-03
2.77467653e-02 -1.46448328e-03 1.53504223e-03
2.81547999e-02 -1.58611582e-03 1.71663553e-03
2.85628342e-02 4.46107310e-03 1.68491528e-03
2.89708682e-02 4.25079317e-05 1.64289827e-03
2.93789020e-02 -1.54174915e-03 1.64500256e-03
2.97869355e-02 -1.57549138e-04 1.63435039e-03
3.01949687e-02 2.42778926e-03 1.75529994e-03
3.06030016e-02 -8.11993061e-04 1.56108325e-03
3.10110342e-02 4.77555232e-04 1.74463324e-03
3.14190665e-02 8.59656124e-04 1.54117773e-03
3.18270985e-02 2.10997668e-03 1.51048166e-03
3.22351302e-02 4.13957910e-04 1.47848045e-03
3.26431617e-02 -5.68808808e-04 1.42644330e-03
3.30511928e-02 5.29943527e-04 1.48474175e-03
3.34592236e-02 -4.33519743e-04 1.48371225e-03
3.38672540e-02 -2.40482198e-05 1.40647379e-03
3.42752842e-02 -1.79017528e-04 1.42627081e-03
3.46833140e-02 2.98130831e-04 1.44086005e-03
3.50913435e-02 -4.98588593e-04 1.33202722e-03
3.54993727e-02 -3.50521575e-04 1.42870666e-03
3.59074015e-02 1.62003968e-03 1.37605010e-03
3.63154300e-02 9.53450180e-04 1.37127946e-03
3.67234581e-02 -2.54585447e-03 1.31850461e-03
3.71314859e-02 -7.59046217e-04 1.43630412e-03
3.75395134e-02 4.46485459e-04 1.35445815e-03
3.79475405e-02 -1.92762760e-03 1.25760511e-03
3.83555672e-02 -8.17080486e-04 1.30991840e-03
3.87635935e-02 2.92008363e-03 1.38093356e-03
3.91716195e-02 1.51674213e-03 1.35716356e-03
3.95796452e-02 1.40675711e-03 1.37468579e-03
3.99876704e-02 -1.25086391e-03 1.31722200e-03
4.03956953e-02 -1.35698030e-03 1.24454982e-03
4.08037198e-02 1.61836177e-03 1.32049943e-03
4.12117439e-02 8.65851792e-04 1.26374743e-03
4.16197676e-02 -4.16910010e-04 1.25116385e-03
4.20277909e-02 2.05678952e-03 1.28234905e-03
4.24358138e-02 1.65560903e-03 1.25163354e-03
4.28438363e-02 -1.59280931e-03 1.15099355e-03
4.32518584e-02 2.77469557e-03 1.27319346e-03
4.36598801e-02 7.83075838e-04 1.27815177e-03
4.40679014e-02 -1.01647909e-03 1.23326932e-03
4.44759222e-02 -8.21828417e-05 1.22272610e-03
4.48839427e-02 3.60461433e-04 1.23671615e-03
4.52919627e-02 1.82926675e-04 1.19786585e-03
4.56999823e-02 9.70751757e-04 1.24357914e-03
4.61080014e-02 -1.23041638e-04 1.20552128e-03
4.65160201e-02 1.96083437e-04 1.21357976e-03
4.69240384e-02 -3.13573391e-05 1.17317273e-03
4.73320562e-02 6.92423519e-04 1.09758759e-03
4.77400736e-02 7.94573535e-04 1.18293103e-03
4.81480905e-02 -3.14266175e-03 1.16403960e-03
4.85561070e-02 5.38099857e-04 1.17193454e-03
4.89641230e-02 9.20776162e-04 1.16010746e-03
4.93721385e-02 1.04417457e-03 1.09541653e-03
4.97801536e-02 1.25774794e-03 1.18857065e-03
5.01881682e-02 4.40172657e-04 1.18949991e-03
5.05961823e-02 -7.81128933e-04 1.13519137e-03
5.10041960e-02 -8.00235613e-04 1.08704761e-03
5.14122091e-02 -8.71005896e-04 1.10874319e-03
5.18202218e-02 -5.71433953e-04 1.11076984e-03
5.22282340e-02 3.20876282e-04 1.13806864e-03
5.26362457e-02 8.64474802e-04 1.16693003e-03
5.30442569e-02 7.43559650e-04 1.08969144e-03
5.34522675e-02 8.16706159e-04 1.12557903e-03
5.38602777e-02 5.44977100e-04 1.16585361e-03
5.42682874e-02 3.42529594e-05 1.07760991e-03
5.46762965e-02 -1.63122608e-03 1.12114069e-03
5.50843052e-02 -3.03867594e-03 1.03948051e-03
5.54923133e-02 -1.93413204e-04 1.07764331e-03
5.59003208e-02 1.90420280e-03 1.11982158e-03
5.63083279e-02 9.69516912e-04 1.13850262e-03
5.67163344e-02 -6.01176354e-04 1.07731099e-03
5.71243404e-02 4.99358962e-05 1.14086561e-03
5.75323458e-02 1.23241909e-03 1.11612466e-03
5.79403507e-02 -1.45871349e-05 1.05985760e-03
5.83483551e-02 2.22146372e-03 1.07632953e-03
5.87563588e-02 1.42399047e-03 1.11091999e-03
5.91643621e-02 4.80769391e-04 1.08957881e-03
5.95723647e-02 1.62264652e-04 1.09313656e-03
5.99803668e-02 4.36986601e-04 1.14995686e-03
6.03883684e-02 -5.71517039e-04 1.11280338e-03
6.07963693e-02 -4.90429678e-04 1.08070254e-03
6.12043697e-02 1.88811337e-04 1.08281482e-03
6.16123695e-02 3.89224405e-04 1.11404371e-03
6.20203687e-02 1.75170279e-03 1.10655654e-03
6.24283674e-02 -8.02289356e-04 1.06024489e-03
6.28363654e-02 -6.72754242e-04 1.01695905e-03
6.32443629e-02 1.34393806e-04 1.03487944e-03
6.36523597e-02 5.35596273e-05 1.05171936e-03
6.40603559e-02 -5.52602204e-04 1.08241143e-03
6.44683516e-02 4.92715874e-04 1.03597369e-03
6.48763466e-02 6.15063661e-05 1.01221906e-03
6.52843410e-02 5.14862627e-05 1.02178583e-03
6.56923348e-02 -1.31519423e-03 1.00783592e-03
6.61003279e-02 -8.67721433e-04 1.01507863e-03
6.65083205e-02 3.64837453e-04 1.01001958e-03
6.69163124e-02 1.83552262e-03 1.00312693e-03
6.73243036e-02 -3.55303718e-04 9.99380304e-04
6.77322943e-02 -8.70220531e-04 9.72310725e-04
6.81402842e-02 -2.58097419e-04 1.00555611e-03
6.85482736e-02 5.33838619e-04 9.85288599e-04
6.89562623e-02 1.40555088e-03 9.62268892e-04
6.93642503e-02 3.71758927e-04 1.01893073e-03
6.97722377e-02 -2.64668032e-04 9.66799535e-04
7.01802244e-02 1.93496491e-04 9.66330661e-04
7.05882105e-02 6.43463071e-04 9.49641587e-04
7.09961958e-02 8.37748923e-04 9.47761410e-04
7.14041805e-02 1.57293632e-03 9.14109758e-04
7.18121646e-02 -7.46164730e-04 9.40562469e-04
7.22201479e-02 -1.25515585e-04 9.57894547e-04
7.26281306e-02 -1.77864057e-03 9.43230550e-04
7.30361126e-02 9.07777738e-05 9.44400618e-04
7.34440938e-02 -1.43530648e-03 9.41464398e-04
7.38520744e-02 3.08084428e-04 9.27210531e-04
7.42600543e-02 -1.41383527e-04 9.15579689e-04
7.46680335e-02 1.75219507e-03 9.41039096e-04
7.50760119e-02 -4.73765260e-04 9.13881663e-04
7.54839897e-02 2.18083313e-03 9.49907558e-04
7.58919667e-02 5.21240894e-04 9.20570803e-04
7.62999431e-02 -9.45790488e-04 9.21323764e-04
7.67079187e-02 4.67729160e-04 9.31876164e-04
7.71158935e-02 1.34204418e-03 9.00988748e-04
7.75238677e-02 -3.15261679e-04 9.44733429e-04
7.79318411e-02 5.36285868e-04 9.46774178e-04
7.83398137e-02 1.90858832e-04 9.12708645e-04
7.87477857e-02 -5.06357013e-05 8.71708651e-04
7.91557568e-02 -1.30925839e-04 8.62842059e-04
7.95637273e-02 3.78186781e-04 9.21430345e-04
7.99716969e-02 -1.09546295e-03 8.96332593e-04
8.03796658e-02 -2.65760246e-04 9.17214158e-04
8.07876340e-02 2.34201281e-04 8.55606598e-04
8.11956014e-02 1.78968010e-03 8.64215111e-04
8.16035680e-02 5.60284853e-04 8.79594980e-04
8.20115338e-02 -1.08746660e-03 8.59178375e-04
8.24194989e-02 -3.31135061e-04 8.66130327e-04
8.28274631e-02 -7.26104589e-04 8.62004379e-04
8.32354266e-02 -3.64047630e-04 8.58364531e-04
8.36433893e-02 -1.80741423e-04 8.36107666e-04
8.40513512e-02 -7.12108345e-04 8.53906810e-04
8.44593123e-02 1.18693366e-04 8.45709371e-04
8.48672727e-02 6.92855766e-04 8.52022972e-04
8.52752322e-02 -6.98111777e-04 8.56806129e-04
8.56831909e-02 1.39480758e-03 8.44818972e-04
8.60911487e-02 -2.68744265e-04 8.48077220e-04
8.64991058e-02 -6.36221456e-04 8.41057885e-04
8.69070620e-02 -9.53167876e-04 8.31396899e-04
8.73150175e-02 -5.53814901e-04 8.32405661e-04
8.77229721e-02 9.11748986e-04 8.29034786e-04
8.81309258e-02 8.64459447e-04 8.30832593e-04
8.85388787e-02 1.22464141e-03 8.71433189e-04
8.89468308e-02 -1.95319375e-04 8.48492395e-04
8.93547821e-02 -1.81926899e-03 8.18879420e-04
8.97627325e-02 8.02931151e-04 8.33597543e-04
9.01706820e-02 1.42633025e-03 8.67117447e-04
9.05786307e-02 7.56479365e-04 7.90988652e-04
9.09865785e-02 1.41331142e-03 8.12474173e-04
9.13945255e-02 -2.94703490e-04 8.09947184e-04
9.18024716e-02 -1.42989514e-04 7.89959208e-04
9.22104168e-02 8.16486084e-04 7.98953227e-04
9.26183611e-02 1.34285736e-03 8.09325779e-04
9.30263046e-02 -3.20420217e-04 8.06689247e-04
9.34342472e-02 3.30198553e-04 8.15742829e-04
9.38421889e-02 3.78836897e-04 8.30733121e-04
9.42501297e-02 -1.19300801e-04 8.23479991e-04
9.46580696e-02 -2.30266619e-05 8.13942198e-04
9.50660087e-02 -5.13437872e-04 8.14404240e-04
9.54739468e-02 -1.36970500e-03 8.16104556e-04
9.58818840e-02 8.63363575e-04 8.09388650e-04
9.62898203e-02 1.21003744e-03 8.05296429e-04
9.66977557e-02 1.01483506e-03 7.84260682e-04
9.71056902e-02 -1.37344422e-03 7.98482411e-04
9.75136237e-02 -1.09659455e-04 7.73367363e-04
9.79215564e-02 1.28969905e-03 7.95471451e-04
9.83294881e-02 2.99214067e-04 7.71401829e-04
9.87374188e-02 7.97166472e-04 7.91071100e-04
9.91453487e-02 1.24823820e-03 8.10563167e-04
9.95532775e-02 9.77077611e-04 7.75165636e-04
9.99612055e-02 1.52159872e-03 7.71161071e-04
1.00369132e-01 -8.51931477e-04 7.51671304e-04
1.00777059e-01 1.52990223e-03 7.69753653e-04
1.01184984e-01 1.14732864e-03 7.76567043e-04
1.01592908e-01 -3.18806713e-04 7.46647123e-04
1.02000831e-01 8.88382272e-05 7.50259219e-04
1.02408753e-01 6.55852951e-04 7.27515520e-04
1.02816674e-01 2.56064954e-04 7.47020579e-04
1.03224595e-01 1.01057115e-03 7.36328363e-04
1.03632514e-01 -2.22418795e-04 7.25789306e-04
1.04040432e-01 1.39997806e-04 7.58823307e-04
1.04448349e-01 1.62936174e-04 7.30373355e-04
1.04856266e-01 1.07055017e-03 7.48487378e-04
1.05264181e-01 2.29817202e-04 7.46312836e-04
1.05672095e-01 2.40332618e-04 7.47635789e-04
1.06080009e-01 -3.35265082e-04 7.17933755e-04
1.06487921e-01 -2.96386778e-04 7.52743476e-04
1.06895832e-01 3.54420845e-04 7.43098916e-04
1.07303743e-01 -8.13626832e-04 7.54845630e-04
1.07711652e-01 -3.18071042e-04 7.46180738e-04
1.08119560e-01 3.73082441e-04 7.42517495e-04
1.08527467e-01 1.26028262e-03 7.56036813e-04
1.08935374e-01 5.07289740e-04 7.31874078e-04
1.09343279e-01 -8.10004178e-05 7.35420552e-04
1.09751183e-01 9.01911996e-04 7.38562366e-04
1.10159086e-01 -1.94322599e-04 7.47267569e-04
1.10566988e-01 -3.60222743e-04 7.11758521e-04
1.10974889e-01 6.38904929e-04 7.39923797e-04
1.11382789e-01 6.21082897e-04 7.46247430e-04
1.11790688e-01 7.71173498e-04 7.34914808e-04
1.12198586e-01 1.15839791e-03 7.43141929e-04
1.12606482e-01 5.40812863e-04 7.37765845e-04
1.13014378e-01 1.25903738e-03 7.38999581e-04
1.13422273e-01 5.19773602e-04 7.35192178e-04
1.13830166e-01 1.51007070e-04 7.55885068e-04
1.14238059e-01 4.65399360e-04 7.28818784e-04
1.14645950e-01 -1.00828494e-05 7.44466823e-04
1.15053840e-01 -2.44503462e-04 7.55075735e-04
1.15461730e-01 6.52315042e-04 7.60036530e-04
1.15869618e-01 -4.11104495e-04 7.42926687e-04
1.16277505e-01 -3.16649292e-04 7.07423187e-04
1.16685391e-01 4.83816540e-04 7.40819975e-04
1.17093275e-01 4.30872053e-04 7.10581515e-04
1.17501159e-01 9.46721772e-04 7.57182659e-04
1.17909042e-01 3.76365237e-04 7.38208494e-04
1.18316923e-01 -3.51582514e-04 7.21503397e-04
1.18724803e-01 7.68804420e-04 7.19778875e-04
1.19132683e-01 2.16011879e-03 7.07480256e-04
1.19540561e-01 1.21433963e-03 7.12071732e-04
1.19948438e-01 1.73677860e-03 6.98791738e-04
1.20356313e-01 1.05618820e-03 7.09493025e-04
1.20764188e-01 7.62066463e-05 7.12633821e-04
1.21172062e-01 6.60991647e-04 6.73626656e-04
1.21579934e-01 1.52483478e-03 6.98913763e-04
1.21987805e-01 -6.12706506e-04 7.03210858e-04
1.22395675e-01 3.67262765e-04 6.86173169e-04
1.22803544e-01 -2.48219573e-04 6.86452272e-04
1.23211412e-01 2.97995989e-04 6.84375906e-04
1.23619278e-01 2.95758704e-04 7.01432626e-04
1.24027144e-01 2.34435233e-05 6.92962166e-04
1.24435008e-01 -1.03090137e-04 6.72337889e-04
1.24842871e-01 1.96052312e-03 6.72625426e-04
1.25250733e-01 -1.82826014e-04 6.80071521e-04
1.25658594e-01 -5.08156465e-04 6.85343114e-04
1.26066453e-01 -1.46860468e-04 6.85061953e-04
1.26474311e-01 5.44956519e-04 6.77058938e-04
1.26882168e-01 -2.97915450e-04 6.72693782e-04
1.27290024e-01 6.86974304e-04 6.60184222e-04
1.27697879e-01 7.94272278e-05 6.86162770e-04
1.28105732e-01 -1.95470265e-03 6.46666139e-04
1.28513585e-01 3.61657545e-04 6.67795483e-04
1.28921436e-01 -6.90015469e-04 6.66670628e-04
1.29329285e-01 5.92841797e-07 6.67615339e-04
1.29737134e-01 -2.55129898e-04 6.46158253e-04
1.30144981e-01 9.37979871e-05 6.74811087e-04
1.30552828e-01 6.05997401e-04 6.72166053e-04
1.30960672e-01 3.86564648e-04 6.51712386e-04
1.31368516e-01 -2.18243817e-04 6.53661865e-04
1.31776358e-01 -2.42157546e-04 6.40736199e-04
1.32184200e-01 1.19086642e-05 6.45258853e-04
1.32592039e-01 -6.16159667e-04 6.43180011e-04
1.32999878e-01 1.86933489e-04 6.31270738e-04
1.33407715e-01 6.77459405e-04 6.57553175e-04
1.33815552e-01 4.79481358e-04 6.51586536e-04
1.34223386e-01 -1.16617471e-04 6.36533754e-04
1.34631220e-01 -1.45363237e-04 6.32072943e-04
1.35039052e-01 5.05074443e-04 6.47705832e-04
1.35446883e-01 -1.56979203e-04 6.35483825e-04
1.35854713e-01 7.91724750e-04 6.37984481e-04
1.36262541e-01 8.30062345e-04 6.49692806e-04
1.36670368e-01 -3.44263726e-04 6.46210001e-04
1.37078194e-01 -5.05971498e-04 6.33125721e-04
1.37486019e-01 6.00337371e-04 6.47965011e-04
1.37893842e-01 -8.76519398e-05 6.48846810e-04
1.38301664e-01 3.59467670e-04 6.26867545e-04
1.38709485e-01 -2.02966093e-04 6.28953271e-04
1.39117304e-01 4.42001945e-04 6.30665039e-04
1.39525122e-01 1.10174488e-03 6.18384427e-04
1.39932939e-01 4.24190159e-05 6.19655086e-04
1.40340754e-01 -3.57204615e-04 6.26769777e-04
1.40748568e-01 -1.84050169e-04 6.06186612e-04
1.41156381e-01 -1.73576851e-04 6.33011281e-04
1.41564192e-01 -3.58163563e-04 6.31339006e-04
1.41972002e-01 -2.49285077e-04 6.18474242e-04
1.42379811e-01 -2.40820018e-04 6.15917798e-04
1.42787618e-01 2.28526191e-04 6.38087947e-04
1.43195424e-01 2.27406287e-04 6.28726522e-04
1.43603228e-01 -1.02234737e-03 6.13748254e-04
1.44011032e-01 -2.68124945e-04 6.20266184e-04
1.44418833e-01 1.16314547e-03 6.31186196e-04
1.44826634e-01 -1.57678257e-03 6.20501130e-04
1.45234433e-01 8.63922145e-05 6.28419676e-04
1.45642231e-01 1.73420425e-04 6.31962240e-04
1.46050027e-01 5.73874527e-04 6.53455102e-04
1.46457822e-01 -6.59944430e-05 6.40111711e-04
1.46865616e-01 2.85596532e-04 6.38494848e-04
1.47273408e-01 -2.43428069e-05 6.25414923e-04
1.47681199e-01 -5.88215789e-05 6.21166153e-04
1.48088988e-01 -3.87230561e-05 6.19315362e-04
1.48496776e-01 1.08719881e-05 6.48289598e-04
1.48904563e-01 -2.42363384e-04 6.19394273e-04
1.49312348e-01 1.59430960e-04 6.06210279e-04
1.49720132e-01 -3.06786300e-04 6.23432627e-04
1.50127914e-01 -3.04823447e-04 6.08604598e-04
1.50535695e-01 3.04243309e-05 6.20636913e-04
1.50943474e-01 -2.28888695e-04 6.15148747e-04
1.51351252e-01 2.07084312e-04 6.04964588e-04
1.51759029e-01 3.71756129e-05 6.05691429e-04
1.52166804e-01 5.99431981e-04 6.10231297e-04
1.52574578e-01 9.76489846e-04 6.02448426e-04
1.52982350e-01 1.04866107e-03 6.06572698e-04
1.53390121e-01 -8.76338786e-04 5.85866769e-04
1.53797890e-01 3.05806978e-04 5.92053015e-04
1.54205658e-01 -8.93251828e-04 5.81083056e-04
1.54613425e-01 -8.29547813e-04 5.99507203e-04
1.55021190e-01 1.12438156e-03 6.03804742e-04
1.55428953e-01 1.81739769e-04 5.83316046e-04
1.55836716e-01 -1.08016140e-04 5.92779007e-04
1.56244476e-01 5.76396382e-05 5.83079894e-04
1.56652235e-01 -1.05540272e-03 5.93158321e-04
1.57059993e-01 1.76290937e-05 5.87417476e-04
1.57467749e-01 6.50987070e-04 5.95912448e-04
1.57875504e-01 9.72278420e-05 5.72509965e-04
1.58283257e-01 1.24490106e-04 5.80939407e-04
1.58691008e-01 -8.60407887e-04 5.74066367e-04
1.59098758e-01 -6.47253630e-04 5.84166520e-04
1.59506507e-01 -8.92973985e-05 5.84626570e-04
1.59914254e-01 5.70936803e-04 5.59358750e-04
1.60322000e-01 6.74892628e-04 5.89154293e-04
1.60729744e-01 1.43754044e-03 5.85573498e-04
1.61137486e-01 6.35324315e-05 5.78917424e-04
1.61545228e-01 3.71546722e-04 5.77632063e-04
1.61952967e-01 4.24132962e-04 5.63429818e-04
1.62360705e-01 6.90882503e-05 5.59807019e-04
1.62768441e-01 -4.44777531e-04 5.54219802e-04
1.63176176e-01 1.29964827e-03 5.74794926e-04
1.63583910e-01 -5.04942112e-04 5.82108282e-04
1.63991641e-01 1.38907138e-04 5.63548932e-04
1.64399372e-01 6.74933588e-05 5.77726413e-04
1.64807100e-01 4.21339752e-04 5.63781740e-04
1.65214827e-01 -6.30982760e-04 5.66584357e-04
1.65622553e-01 -6.45582735e-04 5.45108494e-04
1.66030277e-01 -3.88016834e-04 5.54642262e-04
1.66437999e-01 8.33346563e-04 5.69748517e-04
1.66845720e-01 -5.61246864e-04 5.59643915e-04
1.67253439e-01 -1.37749917e-03 5.59373226e-04
1.67661157e-01 4.01234620e-04 5.59201493e-04
1.68068873e-01 5.10614487e-04 5.62066650e-04
1.68476588e-01 -7.62459597e-04 5.46279666e-04
1.68884301e-01 1.99567004e-04 5.64867959e-04
1.69292012e-01 -1.69586223e-04 5.49268465e-04
1.69699721e-01 -1.39180860e-04 5.50957896e-04
1.70107430e-01 -5.92798518e-04 5.51249869e-04
1.70515136e-01 4.95442384e-04 5.45603975e-04
1.70922841e-01 -4.92936314e-04 5.51779750e-04
1.71330544e-01 2.43699086e-04 5.40396341e-04
1.71738246e-01 6.63548272e-04 5.56836325e-04
1.72145946e-01 -5.54767538e-04 5.48400050e-04
1.72553644e-01 -6.21895791e-04 5.33626766e-04
1.72961341e-01 -3.56446101e-04 5.47498824e-04
1.73369036e-01 4.14284512e-04 5.45931596e-04
1.73776729e-01 6.58726146e-05 5.46859159e-04
1.74184421e-01 1.25233583e-04 5.46300149e-04
1.74592111e-01 -4.08128866e-04 5.42147944e-04
1.74999799e-01 2.92258341e-04 5.44803431e-04
1.75407486e-01 -3.64894546e-04 5.42400387e-04
1.75815171e-01 1.83825544e-04 5.33604449e-04
1.76222855e-01 -6.17778673e-04 5.38419622e-04
1.76630537e-01 1.95373803e-04 5.39027118e-04
1.77038217e-01 3.70390391e-04 5.37082658e-04
1.77445895e-01 -1.60191505e-04 5.36403555e-04
1.77853572e-01 7.04889138e-04 5.32390268e-04
1.78261247e-01 1.10894636e-03 5.44976689e-04
1.78668921e-01 7.03392588e-04 5.49379993e-04
1.79076592e-01 9.60443993e-05 5.38752920e-04
1.79484262e-01 6.53014309e-04 5.18936541e-04
1.79891931e-01 4.39549920e-04 5.21055826e-04
1.80299597e-01 -1.79186021e-04 5.33370614e-04
1.80707262e-01 -3.20121590e-04 5.36536156e-04
1.81114925e-01 8.86127598e-04 5.36150375e-04
1.81522587e-01 -2.54998325e-04 5.18922398e-04
1.81930247e-01 3.30244556e-04 5.32123926e-04
1.82337905e-01 -9.02987236e-04 5.20386193e-04
1.82745561e-01 -4.14465750e-04 5.21242930e-04
1.83153215e-01 -6.33339038e-04 5.23912165e-04
1.83560868e-01 -2.28986412e-04 5.26625098e-04
1.83968519e-01 5.32683527e-04 5.23601577e-04
1.84376169e-01 1.86190576e-04 5.24116850e-04
1.84783816e-01 1.07728469e-04 5.17539256e-04
1.85191462e-01 7.84818262e-04 5.32853451e-04
1.85599106e-01 -4.63744820e-05 5.10691004e-04
1.86006749e-01 5.01911634e-05 5.29460215e-04
1.86414389e-01 9.09223978e-04 5.23615138e-04
1.86822028e-01 1.72229611e-04 5.26391802e-04
1.87229665e-01 7.31458066e-04 5.27063156e-04
1.87637300e-01 1.03513430e-04 5.18703917e-04
1.88044934e-01 -3.33886171e-04 5.22279924e-04
1.88452566e-01 3.81424531e-04 5.08994108e-04
1.88860195e-01 -2.05149656e-04 5.07695400e-04
1.89267824e-01 -3.51890629e-06 5.08110872e-04
1.89675450e-01 4.16764538e-04 5.07988577e-04
1.90083074e-01 2.03950459e-04 5.01348972e-04
1.90490697e-01 3.86069695e-05 4.99539187e-04
1.90898318e-01 6.77895858e-05 5.20594915e-04
1.91305937e-01 -1.87540072e-04 5.04628487e-04
1.91713555e-01 -2.63650506e-04 5.03261837e-04
1.92121170e-01 -1.23338064e-04 4.96743046e-04
1.92528784e-01 -5.03426299e-04 5.05897166e-04
1.92936396e-01 5.65286446e-04 5.10964377e-04
1.93344006e-01 -3.06708169e-04 5.01312807e-04
1.93751614e-01 4.42369376e-04 5.16270900e-04
1.94159220e-01 4.19623585e-05 4.97193555e-04
1.94566825e-01 -4.06276680e-04 4.91175548e-04
1.94974427e-01 3.07847059e-04 4.99728073e-04
1.95382028e-01 1.11190318e-03 5.05702984e-04
1.95789627e-01 -7.86594477e-04 4.96181875e-04
1.96197224e-01 1.30418603e-03 5.00958955e-04
1.96604820e-01 6.64688109e-04 5.08070818e-04
1.97012413e-01 2.20560210e-04 4.92644802e-04
1.97420005e-01 -3.71912340e-04 5.05176904e-04
1.97827594e-01 -2.24170737e-04 4.97006646e-04
1.98235182e-01 1.68063705e-03 5.17052209e-04
1.98642768e-01 -2.15354819e-05 5.11680693e-04
1.99050352e-01 6.45889773e-04 5.09005112e-04
1.99457934e-01 1.86646672e-05 5.03395035e-04
1.99865514e-01 8.73286201e-05 5.17929998e-04
2.00273093e-01 2.17923815e-04 5.01992851e-04
2.00680669e-01 -8.66252151e-04 5.03669736e-04
2.01088244e-01 -5.91426832e-06 5.05864081e-04
2.01495816e-01 4.02363971e-04 5.08416584e-04
2.01903387e-01 3.33624193e-04 5.14553033e-04
2.02310956e-01 3.66774586e-04 5.00867551e-04
2.02718523e-01 -3.33045638e-04 5.13550642e-04
2.03126088e-01 2.24487425e-04 5.11446293e-04
2.03533651e-01 7.01605397e-04 5.13191438e-04
2.03941212e-01 1.15125274e-03 5.15962659e-04
2.04348771e-01 4.02538885e-04 5.02311826e-04
2.04756329e-01 -2.60615321e-04 5.01546656e-04
2.05163884e-01 6.13857706e-04 5.07108905e-04
2.05571438e-01 -1.18321326e-03 4.90360726e-04
2.05978989e-01 2.45177261e-04 4.88286921e-04
2.06386539e-01 -6.36411271e-05 4.88976471e-04
2.06794086e-01 1.66921021e-04 5.07831366e-04
2.07201632e-01 -5.62876771e-05 5.01864070e-04
2.07609175e-01 -3.34287867e-04 4.83766813e-04
2.08016717e-01 1.80439086e-04 4.94222807e-04
2.08424257e-01 2.77497831e-04 4.91117736e-04
2.08831794e-01 1.12603882e-04 4.85226439e-04
2.09239330e-01 -4.93953702e-04 4.88996196e-04
2.09646864e-01 5.86473721e-04 4.95445940e-04
2.10054396e-01 -8.18655560e-05 4.84125383e-04
2.10461925e-01 -2.59977085e-04 4.83249258e-04
2.10869453e-01 1.53064497e-04 4.94065589e-04
2.11276979e-01 -3.32670892e-04 4.82049510e-04
2.11684503e-01 -1.16243815e-04 4.82896819e-04
2.12092025e-01 5.10401335e-04 4.84415501e-04
2.12499544e-01 7.54638021e-04 4.74291843e-04
2.12907062e-01 4.30189551e-04 4.80531357e-04
2.13314578e-01 1.63914534e-04 4.78396266e-04
2.13722092e-01 -2.30787090e-04 4.77672494e-04
2.14129603e-01 8.84062730e-06 4.75137294e-04
2.14537113e-01 3.97279833e-04 4.80578368e-04
2.14944621e-01 1.80728651e-04 4.85988314e-04
2.15352126e-01 -1.49038890e-04 4.80105904e-04
2.15759630e-01 -2.84358963e-04 4.73674096e-04
2.16167131e-01 3.11038450e-04 4.74445212e-04
2.16574631e-01 2.93814270e-04 4.60475216e-04
2.16982128e-01 1.32205432e-04 4.73048002e-04
2.17389624e-01 -3.44590239e-04 4.62878358e-04
2.17797117e-01 -3.29616553e-04 4.67768563e-04
2.18204608e-01 -2.44472581e-04 4.75524498e-04
2.18612098e-01 -1.81002949e-04 4.68705200e-04
2.19019585e-01 -5.53718042e-04 4.59245867e-04
2.19427070e-01 2.38767730e-04 4.67283625e-04
2.19834553e-01 1.09059715e-04 4.63374914e-04
2.20242034e-01 2.90557570e-04 4.77480698e-04
2.20649512e-01 1.34922356e-04 4.68417860e-04
2.21056989e-01 -3.27444413e-05 4.64014407e-04
2.21464464e-01 1.93934146e-05 4.60092901e-04
2.21871936e-01 3.51874062e-04 4.62919125e-04
2.22279407e-01 -7.13513930e-04 4.65831989e-04
2.22686875e-01 -7.98037141e-04 4.58525582e-04
2.23094341e-01 5.77347014e-04 4.64447323e-04
2.23501805e-01 3.15305840e-04 4.66100364e-04
2.23909267e-01 -1.60132683e-04 4.64850076e-04
2.24316727e-01 4.99049463e-04 4.73493015e-04
2.24724185e-01 1.51700160e-04 4.64582744e-04
2.25131641e-01 -9.34773183e-04 4.51367094e-04
2.25539094e-01 -2.44373427e-04 4.51553323e-04
2.25946545e-01 8.47712647e-04 4.67799606e-04
2.26353995e-01 6.54290476e-04 4.57143711e-04
2.26761442e-01 5.48913830e-04 4.59634893e-04
2.27168887e-01 -7.41643472e-04 4.46766320e-04
2.27576329e-01 2.11004247e-04 4.47133583e-04
2.27983770e-01 -4.29272810e-04 4.56049870e-04
2.28391208e-01 7.77484909e-04 4.56663308e-04
2.28798645e-01 2.73777751e-05 4.52570680e-04
2.29206079e-01 8.41214617e-05 4.61687180e-04
2.29613511e-01 6.22060173e-04 4.65831900e-04
2.30020941e-01 -8.11536664e-04 4.57169223e-04
2.30428368e-01 -6.74471963e-04 4.64732021e-04
2.30835794e-01 3.68636880e-04 4.64051929e-04
2.31243217e-01 -2.41239295e-04 4.67518602e-04
2.31650638e-01 9.02529083e-05 4.63585330e-04
2.32058057e-01 1.74544158e-04 4.77296343e-04
2.32465473e-01 6.03457037e-04 4.56429726e-04
2.32872888e-01 3.63429176e-04 4.61448349e-04
2.33280300e-01 7.39799514e-04 4.58867083e-04
2.33687710e-01 -8.34646778e-05 4.62654365e-04
2.34095118e-01 9.11417588e-05 4.58516399e-04
2.34502524e-01 -1.41026265e-04 4.56895442e-04
2.34909927e-01 2.50211592e-04 4.79841239e-04
2.35317328e-01 1.38285752e-03 4.68487216e-04
2.35724727e-01 5.79536137e-04 4.63338442e-04
2.36132124e-01 -3.43463121e-04 4.49120938e-04
2.36539518e-01 3.16342552e-04 4.51225706e-04
2.36946911e-01 5.02873712e-05 4.53407466e-04
2.37354301e-01 -4.30764380e-04 4.46514446e-04
2.37761688e-01 -4.48034617e-05 4.49905367e-04
2.38169074e-01 7.24181664e-04 4.51898309e-04
2.38576457e-01 5.73315319e-04 4.56175629e-04
2.38983838e-01 4.54380087e-04 4.53239658e-04
2.39391217e-01 -1.85679969e-04 4.46917569e-04
2.39798593e-01 6.59150231e-05 4.46306533e-04
2.40205967e-01 2.11244934e-04 4.45584195e-04
2.40613339e-01 -7.95081717e-04 4.42931430e-04
2.41020709e-01 -7.09801409e-04 4.40389417e-04
2.41428076e-01 9.58011914e-05 4.45677307e-04
2.41835441e-01 3.81248032e-04 4.55383659e-04
2.42242804e-01 -3.41688004e-04 4.45836353e-04
2.42650165e-01 3.47568913e-04 4.45193117e-04
2.43057523e-01 -2.65554312e-04 4.44399676e-04
2.43464879e-01 3.21620976e-04 4.45170047e-04
2.43872232e-01 6.48892078e-04 4.50425752e-04
2.44279584e-01 2.94519828e-04 4.36564695e-04
2.44686933e-01 -2.02559688e-04 4.40012668e-04
2.45094279e-01 1.55481999e-04 4.35273719e-04
2.45501624e-01 1.76869243e-04 4.37090324e-04
2.45908966e-01 -2.12270142e-05 4.38656533e-04
2.46316305e-01 4.74752458e-04 4.42009737e-04
2.46723643e-01 1.37262787e-04 4.41695726e-04
2.47130978e-01 4.35514687e-04 4.35044263e-04
2.47538310e-01 5.07601614e-04 4.32981646e-04
2.47945641e-01 1.18166108e-04 4.30995497e-04
2.48352969e-01 1.04404100e-03 4.28260022e-04
2.48760294e-01 7.25329976e-04 4.36509708e-04
2.49167618e-01 7.30057221e-04 4.39840844e-04
2.49574939e-01 8.05602114e-04 4.35465830e-04
2.49982257e-01 -9.08600219e-05 4.32977416e-04
2.50389573e-01 -5.31315515e-05 4.30017997e-04
2.50796887e-01 2.41342993e-04 4.29744727e-04
2.51204199e-01 2.76105596e-04 4.31241549e-04
2.51611508e-01 -3.34636508e-05 4.35573299e-04
2.52018815e-01 2.46178839e-04 4.29968697e-04
2.52426119e-01 -3.33984453e-04 4.26067659e-04
2.52833421e-01 6.84105108e-04 4.33654034e-04
2.53240720e-01 7.90010568e-05 4.20684729e-04
2.53648017e-01 2.07559124e-04 4.38441645e-04
2.54055312e-01 -1.78514228e-05 4.25672660e-04
2.54462605e-01 3.56493706e-04 4.33472568e-04
2.54869894e-01 3.68883390e-05 4.25043488e-04
2.55277182e-01 1.72532175e-04 4.26947130e-04
2.55684467e-01 3.38380744e-04 4.26286171e-04
2.56091750e-01 -8.46359142e-05 4.17677545e-04
2.56499030e-01 3.08090480e-04 4.23310730e-04
2.56906308e-01 2.53303821e-04 4.30033608e-04
2.57313583e-01 -1.72366966e-04 4.20194166e-04
2.57720856e-01 -1.03320088e-04 4.21356835e-04
2.58128127e-01 -3.66823435e-04 4.19288790e-04
2.58535395e-01 4.13183815e-04 4.26919660e-04
2.58942661e-01 -1.97758821e-04 4.25475287e-04
2.59349924e-01 -3.50786714e-04 4.20111858e-04
2.59757184e-01 3.44024258e-04 4.20302991e-04
2.60164443e-01 -3.20581490e-04 4.22267683e-04
2.60571699e-01 4.03712810e-04 4.20743833e-04
2.60978952e-01 5.90249982e-05 4.08873927e-04
2.61386203e-01 2.12704965e-04 4.21032792e-04
2.61793451e-01 3.12763728e-04 4.25588654e-04
2.62200697e-01 -6.88890184e-04 4.16645861e-04
2.62607941e-01 -1.70752060e-04 4.17169968e-04
2.63015182e-01 1.42612624e-04 4.07780678e-04
2.63422420e-01 -8.68901460e-04 4.14653346e-04
2.63829656e-01 5.21307528e-05 4.19278222e-04
2.64236890e-01 -7.63687907e-04 4.14544999e-04
2.64644121e-01 -2.67054538e-04 4.15578711e-04
2.65051349e-01 -4.27452986e-04 4.09020549e-04
2.65458575e-01 -4.78977367e-04 4.12164270e-04
2.65865799e-01 6.78813322e-05 4.04582058e-04
2.66273019e-01 3.38458882e-04 4.17633385e-04
2.66680238e-01 7.38024392e-04 4.09295602e-04
2.67087454e-01 7.89240188e-04 4.16802199e-04
2.67494667e-01 -7.28486499e-05 4.08266203e-04
2.67901878e-01 -1.55481244e-05 4.05352571e-04
2.68309086e-01 5.46733437e-05 3.98372621e-04
2.68716292e-01 7.20959154e-04 4.00733891e-04
2.69123495e-01 -3.91384324e-04 4.00452389e-04
2.69530696e-01 -6.82264456e-05 4.00413320e-04
2.69937894e-01 -1.07842206e-04 4.09626139e-04
2.70345090e-01 -6.40611563e-04 4.08207841e-04
2.70752283e-01 3.37962618e-04 3.97185986e-04
2.71159473e-01 -1.82158192e-05 4.02250107e-04
2.71566661e-01 8.41337883e-04 4.00369332e-04
2.71973847e-01 5.53997187e-04 4.04362148e-04
2.72381030e-01 4.22593101e-04 4.07443092e-04
2.72788210e-01 -2.19489446e-04 4.09446198e-04
2.73195387e-01 -4.77158212e-05 4.04563466e-04
2.73602562e-01 -1.31670418e-05 4.01024572e-04
2.74009735e-01 -2.85609098e-04 4.04127410e-04
2.74416905e-01 3.93423041e-04 3.96412029e-04
2.74824072e-01 6.89387324e-04 3.95827820e-04
2.75231237e-01 5.07002943e-04 4.08625853e-04
2.75638399e-01 3.78970796e-04 4.08372881e-04
2.76045558e-01 4.78499114e-04 4.03987766e-04
2.76452715e-01 4.91140689e-05 3.98122309e-04
2.76859869e-01 -5.23175530e-04 3.88744617e-04
2.77267021e-01 -1.22802845e-04 4.01370038e-04
2.77674170e-01 1.01748489e-03 3.97642046e-04
2.78081316e-01 9.15393042e-04 4.04237037e-04
2.78488460e-01 1.95484879e-04 3.96822251e-04
2.78895601e-01 4.01071503e-04 4.03252818e-04
2.79302740e-01 -3.95944739e-04 4.03394168e-04
2.79709875e-01 -9.12839321e-05 3.93004114e-04
2.80117009e-01 2.37412573e-05 4.03424011e-04
2.80524139e-01 1.05027941e-03 4.01544058e-04
2.80931267e-01 2.13679816e-04 3.88456637e-04
2.81338392e-01 1.14806200e-04 3.95578054e-04
2.81745515e-01 -6.02205300e-05 4.04928533e-04
2.82152635e-01 2.57100430e-04 3.95796940e-04
2.82559752e-01 5.20958450e-04 3.95412944e-04
2.82966866e-01 3.17382914e-05 3.91381604e-04
2.83373978e-01 7.81111959e-04 3.90794058e-04
2.83781088e-01 1.92220965e-04 3.95485971e-04
2.84188194e-01 8.21231986e-05 3.95612722e-04
2.84595298e-01 2.91705831e-04 3.97172842e-04
2.85002399e-01 -4.30322150e-04 3.96251574e-04
2.85409497e-01 -3.47048182e-04 3.96640623e-04
2.85816593e-01 4.75062011e-04 3.97233259e-04
2.86223686e-01 1.90006658e-04 3.90616869e-04
2.86630777e-01 -3.83012478e-04 3.86264292e-04
2.87037864e-01 -2.39296639e-04 3.92533097e-04
2.87444949e-01 2.01102675e-04 3.96084919e-04
2.87852031e-01 8.51468986e-04 4.07720308e-04
2.88259111e-01 2.57007689e-04 3.98617894e-04
2.88666188e-01 1.97467205e-04 4.04275070e-04
2.89073262e-01 2.60911989e-04 4.10580870e-04
2.89480333e-01 -2.42511072e-04 4.03702759e-04
2.89887401e-01 5.41159575e-04 4.05863817e-04
2.90294467e-01 4.04171775e-04 3.99589844e-04
2.90701530e-01 -3.05684873e-05 3.98960265e-04
2.91108591e-01 -3.40315780e-05 4.01292466e-04
2.91515648e-01 -5.47118944e-04 3.94749863e-04
2.91922703e-01 -4.59866139e-04 3.92888354e-04
2.92329755e-01 -1.49383798e-05 3.86478109e-04
2.92736804e-01 2.39857994e-05 3.94884097e-04
2.93143851e-01 2.77762549e-04 3.88032663e-04
2.93550895e-01 5.75734262e-04 3.87538054e-04
2.93957936e-01 3.12577204e-04 3.93003976e-04
2.94364974e-01 -1.27704971e-04 3.88118947e-04
2.94772009e-01 -4.75125300e-05 3.93057143e-04
2.95179042e-01 5.93101716e-04 3.99676942e-04
2.95586072e-01 6.45500675e-04 3.96559697e-04
2.95993099e-01 3.78204673e-04 3.93480708e-04
2.96400123e-01 -3.93721387e-04 3.88769622e-04
2.96807145e-01 -7.46121128e-04 3.93117352e-04
2.97214163e-01 -1.24294743e-04 3.96044202e-04
2.97621179e-01 -2.03436209e-05 4.01792382e-04
2.98028192e-01 -8.41025956e-05 3.90875525e-04
2.98435202e-01 -1.60708704e-04 3.91845206e-04
2.98842210e-01 -4.43151388e-04 3.90551263e-04
2.99249214e-01 -1.73906804e-04 3.95197243e-04
2.99656216e-01 -3.18245774e-04 3.91545435e-04
3.00063215e-01 3.58610553e-04 3.96610468e-04
3.00470211e-01 -6.24427688e-05 3.94163988e-04
3.00877204e-01 2.82977941e-04 3.95702276e-04
3.01284194e-01 -2.10259360e-04 4.00026417e-04
3.01691182e-01 3.55204298e-04 3.96995524e-04
3.02098167e-01 -1.73065234e-04 3.83231965e-04
3.02505149e-01 2.48058970e-04 3.88784847e-04
3.02912128e-01 5.87826996e-04 3.92217655e-04
3.03319104e-01 -3.72146712e-04 3.88109171e-04
3.03726077e-01 -1.08514843e-04 3.90485098e-04
3.04133047e-01 -6.83060747e-04 3.93450446e-04
3.04540015e-01 2.39204549e-04 3.98093300e-04
3.04946979e-01 6.27379045e-04 3.94831823e-04
3.05353941e-01 2.74305057e-04 3.85881863e-04
3.05760900e-01 1.41191999e-04 3.85420355e-04
3.06167856e-01 4.95941473e-04 3.89694330e-04
3.06574809e-01 8.37347011e-05 3.90364651e-04
3.06981759e-01 3.90963932e-04 4.01017447e-04
3.07388706e-01 -3.90175904e-04 3.89453510e-04
3.07795651e-01 9.55586026e-05 3.95203684e-04
3.08202592e-01 -7.61281370e-04 3.91887698e-04
3.08609531e-01 2.22144673e-04 3.87700604e-04
3.09016466e-01 2.42011660e-04 3.92590507e-04
3.09423399e-01 -2.18243205e-04 3.99167069e-04
3.09830329e-01 -4.09801619e-04 4.05315435e-04
3.10237256e-01 2.30452468e-05 4.01745869e-04
3.10644180e-01 1.59747544e-04 4.01535759e-04
3.11051101e-01 -4.35905676e-05 3.94192841e-04
3.11458019e-01 6.19264976e-04 4.03132759e-04
3.11864934e-01 2.69444040e-04 4.05477108e-04
3.12271846e-01 2.17352354e-04 3.99559266e-04
3.12678755e-01 1.92728124e-04 4.05055192e-04
3.13085661e-01 -4.30629037e-04 4.04825979e-04
3.13492565e-01 2.72105159e-04 4.01581943e-04
3.13899465e-01 -2.52338191e-04 4.07974785e-04
3.14306362e-01 -2.11794289e-04 3.90431693e-04
3.14713257e-01 4.52975338e-05 4.03329569e-04
3.15120148e-01 1.10131333e-03 4.07067410e-04
3.15527037e-01 -2.14396967e-04 4.08854840e-04
3.15933922e-01 2.00077550e-04 4.10006019e-04
3.16340805e-01 -3.09101418e-04 4.48818564e-04
3.16747684e-01 6.62999066e-04 4.86633621e-04
3.17154561e-01 -5.67255741e-04 5.09257305e-04
3.17561434e-01 2.59234220e-04 5.43127200e-04
3.17968305e-01 -9.41539378e-05 5.76323630e-04
3.18375172e-01 -8.07784692e-04 6.07430258e-04
3.18782037e-01 -3.94490545e-04 6.18948995e-04
3.19188898e-01 -3.90315741e-04 6.51881122e-04
3.19595757e-01 -8.88227606e-04 6.67394534e-04
3.20002612e-01 8.78986510e-04 7.27734016e-04
3.20409465e-01 1.50080114e-03 8.09896204e-04
3.20816314e-01 -1.22086929e-03 8.53447117e-04
3.21223160e-01 -1.70043906e-04 9.57112501e-04
3.21630004e-01 -3.37814619e-04 1.05385427e-03
3.22036844e-01 -2.57600182e-05 1.34282457e-03
3.22443681e-01 1.82884929e-03 1.90203357e-03
3.22850516e-01 4.06933084e-04 6.13265307e-03
