4.08043586e-03 -1.28261684e-02 3.04746095e-02
4.48847930e-03 -1.89824514e-02 2.74540261e-02
4.89652269e-03 -2.05006703e-02 1.99720304e-02
5.30456604e-03 -9.76498490e-03 1.45920247e-02
5.71260934e-03 -4.11100576e-03 1.10050636e-02
6.12065258e-03 -4.72407503e-03 8.82785436e-03
6.52869577e-03 -7.16959586e-03 7.22549718e-03
6.93673889e-03 -4.75623380e-03 6.26670699e-03
7.34478195e-03 -1.15862522e-02 5.65355321e-03
7.75282494e-03 -7.36263098e-03 5.48666673e-03
8.16086785e-03 -7.35563419e-03 4.95454216e-03
8.56891069e-03 -4.50279369e-03 4.44488529e-03
8.97695345e-03 -1.12706329e-03 4.14846025e-03
9.38499612e-03 -1.73138113e-03 3.73127383e-03
9.79303870e-03 -9.45950349e-04 3.63804274e-03
1.02010812e-02 -1.21973259e-04 3.25758716e-03
1.06091236e-02 -5.48200624e-03 3.09739878e-03
1.10171659e-02 -2.15707444e-03 3.12324139e-03
1.14252081e-02 1.37638414e-03 2.84371287e-03
1.18332501e-02 6.45332397e-05 2.83331199e-03
1.22412921e-02 -2.81400703e-03 2.74750362e-03
1.26493339e-02 -4.18598500e-03 2.40490464e-03
1.30573757e-02 -8.41183245e-03 2.35229955e-03
1.34654173e-02 6.03419583e-04 2.77474410e-03
1.38734588e-02 1.58773096e-03 2.31635578e-03
1.42815001e-02 -2.05581253e-03 2.22576827e-03
1.46895413e-02 2.32228331e-03 2.27680226e-03
1.50975824e-02 -2.79213448e-04 2.22978215e-03
1.55056233e-02 9.32206055e-04 2.05713126e-03
1.59136641e-02 1.83116259e-04 2.11641248e-03
1.63217047e-02 2.10662893e-03 2.19556107e-03
1.67297452e-02 1.43797419e-03 1.86241827e-03
1.71377855e-02 2.13058017e-03 2.08658971e-03
1.75458257e-02 1.14249399e-03 2.00531436e-03
1.79538657e-02 1.34973396e-03 1.92918095e-03
1.83619055e-02 1.57710394e-03 1.90373756e-03
1.87699451e-02 -1.47772276e-03 1.84813828e-03
1.91779846e-02 4.11134587e-03 2.06866210e-03
1.95860239e-02 6.12629348e-04 2.02882060e-03
1.99940630e-02 -1.08691323e-03 1.86554452e-03
2.04021019e-02 -1.94495093e-04 1.71254833e-03
2.08101406e-02 3.17555268e-03 1.80290198e-03
2.12181791e-02 1.09241868e-03 1.82226800e-03
2.16262174e-02 -2.40367954e-03 1.77489236e-03
2.20342555e-02 3.28586932e-03 1.72723440e-03
2.24422934e-02 -2.19765488e-04 1.75094796e-03
2.28503311e-02 7.70166848e-04 1.82523398e-03
2.32583686e-02 -4.97134555e-04 1.59360149e-03
2.36664058e-02 2.13505901e-03 1.66598367e-03
2.40744429e-02 -1.40786231e-04 1.63894605e-03
2.44824797e-02 5.11801483e-04 1.71761512e-03
2.48905162e-02 2.50534035e-04 1.59283020e-03
2.52985525e-02 -5.10754286e-04 1.70236487e-03
2.57065886e-02 1.07977364e-03 1.69906921e-03
2.61146245e-02 6.08932285e-04 1.58329887e-03
2.65226601e-02 5.93728895e-04 1.57009946e-03
2.69306954e-02 1.08073642e-03 1.70338744e-03
2.73387305e-02 3.36923818e-04 1.73263422e-03
2.77467653e-02 1.23255267e-03 1.67077782e-03
2.81547999e-02 -1.29750189e-03 1.69861505e-03
2.85628342e-02 1.30604034e-03 1.66780720e-03
2.89708682e-02 1.64291240e-03 1.55599428e-03
2.93789020e-02 1.93597073e-03 1.71126273e-03
2.97869355e-02 -3.31984696e-03 1.55556420e-03
3.01949687e-02 -2.95144963e-03 1.57634371e-03
3.06030016e-02 -2.07386190e-03 1.69535220e-03
3.10110342e-02 -1.58392402e-03 1.60915443e-03
3.14190665e-02 2.48451864e-03 1.55765363e-03
3.18270985e-02 9.86661597e-04 1.56409614e-03
3.22351302e-02 -6.70119694e-05 1.54193253e-03
3.26431617e-02 -1.49394220e-03 1.45934151e-03
3.30511928e-02 2.12861213e-03 1.44535748e-03
3.34592236e-02 3.79161281e-05 1.51232320e-03
3.38672540e-02 7.44076900e-04 1.45286509e-03
3.42752842e-02 5.72470205e-04 1.39773020e-03
3.46833140e-02 1.26806742e-03 1.39948794e-03
3.50913435e-02 -1.20648592e-03 1.35287686e-03
3.54993727e-02 2.00500931e-03 1.42995950e-03
3.59074015e-02 -4.40607984e-05 1.39909956e-03
3.63154300e-02 8.64758930e-04 1.35958713e-03
3.67234581e-02 7.25640533e-04 1.43440086e-03
3.71314859e-02 1.91652550e-03 1.37214276e-03
3.75395134e-02 2.37231472e-03 1.39135027e-03
3.79475405e-02 3.54463959e-04 1.33378662e-03
3.83555672e-02 4.06239511e-04 1.33690542e-03
3.87635935e-02 6.69438774e-04 1.40208282e-03
3.91716195e-02 1.11618223e-03 1.37479940e-03
3.95796452e-02 3.46654500e-04 1.32137754e-03
3.99876704e-02 -7.92571417e-04 1.31637707e-03
4.03956953e-02 2.74609834e-04 1.25599686e-03
4.08037198e-02 1.10546456e-03 1.20550174e-03
4.12117439e-02 2.08301144e-03 1.30312300e-03
4.16197676e-02 2.22864957e-04 1.26522066e-03
4.20277909e-02 6.14977233e-04 1.26410490e-03
4.24358138e-02 -2.43300582e-04 1.21130823e-03
4.28438363e-02 3.44040275e-04 1.29447196e-03
4.32518584e-02 1.53474478e-03 1.25003533e-03
4.36598801e-02 7.91994604e-04 1.17086047e-03
4.40679014e-02 1.21930192e-03 1.26679835e-03
4.44759222e-02 9.66052338e-04 1.24038830e-03
4.48839427e-02 1.75466772e-03 1.20397459e-03
4.52919627e-02 5.19068401e-05 1.19578887e-03
4.56999823e-02 -2.52218502e-03 1.18912851e-03
4.61080014e-02 -1.27382044e-03 1.17976469e-03
4.65160201e-02 -4.57214181e-04 1.12012913e-03
4.69240384e-02 1.59592947e-04 1.21448863e-03
4.73320562e-02 5.61737663e-04 1.14621860e-03
4.77400736e-02 -1.72486053e-03 1.14592876e-03
4.81480905e-02 9.57097174e-04 1.18080393e-03
4.85561070e-02 9.74774018e-04 1.15590232e-03
4.89641230e-02 -1.70184357e-04 1.16824830e-03
4.93721385e-02 -1.49732766e-03 1.11994796e-03
4.97801536e-02 7.13517584e-04 1.16392573e-03
5.01881682e-02 -7.64617512e-05 1.14665948e-03
5.05961823e-02 -9.81319935e-06 1.16653406e-03
5.10041960e-02 1.47088704e-03 1.09555889e-03
5.14122091e-02 -7.76156397e-04 1.13180007e-03
5.18202218e-02 6.01148575e-04 1.12082276e-03
5.22282340e-02 1.01127323e-03 1.08313555e-03
5.26362457e-02 -3.47903763e-04 1.10754937e-03
5.30442569e-02 2.06796167e-03 1.10490167e-03
5.34522675e-02 8.01802854e-04 1.11782053e-03
5.38602777e-02 1.93579386e-03 1.16530085e-03
5.42682874e-02 -1.02494642e-03 1.08760731e-03
5.46762965e-02 -9.43565472e-04 1.07114979e-03
5.50843052e-02 4.47675001e-04 1.04791324e-03
5.54923133e-02 -1.54201714e-03 1.06864422e-03
5.59003208e-02 2.27981145e-04 1.13145943e-03
5.63083279e-02 1.15105479e-03 1.09681027e-03
5.67163344e-02 2.49642800e-04 1.10552898e-03
5.71243404e-02 4.83377260e-04 1.09900340e-03
5.75323458e-02 -1.60477118e-03 1.06709572e-03
5.79403507e-02 -3.41586492e-04 1.10207749e-03
5.83483551e-02 -8.65160779e-04 1.12708893e-03
5.87563588e-02 -1.35084676e-03 1.15620626e-03
5.91643621e-02 6.18404596e-04 1.14301222e-03
5.95723647e-02 9.11811369e-04 1.16355131e-03
5.99803668e-02 8.93987097e-05 1.10900830e-03
6.03883684e-02 -7.30891228e-04 1.09222215e-03
6.07963693e-02 4.38175043e-04 1.13673535e-03
6.12043697e-02 -2.25544224e-03 1.07491731e-03
6.16123695e-02 -8.79573405e-04 1.09948838e-03
6.20203687e-02 -1.72627299e-04 1.08251927e-03
6.24283674e-02 -1.24189805e-03 1.07799898e-03
6.28363654e-02 7.69412761e-04 1.08732031e-03
6.32443629e-02 8.52458432e-05 1.06733249e-03
6.36523597e-02 1.31899516e-03 1.04016233e-03
6.40603559e-02 -3.04945009e-04 1.05999735e-03
6.44683516e-02 5.44255494e-04 1.04908872e-03
6.48763466e-02 1.56294465e-04 1.00872548e-03
6.52843410e-02 1.58209213e-03 1.06640427e-03
6.56923348e-02 -9.76301247e-04 1.02385690e-03
6.61003279e-02 -5.95232828e-05 1.00252530e-03
6.65083205e-02 2.03828569e-03 1.05351845e-03
6.69163124e-02 6.69266245e-04 1.01466612e-03
6.73243036e-02 8.61118639e-04 9.75065842e-04
6.77322943e-02 -3.27829350e-04 1.00474193e-03
6.81402842e-02 3.16167754e-04 9.81163344e-04
6.85482736e-02 -8.69378478e-04 9.56340665e-04
6.89562623e-02 5.16142297e-04 9.94060296e-04
6.93642503e-02 9.62523476e-04 9.82186852e-04
6.97722377e-02 6.66307815e-04 9.81710007e-04
7.01802244e-02 2.17285878e-03 9.72623471e-04
7.05882105e-02 -9.62608438e-04 9.99915692e-04
7.09961958e-02 -2.92199535e-05 9.58128607e-04
7.14041805e-02 -1.50196628e-03 9.22496885e-04
7.18121646e-02 7.58673882e-04 9.47628852e-04
7.22201479e-02 -3.68737629e-04 9.44583971e-04
7.26281306e-02 -5.57652321e-04 9.39145777e-04
7.30361126e-02 6.83923083e-04 9.30738280e-04
7.34440938e-02 4.38500335e-05 9.24048779e-04
7.38520744e-02 -6.22685399e-04 9.62780330e-04
7.42600543e-02 1.03444314e-04 9.38269577e-04
7.46680335e-02 8.84724734e-05 9.28703487e-04
7.50760119e-02 2.81455927e-04 9.34673220e-04
7.54839897e-02 4.88425097e-04 8.84469869e-04
7.58919667e-02 7.23342866e-04 8.99607732e-04
7.62999431e-02 1.09726100e-03 8.92364644e-04
7.67079187e-02 1.40287042e-03 9.32150283e-04
7.71158935e-02 -8.95948234e-04 9.15296317e-04
7.75238677e-02 7.46508268e-05 9.25913775e-04
7.79318411e-02 -1.13086988e-03 9.20535841e-04
7.83398137e-02 1.17023561e-03 8.81970973e-04
7.87477857e-02 7.14026093e-04 9.09918037e-04
7.91557568e-02 2.79786144e-04 8.95167539e-04
7.95637273e-02 8.62544173e-04 9.20559940e-04
7.99716969e-02 -6.41892126e-05 9.05304009e-04
8.03796658e-02 -1.43493957e-04 9.09170541e-04
8.07876340e-02 -2.45051348e-03 8.64935255e-04
8.11956014e-02 -3.07126821e-04 8.48849019e-04
8.16035680e-02 1.00403614e-04 8.40255626e-04
8.20115338e-02 -3.23057553e-04 8.64614189e-04
8.24194989e-02 5.01943660e-04 8.45217862e-04
8.28274631e-02 -6.15796573e-04 8.20521124e-04
8.32354266e-02 -2.21135880e-04 8.59045113e-04
8.36433893e-02 -8.07934714e-04 8.56616112e-04
8.40513512e-02 -1.97545098e-03 8.60871560e-04
8.44593123e-02 -2.35301753e-04 8.59258610e-04
8.48672727e-02 -1.93722840e-04 8.63175741e-04
8.52752322e-02 1.33552052e-03 8.63150033e-04
8.56831909e-02 -7.38900676e-04 8.33825293e-04
8.60911487e-02 8.61161036e-05 8.27509007e-04
8.64991058e-02 -1.44711929e-04 8.41245004e-04
8.69070620e-02 -9.50818548e-04 8.28338914e-04
8.73150175e-02 -2.34384973e-04 8.23470586e-04
8.77229721e-02 2.52107828e-04 8.49621492e-04
8.81309258e-02 -6.30798064e-04 8.08990403e-04
8.85388787e-02 1.36227279e-03 8.38724571e-04
8.89468308e-02 4.49240247e-04 8.30979449e-04
8.93547821e-02 -3.14064780e-04 8.57991995e-04
8.97627325e-02 1.42934520e-04 8.22075610e-04
9.01706820e-02 1.52183918e-04 8.17957960e-04
9.05786307e-02 5.77253120e-04 8.16719075e-04
9.09865785e-02 -5.63801317e-04 8.12359118e-04
9.13945255e-02 -5.30908831e-04 8.18421609e-04
9.18024716e-02 -3.56864513e-04 8.08669243e-04
9.22104168e-02 1.65156662e-04 8.09316795e-04
9.26183611e-02 6.84875740e-04 8.10021109e-04
9.30263046e-02 4.86453116e-04 8.01874231e-04
9.34342472e-02 1.02394392e-04 8.17891373e-04
9.38421889e-02 -1.13213334e-03 8.20444758e-04
9.42501297e-02 9.06306012e-04 8.19275660e-04
9.46580696e-02 -3.70226587e-04 8.08519890e-04
9.50660087e-02 5.75499463e-04 8.50385407e-04
9.54739468e-02 -7.70530577e-04 7.93798181e-04
9.58818840e-02 -4.98086187e-04 7.95715950e-04
9.62898203e-02 -1.55638769e-03 7.74810960e-04
9.66977557e-02 6.19209781e-04 7.95285642e-04
9.71056902e-02 8.49892460e-04 7.90671396e-04
9.75136237e-02 -6.62289034e-04 7.77724246e-04
9.79215564e-02 6.68426224e-05 8.04698237e-04
9.83294881e-02 -2.04860932e-03 7.55718882e-04
9.87374188e-02 3.97539768e-04 7.65761657e-04
9.91453487e-02 3.79135097e-04 7.57386214e-04
9.95532775e-02 -1.65200998e-04 7.61427916e-04
9.99612055e-02 1.43954605e-03 7.59590189e-04
1.00369132e-01 -5.91997233e-04 7.84536005e-04
1.00777059e-01 1.02937877e-03 7.70041928e-04
1.01184984e-01 -8.37574660e-04 7.70066503e-04
1.01592908e-01 1.41772101e-03 7.60189520e-04
1.02000831e-01 2.16733050e-04 7.49893248e-04
1.02408753e-01 6.93634147e-04 7.72729634e-04
1.02816674e-01 2.28037579e-04 7.60340671e-04
1.03224595e-01 2.69850196e-04 7.37198401e-04
1.03632514e-01 -4.04445622e-04 7.37352703e-04
1.04040432e-01 5.74681820e-04 7.67847069e-04
1.04448349e-01 7.07495094e-04 7.62268086e-04
1.04856266e-01 -6.96731464e-04 7.41964576e-04
1.05264181e-01 -7.79011608e-04 7.51723636e-04
1.05672095e-01 1.08843368e-03 7.38835172e-04
1.06080009e-01 -9.28816295e-04 7.32236657e-04
1.06487921e-01 6.23552682e-04 7.06981869e-04
1.06895832e-01 6.22543063e-04 7.57613029e-04
1.07303743e-01 -8.96220728e-05 7.46843544e-04
1.07711652e-01 2.67653887e-04 7.63527127e-04
1.08119560e-01 3.03429723e-04 7.60086900e-04
1.08527467e-01 -3.57303101e-05 7.65408877e-04
1.08935374e-01 -1.67488353e-04 7.56127472e-04
1.09343279e-01 -7.01316267e-04 7.35597274e-04
1.09751183e-01 1.09971518e-03 7.29647520e-04
1.10159086e-01 7.97844567e-07 7.22208576e-04
1.10566988e-01 -3.50239369e-04 7.26515212e-04
1.10974889e-01 5.01610298e-04 7.06898562e-04
1.11382789e-01 -4.47846921e-04 7.28608748e-04
1.11790688e-01 -7.10257582e-04 7.29795220e-04
1.12198586e-01 -2.47358216e-04 7.15463982e-04
1.12606482e-01 3.36843004e-04 7.37771506e-04
1.13014378e-01 6.92452760e-04 7.27285317e-04
1.13422273e-01 8.06758643e-04 7.33283603e-04
1.13830166e-01 -3.25521257e-04 7.35198175e-04
1.14238059e-01 -5.52596916e-04 7.51536420e-04
1.14645950e-01 4.55936095e-04 7.29355506e-04
1.15053840e-01 -1.55610495e-04 7.36078035e-04
1.15461730e-01 -2.29746763e-04 7.41086120e-04
1.15869618e-01 -3.46297780e-04 7.26390451e-04
1.16277505e-01 4.48415519e-04 7.48790182e-04
1.16685391e-01 -2.47691152e-04 7.34555669e-04
1.17093275e-01 -1.14581655e-04 7.43632979e-04
1.17501159e-01 9.73475641e-04 7.65578068e-04
1.17909042e-01 -9.51321839e-04 7.14773092e-04
1.18316923e-01 -1.69388490e-04 7.27396056e-04
1.18724803e-01 7.49067861e-04 7.20592927e-04
1.19132683e-01 2.42379883e-04 7.26298952e-04
1.19540561e-01 -1.11166114e-03 6.98837867e-04
1.19948438e-01 9.58674200e-04 6.97470321e-04
1.20356313e-01 9.38227413e-04 7.12784508e-04
1.20764188e-01 1.02454905e-03 7.04204384e-04
1.21172062e-01 -4.03724973e-04 6.87080113e-04
1.21579934e-01 1.00671539e-03 6.96450664e-04
1.21987805e-01 7.17192118e-04 7.00234556e-04
1.22395675e-01 9.94511139e-04 6.59587049e-04
1.22803544e-01 3.15883683e-05 6.72466982e-04
1.23211412e-01 1.50748365e-03 6.89790940e-04
1.23619278e-01 -1.58465662e-04 6.63340926e-04
1.24027144e-01 -8.30818842e-04 6.64508583e-04
1.24435008e-01 1.24340807e-03 7.03455530e-04
1.24842871e-01 7.02240457e-04 6.88075831e-04
1.25250733e-01 -1.92982275e-04 6.86468573e-04
1.25658594e-01 -3.92263499e-04 6.67043519e-04
1.26066453e-01 1.14066745e-03 6.73191010e-04
1.26474311e-01 3.93561628e-04 6.78076305e-04
1.26882168e-01 -7.50405136e-04 6.87701176e-04
1.27290024e-01 9.30626070e-04 6.69174388e-04
1.27697879e-01 -7.51989828e-04 6.74156846e-04
1.28105732e-01 -1.26793556e-04 6.86371347e-04
1.28513585e-01 9.09768197e-04 6.63705809e-04
1.28921436e-01 8.34303084e-04 6.76660363e-04
1.29329285e-01 2.77637280e-04 6.71414060e-04
1.29737134e-01 -8.64614214e-04 6.58873324e-04
1.30144981e-01 -7.45663065e-04 6.61997911e-04
1.30552828e-01 4.50971404e-04 6.64505911e-04
1.30960672e-01 -2.97352450e-05 6.57752614e-04
1.31368516e-01 2.76789308e-04 6.62639238e-04
1.31776358e-01 6.96969455e-04 6.75313123e-04
1.32184200e-01 6.80721634e-04 6.61809200e-04
1.32592039e-01 -3.13178798e-04 6.42848781e-04
1.32999878e-01 -2.88858521e-04 6.36924211e-04
1.33407715e-01 4.50622350e-04 6.41195917e-04
1.33815552e-01 3.14230161e-04 6.50122381e-04
1.34223386e-01 9.08202717e-06 6.32876440e-04
1.34631220e-01 6.98976757e-04 6.40799292e-04
1.35039052e-01 2.66311125e-04 6.76345368e-04
1.35446883e-01 -7.47867253e-04 6.32293951e-04
1.35854713e-01 -9.20303790e-04 6.47631141e-04
1.36262541e-01 1.16615830e-03 6.44259306e-04
1.36670368e-01 1.44188814e-03 6.52338366e-04
1.37078194e-01 -9.38523761e-04 6.35335209e-04
1.37486019e-01 -5.36390424e-04 6.34001236e-04
1.37893842e-01 1.03202520e-03 6.32384897e-04
1.38301664e-01 -2.66498255e-04 6.41030036e-04
1.38709485e-01 1.14409642e-03 6.41803834e-04
1.39117304e-01 3.06960905e-04 6.32775731e-04
1.39525122e-01 1.02374661e-03 6.38562153e-04
1.39932939e-01 -4.76506127e-04 6.18291859e-04
1.40340754e-01 -2.35575892e-04 6.01518716e-04
1.40748568e-01 6.45349059e-05 5.96727635e-04
1.41156381e-01 3.94040590e-04 6.09354172e-04
1.41564192e-01 -2.37344428e-04 6.06819609e-04
1.41972002e-01 6.93550273e-04 6.21038839e-04
1.42379811e-01 -6.72524502e-04 6.20677156e-04
1.42787618e-01 3.01309650e-04 6.18945377e-04
1.43195424e-01 6.00351619e-05 6.27035582e-04
1.43603228e-01 6.67983035e-04 6.35008390e-04
1.44011032e-01 -5.28071783e-04 6.32714794e-04
1.44418833e-01 8.23795306e-06 6.19576517e-04
1.44826634e-01 3.41604592e-04 6.22557105e-04
1.45234433e-01 5.09065656e-04 6.26784634e-04
1.45642231e-01 -7.53813043e-04 6.26874589e-04
1.46050027e-01 1.15639287e-03 6.41187660e-04
1.46457822e-01 4.56805859e-04 6.40338204e-04
1.46865616e-01 2.83254749e-04 6.40660630e-04
1.47273408e-01 1.57850073e-03 6.47997131e-04
1.47681199e-01 -3.20342066e-04 6.15329059e-04
1.48088988e-01 3.08520183e-04 6.37701186e-04
1.48496776e-01 2.42055852e-05 6.35328502e-04
1.48904563e-01 -1.68833682e-04 6.19520569e-04
1.49312348e-01 -3.16311902e-04 6.25321885e-04
1.49720132e-01 4.09354294e-04 6.25676751e-04
1.50127914e-01 -2.52585775e-05 6.19167275e-04
1.50535695e-01 -2.57588957e-04 6.11059754e-04
1.50943474e-01 -3.28843687e-04 6.08212499e-04
1.51351252e-01 9.49625521e-04 6.12301603e-04
1.51759029e-01 -1.11044402e-03 6.01656435e-04
1.52166804e-01 -7.58505513e-04 6.16071427e-04
1.52574578e-01 6.46208235e-04 6.18256756e-04
1.52982350e-01 2.15867530e-04 6.08437126e-04
1.53390121e-01 -3.94812519e-05 6.05841344e-04
1.53797890e-01 4.96929648e-04 6.04823663e-04
1.54205658e-01 1.45162342e-03 6.09370913e-04
1.54613425e-01 1.95034634e-05 5.94354354e-04
1.55021190e-01 9.45252210e-04 6.11791788e-04
1.55428953e-01 -1.44439777e-04 6.06294052e-04
1.55836716e-01 -7.61430602e-05 6.00027101e-04
1.56244476e-01 7.65368856e-04 6.04372038e-04
1.56652235e-01 2.54837557e-04 5.93888488e-04
1.57059993e-01 9.19784676e-04 5.90844190e-04
1.57467749e-01 2.84091302e-04 5.89622210e-04
1.57875504e-01 6.84332840e-05 5.71282350e-04
1.58283257e-01 -2.59835609e-04 5.70457395e-04
1.58691008e-01 -2.73897112e-04 5.71717799e-04
1.59098758e-01 4.29962325e-04 5.71788660e-04
1.59506507e-01 2.30875080e-04 5.74525312e-04
1.59914254e-01 3.70966091e-04 5.79778570e-04
1.60322000e-01 -5.06736182e-04 5.81358328e-04
1.60729744e-01 6.90060613e-04 5.66294858e-04
1.61137486e-01 1.52750772e-04 5.85744857e-04
1.61545228e-01 -1.24885885e-04 5.75593392e-04
1.61952967e-01 2.87195302e-04 5.72259733e-04
1.62360705e-01 -1.63703105e-04 5.79258495e-04
1.62768441e-01 6.53649451e-04 5.78800734e-04
1.63176176e-01 6.55595948e-04 5.75761778e-04
1.63583910e-01 1.15001085e-03 5.63707340e-04
1.63991641e-01 7.75881538e-04 5.58167144e-04
1.64399372e-01 1.48910013e-04 5.58422071e-04
1.64807100e-01 -5.55427049e-04 5.72607933e-04
1.65214827e-01 -1.53585558e-04 5.69480562e-04
1.65622553e-01 2.35363907e-04 5.74046162e-04
1.66030277e-01 2.47004539e-04 5.67156856e-04
1.66437999e-01 -5.28305752e-04 5.53491746e-04
1.66845720e-01 -4.26819168e-04 5.58882825e-04
1.67253439e-01 3.12598111e-05 5.63200193e-04
1.67661157e-01 4.45368599e-04 5.72194427e-04
1.68068873e-01 -1.83097099e-04 5.59563650e-04
1.68476588e-01 1.23073199e-03 5.62354910e-04
1.68884301e-01 -1.27912772e-04 5.49574881e-04
1.69292012e-01 8.22918072e-04 5.54600353e-04
1.69699721e-01 5.86560448e-04 5.51786713e-04
1.70107430e-01 2.48258229e-04 5.55366647e-04
1.70515136e-01 -9.28052216e-04 5.32880879e-04
1.70922841e-01 -5.87821834e-05 5.27295076e-04
1.71330544e-01 -7.35925831e-04 5.53069704e-04
1.71738246e-01 -1.13361969e-04 5.51902526e-04
1.72145946e-01 -4.89808601e-05 5.46569388e-04
1.72553644e-01 -3.21804178e-04 5.40193653e-04
1.72961341e-01 1.05887428e-04 5.48583905e-04
1.73369036e-01 -5.07866793e-04 5.34647798e-04
1.73776729e-01 4.50217846e-04 5.42378673e-04
1.74184421e-01 2.18305786e-04 5.57173025e-04
1.74592111e-01 -5.01903857e-04 5.34196379e-04
1.74999799e-01 3.32579257e-04 5.35129983e-04
1.75407486e-01 -6.63917486e-05 5.43613630e-04
1.75815171e-01 4.24040825e-04 5.48227356e-04
1.76222855e-01 2.27840416e-04 5.55704207e-04
1.76630537e-01 -5.99937494e-04 5.34788300e-04
1.77038217e-01 -2.93677600e-04 5.28069709e-04
1.77445895e-01 4.03203555e-04 5.34294898e-04
1.77853572e-01 6.05107277e-04 5.36759326e-04
1.78261247e-01 -7.30725567e-04 5.19083331e-04
1.78668921e-01 3.77875861e-05 5.22815360e-04
1.79076592e-01 -1.25093034e-05 5.25194737e-04
1.79484262e-01 7.84889498e-04 5.26941673e-04
1.79891931e-01 -4.32136037e-04 5.17828775e-04
1.80299597e-01 -9.01808978e-04 5.12018754e-04
1.80707262e-01 4.80397433e-04 5.28858826e-04
1.81114925e-01 -1.66106116e-04 5.23224928e-04
1.81522587e-01 3.35336386e-05 5.24366399e-04
1.81930247e-01 -2.19076846e-04 5.21901857e-04
1.82337905e-01 1.51795391e-04 5.35965033e-04
1.82745561e-01 -4.52542103e-04 5.26205730e-04
1.83153215e-01 -5.45004866e-04 5.18776689e-04
1.83560868e-01 1.95979193e-04 5.18202041e-04
1.83968519e-01 7.08493199e-04 5.28371805e-04
1.84376169e-01 3.56842191e-04 5.20111025e-04
1.84783816e-01 3.22597561e-04 5.15503954e-04
1.85191462e-01 -3.82642943e-05 5.23435459e-04
1.85599106e-01 -3.46524889e-04 5.29503979e-04
1.86006749e-01 -4.92132269e-04 5.20593204e-04
1.86414389e-01 2.14646721e-04 5.22408125e-04
1.86822028e-01 5.09239069e-05 5.09977883e-04
1.87229665e-01 5.09893065e-04 5.20389962e-04
1.87637300e-01 4.03626153e-05 5.13839909e-04
1.88044934e-01 7.35115403e-05 5.13806801e-04
1.88452566e-01 -7.98845724e-05 5.29122450e-04
1.88860195e-01 5.18023052e-04 5.15013401e-04
1.89267824e-01 -2.73943031e-04 4.97097333e-04
1.89675450e-01 2.54397318e-04 5.16221392e-04
1.90083074e-01 4.31249895e-04 5.07805458e-04
1.90490697e-01 -4.15557614e-04 5.21251229e-04
1.90898318e-01 -4.37006165e-04 5.12962022e-04
1.91305937e-01 6.55752629e-04 5.15538845e-04
1.91713555e-01 2.45664998e-04 5.06295792e-04
1.92121170e-01 6.94786293e-04 5.05226276e-04
1.92528784e-01 2.30393081e-04 5.04394752e-04
1.92936396e-01 4.96610049e-04 4.97721569e-04
1.93344006e-01 5.31164229e-04 5.11159971e-04
1.93751614e-01 8.69766065e-04 5.09867744e-04
1.94159220e-01 1.19709854e-03 4.95624488e-04
1.94566825e-01 -1.79199304e-04 5.08369227e-04
1.94974427e-01 -1.07605149e-03 4.99613595e-04
1.95382028e-01 3.14545209e-04 5.16626836e-04
1.95789627e-01 8.53007297e-05 5.05325316e-04
1.96197224e-01 2.78214899e-04 4.99493161e-04
1.96604820e-01 2.29123948e-04 4.93145527e-04
1.97012413e-01 6.30529253e-04 5.04618175e-04
1.97420005e-01 -3.00949875e-04 5.04935761e-04
1.97827594e-01 1.83400369e-04 5.10274213e-04
1.98235182e-01 6.69067662e-04 4.99647218e-04
1.98642768e-01 6.90682558e-04 5.07958097e-04
1.99050352e-01 9.69225680e-04 5.01581275e-04
1.99457934e-01 4.24944124e-04 5.05313670e-04
1.99865514e-01 4.19663547e-04 5.02485946e-04
2.00273093e-01 -1.44328491e-04 5.03654608e-04
2.00680669e-01 1.27753121e-04 5.07072015e-04
2.01088244e-01 2.74725413e-04 5.13547715e-04
2.01495816e-01 1.24618237e-05 4.96608783e-04
2.01903387e-01 5.66931766e-04 5.01619799e-04
2.02310956e-01 3.65402239e-04 5.08718214e-04
2.02718523e-01 1.17571112e-04 5.12107836e-04
2.03126088e-01 7.57680807e-04 5.15667774e-04
2.03533651e-01 7.59571910e-05 5.08877083e-04
2.03941212e-01 1.43765164e-05 5.02165084e-04
2.04348771e-01 -2.20237123e-05 5.03711029e-04
2.04756329e-01 1.02187642e-04 5.05205808e-04
2.05163884e-01 -1.94365061e-04 5.04212246e-04
2.05571438e-01 5.28464431e-04 4.86211694e-04
2.05978989e-01 3.18061834e-04 5.02044592e-04
2.06386539e-01 3.14784578e-04 4.97327109e-04
2.06794086e-01 2.97593734e-04 4.93730262e-04
2.07201632e-01 -1.13386274e-03 4.89743902e-04
2.07609175e-01 -7.77121264e-05 4.84818458e-04
2.08016717e-01 -3.28015518e-04 4.90312228e-04
2.08424257e-01 -1.54673309e-04 4.87757269e-04
2.08831794e-01 -1.59368392e-04 4.93379701e-04
2.09239330e-01 -9.71425571e-05 4.83869747e-04
2.09646864e-01 1.73007553e-04 4.92712739e-04
2.10054396e-01 1.86118271e-04 4.74898567e-04
2.10461925e-01 -8.78925393e-05 4.76703353e-04
2.10869453e-01 -7.19449906e-04 4.74530608e-04
2.11276979e-01 2.85008264e-04 4.83067614e-04
2.11684503e-01 7.09364475e-05 4.84021100e-04
2.12092025e-01 4.55998801e-04 4.87264270e-04
2.12499544e-01 1.24515673e-04 4.75027395e-04
2.12907062e-01 2.12903707e-04 4.81038662e-04
2.13314578e-01 3.20850194e-04 4.83301164e-04
2.13722092e-01 -3.01231274e-04 4.76991992e-04
2.14129603e-01 3.09026343e-04 4.73379670e-04
2.14537113e-01 2.02681106e-04 4.84610992e-04
2.14944621e-01 -4.03598265e-04 4.72785744e-04
2.15352126e-01 3.41293450e-04 4.77509605e-04
2.15759630e-01 -2.41106647e-04 4.75006567e-04
2.16167131e-01 -2.27841856e-04 4.71732153e-04
2.16574631e-01 8.99193602e-05 4.72778697e-04
2.16982128e-01 2.48573656e-04 4.68035207e-04
2.17389624e-01 -8.49610878e-04 4.69836970e-04
2.17797117e-01 -1.29201852e-04 4.62878449e-04
2.18204608e-01 8.94516720e-04 4.66746789e-04
2.18612098e-01 1.10637001e-03 4.71750934e-04
2.19019585e-01 6.42769879e-04 4.54011847e-04
2.19427070e-01 6.64775529e-05 4.53802897e-04
2.19834553e-01 -5.26522757e-04 4.62711676e-04
2.20242034e-01 -4.21959526e-04 4.59258188e-04
2.20649512e-01 -2.07808223e-05 4.64505020e-04
2.21056989e-01 5.17665830e-05 4.70536839e-04
2.21464464e-01 -1.11906335e-04 4.60882542e-04
2.21871936e-01 5.82688223e-04 4.60517070e-04
2.22279407e-01 -1.03373706e-03 4.57530996e-04
2.22686875e-01 -3.21797866e-04 4.63035337e-04
2.23094341e-01 3.88749383e-04 4.70874329e-04
2.23501805e-01 1.19250041e-04 4.65442283e-04
2.23909267e-01 -4.00460483e-05 4.64227564e-04
2.24316727e-01 -2.06773098e-04 4.52791334e-04
2.24724185e-01 5.27859342e-04 4.56241656e-04
2.25131641e-01 3.79135641e-04 4.65935680e-04
2.25539094e-01 -5.24490666e-04 4.66270160e-04
2.25946545e-01 -9.57113849e-05 4.51294454e-04
2.26353995e-01 2.24742520e-04 4.56367772e-04
2.26761442e-01 5.87991732e-04 4.51223378e-04
2.27168887e-01 4.17385738e-04 4.60015596e-04
2.27576329e-01 4.29244875e-04 4.62363939e-04
2.27983770e-01 2.02472336e-04 4.53346351e-04
2.28391208e-01 6.08508099e-04 4.49854175e-04
2.28798645e-01 2.86486449e-04 4.56954682e-04
2.29206079e-01 -1.01862082e-04 4.61439222e-04
2.29613511e-01 4.06987792e-04 4.59123021e-04
2.30020941e-01 -2.24908636e-04 4.53266676e-04
2.30428368e-01 -2.86025508e-04 4.50958943e-04
2.30835794e-01 4.04523889e-04 4.66741860e-04
2.31243217e-01 -6.54307291e-05 4.65712371e-04
2.31650638e-01 7.05383287e-04 4.76489993e-04
2.32058057e-01 5.27824422e-04 4.79030273e-04
2.32465473e-01 5.86529148e-04 4.66615559e-04
2.32872888e-01 3.51802832e-04 4.66872734e-04
2.33280300e-01 8.25931346e-04 4.67596168e-04
2.33687710e-01 1.70515886e-04 4.61198578e-04
2.34095118e-01 1.62830636e-04 4.59451815e-04
2.34502524e-01 5.92070877e-04 4.58706799e-04
2.34909927e-01 -2.28459269e-04 4.57146459e-04
2.35317328e-01 2.02909497e-04 4.67934448e-04
2.35724727e-01 3.67150689e-04 4.54296532e-04
2.36132124e-01 -3.48328780e-04 4.47039546e-04
2.36539518e-01 -1.14710560e-05 4.51328654e-04
2.36946911e-01 -1.81163792e-04 4.58298050e-04
2.37354301e-01 -1.50142546e-04 4.51639087e-04
2.37761688e-01 -7.07758318e-05 4.47533209e-04
2.38169074e-01 -3.69737447e-04 4.42358471e-04
2.38576457e-01 4.72366807e-04 4.47510228e-04
2.38983838e-01 -4.95230516e-04 4.43166784e-04
2.39391217e-01 1.47962403e-04 4.50361168e-04
2.39798593e-01 1.00303170e-03 4.40925347e-04
2.40205967e-01 -5.76735743e-05 4.41488903e-04
2.40613339e-01 -3.95099994e-04 4.42210820e-04
2.41020709e-01 -2.36235733e-05 4.43910145e-04
2.41428076e-01 -1.56020621e-04 4.44457009e-04
2.41835441e-01 2.50149737e-04 4.38734052e-04
2.42242804e-01 -2.31853706e-04 4.47001122e-04
2.42650165e-01 -2.71450444e-04 4.45070271e-04
2.43057523e-01 -2.24563995e-04 4.34916791e-04
2.43464879e-01 3.72769240e-04 4.40829605e-04
2.43872232e-01 7.99513002e-05 4.38755875e-04
2.44279584e-01 -7.17128227e-04 4.31129637e-04
2.44686933e-01 -8.23969363e-04 4.40931605e-04
2.45094279e-01 3.42271968e-04 4.41627828e-04
2.45501624e-01 3.73473446e-04 4.35046958e-04
2.45908966e-01 -2.73874904e-05 4.36570362e-04
2.46316305e-01 -2.45229490e-04 4.36486465e-04
2.46723643e-01 3.15788058e-04 4.35630434e-04
2.47130978e-01 3.11158784e-04 4.41387839e-04
2.47538310e-01 7.36038012e-04 4.39456679e-04
2.47945641e-01 5.18915525e-04 4.34857482e-04
2.48352969e-01 1.10774563e-03 4.31103006e-04
2.48760294e-01 -1.55388348e-04 4.26543557e-04
2.49167618e-01 2.12814190e-04 4.35614745e-04
2.49574939e-01 1.38577963e-04 4.41133275e-04
2.49982257e-01 -6.70943516e-04 4.27538360e-04
2.50389573e-01 -4.14655326e-04 4.32696258e-04
2.50796887e-01 -2.43595275e-04 4.40974618e-04
2.51204199e-01 5.22541334e-04 4.35977784e-04
2.51611508e-01 -6.53079309e-05 4.31594113e-04
2.52018815e-01 -9.85822567e-05 4.35385158e-04
2.52426119e-01 2.09364598e-04 4.25534316e-04
2.52833421e-01 4.26291757e-05 4.25430261e-04
2.53240720e-01 6.10613822e-05 4.24319967e-04
2.53648017e-01 1.25015380e-04 4.22968143e-04
2.54055312e-01 4.21932811e-05 4.32015282e-04
2.54462605e-01 3.30633918e-04 4.24005158e-04
2.54869894e-01 -1.08331887e-04 4.29240080e-04
2.55277182e-01 7.37431495e-04 4.29378931e-04
2.55684467e-01 2.45318104e-04 4.24400662e-04
2.56091750e-01 -5.09468202e-05 4.17943852e-04
2.56499030e-01 2.95974826e-04 4.23670859e-04
2.56906308e-01 5.47016966e-04 4.21628761e-04
2.57313583e-01 7.99210783e-05 4.26900861e-04
2.57720856e-01 3.71603879e-04 4.20149552e-04
2.58128127e-01 -6.60861738e-04 4.12130609e-04
2.58535395e-01 5.54125170e-04 4.23724657e-04
2.58942661e-01 -2.00139708e-05 4.11814993e-04
2.59349924e-01 1.92397486e-04 4.19914806e-04
2.59757184e-01 1.68924950e-04 4.16971829e-04
2.60164443e-01 -3.01346633e-04 4.19464119e-04
2.60571699e-01 4.43594396e-04 4.17404062e-04
2.60978952e-01 9.36633656e-04 4.23085944e-04
2.61386203e-01 6.86470910e-04 4.24580836e-04
2.61793451e-01 6.25365678e-06 4.18087305e-04
2.62200697e-01 1.27473351e-04 4.16499506e-04
2.62607941e-01 4.73205521e-04 4.18476001e-04
2.63015182e-01 -4.22358357e-04 4.09687075e-04
2.63422420e-01 -2.80326765e-04 4.12183112e-04
2.63829656e-01 2.44897174e-04 4.14457776e-04
2.64236890e-01 -4.16280983e-04 4.13553675e-04
2.64644121e-01 2.39543558e-04 4.14308871e-04
2.65051349e-01 -6.20059970e-05 4.05695440e-04
2.65458575e-01 7.01459676e-04 4.13141075e-04
2.65865799e-01 9.68053822e-05 4.11261719e-04
2.66273019e-01 -5.99629634e-04 4.11558626e-04
2.66680238e-01 7.77178560e-04 4.12347048e-04
2.67087454e-01 6.11119156e-04 4.07947921e-04
2.67494667e-01 -5.57273323e-04 4.02721755e-04
2.67901878e-01 -1.33609232e-05 4.04697425e-04
2.68309086e-01 -1.08680305e-04 4.09325763e-04
2.68716292e-01 -3.21244672e-04 4.00252386e-04
2.69123495e-01 4.87060747e-04 4.05211285e-04
2.69530696e-01 3.28053192e-04 4.03586885e-04
2.69937894e-01 -1.01817357e-04 4.14914489e-04
2.70345090e-01 -4.89600210e-04 3.99315710e-04
2.70752283e-01 -1.38589217e-04 4.01517671e-04
2.71159473e-01 9.64094440e-05 4.06516596e-04
2.71566661e-01 1.41618881e-04 4.07081913e-04
2.71973847e-01 9.82188304e-04 4.07652896e-04
2.72381030e-01 4.57883016e-04 4.04006279e-04
2.72788210e-01 -2.98947753e-04 4.03710732e-04
2.73195387e-01 -2.09580741e-04 3.98363058e-04
2.73602562e-01 -8.62968170e-05 4.06052231e-04
2.74009735e-01 -8.47713701e-05 4.02280557e-04
2.74416905e-01 2.09752508e-04 3.99939153e-04
2.74824072e-01 7.27925187e-04 3.98545839e-04
2.75231237e-01 1.61879022e-04 3.98078641e-04
2.75638399e-01 -1.34945430e-04 3.99384454e-04
2.76045558e-01 3.05145225e-04 4.02263986e-04
2.76452715e-01 -7.18306247e-05 4.10071784e-04
2.76859869e-01 5.12955381e-04 3.95647546e-04
2.77267021e-01 -5.38727184e-04 3.99506837e-04
2.77674170e-01 -9.77004328e-05 3.97373516e-04
2.78081316e-01 5.81104925e-04 3.93505022e-04
2.78488460e-01 -3.44169692e-04 3.90470592e-04
2.78895601e-01 2.99345414e-04 4.05161781e-04
2.79302740e-01 -1.96040730e-04 3.98419127e-04
2.79709875e-01 1.14493648e-03 3.94391612e-04
2.80117009e-01 -7.40532475e-05 3.99816473e-04
2.80524139e-01 -4.25178983e-04 3.94176392e-04
2.80931267e-01 -5.84736736e-05 3.94938703e-04
2.81338392e-01 3.64051237e-04 3.99025910e-04
2.81745515e-01 7.50833469e-04 3.93481155e-04
2.82152635e-01 6.46641291e-04 3.96771263e-04
2.82559752e-01 -3.01452693e-04 3.95030412e-04
2.82966866e-01 6.32328805e-05 3.91781345e-04
2.83373978e-01 -4.03869780e-04 3.84484917e-04
2.83781088e-01 1.19715657e-04 3.86913421e-04
2.84188194e-01 5.53250637e-04 4.04484355e-04
2.84595298e-01 7.68949991e-04 3.96279279e-04
2.85002399e-01 -1.06830712e-05 3.97874317e-04
2.85409497e-01 -1.49227133e-05 3.94340403e-04
2.85816593e-01 1.45975065e-04 3.89005267e-04
2.86223686e-01 9.50887761e-05 3.95502802e-04
2.86630777e-01 3.60490245e-05 3.95342219e-04
2.87037864e-01 4.48947946e-04 3.97605052e-04
2.87444949e-01 3.20705792e-04 4.04690592e-04
2.87852031e-01 -2.93932559e-05 3.95210524e-04
2.88259111e-01 -2.32927529e-04 3.97585000e-04
2.88666188e-01 -2.88430510e-04 3.93081727e-04
2.89073262e-01 3.82525603e-04 3.96251430e-04
2.89480333e-01 7.34372041e-04 3.99034094e-04
2.89887401e-01 2.40838699e-04 4.04323012e-04
2.90294467e-01 -1.10226344e-05 3.97341307e-04
2.90701530e-01 8.68228272e-05 3.97085343e-04
2.91108591e-01 7.08061598e-04 3.94735755e-04
2.91515648e-01 2.14067501e-05 3.90913989e-04
2.91922703e-01 -1.65646762e-05 3.94434916e-04
2.92329755e-01 2.36738028e-04 3.91449901e-04
2.92736804e-01 -4.41680433e-04 3.95935852e-04
2.93143851e-01 2.90787262e-05 3.92758257e-04
2.93550895e-01 -1.47222669e-04 3.89741286e-04
2.93957936e-01 -1.21094212e-04 3.91475421e-04
2.94364974e-01 4.87322672e-04 3.88788537e-04
2.94772009e-01 -1.72107919e-07 3.87060310e-04
2.95179042e-01 5.18137006e-04 3.92620229e-04
2.95586072e-01 3.91817971e-04 3.92317799e-04
2.95993099e-01 7.39249539e-06 3.97319357e-04
2.96400123e-01 4.64452466e-04 4.05136203e-04
2.96807145e-01 1.96701252e-04 3.93520219e-04
2.97214163e-01 -4.81790881e-05 3.88524621e-04
2.97621179e-01 1.83272253e-05 3.95271745e-04
2.98028192e-01 6.61321746e-06 3.96033953e-04
2.98435202e-01 -6.88333464e-04 3.86536849e-04
2.98842210e-01 5.81090173e-04 3.98363684e-04
2.99249214e-01 3.53756136e-04 3.99567075e-04
2.99656216e-01 -2.21104573e-05 3.93255145e-04
3.00063215e-01 1.23086768e-04 3.93470538e-04
3.00470211e-01 -8.11088359e-05 3.86068300e-04
3.00877204e-01 8.52570998e-05 3.92257691e-04
3.01284194e-01 1.26354045e-04 3.92081251e-04
3.01691182e-01 6.27952889e-04 3.95063195e-04
3.02098167e-01 6.91381757e-04 3.95083745e-04
3.02505149e-01 9.37305411e-05 3.99760164e-04
3.02912128e-01 3.34467237e-04 3.94867216e-04
3.03319104e-01 -2.22048182e-04 3.92356307e-04
3.03726077e-01 -3.70578265e-04 3.92982801e-04
3.04133047e-01 1.34808599e-04 4.02944411e-04
3.04540015e-01 1.17630307e-04 3.91466335e-04
3.04946979e-01 -1.37095592e-04 3.90620680e-04
3.05353941e-01 -4.09271951e-04 3.94291583e-04
3.05760900e-01 -2.23849111e-04 3.89751746e-04
3.06167856e-01 6.35948817e-04 3.81970079e-04
3.06574809e-01 -3.08887697e-05 3.88757573e-04
3.06981759e-01 -6.38111802e-04 3.92702262e-04
3.07388706e-01 2.78697603e-04 3.91401196e-04
3.07795651e-01 -3.35878050e-04 3.82256984e-04
3.08202592e-01 1.60787209e-04 3.96925831e-04
3.08609531e-01 7.92294430e-04 3.96408945e-04
3.09016466e-01 3.63030481e-04 3.97291936e-04
3.09423399e-01 -4.51154477e-04 3.95805485e-04
3.09830329e-01 3.33003841e-04 4.02512736e-04
3.10237256e-01 2.21644015e-05 4.00455268e-04
3.10644180e-01 8.13283494e-04 4.04190155e-04
3.11051101e-01 1.53898917e-04 4.03816092e-04
3.11458019e-01 -4.36947497e-04 4.01457532e-04
3.11864934e-01 -7.89993653e-05 3.97467973e-04
3.12271846e-01 5.93750070e-05 3.98397784e-04
3.12678755e-01 -7.38352668e-05 3.99161836e-04
3.13085661e-01 3.92778821e-04 4.06975534e-04
3.13492565e-01 -1.63738959e-04 4.01575544e-04
3.13899465e-01 1.84341696e-04 4.02570786e-04
3.14306362e-01 -4.23952525e-04 3.94604387e-04
3.14713257e-01 3.05851321e-04 3.95863747e-04
3.15120148e-01 4.95141871e-04 4.15450631e-04
3.15527037e-01 4.88391317e-04 4.18329582e-04
3.15933922e-01 -3.38151886e-04 4.13789403e-04
3.16340805e-01 2.95956225e-04 4.46944459e-04
3.16747684e-01 -1.54339877e-04 4.83073674e-04
3.17154561e-01 1.02433853e-03 5.30590648e-04
3.17561434e-01 -5.96332207e-04 5.46417446e-04
3.17968305e-01 5.44129058e-04 5.83114172e-04
3.18375172e-01 -6.12533976e-04 6.14435323e-04
3.18782037e-01 1.19947719e-04 6.20931799e-04
3.19188898e-01 -3.68194262e-04 6.50696695e-04
3.19595757e-01 4.63908007e-04 6.66783603e-04
3.20002612e-01 1.64528799e-04 7.16959607e-04
3.20409465e-01 3.17986863e-04 7.71230486e-04
3.20816314e-01 9.87148218e-04 8.46793242e-04
3.21223160e-01 1.13005852e-04 9.60066096e-04
3.21630004e-01 9.57729276e-04 1.08399413e-03
3.22036844e-01 1.45960328e-03 1.30054271e-03
3.22443681e-01 -1.18378904e-03 1.79357985e-03
3.22850516e-01 -1.11780852e-03 5.92884204e-03
