4.08043586e-03 5.92012377e-02 2.71628190e-02
4.48847930e-03 4.09932169e-02 2.86202140e-02
4.89652269e-03 5.56083419e-02 1.96930049e-02
5.30456604e-03 7.58455977e-02 1.48286351e-02
5.71260934e-03 8.93531754e-02 1.12167819e-02
6.12065258e-03 1.01738319e-01 9.59108607e-03
6.52869577e-03 1.06839948e-01 8.18385374e-03
6.93673889e-03 1.03775075e-01 7.47151737e-03
7.34478195e-03 1.12272716e-01 7.22452336e-03
7.75282494e-03 1.03882802e-01 5.92691792e-03
8.16086785e-03 1.04234145e-01 5.47303652e-03
8.56891069e-03 1.06347904e-01 5.45253051e-03
8.97695345e-03 1.03892137e-01 5.17431044e-03
9.38499612e-03 1.00174086e-01 5.23599400e-03
9.79303870e-03 1.00170574e-01 4.55417297e-03
1.02010812e-02 9.82706753e-02 4.52152375e-03
1.06091236e-02 9.74666310e-02 4.40458668e-03
1.10171659e-02 1.00779107e-01 4.27577345e-03
1.14252081e-02 1.00571810e-01 4.18675122e-03
1.18332501e-02 9.94727447e-02 4.27931817e-03
1.22412921e-02 9.28006075e-02 3.65399596e-03
1.26493339e-02 9.60895743e-02 3.23995640e-03
1.30573757e-02 9.35239810e-02 3.36451523e-03
1.34654173e-02 9.53767655e-02 3.51133003e-03
1.38734588e-02 9.50715641e-02 3.33177913e-03
1.42815001e-02 9.32297186e-02 3.49201467e-03
1.46895413e-02 9.25327830e-02 3.12750991e-03
1.50975824e-02 8.67834959e-02 3.04457835e-03
1.55056233e-02 8.94653070e-02 3.04342234e-03
1.59136641e-02 8.48367626e-02 3.03552273e-03
1.63217047e-02 8.78092905e-02 2.76898102e-03
1.67297452e-02 8.86156768e-02 2.69219987e-03
1.71377855e-02 8.66571876e-02 2.69531198e-03
1.75458257e-02 7.82575438e-02 2.76743996e-03
1.79538657e-02 8.03720422e-02 2.71602302e-03
1.83619055e-02 7.83578651e-02 2.67594607e-03
1.87699451e-02 7.85744962e-02 2.79604751e-03
1.91779846e-02 7.91677295e-02 2.78914716e-03
1.95860239e-02 7.49824572e-02 2.70324388e-03
1.99940630e-02 7.34213245e-02 2.57922587e-03
2.04021019e-02 7.22624778e-02 2.43289021e-03
2.08101406e-02 6.92103114e-02 2.36364021e-03
2.12181791e-02 6.56011073e-02 2.44900340e-03
2.16262174e-02 6.41672454e-02 2.37783815e-03
2.20342555e-02 6.68646321e-02 2.29866106e-03
2.24422934e-02 6.66080663e-02 2.42518455e-03
2.28503311e-02 6.35333755e-02 2.20252177e-03
2.32583686e-02 6.37262488e-02 2.23212583e-03
2.36664058e-02 5.78470398e-02 2.23137771e-03
2.40744429e-02 5.78845898e-02 2.18165973e-03
2.44824797e-02 5.47423067e-02 2.11586981e-03
2.48905162e-02 5.77321130e-02 2.10998549e-03
2.52985525e-02 5.05458166e-02 2.05037374e-03
2.57065886e-02 4.88757138e-02 2.21710496e-03
2.61146245e-02 5.03240879e-02 2.07808673e-03
2.65226601e-02 5.28359552e-02 2.12943245e-03
2.69306954e-02 5.05801072e-02 2.12931746e-03
2.73387305e-02 5.08248787e-02 2.02252732e-03
2.77467653e-02 4.89996347e-02 2.00766477e-03
2.81547999e-02 4.91825871e-02 2.04611091e-03
2.85628342e-02 4.31054766e-02 2.01710779e-03
2.89708682e-02 4.33686388e-02 2.14781489e-03
2.93789020e-02 4.32219056e-02 2.19737755e-03
2.97869355e-02 4.33048828e-02 1.98142508e-03
3.01949687e-02 3.80817115e-02 2.05248548e-03
3.06030016e-02 3.93831416e-02 1.97876397e-03
3.10110342e-02 3.93488767e-02 1.91954649e-03
3.14190665e-02 3.74287865e-02 1.87300282e-03
3.18270985e-02 3.61297011e-02 1.88229184e-03
3.22351302e-02 3.68440681e-02 1.83523438e-03
3.26431617e-02 3.49008714e-02 1.76163070e-03
3.30511928e-02 3.17685682e-02 1.76314228e-03
3.34592236e-02 3.02298234e-02 1.73168434e-03
3.38672540e-02 3.01780801e-02 1.68104620e-03
3.42752842e-02 2.88382228e-02 1.65256029e-03
3.46833140e-02 2.92509784e-02 1.65607440e-03
3.50913435e-02 2.85544454e-02 1.67409589e-03
3.54993727e-02 3.04800988e-02 1.63315762e-03
3.59074015e-02 2.61665980e-02 1.54150833e-03
3.63154300e-02 2.84332575e-02 1.50698392e-03
3.67234581e-02 2.76735595e-02 1.50724071e-03
3.71314859e-02 2.39948172e-02 1.51555558e-03
3.75395134e-02 2.61814713e-02 1.59983457e-03
3.79475405e-02 2.30729334e-02 1.51960567e-03
3.83555672e-02 2.28514115e-02 1.56764788e-03
3.87635935e-02 2.24033359e-02 1.56849195e-03
3.91716195e-02 2.08792876e-02 1.50967671e-03
3.95796452e-02 1.84792398e-02 1.40032345e-03
3.99876704e-02 2.14361624e-02 1.50839061e-03
4.03956953e-02 1.94265658e-02 1.48893283e-03
4.08037198e-02 2.05082380e-02 1.44566590e-03
4.12117439e-02 1.77592512e-02 1.40094728e-03
4.16197676e-02 1.71451158e-02 1.37714871e-03
4.20277909e-02 2.00808330e-02 1.40975902e-03
4.24358138e-02 1.71882314e-02 1.40650092e-03
4.28438363e-02 1.67775986e-02 1.35153297e-03
4.32518584e-02 1.73605595e-02 1.32775305e-03
4.36598801e-02 1.68106520e-02 1.29885898e-03
4.40679014e-02 1.44258695e-02 1.28760788e-03
4.44759222e-02 1.51336500e-02 1.31968442e-03
4.48839427e-02 1.40594233e-02 1.31837371e-03
4.52919627e-02 1.30235812e-02 1.29680241e-03
4.56999823e-02 1.23026324e-02 1.29042938e-03
4.61080014e-02 1.23133886e-02 1.27657811e-03
4.65160201e-02 1.12661256e-02 1.28390257e-03
4.69240384e-02 1.03767724e-02 1.23013956e-03
4.73320562e-02 1.10816313e-02 1.26569259e-03
4.77400736e-02 1.18109163e-02 1.25843546e-03
4.81480905e-02 1.08996001e-02 1.25559665e-03
4.85561070e-02 7.92229620e-03 1.23830858e-03
4.89641230e-02 9.57219024e-03 1.21019600e-03
4.93721385e-02 9.32355496e-03 1.22676341e-03
4.97801536e-02 9.86130064e-03 1.17153989e-03
5.01881682e-02 7.53617605e-03 1.19447998e-03
5.05961823e-02 9.04718041e-03 1.27473231e-03
5.10041960e-02 8.58516632e-03 1.20112293e-03
5.14122091e-02 8.37772646e-03 1.19426889e-03
5.18202218e-02 6.88016470e-03 1.19424046e-03
5.22282340e-02 7.24381609e-03 1.16529815e-03
5.26362457e-02 8.07087510e-03 1.20473960e-03
5.30442569e-02 8.81543814e-03 1.18928528e-03
5.34522675e-02 9.13693013e-03 1.18795682e-03
5.38602777e-02 7.15364901e-03 1.16132121e-03
5.42682874e-02 7.63914339e-03 1.13544954e-03
5.46762965e-02 6.41952499e-03 1.12291485e-03
5.50843052e-02 6.05833789e-03 1.07770901e-03
5.54923133e-02 7.89686069e-03 1.16053927e-03
5.59003208e-02 6.80254634e-03 1.13773349e-03
5.63083279e-02 5.17843118e-03 1.11400124e-03
5.67163344e-02 4.39041308e-03 1.13946426e-03
5.71243404e-02 4.19773184e-03 1.11979991e-03
5.75323458e-02 3.93661396e-03 1.13663599e-03
5.79403507e-02 4.01327380e-03 1.18501077e-03
5.83483551e-02 5.25911781e-03 1.12576015e-03
5.87563588e-02 5.95135630e-03 1.18542671e-03
5.91643621e-02 5.20708458e-03 1.16681008e-03
5.95723647e-02 7.19935705e-03 1.13662208e-03
5.99803668e-02 5.35169168e-03 1.14600989e-03
6.03883684e-02 4.08694209e-03 1.15418484e-03
6.07963693e-02 4.07873007e-03 1.11897334e-03
6.12043697e-02 4.59463610e-03 1.08720075e-03
6.16123695e-02 5.00593192e-03 1.09140184e-03
6.20203687e-02 6.76582137e-03 1.13358862e-03
6.24283674e-02 4.32819659e-03 1.11985644e-03
6.28363654e-02 5.15054977e-03 1.07864894e-03
6.32443629e-02 4.44224332e-03 1.07636380e-03
6.36523597e-02 4.27517446e-03 1.07469166e-03
6.40603559e-02 4.50132196e-03 1.05852442e-03
6.44683516e-02 5.04866372e-03 1.05004738e-03
6.48763466e-02 3.44910520e-03 1.03880736e-03
6.52843410e-02 5.02892920e-03 1.06787390e-03
6.56923348e-02 3.42988997e-03 1.06997020e-03
6.61003279e-02 3.80755807e-03 1.00521299e-03
6.65083205e-02 4.97276550e-03 1.03665869e-03
6.69163124e-02 3.42090233e-03 1.03769407e-03
6.73243036e-02 2.11439995e-03 1.01273596e-03
6.77322943e-02 2.87288694e-03 1.01063777e-03
6.81402842e-02 4.03707050e-03 9.93765783e-04
6.85482736e-02 2.42378797e-03 1.02616539e-03
6.89562623e-02 4.01646517e-03 1.04004908e-03
6.93642503e-02 4.40251169e-03 1.03049109e-03
6.97722377e-02 2.50662839e-03 9.62432931e-04
7.01802244e-02 3.89745776e-03 9.99512122e-04
7.05882105e-02 1.89216858e-03 1.01013398e-03
7.09961958e-02 2.49166042e-03 9.53333965e-04
7.14041805e-02 3.52138012e-03 9.39778709e-04
7.18121646e-02 1.68571573e-03 9.71768684e-04
7.22201479e-02 2.82185365e-03 9.12539143e-04
7.26281306e-02 4.06371066e-03 9.63729294e-04
7.30361126e-02 2.52928380e-03 9.39806478e-04
7.34440938e-02 2.60090691e-03 9.47426173e-04
7.38520744e-02 3.83264332e-03 9.63088898e-04
7.42600543e-02 2.18590013e-03 9.41491483e-04
7.46680335e-02 2.59740468e-03 9.43604312e-04
7.50760119e-02 1.92335308e-03 9.33721664e-04
7.54839897e-02 3.63864297e-03 9.34448768e-04
7.58919667e-02 2.68066557e-03 9.17795448e-04
7.62999431e-02 3.22638303e-03 9.16370753e-04
7.67079187e-02 2.75723477e-03 9.51537419e-04
7.71158935e-02 2.86280948e-03 9.30678615e-04
7.75238677e-02 3.07783910e-03 9.29014010e-04
7.79318411e-02 4.20618014e-03 9.58807716e-04
7.83398137e-02 3.24071725e-03 9.21137457e-04
7.87477857e-02 4.51891434e-03 9.11204258e-04
7.91557568e-02 3.46920414e-03 9.30175486e-04
7.95637273e-02 3.75887392e-03 9.25417277e-04
7.99716969e-02 2.98960547e-03 8.98461742e-04
8.03796658e-02 2.08710739e-03 9.13074188e-04
8.07876340e-02 3.64686475e-03 9.07427914e-04
8.11956014e-02 3.95721337e-03 8.98334233e-04
8.16035680e-02 3.36694165e-03 8.82626232e-04
8.20115338e-02 2.25347388e-03 8.69654400e-04
8.24194989e-02 2.28609268e-03 8.46574450e-04
8.28274631e-02 1.69552720e-03 8.39328231e-04
8.32354266e-02 1.08906423e-03 8.54381396e-04
8.36433893e-02 3.10498593e-03 8.45809230e-04
8.40513512e-02 3.61381575e-03 8.70946160e-04
8.44593123e-02 3.56389977e-03 8.68272517e-04
8.48672727e-02 1.50698921e-03 8.62034772e-04
8.52752322e-02 3.23144598e-03 8.75065273e-04
8.56831909e-02 3.14508757e-03 8.48344417e-04
8.60911487e-02 2.76477143e-03 8.62135735e-04
8.64991058e-02 2.28808636e-03 8.35419781e-04
8.69070620e-02 2.92673659e-03 8.62640983e-04
8.73150175e-02 2.28766031e-03 8.68279870e-04
8.77229721e-02 2.47016189e-03 8.36880972e-04
8.81309258e-02 2.97363780e-03 8.35879046e-04
8.85388787e-02 2.24751641e-03 8.53734966e-04
8.89468308e-02 1.46742299e-03 8.39499389e-04
8.93547821e-02 1.58223603e-03 8.71141684e-04
8.97627325e-02 3.59977818e-03 8.29316161e-04
9.01706820e-02 3.96258677e-03 8.37201759e-04
9.05786307e-02 3.29154295e-03 8.27819040e-04
9.09865785e-02 3.83568917e-03 8.53250175e-04
9.13945255e-02 2.39732401e-03 8.43878190e-04
9.18024716e-02 1.79487898e-03 8.03155892e-04
9.22104168e-02 2.02923316e-03 8.16982753e-04
9.26183611e-02 2.13021172e-03 8.32283165e-04
9.30263046e-02 1.44254815e-03 8.02493252e-04
9.34342472e-02 2.42642034e-03 8.35975769e-04
9.38421889e-02 6.95142576e-04 8.31572462e-04
9.42501297e-02 2.57954907e-03 8.45983537e-04
9.46580696e-02 2.71502298e-03 8.25112130e-04
9.50660087e-02 2.39674170e-03 8.38797932e-04
9.54739468e-02 1.90153240e-03 8.33799407e-04
9.58818840e-02 2.73410083e-03 7.75230789e-04
9.62898203e-02 2.16259005e-03 8.02232163e-04
9.66977557e-02 9.26538332e-04 7.97519642e-04
9.71056902e-02 1.07822060e-03 7.84946546e-04
9.75136237e-02 1.35226108e-03 7.73684650e-04
9.79215564e-02 1.33121713e-03 7.95805539e-04
9.83294881e-02 2.11346906e-03 7.92415662e-04
9.87374188e-02 1.68470623e-03 8.00018485e-04
9.91453487e-02 2.37871664e-03 8.15506336e-04
9.95532775e-02 1.71795461e-03 7.85686665e-04
9.99612055e-02 3.24526820e-03 7.88049699e-04
1.00369132e-01 7.10806408e-04 7.51496964e-04
1.00777059e-01 1.95114002e-03 7.65054815e-04
1.01184984e-01 1.98622352e-03 7.70364573e-04
1.01592908e-01 3.11713132e-03 7.67618720e-04
1.02000831e-01 1.17608547e-03 7.40336602e-04
1.02408753e-01 2.23875954e-03 7.63937336e-04
1.02816674e-01 1.33401496e-03 7.61076603e-04
1.03224595e-01 2.11763749e-03 7.59299238e-04
1.03632514e-01 1.80315031e-03 7.58467346e-04
1.04040432e-01 2.78411778e-03 7.78749610e-04
1.04448349e-01 2.69630771e-03 7.51564708e-04
1.04856266e-01 2.11123066e-03 7.45027821e-04
1.05264181e-01 2.07496301e-03 7.63083938e-04
1.05672095e-01 2.24194329e-03 7.58057658e-04
1.06080009e-01 2.49777134e-03 7.46938888e-04
1.06487921e-01 9.98365171e-04 7.29034521e-04
1.06895832e-01 1.99797526e-03 7.74677547e-04
1.07303743e-01 1.74390148e-03 7.61112387e-04
1.07711652e-01 2.03492979e-03 7.50346007e-04
1.08119560e-01 6.64870109e-04 7.62126795e-04
1.08527467e-01 1.87977241e-03 7.55522477e-04
1.08935374e-01 2.50242305e-03 7.76845677e-04
1.09343279e-01 3.87904811e-04 7.27280531e-04
1.09751183e-01 1.75230333e-03 7.51091206e-04
1.10159086e-01 1.48887991e-03 7.34465957e-04
1.10566988e-01 1.67156756e-03 7.20815826e-04
1.10974889e-01 1.33503816e-03 7.58474733e-04
1.11382789e-01 1.08859505e-03 7.37303148e-04
1.11790688e-01 1.51716357e-03 7.20025576e-04
1.12198586e-01 1.54548713e-03 7.55295973e-04
1.12606482e-01 4.75235541e-04 7.39030723e-04
1.13014378e-01 1.57725617e-03 7.73103057e-04
1.13422273e-01 2.58641516e-03 7.29678696e-04
1.13830166e-01 6.75926006e-04 7.34157686e-04
1.14238059e-01 1.70777704e-03 7.56310842e-04
1.14645950e-01 1.58028034e-03 7.52085935e-04
1.15053840e-01 1.79986304e-03 7.15054450e-04
1.15461730e-01 2.52585685e-03 7.13638302e-04
1.15869618e-01 9.53029619e-04 7.50495754e-04
1.16277505e-01 2.08371137e-03 7.57405245e-04
1.16685391e-01 1.58822585e-03 7.71057642e-04
1.17093275e-01 1.58053582e-03 7.53194901e-04
1.17501159e-01 1.53275094e-03 7.61345967e-04
1.17909042e-01 1.28835355e-03 7.59919101e-04
1.18316923e-01 1.96062592e-03 7.24523578e-04
1.18724803e-01 1.29953842e-03 7.35459691e-04
1.19132683e-01 5.78383648e-04 7.28450331e-04
1.19540561e-01 1.38387526e-04 6.88844262e-04
1.19948438e-01 2.96661579e-03 6.97102683e-04
1.20356313e-01 9.05102035e-04 6.93473260e-04
1.20764188e-01 1.11835664e-03 7.05212819e-04
1.21172062e-01 1.96311085e-03 6.91406256e-04
1.21579934e-01 1.80772113e-03 6.90566722e-04
1.21987805e-01 8.00975340e-04 6.84518520e-04
1.22395675e-01 3.42130501e-04 7.04810551e-04
1.22803544e-01 1.28323086e-03 6.91935830e-04
1.23211412e-01 1.83614013e-04 6.68261653e-04
1.23619278e-01 1.47836676e-03 6.91114872e-04
1.24027144e-01 1.12007919e-03 6.86868112e-04
1.24435008e-01 1.02139122e-04 6.83990020e-04
1.24842871e-01 1.15072542e-03 6.91919906e-04
1.25250733e-01 4.47053717e-05 6.88043433e-04
1.25658594e-01 5.67727489e-04 6.87226924e-04
1.26066453e-01 2.53971933e-04 6.80350020e-04
1.26474311e-01 -5.06174839e-04 6.79939405e-04
1.26882168e-01 9.90213075e-04 6.90298584e-04
1.27290024e-01 1.53227864e-03 6.99635262e-04
1.27697879e-01 9.34778600e-04 6.74996709e-04
1.28105732e-01 9.84567839e-04 6.83078527e-04
1.28513585e-01 2.11124265e-03 6.85365657e-04
1.28921436e-01 -1.83182629e-04 6.68487114e-04
1.29329285e-01 6.33539187e-04 6.57941723e-04
1.29737134e-01 -2.72974453e-04 6.61596316e-04
1.30144981e-01 1.54532180e-03 6.64767812e-04
1.30552828e-01 7.49704079e-04 6.67572541e-04
1.30960672e-01 7.97145064e-04 6.70742629e-04
1.31368516e-01 1.24451461e-03 6.68256493e-04
1.31776358e-01 1.44466475e-03 6.74339199e-04
1.32184200e-01 8.41946199e-04 6.53884341e-04
1.32592039e-01 1.71393232e-03 6.48448589e-04
1.32999878e-01 1.54022436e-03 6.57934763e-04
1.33407715e-01 5.42574877e-04 6.48209689e-04
1.33815552e-01 6.49874723e-04 6.52335452e-04
1.34223386e-01 1.50320876e-03 6.61462681e-04
1.34631220e-01 4.58888327e-05 6.38464884e-04
1.35039052e-01 1.89375560e-03 6.80723497e-04
1.35446883e-01 8.33731566e-04 6.35782795e-04
1.35854713e-01 2.18618566e-03 6.30647368e-04
1.36262541e-01 1.38703977e-03 6.41586318e-04
1.36670368e-01 4.85066758e-04 6.39364286e-04
1.37078194e-01 6.37575572e-05 6.41409944e-04
1.37486019e-01 -2.17851664e-04 6.46878145e-04
1.37893842e-01 1.06996466e-03 6.36957095e-04
1.38301664e-01 1.54557930e-04 6.34400029e-04
1.38709485e-01 4.27831332e-04 6.25554801e-04
1.39117304e-01 7.94451286e-05 6.21351487e-04
1.39525122e-01 2.26551559e-04 6.27139852e-04
1.39932939e-01 -6.01330089e-05 6.12654311e-04
1.40340754e-01 1.23129353e-03 6.28334606e-04
1.40748568e-01 6.43254521e-04 6.11794604e-04
1.41156381e-01 7.41252897e-04 6.17977207e-04
1.41564192e-01 1.55634956e-05 6.12582305e-04
1.41972002e-01 1.04963566e-03 6.07287484e-04
1.42379811e-01 -4.09215316e-04 6.14409956e-04
1.42787618e-01 4.67995208e-04 6.28629952e-04
1.43195424e-01 1.16823159e-03 6.44337267e-04
1.43603228e-01 8.37363677e-04 6.58778399e-04
1.44011032e-01 3.54144928e-04 6.25458241e-04
1.44418833e-01 1.05654962e-03 6.49634017e-04
1.44826634e-01 7.90223442e-04 6.32866799e-04
1.45234433e-01 2.73654246e-04 6.28902992e-04
1.45642231e-01 6.13610312e-05 6.43654730e-04
1.46050027e-01 1.32047562e-03 6.36389176e-04
1.46457822e-01 1.27476020e-03 6.54501302e-04
1.46865616e-01 1.45747265e-03 6.44231858e-04
1.47273408e-01 1.94770433e-03 6.48971122e-04
1.47681199e-01 2.49923085e-04 6.47029192e-04
1.48088988e-01 3.85413256e-04 6.32289519e-04
1.48496776e-01 1.41532670e-04 6.42183766e-04
1.48904563e-01 8.75907600e-05 6.19603369e-04
1.49312348e-01 6.95753920e-04 6.32142387e-04
1.49720132e-01 4.39928454e-04 6.27392435e-04
1.50127914e-01 5.43410703e-04 6.34765015e-04
1.50535695e-01 -9.86116033e-04 5.96644964e-04
1.50943474e-01 1.03356560e-03 6.03175126e-04
1.51351252e-01 1.02443711e-03 6.04653028e-04
1.51759029e-01 -4.54337485e-04 5.97621544e-04
1.52166804e-01 1.91181941e-03 6.21416919e-04
1.52574578e-01 -1.34987099e-04 6.11235490e-04
1.52982350e-01 6.46335571e-04 6.08085046e-04
1.53390121e-01 1.49138744e-03 6.19876607e-04
1.53797890e-01 1.11020296e-03 6.02326807e-04
1.54205658e-01 -3.66894037e-04 5.88579096e-04
1.54613425e-01 1.82801069e-04 6.05020927e-04
1.55021190e-01 8.67566229e-04 5.92596191e-04
1.55428953e-01 -5.25895905e-04 5.96940031e-04
1.55836716e-01 2.27848235e-04 5.85002310e-04
1.56244476e-01 1.89023641e-03 5.99514107e-04
1.56652235e-01 1.97257232e-04 6.05988112e-04
1.57059993e-01 -4.59835770e-04 5.79266379e-04
1.57467749e-01 7.57719605e-04 5.78180578e-04
1.57875504e-01 1.39034174e-03 5.88578503e-04
1.58283257e-01 1.10826397e-03 5.81152936e-04
1.58691008e-01 1.00833537e-03 5.82591651e-04
1.59098758e-01 3.12462646e-05 5.77811337e-04
1.59506507e-01 1.52992797e-04 5.80061332e-04
1.59914254e-01 2.83146337e-04 5.56557286e-04
1.60322000e-01 -2.91572588e-05 5.74996807e-04
1.60729744e-01 -3.89159978e-04 5.65457893e-04
1.61137486e-01 9.07363201e-04 5.70746274e-04
1.61545228e-01 9.00648091e-04 5.88918853e-04
1.61952967e-01 1.89127514e-04 5.78279632e-04
1.62360705e-01 -2.00489549e-05 5.74039600e-04
1.62768441e-01 -3.60425669e-04 5.63215215e-04
1.63176176e-01 6.13403724e-04 5.70314259e-04
1.63583910e-01 -3.87461046e-04 5.58255107e-04
1.63991641e-01 2.18531898e-04 5.71339098e-04
1.64399372e-01 3.49329356e-05 5.61948127e-04
1.64807100e-01 6.02652850e-04 5.64871977e-04
1.65214827e-01 -2.06504064e-04 5.54360486e-04
1.65622553e-01 6.48272266e-04 5.78319774e-04
1.66030277e-01 -2.48471421e-04 5.57958948e-04
1.66437999e-01 1.01532870e-04 5.63806918e-04
1.66845720e-01 6.70762435e-04 5.57937746e-04
1.67253439e-01 -9.09508863e-04 5.61486294e-04
1.67661157e-01 -3.01282035e-04 5.54265704e-04
1.68068873e-01 1.11297022e-03 5.58577815e-04
1.68476588e-01 -7.10147580e-05 5.48113459e-04
1.68884301e-01 5.36203307e-05 5.53723597e-04
1.69292012e-01 2.80972058e-04 5.51702986e-04
1.69699721e-01 -9.02721613e-04 5.34821326e-04
1.70107430e-01 1.14365806e-04 5.51368557e-04
1.70515136e-01 -7.19267783e-04 5.56677900e-04
1.70922841e-01 1.92209535e-04 5.63711296e-04
1.71330544e-01 2.62218567e-04 5.61512294e-04
1.71738246e-01 1.37592476e-04 5.44597470e-04
1.72145946e-01 1.12349751e-04 5.50311552e-04
1.72553644e-01 7.15509327e-04 5.52134506e-04
1.72961341e-01 6.25160863e-04 5.43007617e-04
1.73369036e-01 -1.25669581e-04 5.44580306e-04
1.73776729e-01 4.65628886e-04 5.41260253e-04
1.74184421e-01 1.26654016e-03 5.53362136e-04
1.74592111e-01 1.32131160e-03 5.57652707e-04
1.74999799e-01 -6.86186559e-05 5.36712078e-04
1.75407486e-01 1.86494919e-04 5.49016130e-04
1.75815171e-01 8.00239341e-04 5.42985056e-04
1.76222855e-01 3.76834064e-04 5.34790199e-04
1.76630537e-01 1.10451442e-03 5.26812058e-04
1.77038217e-01 -9.35646746e-04 5.23290148e-04
1.77445895e-01 -5.51678140e-04 5.27546422e-04
1.77853572e-01 3.57086464e-04 5.36492017e-04
1.78261247e-01 5.15094929e-04 5.38123568e-04
1.78668921e-01 5.74875376e-04 5.49196289e-04
1.79076592e-01 9.86176901e-04 5.30150741e-04
1.79484262e-01 -5.92016218e-05 5.28431847e-04
1.79891931e-01 2.43978422e-06 5.49619410e-04
1.80299597e-01 -6.56525799e-04 5.20858216e-04
1.80707262e-01 2.88107052e-04 5.26431125e-04
1.81114925e-01 7.00310964e-04 5.33344008e-04
1.81522587e-01 8.50724158e-04 5.12956976e-04
1.81930247e-01 8.61569416e-04 5.21209925e-04
1.82337905e-01 7.53911108e-04 5.34487967e-04
1.82745561e-01 -5.05788694e-04 5.19074780e-04
1.83153215e-01 7.32164169e-04 5.34782989e-04
1.83560868e-01 -3.10215861e-04 5.20851991e-04
1.83968519e-01 5.48747564e-04 5.11100655e-04
1.84376169e-01 6.75479884e-04 5.18559208e-04
1.84783816e-01 1.38647734e-04 5.22454642e-04
1.85191462e-01 3.88965874e-04 5.21295532e-04
1.85599106e-01 2.27958775e-05 5.20716736e-04
1.86006749e-01 4.72874511e-04 5.17572104e-04
1.86414389e-01 2.91256885e-05 5.11798965e-04
1.86822028e-01 2.36346574e-04 5.24717081e-04
1.87229665e-01 2.35631806e-04 5.15487922e-04
1.87637300e-01 -8.89861634e-04 5.14285554e-04
1.88044934e-01 -3.56878489e-04 5.11738535e-04
1.88452566e-01 -3.00254510e-04 5.07124937e-04
1.88860195e-01 7.56406430e-04 5.20539708e-04
1.89267824e-01 -1.63305458e-04 5.16081706e-04
1.89675450e-01 -4.61827055e-04 5.04104796e-04
1.90083074e-01 2.77759836e-05 5.10847350e-04
1.90490697e-01 -1.47678121e-04 5.07443645e-04
1.90898318e-01 -6.34149783e-04 5.11719451e-04
1.91305937e-01 -1.27397848e-04 5.05882788e-04
1.91713555e-01 -4.15889578e-04 5.05204965e-04
1.92121170e-01 -8.82550130e-06 4.92883641e-04
1.92528784e-01 -2.39035884e-04 5.09358939e-04
1.92936396e-01 7.03899715e-04 5.12089494e-04
1.93344006e-01 -6.94666093e-04 4.98829820e-04
1.93751614e-01 9.14821216e-04 5.08479995e-04
1.94159220e-01 3.66633770e-05 5.13727141e-04
1.94566825e-01 -1.25773580e-04 4.92172047e-04
1.94974427e-01 1.69648887e-04 4.95862230e-04
1.95382028e-01 5.33239967e-04 5.09270181e-04
1.95789627e-01 6.99426208e-04 5.01124553e-04
1.96197224e-01 5.07662845e-04 4.93589039e-04
1.96604820e-01 7.40130725e-05 4.95139869e-04
1.97012413e-01 3.71131511e-04 5.06212629e-04
1.97420005e-01 -3.90193121e-04 4.98306783e-04
1.97827594e-01 5.15380318e-04 5.06943358e-04
1.98235182e-01 2.56636189e-04 4.95196970e-04
1.98642768e-01 5.34770330e-04 5.10487583e-04
1.99050352e-01 -5.91728949e-05 4.98737377e-04
1.99457934e-01 2.96108048e-04 5.00516642e-04
1.99865514e-01 -4.19243417e-04 5.03106930e-04
2.00273093e-01 -6.06351881e-04 5.00022092e-04
2.00680669e-01 -3.01712866e-04 5.01311115e-04
2.01088244e-01 -9.90523364e-05 5.07474053e-04
2.01495816e-01 -2.23191870e-04 5.06947800e-04
2.01903387e-01 1.55692566e-04 5.08131675e-04
2.02310956e-01 -2.83682154e-04 5.02682392e-04
2.02718523e-01 1.25327383e-03 5.15764101e-04
2.03126088e-01 2.73484908e-04 5.03535520e-04
2.03533651e-01 8.88914841e-04 5.21011732e-04
2.03941212e-01 6.91790339e-04 5.20912775e-04
2.04348771e-01 5.91802461e-04 5.02526503e-04
2.04756329e-01 6.58580195e-04 4.93606763e-04
2.05163884e-01 2.75724651e-04 5.05474855e-04
2.05571438e-01 2.16335168e-04 5.01500888e-04
2.05978989e-01 1.90254281e-04 4.95264093e-04
2.06386539e-01 -6.21917541e-04 4.92848228e-04
2.06794086e-01 5.03852807e-04 4.90593374e-04
2.07201632e-01 1.57988700e-04 4.91554352e-04
2.07609175e-01 -5.18886442e-05 4.91820980e-04
2.08016717e-01 2.71823091e-04 4.79892557e-04
2.08424257e-01 3.46270511e-04 4.90089998e-04
2.08831794e-01 -3.38133505e-04 4.82324454e-04
2.09239330e-01 -5.81399199e-05 4.90870542e-04
2.09646864e-01 1.55399564e-04 4.79982772e-04
2.10054396e-01 9.04041545e-04 4.97644607e-04
2.10461925e-01 -4.13469186e-04 4.83772431e-04
2.10869453e-01 -2.41312353e-04 4.74963253e-04
2.11276979e-01 5.05010081e-04 4.84100902e-04
2.11684503e-01 4.58507906e-04 4.80304591e-04
2.12092025e-01 8.32006234e-04 4.82174325e-04
2.12499544e-01 -1.58541231e-04 4.73108023e-04
2.12907062e-01 5.69430407e-04 4.84498736e-04
2.13314578e-01 5.96931504e-04 4.88687248e-04
2.13722092e-01 7.85891884e-05 4.84817604e-04
2.14129603e-01 -9.57878829e-05 4.90225963e-04
2.14537113e-01 -4.12426457e-04 4.68862642e-04
2.14944621e-01 8.10977945e-04 4.80328512e-04
2.15352126e-01 5.07714184e-04 4.76278059e-04
2.15759630e-01 1.00127639e-03 4.78331543e-04
2.16167131e-01 -5.26722231e-04 4.70344279e-04
2.16574631e-01 3.99096393e-04 4.66855784e-04
2.16982128e-01 2.62422446e-04 4.66402390e-04
2.17389624e-01 1.84174130e-04 4.70039201e-04
2.17797117e-01 3.44488716e-04 4.70793492e-04
2.18204608e-01 4.07473172e-04 4.65209197e-04
2.18612098e-01 2.76643818e-04 4.71119084e-04
2.19019585e-01 5.63333480e-04 4.63672499e-04
2.19427070e-01 -1.78828966e-04 4.59022556e-04
2.19834553e-01 7.71611375e-06 4.55599106e-04
2.20242034e-01 3.40056226e-04 4.57508287e-04
2.20649512e-01 -2.21994542e-04 4.60399804e-04
2.21056989e-01 3.92489507e-04 4.63020939e-04
2.21464464e-01 5.99647499e-04 4.56384409e-04
2.21871936e-01 7.60299166e-04 4.58389191e-04
2.22279407e-01 2.63884330e-04 4.67876083e-04
2.22686875e-01 1.10132768e-03 4.71542610e-04
2.23094341e-01 1.14391264e-03 4.61789811e-04
2.23501805e-01 -1.42011069e-04 4.49461952e-04
2.23909267e-01 1.88421811e-04 4.65346536e-04
2.24316727e-01 8.87532375e-04 4.62483425e-04
2.24724185e-01 6.98250031e-04 4.60669508e-04
2.25131641e-01 8.47999675e-05 4.59020111e-04
2.25539094e-01 6.29668048e-04 4.43519235e-04
2.25946545e-01 -4.34237601e-04 4.60538729e-04
2.26353995e-01 1.99998885e-04 4.48921923e-04
2.26761442e-01 2.37282890e-04 4.59234239e-04
2.27168887e-01 4.16332827e-04 4.63384267e-04
2.27576329e-01 -4.72961805e-04 4.59739429e-04
2.27983770e-01 -1.60806799e-04 4.47234856e-04
2.28391208e-01 5.49467962e-04 4.56228463e-04
2.28798645e-01 3.88300862e-04 4.56016747e-04
2.29206079e-01 -4.87464553e-04 4.58338569e-04
2.29613511e-01 6.82222052e-04 4.62931228e-04
2.30020941e-01 -1.42583611e-03 4.52068549e-04
2.30428368e-01 -1.22498138e-04 4.64923019e-04
2.30835794e-01 2.71398430e-04 4.65964100e-04
2.31243217e-01 1.85200888e-04 4.64215418e-04
2.31650638e-01 -3.24848808e-04 4.60042584e-04
2.32058057e-01 1.17225155e-03 4.72197598e-04
2.32465473e-01 4.35879077e-04 4.67282844e-04
2.32872888e-01 2.40274705e-04 4.74472423e-04
2.33280300e-01 3.89595476e-04 4.70448699e-04
2.33687710e-01 -1.06606094e-04 4.61677204e-04
2.34095118e-01 7.57626322e-04 4.72795941e-04
2.34502524e-01 5.43982925e-04 4.68244660e-04
2.34909927e-01 1.39356199e-04 4.60816930e-04
2.35317328e-01 -6.92873039e-04 4.61735216e-04
2.35724727e-01 1.57519828e-04 4.59178449e-04
2.36132124e-01 2.18226076e-04 4.62267964e-04
2.36539518e-01 -2.71407050e-04 4.52002555e-04
2.36946911e-01 -8.19785736e-04 4.46507302e-04
2.37354301e-01 -1.91038774e-04 4.49473632e-04
2.37761688e-01 4.90066901e-04 4.54419681e-04
2.38169074e-01 -2.89501304e-04 4.49670441e-04
2.38576457e-01 -2.76937444e-05 4.61861457e-04
2.38983838e-01 -3.69089957e-04 4.46378921e-04
2.39391217e-01 -1.28954813e-04 4.52479028e-04
2.39798593e-01 -3.57946754e-04 4.44497556e-04
2.40205967e-01 -2.84817253e-04 4.42336960e-04
2.40613339e-01 2.60048552e-04 4.48731761e-04
2.41020709e-01 -2.88748070e-04 4.43879152e-04
2.41428076e-01 -3.10579850e-05 4.43316917e-04
2.41835441e-01 8.92149822e-04 4.48526407e-04
2.42242804e-01 1.09286705e-04 4.44245916e-04
2.42650165e-01 -2.98546871e-04 4.37514263e-04
2.43057523e-01 3.79366077e-04 4.42666426e-04
2.43464879e-01 2.03173633e-04 4.47142965e-04
2.43872232e-01 8.06132613e-04 4.38565551e-04
2.44279584e-01 1.61420887e-04 4.30660366e-04
2.44686933e-01 4.57542442e-04 4.42529218e-04
2.45094279e-01 -4.06984922e-04 4.33381893e-04
2.45501624e-01 3.99987345e-04 4.41381865e-04
2.45908966e-01 1.08112016e-03 4.42978716e-04
2.46316305e-01 3.66008866e-04 4.43459120e-04
2.46723643e-01 4.67826332e-04 4.40075085e-04
2.47130978e-01 3.66940394e-04 4.41458338e-04
2.47538310e-01 5.30125070e-04 4.28216156e-04
2.47945641e-01 5.60202461e-04 4.25034087e-04
2.48352969e-01 1.30150981e-03 4.29820900e-04
2.48760294e-01 -1.98431740e-04 4.30411898e-04
2.49167618e-01 -2.69913302e-04 4.27821328e-04
2.49574939e-01 4.89207337e-04 4.29283191e-04
2.49982257e-01 3.28339198e-04 4.27124670e-04
2.50389573e-01 9.69643280e-06 4.34433248e-04
2.50796887e-01 -1.59762262e-04 4.29691837e-04
2.51204199e-01 7.21183601e-04 4.19905810e-04
2.51611508e-01 5.47595651e-04 4.37145144e-04
2.52018815e-01 4.83814473e-04 4.35430489e-04
2.52426119e-01 -3.43258937e-04 4.29458427e-04
2.52833421e-01 -6.47096811e-05 4.23751642e-04
2.53240720e-01 -2.99709001e-04 4.34305390e-04
2.53648017e-01 2.73281032e-04 4.27660914e-04
2.54055312e-01 4.23667330e-04 4.30548231e-04
2.54462605e-01 -4.88983343e-05 4.33683920e-04
2.54869894e-01 -1.63731888e-04 4.32769193e-04
2.55277182e-01 1.30534314e-04 4.31455808e-04
2.55684467e-01 3.77449082e-04 4.19570969e-04
2.56091750e-01 7.63435747e-05 4.14613517e-04
2.56499030e-01 8.57722632e-04 4.26153853e-04
2.56906308e-01 3.92480143e-04 4.21177534e-04
2.57313583e-01 3.14747054e-04 4.14004100e-04
2.57720856e-01 3.94553235e-04 4.14765979e-04
2.58128127e-01 1.12197835e-03 4.19881656e-04
2.58535395e-01 -7.21665009e-05 4.18184857e-04
2.58942661e-01 2.93066792e-04 4.22083015e-04
2.59349924e-01 -4.06028588e-04 4.27235262e-04
2.59757184e-01 -8.47306188e-05 4.13573027e-04
2.60164443e-01 2.71142461e-04 4.15485038e-04
2.60571699e-01 4.97790796e-04 4.16951847e-04
2.60978952e-01 3.84732806e-04 4.19370882e-04
2.61386203e-01 -1.29940580e-05 4.18017355e-04
2.61793451e-01 6.17305356e-04 4.18284370e-04
2.62200697e-01 3.35696272e-04 4.21134067e-04
2.62607941e-01 1.71378105e-04 4.10865387e-04
2.63015182e-01 8.47697750e-04 4.23707029e-04
2.63422420e-01 2.77051464e-04 4.11875408e-04
2.63829656e-01 9.63628544e-05 4.17839224e-04
2.64236890e-01 1.03925383e-03 4.18267555e-04
2.64644121e-01 9.00779265e-04 4.19922177e-04
2.65051349e-01 -7.19991682e-04 4.07841864e-04
2.65458575e-01 -2.77695760e-04 4.10426819e-04
2.65865799e-01 5.02896765e-04 4.09612102e-04
2.66273019e-01 2.86938353e-04 4.08310137e-04
2.66680238e-01 -1.26442638e-04 4.12702145e-04
2.67087454e-01 2.71037621e-04 4.03322909e-04
2.67494667e-01 2.27010604e-04 4.04802794e-04
2.67901878e-01 4.16450848e-04 4.06570618e-04
2.68309086e-01 1.06609269e-04 4.03123349e-04
2.68716292e-01 7.38835708e-04 4.03993741e-04
2.69123495e-01 -1.13568386e-04 4.07432700e-04
2.69530696e-01 4.60325680e-04 4.17156378e-04
2.69937894e-01 5.01994957e-05 4.01641984e-04
2.70345090e-01 -1.10017150e-04 3.97348688e-04
2.70752283e-01 3.43184600e-04 3.97172911e-04
2.71159473e-01 3.93243917e-04 4.04106656e-04
2.71566661e-01 5.56761802e-05 3.96923074e-04
2.71973847e-01 5.65321903e-05 3.96213113e-04
2.72381030e-01 1.56294958e-04 4.06522614e-04
2.72788210e-01 2.06292379e-04 4.02413581e-04
2.73195387e-01 -2.43050859e-04 4.03514701e-04
2.73602562e-01 2.55986470e-04 4.06865890e-04
2.74009735e-01 1.36783663e-04 4.05293518e-04
2.74416905e-01 9.58472578e-04 3.93539527e-04
2.74824072e-01 -1.79736861e-05 4.01436527e-04
2.75231237e-01 -4.93965346e-04 3.96008174e-04
2.75638399e-01 -1.05754809e-04 3.97696897e-04
2.76045558e-01 4.56890904e-04 3.95128757e-04
2.76452715e-01 3.10492298e-05 3.95676585e-04
2.76859869e-01 4.81588318e-04 3.97041981e-04
2.77267021e-01 4.37266828e-04 3.97291790e-04
2.77674170e-01 4.63417894e-04 4.00152752e-04
2.78081316e-01 -2.78977009e-04 3.91660080e-04
2.78488460e-01 2.60627214e-04 4.00519797e-04
2.78895601e-01 7.35169831e-05 3.97499996e-04
2.79302740e-01 -3.52737391e-04 3.96468175e-04
2.79709875e-01 4.83911690e-04 3.96517901e-04
2.80117009e-01 1.85199751e-05 3.98838346e-04
2.80524139e-01 3.36658301e-04 3.94266359e-04
2.80931267e-01 9.15063103e-04 3.93212558e-04
2.81338392e-01 3.86901637e-04 3.91556326e-04
2.81745515e-01 8.90921307e-04 3.94778077e-04
2.82152635e-01 3.62973926e-05 3.98224875e-04
2.82559752e-01 -1.15065395e-04 3.94355135e-04
2.82966866e-01 2.43324482e-04 3.88838930e-04
2.83373978e-01 8.54972862e-05 3.82591066e-04
2.83781088e-01 -4.97972194e-05 3.86943360e-04
2.84188194e-01 -1.34939904e-04 3.90860562e-04
2.84595298e-01 3.69300440e-05 3.83923958e-04
2.85002399e-01 6.57464843e-04 3.92008719e-04
2.85409497e-01 1.80555541e-04 4.00223297e-04
2.85816593e-01 -2.35854447e-04 3.87479053e-04
2.86223686e-01 -8.95663829e-05 3.94342729e-04
2.86630777e-01 2.00461064e-04 3.95266193e-04
2.87037864e-01 -3.50983614e-04 3.99345414e-04
2.87444949e-01 4.44043726e-04 4.00157707e-04
2.87852031e-01 8.63149578e-04 4.03149098e-04
2.88259111e-01 2.33147403e-04 3.94664367e-04
2.88666188e-01 2.38891080e-04 3.89264869e-04
2.89073262e-01 5.98479074e-04 4.00433764e-04
2.89480333e-01 -2.57628546e-05 3.98735414e-04
2.89887401e-01 6.32865141e-04 4.01769547e-04
2.90294467e-01 6.73974224e-04 4.13712194e-04
2.90701530e-01 3.27710777e-04 4.03005315e-04
2.91108591e-01 1.03127123e-03 3.98316016e-04
2.91515648e-01 2.16441006e-04 3.92845541e-04
2.91922703e-01 4.27365770e-04 3.97652433e-04
2.92329755e-01 5.60295613e-04 3.94021509e-04
2.92736804e-01 2.38839123e-04 3.93084486e-04
2.93143851e-01 9.24524701e-05 3.90751666e-04
2.93550895e-01 3.40622780e-04 3.93219951e-04
2.93957936e-01 7.49469712e-04 3.89289532e-04
2.94364974e-01 1.58698805e-04 3.92053686e-04
2.94772009e-01 6.58059706e-04 3.92523404e-04
2.95179042e-01 -4.19083773e-04 3.92085746e-04
2.95586072e-01 8.48142855e-04 3.98461106e-04
2.95993099e-01 1.93475579e-04 3.94805063e-04
2.96400123e-01 7.03818137e-04 3.95703754e-04
2.96807145e-01 1.41681219e-04 4.01349212e-04
2.97214163e-01 1.19170628e-05 3.86532261e-04
2.97621179e-01 4.29112498e-04 3.86435422e-04
2.98028192e-01 2.63149693e-04 3.90025641e-04
2.98435202e-01 3.22718544e-04 3.86317239e-04
2.98842210e-01 6.22428575e-04 3.96419720e-04
2.99249214e-01 1.54943344e-03 4.04860027e-04
2.99656216e-01 9.13295073e-04 3.93177839e-04
3.00063215e-01 4.09539756e-04 3.92533223e-04
3.00470211e-01 2.16842940e-04 3.93539108e-04
3.00877204e-01 9.99547475e-05 3.94361001e-04
3.01284194e-01 4.04821584e-04 3.99915052e-04
3.01691182e-01 1.61917723e-04 3.97821922e-04
3.02098167e-01 -2.15175724e-04 3.94248034e-04
3.02505149e-01 5.84604653e-04 3.95487675e-04
3.02912128e-01 4.73316975e-04 3.93688175e-04
3.03319104e-01 4.12411736e-04 3.85205631e-04
3.03726077e-01 3.32069592e-04 3.98154800e-04
3.04133047e-01 5.35555358e-04 3.87933191e-04
3.04540015e-01 -6.18917962e-06 3.95168457e-04
3.04946979e-01 2.02272001e-04 3.95302925e-04
3.05353941e-01 2.80281053e-04 3.87936684e-04
3.05760900e-01 6.80552460e-04 3.92911580e-04
3.06167856e-01 1.02420615e-03 3.92211251e-04
3.06574809e-01 2.51476374e-04 3.92356863e-04
3.06981759e-01 4.06737566e-04 4.04096398e-04
3.07388706e-01 1.31508691e-04 3.95993142e-04
3.07795651e-01 -1.01687461e-04 3.86780797e-04
3.08202592e-01 -1.85813110e-04 3.94617763e-04
3.08609531e-01 3.56665056e-04 3.97672327e-04
3.09016466e-01 8.30123298e-05 4.01798665e-04
3.09423399e-01 5.52904962e-05 3.95358518e-04
3.09830329e-01 6.47288393e-05 4.03761882e-04
3.10237256e-01 -2.92271740e-05 4.02145074e-04
3.10644180e-01 3.89186873e-05 3.99140280e-04
3.11051101e-01 5.69636426e-04 3.97075766e-04
3.11458019e-01 -1.66327770e-04 3.98643615e-04
3.11864934e-01 6.27965691e-04 4.02376418e-04
3.12271846e-01 1.40975398e-04 4.03985949e-04
3.12678755e-01 -1.65499936e-04 4.01272646e-04
3.13085661e-01 3.64548246e-04 4.01074422e-04
3.13492565e-01 1.14500367e-03 4.06147784e-04
3.13899465e-01 -2.31718006e-04 3.93717866e-04
3.14306362e-01 -1.53830561e-04 3.97002696e-04
3.14713257e-01 4.72433891e-04 4.03883337e-04
3.15120148e-01 1.45757703e-03 4.10721764e-04
3.15527037e-01 5.72752236e-04 4.14201975e-04
3.15933922e-01 1.13480037e-03 4.20639390e-04
3.16340805e-01 8.80526737e-04 4.53136967e-04
3.16747684e-01 -3.12864403e-04 4.86062785e-04
3.17154561e-01 6.83875303e-06 5.07306684e-04
3.17561434e-01 -5.92828686e-05 5.33241001e-04
3.17968305e-01 6.77729976e-04 5.80669818e-04
3.18375172e-01 -6.11295807e-04 6.20008665e-04
3.18782037e-01 5.25152229e-04 6.21974687e-04
3.19188898e-01 -2.44394502e-04 6.69591725e-04
3.19595757e-01 9.81260466e-04 6.81835949e-04
3.20002612e-01 -5.31703659e-04 7.06223616e-04
3.20409465e-01 6.52073434e-04 7.74276153e-04
3.20816314e-01 1.29610240e-03 8.18582883e-04
3.21223160e-01 1.04000587e-03 9.72174831e-04
3.21630004e-01 5.79411636e-05 1.02367250e-03
3.22036844e-01 -1.15842112e-03 1.30415478e-03
3.22443681e-01 -3.50366746e-03 1.79184652e-03
3.22850516e-01 -3.99309671e-03 5.92320172e-03
