4.08043586e-03 -1.97117162e-02 2.71701537e-02
4.48847930e-03 -2.16342630e-02 2.73738674e-02
4.89652269e-03 -1.92063961e-02 1.96410893e-02
5.30456604e-03 -1.05812657e-02 1.46757713e-02
5.71260934e-03 -5.75804547e-03 1.03646866e-02
6.12065258e-03 -2.88071857e-03 8.66233232e-03
6.52869577e-03 -6.46467104e-04 7.80661889e-03
6.93673889e-03 2.90359787e-03 6.61975082e-03
7.34478195e-03 1.20204971e-03 5.37642703e-03
7.75282494e-03 -2.95005331e-03 5.54967845e-03
8.16086785e-03 -5.06482427e-03 4.51577920e-03
8.56891069e-03 -5.85466226e-03 4.47126690e-03
8.97695345e-03 1.58751237e-03 3.87216437e-03
9.38499612e-03 5.24663800e-04 3.95499337e-03
9.79303870e-03 -3.35781920e-03 3.64578052e-03
1.02010812e-02 -2.23505509e-03 3.39923247e-03
1.06091236e-02 2.02572852e-03 3.17282691e-03
1.10171659e-02 2.34969728e-04 2.92408210e-03
1.14252081e-02 -1.51156751e-03 3.06763595e-03
1.18332501e-02 5.16908880e-03 2.89832517e-03
1.22412921e-02 -1.37695800e-03 2.56206975e-03
1.26493339e-02 2.52087942e-03 2.47478451e-03
1.30573757e-02 6.53519695e-03 2.50529029e-03
1.34654173e-02 -2.21449892e-03 2.43188058e-03
1.38734588e-02 -5.41097468e-03 2.06005228e-03
1.42815001e-02 1.65888493e-04 2.42422869e-03
1.46895413e-02 2.21745672e-03 2.19851646e-03
1.50975824e-02 2.12428724e-03 2.47229519e-03
1.55056233e-02 -1.01408059e-03 2.15586083e-03
1.59136641e-02 2.58919364e-03 2.05240656e-03
1.63217047e-02 1.81464177e-03 2.00290432e-03
1.67297452e-02 4.59698326e-04 2.06037633e-03
1.71377855e-02 -2.76912286e-03 2.12801916e-03
1.75458257e-02 1.89719831e-03 2.00869945e-03
1.79538657e-02 -6.75495306e-04 1.95488701e-03
1.83619055e-02 1.40453020e-03 1.82337555e-03
1.87699451e-02 -5.02217330e-04 1.86842454e-03
1.91779846e-02 9.28721992e-04 1.95763143e-03
1.95860239e-02 2.00596196e-03 1.95401433e-03
1.99940630e-02 1.05460552e-03 1.78952615e-03
2.04021019e-02 -3.94111275e-04 1.84290892e-03
2.08101406e-02 -2.09314696e-03 1.77285569e-03
2.12181791e-02 2.67181200e-03 1.87935409e-03
2.16262174e-02 1.38146045e-03 1.75379289e-03
2.20342555e-02 -5.29292163e-04 1.68224400e-03
2.24422934e-02 -2.27371507e-03 1.59983121e-03
2.28503311e-02 -4.49912701e-05 1.64397710e-03
2.32583686e-02 -1.01717284e-03 1.62894939e-03
2.36664058e-02 -1.56161393e-03 1.71882723e-03
2.40744429e-02 1.20976351e-03 1.61914361e-03
2.44824797e-02 1.15555406e-03 1.63726631e-03
2.48905162e-02 -5.00560588e-04 1.67536289e-03
2.52985525e-02 -2.89803525e-03 1.63778211e-03
2.57065886e-02 -2.63845087e-03 1.57527259e-03
2.61146245e-02 -3.85106095e-04 1.67123329e-03
2.65226601e-02 1.03542231e-03 1.65775020e-03
2.69306954e-02 -5.56288603e-04 1.58601361e-03
2.73387305e-02 1.28228531e-03 1.57202036e-03
2.77467653e-02 1.38601031e-04 1.54420523e-03
2.81547999e-02 -1.10113134e-03 1.65828383e-03
2.85628342e-02 4.75939930e-04 1.69417209e-03
2.89708682e-02 -5.77089114e-05 1.58451766e-03
2.93789020e-02 -2.13819696e-03 1.55467699e-03
2.97869355e-02 1.28587865e-03 1.64715481e-03
3.01949687e-02 -3.25863667e-03 1.62638878e-03
3.06030016e-02 9.17524832e-04 1.64727916e-03
3.10110342e-02 2.94232730e-03 1.72626536e-03
3.14190665e-02 3.40676557e-03 1.61127040e-03
3.18270985e-02 1.63532278e-03 1.55564605e-03
3.22351302e-02 -2.92270185e-04 1.53550267e-03
3.26431617e-02 -3.70914488e-04 1.47312677e-03
3.30511928e-02 2.46616073e-03 1.45926702e-03
3.34592236e-02 1.73119636e-03 1.40335807e-03
3.38672540e-02 4.36193160e-04 1.45492762e-03
3.42752842e-02 1.48835506e-03 1.49015113e-03
3.46833140e-02 -2.14983600e-04 1.39896749e-03
3.50913435e-02 6.04991790e-04 1.35491021e-03
3.54993727e-02 -4.90132934e-04 1.37547670e-03
3.59074015e-02 -1.69757778e-03 1.42712691e-03
3.63154300e-02 2.11361645e-04 1.36467843e-03
3.67234581e-02 -4.25227294e-04 1.34561045e-03
3.71314859e-02 -3.81198626e-04 1.35119754e-03
3.75395134e-02 1.08763029e-03 1.35203514e-03
3.79475405e-02 -2.22810339e-03 1.31476770e-03
3.83555672e-02 7.42078927e-04 1.37686566e-03
3.87635935e-02 -2.32091892e-03 1.31272554e-03
3.91716195e-02 -2.05844309e-03 1.31964903e-03
3.95796452e-02 -7.34949490e-04 1.28172316e-03
3.99876704e-02 -3.17940557e-03 1.27098505e-03
4.03956953e-02 8.51205620e-04 1.34192416e-03
4.08037198e-02 3.34385258e-04 1.32841047e-03
4.12117439e-02 -1.30512236e-03 1.23686357e-03
4.16197676e-02 1.68835313e-03 1.32982128e-03
4.20277909e-02 2.96410247e-07 1.21754836e-03
4.24358138e-02 -1.39189040e-03 1.26465160e-03
4.28438363e-02 -1.03345432e-03 1.28279735e-03
4.32518584e-02 -1.52385949e-03 1.24745301e-03
4.36598801e-02 -1.38391970e-03 1.20922807e-03
4.40679014e-02 7.02586782e-04 1.18666302e-03
4.44759222e-02 1.21202678e-03 1.22888847e-03
4.48839427e-02 -1.71718103e-03 1.19220987e-03
4.52919627e-02 -3.61614235e-04 1.24256892e-03
4.56999823e-02 2.66763390e-03 1.14178743e-03
4.61080014e-02 -7.63270684e-04 1.19753797e-03
4.65160201e-02 7.69470575e-04 1.20343198e-03
4.69240384e-02 8.81120625e-07 1.17455438e-03
4.73320562e-02 -1.08982459e-03 1.16827764e-03
4.77400736e-02 -1.17296358e-03 1.17327606e-03
4.81480905e-02 1.75115125e-03 1.14960424e-03
4.85561070e-02 -2.61387651e-03 1.18637398e-03
4.89641230e-02 1.92597373e-04 1.13392109e-03
4.93721385e-02 1.68333874e-03 1.20683163e-03
4.97801536e-02 3.30136187e-03 1.21169903e-03
5.01881682e-02 3.77595358e-04 1.14354710e-03
5.05961823e-02 2.99841016e-03 1.19702471e-03
5.10041960e-02 1.17770143e-03 1.11492441e-03
5.14122091e-02 -1.54310001e-03 1.06109956e-03
5.18202218e-02 -1.98505811e-03 1.14300841e-03
5.22282340e-02 -2.14520062e-03 1.14703151e-03
5.26362457e-02 6.35221237e-04 1.16420941e-03
5.30442569e-02 1.87290961e-03 1.09745692e-03
5.34522675e-02 -1.08581448e-03 1.05400683e-03
5.38602777e-02 2.03338630e-03 1.06174740e-03
5.42682874e-02 -4.54819102e-04 1.07339894e-03
5.46762965e-02 -8.31812998e-04 1.06801565e-03
5.50843052e-02 4.02323095e-04 1.13306573e-03
5.54923133e-02 -4.90207775e-04 1.06380954e-03
5.59003208e-02 -4.24591367e-04 1.06008934e-03
5.63083279e-02 4.83874714e-04 1.13600692e-03
5.67163344e-02 1.37280662e-03 1.11410815e-03
5.71243404e-02 -3.90962853e-04 1.10961335e-03
5.75323458e-02 1.71888796e-03 1.15094793e-03
5.79403507e-02 -1.33570983e-03 1.09941369e-03
5.83483551e-02 3.15637515e-03 1.14089585e-03
5.87563588e-02 -4.03968383e-04 1.07236013e-03
5.91643621e-02 -2.78768381e-05 1.10093747e-03
5.95723647e-02 -7.41115351e-04 1.13319211e-03
5.99803668e-02 4.60787980e-04 1.09188178e-03
6.03883684e-02 -1.73441816e-03 1.07464839e-03
6.07963693e-02 -8.39713393e-04 1.12148104e-03
6.12043697e-02 -1.26129577e-03 1.07261206e-03
6.16123695e-02 8.41383341e-04 1.07080729e-03
6.20203687e-02 2.25642040e-03 1.08065688e-03
6.24283674e-02 1.01627359e-04 1.09958878e-03
6.28363654e-02 1.35450496e-04 1.05404510e-03
6.32443629e-02 1.36397339e-05 1.02775867e-03
6.36523597e-02 2.37309224e-04 1.07701050e-03
6.40603559e-02 1.93404639e-03 1.05441776e-03
6.44683516e-02 1.73048129e-03 9.77000779e-04
6.48763466e-02 -1.02566036e-03 1.01457113e-03
6.52843410e-02 -4.47204071e-04 1.01518024e-03
6.56923348e-02 4.21359019e-04 1.02772357e-03
6.61003279e-02 -1.18045806e-03 9.90128828e-04
6.65083205e-02 5.32673618e-04 1.03696155e-03
6.69163124e-02 1.17587271e-03 1.01563176e-03
6.73243036e-02 -1.04959816e-03 9.73292100e-04
6.77322943e-02 2.85410577e-04 9.86544475e-04
6.81402842e-02 7.86398371e-04 9.69452169e-04
6.85482736e-02 7.77030868e-04 9.83426397e-04
6.89562623e-02 -1.40263811e-03 1.00372405e-03
6.93642503e-02 8.30389230e-05 9.89967820e-04
6.97722377e-02 7.92744607e-04 9.99362661e-04
7.01802244e-02 -5.84354387e-04 9.58773813e-04
7.05882105e-02 1.00691163e-04 9.46966606e-04
7.09961958e-02 8.15262970e-04 9.72676825e-04
7.14041805e-02 4.08411181e-04 9.56643293e-04
7.18121646e-02 1.00593766e-03 9.28892966e-04
7.22201479e-02 -7.33061877e-04 9.00996728e-04
7.26281306e-02 -6.72346083e-04 9.43078996e-04
7.30361126e-02 5.10135314e-04 9.43902284e-04
7.34440938e-02 3.48454164e-04 9.35427712e-04
7.38520744e-02 1.47372993e-03 9.43133691e-04
7.42600543e-02 -8.41020397e-04 9.14826814e-04
7.46680335e-02 -7.53294673e-04 9.11743652e-04
7.50760119e-02 8.90019436e-04 9.19632161e-04
7.54839897e-02 -1.42245333e-03 8.70925511e-04
7.58919667e-02 -4.84600193e-04 8.79993588e-04
7.62999431e-02 3.84746930e-04 9.20601686e-04
7.67079187e-02 6.33434961e-04 8.99201676e-04
7.71158935e-02 2.34810040e-03 9.11943164e-04
7.75238677e-02 1.00265400e-03 9.03797194e-04
7.79318411e-02 8.65666930e-05 8.91415140e-04
7.83398137e-02 7.38069203e-05 8.90179692e-04
7.87477857e-02 -4.98095178e-04 8.79038948e-04
7.91557568e-02 1.02457964e-03 9.15497026e-04
7.95637273e-02 1.87224601e-03 9.15637419e-04
7.99716969e-02 2.92989463e-04 9.02189302e-04
8.03796658e-02 -5.04409244e-04 8.85431437e-04
8.07876340e-02 -2.76508892e-04 8.69388586e-04
8.11956014e-02 -4.25922608e-04 8.56566126e-04
8.16035680e-02 -1.48354228e-03 8.46480668e-04
8.20115338e-02 3.85954937e-04 8.46196425e-04
8.24194989e-02 6.55449996e-04 8.57136709e-04
8.28274631e-02 2.46595595e-04 8.46349502e-04
8.32354266e-02 1.60711765e-03 8.78591835e-04
8.36433893e-02 1.18618887e-04 8.27474629e-04
8.40513512e-02 9.44116858e-04 8.39977010e-04
8.44593123e-02 -9.02309667e-04 8.61012538e-04
8.48672727e-02 1.36607325e-03 8.51185703e-04
8.52752322e-02 4.33205262e-04 8.51690037e-04
8.56831909e-02 -1.48005617e-04 8.27039300e-04
8.60911487e-02 -2.53111302e-04 8.49811426e-04
8.64991058e-02 -5.29286049e-04 8.71856194e-04
8.69070620e-02 1.32800769e-04 8.34822253e-04
8.73150175e-02 8.25849269e-04 8.38360123e-04
8.77229721e-02 1.69505810e-03 8.24874804e-04
8.81309258e-02 5.74787000e-04 8.39691960e-04
8.85388787e-02 -9.74707931e-04 8.34939672e-04
8.89468308e-02 -7.05786239e-04 8.62721566e-04
8.93547821e-02 1.13813744e-04 8.27542347e-04
8.97627325e-02 1.38611294e-04 8.02424965e-04
9.01706820e-02 -1.74628181e-04 8.27703477e-04
9.05786307e-02 4.47566361e-04 8.13119603e-04
9.09865785e-02 3.50240852e-04 8.19590100e-04
9.13945255e-02 3.34567898e-04 8.02607738e-04
9.18024716e-02 7.95338380e-04 8.03861214e-04
9.22104168e-02 -7.55894662e-04 8.24095330e-04
9.26183611e-02 7.48872524e-04 8.11272501e-04
9.30263046e-02 1.56214436e-04 7.90584128e-04
9.34342472e-02 1.12129997e-03 8.33633871e-04
9.38421889e-02 5.21255132e-04 8.29901129e-04
9.42501297e-02 4.32752953e-04 8.28786946e-04
9.46580696e-02 4.87027746e-04 8.14622810e-04
9.50660087e-02 9.61939653e-04 8.19372912e-04
9.54739468e-02 -1.75338567e-04 8.06158324e-04
9.58818840e-02 4.24770896e-04 8.15924176e-04
9.62898203e-02 -2.70988381e-04 7.92766126e-04
9.66977557e-02 2.75481226e-04 8.00285690e-04
9.71056902e-02 -9.17954625e-04 7.72887459e-04
9.75136237e-02 4.93888963e-04 7.83308547e-04
9.79215564e-02 3.23718973e-04 8.10640087e-04
9.83294881e-02 -3.71621802e-04 7.94048175e-04
9.87374188e-02 1.34277218e-03 7.97980790e-04
9.91453487e-02 -1.17762681e-04 7.76587206e-04
9.95532775e-02 1.02933660e-03 7.62992657e-04
9.99612055e-02 1.74482285e-03 8.12216367e-04
1.00369132e-01 -9.14606405e-04 7.49175669e-04
1.00777059e-01 -5.13066306e-04 7.62094590e-04
1.01184984e-01 -7.06026667e-04 7.41256423e-04
1.01592908e-01 8.12024177e-04 7.78511719e-04
1.02000831e-01 9.49135729e-05 7.67377118e-04
1.02408753e-01 1.05162295e-03 7.52387916e-04
1.02816674e-01 -6.91934779e-04 7.26400079e-04
1.03224595e-01 1.11840266e-03 7.49021446e-04
1.03632514e-01 2.18652633e-04 7.54484731e-04
1.04040432e-01 -6.00234119e-05 7.26874685e-04
1.04448349e-01 5.89992971e-04 7.23531239e-04
1.04856266e-01 5.25982155e-05 7.51439648e-04
1.05264181e-01 1.09736375e-03 7.67970914e-04
1.05672095e-01 1.05556701e-03 7.42674284e-04
1.06080009e-01 -1.43600084e-04 7.24856674e-04
1.06487921e-01 -5.51743957e-06 7.36826341e-04
1.06895832e-01 5.69626619e-04 7.25894441e-04
1.07303743e-01 6.58587636e-05 7.54630421e-04
1.07711652e-01 -8.25310122e-04 7.47446414e-04
1.08119560e-01 4.41727971e-04 7.75934656e-04
1.08527467e-01 -8.10733561e-04 7.38219828e-04
1.08935374e-01 -2.83514469e-04 7.68187422e-04
1.09343279e-01 -4.23333758e-04 7.48287454e-04
1.09751183e-01 6.21021369e-04 7.42989697e-04
1.10159086e-01 2.99449466e-04 7.08463107e-04
1.10566988e-01 3.49826013e-04 7.19301328e-04
1.10974889e-01 9.99139690e-04 7.29112665e-04
1.11382789e-01 1.67511012e-03 7.47448991e-04
1.11790688e-01 7.93703651e-04 7.33041206e-04
1.12198586e-01 -1.65819375e-03 7.20488536e-04
1.12606482e-01 1.70249766e-04 7.41203390e-04
1.13014378e-01 3.41365417e-04 7.41611822e-04
1.13422273e-01 6.95912019e-04 7.49126664e-04
1.13830166e-01 1.39220386e-03 7.54428881e-04
1.14238059e-01 -7.33624627e-04 7.15917804e-04
1.14645950e-01 4.89087229e-04 7.28403643e-04
1.15053840e-01 1.89343860e-04 7.38392800e-04
1.15461730e-01 1.59478061e-03 7.39189436e-04
1.15869618e-01 7.81821040e-04 7.51223534e-04
1.16277505e-01 1.15137614e-03 7.31531228e-04
1.16685391e-01 1.77650731e-04 7.33026539e-04
1.17093275e-01 9.42201662e-04 7.32148291e-04
1.17501159e-01 5.02473767e-04 7.44570311e-04
1.17909042e-01 4.43631097e-04 7.69140560e-04
1.18316923e-01 8.80415857e-04 7.19368534e-04
1.18724803e-01 9.39353298e-04 7.25499526e-04
1.19132683e-01 -3.05276990e-04 7.01912967e-04
1.19540561e-01 -1.13627081e-03 6.90922120e-04
1.19948438e-01 1.10988692e-05 7.00267925e-04
1.20356313e-01 2.59497575e-04 6.98853484e-04
1.20764188e-01 1.12966639e-03 7.27749260e-04
1.21172062e-01 2.07520053e-04 6.94994115e-04
1.21579934e-01 1.69777397e-04 6.77330556e-04
1.21987805e-01 7.05145110e-04 6.93557872e-04
1.22395675e-01 -5.86113086e-04 6.79392260e-04
1.22803544e-01 -2.25416645e-04 6.75424154e-04
1.23211412e-01 -8.03724436e-04 6.69330784e-04
1.23619278e-01 9.38122978e-04 6.93221270e-04
1.24027144e-01 -1.33007040e-05 6.80600540e-04
1.24435008e-01 3.20251665e-04 6.79081748e-04
1.24842871e-01 -3.09063795e-04 6.83343697e-04
1.25250733e-01 8.63421001e-04 6.84424237e-04
1.25658594e-01 -9.64999122e-04 6.62978311e-04
1.26066453e-01 -4.44143896e-04 6.74075967e-04
1.26474311e-01 6.57079679e-04 6.66146845e-04
1.26882168e-01 -5.77714856e-04 6.71663313e-04
1.27290024e-01 -3.81962426e-04 6.82226995e-04
1.27697879e-01 -3.97026096e-04 6.65676062e-04
1.28105732e-01 -6.34523701e-04 6.65812421e-04
1.28513585e-01 5.64993479e-04 6.84372084e-04
1.28921436e-01 -4.89181286e-04 6.81727249e-04
1.29329285e-01 -2.18656171e-05 6.56825326e-04
1.29737134e-01 4.41122560e-04 6.62094680e-04
1.30144981e-01 9.59795339e-04 6.62193594e-04
1.30552828e-01 1.08393987e-03 6.54609345e-04
1.30960672e-01 5.77983184e-04 6.69372900e-04
1.31368516e-01 6.54424002e-04 6.51906704e-04
1.31776358e-01 -4.17864922e-04 6.51181653e-04
1.32184200e-01 -6.07039870e-04 6.33999996e-04
1.32592039e-01 -9.00249704e-04 6.37484060e-04
1.32999878e-01 3.86307272e-04 6.45317243e-04
1.33407715e-01 9.68471451e-05 6.30570428e-04
1.33815552e-01 4.92266762e-05 6.44791550e-04
1.34223386e-01 6.55735515e-04 6.31383856e-04
1.34631220e-01 -8.11712717e-04 6.27810874e-04
1.35039052e-01 2.52191349e-04 6.49447596e-04
1.35446883e-01 6.39573434e-04 6.38942431e-04
1.35854713e-01 -7.94186142e-04 6.28540782e-04
1.36262541e-01 1.89536452e-04 6.56364613e-04
1.36670368e-01 -1.87176484e-04 6.61505350e-04
1.37078194e-01 9.90715588e-05 6.34298207e-04
1.37486019e-01 3.95374161e-04 6.48173676e-04
1.37893842e-01 -7.19417888e-04 6.19519964e-04
1.38301664e-01 5.08368857e-05 6.08024904e-04
1.38709485e-01 1.21025441e-03 6.41514938e-04
1.39117304e-01 6.86361190e-05 6.14471818e-04
1.39525122e-01 8.04812780e-04 6.21902969e-04
1.39932939e-01 2.07438407e-04 6.08815553e-04
1.40340754e-01 3.20592514e-04 6.29502994e-04
1.40748568e-01 -1.22743553e-03 6.13320981e-04
1.41156381e-01 -2.23389826e-04 6.13272515e-04
1.41564192e-01 -2.17305119e-04 6.23730287e-04
1.41972002e-01 -2.66910987e-04 6.30141656e-04
1.42379811e-01 1.69248646e-03 6.27280066e-04
1.42787618e-01 -1.47292012e-03 6.18413367e-04
1.43195424e-01 -4.16857808e-04 6.21838909e-04
1.43603228e-01 -2.64416257e-04 6.37521698e-04
1.44011032e-01 8.54948861e-05 6.23321589e-04
1.44418833e-01 6.63613912e-04 6.48643044e-04
1.44826634e-01 1.79530715e-03 6.43012771e-04
1.45234433e-01 1.56368799e-04 6.43393745e-04
1.45642231e-01 5.29755977e-04 6.27133264e-04
1.46050027e-01 -5.54843933e-05 6.45911548e-04
1.46457822e-01 6.80511330e-05 6.38540833e-04
1.46865616e-01 -5.42305572e-04 6.12449244e-04
1.47273408e-01 -1.27290473e-05 6.49652808e-04
1.47681199e-01 2.85658401e-04 6.35751248e-04
1.48088988e-01 7.94857803e-05 6.31816668e-04
1.48496776e-01 -9.91553382e-05 6.40515011e-04
1.48904563e-01 3.54769173e-04 6.18954545e-04
1.49312348e-01 -4.19850269e-04 6.13533548e-04
1.49720132e-01 1.28442557e-03 6.27268309e-04
1.50127914e-01 3.93433800e-04 6.01105667e-04
1.50535695e-01 -2.00412333e-04 6.27805722e-04
1.50943474e-01 -4.90510377e-04 5.80701254e-04
1.51351252e-01 1.31375132e-03 6.21455188e-04
1.51759029e-01 3.04093423e-04 6.21816957e-04
1.52166804e-01 1.43371642e-05 6.18297359e-04
1.52574578e-01 2.94617168e-04 6.10669715e-04
1.52982350e-01 3.03718492e-04 6.12855061e-04
1.53390121e-01 -4.14152257e-04 6.17874345e-04
1.53797890e-01 2.93076982e-04 6.11609065e-04
1.54205658e-01 -5.83407339e-04 5.95597369e-04
1.54613425e-01 -1.09480509e-03 5.78145257e-04
1.55021190e-01 1.02644005e-03 6.02478302e-04
1.55428953e-01 -1.89725178e-04 5.96535223e-04
1.55836716e-01 -1.44795473e-04 5.95544587e-04
1.56244476e-01 4.51398167e-04 6.03995979e-04
1.56652235e-01 -3.72503167e-04 5.78283464e-04
1.57059993e-01 -1.20161840e-03 5.72579656e-04
1.57467749e-01 -7.61144219e-04 5.86115856e-04
1.57875504e-01 2.22373484e-04 5.93516795e-04
1.58283257e-01 1.75255044e-04 5.96087461e-04
1.58691008e-01 -7.92227583e-04 5.74985567e-04
1.59098758e-01 -6.77876514e-04 5.58157437e-04
1.59506507e-01 -6.70034527e-04 5.69030504e-04
1.59914254e-01 -9.26459853e-04 5.61952637e-04
1.60322000e-01 -6.23905930e-04 5.69441393e-04
1.60729744e-01 4.01522080e-04 5.82516324e-04
1.61137486e-01 1.37241535e-03 5.89447848e-04
1.61545228e-01 7.10928467e-04 5.74784204e-04
1.61952967e-01 -4.15403665e-04 5.66755244e-04
1.62360705e-01 -5.10905235e-04 5.57820312e-04
1.62768441e-01 8.36504930e-04 5.69298081e-04
1.63176176e-01 6.37341275e-04 5.85166039e-04
1.63583910e-01 1.18461766e-04 5.63913939e-04
1.63991641e-01 1.41523483e-04 5.57905048e-04
1.64399372e-01 3.92519445e-04 5.82823622e-04
1.64807100e-01 -2.76043133e-04 5.74400413e-04
1.65214827e-01 -1.27139622e-04 5.70455169e-04
1.65622553e-01 4.85842504e-04 5.66318128e-04
1.66030277e-01 -1.19657141e-04 5.71961983e-04
1.66437999e-01 -6.23105585e-04 5.69028422e-04
1.66845720e-01 -1.00794416e-03 5.62953216e-04
1.67253439e-01 -3.59270133e-04 5.69842413e-04
1.67661157e-01 6.45013497e-04 5.80847672e-04
1.68068873e-01 3.81849362e-04 5.39520336e-04
1.68476588e-01 -1.83090629e-04 5.63883256e-04
1.68884301e-01 3.67428371e-04 5.57017541e-04
1.69292012e-01 -2.86067889e-04 5.44625657e-04
1.69699721e-01 -6.47195813e-04 5.31551991e-04
1.70107430e-01 1.98112810e-05 5.42492746e-04
1.70515136e-01 2.00754563e-04 5.45168932e-04
1.70922841e-01 -5.28815028e-05 5.50260384e-04
1.71330544e-01 -4.86952636e-04 5.30676592e-04
1.71738246e-01 3.11619511e-04 5.42708147e-04
1.72145946e-01 -1.00537300e-04 5.55358133e-04
1.72553644e-01 5.50505005e-04 5.52807945e-04
1.72961341e-01 2.32319381e-04 5.41095500e-04
1.73369036e-01 4.96012827e-04 5.58326561e-04
1.73776729e-01 9.16796126e-05 5.47164502e-04
1.74184421e-01 -9.40829749e-05 5.49702241e-04
1.74592111e-01 -5.27586234e-04 5.42621035e-04
1.74999799e-01 6.97879729e-04 5.48375409e-04
1.75407486e-01 6.57620203e-04 5.38742598e-04
1.75815171e-01 5.64284889e-04 5.48443892e-04
1.76222855e-01 4.13788078e-04 5.41576022e-04
1.76630537e-01 -2.51107466e-04 5.41746756e-04
1.77038217e-01 9.97931972e-06 5.50861189e-04
1.77445895e-01 4.15017899e-04 5.45889588e-04
1.77853572e-01 -1.10873654e-03 5.27197402e-04
1.78261247e-01 1.75869405e-04 5.35318274e-04
1.78668921e-01 -3.81392853e-04 5.23576685e-04
1.79076592e-01 -5.55549304e-05 5.37120885e-04
1.79484262e-01 -6.32582015e-05 5.28714969e-04
1.79891931e-01 7.42277078e-04 5.27427005e-04
1.80299597e-01 1.00070859e-03 5.32759845e-04
1.80707262e-01 4.42931754e-04 5.34361493e-04
1.81114925e-01 8.67012369e-05 5.25550628e-04
1.81522587e-01 5.92647984e-04 5.31374144e-04
1.81930247e-01 4.15905363e-04 5.18091076e-04
1.82337905e-01 -6.79882970e-05 5.11060565e-04
1.82745561e-01 -1.45645159e-04 5.38282776e-04
1.83153215e-01 1.68057023e-04 5.30539058e-04
1.83560868e-01 -4.56956664e-05 5.29809354e-04
1.83968519e-01 4.76149753e-04 5.20469248e-04
1.84376169e-01 5.25103768e-04 5.25942330e-04
1.84783816e-01 3.29909272e-04 5.25951161e-04
1.85191462e-01 -3.16471730e-04 5.22520724e-04
1.85599106e-01 3.67313543e-04 5.31892212e-04
1.86006749e-01 -2.09147498e-04 5.15516772e-04
1.86414389e-01 -3.26073299e-04 5.14426937e-04
1.86822028e-01 2.61328872e-04 5.20115017e-04
1.87229665e-01 7.61110590e-04 5.32929885e-04
1.87637300e-01 9.51693961e-04 5.13983344e-04
1.88044934e-01 5.80453988e-05 5.10343333e-04
1.88452566e-01 8.27612179e-04 5.13836251e-04
1.88860195e-01 -4.01642016e-04 5.07196590e-04
1.89267824e-01 -6.85597565e-04 5.12100993e-04
1.89675450e-01 4.50397667e-04 5.04597783e-04
1.90083074e-01 -6.92885703e-04 5.05308824e-04
1.90490697e-01 2.20594461e-04 5.06316188e-04
1.90898318e-01 -6.19177183e-05 5.09874917e-04
1.91305937e-01 -2.60923778e-04 4.96973357e-04
1.91713555e-01 -2.85976052e-04 4.94907210e-04
1.92121170e-01 -8.16938744e-05 5.03251586e-04
1.92528784e-01 -2.33728915e-04 5.05651319e-04
1.92936396e-01 -8.37468421e-05 4.97203003e-04
1.93344006e-01 -1.67232723e-04 5.01647423e-04
1.93751614e-01 1.25367215e-03 5.10611994e-04
1.94159220e-01 5.78661283e-04 5.07809132e-04
1.94566825e-01 -4.65235946e-04 4.87589763e-04
1.94974427e-01 -1.27957903e-04 4.95298906e-04
1.95382028e-01 -5.89051048e-04 4.90781102e-04
1.95789627e-01 6.45281362e-04 5.06664383e-04
1.96197224e-01 1.51497573e-04 5.01169534e-04
1.96604820e-01 2.24212121e-04 4.83057769e-04
1.97012413e-01 3.17952757e-04 4.95191284e-04
1.97420005e-01 4.93541419e-04 5.02570255e-04
1.97827594e-01 -6.38693668e-05 4.95976155e-04
1.98235182e-01 6.49876480e-04 5.12301383e-04
1.98642768e-01 3.25303667e-04 5.08350746e-04
1.99050352e-01 -6.34212829e-04 5.01501344e-04
1.99457934e-01 4.51592588e-04 5.11900924e-04
1.99865514e-01 5.57978083e-04 4.96356235e-04
2.00273093e-01 -1.41588732e-04 5.12008903e-04
2.00680669e-01 -2.02419181e-04 5.04005544e-04
2.01088244e-01 3.57612486e-04 4.98718747e-04
2.01495816e-01 -1.36944415e-04 5.04614791e-04
2.01903387e-01 5.08945400e-04 5.08496229e-04
2.02310956e-01 1.98419958e-04 5.18777520e-04
2.02718523e-01 -9.90085398e-04 5.00069269e-04
2.03126088e-01 8.12935300e-04 5.22261587e-04
2.03533651e-01 3.31161301e-04 5.00300525e-04
2.03941212e-01 -3.91395209e-04 5.10609752e-04
2.04348771e-01 4.93668892e-04 5.04145561e-04
2.04756329e-01 2.53064266e-04 4.92942643e-04
2.05163884e-01 4.84932563e-04 5.04895194e-04
2.05571438e-01 -7.55388285e-05 4.82528839e-04
2.05978989e-01 3.13009004e-04 4.99781064e-04
2.06386539e-01 4.98761568e-04 5.03853139e-04
2.06794086e-01 -8.77961467e-04 4.78271079e-04
2.07201632e-01 -6.33806395e-04 4.85187633e-04
2.07609175e-01 -6.62028338e-04 4.80853165e-04
2.08016717e-01 -4.78435743e-04 4.85682278e-04
2.08424257e-01 -2.38244821e-04 4.82071735e-04
2.08831794e-01 1.63443292e-04 4.83127899e-04
2.09239330e-01 8.21525635e-05 4.76595590e-04
2.09646864e-01 -1.72468341e-04 4.81709561e-04
2.10054396e-01 2.43207101e-04 4.87665014e-04
2.10461925e-01 2.10175179e-05 4.79720868e-04
2.10869453e-01 5.60798404e-04 4.90381497e-04
2.11276979e-01 -9.32265311e-04 4.76770716e-04
2.11684503e-01 -9.26653884e-04 4.73720692e-04
2.12092025e-01 -5.13888343e-06 4.89799190e-04
2.12499544e-01 5.71950406e-04 4.82723776e-04
2.12907062e-01 -5.41369601e-04 4.81917455e-04
2.13314578e-01 9.76829758e-05 4.90564645e-04
2.13722092e-01 2.15467441e-04 4.72455270e-04
2.14129603e-01 -2.87433551e-04 4.74561917e-04
2.14537113e-01 4.20419988e-04 4.86722697e-04
2.14944621e-01 -1.10018135e-04 4.83540190e-04
2.15352126e-01 1.59588389e-04 4.80197849e-04
2.15759630e-01 -3.38308331e-05 4.73221235e-04
2.16167131e-01 1.69491420e-04 4.67856257e-04
2.16574631e-01 3.11969366e-04 4.72011156e-04
2.16982128e-01 -5.07501676e-04 4.72691125e-04
2.17389624e-01 5.06213246e-05 4.82403043e-04
2.17797117e-01 1.84637999e-04 4.83327861e-04
2.18204608e-01 -4.04394353e-04 4.64162747e-04
2.18612098e-01 8.35862608e-04 4.73248810e-04
2.19019585e-01 1.99706210e-04 4.71260708e-04
2.19427070e-01 -3.00244496e-04 4.61606901e-04
2.19834553e-01 1.10993055e-03 4.61555709e-04
2.20242034e-01 -1.70865109e-04 4.61084025e-04
2.20649512e-01 7.08015038e-04 4.70899628e-04
2.21056989e-01 1.35487781e-04 4.71695522e-04
2.21464464e-01 5.14673095e-04 4.67592307e-04
2.21871936e-01 2.21897284e-04 4.66577300e-04
2.22279407e-01 3.41068258e-04 4.60229324e-04
2.22686875e-01 -1.66988327e-04 4.54258983e-04
2.23094341e-01 -5.92325477e-04 4.49561995e-04
2.23501805e-01 9.30658233e-05 4.54746990e-04
2.23909267e-01 -1.31013123e-04 4.62604092e-04
2.24316727e-01 -5.32534954e-04 4.50972579e-04
2.24724185e-01 1.35683757e-04 4.58508530e-04
2.25131641e-01 -1.06595791e-03 4.45345146e-04
2.25539094e-01 -3.55404893e-04 4.46163559e-04
2.25946545e-01 2.75746740e-04 4.60563408e-04
2.26353995e-01 -1.19131037e-04 4.58430472e-04
2.26761442e-01 -2.18710093e-04 4.54857229e-04
2.27168887e-01 3.33485011e-04 4.59626657e-04
2.27576329e-01 2.72599163e-04 4.49439587e-04
2.27983770e-01 1.51236728e-04 4.58547851e-04
2.28391208e-01 -1.45765114e-04 4.51893593e-04
2.28798645e-01 -2.54329149e-04 4.57915318e-04
2.29206079e-01 1.88233324e-04 4.55516707e-04
2.29613511e-01 2.24667488e-04 4.61692709e-04
2.30020941e-01 -7.61491382e-04 4.59196323e-04
2.30428368e-01 8.43099177e-05 4.60280690e-04
2.30835794e-01 -1.87806612e-06 4.48268216e-04
2.31243217e-01 1.69131044e-04 4.63058799e-04
2.31650638e-01 -3.97950702e-04 4.63714453e-04
2.32058057e-01 2.92690627e-04 4.62991722e-04
2.32465473e-01 -5.28851070e-05 4.69988627e-04
2.32872888e-01 -1.58663207e-04 4.56173863e-04
2.33280300e-01 -4.48587790e-04 4.55446972e-04
2.33687710e-01 -1.72621230e-04 4.65015661e-04
2.34095118e-01 2.46986545e-04 4.74006627e-04
2.34502524e-01 -2.50146952e-04 4.57732393e-04
2.34909927e-01 -1.06569054e-05 4.60771747e-04
2.35317328e-01 2.29054554e-04 4.66403691e-04
2.35724727e-01 3.18559936e-05 4.67924212e-04
2.36132124e-01 1.78376116e-04 4.56409921e-04
2.36539518e-01 -5.80856302e-04 4.53495901e-04
2.36946911e-01 1.33518536e-04 4.54740488e-04
2.37354301e-01 3.03979698e-04 4.52326123e-04
2.37761688e-01 -3.47560503e-04 4.54225449e-04
2.38169074e-01 -7.60576066e-04 4.47800445e-04
2.38576457e-01 -1.04971080e-04 4.48130064e-04
2.38983838e-01 1.25135191e-04 4.61353737e-04
2.39391217e-01 3.54664172e-04 4.46256592e-04
2.39798593e-01 8.37732101e-04 4.46369765e-04
2.40205967e-01 5.67298371e-05 4.44708333e-04
2.40613339e-01 -1.04433463e-04 4.47954283e-04
2.41020709e-01 5.61332177e-05 4.44837518e-04
2.41428076e-01 5.32335384e-04 4.45420006e-04
2.41835441e-01 1.46816069e-05 4.57940235e-04
2.42242804e-01 1.89087551e-04 4.46231698e-04
2.42650165e-01 4.48313575e-04 4.51626697e-04
2.43057523e-01 -3.42142699e-04 4.32858068e-04
2.43464879e-01 -6.63404649e-04 4.39790209e-04
2.43872232e-01 1.14529976e-05 4.38160747e-04
2.44279584e-01 -7.65412719e-06 4.35941297e-04
2.44686933e-01 4.42572855e-04 4.35101041e-04
2.45094279e-01 5.80236228e-04 4.38619192e-04
2.45501624e-01 4.55338338e-04 4.43833142e-04
2.45908966e-01 4.49432593e-04 4.45152486e-04
2.46316305e-01 5.04915549e-04 4.31751536e-04
2.46723643e-01 -1.45678746e-04 4.36583950e-04
2.47130978e-01 3.74204656e-04 4.34536721e-04
2.47538310e-01 -3.00826742e-05 4.37132710e-04
2.47945641e-01 3.14123145e-04 4.33101649e-04
2.48352969e-01 7.67928530e-05 4.35555470e-04
2.48760294e-01 -4.92742062e-05 4.41030515e-04
2.49167618e-01 -3.52665808e-05 4.21244974e-04
2.49574939e-01 -2.94569098e-04 4.38585258e-04
2.49982257e-01 -1.51287377e-04 4.32036164e-04
2.50389573e-01 -2.54836341e-04 4.26421651e-04
2.50796887e-01 4.23487494e-04 4.29778317e-04
2.51204199e-01 -2.14447496e-04 4.24991939e-04
2.51611508e-01 4.02984581e-05 4.25321923e-04
2.52018815e-01 3.29362107e-04 4.29958704e-04
2.52426119e-01 1.66704028e-04 4.24580533e-04
2.52833421e-01 4.18037612e-04 4.27434330e-04
2.53240720e-01 2.30268899e-04 4.25305793e-04
2.53648017e-01 8.98527434e-05 4.27931120e-04
2.54055312e-01 1.92524721e-04 4.24289011e-04
2.54462605e-01 3.28352384e-04 4.22076313e-04
2.54869894e-01 -1.32041813e-04 4.23802980e-04
2.55277182e-01 -2.49729820e-04 4.25192719e-04
2.55684467e-01 -2.96765273e-04 4.21734800e-04
2.56091750e-01 -2.41615449e-04 4.13728946e-04
2.56499030e-01 -4.33936430e-04 4.17703724e-04
2.56906308e-01 -1.96040096e-04 4.20431285e-04
2.57313583e-01 -1.65341025e-04 4.14073696e-04
2.57720856e-01 2.66425138e-04 4.13195430e-04
2.58128127e-01 -5.21815134e-04 4.10063024e-04
2.58535395e-01 5.76936746e-04 4.20777935e-04
2.58942661e-01 4.10381135e-04 4.17420077e-04
2.59349924e-01 1.72021014e-05 4.12193130e-04
2.59757184e-01 -2.09261927e-04 4.20838298e-04
2.60164443e-01 -1.57993268e-04 4.23962637e-04
2.60571699e-01 -3.57315290e-05 4.29790171e-04
2.60978952e-01 -6.02893592e-04 4.16030689e-04
2.61386203e-01 -3.74324387e-04 4.28036911e-04
2.61793451e-01 -2.96847868e-04 4.19567368e-04
2.62200697e-01 2.63328634e-04 4.11375964e-04
2.62607941e-01 2.36816962e-04 4.18004962e-04
2.63015182e-01 -4.85395078e-04 4.08854772e-04
2.63422420e-01 6.33491899e-04 4.14932530e-04
2.63829656e-01 -1.02576491e-04 4.12405217e-04
2.64236890e-01 -1.64975910e-04 4.19986546e-04
2.64644121e-01 -4.68417210e-05 4.17872558e-04
2.65051349e-01 -4.95499794e-04 4.12970658e-04
2.65458575e-01 -4.73042582e-04 4.04462747e-04
2.65865799e-01 1.69508607e-04 4.13000467e-04
2.66273019e-01 -5.57396547e-04 4.16908484e-04
2.66680238e-01 -4.49038844e-04 4.15233855e-04
2.67087454e-01 5.74898726e-05 4.09129333e-04
2.67494667e-01 4.37270358e-04 4.14026863e-04
2.67901878e-01 -4.86944118e-04 4.08072640e-04
2.68309086e-01 2.33194842e-05 4.08300759e-04
2.68716292e-01 1.43810193e-04 4.03049474e-04
2.69123495e-01 -1.40379512e-04 4.00051795e-04
2.69530696e-01 1.45521885e-04 4.03107498e-04
2.69937894e-01 9.63403101e-05 4.06835863e-04
2.70345090e-01 -1.03574517e-04 4.05840931e-04
2.70752283e-01 -3.83937869e-04 4.04930186e-04
2.71159473e-01 -3.86165746e-04 3.98714001e-04
2.71566661e-01 -7.30246278e-05 4.07871016e-04
2.71973847e-01 -2.54519352e-04 4.02927198e-04
2.72381030e-01 4.10997665e-04 4.07203067e-04
2.72788210e-01 -1.19112377e-04 4.02950464e-04
2.73195387e-01 5.00347366e-04 4.02221146e-04
2.73602562e-01 5.10021725e-04 4.07776739e-04
2.74009735e-01 -1.21022876e-04 4.02817886e-04
2.74416905e-01 -6.89948774e-05 3.97458717e-04
2.74824072e-01 2.42391152e-04 4.00977697e-04
2.75231237e-01 2.52339816e-04 3.93164632e-04
2.75638399e-01 4.88894798e-04 3.97984448e-04
2.76045558e-01 1.89516519e-04 4.08037543e-04
2.76452715e-01 -2.48071203e-04 3.99905641e-04
2.76859869e-01 -6.67179010e-05 3.98668205e-04
2.77267021e-01 1.22258411e-04 3.98813760e-04
2.77674170e-01 6.44609804e-04 3.94841415e-04
2.78081316e-01 2.88677023e-05 3.97253772e-04
2.78488460e-01 -8.94784372e-04 3.90361866e-04
2.78895601e-01 -7.03183139e-05 3.87968568e-04
2.79302740e-01 4.66453606e-04 3.91643212e-04
2.79709875e-01 4.18252298e-05 3.91048771e-04
2.80117009e-01 1.26274210e-04 3.92344493e-04
2.80524139e-01 3.55414520e-04 4.01560660e-04
2.80931267e-01 8.06881989e-04 3.96287179e-04
2.81338392e-01 3.61052001e-04 4.02628443e-04
2.81745515e-01 3.38121331e-04 3.96695577e-04
2.82152635e-01 2.73480675e-04 3.91035505e-04
2.82559752e-01 -1.09128607e-04 3.87345190e-04
2.82966866e-01 6.99172367e-05 3.93391151e-04
2.83373978e-01 2.29266963e-04 3.88735041e-04
2.83781088e-01 1.60471512e-05 3.87257207e-04
2.84188194e-01 -9.01838170e-05 3.84787260e-04
2.84595298e-01 -8.18646045e-06 3.98445341e-04
2.85002399e-01 4.16198825e-04 3.93085639e-04
2.85409497e-01 -2.26806071e-04 3.95546931e-04
2.85816593e-01 -4.79953711e-04 3.91569208e-04
2.86223686e-01 6.92892027e-04 4.06096149e-04
2.86630777e-01 -2.61551409e-04 3.97775462e-04
2.87037864e-01 3.24329770e-04 3.93428903e-04
2.87444949e-01 2.68016103e-04 3.98357383e-04
2.87852031e-01 -1.51585191e-04 3.98060874e-04
2.88259111e-01 -5.50959261e-06 4.04020833e-04
2.88666188e-01 2.64727907e-04 3.99833825e-04
2.89073262e-01 1.28633365e-04 4.03118518e-04
2.89480333e-01 -3.08732050e-04 3.95867535e-04
2.89887401e-01 5.79125461e-05 4.01456393e-04
2.90294467e-01 1.65714285e-04 3.91228320e-04
2.90701530e-01 -2.27470405e-04 3.94743633e-04
2.91108591e-01 2.71600534e-04 3.98883599e-04
2.91515648e-01 6.63968565e-04 3.90324914e-04
2.91922703e-01 3.53564482e-04 3.90359668e-04
2.92329755e-01 6.07485106e-04 3.98558773e-04
2.92736804e-01 2.54434885e-04 3.92546324e-04
2.93143851e-01 5.72718040e-04 3.97408299e-04
2.93550895e-01 4.66138315e-04 3.91862065e-04
2.93957936e-01 7.93614222e-04 3.95568500e-04
2.94364974e-01 4.90528576e-04 3.93786343e-04
2.94772009e-01 6.30594905e-05 3.87614624e-04
2.95179042e-01 2.83851672e-06 3.89768284e-04
2.95586072e-01 -1.54408919e-04 3.87210583e-04
2.95993099e-01 -4.57541438e-04 3.88926004e-04
2.96400123e-01 -7.86772818e-05 3.92311831e-04
2.96807145e-01 -2.49684849e-04 3.90926071e-04
2.97214163e-01 -4.34973666e-04 3.90024113e-04
2.97621179e-01 -2.75300862e-04 3.97094257e-04
2.98028192e-01 8.64931711e-04 3.90467014e-04
2.98435202e-01 5.45009325e-04 3.92619355e-04
2.98842210e-01 4.17578826e-04 3.91329296e-04
2.99249214e-01 4.27060397e-04 3.96325475e-04
2.99656216e-01 -4.29960954e-05 3.99053937e-04
3.00063215e-01 -3.23810013e-04 3.96760919e-04
3.00470211e-01 2.97006808e-04 3.97285398e-04
3.00877204e-01 4.19941045e-04 4.03109246e-04
3.01284194e-01 -6.06502727e-05 3.90947572e-04
3.01691182e-01 3.58155332e-04 3.92549924e-04
3.02098167e-01 4.27314467e-04 3.84389775e-04
3.02505149e-01 -1.86339784e-04 3.83840621e-04
3.02912128e-01 2.21919849e-04 3.94727102e-04
3.03319104e-01 -6.59494437e-04 3.92209515e-04
3.03726077e-01 5.34131620e-04 4.00620007e-04
3.04133047e-01 -1.52582367e-04 3.92302122e-04
3.04540015e-01 -9.01819439e-05 3.89858127e-04
3.04946979e-01 9.20747605e-06 3.97216372e-04
3.05353941e-01 9.04266091e-05 3.85553741e-04
3.05760900e-01 -5.01752010e-04 3.85871776e-04
3.06167856e-01 7.68962073e-04 4.00686480e-04
3.06574809e-01 1.25475023e-04 3.94310826e-04
3.06981759e-01 -1.89308732e-04 3.90718963e-04
3.07388706e-01 -4.25364703e-04 3.83503784e-04
3.07795651e-01 -2.73242826e-04 3.88597260e-04
3.08202592e-01 9.29630154e-05 3.98952674e-04
3.08609531e-01 -3.76702327e-04 3.89221823e-04
3.09016466e-01 2.46654343e-04 3.99628171e-04
3.09423399e-01 -1.72831619e-04 4.02706727e-04
3.09830329e-01 4.34962995e-04 4.02679261e-04
3.10237256e-01 1.47848787e-04 3.95721765e-04
3.10644180e-01 6.14520975e-04 4.03956013e-04
3.11051101e-01 4.46857413e-04 4.03492732e-04
3.11458019e-01 -1.55896327e-04 4.04620678e-04
3.11864934e-01 1.31532675e-03 4.05467925e-04
3.12271846e-01 9.98605133e-05 4.00762160e-04
3.12678755e-01 2.96682544e-04 4.01593257e-04
3.13085661e-01 2.37952150e-05 3.94371292e-04
3.13492565e-01 -1.75342498e-04 4.02890846e-04
3.13899465e-01 9.35110984e-05 3.95346286e-04
3.14306362e-01 7.25567732e-04 3.99504134e-04
3.14713257e-01 7.03571650e-04 4.00961176e-04
3.15120148e-01 2.50061073e-04 4.07627636e-04
3.15527037e-01 8.79452909e-05 4.16102991e-04
3.15933922e-01 -1.37099045e-04 4.13823166e-04
3.16340805e-01 -6.02794834e-04 4.47035814e-04
3.16747684e-01 -7.64214381e-07 4.87190395e-04
3.17154561e-01 -4.11159789e-04 5.05673295e-04
3.17561434e-01 -2.76945502e-04 5.38658425e-04
3.17968305e-01 -1.39271152e-04 5.73534065e-04
3.18375172e-01 -6.62361807e-04 5.76693590e-04
3.18782037e-01 8.42682708e-04 6.20127831e-04
3.19188898e-01 -2.02529288e-04 6.50597788e-04
3.19595757e-01 -4.22856792e-04 6.75388498e-04
3.20002612e-01 3.56217267e-04 7.00668436e-04
3.20409465e-01 6.61123389e-04 7.69185326e-04
3.20816314e-01 5.71798756e-04 8.48137468e-04
3.21223160e-01 -3.39390680e-04 9.21766267e-04
3.21630004e-01 6.55393109e-06 1.04681939e-03
3.22036844e-01 5.36359047e-04 1.41132342e-03
3.22443681e-01 2.08199441e-03 2.03201671e-03
3.22850516e-01 1.82136539e-03 5.29418152e-03
