4.08043586e-03 -5.56444598e-02 2.50355718e-02
4.48847930e-03 -4.97828083e-02 2.67489881e-02
4.89652269e-03 -3.66331153e-02 1.94187973e-02
5.30456604e-03 -2.07667571e-02 1.40371893e-02
5.71260934e-03 -1.45115896e-02 1.11392672e-02
6.12065258e-03 -1.34001654e-02 9.38612423e-03
6.52869577e-03 -2.06401859e-02 7.64281857e-03
6.93673889e-03 -1.09141150e-02 6.20951602e-03
7.34478195e-03 -2.59404467e-03 5.49505511e-03
7.75282494e-03 -5.58789360e-03 5.24444852e-03
8.16086785e-03 -1.24058977e-02 4.46667046e-03
8.56891069e-03 -5.85422206e-03 4.74719321e-03
8.97695345e-03 -4.01557233e-03 4.29316012e-03
9.38499612e-03 4.01798205e-03 3.75977828e-03
9.79303870e-03 -2.57120412e-03 3.57217974e-03
1.02010812e-02 -6.04208381e-03 3.08401040e-03
1.06091236e-02 2.35893072e-03 3.45568308e-03
1.10171659e-02 -4.09076690e-03 2.91232159e-03
1.14252081e-02 9.99386587e-04 2.93012814e-03
1.18332501e-02 -2.87180811e-03 2.49738460e-03
1.22412921e-02 -9.57646085e-04 2.67317024e-03
1.26493339e-02 3.32230264e-03 2.67972929e-03
1.30573757e-02 3.74032387e-03 2.57427568e-03
1.34654173e-02 3.58829131e-04 2.80434153e-03
1.38734588e-02 -2.19572530e-03 2.47178646e-03
1.42815001e-02 -1.19979953e-03 2.35533143e-03
1.46895413e-02 4.03233289e-03 2.12065200e-03
1.50975824e-02 -1.20334383e-03 2.10360883e-03
1.55056233e-02 1.56380808e-03 2.35155094e-03
1.59136641e-02 2.87494971e-03 2.00524745e-03
1.63217047e-02 -1.90758715e-04 1.93476828e-03
1.67297452e-02 -1.18769408e-04 2.01142710e-03
1.71377855e-02 9.73698873e-04 1.97205093e-03
1.75458257e-02 1.55713843e-03 2.11390274e-03
1.79538657e-02 3.00810059e-03 1.95562429e-03
1.83619055e-02 -5.68205987e-04 2.03062171e-03
1.87699451e-02 3.69445297e-03 1.95391320e-03
1.91779846e-02 3.35130746e-03 1.94083642e-03
1.95860239e-02 2.97972376e-03 1.95677680e-03
1.99940630e-02 3.33680926e-03 1.84875238e-03
2.04021019e-02 1.36001111e-04 1.72914708e-03
2.08101406e-02 -7.12039870e-04 1.80140752e-03
2.12181791e-02 1.64547365e-03 1.77462165e-03
2.16262174e-02 -2.25335209e-03 1.76651122e-03
2.20342555e-02 -1.08316567e-03 1.74840243e-03
2.24422934e-02 -1.13109061e-03 1.66315853e-03
2.28503311e-02 3.25374217e-04 1.85248399e-03
2.32583686e-02 3.48639368e-04 1.72974960e-03
2.36664058e-02 1.27429451e-03 1.78330665e-03
2.40744429e-02 1.31415596e-03 1.58460996e-03
2.44824797e-02 1.43835238e-03 1.59725406e-03
2.48905162e-02 -2.84229310e-04 1.68190923e-03
2.52985525e-02 1.23359871e-03 1.64771653e-03
2.57065886e-02 4.64307772e-04 1.85384822e-03
2.61146245e-02 -8.59687272e-05 1.68068627e-03
2.65226601e-02 -1.25951620e-03 1.59942167e-03
2.69306954e-02 4.12616496e-03 1.80030163e-03
2.73387305e-02 1.18352988e-03 1.75431940e-03
2.77467653e-02 2.36467051e-03 1.67132201e-03
2.81547999e-02 1.17673774e-03 1.66058743e-03
2.85628342e-02 -7.98224405e-05 1.68513231e-03
2.89708682e-02 -1.40407904e-03 1.78070903e-03
2.93789020e-02 1.32072855e-03 1.85045192e-03
2.97869355e-02 8.79823954e-04 1.63392700e-03
3.01949687e-02 7.70108701e-04 1.61847074e-03
3.06030016e-02 1.96927853e-03 1.77015174e-03
3.10110342e-02 3.51305181e-04 1.68387437e-03
3.14190665e-02 -8.14198707e-04 1.56247497e-03
3.18270985e-02 3.36037934e-03 1.57511722e-03
3.22351302e-02 2.23961443e-03 1.55977686e-03
3.26431617e-02 2.37463233e-03 1.46769444e-03
3.30511928e-02 6.54763657e-04 1.47257615e-03
3.34592236e-02 3.82029538e-04 1.45978491e-03
3.38672540e-02 -7.04959753e-04 1.42389902e-03
3.42752842e-02 5.53900011e-04 1.39742726e-03
3.46833140e-02 1.01101864e-03 1.48498901e-03
3.50913435e-02 -1.38010308e-03 1.37535404e-03
3.54993727e-02 -1.01999205e-03 1.38702698e-03
3.59074015e-02 -1.15477299e-03 1.42701904e-03
3.63154300e-02 -2.06590459e-03 1.40605122e-03
3.67234581e-02 -2.67348308e-03 1.34078391e-03
3.71314859e-02 1.67492579e-03 1.40904426e-03
3.75395134e-02 8.95340839e-04 1.38605513e-03
3.79475405e-02 2.53208181e-03 1.40121236e-03
3.83555672e-02 5.04185159e-04 1.30922919e-03
3.87635935e-02 2.20039913e-03 1.34297377e-03
3.91716195e-02 1.38112272e-03 1.40715293e-03
3.95796452e-02 2.16931820e-03 1.29331195e-03
3.99876704e-02 -4.73056742e-04 1.29255084e-03
4.03956953e-02 -1.00621897e-03 1.26933566e-03
4.08037198e-02 -2.46740623e-04 1.30945344e-03
4.12117439e-02 -2.67011294e-04 1.36746314e-03
4.16197676e-02 2.23566089e-03 1.27596219e-03
4.20277909e-02 3.77954481e-03 1.29619434e-03
4.24358138e-02 2.69197459e-03 1.28678178e-03
4.28438363e-02 1.86897256e-03 1.19892858e-03
4.32518584e-02 -3.48865127e-04 1.24000605e-03
4.36598801e-02 8.05169294e-05 1.22239409e-03
4.40679014e-02 5.07607964e-04 1.22070531e-03
4.44759222e-02 1.25507359e-03 1.18859761e-03
4.48839427e-02 -6.15771640e-04 1.21467664e-03
4.52919627e-02 7.77601445e-04 1.22181263e-03
4.56999823e-02 2.24351453e-03 1.14179751e-03
4.61080014e-02 -7.78012846e-04 1.19850655e-03
4.65160201e-02 1.72114831e-03 1.23909224e-03
4.69240384e-02 -2.05399495e-04 1.14587060e-03
4.73320562e-02 2.77135140e-04 1.15231559e-03
4.77400736e-02 4.31127175e-03 1.24298120e-03
4.81480905e-02 1.71217431e-03 1.22996606e-03
4.85561070e-02 1.55091741e-03 1.17439410e-03
4.89641230e-02 1.41081916e-03 1.18044199e-03
4.93721385e-02 5.98055789e-05 1.11355135e-03
4.97801536e-02 1.19057386e-03 1.17500677e-03
5.01881682e-02 6.35937814e-04 1.16838575e-03
5.05961823e-02 1.45942235e-03 1.20297331e-03
5.10041960e-02 -4.90155261e-04 1.06177621e-03
5.14122091e-02 -2.26068856e-04 1.08455377e-03
5.18202218e-02 2.00990764e-05 1.08916726e-03
5.22282340e-02 9.16860937e-04 1.09950230e-03
5.26362457e-02 2.37644728e-03 1.08821944e-03
5.30442569e-02 1.06133250e-03 1.08571142e-03
5.34522675e-02 1.43435210e-03 1.05403604e-03
5.38602777e-02 2.34834190e-05 1.06392459e-03
5.42682874e-02 4.96742690e-04 1.10185434e-03
5.46762965e-02 6.26212291e-05 1.07883663e-03
5.50843052e-02 7.32734109e-04 1.07136762e-03
5.54923133e-02 2.00461047e-03 1.13744475e-03
5.59003208e-02 -1.47619341e-03 1.07847513e-03
5.63083279e-02 1.79877722e-04 1.12145599e-03
5.67163344e-02 -4.93437020e-04 1.07969350e-03
5.71243404e-02 -6.96757069e-04 1.11294091e-03
5.75323458e-02 1.54184528e-03 1.11779987e-03
5.79403507e-02 -1.20690546e-03 1.14217564e-03
5.83483551e-02 9.16143438e-04 1.16105456e-03
5.87563588e-02 7.93815860e-04 1.14962250e-03
5.91643621e-02 -1.07824836e-03 1.07142648e-03
5.95723647e-02 1.13713690e-03 1.13143654e-03
5.99803668e-02 1.71196276e-03 1.12152040e-03
6.03883684e-02 -3.67597648e-04 1.08129299e-03
6.07963693e-02 -4.03165164e-04 1.11352819e-03
6.12043697e-02 -7.79545943e-04 1.08544895e-03
6.16123695e-02 1.14593430e-03 1.11009568e-03
6.20203687e-02 1.69339756e-03 1.12072139e-03
6.24283674e-02 3.10015889e-04 1.08980741e-03
6.28363654e-02 -5.28903225e-04 1.02632289e-03
6.32443629e-02 2.65786228e-04 1.01657248e-03
6.36523597e-02 7.56500677e-04 1.05567558e-03
6.40603559e-02 9.97801773e-04 1.02843332e-03
6.44683516e-02 -4.02648847e-04 1.02086167e-03
6.48763466e-02 8.45384134e-05 1.00387476e-03
6.52843410e-02 1.74990622e-03 1.00759624e-03
6.56923348e-02 1.23406052e-03 1.03261068e-03
6.61003279e-02 8.67647500e-04 9.64153848e-04
6.65083205e-02 1.09726933e-03 1.00468241e-03
6.69163124e-02 2.62672818e-03 1.02436231e-03
6.73243036e-02 5.83682741e-04 9.93537421e-04
6.77322943e-02 2.64945414e-03 9.70563444e-04
6.81402842e-02 -1.35289348e-04 9.62477518e-04
6.85482736e-02 5.21268104e-04 1.00108347e-03
6.89562623e-02 -1.15393957e-03 9.57086759e-04
6.93642503e-02 -1.64411200e-03 9.78279478e-04
6.97722377e-02 1.41080935e-03 9.79361510e-04
7.01802244e-02 -2.56139391e-04 9.44312139e-04
7.05882105e-02 5.05836552e-04 9.64441925e-04
7.09961958e-02 9.39758000e-04 9.36420870e-04
7.14041805e-02 5.46637887e-04 9.23132174e-04
7.18121646e-02 -7.31092889e-04 9.43666067e-04
7.22201479e-02 -1.49700960e-04 9.55881192e-04
7.26281306e-02 1.13195286e-03 9.51627070e-04
7.30361126e-02 2.55426513e-03 9.19943298e-04
7.34440938e-02 -7.95461321e-04 9.31937666e-04
7.38520744e-02 -3.25228476e-04 9.04762258e-04
7.42600543e-02 9.18328554e-04 9.54191322e-04
7.46680335e-02 -3.29951878e-04 9.06035265e-04
7.50760119e-02 -1.28883437e-03 9.22753929e-04
7.54839897e-02 2.06511440e-04 9.07088370e-04
7.58919667e-02 2.43952603e-04 9.26784951e-04
7.62999431e-02 -3.19966319e-04 9.58810909e-04
7.67079187e-02 -7.31786177e-04 9.25875779e-04
7.71158935e-02 -1.80091138e-04 8.83366942e-04
7.75238677e-02 -2.13507594e-04 9.27046992e-04
7.79318411e-02 2.51411855e-04 9.20388813e-04
7.83398137e-02 2.77385293e-04 8.94697890e-04
7.87477857e-02 -1.50702118e-04 8.93471043e-04
7.91557568e-02 -1.73693238e-04 8.90115391e-04
7.95637273e-02 -2.82160136e-05 8.79879241e-04
7.99716969e-02 -7.05295701e-04 8.62922061e-04
8.03796658e-02 5.14548805e-04 8.55966206e-04
8.07876340e-02 1.44472410e-03 8.74286906e-04
8.11956014e-02 7.55815834e-04 8.42047650e-04
8.16035680e-02 1.08308957e-03 8.80592689e-04
8.20115338e-02 6.34468447e-05 8.64630322e-04
8.24194989e-02 -8.83260275e-04 8.44894655e-04
8.28274631e-02 9.65698120e-04 8.74596971e-04
8.32354266e-02 -4.11286352e-04 8.42568917e-04
8.36433893e-02 6.50644960e-04 8.63916169e-04
8.40513512e-02 -4.09898759e-04 8.36368491e-04
8.44593123e-02 1.28220147e-03 8.54386207e-04
8.48672727e-02 -2.44839749e-04 8.40751745e-04
8.52752322e-02 -6.21125725e-04 8.49807127e-04
8.56831909e-02 -1.71928059e-04 8.36152942e-04
8.60911487e-02 1.10356136e-03 8.73307227e-04
8.64991058e-02 -1.64871332e-04 8.41519307e-04
8.69070620e-02 1.80758996e-04 8.62602359e-04
8.73150175e-02 6.26805409e-04 8.47577956e-04
8.77229721e-02 -6.98998962e-04 8.43285039e-04
8.81309258e-02 3.54416489e-05 8.19209515e-04
8.85388787e-02 1.36266156e-04 8.43548316e-04
8.89468308e-02 6.40206098e-04 8.43064566e-04
8.93547821e-02 -8.88327785e-04 8.28023380e-04
8.97627325e-02 1.12398142e-04 8.05456828e-04
9.01706820e-02 8.92522517e-04 8.47655848e-04
9.05786307e-02 -5.95226344e-04 7.95511623e-04
9.09865785e-02 5.35706431e-04 8.26944923e-04
9.13945255e-02 -8.70048571e-04 8.26106935e-04
9.18024716e-02 1.99267355e-04 8.10366352e-04
9.22104168e-02 -6.74968115e-04 7.98565085e-04
9.26183611e-02 -1.35150323e-04 8.14475805e-04
9.30263046e-02 -2.60670004e-05 7.96263817e-04
9.34342472e-02 1.96117644e-03 8.01651858e-04
9.38421889e-02 2.08455583e-04 8.24403183e-04
9.42501297e-02 -7.25599590e-04 8.10023824e-04
9.46580696e-02 -6.07732375e-04 8.34873490e-04
9.50660087e-02 7.97110746e-04 8.17621710e-04
9.54739468e-02 8.95222789e-05 8.39934385e-04
9.58818840e-02 -6.03956145e-04 7.97852072e-04
9.62898203e-02 7.63322799e-05 7.81137813e-04
9.66977557e-02 -3.51611963e-04 8.06534617e-04
9.71056902e-02 -1.88998027e-04 7.86970907e-04
9.75136237e-02 -1.17429722e-04 7.83007649e-04
9.79215564e-02 -6.21300904e-04 7.77975994e-04
9.83294881e-02 9.68043965e-05 8.14245649e-04
9.87374188e-02 6.22106106e-04 7.73703364e-04
9.91453487e-02 1.75142971e-04 7.95220559e-04
9.95532775e-02 1.82272155e-04 7.46953982e-04
9.99612055e-02 1.12987487e-03 7.85730886e-04
1.00369132e-01 -7.87752146e-06 7.63545882e-04
1.00777059e-01 -2.44923857e-05 7.74462217e-04
1.01184984e-01 -3.17922615e-05 7.52991460e-04
1.01592908e-01 1.09745774e-03 7.51205853e-04
1.02000831e-01 -3.16312843e-04 7.39672808e-04
1.02408753e-01 -1.12071875e-03 7.40449830e-04
1.02816674e-01 7.87039632e-04 7.85847368e-04
1.03224595e-01 4.28107528e-04 7.53432209e-04
1.03632514e-01 -1.01414083e-03 7.29325029e-04
1.04040432e-01 7.50056893e-04 7.35618158e-04
1.04448349e-01 2.14373784e-03 7.64967380e-04
1.04856266e-01 9.75942958e-04 7.47140983e-04
1.05264181e-01 -3.05455334e-04 7.39568801e-04
1.05672095e-01 -1.38875789e-04 7.42803585e-04
1.06080009e-01 4.59836267e-04 7.42253191e-04
1.06487921e-01 -1.90036189e-06 7.30342745e-04
1.06895832e-01 9.56843267e-04 7.40721949e-04
1.07303743e-01 9.68874963e-04 7.52208493e-04
1.07711652e-01 1.59746266e-04 7.40530211e-04
1.08119560e-01 9.54718961e-04 7.67399085e-04
1.08527467e-01 -3.02784769e-05 7.53096343e-04
1.08935374e-01 -6.08361684e-04 7.37151713e-04
1.09343279e-01 -1.74549698e-03 7.30972981e-04
1.09751183e-01 3.05669710e-04 7.34668302e-04
1.10159086e-01 8.64831419e-04 7.21069083e-04
1.10566988e-01 -9.73235307e-04 6.94387408e-04
1.10974889e-01 6.66392167e-05 7.22318327e-04
1.11382789e-01 1.60210190e-03 7.45776770e-04
1.11790688e-01 1.65932387e-03 7.53290151e-04
1.12198586e-01 -3.26950438e-04 7.42108815e-04
1.12606482e-01 -3.75930123e-04 7.31437662e-04
1.13014378e-01 3.38413444e-04 7.35580399e-04
1.13422273e-01 1.79521351e-03 7.59701491e-04
1.13830166e-01 1.40235841e-04 7.60010741e-04
1.14238059e-01 -3.48778012e-05 7.36276515e-04
1.14645950e-01 5.99042030e-04 7.40048051e-04
1.15053840e-01 2.92658837e-04 7.34943341e-04
1.15461730e-01 1.74004883e-04 7.34707890e-04
1.15869618e-01 1.26276184e-03 7.50465047e-04
1.16277505e-01 4.10828572e-04 7.07730055e-04
1.16685391e-01 -8.86564454e-04 7.38812344e-04
1.17093275e-01 1.43454566e-03 7.13886481e-04
1.17501159e-01 1.56205472e-05 7.12040777e-04
1.17909042e-01 1.34056018e-03 7.30195154e-04
1.18316923e-01 1.43289401e-04 7.10042260e-04
1.18724803e-01 1.58349451e-04 7.06102750e-04
1.19132683e-01 -2.37730866e-04 6.87183590e-04
1.19540561e-01 -3.96521886e-04 6.83744752e-04
1.19948438e-01 5.03752755e-04 6.95613409e-04
1.20356313e-01 1.18359436e-04 6.99871862e-04
1.20764188e-01 8.36167766e-04 6.88111549e-04
1.21172062e-01 1.49322256e-03 6.87167769e-04
1.21579934e-01 1.53788284e-04 7.16559055e-04
1.21987805e-01 2.92598613e-04 6.77825367e-04
1.22395675e-01 8.67029852e-04 6.82896272e-04
1.22803544e-01 1.95479215e-04 6.87479639e-04
1.23211412e-01 2.94999413e-04 6.79695873e-04
1.23619278e-01 -1.72327331e-04 6.90409531e-04
1.24027144e-01 6.55969211e-04 6.84634563e-04
1.24435008e-01 8.69266134e-05 6.75045099e-04
1.24842871e-01 2.70260371e-04 6.80598493e-04
1.25250733e-01 -4.59059373e-04 6.74997487e-04
1.25658594e-01 9.87182645e-04 6.95326092e-04
1.26066453e-01 -1.16085639e-03 6.81235839e-04
1.26474311e-01 -7.37227568e-05 6.73700310e-04
1.26882168e-01 -7.79128922e-04 6.83276725e-04
1.27290024e-01 -1.03546551e-03 6.84680477e-04
1.27697879e-01 1.20302807e-04 6.73469840e-04
1.28105732e-01 2.04125346e-04 6.72662556e-04
1.28513585e-01 9.89253834e-04 6.86652867e-04
1.28921436e-01 -8.58959547e-04 6.54099215e-04
1.29329285e-01 3.64803488e-05 6.53531969e-04
1.29737134e-01 -4.66886266e-04 6.46451920e-04
1.30144981e-01 -5.92609366e-04 6.53832253e-04
1.30552828e-01 1.18653329e-04 6.51968333e-04
1.30960672e-01 -4.25356444e-04 6.50308988e-04
1.31368516e-01 1.85560284e-04 6.60907727e-04
1.31776358e-01 4.38145972e-04 6.74734054e-04
1.32184200e-01 1.01345253e-03 6.44967655e-04
1.32592039e-01 -1.49461166e-04 6.33771636e-04
1.32999878e-01 -3.38150068e-04 6.41244728e-04
1.33407715e-01 -2.22849835e-04 6.39844337e-04
1.33815552e-01 8.87540676e-05 6.41044885e-04
1.34223386e-01 -3.90474672e-04 6.58139516e-04
1.34631220e-01 -2.83947214e-04 6.38839430e-04
1.35039052e-01 -2.47297067e-04 6.48289470e-04
1.35446883e-01 -2.75800854e-04 6.46648442e-04
1.35854713e-01 1.18637271e-03 6.42716457e-04
1.36262541e-01 7.43993197e-04 6.50752901e-04
1.36670368e-01 -8.86925033e-05 6.44994325e-04
1.37078194e-01 -3.19669422e-04 6.42348155e-04
1.37486019e-01 2.32838076e-04 6.62610695e-04
1.37893842e-01 -5.02897321e-04 6.34068624e-04
1.38301664e-01 5.44953887e-04 6.52331083e-04
1.38709485e-01 -1.71471593e-04 6.40828281e-04
1.39117304e-01 2.94285795e-07 6.27159321e-04
1.39525122e-01 3.21708685e-04 6.15395079e-04
1.39932939e-01 -1.58045015e-04 6.34486161e-04
1.40340754e-01 -4.62213943e-04 6.18356132e-04
1.40748568e-01 -6.89765254e-04 6.17029160e-04
1.41156381e-01 -1.40120907e-04 6.09923761e-04
1.41564192e-01 -3.04347345e-04 6.14693663e-04
1.41972002e-01 1.01403150e-03 6.47736809e-04
1.42379811e-01 7.74477981e-04 6.19047727e-04
1.42787618e-01 -5.11080355e-05 6.19946005e-04
1.43195424e-01 8.99332594e-05 6.27829997e-04
1.43603228e-01 5.00345384e-04 6.18248493e-04
1.44011032e-01 1.95826070e-04 6.16213395e-04
1.44418833e-01 -1.47483605e-04 6.34507132e-04
1.44826634e-01 -2.84034304e-04 6.22612550e-04
1.45234433e-01 -9.26583592e-04 6.17918091e-04
1.45642231e-01 4.28182226e-04 6.34247449e-04
1.46050027e-01 -1.69518391e-04 6.37167356e-04
1.46457822e-01 1.03872656e-03 6.24021896e-04
1.46865616e-01 6.59765683e-04 6.34475115e-04
1.47273408e-01 1.67088817e-03 6.49961730e-04
1.47681199e-01 5.13966298e-05 6.42329377e-04
1.48088988e-01 8.28792445e-04 6.32036057e-04
1.48496776e-01 3.06237145e-04 6.46334041e-04
1.48904563e-01 6.72428752e-05 6.24104824e-04
1.49312348e-01 8.75731424e-05 6.32430919e-04
1.49720132e-01 5.01576834e-04 6.09808518e-04
1.50127914e-01 -1.23489762e-04 6.21292185e-04
1.50535695e-01 7.72062538e-04 6.17234715e-04
1.50943474e-01 -7.00854249e-04 6.16035026e-04
1.51351252e-01 -4.95991885e-04 5.92010195e-04
1.51759029e-01 9.99198312e-05 6.13054039e-04
1.52166804e-01 -4.75693623e-04 6.08452524e-04
1.52574578e-01 1.27337793e-03 6.11318377e-04
1.52982350e-01 8.75117624e-04 6.13727041e-04
1.53390121e-01 2.23097244e-04 6.05653541e-04
1.53797890e-01 -2.16542700e-04 5.96877956e-04
1.54205658e-01 -1.89234326e-04 6.09399066e-04
1.54613425e-01 -5.15366748e-04 5.89420903e-04
1.55021190e-01 -2.53305831e-05 5.95099906e-04
1.55428953e-01 -7.99267971e-04 5.97184623e-04
1.55836716e-01 2.69026894e-04 5.95679614e-04
1.56244476e-01 4.61828086e-04 5.86606701e-04
1.56652235e-01 -6.15189044e-04 5.75774906e-04
1.57059993e-01 -1.85069448e-04 5.96999509e-04
1.57467749e-01 4.06586253e-04 5.83679144e-04
1.57875504e-01 2.94140698e-04 5.83728573e-04
1.58283257e-01 1.66748339e-04 5.93148765e-04
1.58691008e-01 3.39951496e-04 5.75184300e-04
1.59098758e-01 8.30288971e-04 5.80434881e-04
1.59506507e-01 5.22360396e-04 5.66346674e-04
1.59914254e-01 -5.56439008e-04 5.73836038e-04
1.60322000e-01 2.60894702e-04 5.90787869e-04
1.60729744e-01 -8.25265943e-04 5.68733968e-04
1.61137486e-01 -4.85711819e-04 5.84009113e-04
1.61545228e-01 2.95663871e-04 5.75627718e-04
1.61952967e-01 3.64929237e-04 5.62158150e-04
1.62360705e-01 -5.19829494e-04 5.70091177e-04
1.62768441e-01 -2.63890415e-04 5.64603084e-04
1.63176176e-01 -7.78143109e-04 5.54014827e-04
1.63583910e-01 8.43968252e-04 5.78937417e-04
1.63991641e-01 5.12071624e-04 5.59547918e-04
1.64399372e-01 -2.29730828e-04 5.64848961e-04
1.64807100e-01 -1.79790651e-05 5.71537239e-04
1.65214827e-01 5.01942926e-04 5.56592388e-04
1.65622553e-01 -2.67294605e-04 5.62113053e-04
1.66030277e-01 1.11466171e-03 5.71789361e-04
1.66437999e-01 6.29976018e-04 5.58699628e-04
1.66845720e-01 4.79520855e-04 5.70776120e-04
1.67253439e-01 -6.32985074e-04 5.55175506e-04
1.67661157e-01 -5.37777472e-04 5.41547510e-04
1.68068873e-01 -1.36104623e-04 5.53059654e-04
1.68476588e-01 5.97886048e-04 5.62858042e-04
1.68884301e-01 2.31273032e-04 5.65764999e-04
1.69292012e-01 1.15080373e-04 5.51228343e-04
1.69699721e-01 6.68987964e-04 5.49746449e-04
1.70107430e-01 8.15951776e-05 5.38860204e-04
1.70515136e-01 5.07004173e-04 5.57484184e-04
1.70922841e-01 4.98600561e-04 5.51058459e-04
1.71330544e-01 -5.98705035e-04 5.43094744e-04
1.71738246e-01 -3.35374129e-04 5.34887328e-04
1.72145946e-01 6.33857984e-05 5.38573636e-04
1.72553644e-01 1.02814082e-03 5.56848371e-04
1.72961341e-01 1.53588753e-03 5.69383948e-04
1.73369036e-01 -2.10531105e-04 5.39949956e-04
1.73776729e-01 3.17664273e-04 5.56512385e-04
1.74184421e-01 -1.27865079e-04 5.43075796e-04
1.74592111e-01 6.68922866e-04 5.44211649e-04
1.74999799e-01 4.91295697e-04 5.52862322e-04
1.75407486e-01 3.49005866e-04 5.58319385e-04
1.75815171e-01 9.56320277e-04 5.46089593e-04
1.76222855e-01 -3.79813747e-04 5.42909197e-04
1.76630537e-01 -2.23979027e-04 5.35446883e-04
1.77038217e-01 2.16537297e-04 5.39364774e-04
1.77445895e-01 1.25329752e-03 5.41534664e-04
1.77853572e-01 -3.05375692e-04 5.18709553e-04
1.78261247e-01 3.07189529e-05 5.30553772e-04
1.78668921e-01 4.99963883e-04 5.36574703e-04
1.79076592e-01 5.86965465e-04 5.27956188e-04
1.79484262e-01 -2.50944851e-04 5.31327946e-04
1.79891931e-01 3.07410583e-04 5.31637295e-04
1.80299597e-01 -9.51088242e-05 5.20432336e-04
1.80707262e-01 -1.38791973e-03 5.25061933e-04
1.81114925e-01 -2.67829838e-04 5.17880141e-04
1.81522587e-01 1.31265873e-03 5.22849253e-04
1.81930247e-01 2.86973831e-04 5.27091765e-04
1.82337905e-01 -1.85798768e-04 5.28782885e-04
1.82745561e-01 2.46957514e-04 5.29729165e-04
1.83153215e-01 -3.78746315e-05 5.17859894e-04
1.83560868e-01 9.46375484e-05 5.13811557e-04
1.83968519e-01 -1.51011660e-04 5.20880745e-04
1.84376169e-01 1.18099073e-03 5.29513596e-04
1.84783816e-01 1.64990310e-03 5.30045204e-04
1.85191462e-01 3.29982651e-04 5.22300450e-04
1.85599106e-01 7.47262947e-04 5.21626724e-04
1.86006749e-01 -1.03912546e-04 5.15881469e-04
1.86414389e-01 -4.41675766e-05 5.20584565e-04
1.86822028e-01 2.78876659e-04 5.22704518e-04
1.87229665e-01 7.43652037e-04 5.22907945e-04
1.87637300e-01 1.39472997e-03 5.12441664e-04
1.88044934e-01 -2.97727108e-04 5.18346929e-04
1.88452566e-01 4.50294371e-04 5.14069179e-04
1.88860195e-01 4.61530241e-04 5.19018640e-04
1.89267824e-01 4.55873722e-04 5.16124357e-04
1.89675450e-01 8.17545477e-04 5.11349420e-04
1.90083074e-01 3.42954420e-04 5.03459429e-04
1.90490697e-01 1.97973727e-04 5.04938891e-04
1.90898318e-01 2.73057475e-04 5.15113017e-04
1.91305937e-01 3.08591909e-04 5.05844954e-04
1.91713555e-01 6.92462089e-04 5.00661382e-04
1.92121170e-01 -9.03702092e-05 5.13582949e-04
1.92528784e-01 4.01298571e-04 5.10441786e-04
1.92936396e-01 7.27734908e-04 5.14916428e-04
1.93344006e-01 8.76792466e-04 4.98572824e-04
1.93751614e-01 3.32509146e-04 5.11366584e-04
1.94159220e-01 -3.12781787e-04 4.98288111e-04
1.94566825e-01 -4.13396104e-04 4.92749239e-04
1.94974427e-01 -8.51151246e-04 5.01209365e-04
1.95382028e-01 6.84849861e-04 5.10877783e-04
1.95789627e-01 -1.65561059e-04 4.96655004e-04
1.96197224e-01 8.50085156e-04 4.83858551e-04
1.96604820e-01 3.14427301e-04 5.02153340e-04
1.97012413e-01 -6.76558425e-05 4.98009025e-04
1.97420005e-01 4.20170226e-04 5.03448538e-04
1.97827594e-01 5.97812750e-07 4.99182429e-04
1.98235182e-01 9.20437258e-05 5.04437032e-04
1.98642768e-01 -4.33341086e-04 5.03084182e-04
1.99050352e-01 1.01930540e-03 4.96560732e-04
1.99457934e-01 2.79989668e-04 5.06574487e-04
1.99865514e-01 -3.51232056e-04 5.16691750e-04
2.00273093e-01 4.82195735e-05 5.10895701e-04
2.00680669e-01 -1.85685597e-04 5.03254795e-04
2.01088244e-01 3.45571828e-04 5.03730633e-04
2.01495816e-01 -3.51560514e-04 5.03704463e-04
2.01903387e-01 4.68685851e-04 5.05807296e-04
2.02310956e-01 -3.40921794e-04 5.07660235e-04
2.02718523e-01 -5.02218214e-04 5.12966412e-04
2.03126088e-01 -2.12820867e-04 5.07069895e-04
2.03533651e-01 5.06227276e-04 5.06061408e-04
2.03941212e-01 1.13193459e-03 5.07755544e-04
2.04348771e-01 -3.92587562e-04 5.08011164e-04
2.04756329e-01 -5.89333778e-05 4.99111355e-04
2.05163884e-01 5.88211921e-04 4.96723583e-04
2.05571438e-01 -5.16410551e-05 4.92134943e-04
2.05978989e-01 -3.15129442e-04 4.97218017e-04
2.06386539e-01 4.44400604e-04 4.96891729e-04
2.06794086e-01 -7.64078177e-05 4.92325511e-04
2.07201632e-01 7.33591905e-05 4.90642732e-04
2.07609175e-01 2.39610132e-04 4.92622995e-04
2.08016717e-01 -5.22868612e-04 4.93574999e-04
2.08424257e-01 -1.20568317e-04 4.88643797e-04
2.08831794e-01 -2.12945159e-04 4.90353010e-04
2.09239330e-01 -2.33582525e-04 4.75907266e-04
2.09646864e-01 -1.03794370e-04 4.82822159e-04
2.10054396e-01 -7.62468619e-04 4.73605464e-04
2.10461925e-01 -2.79994721e-04 4.79921942e-04
2.10869453e-01 5.10422296e-04 4.84283104e-04
2.11276979e-01 -4.08873094e-04 4.74084957e-04
2.11684503e-01 -4.24357000e-05 4.82543931e-04
2.12092025e-01 4.62883161e-04 4.84094041e-04
2.12499544e-01 -1.38843817e-04 4.79338221e-04
2.12907062e-01 6.52468875e-04 4.83040885e-04
2.13314578e-01 1.79999883e-05 4.77732627e-04
2.13722092e-01 -4.64657728e-04 4.83237692e-04
2.14129603e-01 4.56254850e-04 4.82292471e-04
2.14537113e-01 -9.65755068e-04 4.68548426e-04
2.14944621e-01 1.37570005e-04 4.70915307e-04
2.15352126e-01 -4.41587593e-04 4.80505940e-04
2.15759630e-01 2.19322900e-04 4.75349133e-04
2.16167131e-01 4.18878374e-04 4.84145593e-04
2.16574631e-01 8.85985430e-04 4.74018742e-04
2.16982128e-01 5.48352365e-05 4.70046728e-04
2.17389624e-01 -2.87338156e-04 4.70029671e-04
2.17797117e-01 5.48585307e-04 4.58801331e-04
2.18204608e-01 4.40521186e-04 4.76887851e-04
2.18612098e-01 -3.96747488e-04 4.54885237e-04
2.19019585e-01 2.43522096e-04 4.67630134e-04
2.19427070e-01 5.25116907e-04 4.53184768e-04
2.19834553e-01 -1.71723396e-04 4.61924139e-04
2.20242034e-01 3.39254880e-04 4.74165853e-04
2.20649512e-01 1.87255099e-04 4.67215270e-04
2.21056989e-01 4.64837078e-04 4.68467287e-04
2.21464464e-01 -2.28155881e-04 4.60190891e-04
2.21871936e-01 2.53606582e-04 4.65739637e-04
2.22279407e-01 3.80074600e-04 4.62357603e-04
2.22686875e-01 -1.00226680e-03 4.64236055e-04
2.23094341e-01 -1.47994499e-04 4.58113739e-04
2.23501805e-01 6.66246511e-04 4.61757878e-04
2.23909267e-01 6.80423607e-04 4.58155130e-04
2.24316727e-01 6.67351852e-04 4.66417166e-04
2.24724185e-01 -2.36927313e-04 4.68018706e-04
2.25131641e-01 1.43532150e-04 4.64228620e-04
2.25539094e-01 3.21552779e-04 4.54025907e-04
2.25946545e-01 -7.92682616e-05 4.56345955e-04
2.26353995e-01 -2.15797308e-04 4.55090425e-04
2.26761442e-01 7.64725857e-04 4.66095848e-04
2.27168887e-01 -8.46967905e-06 4.51187491e-04
2.27576329e-01 8.03343936e-04 4.59876577e-04
2.27983770e-01 2.95874396e-04 4.54672158e-04
2.28391208e-01 4.52263515e-04 4.61089808e-04
2.28798645e-01 -2.24146428e-04 4.59210223e-04
2.29206079e-01 -2.28641590e-04 4.62526143e-04
2.29613511e-01 9.01118052e-04 4.52608077e-04
2.30020941e-01 7.16298586e-05 4.65734597e-04
2.30428368e-01 -3.93754120e-04 4.63643783e-04
2.30835794e-01 -2.13832079e-04 4.61659495e-04
2.31243217e-01 -3.92164643e-05 4.65920351e-04
2.31650638e-01 7.14761075e-04 4.69364579e-04
2.32058057e-01 2.10564075e-04 4.76519887e-04
2.32465473e-01 9.28778851e-04 4.65723664e-04
2.32872888e-01 4.53640004e-04 4.66564921e-04
2.33280300e-01 2.54066940e-04 4.55892358e-04
2.33687710e-01 4.66758992e-04 4.59560148e-04
2.34095118e-01 -4.61409806e-04 4.56690838e-04
2.34502524e-01 9.30841123e-04 4.68922815e-04
2.34909927e-01 7.54756319e-04 4.76728785e-04
2.35317328e-01 -5.69243283e-04 4.55952907e-04
2.35724727e-01 6.24137378e-04 4.69949818e-04
2.36132124e-01 1.30160273e-03 4.56560613e-04
2.36539518e-01 -1.29482302e-04 4.51423400e-04
2.36946911e-01 -5.07993245e-04 4.46365420e-04
2.37354301e-01 2.03593689e-04 4.47920601e-04
2.37761688e-01 7.23440768e-04 4.64212132e-04
2.38169074e-01 9.30022359e-04 4.53854913e-04
2.38576457e-01 1.70923395e-04 4.46878898e-04
2.38983838e-01 4.26571374e-04 4.58115668e-04
2.39391217e-01 4.04663726e-04 4.51231741e-04
2.39798593e-01 -1.10419949e-05 4.47818549e-04
2.40205967e-01 -1.99348770e-04 4.47151226e-04
2.40613339e-01 -1.18422374e-03 4.47615307e-04
2.41020709e-01 9.06093533e-04 4.52038842e-04
2.41428076e-01 1.93668001e-04 4.52766372e-04
2.41835441e-01 1.15708455e-04 4.39187801e-04
2.42242804e-01 5.25532759e-05 4.46787383e-04
2.42650165e-01 -2.14757567e-04 4.39318970e-04
2.43057523e-01 7.52448738e-04 4.45079236e-04
2.43464879e-01 1.61525901e-04 4.38941133e-04
2.43872232e-01 6.76878643e-04 4.33508508e-04
2.44279584e-01 6.83007440e-04 4.35644672e-04
2.44686933e-01 -2.93936420e-04 4.33316761e-04
2.45094279e-01 7.08276896e-04 4.32362273e-04
2.45501624e-01 4.01912864e-04 4.41211730e-04
2.45908966e-01 1.03038055e-03 4.41503797e-04
2.46316305e-01 -1.36522567e-04 4.32638286e-04
2.46723643e-01 7.50334976e-04 4.37976544e-04
2.47130978e-01 3.72213952e-04 4.35995861e-04
2.47538310e-01 -2.11324051e-05 4.32243355e-04
2.47945641e-01 -1.71707755e-04 4.33877059e-04
2.48352969e-01 -1.96711025e-04 4.29130547e-04
2.48760294e-01 -8.61462360e-04 4.35995947e-04
2.49167618e-01 1.82488474e-04 4.23338664e-04
2.49574939e-01 2.94036696e-04 4.31276995e-04
2.49982257e-01 4.02353208e-04 4.34188032e-04
2.50389573e-01 4.81757401e-04 4.32154227e-04
2.50796887e-01 3.45227470e-04 4.33888938e-04
2.51204199e-01 -5.88830713e-04 4.28961436e-04
2.51611508e-01 5.37918929e-04 4.39572079e-04
2.52018815e-01 4.34231101e-04 4.32323811e-04
2.52426119e-01 2.11797895e-04 4.29003352e-04
2.52833421e-01 8.82677240e-05 4.29278377e-04
2.53240720e-01 9.03820201e-04 4.31314536e-04
2.53648017e-01 3.60757740e-04 4.31450292e-04
2.54055312e-01 -1.72225494e-04 4.25245862e-04
2.54462605e-01 8.72915517e-04 4.31981990e-04
2.54869894e-01 4.58007470e-04 4.25194228e-04
2.55277182e-01 3.80241032e-04 4.19038960e-04
2.55684467e-01 1.55441430e-04 4.30098406e-04
2.56091750e-01 -3.52764099e-05 4.19145184e-04
2.56499030e-01 -8.69145533e-05 4.13813624e-04
2.56906308e-01 3.74422500e-04 4.17609451e-04
2.57313583e-01 9.32295954e-04 4.19301532e-04
2.57720856e-01 5.73026156e-04 4.20571439e-04
2.58128127e-01 1.47649787e-04 4.17523507e-04
2.58535395e-01 -2.77705256e-04 4.18487213e-04
2.58942661e-01 4.69167240e-05 4.13911498e-04
2.59349924e-01 -2.15177944e-04 4.25975970e-04
2.59757184e-01 3.39295854e-04 4.22999550e-04
2.60164443e-01 1.21705835e-04 4.17217502e-04
2.60571699e-01 8.55815765e-04 4.23964511e-04
2.60978952e-01 7.81861326e-04 4.25127268e-04
2.61386203e-01 4.41452998e-04 4.16590748e-04
2.61793451e-01 -1.16639637e-04 4.16537372e-04
2.62200697e-01 2.76340768e-04 4.10839188e-04
2.62607941e-01 6.15870278e-04 4.18716637e-04
2.63015182e-01 2.83680724e-04 4.15512042e-04
2.63422420e-01 7.24596137e-04 4.21744288e-04
2.63829656e-01 8.68809891e-04 4.15871549e-04
2.64236890e-01 -1.27883272e-04 4.13334767e-04
2.64644121e-01 -4.58101123e-04 4.20992464e-04
2.65051349e-01 1.73071934e-04 4.14773405e-04
2.65458575e-01 -7.17148933e-06 4.12538938e-04
2.65865799e-01 -3.25531156e-05 4.12976062e-04
2.66273019e-01 5.11941483e-04 4.13524909e-04
2.66680238e-01 -1.01126028e-04 4.09528118e-04
2.67087454e-01 -1.47397786e-04 4.06226566e-04
2.67494667e-01 -3.69365001e-04 4.13567757e-04
2.67901878e-01 8.93928071e-05 4.06321634e-04
2.68309086e-01 -2.14204379e-04 4.02317458e-04
2.68716292e-01 -2.70430568e-05 4.03405601e-04
2.69123495e-01 -6.79183547e-04 4.03564186e-04
2.69530696e-01 1.96071783e-04 3.98541067e-04
2.69937894e-01 -1.93616700e-06 4.06549728e-04
2.70345090e-01 3.01778684e-04 4.15668206e-04
2.70752283e-01 2.37171175e-05 4.08966818e-04
2.71159473e-01 3.07793369e-04 4.10832607e-04
2.71566661e-01 1.02548544e-04 4.08654406e-04
2.71973847e-01 4.07647638e-04 4.06532071e-04
2.72381030e-01 -9.73529364e-05 4.03580756e-04
2.72788210e-01 -2.13124543e-04 4.08937940e-04
2.73195387e-01 4.38379676e-04 4.09191292e-04
2.73602562e-01 5.45748040e-04 4.03898398e-04
2.74009735e-01 -1.33384232e-04 3.94444943e-04
2.74416905e-01 1.87965638e-05 3.97393744e-04
2.74824072e-01 2.16304423e-04 3.98926849e-04
2.75231237e-01 1.13349076e-04 3.91094386e-04
2.75638399e-01 2.31139018e-04 3.89783597e-04
2.76045558e-01 2.21245863e-05 3.97933668e-04
2.76452715e-01 2.41634023e-04 3.94451085e-04
2.76859869e-01 5.60534795e-04 3.98070704e-04
2.77267021e-01 2.98341515e-04 3.99031940e-04
2.77674170e-01 3.50668165e-04 3.98232582e-04
2.78081316e-01 2.88536564e-04 3.94589032e-04
2.78488460e-01 8.19054790e-04 4.01296567e-04
2.78895601e-01 3.84978855e-04 3.99531672e-04
2.79302740e-01 -2.47202073e-04 3.95587796e-04
2.79709875e-01 4.85307029e-04 4.01541457e-04
2.80117009e-01 8.13646961e-05 4.01901118e-04
2.80524139e-01 1.79663666e-04 4.05012693e-04
2.80931267e-01 1.42149660e-06 3.90376303e-04
2.81338392e-01 5.99217037e-04 4.04085248e-04
2.81745515e-01 1.38458983e-04 3.95946848e-04
2.82152635e-01 6.20692457e-04 3.94847182e-04
2.82559752e-01 -6.60395472e-04 3.91148584e-04
2.82966866e-01 5.02561847e-04 3.88417944e-04
2.83373978e-01 2.06145595e-04 3.94195534e-04
2.83781088e-01 3.96302710e-04 3.98130213e-04
2.84188194e-01 3.98946193e-04 3.97706125e-04
2.84595298e-01 4.96866420e-04 3.90996561e-04
2.85002399e-01 1.75535197e-04 4.04271712e-04
2.85409497e-01 5.38992496e-04 3.96929373e-04
2.85816593e-01 9.80622159e-05 3.96594949e-04
2.86223686e-01 4.28149689e-04 3.97165334e-04
2.86630777e-01 -2.47358909e-04 3.94162687e-04
2.87037864e-01 -7.86245238e-05 4.02826024e-04
2.87444949e-01 -1.69026945e-05 3.96629801e-04
2.87852031e-01 7.45995490e-04 3.96845814e-04
2.88259111e-01 -2.09166779e-04 3.96275496e-04
2.88666188e-01 -1.27908943e-04 3.92442433e-04
2.89073262e-01 -3.48027843e-04 3.99516931e-04
2.89480333e-01 3.57327563e-04 4.06376337e-04
2.89887401e-01 -9.79220826e-05 3.94651335e-04
2.90294467e-01 2.14111430e-04 3.97488933e-04
2.90701530e-01 -2.12399880e-04 3.96629336e-04
2.91108591e-01 -3.47062392e-04 3.93383160e-04
2.91515648e-01 -2.78665609e-04 4.00090429e-04
2.91922703e-01 -1.21566463e-04 3.91922729e-04
2.92329755e-01 4.26571597e-04 3.91338802e-04
2.92736804e-01 -2.98220908e-04 3.90728687e-04
2.93143851e-01 -3.71910491e-04 3.90862639e-04
2.93550895e-01 4.84444490e-04 3.98327438e-04
2.93957936e-01 1.33118944e-04 3.91743618e-04
2.94364974e-01 2.78642321e-04 3.90466216e-04
2.94772009e-01 6.61284782e-04 3.98888378e-04
2.95179042e-01 -1.61915050e-04 3.91655649e-04
2.95586072e-01 1.52992195e-04 3.91873371e-04
2.95993099e-01 2.10859540e-04 4.03422385e-04
2.96400123e-01 1.68143930e-04 3.90974762e-04
2.96807145e-01 2.16461031e-04 3.90835559e-04
2.97214163e-01 -1.71878647e-04 4.02532524e-04
2.97621179e-01 -2.60247398e-04 3.89778624e-04
2.98028192e-01 5.25887248e-05 3.91295764e-04
2.98435202e-01 3.34035699e-04 3.92030465e-04
2.98842210e-01 6.43576589e-04 3.95069889e-04
2.99249214e-01 6.12920166e-04 3.97586500e-04
2.99656216e-01 -3.80207611e-04 3.94527733e-04
3.00063215e-01 -1.46892682e-04 3.93816167e-04
3.00470211e-01 5.20383407e-04 3.93978457e-04
3.00877204e-01 7.03306347e-04 3.98309731e-04
3.01284194e-01 6.26141953e-05 3.91232710e-04
3.01691182e-01 3.25058141e-04 4.01385129e-04
3.02098167e-01 7.11741649e-04 4.01268999e-04
3.02505149e-01 4.79859441e-04 3.92986224e-04
3.02912128e-01 1.97280213e-05 3.97173845e-04
3.03319104e-01 -7.92388825e-06 3.99478159e-04
3.03726077e-01 5.13588236e-05 3.91051803e-04
3.04133047e-01 5.56381586e-04 3.85121419e-04
3.04540015e-01 7.04813543e-04 3.87437040e-04
3.04946979e-01 3.55346094e-04 3.95826159e-04
3.05353941e-01 -6.11088328e-05 3.83079087e-04
3.05760900e-01 -9.41815214e-05 3.93271993e-04
3.06167856e-01 3.05546063e-04 3.91287846e-04
3.06574809e-01 4.78606316e-05 3.86841521e-04
3.06981759e-01 2.80386393e-04 3.93806081e-04
3.07388706e-01 1.31371832e-04 3.92455381e-04
3.07795651e-01 2.47249810e-04 3.94237369e-04
3.08202592e-01 3.06792524e-04 4.00955196e-04
3.08609531e-01 1.75121723e-04 3.94021253e-04
3.09016466e-01 -2.08302377e-04 3.90029933e-04
3.09423399e-01 3.75922507e-05 3.96755222e-04
3.09830329e-01 2.44276501e-04 4.03806979e-04
3.10237256e-01 3.10918234e-04 4.03546655e-04
3.10644180e-01 6.21282156e-04 3.99404188e-04
3.11051101e-01 1.06684944e-03 4.06962024e-04
3.11458019e-01 -5.51481717e-05 4.03862212e-04
3.11864934e-01 -2.34162165e-05 3.97468688e-04
3.12271846e-01 1.45273777e-04 4.01962150e-04
3.12678755e-01 5.78974539e-04 4.06403873e-04
3.13085661e-01 3.89400588e-04 4.03887020e-04
3.13492565e-01 -1.73518923e-04 3.97476248e-04
3.13899465e-01 3.02108321e-04 4.00661559e-04
3.14306362e-01 1.45961567e-04 4.00851608e-04
3.14713257e-01 5.54667481e-04 4.01386983e-04
3.15120148e-01 5.31208783e-04 4.05605182e-04
3.15527037e-01 1.87999917e-06 4.04871095e-04
3.15933922e-01 -4.23254558e-04 4.11726176e-04
3.16340805e-01 -1.28912301e-05 4.45842945e-04
3.16747684e-01 2.88825127e-04 4.80429343e-04
3.17154561e-01 -6.96590766e-05 5.07497893e-04
3.17561434e-01 -8.43232105e-04 5.35911296e-04
3.17968305e-01 1.13685417e-03 5.94172848e-04
3.18375172e-01 -3.61144113e-04 6.10231567e-04
3.18782037e-01 7.57519540e-05 6.22367616e-04
3.19188898e-01 -5.48828286e-04 6.59717606e-04
3.19595757e-01 -6.61266002e-05 6.84751502e-04
3.20002612e-01 -9.67676291e-04 6.84576168e-04
3.20409465e-01 -7.07793944e-04 7.67770694e-04
3.20816314e-01 -1.04249338e-03 8.18415914e-04
3.21223160e-01 -3.79234293e-04 8.98714790e-04
3.21630004e-01 3.78392282e-04 1.03528539e-03
3.22036844e-01 -5.47754390e-04 1.33023280e-03
3.22443681e-01 3.04847148e-03 2.00456829e-03
3.22850516e-01 1.41057154e-02 4.87549606e-03
