4.08043586e-03 -1.00757793e-01 2.85012155e-02
4.48847930e-03 -6.34096914e-02 2.73891333e-02
4.89652269e-03 -6.85667239e-02 1.94682807e-02
5.30456604e-03 -4.69232318e-02 1.46147086e-02
5.71260934e-03 -3.96173837e-02 1.09904061e-02
6.12065258e-03 -2.40372346e-02 9.20666844e-03
6.52869577e-03 -2.43095239e-02 6.96867147e-03
6.93673889e-03 -1.89201603e-02 6.49221440e-03
7.34478195e-03 -1.48469305e-02 5.81525285e-03
7.75282494e-03 -1.10508973e-02 5.16923305e-03
8.16086785e-03 -8.06864600e-03 4.63917594e-03
8.56891069e-03 -1.27299105e-02 4.24394848e-03
8.97695345e-03 -1.11985075e-02 3.84571881e-03
9.38499612e-03 -6.21950190e-03 3.78246623e-03
9.79303870e-03 -1.19443508e-03 3.48495828e-03
1.02010812e-02 -4.33347179e-03 3.14183324e-03
1.06091236e-02 -4.16647030e-03 3.15628699e-03
1.10171659e-02 -1.10207418e-03 3.14967518e-03
1.14252081e-02 2.17493866e-03 3.00052305e-03
1.18332501e-02 -2.43441716e-03 2.67373545e-03
1.22412921e-02 -6.81809579e-05 2.66358034e-03
1.26493339e-02 2.71119811e-04 2.54156235e-03
1.30573757e-02 -6.00666202e-04 2.50968448e-03
1.34654173e-02 5.45087468e-04 2.29709811e-03
1.38734588e-02 -1.05670822e-03 2.23540959e-03
1.42815001e-02 -2.11400080e-03 2.36645660e-03
1.46895413e-02 -1.37975861e-03 2.29638721e-03
1.50975824e-02 2.97805814e-03 2.39882421e-03
1.55056233e-02 -5.03673221e-04 2.16404563e-03
1.59136641e-02 -1.67933551e-03 1.99902978e-03
1.63217047e-02 3.48337104e-03 2.21213624e-03
1.67297452e-02 5.68451783e-03 2.05835242e-03
1.71377855e-02 2.49276414e-03 2.04530046e-03
1.75458257e-02 -2.92245782e-03 1.86362918e-03
1.79538657e-02 2.06292687e-03 1.97557174e-03
1.83619055e-02 3.50815650e-03 1.99714171e-03
1.87699451e-02 2.95416294e-04 1.88939433e-03
1.91779846e-02 4.43388913e-03 1.84872666e-03
1.95860239e-02 6.70696605e-04 1.86842635e-03
1.99940630e-02 -1.75900767e-04 1.80689024e-03
2.04021019e-02 7.85001431e-04 1.87134460e-03
2.08101406e-02 6.59786469e-04 1.69429033e-03
2.12181791e-02 -2.14671895e-03 1.83330119e-03
2.16262174e-02 2.77982026e-03 1.85299614e-03
2.20342555e-02 7.42793181e-04 1.74849566e-03
2.24422934e-02 1.76601617e-03 1.85842963e-03
2.28503311e-02 3.14135528e-03 1.69976626e-03
2.32583686e-02 -1.79014970e-03 1.66939701e-03
2.36664058e-02 4.30862849e-03 1.64026543e-03
2.40744429e-02 9.01448645e-04 1.78842997e-03
2.44824797e-02 1.36766712e-03 1.78677255e-03
2.48905162e-02 5.17889564e-04 1.65464794e-03
2.52985525e-02 1.09250534e-03 1.74614606e-03
2.57065886e-02 -8.09971948e-04 1.58044408e-03
2.61146245e-02 1.14196358e-03 1.69279606e-03
2.65226601e-02 3.73316302e-04 1.61387467e-03
2.69306954e-02 -1.98286468e-03 1.63106991e-03
2.73387305e-02 -3.82747146e-04 1.56380436e-03
2.77467653e-02 -2.96931665e-03 1.64208801e-03
2.81547999e-02 1.43745351e-03 1.63417642e-03
2.85628342e-02 -2.75059750e-03 1.70780318e-03
2.89708682e-02 -5.76350436e-04 1.63001865e-03
2.93789020e-02 6.14510025e-04 1.65872436e-03
2.97869355e-02 -1.20498873e-03 1.63197124e-03
3.01949687e-02 7.74090690e-04 1.70701210e-03
3.06030016e-02 2.80511286e-04 1.54520787e-03
3.10110342e-02 5.22784479e-04 1.55056705e-03
3.14190665e-02 -1.26702212e-03 1.57242549e-03
3.18270985e-02 1.18412653e-03 1.50727936e-03
3.22351302e-02 -7.30816071e-04 1.50135692e-03
3.26431617e-02 1.08396089e-03 1.48798777e-03
3.30511928e-02 -1.29955609e-03 1.50504714e-03
3.34592236e-02 7.25474571e-04 1.50951656e-03
3.38672540e-02 -5.84025951e-04 1.41332659e-03
3.42752842e-02 6.68549325e-04 1.46512096e-03
3.46833140e-02 1.85916792e-03 1.45325776e-03
3.50913435e-02 2.08931009e-03 1.35877913e-03
3.54993727e-02 1.98566632e-03 1.44909306e-03
3.59074015e-02 2.22036571e-03 1.43405041e-03
3.63154300e-02 -1.36040912e-03 1.32285403e-03
3.67234581e-02 7.26291987e-04 1.35534300e-03
3.71314859e-02 8.45026009e-05 1.33468249e-03
3.75395134e-02 3.41083564e-03 1.34893996e-03
3.79475405e-02 3.77027792e-04 1.32496987e-03
3.83555672e-02 -4.74132819e-05 1.32818884e-03
3.87635935e-02 -9.80217229e-04 1.27826519e-03
3.91716195e-02 1.37104325e-04 1.30935923e-03
3.95796452e-02 5.70863992e-04 1.29978459e-03
3.99876704e-02 1.10832719e-03 1.41272554e-03
4.03956953e-02 3.97375060e-05 1.31180153e-03
4.08037198e-02 -5.43796777e-04 1.30804927e-03
4.12117439e-02 -1.86980761e-03 1.27759197e-03
4.16197676e-02 1.25675111e-03 1.34329421e-03
4.20277909e-02 -5.75609501e-04 1.28625974e-03
4.24358138e-02 -2.60045540e-04 1.18438248e-03
4.28438363e-02 -7.68608983e-04 1.19428609e-03
4.32518584e-02 2.67075789e-04 1.22414086e-03
4.36598801e-02 8.49820909e-04 1.23031991e-03
4.40679014e-02 1.63960380e-03 1.24772863e-03
4.44759222e-02 4.10752775e-04 1.25840635e-03
4.48839427e-02 1.16049701e-03 1.25758570e-03
4.52919627e-02 6.20396600e-04 1.19479349e-03
4.56999823e-02 1.37178648e-03 1.21206974e-03
4.61080014e-02 2.00910742e-03 1.19295963e-03
4.65160201e-02 1.66053003e-04 1.16754018e-03
4.69240384e-02 6.76287010e-04 1.22189387e-03
4.73320562e-02 -1.27797545e-03 1.16389316e-03
4.77400736e-02 -1.24907780e-03 1.20948551e-03
4.81480905e-02 1.68663190e-03 1.23737296e-03
4.85561070e-02 5.57766472e-04 1.15968666e-03
4.89641230e-02 2.86020154e-03 1.17246189e-03
4.93721385e-02 1.21871963e-03 1.16254095e-03
4.97801536e-02 2.59969147e-03 1.14251585e-03
5.01881682e-02 7.12690174e-04 1.15832156e-03
5.05961823e-02 1.72904402e-03 1.14213045e-03
5.10041960e-02 8.65751243e-04 1.12787337e-03
5.14122091e-02 7.09803806e-04 1.08639098e-03
5.18202218e-02 6.31478435e-04 1.13390384e-03
5.22282340e-02 5.68726441e-04 1.14268314e-03
5.26362457e-02 1.11548490e-04 1.10045093e-03
5.30442569e-02 7.18826361e-04 1.11851688e-03
5.34522675e-02 4.97859988e-04 1.07407320e-03
5.38602777e-02 3.09170696e-04 1.05086771e-03
5.42682874e-02 1.51949732e-03 1.12494621e-03
5.46762965e-02 -3.05089629e-04 1.06316370e-03
5.50843052e-02 7.90999316e-04 1.09290110e-03
5.54923133e-02 1.35694728e-03 1.10363188e-03
5.59003208e-02 1.53423342e-03 1.12022101e-03
5.63083279e-02 -3.71940315e-04 1.09106930e-03
5.67163344e-02 -8.65858389e-05 1.10393834e-03
5.71243404e-02 2.56087969e-03 1.12907137e-03
5.75323458e-02 1.02835563e-03 1.11622456e-03
5.79403507e-02 2.72052051e-03 1.15408028e-03
5.83483551e-02 -1.25564209e-03 1.12073440e-03
5.87563588e-02 -3.15882581e-05 1.13423642e-03
5.91643621e-02 1.30164222e-04 1.08496652e-03
5.95723647e-02 1.22430048e-03 1.13486557e-03
5.99803668e-02 6.79877617e-04 1.10717060e-03
6.03883684e-02 3.98631602e-04 1.14324545e-03
6.07963693e-02 3.66263392e-04 1.14089980e-03
6.12043697e-02 2.82605670e-04 1.08652914e-03
6.16123695e-02 -1.54634071e-03 1.07153485e-03
6.20203687e-02 6.90544271e-04 1.07041919e-03
6.24283674e-02 -8.74626234e-04 1.08073981e-03
6.28363654e-02 1.27823942e-03 1.03928621e-03
6.32443629e-02 1.45100411e-03 1.09400439e-03
6.36523597e-02 1.19304871e-03 1.08674675e-03
6.40603559e-02 6.20151514e-04 1.01780264e-03
6.44683516e-02 -7.15840759e-04 1.02645989e-03
6.48763466e-02 6.67453882e-04 9.93130578e-04
6.52843410e-02 -2.65052903e-04 1.07471912e-03
6.56923348e-02 -1.12733669e-03 1.06267527e-03
6.61003279e-02 1.13653338e-03 1.01954154e-03
6.65083205e-02 5.46120670e-04 1.04135272e-03
6.69163124e-02 6.41987326e-04 9.77429178e-04
6.73243036e-02 -9.83781454e-04 9.69688682e-04
6.77322943e-02 5.12857146e-04 9.82549503e-04
6.81402842e-02 -2.43566179e-04 9.72661508e-04
6.85482736e-02 -1.23940779e-04 9.74942774e-04
6.89562623e-02 2.57635046e-04 1.01737450e-03
6.93642503e-02 7.69954936e-04 1.04044198e-03
6.97722377e-02 1.01293623e-03 9.40993401e-04
7.01802244e-02 5.08751345e-04 9.86750974e-04
7.05882105e-02 1.62000097e-03 1.00866324e-03
7.09961958e-02 3.26666039e-04 9.27022793e-04
7.14041805e-02 -8.00448101e-04 9.09181595e-04
7.18121646e-02 -8.91648571e-05 9.24049826e-04
7.22201479e-02 -4.54713436e-04 9.60894715e-04
7.26281306e-02 9.00941357e-04 9.40693592e-04
7.30361126e-02 -1.49842384e-03 9.47408512e-04
7.34440938e-02 -8.87986546e-04 9.21196674e-04
7.38520744e-02 1.48109248e-03 9.50250221e-04
7.42600543e-02 1.00519618e-04 8.94975343e-04
7.46680335e-02 -6.28386603e-04 9.31674638e-04
7.50760119e-02 -3.55064023e-04 8.77921962e-04
7.54839897e-02 1.55071571e-03 9.47782604e-04
7.58919667e-02 1.40236453e-03 9.24640514e-04
7.62999431e-02 -1.75484928e-04 9.32501285e-04
7.67079187e-02 -2.45049712e-04 9.16903761e-04
7.71158935e-02 6.01533037e-04 9.25359515e-04
7.75238677e-02 3.51579384e-04 9.15130756e-04
7.79318411e-02 -1.96482320e-04 8.75632493e-04
7.83398137e-02 1.14870935e-04 9.24147596e-04
7.87477857e-02 1.26353525e-03 9.08404937e-04
7.91557568e-02 2.25376296e-04 9.05828700e-04
7.95637273e-02 1.51270819e-04 8.96756535e-04
7.99716969e-02 -5.74364921e-04 8.73621157e-04
8.03796658e-02 6.58618672e-04 8.84912945e-04
8.07876340e-02 4.14607976e-05 8.70634806e-04
8.11956014e-02 7.50698414e-04 8.91373476e-04
8.16035680e-02 4.52402786e-04 8.83350214e-04
8.20115338e-02 -1.52249679e-03 8.43177698e-04
8.24194989e-02 2.93493768e-04 8.63463697e-04
8.28274631e-02 -1.53585046e-04 8.46263575e-04
8.32354266e-02 7.32445531e-05 8.32456785e-04
8.36433893e-02 9.46097571e-04 8.50622797e-04
8.40513512e-02 8.71164406e-04 8.19756068e-04
8.44593123e-02 3.96060345e-04 8.50426388e-04
8.48672727e-02 6.02586213e-04 8.57836010e-04
8.52752322e-02 1.72716535e-04 8.40336709e-04
8.56831909e-02 4.88150932e-04 8.23159974e-04
8.60911487e-02 -2.52324275e-04 8.28051009e-04
8.64991058e-02 1.62160656e-03 8.56531388e-04
8.69070620e-02 -3.91910051e-04 8.64079689e-04
8.73150175e-02 -6.71113977e-04 8.12804804e-04
8.77229721e-02 5.96661654e-04 8.35106127e-04
8.81309258e-02 3.18822116e-04 8.38857563e-04
8.85388787e-02 1.66706463e-04 8.51469203e-04
8.89468308e-02 4.69234362e-04 8.35184641e-04
8.93547821e-02 -4.12851542e-04 7.97195435e-04
8.97627325e-02 -6.11657225e-04 8.10253439e-04
9.01706820e-02 -8.39885043e-05 7.94050362e-04
9.05786307e-02 1.57416978e-04 7.87098504e-04
9.09865785e-02 1.08571569e-04 8.19673792e-04
9.13945255e-02 3.38020430e-05 8.18104819e-04
9.18024716e-02 8.37532544e-04 7.88971240e-04
9.22104168e-02 1.38427169e-03 8.24024318e-04
9.26183611e-02 8.28170389e-04 8.20156279e-04
9.30263046e-02 2.79012237e-04 8.38461463e-04
9.34342472e-02 7.21488430e-04 7.85191231e-04
9.38421889e-02 -3.87627832e-05 8.45431443e-04
9.42501297e-02 8.96313490e-04 8.48129543e-04
9.46580696e-02 -1.20572885e-04 8.17154398e-04
9.50660087e-02 8.58300803e-05 8.20613080e-04
9.54739468e-02 -9.83395862e-04 7.87997852e-04
9.58818840e-02 -1.46898202e-04 8.08986198e-04
9.62898203e-02 -1.43370834e-06 8.00354581e-04
9.66977557e-02 -3.64759622e-04 7.85785907e-04
9.71056902e-02 -9.72459862e-04 8.12197674e-04
9.75136237e-02 9.33639939e-04 8.06764801e-04
9.79215564e-02 5.70370476e-04 7.71167727e-04
9.83294881e-02 1.01350954e-04 7.83584473e-04
9.87374188e-02 1.29777854e-03 7.80826913e-04
9.91453487e-02 2.27142628e-03 7.93103463e-04
9.95532775e-02 1.04657686e-03 7.98098294e-04
9.99612055e-02 1.51821575e-03 7.86219590e-04
1.00369132e-01 1.11387927e-03 7.96787976e-04
1.00777059e-01 -1.63803991e-04 7.47744793e-04
1.01184984e-01 -2.33604951e-04 7.69932228e-04
1.01592908e-01 4.84482654e-04 7.56547406e-04
1.02000831e-01 7.49343132e-04 7.35017665e-04
1.02408753e-01 5.84757646e-04 7.34152220e-04
1.02816674e-01 6.48396488e-04 7.61946729e-04
1.03224595e-01 -1.13679984e-03 7.39673379e-04
1.03632514e-01 -1.17507578e-03 7.35232892e-04
1.04040432e-01 -5.68085783e-04 7.29184337e-04
1.04448349e-01 1.70543709e-04 7.71307858e-04
1.04856266e-01 1.92492971e-04 7.36204689e-04
1.05264181e-01 1.22698177e-03 7.53719350e-04
1.05672095e-01 6.01281166e-04 7.46555167e-04
1.06080009e-01 -3.50217766e-04 7.35477356e-04
1.06487921e-01 -1.03265056e-03 7.27570201e-04
1.06895832e-01 2.19549603e-03 7.59632973e-04
1.07303743e-01 -4.46908844e-04 7.19699795e-04
1.07711652e-01 1.58181987e-03 7.58392396e-04
1.08119560e-01 1.46182804e-03 7.39491773e-04
1.08527467e-01 -4.61218600e-04 7.38622143e-04
1.08935374e-01 1.55685685e-03 7.54670942e-04
1.09343279e-01 9.37022162e-06 7.69638406e-04
1.09751183e-01 -3.06685100e-04 7.32254137e-04
1.10159086e-01 1.76644492e-04 7.23453543e-04
1.10566988e-01 1.37583090e-04 7.04656514e-04
1.10974889e-01 -4.21863893e-04 7.30313846e-04
1.11382789e-01 3.83692656e-05 7.07853696e-04
1.11790688e-01 -1.03212505e-03 7.45428029e-04
1.12198586e-01 -7.45359665e-04 7.44120194e-04
1.12606482e-01 1.98203375e-04 7.40729539e-04
1.13014378e-01 -9.52682025e-05 7.35215511e-04
1.13422273e-01 3.45691103e-04 7.41270796e-04
1.13830166e-01 -2.72476053e-04 7.85311377e-04
1.14238059e-01 -7.47523792e-06 7.53115111e-04
1.14645950e-01 1.27185611e-03 7.34358636e-04
1.15053840e-01 8.76093100e-04 7.55029549e-04
1.15461730e-01 1.45504797e-03 7.53490359e-04
1.15869618e-01 -5.96541262e-04 7.39851414e-04
1.16277505e-01 -5.46221636e-04 7.14298134e-04
1.16685391e-01 -3.32390851e-04 7.40089355e-04
1.17093275e-01 1.14201523e-03 7.59418597e-04
1.17501159e-01 8.25961109e-04 7.22108117e-04
1.17909042e-01 -9.46568883e-05 7.25870536e-04
1.18316923e-01 2.18666650e-04 7.37931824e-04
1.18724803e-01 3.48222388e-04 7.15678070e-04
1.19132683e-01 8.95078273e-04 7.22369917e-04
1.19540561e-01 3.28873554e-04 7.10161538e-04
1.19948438e-01 8.62450405e-04 6.96343100e-04
1.20356313e-01 -3.10821156e-04 6.97175930e-04
1.20764188e-01 7.21520864e-04 7.03350160e-04
1.21172062e-01 9.55626070e-04 6.90855455e-04
1.21579934e-01 1.95020053e-04 6.86183238e-04
1.21987805e-01 3.39562527e-04 6.88593741e-04
1.22395675e-01 4.02070034e-04 6.90085349e-04
1.22803544e-01 4.99539770e-04 6.71615364e-04
1.23211412e-01 1.61236872e-04 6.72366356e-04
1.23619278e-01 2.13254809e-04 6.95419081e-04
1.24027144e-01 -2.83767644e-04 7.01233614e-04
1.24435008e-01 -1.00847239e-03 6.57760103e-04
1.24842871e-01 2.92993500e-04 6.82691706e-04
1.25250733e-01 -1.99422529e-04 6.91229149e-04
1.25658594e-01 6.76464624e-06 6.78156175e-04
1.26066453e-01 -1.58969097e-03 6.72992635e-04
1.26474311e-01 -7.24677421e-05 6.85480627e-04
1.26882168e-01 1.41332549e-03 6.65281713e-04
1.27290024e-01 9.42787074e-04 6.64644214e-04
1.27697879e-01 1.05441242e-04 6.78360586e-04
1.28105732e-01 -2.76200182e-05 6.84999117e-04
1.28513585e-01 2.54974257e-04 6.76266589e-04
1.28921436e-01 -6.08915054e-04 6.70955667e-04
1.29329285e-01 1.96306386e-04 6.69309797e-04
1.29737134e-01 6.87910526e-04 6.65325816e-04
1.30144981e-01 7.24125937e-04 6.62130676e-04
1.30552828e-01 -3.97837136e-04 6.40575917e-04
1.30960672e-01 2.13708817e-04 6.63978641e-04
1.31368516e-01 -7.12210214e-04 6.51743232e-04
1.31776358e-01 9.47546653e-04 6.46419531e-04
1.32184200e-01 1.33262364e-04 6.59977209e-04
1.32592039e-01 9.10992085e-04 6.47855732e-04
1.32999878e-01 5.13004748e-04 6.39446085e-04
1.33407715e-01 3.88525435e-04 6.57521145e-04
1.33815552e-01 -7.88164597e-04 6.37658039e-04
1.34223386e-01 2.14213307e-05 6.36312966e-04
1.34631220e-01 8.12268249e-04 6.54996980e-04
1.35039052e-01 -1.18038601e-04 6.62252039e-04
1.35446883e-01 -1.32037873e-04 6.59738675e-04
1.35854713e-01 3.70028429e-04 6.31758171e-04
1.36262541e-01 4.27435629e-04 6.53316453e-04
1.36670368e-01 3.58361549e-04 6.33447211e-04
1.37078194e-01 -4.04995658e-04 6.31187506e-04
1.37486019e-01 9.16768091e-04 6.35422503e-04
1.37893842e-01 5.39634392e-04 6.29736517e-04
1.38301664e-01 8.08937771e-04 6.27937006e-04
1.38709485e-01 -4.31689928e-04 6.17902883e-04
1.39117304e-01 1.59961383e-04 6.24269188e-04
1.39525122e-01 8.29980694e-04 6.17690381e-04
1.39932939e-01 9.74237554e-04 6.08978884e-04
1.40340754e-01 -3.68674081e-04 6.09078979e-04
1.40748568e-01 2.65808947e-05 6.14513285e-04
1.41156381e-01 2.91606431e-04 6.08178562e-04
1.41564192e-01 -7.23930481e-05 6.33686033e-04
1.41972002e-01 2.60915238e-04 6.17899393e-04
1.42379811e-01 -5.84653387e-04 6.32181549e-04
1.42787618e-01 3.85986427e-05 6.23010490e-04
1.43195424e-01 1.15707567e-04 6.27239926e-04
1.43603228e-01 9.68803686e-04 6.29639723e-04
1.44011032e-01 -3.83587966e-04 6.25560897e-04
1.44418833e-01 6.83441409e-05 6.34482819e-04
1.44826634e-01 -6.99413677e-04 6.21368122e-04
1.45234433e-01 -2.87761560e-04 6.17734914e-04
1.45642231e-01 -7.92755771e-04 6.10443306e-04
1.46050027e-01 -1.47898712e-04 6.29548208e-04
1.46457822e-01 -5.44526251e-04 6.36658062e-04
1.46865616e-01 4.28302683e-04 6.37177031e-04
1.47273408e-01 1.59843842e-04 6.48676733e-04
1.47681199e-01 1.46519724e-04 6.21707133e-04
1.48088988e-01 -3.12996428e-04 6.17145272e-04
1.48496776e-01 -4.79811444e-05 6.35329209e-04
1.48904563e-01 4.33932306e-04 6.20301929e-04
1.49312348e-01 1.51384598e-04 6.13814467e-04
1.49720132e-01 1.11355051e-04 6.27005749e-04
1.50127914e-01 -1.18895716e-04 6.19998530e-04
1.50535695e-01 4.87396132e-04 6.04590243e-04
1.50943474e-01 -5.34190692e-04 6.04756088e-04
1.51351252e-01 -2.98445584e-04 6.06353572e-04
1.51759029e-01 4.24021281e-04 6.01643248e-04
1.52166804e-01 -5.83377883e-04 5.94751256e-04
1.52574578e-01 1.12660306e-03 6.08527124e-04
1.52982350e-01 -7.43484855e-05 6.18805103e-04
1.53390121e-01 5.03219550e-04 5.93919663e-04
1.53797890e-01 9.40752277e-04 5.99357861e-04
1.54205658e-01 4.90197193e-04 5.93558751e-04
1.54613425e-01 1.04552344e-03 5.87971302e-04
1.55021190e-01 -4.16563764e-05 5.91770602e-04
1.55428953e-01 1.09604013e-03 6.04127038e-04
1.55836716e-01 2.80655760e-04 5.82630541e-04
1.56244476e-01 5.51632305e-04 5.90483361e-04
1.56652235e-01 8.29803573e-06 5.92388049e-04
1.57059993e-01 -3.93195109e-05 5.93212869e-04
1.57467749e-01 -7.27765270e-06 5.78436079e-04
1.57875504e-01 -3.02277529e-04 5.85084142e-04
1.58283257e-01 7.95002825e-04 5.80387419e-04
1.58691008e-01 -5.63296195e-04 5.82379057e-04
1.59098758e-01 1.03288813e-03 5.68774383e-04
1.59506507e-01 -1.08434522e-04 5.66141894e-04
1.59914254e-01 -4.50982083e-04 5.72492412e-04
1.60322000e-01 2.24405727e-04 5.79076574e-04
1.60729744e-01 5.44657363e-04 5.61734655e-04
1.61137486e-01 -4.42428838e-04 5.67343623e-04
1.61545228e-01 4.54839297e-04 5.66319737e-04
1.61952967e-01 -1.47800438e-04 5.72031085e-04
1.62360705e-01 6.69456673e-04 5.65260664e-04
1.62768441e-01 6.36654316e-04 5.72805930e-04
1.63176176e-01 1.63453695e-04 5.86507471e-04
1.63583910e-01 3.63680800e-04 5.75436758e-04
1.63991641e-01 3.97042822e-04 5.78256129e-04
1.64399372e-01 7.83072032e-04 5.72004162e-04
1.64807100e-01 -4.44715602e-04 5.69619882e-04
1.65214827e-01 7.58832880e-05 5.75708076e-04
1.65622553e-01 -3.74130940e-05 5.56721209e-04
1.66030277e-01 -6.08402672e-04 5.58528641e-04
1.66437999e-01 3.83764745e-04 5.64987295e-04
1.66845720e-01 -8.35211709e-04 5.63143893e-04
1.67253439e-01 5.18691250e-04 5.72231635e-04
1.67661157e-01 -1.32574123e-04 5.60277284e-04
1.68068873e-01 -2.00142272e-04 5.58625374e-04
1.68476588e-01 2.16111808e-05 5.54722428e-04
1.68884301e-01 9.40665554e-04 5.68040819e-04
1.69292012e-01 3.04655178e-04 5.60692788e-04
1.69699721e-01 1.49753177e-04 5.46026447e-04
1.70107430e-01 3.84948122e-05 5.30557753e-04
1.70515136e-01 3.87236102e-05 5.45316511e-04
1.70922841e-01 -7.57559130e-04 5.35721041e-04
1.71330544e-01 -6.39215473e-05 5.37000540e-04
1.71738246e-01 -1.25138251e-05 5.57790979e-04
1.72145946e-01 -1.72632531e-04 5.54997827e-04
1.72553644e-01 -5.69117123e-04 5.39048833e-04
1.72961341e-01 7.83697750e-04 5.55238636e-04
1.73369036e-01 1.30389977e-03 5.48293870e-04
1.73776729e-01 -3.74834638e-05 5.50195652e-04
1.74184421e-01 -3.83960543e-04 5.40087652e-04
1.74592111e-01 3.76119170e-04 5.39078315e-04
1.74999799e-01 3.72900435e-05 5.50547316e-04
1.75407486e-01 5.27622694e-05 5.56847136e-04
1.75815171e-01 -3.26303983e-04 5.44838810e-04
1.76222855e-01 1.01590837e-03 5.47213993e-04
1.76630537e-01 4.83296991e-04 5.33948047e-04
1.77038217e-01 8.38406055e-04 5.34594261e-04
1.77445895e-01 1.08827874e-04 5.30332064e-04
1.77853572e-01 1.37637806e-04 5.37922771e-04
1.78261247e-01 6.85181058e-04 5.32106568e-04
1.78668921e-01 9.55998201e-05 5.43548363e-04
1.79076592e-01 4.47748792e-04 5.24626233e-04
1.79484262e-01 -1.81967950e-04 5.31775437e-04
1.79891931e-01 -9.57669591e-05 5.26724895e-04
1.80299597e-01 2.45649656e-04 5.21148926e-04
1.80707262e-01 6.08051385e-05 5.33318196e-04
1.81114925e-01 -2.18368742e-04 5.25756462e-04
1.81522587e-01 7.01892101e-04 5.08574181e-04
1.81930247e-01 -6.13648384e-04 5.14678770e-04
1.82337905e-01 3.39542686e-04 5.34541476e-04
1.82745561e-01 -2.24189196e-04 5.41158190e-04
1.83153215e-01 8.84449569e-04 5.41882003e-04
1.83560868e-01 1.72313749e-04 5.10277591e-04
1.83968519e-01 -3.60449758e-04 5.12944599e-04
1.84376169e-01 5.22865253e-04 5.20036339e-04
1.84783816e-01 2.16197308e-04 5.31856641e-04
1.85191462e-01 1.34712008e-03 5.25384114e-04
1.85599106e-01 9.40052585e-05 5.19853896e-04
1.86006749e-01 1.27612996e-04 5.21868459e-04
1.86414389e-01 3.72271407e-04 5.32028174e-04
1.86822028e-01 5.14212023e-05 5.20744308e-04
1.87229665e-01 3.60822789e-04 5.14808210e-04
1.87637300e-01 5.42436090e-04 5.20340552e-04
1.88044934e-01 1.96092082e-05 5.18432905e-04
1.88452566e-01 1.75622530e-03 5.11955142e-04
1.88860195e-01 1.15990286e-04 5.10009521e-04
1.89267824e-01 -6.18158587e-04 5.07589498e-04
1.89675450e-01 -2.44575458e-04 5.00870147e-04
1.90083074e-01 3.99212526e-04 4.93860731e-04
1.90490697e-01 1.11265468e-04 5.09115664e-04
1.90898318e-01 -2.07658042e-04 5.13749315e-04
1.91305937e-01 7.57387068e-04 5.05394043e-04
1.91713555e-01 6.14935589e-04 5.13874563e-04
1.92121170e-01 4.19358236e-04 5.07203568e-04
1.92528784e-01 -5.30520746e-04 4.97028286e-04
1.92936396e-01 -1.63896954e-04 5.00998410e-04
1.93344006e-01 4.76493619e-04 4.98748249e-04
1.93751614e-01 9.39514253e-05 5.02159904e-04
1.94159220e-01 -6.97369893e-04 4.94036533e-04
1.94566825e-01 -3.51685205e-04 5.00636117e-04
1.94974427e-01 5.10357418e-04 5.08217090e-04
1.95382028e-01 -5.30430282e-04 4.87451668e-04
1.95789627e-01 3.35628530e-04 4.97087800e-04
1.96197224e-01 3.27168635e-04 5.02299062e-04
1.96604820e-01 2.55920631e-04 5.05717946e-04
1.97012413e-01 -9.91900898e-05 4.98653055e-04
1.97420005e-01 -6.15440296e-04 4.98684519e-04
1.97827594e-01 2.15944159e-04 5.07979846e-04
1.98235182e-01 1.79046019e-06 5.07223960e-04
1.98642768e-01 -1.55107922e-04 4.98566552e-04
1.99050352e-01 6.94010200e-04 5.00118285e-04
1.99457934e-01 2.40710531e-04 5.04448377e-04
1.99865514e-01 -4.64087765e-04 5.03692628e-04
2.00273093e-01 -6.54270389e-04 5.01613058e-04
2.00680669e-01 6.55417511e-04 5.03498122e-04
2.01088244e-01 -1.99877549e-04 4.92772260e-04
2.01495816e-01 -4.03662369e-04 5.04503380e-04
2.01903387e-01 2.51324483e-04 5.04800147e-04
2.02310956e-01 -5.06058121e-04 5.01597398e-04
2.02718523e-01 4.26486363e-06 5.03512116e-04
2.03126088e-01 2.67437326e-04 5.11050959e-04
2.03533651e-01 -7.99227470e-05 5.18289887e-04
2.03941212e-01 7.43495330e-04 5.15572146e-04
2.04348771e-01 3.46562779e-05 4.93732411e-04
2.04756329e-01 -5.67129927e-04 4.92138882e-04
2.05163884e-01 2.94668849e-04 4.99530469e-04
2.05571438e-01 1.08060354e-03 4.95848977e-04
2.05978989e-01 1.60239314e-04 4.95673004e-04
2.06386539e-01 5.52416579e-04 4.90223895e-04
2.06794086e-01 -3.27058830e-04 4.88542201e-04
2.07201632e-01 3.37369067e-04 4.89589754e-04
2.07609175e-01 6.18733614e-04 4.94850727e-04
2.08016717e-01 6.33462578e-05 4.90946643e-04
2.08424257e-01 6.33500687e-04 4.89796934e-04
2.08831794e-01 1.25000837e-04 4.81531699e-04
2.09239330e-01 1.18855206e-04 4.80102977e-04
2.09646864e-01 -1.43792803e-04 4.85293088e-04
2.10054396e-01 3.08995474e-04 4.91904168e-04
2.10461925e-01 3.07400661e-05 4.85966548e-04
2.10869453e-01 -2.95759184e-04 4.86873300e-04
2.11276979e-01 -7.94456267e-05 4.75092594e-04
2.11684503e-01 -9.66637105e-04 4.77152564e-04
2.12092025e-01 4.26485860e-04 4.73707998e-04
2.12499544e-01 2.70709326e-04 4.79020058e-04
2.12907062e-01 -3.25639204e-04 4.78062148e-04
2.13314578e-01 -3.22884889e-04 4.82940674e-04
2.13722092e-01 -2.53342069e-04 4.75451891e-04
2.14129603e-01 -2.06107945e-04 4.70332604e-04
2.14537113e-01 8.07958392e-04 4.91816740e-04
2.14944621e-01 -5.08374436e-04 4.66953705e-04
2.15352126e-01 1.05320533e-03 4.78153628e-04
2.15759630e-01 2.33045365e-04 4.79574984e-04
2.16167131e-01 7.14357420e-04 4.89222174e-04
2.16574631e-01 4.74850018e-04 4.75784555e-04
2.16982128e-01 -4.40440207e-05 4.69122684e-04
2.17389624e-01 2.93970604e-04 4.73049122e-04
2.17797117e-01 2.97915087e-04 4.74378432e-04
2.18204608e-01 7.58782289e-04 4.74847042e-04
2.18612098e-01 6.08428016e-04 4.65711896e-04
2.19019585e-01 -1.24141736e-04 4.57530825e-04
2.19427070e-01 2.93108288e-04 4.72776626e-04
2.19834553e-01 -9.90595791e-05 4.54599832e-04
2.20242034e-01 1.42881855e-04 4.66162265e-04
2.20649512e-01 2.14927415e-04 4.65682847e-04
2.21056989e-01 4.43507792e-04 4.62084946e-04
2.21464464e-01 7.54191672e-04 4.67207353e-04
2.21871936e-01 7.94289935e-04 4.60159323e-04
2.22279407e-01 -1.70524237e-04 4.61602495e-04
2.22686875e-01 -5.89886390e-04 4.51872871e-04
2.23094341e-01 -3.34155272e-04 4.53850071e-04
2.23501805e-01 6.24494485e-04 4.62881859e-04
2.23909267e-01 5.13480840e-04 4.60443595e-04
2.24316727e-01 4.11645113e-04 4.57147273e-04
2.24724185e-01 4.10693758e-04 4.59940241e-04
2.25131641e-01 6.90198366e-04 4.63676189e-04
2.25539094e-01 8.78136180e-04 4.51528313e-04
2.25946545e-01 -3.22257456e-04 4.63956017e-04
2.26353995e-01 -2.09941684e-05 4.60893825e-04
2.26761442e-01 7.26201814e-04 4.56367460e-04
2.27168887e-01 8.03183341e-05 4.66954645e-04
2.27576329e-01 3.71529150e-04 4.58891374e-04
2.27983770e-01 5.33690903e-04 4.56490258e-04
2.28391208e-01 7.68433237e-04 4.50440170e-04
2.28798645e-01 4.98784303e-04 4.51598079e-04
2.29206079e-01 -3.57008467e-04 4.59373434e-04
2.29613511e-01 6.07026932e-04 4.63025693e-04
2.30020941e-01 1.15534183e-04 4.63688973e-04
2.30428368e-01 1.35638335e-04 4.60090422e-04
2.30835794e-01 -3.38411060e-05 4.67119880e-04
2.31243217e-01 6.23604040e-06 4.65661109e-04
2.31650638e-01 3.84812154e-04 4.64054673e-04
2.32058057e-01 -3.34374619e-04 4.61204430e-04
2.32465473e-01 2.60574798e-04 4.75341807e-04
2.32872888e-01 1.31479534e-04 4.71103370e-04
2.33280300e-01 -7.45160865e-05 4.62380819e-04
2.33687710e-01 2.02907280e-04 4.56832979e-04
2.34095118e-01 2.53682792e-04 4.67287615e-04
2.34502524e-01 1.96118342e-04 4.63089020e-04
2.34909927e-01 3.31122587e-04 4.56219529e-04
2.35317328e-01 5.62743142e-04 4.63476106e-04
2.35724727e-01 3.64401232e-04 4.63983906e-04
2.36132124e-01 -7.12430871e-05 4.62686093e-04
2.36539518e-01 -4.43110057e-04 4.54718060e-04
2.36946911e-01 1.30432035e-04 4.49464973e-04
2.37354301e-01 -2.54442520e-05 4.58623701e-04
2.37761688e-01 -4.67161107e-06 4.59581052e-04
2.38169074e-01 -1.84068565e-04 4.53571091e-04
2.38576457e-01 7.39700545e-04 4.53753590e-04
2.38983838e-01 -4.63393925e-05 4.44550187e-04
2.39391217e-01 -6.85699170e-04 4.49663655e-04
2.39798593e-01 -1.01987633e-04 4.54394914e-04
2.40205967e-01 2.37824897e-05 4.45018718e-04
2.40613339e-01 3.37829142e-04 4.42666287e-04
2.41020709e-01 -7.21694790e-05 4.47517807e-04
2.41428076e-01 4.52098426e-04 4.53092248e-04
2.41835441e-01 -5.19433980e-05 4.41491364e-04
2.42242804e-01 9.05042476e-04 4.52497715e-04
2.42650165e-01 6.43964606e-04 4.49280839e-04
2.43057523e-01 -1.86391363e-04 4.47198482e-04
2.43464879e-01 3.90712982e-04 4.53226570e-04
2.43872232e-01 4.38713217e-04 4.40573506e-04
2.44279584e-01 1.05165770e-04 4.37529865e-04
2.44686933e-01 5.37349325e-04 4.37357712e-04
2.45094279e-01 -2.33554023e-04 4.41373428e-04
2.45501624e-01 1.90365069e-04 4.44397297e-04
2.45908966e-01 -3.35021748e-04 4.36109455e-04
2.46316305e-01 2.99904191e-05 4.26625232e-04
2.46723643e-01 -6.15188908e-04 4.27494906e-04
2.47130978e-01 3.73986414e-04 4.31243263e-04
2.47538310e-01 7.60471881e-04 4.39355821e-04
2.47945641e-01 2.48373199e-04 4.43033179e-04
2.48352969e-01 -2.92319882e-04 4.31049569e-04
2.48760294e-01 6.51377516e-04 4.32505767e-04
2.49167618e-01 8.17449523e-04 4.36467399e-04
2.49574939e-01 -7.49096340e-05 4.24084117e-04
2.49982257e-01 1.39381061e-04 4.27003545e-04
2.50389573e-01 3.23993840e-04 4.36165950e-04
2.50796887e-01 -1.69911057e-04 4.35220460e-04
2.51204199e-01 -1.14926399e-04 4.31496700e-04
2.51611508e-01 6.11537952e-04 4.29129154e-04
2.52018815e-01 -2.66743567e-05 4.30286274e-04
2.52426119e-01 2.67693301e-04 4.32098044e-04
2.52833421e-01 2.84101586e-04 4.26067486e-04
2.53240720e-01 -2.20923274e-04 4.22103764e-04
2.53648017e-01 9.28584032e-04 4.29008750e-04
2.54055312e-01 2.29687260e-04 4.30630447e-04
2.54462605e-01 5.00056276e-04 4.16630634e-04
2.54869894e-01 6.41515231e-04 4.23863455e-04
2.55277182e-01 1.09924030e-04 4.26335620e-04
2.55684467e-01 8.13098710e-06 4.30267846e-04
2.56091750e-01 3.09843415e-04 4.17313454e-04
2.56499030e-01 1.82413966e-04 4.18906922e-04
2.56906308e-01 -6.69791077e-05 4.13492170e-04
2.57313583e-01 -5.88075022e-04 4.19032404e-04
2.57720856e-01 2.68451455e-04 4.26711772e-04
2.58128127e-01 4.65495124e-04 4.20924282e-04
2.58535395e-01 3.96545843e-05 4.22260383e-04
2.58942661e-01 7.11642702e-04 4.12060834e-04
2.59349924e-01 7.60896244e-04 4.16256532e-04
2.59757184e-01 4.17778537e-04 4.17156157e-04
2.60164443e-01 7.04207320e-04 4.20354546e-04
2.60571699e-01 8.86222367e-04 4.16956857e-04
2.60978952e-01 4.35163983e-04 4.20204326e-04
2.61386203e-01 2.40189847e-04 4.18206713e-04
2.61793451e-01 -1.88936392e-04 4.22125206e-04
2.62200697e-01 2.20743090e-04 4.19001078e-04
2.62607941e-01 -2.52657323e-04 4.09481881e-04
2.63015182e-01 -3.49983241e-04 4.17512173e-04
2.63422420e-01 7.32475486e-05 4.15047332e-04
2.63829656e-01 -5.17038008e-04 4.15466602e-04
2.64236890e-01 4.65085454e-04 4.22134314e-04
2.64644121e-01 2.35662338e-04 4.17713139e-04
2.65051349e-01 4.55084389e-04 4.10622976e-04
2.65458575e-01 2.76179864e-04 4.13459146e-04
2.65865799e-01 -4.36798555e-04 4.11653213e-04
2.66273019e-01 -4.72717814e-04 4.05473842e-04
2.66680238e-01 7.17970759e-04 4.21372335e-04
2.67087454e-01 8.71172943e-04 4.10006326e-04
2.67494667e-01 -5.24001173e-04 4.00478150e-04
2.67901878e-01 1.06504959e-04 4.03567846e-04
2.68309086e-01 4.26380819e-04 4.09642439e-04
2.68716292e-01 -1.90963776e-04 4.00181811e-04
2.69123495e-01 1.83121782e-04 4.00599620e-04
2.69530696e-01 5.13778100e-04 4.02188548e-04
2.69937894e-01 6.85764987e-05 3.98286334e-04
2.70345090e-01 -5.52841746e-08 4.05217104e-04
2.70752283e-01 7.26692829e-04 4.12559833e-04
2.71159473e-01 3.01760388e-04 4.06124174e-04
2.71566661e-01 6.38771396e-04 3.96799872e-04
2.71973847e-01 7.57944122e-04 4.08182366e-04
2.72381030e-01 2.31074921e-04 4.13269328e-04
2.72788210e-01 5.31403849e-04 4.07852937e-04
2.73195387e-01 -1.51891402e-04 4.06777530e-04
2.73602562e-01 -2.54596511e-04 4.05260701e-04
2.74009735e-01 5.95267301e-04 4.03688419e-04
2.74416905e-01 1.99900387e-04 4.07116051e-04
2.74824072e-01 4.56508663e-04 3.92255078e-04
2.75231237e-01 2.00190093e-04 4.01397944e-04
2.75638399e-01 1.21428255e-04 3.97463448e-04
2.76045558e-01 2.52824062e-04 3.95481526e-04
2.76452715e-01 -4.36583315e-04 3.97062302e-04
2.76859869e-01 -4.27905334e-04 3.93089986e-04
2.77267021e-01 -4.77204341e-04 3.98499009e-04
2.77674170e-01 2.51102993e-04 4.01747475e-04
2.78081316e-01 1.22713145e-04 3.94257835e-04
2.78488460e-01 8.20866039e-04 3.95164793e-04
2.78895601e-01 -2.20115915e-04 3.93843267e-04
2.79302740e-01 5.38193127e-04 4.01700076e-04
2.79709875e-01 3.61007771e-04 3.90661753e-04
2.80117009e-01 9.71760722e-04 3.92217598e-04
2.80524139e-01 6.04929588e-04 3.91942687e-04
2.80931267e-01 2.82106363e-04 3.94079188e-04
2.81338392e-01 -4.66335886e-04 3.86534949e-04
2.81745515e-01 5.02588111e-04 3.96143425e-04
2.82152635e-01 -2.92467314e-06 3.95168750e-04
2.82559752e-01 4.83080053e-04 3.88668916e-04
2.82966866e-01 -2.48951406e-04 3.81785156e-04
2.83373978e-01 7.65995874e-05 3.87209639e-04
2.83781088e-01 5.74073694e-04 3.95986502e-04
2.84188194e-01 2.99492440e-04 3.91168750e-04
2.84595298e-01 2.71240911e-05 3.99090595e-04
2.85002399e-01 3.06969284e-04 3.94214966e-04
2.85409497e-01 -3.35573918e-05 3.96309098e-04
2.85816593e-01 -4.19865390e-04 3.97046951e-04
2.86223686e-01 6.57500162e-04 3.94277241e-04
2.86630777e-01 4.65441972e-04 4.04611561e-04
2.87037864e-01 6.16223027e-04 3.95610809e-04
2.87444949e-01 7.17997351e-04 4.00627834e-04
2.87852031e-01 -5.60047642e-05 3.99376575e-04
2.88259111e-01 -1.41996538e-04 3.94896236e-04
2.88666188e-01 3.71537845e-04 3.97331005e-04
2.89073262e-01 5.42782725e-05 4.03454569e-04
2.89480333e-01 1.03365555e-04 3.99370543e-04
2.89887401e-01 -1.57832043e-04 3.93184482e-04
2.90294467e-01 2.98513694e-04 3.97561039e-04
2.90701530e-01 -1.97430861e-04 3.92436603e-04
2.91108591e-01 -2.97077713e-04 3.93564900e-04
2.91515648e-01 -7.67828440e-05 3.96141017e-04
2.91922703e-01 -7.29806711e-05 3.94100833e-04
2.92329755e-01 6.47387395e-04 3.86421419e-04
2.92736804e-01 -5.79777180e-04 3.89390535e-04
2.93143851e-01 2.18329898e-04 3.96556052e-04
2.93550895e-01 -1.56472247e-04 3.86166588e-04
2.93957936e-01 7.32620165e-05 3.94821955e-04
2.94364974e-01 -2.23060302e-04 3.87030478e-04
2.94772009e-01 4.47837166e-04 3.92513760e-04
2.95179042e-01 3.01997910e-04 3.91696243e-04
2.95586072e-01 -1.99463106e-04 3.88919758e-04
2.95993099e-01 7.09200372e-05 4.01687350e-04
2.96400123e-01 -5.85564533e-04 3.88504236e-04
2.96807145e-01 2.43231224e-04 3.98877091e-04
2.97214163e-01 3.09944148e-04 3.90625547e-04
2.97621179e-01 4.66578406e-04 3.92546060e-04
2.98028192e-01 6.03666536e-04 3.88732020e-04
2.98435202e-01 6.34923160e-04 4.01464561e-04
2.98842210e-01 2.11334128e-04 4.01593110e-04
2.99249214e-01 3.72515802e-04 3.89036298e-04
2.99656216e-01 5.69828285e-04 3.91672854e-04
3.00063215e-01 6.80119078e-04 3.84515258e-04
3.00470211e-01 7.62306727e-04 3.94859815e-04
3.00877204e-01 -6.31476850e-05 3.98064637e-04
3.01284194e-01 7.11195582e-04 3.94522025e-04
3.01691182e-01 1.71259727e-04 3.98675102e-04
3.02098167e-01 -1.50487564e-04 3.96994513e-04
3.02505149e-01 1.04277459e-04 3.95197286e-04
3.02912128e-01 -4.84970857e-05 3.86549570e-04
3.03319104e-01 7.22337020e-04 3.90048345e-04
3.03726077e-01 -5.69969783e-04 3.91659609e-04
3.04133047e-01 1.34905902e-04 3.93598239e-04
3.04540015e-01 -1.42206681e-04 3.95060392e-04
3.04946979e-01 1.20245872e-04 3.92371144e-04
3.05353941e-01 -3.87199330e-06 3.93711146e-04
3.05760900e-01 4.69236566e-04 4.01621122e-04
3.06167856e-01 -6.87477364e-04 3.91377972e-04
3.06574809e-01 -2.95441478e-05 3.83829481e-04
3.06981759e-01 -2.69455414e-04 3.90646588e-04
3.07388706e-01 -2.75338301e-04 3.84073336e-04
3.07795651e-01 -9.16873945e-05 3.90948929e-04
3.08202592e-01 -4.59186635e-05 3.90878609e-04
3.08609531e-01 1.06462041e-03 4.11837459e-04
3.09016466e-01 2.90784299e-04 4.00031267e-04
3.09423399e-01 -6.35406192e-05 3.94184093e-04
3.09830329e-01 5.82670387e-04 4.02863909e-04
3.10237256e-01 -3.21410421e-05 4.02864637e-04
3.10644180e-01 1.67006618e-04 3.96416041e-04
3.11051101e-01 3.99296250e-04 4.00392635e-04
3.11458019e-01 -3.35233518e-04 4.01230390e-04
3.11864934e-01 1.02148000e-04 3.99402335e-04
3.12271846e-01 4.78458770e-04 4.05484254e-04
3.12678755e-01 1.25223141e-03 4.10916616e-04
3.13085661e-01 2.70130551e-04 3.95168085e-04
3.13492565e-01 4.47257602e-04 4.02522643e-04
3.13899465e-01 -3.48338573e-06 4.01011776e-04
3.14306362e-01 2.08717781e-04 4.01551315e-04
3.14713257e-01 3.26180213e-04 4.03025452e-04
3.15120148e-01 -2.37473161e-04 4.01032712e-04
3.15527037e-01 -1.48477926e-04 4.08768675e-04
3.15933922e-01 -1.08311705e-04 4.11599247e-04
3.16340805e-01 5.33317128e-04 4.40390289e-04
3.16747684e-01 2.54841756e-04 4.84730453e-04
3.17154561e-01 3.01802888e-04 5.08466911e-04
3.17561434e-01 5.57111541e-04 5.44370458e-04
3.17968305e-01 5.48535629e-04 5.66169769e-04
3.18375172e-01 6.26914329e-04 6.12793977e-04
3.18782037e-01 -9.53353610e-04 6.15143212e-04
3.19188898e-01 -1.03256453e-03 6.44695872e-04
3.19595757e-01 8.66849052e-04 7.01132061e-04
3.20002612e-01 2.46871266e-04 7.10342974e-04
3.20409465e-01 5.39618618e-04 7.81892859e-04
3.20816314e-01 1.22612954e-03 8.14738240e-04
3.21223160e-01 1.04266761e-03 9.58304721e-04
3.21630004e-01 -3.53866210e-04 1.07284973e-03
3.22036844e-01 6.25854938e-04 1.36225712e-03
3.22443681e-01 1.95308952e-04 2.05781283e-03
3.22850516e-01 1.69479178e-03 4.41294105e-03
