4.08043586e-03 -1.11087969e-01 2.54154381e-02
4.48847930e-03 -1.00887917e-01 2.67758336e-02
4.89652269e-03 -6.98443758e-02 1.88652218e-02
5.30456604e-03 -5.15416211e-02 1.41478959e-02
5.71260934e-03 -2.93144608e-02 1.11299862e-02
6.12065258e-03 -4.58826461e-02 8.48391725e-03
6.52869577e-03 -2.46118428e-02 7.06300507e-03
6.93673889e-03 -2.36301503e-02 6.50235863e-03
7.34478195e-03 -1.60791447e-02 5.72980379e-03
7.75282494e-03 -1.73828478e-02 5.42496264e-03
8.16086785e-03 -1.20873717e-02 4.79228242e-03
8.56891069e-03 -1.33808405e-02 4.33590588e-03
8.97695345e-03 -1.08043255e-02 4.24815078e-03
9.38499612e-03 -4.22870264e-03 3.91865427e-03
9.79303870e-03 -6.75895404e-03 3.53757383e-03
1.02010812e-02 -1.00756459e-02 3.14918701e-03
1.06091236e-02 -4.39345684e-03 2.97833365e-03
1.10171659e-02 -6.68192738e-03 2.69099089e-03
1.14252081e-02 -8.46405867e-03 2.88644109e-03
1.18332501e-02 -4.35742086e-03 2.85704527e-03
1.22412921e-02 -3.94869370e-03 2.48382126e-03
1.26493339e-02 4.87220009e-04 2.74893217e-03
1.30573757e-02 -2.99623237e-03 2.52681707e-03
1.34654173e-02 2.18822704e-03 2.59408145e-03
1.38734588e-02 2.34463971e-03 2.38206338e-03
1.42815001e-02 5.17517562e-04 2.23946073e-03
1.46895413e-02 5.68887110e-04 2.52221062e-03
1.50975824e-02 1.80308328e-03 2.28896198e-03
1.55056233e-02 -2.37859927e-03 2.08116756e-03
1.59136641e-02 1.48468972e-03 2.19328518e-03
1.63217047e-02 6.73446229e-05 2.09435436e-03
1.67297452e-02 4.03831275e-04 2.00641275e-03
1.71377855e-02 2.27751913e-03 2.03419234e-03
1.75458257e-02 1.65542801e-03 2.02722681e-03
1.79538657e-02 -3.54357733e-03 1.77495677e-03
1.83619055e-02 7.58008510e-04 1.99321535e-03
1.87699451e-02 -6.43796155e-04 1.86943997e-03
1.91779846e-02 7.85784781e-04 1.93922346e-03
1.95860239e-02 -2.08940607e-04 1.92313128e-03
1.99940630e-02 -7.46843876e-04 1.89773398e-03
2.04021019e-02 1.81103807e-04 1.84427207e-03
2.08101406e-02 9.67620862e-04 1.84159251e-03
2.12181791e-02 3.63497327e-04 1.82277658e-03
2.16262174e-02 1.81184818e-04 1.67705031e-03
2.20342555e-02 -7.80231315e-04 1.75840638e-03
2.24422934e-02 2.24755943e-03 1.81566634e-03
2.28503311e-02 1.69465488e-03 1.75198803e-03
2.32583686e-02 -5.11069318e-04 1.67811816e-03
2.36664058e-02 -5.29933061e-04 1.68766474e-03
2.40744429e-02 -2.37472834e-03 1.59310982e-03
2.44824797e-02 2.75505289e-03 1.63410886e-03
2.48905162e-02 2.70464027e-04 1.71347432e-03
2.52985525e-02 -1.99073526e-03 1.61010546e-03
2.57065886e-02 1.06550970e-03 1.69845082e-03
2.61146245e-02 -1.59459106e-04 1.61151116e-03
2.65226601e-02 1.07606483e-03 1.76641079e-03
2.69306954e-02 -1.28141259e-04 1.69802765e-03
2.73387305e-02 -1.60321376e-03 1.59584743e-03
2.77467653e-02 -1.13952973e-03 1.55158838e-03
2.81547999e-02 -2.72980790e-03 1.60989757e-03
2.85628342e-02 -2.22809663e-04 1.66753274e-03
2.89708682e-02 8.08527008e-04 1.61494546e-03
2.93789020e-02 2.38366766e-03 1.67502526e-03
2.97869355e-02 5.00240565e-04 1.60292576e-03
3.01949687e-02 1.90432826e-03 1.66596559e-03
3.06030016e-02 1.45884799e-03 1.58229491e-03
3.10110342e-02 -2.79001712e-03 1.57603473e-03
3.14190665e-02 -3.67699634e-04 1.53077637e-03
3.18270985e-02 1.02919369e-03 1.56098935e-03
3.22351302e-02 8.58637748e-04 1.43063767e-03
3.26431617e-02 -7.34187858e-04 1.42351706e-03
3.30511928e-02 -3.63297576e-03 1.42763749e-03
3.34592236e-02 7.62138131e-04 1.41189594e-03
3.38672540e-02 6.06719458e-04 1.48435440e-03
3.42752842e-02 1.67774410e-03 1.36051482e-03
3.46833140e-02 9.47640900e-04 1.40025907e-03
3.50913435e-02 1.94757937e-03 1.40203982e-03
3.54993727e-02 -1.82879699e-04 1.38266083e-03
3.59074015e-02 -7.59093015e-04 1.40289121e-03
3.63154300e-02 1.38474761e-03 1.42529826e-03
3.67234581e-02 -1.14996099e-04 1.32230107e-03
3.71314859e-02 1.23511733e-04 1.36271597e-03
3.75395134e-02 7.86032903e-04 1.38623012e-03
3.79475405e-02 -2.85587314e-03 1.28060873e-03
3.83555672e-02 -9.36415561e-04 1.33006520e-03
3.87635935e-02 -1.14969408e-03 1.27196724e-03
3.91716195e-02 2.22653557e-03 1.32290775e-03
3.95796452e-02 -2.64440999e-04 1.26336220e-03
3.99876704e-02 -2.36407865e-04 1.29914498e-03
4.03956953e-02 -1.54510385e-03 1.33887118e-03
4.08037198e-02 6.47576596e-04 1.30854344e-03
4.12117439e-02 7.15761818e-04 1.27380754e-03
4.16197676e-02 -1.97812625e-03 1.26222398e-03
4.20277909e-02 1.32534009e-03 1.29906672e-03
4.24358138e-02 1.27042827e-03 1.20333524e-03
4.28438363e-02 1.80807899e-04 1.23052810e-03
4.32518584e-02 -4.25478415e-04 1.24604198e-03
4.36598801e-02 -1.20741867e-03 1.17409247e-03
4.40679014e-02 -6.79532357e-04 1.24930665e-03
4.44759222e-02 8.85218650e-04 1.16578427e-03
4.48839427e-02 2.47190878e-04 1.15621677e-03
4.52919627e-02 -5.28756703e-04 1.22838450e-03
4.56999823e-02 2.09102484e-03 1.17344432e-03
4.61080014e-02 2.34242028e-03 1.24244596e-03
4.65160201e-02 1.36712367e-03 1.19670434e-03
4.69240384e-02 -1.12726257e-03 1.13967238e-03
4.73320562e-02 2.27110692e-03 1.20008125e-03
4.77400736e-02 8.81030713e-04 1.13556372e-03
4.81480905e-02 1.21107157e-03 1.21859762e-03
4.85561070e-02 7.28676803e-05 1.19102057e-03
4.89641230e-02 -3.23280739e-04 1.17872003e-03
4.93721385e-02 -1.88102113e-03 1.14262910e-03
4.97801536e-02 1.11968054e-04 1.14994562e-03
5.01881682e-02 -2.26654707e-03 1.11391918e-03
5.05961823e-02 -1.65422501e-03 1.16720941e-03
5.10041960e-02 -1.14948524e-04 1.13887367e-03
5.14122091e-02 6.70564418e-04 1.10568559e-03
5.18202218e-02 -1.00193319e-03 1.11766216e-03
5.22282340e-02 -1.05225166e-03 1.10693152e-03
5.26362457e-02 -1.00992916e-03 1.09647726e-03
5.30442569e-02 1.38380896e-03 1.13427012e-03
5.34522675e-02 1.59133119e-03 1.09379862e-03
5.38602777e-02 -8.57411274e-04 1.11482959e-03
5.42682874e-02 1.29828918e-03 1.08429512e-03
5.46762965e-02 -1.75331026e-03 1.05416825e-03
5.50843052e-02 -8.38446199e-04 1.09505310e-03
5.54923133e-02 6.52180772e-04 1.10896463e-03
5.59003208e-02 9.29901977e-04 1.06061516e-03
5.63083279e-02 -2.45649637e-04 1.06918478e-03
5.67163344e-02 7.59246828e-06 1.06252321e-03
5.71243404e-02 4.85766190e-04 1.13034366e-03
5.75323458e-02 7.91870633e-04 1.11976044e-03
5.79403507e-02 5.19714510e-04 1.11490040e-03
5.83483551e-02 1.75838387e-03 1.13369050e-03
5.87563588e-02 -2.58529103e-04 1.11242594e-03
5.91643621e-02 -2.29020555e-05 1.11009746e-03
5.95723647e-02 4.12033551e-04 1.08827720e-03
5.99803668e-02 5.71625570e-04 1.14122515e-03
6.03883684e-02 -2.61980965e-03 1.13718360e-03
6.07963693e-02 -3.19161183e-04 1.10962982e-03
6.12043697e-02 -1.43407184e-03 1.10504597e-03
6.16123695e-02 1.15974890e-03 1.10991819e-03
6.20203687e-02 -2.50541032e-04 1.09149673e-03
6.24283674e-02 -1.04063322e-04 1.01741759e-03
6.28363654e-02 -1.07456817e-03 1.01506282e-03
6.32443629e-02 1.31938996e-03 1.05101033e-03
6.36523597e-02 1.30055548e-03 1.02865978e-03
6.40603559e-02 -9.29512401e-04 1.02548809e-03
6.44683516e-02 -1.51519150e-03 1.01153668e-03
6.48763466e-02 -4.12164724e-04 9.70033497e-04
6.52843410e-02 1.82707662e-03 1.03059916e-03
6.56923348e-02 -8.23735334e-04 1.08605154e-03
6.61003279e-02 2.42494159e-04 1.02080930e-03
6.65083205e-02 -2.04547944e-04 1.01359761e-03
6.69163124e-02 1.14687780e-03 1.01917226e-03
6.73243036e-02 2.55754876e-05 9.82767370e-04
6.77322943e-02 1.08359080e-03 1.01633960e-03
6.81402842e-02 1.38166030e-03 1.00735846e-03
6.85482736e-02 -6.28620016e-04 1.01966368e-03
6.89562623e-02 -2.46827704e-04 1.00228530e-03
6.93642503e-02 1.54165330e-03 9.88683634e-04
6.97722377e-02 1.32311063e-03 9.71156354e-04
7.01802244e-02 -1.34196924e-04 9.50155862e-04
7.05882105e-02 6.66326176e-04 9.55930156e-04
7.09961958e-02 -2.32358549e-04 9.14374124e-04
7.14041805e-02 -9.57011292e-05 9.41476466e-04
7.18121646e-02 -5.53119774e-04 9.07747364e-04
7.22201479e-02 2.73453486e-05 9.12567978e-04
7.26281306e-02 -1.48626215e-03 9.65740195e-04
7.30361126e-02 1.04792053e-03 9.40171945e-04
7.34440938e-02 -1.01311269e-03 9.47244000e-04
7.38520744e-02 5.24714204e-04 9.50773119e-04
7.42600543e-02 -5.72411391e-05 9.54561587e-04
7.46680335e-02 1.11778226e-03 9.11769949e-04
7.50760119e-02 1.15961195e-03 9.35953228e-04
7.54839897e-02 9.51701078e-04 9.09457120e-04
7.58919667e-02 3.04595990e-04 9.18990743e-04
7.62999431e-02 1.63638770e-03 9.71380584e-04
7.67079187e-02 -1.48586716e-03 9.21956040e-04
7.71158935e-02 -6.39579003e-04 9.32547160e-04
7.75238677e-02 1.05157718e-04 9.12807121e-04
7.79318411e-02 7.68193746e-04 8.60916379e-04
7.83398137e-02 -8.04524262e-04 9.06394355e-04
7.87477857e-02 -1.48629946e-03 9.22339493e-04
7.91557568e-02 2.72787753e-04 8.94607126e-04
7.95637273e-02 -5.02915564e-04 8.73612629e-04
7.99716969e-02 -5.16484010e-04 8.94672977e-04
8.03796658e-02 1.87670288e-04 8.73413885e-04
8.07876340e-02 1.06906874e-03 8.76347129e-04
8.11956014e-02 -2.39300265e-04 8.81729276e-04
8.16035680e-02 8.76919998e-04 8.39158975e-04
8.20115338e-02 -1.36952603e-03 8.22399091e-04
8.24194989e-02 -5.72307927e-04 8.82709780e-04
8.28274631e-02 -7.42290659e-04 8.56011324e-04
8.32354266e-02 1.54854787e-03 8.74823707e-04
8.36433893e-02 2.39886615e-04 8.26838698e-04
8.40513512e-02 2.01108071e-04 8.20407277e-04
8.44593123e-02 -1.15564315e-03 8.60199994e-04
8.48672727e-02 2.01866110e-04 8.53178256e-04
8.52752322e-02 -2.68960984e-04 8.41907028e-04
8.56831909e-02 -1.70693325e-03 8.36466268e-04
8.60911487e-02 2.26575553e-05 8.39370674e-04
8.64991058e-02 8.94438142e-04 8.52603652e-04
8.69070620e-02 1.97612009e-03 8.87377933e-04
8.73150175e-02 1.42305740e-03 8.42629044e-04
8.77229721e-02 1.28230178e-04 8.34647616e-04
8.81309258e-02 2.95179688e-04 8.27140788e-04
8.85388787e-02 3.14168610e-04 8.20998219e-04
8.89468308e-02 -3.59191241e-04 8.12857892e-04
8.93547821e-02 1.79936674e-03 8.43437986e-04
8.97627325e-02 -1.31770941e-03 8.10202862e-04
9.01706820e-02 9.86396046e-04 8.32009174e-04
9.05786307e-02 3.59074969e-04 8.01291467e-04
9.09865785e-02 -1.00240285e-03 7.90337977e-04
9.13945255e-02 -1.51947983e-03 8.27021444e-04
9.18024716e-02 1.57278959e-04 7.79206642e-04
9.22104168e-02 9.59971097e-04 8.19403264e-04
9.26183611e-02 3.58829154e-04 8.38402145e-04
9.30263046e-02 -9.76111335e-05 8.27646698e-04
9.34342472e-02 3.84638645e-04 8.05038266e-04
9.38421889e-02 8.20924377e-04 8.18061352e-04
9.42501297e-02 6.64581006e-04 7.82006785e-04
9.46580696e-02 -1.24369410e-04 8.06562694e-04
9.50660087e-02 1.51627139e-04 8.17174762e-04
9.54739468e-02 7.33818893e-04 8.32665174e-04
9.58818840e-02 1.37512474e-04 8.16493430e-04
9.62898203e-02 2.25772875e-04 7.94362011e-04
9.66977557e-02 -3.18821617e-04 8.08805447e-04
9.71056902e-02 -4.17997378e-05 8.07731870e-04
9.75136237e-02 -1.30648111e-04 7.95624401e-04
9.79215564e-02 1.52489541e-03 7.79314103e-04
9.83294881e-02 5.87622496e-04 7.90334776e-04
9.87374188e-02 3.35593192e-04 7.70534059e-04
9.91453487e-02 -2.95510571e-04 7.93368824e-04
9.95532775e-02 2.85292309e-04 7.79904712e-04
9.99612055e-02 1.17648469e-04 7.62034289e-04
1.00369132e-01 1.83611939e-03 7.68942918e-04
1.00777059e-01 2.36331526e-03 7.90331132e-04
1.01184984e-01 -3.29836966e-04 7.72580671e-04
1.01592908e-01 6.64539747e-05 7.67353179e-04
1.02000831e-01 -1.31001318e-04 7.41959742e-04
1.02408753e-01 -5.99670616e-04 7.48252069e-04
1.02816674e-01 4.43648154e-04 7.50492575e-04
1.03224595e-01 -1.93688193e-04 7.31667278e-04
1.03632514e-01 1.05653063e-04 7.49342670e-04
1.04040432e-01 -1.78048717e-05 7.44114005e-04
1.04448349e-01 6.29007417e-04 7.54183495e-04
1.04856266e-01 -8.33482431e-04 7.49523812e-04
1.05264181e-01 2.38073207e-03 7.54963964e-04
1.05672095e-01 2.85090329e-04 7.21281939e-04
1.06080009e-01 -4.90724660e-04 7.16933840e-04
1.06487921e-01 2.43114534e-03 7.50434920e-04
1.06895832e-01 3.01680638e-04 7.54998611e-04
1.07303743e-01 2.76331090e-04 7.56201641e-04
1.07711652e-01 1.67164680e-03 7.68959922e-04
1.08119560e-01 -2.27808935e-04 7.51016596e-04
1.08527467e-01 5.11549121e-04 7.67110252e-04
1.08935374e-01 1.26147470e-03 7.60752938e-04
1.09343279e-01 7.88926336e-04 7.71467439e-04
1.09751183e-01 3.84014303e-04 7.34276969e-04
1.10159086e-01 5.19521700e-04 7.56162619e-04
1.10566988e-01 1.42884146e-04 7.02277705e-04
1.10974889e-01 2.01937162e-03 6.97292192e-04
1.11382789e-01 -2.41066801e-04 7.44518224e-04
1.11790688e-01 7.16459942e-04 7.42675313e-04
1.12198586e-01 1.16784946e-03 7.42245904e-04
1.12606482e-01 1.27581707e-03 7.35350041e-04
1.13014378e-01 3.84496932e-04 7.38301984e-04
1.13422273e-01 6.78649614e-04 7.25291416e-04
1.13830166e-01 -1.67723527e-04 7.52905952e-04
1.14238059e-01 2.75999876e-04 7.32026912e-04
1.14645950e-01 1.51515840e-03 7.27706458e-04
1.15053840e-01 1.37997384e-03 7.52831382e-04
1.15461730e-01 -1.93349934e-04 7.37250752e-04
1.15869618e-01 1.03065790e-03 7.52012594e-04
1.16277505e-01 8.88866995e-05 7.45234840e-04
1.16685391e-01 4.17223920e-04 7.31360129e-04
1.17093275e-01 2.00140396e-03 7.41262528e-04
1.17501159e-01 1.20876675e-03 7.42450304e-04
1.17909042e-01 -6.78891920e-05 7.49582055e-04
1.18316923e-01 7.53909416e-04 7.17010308e-04
1.18724803e-01 1.15175594e-03 7.26735541e-04
1.19132683e-01 -2.19277441e-04 7.08243788e-04
1.19540561e-01 8.25387095e-04 7.19757832e-04
1.19948438e-01 8.99034606e-04 7.07468318e-04
1.20356313e-01 9.43976341e-06 7.14969757e-04
1.20764188e-01 1.54408711e-03 6.92484992e-04
1.21172062e-01 6.85006802e-04 6.87694823e-04
1.21579934e-01 1.03137974e-03 6.75669763e-04
1.21987805e-01 5.89097997e-04 6.91140573e-04
1.22395675e-01 4.16929728e-04 6.82717906e-04
1.22803544e-01 -5.62844069e-04 6.75713950e-04
1.23211412e-01 4.21595118e-05 6.79227507e-04
1.23619278e-01 -9.64539832e-05 6.73525175e-04
1.24027144e-01 -7.91869782e-04 6.82622399e-04
1.24435008e-01 -1.87296353e-04 6.88383869e-04
1.24842871e-01 6.79993110e-04 6.91542882e-04
1.25250733e-01 7.40333723e-04 6.94725561e-04
1.25658594e-01 -3.61923295e-04 6.65314675e-04
1.26066453e-01 -6.08518868e-06 6.61940027e-04
1.26474311e-01 3.94312900e-04 6.68983758e-04
1.26882168e-01 7.44777249e-04 6.78720917e-04
1.27290024e-01 -3.26857799e-04 6.76604250e-04
1.27697879e-01 4.71450515e-04 6.67512686e-04
1.28105732e-01 6.63850562e-04 6.60915221e-04
1.28513585e-01 -9.06024246e-04 6.72264803e-04
1.28921436e-01 -9.30950024e-04 6.45814848e-04
1.29329285e-01 9.04157975e-04 6.62250751e-04
1.29737134e-01 8.95781733e-04 6.67514994e-04
1.30144981e-01 -8.87125136e-04 6.41001380e-04
1.30552828e-01 1.27265826e-03 6.55947899e-04
1.30960672e-01 6.93250884e-04 6.55791589e-04
1.31368516e-01 -2.42574802e-04 6.46697602e-04
1.31776358e-01 4.15686068e-04 6.63606177e-04
1.32184200e-01 5.60046281e-04 6.53900241e-04
1.32592039e-01 2.08295534e-05 6.53954861e-04
1.32999878e-01 -7.78811352e-04 6.41419036e-04
1.33407715e-01 4.66537656e-04 6.45404231e-04
1.33815552e-01 8.67161262e-05 6.32884439e-04
1.34223386e-01 1.05690179e-04 6.15604056e-04
1.34631220e-01 6.47058215e-04 6.40502625e-04
1.35039052e-01 7.99747297e-04 6.63301850e-04
1.35446883e-01 5.81179126e-04 6.53008139e-04
1.35854713e-01 -9.37225891e-04 6.14490081e-04
1.36262541e-01 7.08019456e-04 6.27292538e-04
1.36670368e-01 3.49037649e-04 6.48502266e-04
1.37078194e-01 3.91005432e-04 6.36373887e-04
1.37486019e-01 2.84298223e-04 6.39108037e-04
1.37893842e-01 1.03242103e-03 6.30203791e-04
1.38301664e-01 -2.70949241e-04 6.17548369e-04
1.38709485e-01 1.04856728e-04 6.38252968e-04
1.39117304e-01 -1.01515886e-03 6.08525036e-04
1.39525122e-01 4.34924511e-04 6.26368810e-04
1.39932939e-01 5.01263161e-04 6.23722613e-04
1.40340754e-01 3.69175636e-04 6.26930812e-04
1.40748568e-01 -3.11239543e-04 6.15140079e-04
1.41156381e-01 4.55441534e-04 6.20687626e-04
1.41564192e-01 -5.41347179e-05 6.12174579e-04
1.41972002e-01 -9.92432870e-04 6.08086416e-04
1.42379811e-01 -8.84558850e-04 6.17869303e-04
1.42787618e-01 -2.47775712e-04 6.21828469e-04
1.43195424e-01 5.04617051e-04 6.35051816e-04
1.43603228e-01 -8.74576709e-04 6.24380812e-04
1.44011032e-01 5.36455130e-04 6.24140433e-04
1.44418833e-01 9.47322938e-04 6.33422337e-04
1.44826634e-01 8.53495223e-05 6.42747252e-04
1.45234433e-01 1.46306923e-04 6.18652960e-04
1.45642231e-01 1.73409595e-04 6.15327254e-04
1.46050027e-01 6.19423935e-04 6.26890064e-04
1.46457822e-01 9.82610736e-04 6.33775860e-04
1.46865616e-01 -6.50388908e-04 6.30847674e-04
1.47273408e-01 -1.08108422e-04 6.39859588e-04
1.47681199e-01 4.29063543e-05 6.57853088e-04
1.48088988e-01 -6.51807384e-04 6.39399662e-04
1.48496776e-01 4.46268256e-04 6.61840164e-04
1.48904563e-01 1.93557522e-04 6.39378464e-04
1.49312348e-01 -5.69813201e-05 6.18820391e-04
1.49720132e-01 2.88213049e-04 5.99641610e-04
1.50127914e-01 1.89531247e-04 6.07998574e-04
1.50535695e-01 1.51310626e-03 6.05538877e-04
1.50943474e-01 -5.85252414e-04 6.00876909e-04
1.51351252e-01 7.73221010e-04 6.11686757e-04
1.51759029e-01 6.52917416e-05 6.02095038e-04
1.52166804e-01 7.76762660e-04 6.07797125e-04
1.52574578e-01 5.26978459e-04 6.04258783e-04
1.52982350e-01 -4.73583138e-04 5.98054978e-04
1.53390121e-01 -7.44884259e-04 6.00679459e-04
1.53797890e-01 -1.77972904e-04 6.00411660e-04
1.54205658e-01 2.18665392e-04 5.89867934e-04
1.54613425e-01 -6.12746991e-05 5.84689483e-04
1.55021190e-01 -4.21271710e-04 6.06489143e-04
1.55428953e-01 1.38438037e-03 6.07917719e-04
1.55836716e-01 -1.42210312e-05 5.98409696e-04
1.56244476e-01 8.76338231e-05 6.02215974e-04
1.56652235e-01 -1.36456658e-05 6.05752961e-04
1.57059993e-01 -2.36242999e-04 5.84502936e-04
1.57467749e-01 3.20341821e-04 5.81730131e-04
1.57875504e-01 1.16177893e-03 6.11517892e-04
1.58283257e-01 1.33397257e-03 6.00851847e-04
1.58691008e-01 1.26777140e-04 5.71681488e-04
1.59098758e-01 3.84397160e-04 5.61595542e-04
1.59506507e-01 3.74247372e-04 5.78574076e-04
1.59914254e-01 -7.08163337e-04 5.56367173e-04
1.60322000e-01 -3.60383207e-05 5.76138014e-04
1.60729744e-01 1.97768552e-03 5.88299729e-04
1.61137486e-01 2.03613012e-04 5.73569962e-04
1.61545228e-01 9.12958638e-04 5.75711258e-04
1.61952967e-01 -2.00573894e-04 5.67795015e-04
1.62360705e-01 1.02410047e-04 5.64181647e-04
1.62768441e-01 7.68665758e-04 5.82301117e-04
1.63176176e-01 9.58542786e-04 5.68895252e-04
1.63583910e-01 -1.16518419e-03 5.63947862e-04
1.63991641e-01 5.96202208e-04 5.73795595e-04
1.64399372e-01 5.76123096e-04 5.79831365e-04
1.64807100e-01 1.89773261e-03 5.86091953e-04
1.65214827e-01 1.16321170e-03 5.67643233e-04
1.65622553e-01 -2.23218574e-05 5.62615302e-04
1.66030277e-01 2.68273098e-04 5.55138591e-04
1.66437999e-01 -6.60494922e-04 5.64541860e-04
1.66845720e-01 -1.92751489e-04 5.74718609e-04
1.67253439e-01 6.27234201e-04 5.43202400e-04
1.67661157e-01 -3.27680067e-04 5.53241590e-04
1.68068873e-01 -3.46157991e-04 5.56034130e-04
1.68476588e-01 -9.24577064e-05 5.50181686e-04
1.68884301e-01 3.43638280e-04 5.58068640e-04
1.69292012e-01 7.23656342e-04 5.47269792e-04
1.69699721e-01 -3.26209275e-04 5.35173239e-04
1.70107430e-01 8.60770809e-05 5.39726172e-04
1.70515136e-01 5.52772643e-04 5.29522902e-04
1.70922841e-01 -8.36101385e-04 5.50349638e-04
1.71330544e-01 7.37604701e-04 5.50800672e-04
1.71738246e-01 -2.57908961e-04 5.47957193e-04
1.72145946e-01 4.84131279e-04 5.45374343e-04
1.72553644e-01 1.19978385e-04 5.55428811e-04
1.72961341e-01 5.64219736e-04 5.46507823e-04
1.73369036e-01 5.21236413e-04 5.38578584e-04
1.73776729e-01 6.43941940e-04 5.51126985e-04
1.74184421e-01 -6.02741101e-04 5.37557263e-04
1.74592111e-01 -4.83777276e-05 5.55241151e-04
1.74999799e-01 -3.72823810e-04 5.53452037e-04
1.75407486e-01 -3.43432123e-04 5.37443145e-04
1.75815171e-01 3.92441245e-05 5.49246768e-04
1.76222855e-01 2.08188674e-04 5.30871565e-04
1.76630537e-01 -4.65555861e-04 5.41044628e-04
1.77038217e-01 2.25243788e-04 5.29529709e-04
1.77445895e-01 5.29271934e-04 5.32811346e-04
1.77853572e-01 2.55527877e-04 5.39419028e-04
1.78261247e-01 -6.30302770e-04 5.24915475e-04
1.78668921e-01 6.47816333e-04 5.38901392e-04
1.79076592e-01 5.54753617e-04 5.25854873e-04
1.79484262e-01 2.77114568e-04 5.36428885e-04
1.79891931e-01 -8.01456668e-04 5.34281347e-04
1.80299597e-01 -4.38990811e-05 5.16822376e-04
1.80707262e-01 7.81694470e-04 5.26626813e-04
1.81114925e-01 4.70858214e-04 5.42606201e-04
1.81522587e-01 8.12374911e-04 5.22926841e-04
1.81930247e-01 4.94581252e-05 5.29652362e-04
1.82337905e-01 7.82521049e-04 5.19794638e-04
1.82745561e-01 -1.23775280e-04 5.25247134e-04
1.83153215e-01 -3.17386850e-04 5.14463992e-04
1.83560868e-01 -3.12253155e-04 5.14445377e-04
1.83968519e-01 1.30240011e-04 5.14302490e-04
1.84376169e-01 4.72264713e-04 5.16053837e-04
1.84783816e-01 2.28626405e-04 5.14809269e-04
1.85191462e-01 8.10254054e-04 5.16937276e-04
1.85599106e-01 8.89369673e-04 5.39451812e-04
1.86006749e-01 7.73681379e-05 5.20324621e-04
1.86414389e-01 2.65321177e-04 5.17566196e-04
1.86822028e-01 2.95595652e-04 5.32154550e-04
1.87229665e-01 -2.40301390e-04 5.12791282e-04
1.87637300e-01 -6.62338910e-05 5.13639319e-04
1.88044934e-01 9.40089579e-05 5.12610738e-04
1.88452566e-01 1.21040923e-04 5.08657606e-04
1.88860195e-01 4.06618605e-04 5.16255366e-04
1.89267824e-01 3.82124582e-04 5.16312686e-04
1.89675450e-01 -7.68930969e-05 5.17434302e-04
1.90083074e-01 7.96318752e-04 5.16964070e-04
1.90490697e-01 2.82856253e-04 5.08162349e-04
1.90898318e-01 -2.63776207e-04 5.05096857e-04
1.91305937e-01 5.73021828e-04 5.05319406e-04
1.91713555e-01 8.17853911e-04 5.03323321e-04
1.92121170e-01 8.68984554e-04 5.08433750e-04
1.92528784e-01 4.30242002e-04 4.98814814e-04
1.92936396e-01 2.70580925e-04 5.07493832e-04
1.93344006e-01 4.99565434e-04 5.15727521e-04
1.93751614e-01 4.12505274e-04 5.15645293e-04
1.94159220e-01 1.96978148e-04 4.90432968e-04
1.94566825e-01 -1.87091831e-04 5.05568213e-04
1.94974427e-01 1.16816754e-04 5.08480703e-04
1.95382028e-01 5.48533162e-04 4.97911574e-04
1.95789627e-01 4.03274871e-05 4.88491282e-04
1.96197224e-01 4.17930579e-04 4.97081905e-04
1.96604820e-01 -3.13815139e-04 4.98130416e-04
1.97012413e-01 -4.77727709e-04 4.95061417e-04
1.97420005e-01 3.61590211e-04 5.06978873e-04
1.97827594e-01 4.80328194e-04 4.98181576e-04
1.98235182e-01 8.72605208e-04 5.02957617e-04
1.98642768e-01 -4.03363116e-04 4.94890767e-04
1.99050352e-01 1.33059591e-04 5.01064919e-04
1.99457934e-01 5.29877572e-04 5.13007032e-04
1.99865514e-01 1.22871581e-03 5.06328275e-04
2.00273093e-01 4.66498005e-04 5.12866225e-04
2.00680669e-01 -4.22458598e-04 5.07224236e-04
2.01088244e-01 -3.98531101e-04 5.03454269e-04
2.01495816e-01 -6.04903414e-04 5.15902311e-04
2.01903387e-01 -2.51967198e-04 5.05103456e-04
2.02310956e-01 4.76144673e-05 5.13863185e-04
2.02718523e-01 -4.94915749e-04 5.04406973e-04
2.03126088e-01 -4.19632164e-04 5.04501385e-04
2.03533651e-01 4.13218507e-04 5.08027570e-04
2.03941212e-01 6.64896940e-04 5.13490568e-04
2.04348771e-01 4.74629214e-04 5.04401998e-04
2.04756329e-01 5.46324975e-04 5.12683484e-04
2.05163884e-01 1.68124985e-03 4.98666918e-04
2.05571438e-01 1.14004390e-04 4.97466988e-04
2.05978989e-01 -3.72541069e-04 4.96063423e-04
2.06386539e-01 -3.22523080e-04 4.92269956e-04
2.06794086e-01 -3.00115671e-04 4.90939111e-04
2.07201632e-01 5.47946168e-04 4.89571189e-04
2.07609175e-01 7.43710858e-04 4.95345163e-04
2.08016717e-01 6.42804117e-05 4.88482831e-04
2.08424257e-01 3.45363116e-04 4.79930497e-04
2.08831794e-01 -7.34544242e-04 4.76594032e-04
2.09239330e-01 -1.50204882e-04 4.76014691e-04
2.09646864e-01 -4.65460428e-05 4.85711530e-04
2.10054396e-01 -4.01410586e-04 4.92448910e-04
2.10461925e-01 -6.99842810e-04 4.78280278e-04
2.10869453e-01 3.68265003e-04 4.77032621e-04
2.11276979e-01 -3.90934226e-05 4.79397450e-04
2.11684503e-01 -7.89667374e-04 4.89485646e-04
2.12092025e-01 8.79558061e-05 4.71770017e-04
2.12499544e-01 4.55830216e-05 4.77996006e-04
2.12907062e-01 5.45148727e-04 4.77711612e-04
2.13314578e-01 4.05062229e-04 4.75918327e-04
2.13722092e-01 6.46676184e-04 4.87738095e-04
2.14129603e-01 3.40950546e-04 4.82510857e-04
2.14537113e-01 -4.60958085e-04 4.71396067e-04
2.14944621e-01 -1.42314082e-04 4.79832691e-04
2.15352126e-01 5.97912766e-04 4.75557336e-04
2.15759630e-01 7.60353632e-05 4.67319830e-04
2.16167131e-01 -5.87602191e-04 4.73343591e-04
2.16574631e-01 9.05881441e-04 4.73428017e-04
2.16982128e-01 1.28851335e-03 4.74366086e-04
2.17389624e-01 2.96910545e-04 4.85061529e-04
2.17797117e-01 -3.08898432e-04 4.75891942e-04
2.18204608e-01 -1.76562333e-04 4.70268500e-04
2.18612098e-01 5.47340438e-04 4.56651902e-04
2.19019585e-01 3.89307822e-04 4.73798314e-04
2.19427070e-01 -1.92682713e-04 4.63202173e-04
2.19834553e-01 2.08859584e-04 4.60242217e-04
2.20242034e-01 4.36151352e-04 4.66069903e-04
2.20649512e-01 6.31965342e-04 4.71623835e-04
2.21056989e-01 4.31044222e-04 4.62059837e-04
2.21464464e-01 1.51361863e-04 4.65110842e-04
2.21871936e-01 -3.54267612e-04 4.67415729e-04
2.22279407e-01 4.27359770e-04 4.69586805e-04
2.22686875e-01 1.01226474e-03 4.64712912e-04
2.23094341e-01 5.41852914e-04 4.59736648e-04
2.23501805e-01 -2.76711476e-04 4.56781366e-04
2.23909267e-01 2.91321641e-04 4.59481618e-04
2.24316727e-01 9.68892307e-04 4.75156987e-04
2.24724185e-01 2.71731067e-04 4.56244536e-04
2.25131641e-01 2.86360688e-04 4.64163791e-04
2.25539094e-01 -1.55832889e-04 4.62403058e-04
2.25946545e-01 3.82370973e-04 4.54700105e-04
2.26353995e-01 -4.41311008e-05 4.43361192e-04
2.26761442e-01 2.83917565e-04 4.55752089e-04
2.27168887e-01 -5.02915888e-04 4.54343840e-04
2.27576329e-01 2.90884803e-04 4.52455839e-04
2.27983770e-01 -1.45921029e-04 4.53907677e-04
2.28391208e-01 3.52795944e-04 4.58616854e-04
2.28798645e-01 -6.17480215e-04 4.60596643e-04
2.29206079e-01 2.48981290e-04 4.60661897e-04
2.29613511e-01 8.95639172e-04 4.65257204e-04
2.30020941e-01 -1.71864343e-04 4.52496401e-04
2.30428368e-01 -1.30001409e-03 4.51502506e-04
2.30835794e-01 -8.80267273e-05 4.64052007e-04
2.31243217e-01 3.64132980e-04 4.65402465e-04
2.31650638e-01 6.03831674e-04 4.55172462e-04
2.32058057e-01 -1.06982266e-03 4.69132994e-04
2.32465473e-01 2.46919556e-04 4.61505939e-04
2.32872888e-01 -3.47992878e-04 4.75861669e-04
2.33280300e-01 9.27777145e-05 4.56840969e-04
2.33687710e-01 3.62727070e-04 4.66813521e-04
2.34095118e-01 3.92840653e-04 4.64442532e-04
2.34502524e-01 6.01333305e-04 4.67357083e-04
2.34909927e-01 5.62564228e-04 4.70626738e-04
2.35317328e-01 3.42194918e-04 4.59361591e-04
2.35724727e-01 4.04169485e-04 4.53516834e-04
2.36132124e-01 2.08138717e-04 4.50915110e-04
2.36539518e-01 5.62901294e-04 4.51450122e-04
2.36946911e-01 6.04165781e-04 4.50027272e-04
2.37354301e-01 6.76432991e-04 4.50987983e-04
2.37761688e-01 -3.98963304e-05 4.52275319e-04
2.38169074e-01 -4.95029814e-06 4.51244860e-04
2.38576457e-01 -1.24383216e-04 4.47083667e-04
2.38983838e-01 -1.08002710e-05 4.50365690e-04
2.39391217e-01 2.64709449e-04 4.44351200e-04
2.39798593e-01 -8.95836630e-05 4.44177129e-04
2.40205967e-01 3.46507789e-04 4.43554915e-04
2.40613339e-01 -1.51197525e-04 4.48927551e-04
2.41020709e-01 2.27022709e-04 4.47659870e-04
2.41428076e-01 6.01933990e-04 4.36591861e-04
2.41835441e-01 3.86728896e-04 4.52733708e-04
2.42242804e-01 3.61353658e-04 4.47227527e-04
2.42650165e-01 9.48709083e-04 4.44259571e-04
2.43057523e-01 -1.13475919e-04 4.36481639e-04
2.43464879e-01 -8.88516831e-05 4.36210078e-04
2.43872232e-01 -3.55507186e-05 4.45692109e-04
2.44279584e-01 2.82995369e-04 4.40285642e-04
2.44686933e-01 5.46534622e-05 4.29668698e-04
2.45094279e-01 4.46219954e-04 4.45638431e-04
2.45501624e-01 -3.56539534e-04 4.31882055e-04
2.45908966e-01 1.79414969e-04 4.36641838e-04
2.46316305e-01 3.20912433e-04 4.38029537e-04
2.46723643e-01 -3.07874429e-05 4.41848755e-04
2.47130978e-01 -3.51343622e-04 4.26462558e-04
2.47538310e-01 -1.03746149e-04 4.31394645e-04
2.47945641e-01 -5.55323755e-04 4.25037445e-04
2.48352969e-01 6.93836634e-04 4.30518124e-04
2.48760294e-01 4.29399813e-04 4.29671816e-04
2.49167618e-01 -3.32265707e-04 4.30763170e-04
2.49574939e-01 4.84144924e-04 4.35741064e-04
2.49982257e-01 1.56552967e-04 4.28647577e-04
2.50389573e-01 2.61842469e-04 4.30528825e-04
2.50796887e-01 5.26834815e-04 4.39897685e-04
2.51204199e-01 2.27863769e-04 4.28174047e-04
2.51611508e-01 -5.44183030e-05 4.28480500e-04
2.52018815e-01 -5.25356343e-04 4.20578568e-04
2.52426119e-01 -6.16946380e-05 4.26092373e-04
2.52833421e-01 1.00400175e-05 4.26782382e-04
2.53240720e-01 9.43481574e-04 4.29637721e-04
2.53648017e-01 7.49038746e-04 4.43730465e-04
2.54055312e-01 6.30258922e-04 4.28215958e-04
2.54462605e-01 2.58387729e-04 4.28298859e-04
2.54869894e-01 1.16496620e-04 4.18361756e-04
2.55277182e-01 1.13451485e-04 4.18462362e-04
2.55684467e-01 1.03016851e-04 4.28684783e-04
2.56091750e-01 1.98626573e-04 4.17096390e-04
2.56499030e-01 -3.72944020e-04 4.21392240e-04
2.56906308e-01 3.25823834e-04 4.22845434e-04
2.57313583e-01 2.79448883e-04 4.25517963e-04
2.57720856e-01 3.83022565e-04 4.16360442e-04
2.58128127e-01 -4.05059819e-04 4.09933735e-04
2.58535395e-01 1.79158539e-04 4.20949676e-04
2.58942661e-01 -1.08317181e-04 4.24547876e-04
2.59349924e-01 8.34639878e-04 4.24507476e-04
2.59757184e-01 5.99313979e-05 4.19830528e-04
2.60164443e-01 3.53083913e-04 4.25891364e-04
2.60571699e-01 -4.94332390e-04 4.15256504e-04
2.60978952e-01 8.95783455e-04 4.21036503e-04
2.61386203e-01 4.79672332e-04 4.25438030e-04
2.61793451e-01 1.60107499e-04 4.15074837e-04
2.62200697e-01 1.32216987e-04 4.11267296e-04
2.62607941e-01 8.88078541e-04 4.14444979e-04
2.63015182e-01 6.90474656e-05 4.15231475e-04
2.63422420e-01 -7.33082670e-05 4.08475590e-04
2.63829656e-01 2.66381543e-04 4.21905888e-04
2.64236890e-01 2.40855578e-04 4.15197670e-04
2.64644121e-01 -1.40409211e-05 4.08635339e-04
2.65051349e-01 -1.65648122e-04 4.12514868e-04
2.65458575e-01 -7.81328734e-05 4.03172465e-04
2.65865799e-01 -2.55934256e-04 3.98827741e-04
2.66273019e-01 6.91745562e-04 4.15845700e-04
2.66680238e-01 8.47165503e-04 4.20904923e-04
2.67087454e-01 3.77752132e-04 4.13009058e-04
2.67494667e-01 9.51265946e-04 4.16149106e-04
2.67901878e-01 -8.30705843e-05 4.01226412e-04
2.68309086e-01 -1.55004224e-04 4.06658701e-04
2.68716292e-01 -4.03673653e-04 3.98864817e-04
2.69123495e-01 -4.90678677e-04 4.05121959e-04
2.69530696e-01 3.67490984e-05 4.03958508e-04
2.69937894e-01 4.37616939e-04 4.09115985e-04
2.70345090e-01 9.04502433e-04 4.13140157e-04
2.70752283e-01 -4.02246369e-04 4.04620114e-04
2.71159473e-01 -1.64211465e-04 4.01740591e-04
2.71566661e-01 8.77618756e-04 4.14687321e-04
2.71973847e-01 3.34338713e-04 4.03086587e-04
2.72381030e-01 -1.20933147e-04 4.07407384e-04
2.72788210e-01 -5.54599981e-04 4.02720565e-04
2.73195387e-01 -2.88501685e-05 4.10567578e-04
2.73602562e-01 -2.46312588e-04 3.98428719e-04
2.74009735e-01 -4.20460602e-04 3.97622833e-04
2.74416905e-01 -1.11403560e-03 3.95075498e-04
2.74824072e-01 -2.28188274e-04 3.92159050e-04
2.75231237e-01 -1.32867895e-04 3.97833329e-04
2.75638399e-01 -5.11625403e-04 3.91292901e-04
2.76045558e-01 -5.56925027e-04 4.01838426e-04
2.76452715e-01 -2.90539360e-04 3.95914780e-04
2.76859869e-01 3.09731777e-04 3.99279291e-04
2.77267021e-01 -3.24586602e-04 3.98389350e-04
2.77674170e-01 3.20701815e-04 4.05945684e-04
2.78081316e-01 -2.96315124e-04 3.92114193e-04
2.78488460e-01 5.90837214e-04 4.00372351e-04
2.78895601e-01 1.41802459e-04 4.00223663e-04
2.79302740e-01 -3.21634938e-04 3.89730456e-04
2.79709875e-01 -8.93546731e-05 3.89422081e-04
2.80117009e-01 9.60663488e-05 4.00957232e-04
2.80524139e-01 -1.39657736e-04 4.01221598e-04
2.80931267e-01 2.84966615e-04 3.98898159e-04
2.81338392e-01 -9.22840684e-05 3.90952445e-04
2.81745515e-01 3.04124407e-04 3.87685102e-04
2.82152635e-01 3.41040940e-04 3.98547809e-04
2.82559752e-01 5.61843902e-04 3.96749455e-04
2.82966866e-01 2.37231985e-04 3.95873836e-04
2.83373978e-01 7.30192314e-04 3.89366856e-04
2.83781088e-01 1.14766424e-04 3.94697742e-04
2.84188194e-01 6.08269383e-05 3.95524908e-04
2.84595298e-01 4.89272735e-04 4.02281443e-04
2.85002399e-01 -1.58845567e-04 3.95811916e-04
2.85409497e-01 2.30762689e-04 3.90873507e-04
2.85816593e-01 -1.55740526e-04 3.92357735e-04
2.86223686e-01 3.27220479e-04 3.92498870e-04
2.86630777e-01 3.58006044e-04 4.00993005e-04
2.87037864e-01 5.45481371e-05 3.95936024e-04
2.87444949e-01 5.47872238e-04 4.00694844e-04
2.87852031e-01 1.02622543e-03 3.99877218e-04
2.88259111e-01 3.54555658e-04 3.95974187e-04
2.88666188e-01 1.38709049e-04 3.99897315e-04
2.89073262e-01 -2.39832967e-04 3.96747469e-04
2.89480333e-01 8.00070727e-04 4.00857113e-04
2.89887401e-01 4.42756591e-04 4.03020424e-04
2.90294467e-01 2.50131661e-04 4.03670256e-04
2.90701530e-01 2.66296952e-04 3.97492932e-04
2.91108591e-01 3.10528108e-04 3.96181048e-04
2.91515648e-01 -3.68695780e-04 3.94300865e-04
2.91922703e-01 6.68653465e-04 4.00099923e-04
2.92329755e-01 1.62885247e-04 3.91904973e-04
2.92736804e-01 -1.06742813e-03 3.85027321e-04
2.93143851e-01 -6.54805002e-06 3.86549486e-04
2.93550895e-01 5.08347541e-04 3.93386652e-04
2.93957936e-01 -1.04430873e-05 3.88258199e-04
2.94364974e-01 2.58709712e-04 3.91508445e-04
2.94772009e-01 3.95509429e-04 3.92808534e-04
2.95179042e-01 -3.18756919e-04 3.88761358e-04
2.95586072e-01 4.58206117e-04 3.93705045e-04
2.95993099e-01 -1.94767773e-04 3.96387863e-04
2.96400123e-01 4.19259547e-04 3.85566041e-04
2.96807145e-01 4.46336557e-04 3.92358477e-04
2.97214163e-01 1.49303535e-04 3.97001333e-04
2.97621179e-01 7.69797485e-04 3.90518406e-04
2.98028192e-01 1.61638577e-04 3.89307282e-04
2.98435202e-01 -4.29158050e-04 3.87039224e-04
2.98842210e-01 7.81782795e-06 3.84584227e-04
2.99249214e-01 8.91051670e-06 3.91260743e-04
2.99656216e-01 2.37798640e-04 3.94695586e-04
3.00063215e-01 1.43177953e-04 3.98909563e-04
3.00470211e-01 -8.98485974e-05 3.93348350e-04
3.00877204e-01 4.16259239e-04 3.99648411e-04
3.01284194e-01 2.70538119e-04 3.88766682e-04
3.01691182e-01 5.24433285e-04 3.95947797e-04
3.02098167e-01 -3.21955656e-04 3.89915281e-04
3.02505149e-01 3.53656856e-04 3.85908780e-04
3.02912128e-01 2.32341018e-05 3.93929831e-04
3.03319104e-01 -1.98002549e-04 3.98545635e-04
3.03726077e-01 9.71447509e-05 4.05807803e-04
3.04133047e-01 3.08970811e-04 3.93402324e-04
3.04540015e-01 6.43365415e-04 3.94045258e-04
3.04946979e-01 -1.96725029e-04 3.86650781e-04
3.05353941e-01 -1.12409299e-04 3.89690847e-04
3.05760900e-01 1.23912617e-04 3.92386439e-04
3.06167856e-01 7.41101234e-04 3.85777933e-04
3.06574809e-01 -1.00139420e-04 3.95212469e-04
3.06981759e-01 -1.15053172e-04 3.87450054e-04
3.07388706e-01 4.19134219e-04 3.96860631e-04
3.07795651e-01 4.95960116e-04 3.85684804e-04
3.08202592e-01 -4.32820076e-04 3.89138583e-04
3.08609531e-01 3.15787949e-04 4.02838260e-04
3.09016466e-01 1.49656197e-04 3.95691002e-04
3.09423399e-01 3.54027216e-05 3.98402475e-04
3.09830329e-01 1.16792519e-04 3.99710939e-04
3.10237256e-01 -3.80885014e-04 3.91936106e-04
3.10644180e-01 4.51819520e-04 3.97953159e-04
3.11051101e-01 4.04039908e-04 3.91746710e-04
3.11458019e-01 -2.23159468e-05 4.02765571e-04
3.11864934e-01 -2.21309101e-04 3.97014227e-04
3.12271846e-01 9.91330129e-05 3.94001888e-04
3.12678755e-01 4.34236108e-05 4.04234473e-04
3.13085661e-01 1.81580729e-04 4.07940406e-04
3.13492565e-01 -3.61515661e-04 3.99264556e-04
3.13899465e-01 2.69569502e-04 4.01974027e-04
3.14306362e-01 1.95835039e-04 3.99600576e-04
3.14713257e-01 9.92107420e-05 4.12063274e-04
3.15120148e-01 2.90447603e-04 4.09749867e-04
3.15527037e-01 4.89392800e-04 4.11036005e-04
3.15933922e-01 2.09931522e-04 4.11275918e-04
3.16340805e-01 -9.53673076e-05 4.50276670e-04
3.16747684e-01 6.54006602e-04 4.82135327e-04
3.17154561e-01 1.68937566e-03 5.21970423e-04
3.17561434e-01 9.83280474e-05 5.41815925e-04
3.17968305e-01 4.58932593e-04 5.88327587e-04
3.18375172e-01 5.86497002e-04 6.06210247e-04
3.18782037e-01 -6.46021470e-04 6.24670735e-04
3.19188898e-01 2.32308382e-04 6.54220880e-04
3.19595757e-01 4.23730305e-04 6.74647277e-04
3.20002612e-01 -4.00016059e-04 7.02827578e-04
3.20409465e-01 -8.15958351e-05 7.75558636e-04
3.20816314e-01 8.49234626e-04 8.40444297e-04
3.21223160e-01 1.84394301e-03 9.68205000e-04
3.21630004e-01 2.86805399e-03 1.11269867e-03
3.22036844e-01 7.36435850e-04 1.32731144e-03
3.22443681e-01 3.53804590e-03 1.92103450e-03
3.22850516e-01 5.36531548e-03 4.76391755e-03
