4.08043586e-03 -8.34049197e-02 2.83986275e-02
4.48847930e-03 -9.14338865e-02 2.74318661e-02
4.89652269e-03 -6.64951746e-02 2.01687671e-02
5.30456604e-03 -6.53577588e-02 1.38777495e-02
5.71260934e-03 -3.63443518e-02 1.07992746e-02
6.12065258e-03 -3.05345163e-02 8.63246993e-03
6.52869577e-03 -2.98687135e-02 7.28761341e-03
6.93673889e-03 -1.86571512e-02 6.15093073e-03
7.34478195e-03 -4.74767031e-03 5.76608710e-03
7.75282494e-03 -1.81605766e-02 5.29183746e-03
8.16086785e-03 -1.80757308e-02 4.83412517e-03
8.56891069e-03 -1.73090534e-02 4.01560987e-03
8.97695345e-03 -5.90849954e-03 4.02457207e-03
9.38499612e-03 -2.68814885e-03 3.87423971e-03
9.79303870e-03 -4.48883036e-03 3.42512528e-03
1.02010812e-02 -2.16727800e-03 3.35056523e-03
1.06091236e-02 -3.96109155e-03 3.23865692e-03
1.10171659e-02 -7.40151188e-03 2.95227742e-03
1.14252081e-02 -2.37323151e-03 2.94101400e-03
1.18332501e-02 -4.04391873e-03 2.78713204e-03
1.22412921e-02 -4.74300092e-03 2.79795975e-03
1.26493339e-02 -5.79031719e-03 2.70140325e-03
1.30573757e-02 -2.65746709e-03 2.52550661e-03
1.34654173e-02 -1.58600396e-04 2.32213992e-03
1.38734588e-02 -2.09456848e-03 2.36391643e-03
1.42815001e-02 -2.63484067e-03 2.26528694e-03
1.46895413e-02 4.89956408e-05 2.31345197e-03
1.50975824e-02 -1.10688573e-03 2.19594191e-03
1.55056233e-02 1.18545850e-03 2.22433947e-03
1.59136641e-02 1.27116035e-03 2.06635006e-03
1.63217047e-02 -1.54763346e-03 1.96259991e-03
1.67297452e-02 2.32173383e-03 1.93766893e-03
1.71377855e-02 1.78397095e-03 1.93480584e-03
1.75458257e-02 3.78566974e-03 1.95764622e-03
1.79538657e-02 -4.62524807e-04 1.96097965e-03
1.83619055e-02 2.45796620e-04 1.92905743e-03
1.87699451e-02 2.59461337e-03 1.88938942e-03
1.91779846e-02 1.17529437e-03 1.95791865e-03
1.95860239e-02 -1.85726770e-03 1.77457865e-03
1.99940630e-02 4.01616292e-03 1.87679858e-03
2.04021019e-02 -2.01212869e-03 1.69807991e-03
2.08101406e-02 1.92595730e-03 1.81140369e-03
2.12181791e-02 -8.02608720e-04 1.67537871e-03
2.16262174e-02 -5.27374881e-04 1.86998829e-03
2.20342555e-02 -2.11464282e-04 1.67813970e-03
2.24422934e-02 -6.04807929e-04 1.63509750e-03
2.28503311e-02 -3.59102324e-04 1.72525870e-03
2.32583686e-02 -1.36393691e-03 1.69640721e-03
2.36664058e-02 -2.82307778e-03 1.58957291e-03
2.40744429e-02 1.01115280e-03 1.58600730e-03
2.44824797e-02 1.61577099e-03 1.63087919e-03
2.48905162e-02 -1.36290047e-03 1.65287215e-03
2.52985525e-02 8.93788747e-05 1.70544921e-03
2.57065886e-02 3.52289989e-03 1.83826090e-03
2.61146245e-02 1.82486841e-03 1.65335989e-03
2.65226601e-02 9.39121799e-04 1.67624383e-03
2.69306954e-02 2.62965411e-04 1.76094895e-03
2.73387305e-02 1.84976419e-04 1.63496601e-03
2.77467653e-02 4.60221736e-04 1.61972446e-03
2.81547999e-02 -5.10576152e-03 1.61288806e-03
2.85628342e-02 -4.16731220e-03 1.56278350e-03
2.89708682e-02 -2.72582039e-03 1.79395086e-03
2.93789020e-02 3.98610829e-04 1.63936473e-03
2.97869355e-02 1.12258458e-03 1.65971344e-03
3.01949687e-02 -1.85822055e-03 1.56988067e-03
3.06030016e-02 -1.10236014e-03 1.62162170e-03
3.10110342e-02 8.07194630e-05 1.56650360e-03
3.14190665e-02 1.31571926e-03 1.58840661e-03
3.18270985e-02 4.74696925e-04 1.66311518e-03
3.22351302e-02 1.57434243e-03 1.50829460e-03
3.26431617e-02 -6.90588307e-04 1.55897606e-03
3.30511928e-02 -5.64794371e-04 1.50174768e-03
3.34592236e-02 -5.43736250e-05 1.46003987e-03
3.38672540e-02 1.78153790e-03 1.43139810e-03
3.42752842e-02 2.04983986e-03 1.52922083e-03
3.46833140e-02 1.04778534e-03 1.48427388e-03
3.50913435e-02 7.27325836e-04 1.46063642e-03
3.54993727e-02 1.76482969e-03 1.43052255e-03
3.59074015e-02 -1.79721834e-04 1.37550231e-03
3.63154300e-02 -2.68362351e-03 1.33946753e-03
3.67234581e-02 -2.61413951e-03 1.34374560e-03
3.71314859e-02 -1.14826198e-03 1.36822198e-03
3.75395134e-02 1.36848553e-03 1.32190235e-03
3.79475405e-02 -1.13670467e-03 1.33992618e-03
3.83555672e-02 -2.00863281e-03 1.41968531e-03
3.87635935e-02 -2.20541705e-04 1.37482941e-03
3.91716195e-02 -5.63265097e-04 1.25853821e-03
3.95796452e-02 -1.20753773e-03 1.31120500e-03
3.99876704e-02 2.90625400e-04 1.34617485e-03
4.03956953e-02 8.38568947e-04 1.31765888e-03
4.08037198e-02 -1.05354303e-03 1.28645009e-03
4.12117439e-02 -7.61481490e-05 1.27814341e-03
4.16197676e-02 1.39345589e-03 1.23150717e-03
4.20277909e-02 1.31267709e-03 1.29390233e-03
4.24358138e-02 -2.93900819e-04 1.23558169e-03
4.28438363e-02 -4.08452113e-04 1.24279536e-03
4.32518584e-02 -2.11111931e-04 1.21357802e-03
4.36598801e-02 -2.49148220e-03 1.16550938e-03
4.40679014e-02 -8.71552179e-04 1.24804594e-03
4.44759222e-02 5.64605785e-04 1.18594910e-03
4.48839427e-02 1.42786335e-04 1.14628708e-03
4.52919627e-02 4.09247892e-04 1.15646046e-03
4.56999823e-02 -7.69090709e-05 1.25124800e-03
4.61080014e-02 -5.69542083e-04 1.18216650e-03
4.65160201e-02 -9.20762413e-05 1.19976357e-03
4.69240384e-02 -1.32121266e-04 1.17865730e-03
4.73320562e-02 -2.41273101e-04 1.19821711e-03
4.77400736e-02 1.19597321e-03 1.18713678e-03
4.81480905e-02 1.76703183e-03 1.24730944e-03
4.85561070e-02 1.44099367e-04 1.15979037e-03
4.89641230e-02 1.02204030e-03 1.12607422e-03
4.93721385e-02 -4.98276978e-04 1.17979320e-03
4.97801536e-02 7.58851406e-04 1.12916018e-03
5.01881682e-02 -5.07515647e-04 1.13110411e-03
5.05961823e-02 5.97756522e-04 1.13824245e-03
5.10041960e-02 1.51354958e-03 1.12869557e-03
5.14122091e-02 1.40370870e-03 1.16291849e-03
5.18202218e-02 -8.30691759e-05 1.13860739e-03
5.22282340e-02 5.17490910e-05 1.07212093e-03
5.26362457e-02 -5.89917576e-04 1.09169687e-03
5.30442569e-02 -2.89112111e-04 1.09522863e-03
5.34522675e-02 2.45422479e-03 1.09083060e-03
5.38602777e-02 9.05032168e-04 1.10245551e-03
5.42682874e-02 9.75138023e-04 1.08850148e-03
5.46762965e-02 -6.09918300e-05 1.10173500e-03
5.50843052e-02 -1.03502276e-03 1.05161247e-03
5.54923133e-02 1.61745203e-03 1.07753149e-03
5.59003208e-02 4.63794621e-04 1.14293654e-03
5.63083279e-02 -1.42699567e-04 1.10769903e-03
5.67163344e-02 -7.51209121e-04 1.09887910e-03
5.71243404e-02 -1.28772794e-03 1.10723499e-03
5.75323458e-02 2.17600520e-03 1.08861461e-03
5.79403507e-02 2.68890426e-03 1.14772489e-03
5.83483551e-02 1.79637573e-03 1.13997587e-03
5.87563588e-02 1.49266450e-05 1.12166113e-03
5.91643621e-02 -5.31049674e-04 1.07472365e-03
5.95723647e-02 6.67623434e-04 1.10585279e-03
5.99803668e-02 1.11843374e-03 1.09573590e-03
6.03883684e-02 -6.88450913e-04 1.12671215e-03
6.07963693e-02 2.26416808e-03 1.11111308e-03
6.12043697e-02 1.29596122e-03 1.09051501e-03
6.16123695e-02 5.52415979e-04 1.10840991e-03
6.20203687e-02 2.79735876e-03 1.06726475e-03
6.24283674e-02 -1.76083808e-04 1.03099993e-03
6.28363654e-02 5.28456622e-04 1.07074910e-03
6.32443629e-02 5.09798941e-04 1.04194647e-03
6.36523597e-02 1.15784711e-03 1.02771043e-03
6.40603559e-02 1.60147707e-04 1.06164051e-03
6.44683516e-02 2.15044913e-04 9.87075851e-04
6.48763466e-02 3.23405318e-05 1.06827089e-03
6.52843410e-02 3.40210419e-05 1.02817135e-03
6.56923348e-02 2.07033197e-04 1.04157146e-03
6.61003279e-02 -1.30540320e-03 9.90782724e-04
6.65083205e-02 -3.06787451e-04 1.01132631e-03
6.69163124e-02 4.80221189e-04 1.03980404e-03
6.73243036e-02 1.08699155e-03 9.86575488e-04
6.77322943e-02 1.14009154e-03 9.97224357e-04
6.81402842e-02 6.48408204e-04 1.02014340e-03
6.85482736e-02 4.45512756e-04 9.53477283e-04
6.89562623e-02 -1.01266666e-03 9.79477101e-04
6.93642503e-02 5.51281707e-04 9.84996706e-04
6.97722377e-02 3.82186070e-04 9.79301913e-04
7.01802244e-02 -3.39322376e-04 9.44903576e-04
7.05882105e-02 -1.41366921e-03 9.34981247e-04
7.09961958e-02 2.91397918e-04 9.11235912e-04
7.14041805e-02 -6.60913886e-04 9.30205141e-04
7.18121646e-02 -6.97322598e-04 9.49863975e-04
7.22201479e-02 -1.89513526e-03 9.28232962e-04
7.26281306e-02 2.13748153e-04 8.96595449e-04
7.30361126e-02 1.35780477e-04 9.27260175e-04
7.34440938e-02 1.09250618e-04 9.34186814e-04
7.38520744e-02 1.12677761e-03 9.35582492e-04
7.42600543e-02 1.37536347e-03 9.32156256e-04
7.46680335e-02 -3.93709606e-04 8.87411032e-04
7.50760119e-02 6.55458288e-04 8.96458335e-04
7.54839897e-02 -9.59633619e-04 8.91746687e-04
7.58919667e-02 6.56030980e-04 9.04165563e-04
7.62999431e-02 3.18261916e-04 9.59504612e-04
7.67079187e-02 -1.62089653e-03 9.25952819e-04
7.71158935e-02 1.40406141e-03 9.19568132e-04
7.75238677e-02 9.47901292e-04 8.72162081e-04
7.79318411e-02 7.78804717e-04 8.99313002e-04
7.83398137e-02 -5.28231022e-04 9.04378929e-04
7.87477857e-02 3.85742954e-04 8.94241633e-04
7.91557568e-02 -3.46236972e-04 8.92378331e-04
7.95637273e-02 5.71297661e-04 9.01243330e-04
7.99716969e-02 -7.05622373e-04 8.88893622e-04
8.03796658e-02 -7.38319383e-04 8.82255870e-04
8.07876340e-02 1.37941869e-03 8.78376418e-04
8.11956014e-02 -2.60422579e-04 8.39487731e-04
8.16035680e-02 -6.40787764e-04 8.59140222e-04
8.20115338e-02 9.52249765e-04 8.73437452e-04
8.24194989e-02 6.36577253e-05 8.78764973e-04
8.28274631e-02 -5.81267444e-04 8.70890724e-04
8.32354266e-02 2.29633170e-04 8.68333499e-04
8.36433893e-02 1.21891545e-03 8.76423897e-04
8.40513512e-02 7.42523625e-04 8.75671416e-04
8.44593123e-02 -1.54064669e-03 8.39714408e-04
8.48672727e-02 3.51579270e-04 8.29663386e-04
8.52752322e-02 -1.24461454e-03 8.37364973e-04
8.56831909e-02 -6.23164854e-04 8.30694031e-04
8.60911487e-02 -8.35264102e-04 8.58219235e-04
8.64991058e-02 -3.36529215e-04 8.36373188e-04
8.69070620e-02 -1.63722007e-03 8.59682146e-04
8.73150175e-02 5.26509456e-04 8.40639634e-04
8.77229721e-02 -6.97207986e-04 8.29351452e-04
8.81309258e-02 6.33012672e-04 8.15457420e-04
8.85388787e-02 -1.77986645e-03 8.17417416e-04
8.89468308e-02 1.12650873e-03 8.35547324e-04
8.93547821e-02 -1.55210486e-03 8.05993130e-04
8.97627325e-02 -2.36916709e-03 7.86679794e-04
9.01706820e-02 3.29830677e-04 8.29870706e-04
9.05786307e-02 8.01737009e-04 8.08556681e-04
9.09865785e-02 3.07478918e-04 8.31593119e-04
9.13945255e-02 -6.35227245e-04 8.04626015e-04
9.18024716e-02 7.99435852e-04 8.09639035e-04
9.22104168e-02 2.15250095e-04 8.06559015e-04
9.26183611e-02 1.17446716e-03 8.29726045e-04
9.30263046e-02 1.02033636e-03 8.10794446e-04
9.34342472e-02 3.70243293e-04 8.16141295e-04
9.38421889e-02 -8.71606917e-04 8.20951949e-04
9.42501297e-02 -2.76017416e-04 7.96661050e-04
9.46580696e-02 5.44294969e-04 8.07492255e-04
9.50660087e-02 4.77203962e-04 7.84927200e-04
9.54739468e-02 5.27807029e-04 7.90958866e-04
9.58818840e-02 3.88764634e-05 8.17249658e-04
9.62898203e-02 -7.32677739e-04 7.95394538e-04
9.66977557e-02 8.23621740e-04 7.86301108e-04
9.71056902e-02 -1.62842202e-03 7.51592812e-04
9.75136237e-02 -6.42030810e-04 7.83180888e-04
9.79215564e-02 -7.38496051e-04 7.85077394e-04
9.83294881e-02 1.07377483e-03 7.71780909e-04
9.87374188e-02 5.62834002e-04 7.70828960e-04
9.91453487e-02 -1.52307831e-03 7.57588240e-04
9.95532775e-02 1.06771151e-03 7.78663172e-04
9.99612055e-02 -6.24059206e-05 7.71836206e-04
1.00369132e-01 9.21959544e-04 7.83183758e-04
1.00777059e-01 -5.80875144e-04 7.82198076e-04
1.01184984e-01 6.66441080e-04 7.62874350e-04
1.01592908e-01 1.64388714e-04 7.39912911e-04
1.02000831e-01 6.42808387e-04 7.53777450e-04
1.02408753e-01 1.67629550e-04 7.47472400e-04
1.02816674e-01 1.19123414e-03 7.59444085e-04
1.03224595e-01 2.79463272e-04 7.55265601e-04
1.03632514e-01 6.13618329e-06 7.51187803e-04
1.04040432e-01 3.01445116e-04 7.33634419e-04
1.04448349e-01 2.36175075e-04 7.35899483e-04
1.04856266e-01 -7.97778729e-04 7.50352638e-04
1.05264181e-01 1.65208134e-03 7.43657925e-04
1.05672095e-01 3.47229770e-04 7.49212694e-04
1.06080009e-01 8.79214581e-04 7.45796483e-04
1.06487921e-01 -4.40986418e-04 7.37527519e-04
1.06895832e-01 -7.55270982e-04 7.56807757e-04
1.07303743e-01 -9.67800655e-04 7.39787116e-04
1.07711652e-01 1.49919379e-03 7.59469793e-04
1.08119560e-01 6.36522223e-04 7.64148970e-04
1.08527467e-01 1.21892856e-04 7.53882787e-04
1.08935374e-01 -1.66084126e-04 7.39590981e-04
1.09343279e-01 1.01717881e-03 7.56133828e-04
1.09751183e-01 3.95035643e-04 7.34263103e-04
1.10159086e-01 -5.77719661e-04 7.32372968e-04
1.10566988e-01 1.39934247e-04 7.19305899e-04
1.10974889e-01 3.94929589e-04 7.26442081e-04
1.11382789e-01 1.25047860e-03 7.45480137e-04
1.11790688e-01 8.62461291e-04 7.18042389e-04
1.12198586e-01 1.22831387e-04 7.31237477e-04
1.12606482e-01 -9.54247561e-04 7.18775364e-04
1.13014378e-01 7.10665011e-04 7.57348060e-04
1.13422273e-01 2.81645600e-04 7.38952936e-04
1.13830166e-01 -9.84621356e-05 7.61262706e-04
1.14238059e-01 -8.50300579e-04 7.33323837e-04
1.14645950e-01 -5.97411281e-05 7.38862974e-04
1.15053840e-01 2.88153840e-04 7.35307538e-04
1.15461730e-01 1.23352996e-03 7.43485582e-04
1.15869618e-01 1.11820483e-03 7.45513735e-04
1.16277505e-01 -1.08141201e-04 7.43166401e-04
1.16685391e-01 8.61891105e-04 7.36426790e-04
1.17093275e-01 -1.29267884e-03 7.33773343e-04
1.17501159e-01 1.67825956e-03 7.41628742e-04
1.17909042e-01 7.79252973e-05 7.31945975e-04
1.18316923e-01 -5.68125029e-04 7.07307440e-04
1.18724803e-01 -5.13760005e-05 7.22945358e-04
1.19132683e-01 -6.67389265e-04 7.08309079e-04
1.19540561e-01 1.50378247e-04 7.15923852e-04
1.19948438e-01 -9.36520189e-04 7.00320209e-04
1.20356313e-01 -2.86797919e-04 7.00232786e-04
1.20764188e-01 2.78291464e-04 6.99392979e-04
1.21172062e-01 -7.03702735e-04 6.80773822e-04
1.21579934e-01 1.93090510e-03 6.87215080e-04
1.21987805e-01 4.13569176e-04 6.78826532e-04
1.22395675e-01 5.67649705e-05 6.90643566e-04
1.22803544e-01 7.53498600e-04 6.88193260e-04
1.23211412e-01 1.30673488e-03 6.92566455e-04
1.23619278e-01 -2.18327501e-04 6.84557620e-04
1.24027144e-01 5.29036500e-04 6.98116873e-04
1.24435008e-01 -1.94850573e-04 6.78783214e-04
1.24842871e-01 2.92389563e-04 6.80340384e-04
1.25250733e-01 -2.59360156e-04 6.49601058e-04
1.25658594e-01 4.12138139e-04 6.93632132e-04
1.26066453e-01 -1.57921832e-03 6.65008208e-04
1.26474311e-01 1.35251580e-03 6.72754278e-04
1.26882168e-01 -1.79636816e-03 6.64174432e-04
1.27290024e-01 9.30731088e-04 6.71092982e-04
1.27697879e-01 1.07282036e-03 6.70003358e-04
1.28105732e-01 -1.07730139e-03 6.55274918e-04
1.28513585e-01 4.37599140e-04 6.65165241e-04
1.28921436e-01 7.84093293e-04 6.60869126e-04
1.29329285e-01 2.56447603e-04 6.54434754e-04
1.29737134e-01 3.22610073e-04 6.60470635e-04
1.30144981e-01 1.63236650e-03 6.62875564e-04
1.30552828e-01 4.43901217e-04 6.61882472e-04
1.30960672e-01 -2.02812328e-04 6.51805462e-04
1.31368516e-01 4.55607006e-04 6.60100514e-04
1.31776358e-01 1.10011732e-03 6.52769141e-04
1.32184200e-01 -9.95434792e-04 6.37117114e-04
1.32592039e-01 -6.36604311e-04 6.55389464e-04
1.32999878e-01 1.56805977e-04 6.49416619e-04
1.33407715e-01 1.79354008e-03 6.51004400e-04
1.33815552e-01 -4.98361280e-04 6.60443204e-04
1.34223386e-01 -1.00863052e-03 6.33020141e-04
1.34631220e-01 -7.42470346e-04 6.43820733e-04
1.35039052e-01 2.05471052e-04 6.55166187e-04
1.35446883e-01 -9.91689754e-04 6.21822061e-04
1.35854713e-01 2.37926739e-05 6.35907226e-04
1.36262541e-01 1.35551799e-03 6.56001046e-04
1.36670368e-01 1.34385283e-05 6.39109481e-04
1.37078194e-01 -9.28103691e-05 6.41176737e-04
1.37486019e-01 7.57939391e-04 6.44788488e-04
1.37893842e-01 4.50297748e-04 6.34144410e-04
1.38301664e-01 -6.77123089e-04 6.28074474e-04
1.38709485e-01 -2.07881402e-04 6.20315791e-04
1.39117304e-01 3.71031839e-04 6.30712167e-04
1.39525122e-01 -9.58304640e-05 6.21279113e-04
1.39932939e-01 6.09715081e-04 6.21686973e-04
1.40340754e-01 -7.46238322e-04 6.12307427e-04
1.40748568e-01 -1.08796412e-03 6.12478674e-04
1.41156381e-01 -5.09247114e-04 6.19008304e-04
1.41564192e-01 2.88583652e-04 6.38667940e-04
1.41972002e-01 -1.21685139e-04 6.10116813e-04
1.42379811e-01 9.45824391e-04 6.25596363e-04
1.42787618e-01 5.53267800e-04 5.98944930e-04
1.43195424e-01 8.75486422e-04 6.33332020e-04
1.43603228e-01 -4.55270586e-04 6.25806442e-04
1.44011032e-01 1.51750706e-04 6.27489324e-04
1.44418833e-01 -5.54181067e-04 6.26961296e-04
1.44826634e-01 3.87809913e-04 6.17844840e-04
1.45234433e-01 2.76427659e-04 6.32416186e-04
1.45642231e-01 9.09202788e-04 6.26046937e-04
1.46050027e-01 1.04946477e-04 6.22935147e-04
1.46457822e-01 -3.19700823e-05 6.30224452e-04
1.46865616e-01 6.02026768e-04 6.46603245e-04
1.47273408e-01 4.89472761e-04 6.41815099e-04
1.47681199e-01 8.06683933e-04 6.38880441e-04
1.48088988e-01 -2.07301717e-04 6.28866919e-04
1.48496776e-01 8.47481629e-04 6.27951820e-04
1.48904563e-01 3.66878713e-04 6.25519949e-04
1.49312348e-01 5.93588633e-04 6.24486020e-04
1.49720132e-01 -4.51998783e-04 6.16798890e-04
1.50127914e-01 1.19546408e-03 6.18533488e-04
1.50535695e-01 8.94477219e-04 6.18669315e-04
1.50943474e-01 3.14279761e-04 5.88397781e-04
1.51351252e-01 2.87226728e-04 6.14893890e-04
1.51759029e-01 -8.44514493e-04 5.98845732e-04
1.52166804e-01 -2.92308401e-04 6.11614504e-04
1.52574578e-01 -1.90437346e-04 5.98152976e-04
1.52982350e-01 -5.22308147e-04 6.03681883e-04
1.53390121e-01 -2.64710487e-04 6.02558616e-04
1.53797890e-01 -1.17656277e-03 5.81663799e-04
1.54205658e-01 -1.14319989e-03 5.89755794e-04
1.54613425e-01 5.13247137e-04 5.98714055e-04
1.55021190e-01 -9.03252324e-04 6.02326398e-04
1.55428953e-01 -4.13705591e-04 6.01010532e-04
1.55836716e-01 -1.95673628e-04 5.96558752e-04
1.56244476e-01 4.42051998e-04 5.94352935e-04
1.56652235e-01 -3.69937744e-04 5.81363684e-04
1.57059993e-01 -1.63280578e-04 6.03243134e-04
1.57467749e-01 -1.47539932e-04 5.88175202e-04
1.57875504e-01 -1.22822797e-03 5.77523254e-04
1.58283257e-01 3.52138365e-04 5.81368665e-04
1.58691008e-01 -5.47659968e-05 5.84286076e-04
1.59098758e-01 2.57158140e-04 5.67372095e-04
1.59506507e-01 -4.05172095e-04 5.72343032e-04
1.59914254e-01 1.37076790e-03 5.68366910e-04
1.60322000e-01 2.31395893e-04 5.76268448e-04
1.60729744e-01 3.00292549e-04 5.73840323e-04
1.61137486e-01 1.08392375e-03 5.73461881e-04
1.61545228e-01 3.62660932e-04 5.54993465e-04
1.61952967e-01 8.46726337e-04 5.62506398e-04
1.62360705e-01 -1.98586751e-04 5.84968661e-04
1.62768441e-01 1.16363255e-03 5.79959788e-04
1.63176176e-01 6.03931144e-04 5.73571612e-04
1.63583910e-01 4.08810852e-05 5.74324264e-04
1.63991641e-01 3.49281547e-04 5.75987772e-04
1.64399372e-01 5.87145964e-04 5.63526062e-04
1.64807100e-01 5.59049096e-04 5.66827610e-04
1.65214827e-01 -1.32374346e-04 5.65483048e-04
1.65622553e-01 2.72355946e-04 5.53036743e-04
1.66030277e-01 -6.40407204e-05 5.64358373e-04
1.66437999e-01 -2.10618009e-04 5.59396481e-04
1.66845720e-01 8.18753948e-04 5.68511755e-04
1.67253439e-01 8.36263282e-04 5.59516171e-04
1.67661157e-01 -4.46121887e-04 5.56549120e-04
1.68068873e-01 5.85079285e-04 5.59747292e-04
1.68476588e-01 1.93892161e-04 5.52702244e-04
1.68884301e-01 -6.40605655e-04 5.52397944e-04
1.69292012e-01 2.85654306e-04 5.55812407e-04
1.69699721e-01 1.30053200e-04 5.49215637e-04
1.70107430e-01 2.41669263e-04 5.37838447e-04
1.70515136e-01 -1.26579336e-04 5.53003546e-04
1.70922841e-01 2.38209425e-04 5.60219569e-04
1.71330544e-01 1.02557396e-03 5.41230030e-04
1.71738246e-01 -1.25138444e-04 5.55631992e-04
1.72145946e-01 3.61676505e-04 5.34656449e-04
1.72553644e-01 -1.36507680e-04 5.34376038e-04
1.72961341e-01 1.03881544e-03 5.50555779e-04
1.73369036e-01 -2.74839098e-06 5.36835295e-04
1.73776729e-01 4.54067147e-04 5.45942111e-04
1.74184421e-01 2.48266007e-04 5.40370340e-04
1.74592111e-01 -6.79687822e-04 5.27897339e-04
1.74999799e-01 -2.25342028e-05 5.44034664e-04
1.75407486e-01 -5.42575662e-04 5.29614470e-04
1.75815171e-01 1.01456875e-03 5.42119340e-04
1.76222855e-01 3.03386746e-04 5.35084816e-04
1.76630537e-01 -5.34753944e-04 5.37159099e-04
1.77038217e-01 1.22317254e-03 5.44058400e-04
1.77445895e-01 1.79461266e-04 5.40559456e-04
1.77853572e-01 6.69570238e-04 5.44256665e-04
1.78261247e-01 -5.67182358e-04 5.25784691e-04
1.78668921e-01 -1.58963105e-04 5.26598649e-04
1.79076592e-01 2.65135920e-04 5.32552882e-04
1.79484262e-01 5.86651794e-04 5.23560574e-04
1.79891931e-01 9.79125332e-04 5.25339419e-04
1.80299597e-01 -5.71288767e-04 5.22355072e-04
1.80707262e-01 7.56705211e-04 5.37998541e-04
1.81114925e-01 5.78908129e-04 5.28566242e-04
1.81522587e-01 1.07147660e-03 5.19153624e-04
1.81930247e-01 4.55916776e-04 5.22953683e-04
1.82337905e-01 -9.86059531e-04 5.21710733e-04
1.82745561e-01 1.21279007e-04 5.26927272e-04
1.83153215e-01 -1.18319890e-04 5.17010629e-04
1.83560868e-01 -1.04689016e-05 5.15008878e-04
1.83968519e-01 3.98760379e-04 5.12604640e-04
1.84376169e-01 1.30550269e-03 5.25092824e-04
1.84783816e-01 -4.93643148e-04 5.17873978e-04
1.85191462e-01 -6.63289481e-04 5.14084099e-04
1.85599106e-01 -1.49437308e-03 5.15211399e-04
1.86006749e-01 4.30560952e-04 5.23602891e-04
1.86414389e-01 -4.16640357e-04 5.27776207e-04
1.86822028e-01 -1.68046472e-04 5.12571913e-04
1.87229665e-01 -5.92793156e-04 5.06617675e-04
1.87637300e-01 4.66486541e-04 5.09719052e-04
1.88044934e-01 -3.70242825e-04 5.07925836e-04
1.88452566e-01 -7.20365007e-05 5.09864749e-04
1.88860195e-01 1.01047904e-03 5.22994813e-04
1.89267824e-01 7.41375711e-04 5.12686923e-04
1.89675450e-01 8.06671528e-04 5.15072541e-04
1.90083074e-01 2.12337817e-04 5.14031598e-04
1.90490697e-01 5.26622917e-04 5.13937250e-04
1.90898318e-01 6.29184129e-04 5.08573267e-04
1.91305937e-01 1.02381811e-03 4.98025230e-04
1.91713555e-01 1.33230815e-03 4.98898281e-04
1.92121170e-01 3.85500861e-04 5.00910202e-04
1.92528784e-01 -9.37595809e-04 4.94222626e-04
1.92936396e-01 -5.84624771e-04 5.00054298e-04
1.93344006e-01 3.77062545e-04 5.13976129e-04
1.93751614e-01 -7.01208417e-06 5.01998481e-04
1.94159220e-01 1.31423302e-04 5.04787367e-04
1.94566825e-01 -2.93325973e-05 4.91420758e-04
1.94974427e-01 2.93060723e-04 5.00874280e-04
1.95382028e-01 -4.15325574e-04 4.94885678e-04
1.95789627e-01 1.19986002e-04 5.01440215e-04
1.96197224e-01 -4.38878298e-05 5.02135814e-04
1.96604820e-01 -4.56724072e-04 5.01548527e-04
1.97012413e-01 -7.43157041e-04 4.86633405e-04
1.97420005e-01 -7.62164999e-04 5.05114495e-04
1.97827594e-01 4.64507256e-04 5.08308989e-04
1.98235182e-01 1.59666082e-04 5.10589702e-04
1.98642768e-01 2.97035415e-04 5.06065591e-04
1.99050352e-01 5.34875370e-04 5.01507838e-04
1.99457934e-01 -5.37350131e-04 5.01816814e-04
1.99865514e-01 7.29271805e-04 5.10164471e-04
2.00273093e-01 4.39449666e-04 5.08479799e-04
2.00680669e-01 -3.61374029e-04 5.03228420e-04
2.01088244e-01 -5.90983537e-04 5.14313343e-04
2.01495816e-01 3.42883412e-04 5.13409211e-04
2.01903387e-01 -2.70622482e-04 5.05087622e-04
2.02310956e-01 -2.25546741e-04 5.12493790e-04
2.02718523e-01 2.67727385e-04 5.12397645e-04
2.03126088e-01 -1.20286615e-04 5.14161946e-04
2.03533651e-01 3.15402263e-05 5.11329117e-04
2.03941212e-01 -7.77841947e-04 4.96962274e-04
2.04348771e-01 2.58733230e-04 5.12224814e-04
2.04756329e-01 9.59510052e-05 5.05653900e-04
2.05163884e-01 8.87419370e-04 4.97385932e-04
2.05571438e-01 1.93365339e-04 4.91081202e-04
2.05978989e-01 1.00348708e-03 4.96813772e-04
2.06386539e-01 2.54605706e-04 4.86834365e-04
2.06794086e-01 3.49809322e-04 5.00982677e-04
2.07201632e-01 3.85349593e-04 4.85419998e-04
2.07609175e-01 4.53170041e-06 4.86441451e-04
2.08016717e-01 -4.31253515e-04 4.83722836e-04
2.08424257e-01 7.97206809e-04 4.96037625e-04
2.08831794e-01 -6.53186634e-04 4.87714896e-04
2.09239330e-01 4.81656163e-04 4.64835288e-04
2.09646864e-01 2.14904222e-04 4.72060296e-04
2.10054396e-01 5.05902215e-04 4.99309684e-04
2.10461925e-01 -3.49919465e-04 4.85305220e-04
2.10869453e-01 -1.22626506e-04 4.85584215e-04
2.11276979e-01 -1.38377392e-04 4.80891056e-04
2.11684503e-01 4.68911659e-04 4.79333140e-04
2.12092025e-01 3.24694418e-04 4.87354783e-04
2.12499544e-01 -5.63928458e-04 4.74738442e-04
2.12907062e-01 -8.04944515e-04 4.73857387e-04
2.13314578e-01 -3.73935919e-04 4.73254862e-04
2.13722092e-01 7.96420456e-04 4.77892989e-04
2.14129603e-01 2.85785219e-04 4.81834781e-04
2.14537113e-01 -4.57009308e-04 4.73487425e-04
2.14944621e-01 3.75140819e-04 4.83635428e-04
2.15352126e-01 3.78886392e-05 4.70890826e-04
2.15759630e-01 1.12796841e-03 4.75870397e-04
2.16167131e-01 -6.11788191e-05 4.71349038e-04
2.16574631e-01 1.15292872e-03 4.69506605e-04
2.16982128e-01 -6.12468813e-05 4.66306006e-04
2.17389624e-01 7.64799056e-05 4.73912964e-04
2.17797117e-01 -8.24314363e-04 4.61327171e-04
2.18204608e-01 3.21101922e-04 4.72193937e-04
2.18612098e-01 4.15199725e-04 4.75046545e-04
2.19019585e-01 -6.17849821e-07 4.59994153e-04
2.19427070e-01 2.79616036e-05 4.53950131e-04
2.19834553e-01 1.33784257e-04 4.57107956e-04
2.20242034e-01 5.03580515e-04 4.71087044e-04
2.20649512e-01 2.73349158e-04 4.64833694e-04
2.21056989e-01 9.46178288e-05 4.68898179e-04
2.21464464e-01 4.65467163e-04 4.66877545e-04
2.21871936e-01 6.74384842e-04 4.67086092e-04
2.22279407e-01 3.04230883e-04 4.46054201e-04
2.22686875e-01 -4.76237211e-04 4.63779113e-04
2.23094341e-01 3.70493119e-04 4.70333653e-04
2.23501805e-01 -8.29406857e-04 4.63114625e-04
2.23909267e-01 -6.84886196e-04 4.50441522e-04
2.24316727e-01 4.66402206e-04 4.61687831e-04
2.24724185e-01 4.77875910e-04 4.61028016e-04
2.25131641e-01 8.39882387e-06 4.65669706e-04
2.25539094e-01 8.87437388e-05 4.55237723e-04
2.25946545e-01 4.92557214e-04 4.66375888e-04
2.26353995e-01 1.07327575e-03 4.55624993e-04
2.26761442e-01 9.04045283e-04 4.64268221e-04
2.27168887e-01 8.36373160e-05 4.55259835e-04
2.27576329e-01 6.33739297e-04 4.54804539e-04
2.27983770e-01 -7.42535545e-04 4.46497871e-04
2.28391208e-01 -5.09952063e-04 4.54385779e-04
2.28798645e-01 -1.87388695e-04 4.59159259e-04
2.29206079e-01 -6.11077147e-04 4.60724388e-04
2.29613511e-01 1.08054004e-04 4.45876672e-04
2.30020941e-01 1.08881639e-04 4.70987597e-04
2.30428368e-01 -3.64873427e-04 4.64379912e-04
2.30835794e-01 5.20838137e-04 4.71130360e-04
2.31243217e-01 5.28985816e-04 4.60311058e-04
2.31650638e-01 6.50374464e-04 4.69789388e-04
2.32058057e-01 4.09776789e-04 4.73523428e-04
2.32465473e-01 4.44939799e-04 4.67125893e-04
2.32872888e-01 3.83158949e-04 4.67060496e-04
2.33280300e-01 -1.70705494e-04 4.57931701e-04
2.33687710e-01 -6.35302834e-05 4.57956856e-04
2.34095118e-01 -4.40900308e-04 4.55552903e-04
2.34502524e-01 -7.91805588e-04 4.64649287e-04
2.34909927e-01 7.67464128e-04 4.77424137e-04
2.35317328e-01 1.43914231e-04 4.73714080e-04
2.35724727e-01 6.98022780e-04 4.62517161e-04
2.36132124e-01 3.02261559e-04 4.62562734e-04
2.36539518e-01 -4.97455202e-04 4.53184514e-04
2.36946911e-01 -2.11670990e-05 4.58806399e-04
2.37354301e-01 3.10862119e-04 4.41366538e-04
2.37761688e-01 1.43337785e-04 4.63486645e-04
2.38169074e-01 7.76190448e-04 4.59909304e-04
2.38576457e-01 2.84601444e-04 4.57392225e-04
2.38983838e-01 2.31677978e-04 4.50457254e-04
2.39391217e-01 -4.02489554e-04 4.48318407e-04
2.39798593e-01 -3.78156041e-04 4.40458369e-04
2.40205967e-01 3.54198450e-04 4.65228651e-04
2.40613339e-01 -2.22720562e-06 4.53922912e-04
2.41020709e-01 2.57508097e-04 4.44901414e-04
2.41428076e-01 -6.94375326e-04 4.34623220e-04
2.41835441e-01 7.49781449e-05 4.44199835e-04
2.42242804e-01 -2.98468245e-04 4.37147077e-04
2.42650165e-01 2.03675634e-04 4.40270240e-04
2.43057523e-01 -2.07808592e-04 4.45225994e-04
2.43464879e-01 1.18335168e-04 4.39360563e-04
2.43872232e-01 3.31149271e-04 4.42407099e-04
2.44279584e-01 3.93486161e-05 4.38965102e-04
2.44686933e-01 4.36276219e-04 4.43759685e-04
2.45094279e-01 4.43862471e-04 4.35768648e-04
2.45501624e-01 8.70521351e-05 4.35201826e-04
2.45908966e-01 1.51228280e-04 4.45973872e-04
2.46316305e-01 1.02793621e-03 4.40110919e-04
2.46723643e-01 8.26811470e-04 4.41270490e-04
2.47130978e-01 1.33093934e-04 4.39361763e-04
2.47538310e-01 -3.89222784e-04 4.31545302e-04
2.47945641e-01 -2.97816960e-04 4.33787035e-04
2.48352969e-01 -8.05976041e-04 4.27792034e-04
2.48760294e-01 8.56848658e-04 4.39528437e-04
2.49167618e-01 1.96090629e-04 4.22567085e-04
2.49574939e-01 -2.02372209e-04 4.30654266e-04
2.49982257e-01 9.35533924e-06 4.32255405e-04
2.50389573e-01 6.46158760e-05 4.37616331e-04
2.50796887e-01 2.50145981e-04 4.32750879e-04
2.51204199e-01 3.55474914e-04 4.31381536e-04
2.51611508e-01 3.63260909e-04 4.29002176e-04
2.52018815e-01 1.00007656e-04 4.29649403e-04
2.52426119e-01 5.68522466e-04 4.24658807e-04
2.52833421e-01 -4.85195576e-04 4.23664346e-04
2.53240720e-01 -2.23870343e-04 4.26008922e-04
2.53648017e-01 4.02967830e-04 4.25454862e-04
2.54055312e-01 7.21757495e-04 4.25569749e-04
2.54462605e-01 8.21091346e-06 4.24459479e-04
2.54869894e-01 4.50411647e-04 4.18169936e-04
2.55277182e-01 -3.19977916e-04 4.23090742e-04
2.55684467e-01 -2.95947653e-07 4.26016550e-04
2.56091750e-01 4.24840643e-04 4.11880916e-04
2.56499030e-01 2.20223538e-04 4.26056118e-04
2.56906308e-01 -1.19730316e-04 4.12935807e-04
2.57313583e-01 2.30494495e-04 4.26245561e-04
2.57720856e-01 1.23966521e-04 4.18928829e-04
2.58128127e-01 3.42724978e-05 4.16382895e-04
2.58535395e-01 -5.60813174e-04 4.20652287e-04
2.58942661e-01 -8.10541681e-05 4.15337907e-04
2.59349924e-01 3.49561225e-04 4.18488753e-04
2.59757184e-01 4.28929620e-04 4.18454039e-04
2.60164443e-01 7.40192446e-04 4.22974088e-04
2.60571699e-01 4.58675367e-04 4.23766969e-04
2.60978952e-01 -1.21646772e-04 4.22511944e-04
2.61386203e-01 4.90767166e-05 4.21500438e-04
2.61793451e-01 -2.95317686e-06 4.10970655e-04
2.62200697e-01 -3.52131534e-04 4.11687190e-04
2.62607941e-01 -3.29527467e-04 4.13342013e-04
2.63015182e-01 -4.31459595e-04 4.10152234e-04
2.63422420e-01 -2.20933479e-04 4.22371004e-04
2.63829656e-01 -2.77873248e-04 4.07288033e-04
2.64236890e-01 -2.37428962e-04 4.13834773e-04
2.64644121e-01 4.98412228e-04 4.09526603e-04
2.65051349e-01 2.33840366e-04 4.13199109e-04
2.65458575e-01 1.04033711e-04 4.08452815e-04
2.65865799e-01 -3.58221930e-04 4.12161280e-04
2.66273019e-01 8.74801806e-05 4.09244382e-04
2.66680238e-01 2.14395097e-04 4.08747172e-04
2.67087454e-01 -3.26960548e-04 4.10881984e-04
2.67494667e-01 4.08732125e-04 4.12574288e-04
2.67901878e-01 4.63488416e-04 4.12619835e-04
2.68309086e-01 3.49311081e-05 4.05804098e-04
2.68716292e-01 3.39904655e-04 3.96150207e-04
2.69123495e-01 2.85685449e-04 4.05700680e-04
2.69530696e-01 3.32238847e-04 4.06613996e-04
2.69937894e-01 6.21305016e-04 4.07852767e-04
2.70345090e-01 8.79380868e-04 4.07720214e-04
2.70752283e-01 2.02371008e-04 4.04297278e-04
2.71159473e-01 2.12758748e-04 3.98923422e-04
2.71566661e-01 -1.70059162e-04 4.03359024e-04
2.71973847e-01 7.31940235e-04 4.11803822e-04
2.72381030e-01 4.91859659e-04 4.15109180e-04
2.72788210e-01 -9.13035393e-05 4.03112459e-04
2.73195387e-01 7.08653506e-04 4.05690067e-04
2.73602562e-01 2.82756545e-04 4.01083868e-04
2.74009735e-01 8.14931752e-04 3.98637874e-04
2.74416905e-01 7.13463229e-05 4.06589123e-04
2.74824072e-01 3.23422645e-04 3.96896892e-04
2.75231237e-01 4.30700517e-04 4.09258658e-04
2.75638399e-01 -5.64762081e-04 4.00514106e-04
2.76045558e-01 1.41960898e-04 3.92472302e-04
2.76452715e-01 3.13962032e-05 3.95293624e-04
2.76859869e-01 6.16127720e-04 4.01165022e-04
2.77267021e-01 6.16984646e-04 4.12921502e-04
2.77674170e-01 7.11533547e-04 4.07330701e-04
2.78081316e-01 4.92883818e-04 3.99313570e-04
2.78488460e-01 -1.35544684e-04 3.90316156e-04
2.78895601e-01 -6.95116062e-05 3.93837553e-04
2.79302740e-01 -1.34470615e-04 3.98913774e-04
2.79709875e-01 8.63320620e-05 3.97112630e-04
2.80117009e-01 6.38311667e-04 4.00997353e-04
2.80524139e-01 -4.00721053e-06 3.96387641e-04
2.80931267e-01 2.14406456e-05 3.92912876e-04
2.81338392e-01 1.64209457e-04 3.87107652e-04
2.81745515e-01 -1.69457117e-04 3.85883448e-04
2.82152635e-01 -2.16602004e-04 3.98038303e-04
2.82559752e-01 -3.00720556e-04 3.93982566e-04
2.82966866e-01 2.93467392e-05 3.94575685e-04
2.83373978e-01 1.02467587e-03 3.90581093e-04
2.83781088e-01 3.78712555e-04 3.85949460e-04
2.84188194e-01 5.66892341e-04 4.00404151e-04
2.84595298e-01 2.29365204e-04 3.94093788e-04
2.85002399e-01 3.07894934e-04 3.93741909e-04
2.85409497e-01 -2.28654652e-04 3.91165828e-04
2.85816593e-01 6.53291211e-04 3.90075337e-04
2.86223686e-01 -3.53246263e-04 3.97776804e-04
2.86630777e-01 -6.95396991e-05 4.01057791e-04
2.87037864e-01 -1.01226069e-04 4.08090840e-04
2.87444949e-01 -2.21457857e-04 4.00316063e-04
2.87852031e-01 3.41069494e-04 4.00591627e-04
2.88259111e-01 6.50198808e-05 3.92398569e-04
2.88666188e-01 2.82773331e-04 3.88108623e-04
2.89073262e-01 6.00058026e-04 3.99698840e-04
2.89480333e-01 3.93631612e-04 4.01275579e-04
2.89887401e-01 -4.54495513e-04 4.01725298e-04
2.90294467e-01 2.17448208e-04 4.02963890e-04
2.90701530e-01 -4.43863078e-04 3.96011580e-04
2.91108591e-01 -8.21123131e-05 3.91782039e-04
2.91515648e-01 -1.63131679e-04 3.90392332e-04
2.91922703e-01 -2.84792259e-05 3.95600730e-04
2.92329755e-01 -2.31171838e-04 3.84218889e-04
2.92736804e-01 9.01185084e-05 3.93704439e-04
2.93143851e-01 2.47853697e-04 3.88496863e-04
2.93550895e-01 -2.69561727e-05 3.88900946e-04
2.93957936e-01 6.83102122e-04 3.93095044e-04
2.94364974e-01 2.73151488e-04 3.88947679e-04
2.94772009e-01 6.20485320e-04 3.92670520e-04
2.95179042e-01 8.12068761e-05 3.90984932e-04
2.95586072e-01 5.71257290e-04 3.92381723e-04
2.95993099e-01 5.81333120e-04 3.99269870e-04
2.96400123e-01 1.43103383e-04 3.96789074e-04
2.96807145e-01 -1.99594345e-04 3.89889742e-04
2.97214163e-01 -2.13031373e-04 3.81846245e-04
2.97621179e-01 3.21345186e-05 3.89929753e-04
2.98028192e-01 1.08218156e-05 3.88213125e-04
2.98435202e-01 -5.03580484e-04 3.92774848e-04
2.98842210e-01 4.81461145e-04 3.96018018e-04
2.99249214e-01 -2.43002417e-04 3.95432929e-04
2.99656216e-01 2.67119057e-04 3.96642111e-04
3.00063215e-01 -2.37341966e-04 3.91828474e-04
3.00470211e-01 4.21073797e-04 3.95059636e-04
3.00877204e-01 -2.04138809e-04 3.92767742e-04
3.01284194e-01 1.69672897e-04 3.88855463e-04
3.01691182e-01 4.88353535e-04 3.99201902e-04
3.02098167e-01 -5.17256529e-04 3.93255578e-04
3.02505149e-01 3.40703278e-04 3.94427702e-04
3.02912128e-01 -2.87110728e-04 3.95473262e-04
3.03319104e-01 -6.66079044e-04 3.82365807e-04
3.03726077e-01 1.94400896e-04 4.02843607e-04
3.04133047e-01 4.76273368e-04 3.96575063e-04
3.04540015e-01 5.08455700e-04 3.91935120e-04
3.04946979e-01 5.27816616e-06 3.93297842e-04
3.05353941e-01 3.46611734e-04 3.90793005e-04
3.05760900e-01 5.82811116e-04 3.96281940e-04
3.06167856e-01 9.42581064e-04 3.87703472e-04
3.06574809e-01 1.21021749e-05 3.84769520e-04
3.06981759e-01 -1.99284160e-04 3.83800241e-04
3.07388706e-01 -6.30468275e-05 3.90231516e-04
3.07795651e-01 -4.21994994e-04 3.81134308e-04
3.08202592e-01 6.27430635e-04 4.03005041e-04
3.08609531e-01 7.33564514e-04 3.99967723e-04
3.09016466e-01 1.54080172e-04 3.99895728e-04
3.09423399e-01 -3.49182296e-04 3.91601133e-04
3.09830329e-01 -5.68286788e-04 3.96515103e-04
3.10237256e-01 4.76035017e-04 3.96673914e-04
3.10644180e-01 2.63637624e-04 4.01349482e-04
3.11051101e-01 2.78105362e-04 4.04189144e-04
3.11458019e-01 -4.34806454e-05 4.00685285e-04
3.11864934e-01 2.05584769e-04 4.01879510e-04
3.12271846e-01 7.57420809e-04 3.97582382e-04
3.12678755e-01 -2.76970232e-04 3.99877406e-04
3.13085661e-01 -2.73040777e-04 4.00638811e-04
3.13492565e-01 -1.10141071e-04 3.98277893e-04
3.13899465e-01 7.04261457e-04 4.01814349e-04
3.14306362e-01 3.97890825e-04 3.97872605e-04
3.14713257e-01 5.38336426e-04 4.05126678e-04
3.15120148e-01 9.48470478e-04 4.04744990e-04
3.15527037e-01 2.04557451e-04 4.05930914e-04
3.15933922e-01 4.50607045e-04 4.10785274e-04
3.16340805e-01 -3.02203477e-05 4.50326782e-04
3.16747684e-01 -6.14083057e-04 4.81048839e-04
3.17154561e-01 9.37345235e-05 5.11297849e-04
3.17561434e-01 -4.12488394e-04 5.26539972e-04
3.17968305e-01 6.88559268e-04 5.70217506e-04
3.18375172e-01 -3.23415162e-04 6.15613692e-04
3.18782037e-01 -1.01605937e-03 6.09647873e-04
3.19188898e-01 -2.65089797e-04 6.43481922e-04
3.19595757e-01 2.02276466e-04 6.87233626e-04
3.20002612e-01 2.87898281e-04 7.22576248e-04
3.20409465e-01 5.04824694e-05 7.67391426e-04
3.20816314e-01 7.79948369e-04 8.08684750e-04
3.21223160e-01 7.20626120e-04 9.54320601e-04
3.21630004e-01 1.37714935e-04 1.06592653e-03
3.22036844e-01 -1.69201180e-03 1.29150505e-03
3.22443681e-01 4.27403236e-04 1.97625261e-03
3.22850516e-01 1.19557368e-02 5.92816597e-03
