4.08043586e-03 -8.54577955e-02 2.69076673e-02
4.48847930e-03 -7.84762123e-02 2.65757769e-02
4.89652269e-03 -4.74676088e-02 1.97141472e-02
5.30456604e-03 -3.74363272e-02 1.46247746e-02
5.71260934e-03 -2.79350751e-02 1.17599575e-02
6.12065258e-03 -2.45001046e-02 9.46322303e-03
6.52869577e-03 -1.64703822e-02 7.51350451e-03
6.93673889e-03 -1.57479467e-02 6.44309220e-03
7.34478195e-03 -1.19739027e-02 5.78005723e-03
7.75282494e-03 -6.37819521e-03 5.18557515e-03
8.16086785e-03 -8.79892492e-03 5.04562972e-03
8.56891069e-03 -1.74693672e-03 4.35647847e-03
8.97695345e-03 -6.87433971e-03 4.07570548e-03
9.38499612e-03 -8.55104978e-03 3.63061471e-03
9.79303870e-03 -1.50630036e-03 3.88523941e-03
1.02010812e-02 -3.65669302e-03 3.31289752e-03
1.06091236e-02 -5.43962321e-03 3.39430742e-03
1.10171659e-02 1.83982837e-03 3.20383479e-03
1.14252081e-02 -3.73555187e-04 2.96652591e-03
1.18332501e-02 -6.90157943e-04 2.81716156e-03
1.22412921e-02 -5.86056404e-03 2.51988521e-03
1.26493339e-02 2.08732803e-03 2.53278283e-03
1.30573757e-02 3.64222369e-03 2.68824159e-03
1.34654173e-02 2.44772772e-03 2.71721486e-03
1.38734588e-02 1.15381808e-03 2.27784763e-03
1.42815001e-02 2.63229338e-03 2.43781193e-03
1.46895413e-02 9.66684914e-04 2.24657809e-03
1.50975824e-02 -2.59760755e-03 2.16823916e-03
1.55056233e-02 -1.73473910e-03 2.18462972e-03
1.59136641e-02 -2.84129482e-03 2.04832040e-03
1.63217047e-02 8.78996860e-04 2.01617462e-03
1.67297452e-02 1.26709153e-03 2.11069849e-03
1.71377855e-02 2.62989846e-03 2.00275825e-03
1.75458257e-02 1.53235148e-03 1.97646059e-03
1.79538657e-02 1.19391510e-04 1.82390750e-03
1.83619055e-02 -1.82862342e-04 1.88974963e-03
1.87699451e-02 8.64265924e-04 1.78124821e-03
1.91779846e-02 -3.50330732e-04 1.82044452e-03
1.95860239e-02 8.00412225e-04 1.89696316e-03
1.99940630e-02 1.61193974e-03 1.92241396e-03
2.04021019e-02 -1.18887356e-03 1.76207543e-03
2.08101406e-02 2.26729445e-03 1.79389352e-03
2.12181791e-02 -1.74298232e-03 1.76544580e-03
2.16262174e-02 9.46944651e-04 1.63104051e-03
2.20342555e-02 -1.44216597e-03 1.69603945e-03
2.24422934e-02 1.36881460e-03 1.76839674e-03
2.28503311e-02 1.10414841e-03 1.68257553e-03
2.32583686e-02 -2.56050701e-03 1.71685539e-03
2.36664058e-02 -9.31743237e-04 1.72165073e-03
2.40744429e-02 1.16388439e-03 1.61593881e-03
2.44824797e-02 -2.95787466e-03 1.63012354e-03
2.48905162e-02 2.58654153e-04 1.73680218e-03
2.52985525e-02 1.68379679e-03 1.67634899e-03
2.57065886e-02 3.42170844e-04 1.57342286e-03
2.61146245e-02 -2.82305954e-04 1.78056932e-03
2.65226601e-02 7.10073567e-05 1.72351383e-03
2.69306954e-02 -3.52123696e-04 1.66014239e-03
2.73387305e-02 2.45398792e-03 1.73613647e-03
2.77467653e-02 3.52956964e-03 1.68636048e-03
2.81547999e-02 -2.01738061e-03 1.62867375e-03
2.85628342e-02 7.15266380e-04 1.70473527e-03
2.89708682e-02 2.61645630e-03 1.67002605e-03
2.93789020e-02 9.85304016e-04 1.65225664e-03
2.97869355e-02 5.91576473e-04 1.78383156e-03
3.01949687e-02 1.28730851e-03 1.69965615e-03
3.06030016e-02 1.61755304e-03 1.71335063e-03
3.10110342e-02 -4.48553026e-04 1.61814008e-03
3.14190665e-02 -8.65422867e-05 1.61887935e-03
3.18270985e-02 3.31743129e-04 1.53105121e-03
3.22351302e-02 2.07625287e-03 1.49662827e-03
3.26431617e-02 1.04240238e-04 1.47000730e-03
3.30511928e-02 8.45667676e-04 1.40121508e-03
3.34592236e-02 2.37677050e-03 1.46729624e-03
3.38672540e-02 6.62983918e-04 1.45240824e-03
3.42752842e-02 -1.56087082e-03 1.42551260e-03
3.46833140e-02 -1.00347077e-03 1.38596839e-03
3.50913435e-02 -3.77322143e-04 1.40221477e-03
3.54993727e-02 6.17233840e-04 1.39587388e-03
3.59074015e-02 -6.96033935e-05 1.34362953e-03
3.63154300e-02 2.39491053e-03 1.39238084e-03
3.67234581e-02 -1.25925166e-03 1.34594779e-03
3.71314859e-02 3.50359696e-04 1.41238122e-03
3.75395134e-02 4.21391903e-03 1.46994125e-03
3.79475405e-02 -5.90142139e-06 1.43298625e-03
3.83555672e-02 -6.19804292e-04 1.33417025e-03
3.87635935e-02 1.45504902e-03 1.35463244e-03
3.91716195e-02 -3.89046483e-04 1.29134553e-03
3.95796452e-02 6.43870045e-04 1.34552715e-03
3.99876704e-02 -1.09077617e-03 1.32509212e-03
4.03956953e-02 -3.46297311e-04 1.29918249e-03
4.08037198e-02 -1.86787038e-03 1.28261581e-03
4.12117439e-02 -9.57257679e-04 1.27000558e-03
4.16197676e-02 -4.02791874e-04 1.32187680e-03
4.20277909e-02 1.18601544e-04 1.24909382e-03
4.24358138e-02 8.43742475e-04 1.26017253e-03
4.28438363e-02 1.86779503e-03 1.24771235e-03
4.32518584e-02 1.05932252e-03 1.20255783e-03
4.36598801e-02 2.40934875e-04 1.22462578e-03
4.40679014e-02 -1.61559468e-03 1.23224046e-03
4.44759222e-02 -8.26503424e-04 1.16336146e-03
4.48839427e-02 1.65187324e-04 1.15773538e-03
4.52919627e-02 -9.74887889e-04 1.20264963e-03
4.56999823e-02 3.20928219e-03 1.18570532e-03
4.61080014e-02 3.96072781e-04 1.27017513e-03
4.65160201e-02 -1.56577446e-03 1.16469126e-03
4.69240384e-02 -5.26165451e-04 1.22722440e-03
4.73320562e-02 -1.42144842e-03 1.19767796e-03
4.77400736e-02 7.12659471e-04 1.21801409e-03
4.81480905e-02 2.62024420e-04 1.19519066e-03
4.85561070e-02 -4.93475419e-04 1.20060261e-03
4.89641230e-02 2.39035252e-03 1.20898236e-03
4.93721385e-02 2.11111334e-03 1.14562763e-03
4.97801536e-02 1.85719236e-03 1.16743123e-03
5.01881682e-02 5.84621207e-04 1.10651097e-03
5.05961823e-02 1.47857601e-03 1.13955460e-03
5.10041960e-02 -8.13858048e-04 1.14419031e-03
5.14122091e-02 -1.61501630e-03 1.10862299e-03
5.18202218e-02 -1.79690222e-03 1.11978705e-03
5.22282340e-02 -4.31789052e-04 1.13967349e-03
5.26362457e-02 -7.56401747e-04 1.11935339e-03
5.30442569e-02 4.23611286e-06 1.08448057e-03
5.34522675e-02 -9.42743136e-05 1.08600018e-03
5.38602777e-02 6.80779052e-04 1.11490890e-03
5.42682874e-02 1.29037563e-03 1.07760557e-03
5.46762965e-02 -4.75287217e-04 1.11352710e-03
5.50843052e-02 -7.53444724e-04 1.05199982e-03
5.54923133e-02 8.95016756e-04 1.13548953e-03
5.59003208e-02 1.00087352e-03 1.11880967e-03
5.63083279e-02 -7.77183802e-04 1.06667767e-03
5.67163344e-02 -1.43437524e-03 1.09603905e-03
5.71243404e-02 -2.82953391e-04 1.05648074e-03
5.75323458e-02 1.67720159e-03 1.12216202e-03
5.79403507e-02 8.75881996e-04 1.07907402e-03
5.83483551e-02 -9.06512816e-04 1.09945643e-03
5.87563588e-02 1.83015884e-03 1.16695632e-03
5.91643621e-02 -1.45660187e-03 1.08838291e-03
5.95723647e-02 -1.23368788e-03 1.12558191e-03
5.99803668e-02 2.20704585e-03 1.12963122e-03
6.03883684e-02 -5.52308977e-04 1.13541784e-03
6.07963693e-02 2.33223265e-03 1.11537961e-03
6.12043697e-02 -5.00049692e-04 1.11325563e-03
6.16123695e-02 1.64482739e-03 1.09303446e-03
6.20203687e-02 1.89032908e-03 1.10956432e-03
6.24283674e-02 -2.24541274e-03 1.02763196e-03
6.28363654e-02 -4.17576170e-04 1.01591986e-03
6.32443629e-02 1.10532991e-03 1.06613820e-03
6.36523597e-02 2.36191477e-03 1.10389483e-03
6.40603559e-02 -1.18742774e-03 1.06880672e-03
6.44683516e-02 8.69290988e-04 1.06766841e-03
6.48763466e-02 1.73552721e-03 1.01635938e-03
6.52843410e-02 4.83768618e-04 1.01125399e-03
6.56923348e-02 3.05523123e-04 1.01203746e-03
6.61003279e-02 -5.58472802e-05 9.65755158e-04
6.65083205e-02 -2.80087786e-04 1.00487209e-03
6.69163124e-02 -1.05690727e-04 9.59012999e-04
6.73243036e-02 3.26551263e-04 1.00187856e-03
6.77322943e-02 -1.40046555e-03 9.48294066e-04
6.81402842e-02 -1.20668101e-03 9.57222849e-04
6.85482736e-02 3.32906602e-04 1.00727279e-03
6.89562623e-02 1.05666165e-03 9.80316081e-04
6.93642503e-02 -2.03304398e-04 9.76844051e-04
6.97722377e-02 6.41705026e-04 9.67410167e-04
7.01802244e-02 -6.85190408e-05 9.70180508e-04
7.05882105e-02 -3.22380555e-04 9.67091712e-04
7.09961958e-02 2.14687462e-03 9.41606491e-04
7.14041805e-02 5.81069059e-05 9.31319456e-04
7.18121646e-02 3.59847952e-04 9.48413517e-04
7.22201479e-02 5.52667595e-04 9.28567033e-04
7.26281306e-02 -1.60986598e-04 9.42207090e-04
7.30361126e-02 -1.45028760e-03 9.09288978e-04
7.34440938e-02 5.47129491e-04 9.19512119e-04
7.38520744e-02 1.28023638e-03 9.41480010e-04
7.42600543e-02 -7.77891024e-04 9.43912001e-04
7.46680335e-02 2.46825995e-04 9.18191845e-04
7.50760119e-02 -4.35301854e-04 9.42852202e-04
7.54839897e-02 5.12337842e-04 9.11357230e-04
7.58919667e-02 -9.28513148e-05 9.16540870e-04
7.62999431e-02 -5.27424621e-04 9.25994169e-04
7.67079187e-02 8.58280340e-04 9.28831720e-04
7.71158935e-02 -1.13256858e-03 8.83872251e-04
7.75238677e-02 2.05983654e-03 9.07991438e-04
7.79318411e-02 8.77710597e-04 8.88329110e-04
7.83398137e-02 -8.35175577e-04 9.02312686e-04
7.87477857e-02 8.42036704e-05 8.74869493e-04
7.91557568e-02 3.93165102e-04 9.04772102e-04
7.95637273e-02 -7.12424743e-04 8.57824620e-04
7.99716969e-02 2.89857199e-04 8.89552342e-04
8.03796658e-02 -1.78386120e-04 8.94116352e-04
8.07876340e-02 7.02013152e-04 9.00086876e-04
8.11956014e-02 5.11249182e-04 8.70351934e-04
8.16035680e-02 9.93147723e-04 8.71084919e-04
8.20115338e-02 2.20103040e-04 8.70927330e-04
8.24194989e-02 8.22330598e-04 8.65962028e-04
8.28274631e-02 1.20620231e-03 8.55459191e-04
8.32354266e-02 -3.08524212e-04 8.59526821e-04
8.36433893e-02 9.51476639e-04 8.60728298e-04
8.40513512e-02 7.58659131e-04 8.67478489e-04
8.44593123e-02 1.70282537e-04 8.54639755e-04
8.48672727e-02 2.31720164e-04 8.63927864e-04
8.52752322e-02 3.33107217e-04 8.49773285e-04
8.56831909e-02 -8.54642439e-04 8.32602969e-04
8.60911487e-02 9.65622871e-04 8.69686650e-04
8.64991058e-02 6.18647771e-04 8.40039925e-04
8.69070620e-02 1.06167058e-03 8.65455889e-04
8.73150175e-02 4.80340814e-04 8.63549518e-04
8.77229721e-02 1.16001826e-03 8.40984757e-04
8.81309258e-02 6.17663718e-04 8.60238758e-04
8.85388787e-02 -1.98552860e-03 8.17001562e-04
8.89468308e-02 -4.75055324e-05 8.46660192e-04
8.93547821e-02 2.17477124e-04 8.26629940e-04
8.97627325e-02 2.27439210e-04 8.12744188e-04
9.01706820e-02 1.05624858e-03 8.21915241e-04
9.05786307e-02 -2.20151923e-04 8.20245640e-04
9.09865785e-02 -3.60837525e-05 8.31855114e-04
9.13945255e-02 -1.24864503e-03 8.05946840e-04
9.18024716e-02 5.55939720e-05 8.11155922e-04
9.22104168e-02 2.38702356e-04 8.06560615e-04
9.26183611e-02 -1.50278886e-03 7.82419609e-04
9.30263046e-02 -1.37077653e-04 7.97577067e-04
9.34342472e-02 7.88124422e-04 8.15451033e-04
9.38421889e-02 5.92897640e-04 8.10299280e-04
9.42501297e-02 -4.40176770e-04 8.06770132e-04
9.46580696e-02 -1.25054159e-04 8.09144634e-04
9.50660087e-02 -1.02645151e-03 7.93061535e-04
9.54739468e-02 9.68335842e-05 7.90031597e-04
9.58818840e-02 -2.24333969e-04 7.77962119e-04
9.62898203e-02 -5.84978717e-04 8.04820512e-04
9.66977557e-02 2.18400671e-04 8.06782573e-04
9.71056902e-02 1.20025664e-04 7.92164861e-04
9.75136237e-02 5.66547708e-04 7.92087966e-04
9.79215564e-02 1.49110597e-03 7.88025204e-04
9.83294881e-02 1.55422053e-03 7.94679201e-04
9.87374188e-02 3.65978123e-04 7.73821502e-04
9.91453487e-02 -5.51404368e-05 7.85557297e-04
9.95532775e-02 2.97845973e-04 7.62778087e-04
9.99612055e-02 -5.00037036e-04 7.75901171e-04
1.00369132e-01 9.33786100e-04 7.67722613e-04
1.00777059e-01 5.26157353e-04 7.77220637e-04
1.01184984e-01 1.27378700e-03 7.61180967e-04
1.01592908e-01 -2.97576869e-04 7.54552282e-04
1.02000831e-01 -2.05132543e-03 7.30685307e-04
1.02408753e-01 -2.63341385e-04 7.61810954e-04
1.02816674e-01 -5.82665889e-04 7.56025587e-04
1.03224595e-01 5.38877333e-04 7.40134718e-04
1.03632514e-01 9.72435392e-04 7.35305641e-04
1.04040432e-01 -4.75756106e-04 7.00441858e-04
1.04448349e-01 1.20494719e-04 7.56595169e-04
1.04856266e-01 1.19694190e-03 7.71377174e-04
1.05264181e-01 -7.60779679e-05 7.50544212e-04
1.05672095e-01 -8.72869845e-04 7.47535971e-04
1.06080009e-01 -4.86038949e-04 7.54101930e-04
1.06487921e-01 4.67318916e-04 7.39320205e-04
1.06895832e-01 -6.71268012e-05 7.38789040e-04
1.07303743e-01 -1.20140958e-04 7.39673990e-04
1.07711652e-01 -5.30524704e-04 7.25373153e-04
1.08119560e-01 1.71314763e-03 7.52872784e-04
1.08527467e-01 5.76367745e-04 7.24589740e-04
1.08935374e-01 4.06798892e-04 7.65352140e-04
1.09343279e-01 -1.25689325e-03 7.29225438e-04
1.09751183e-01 3.38693328e-04 7.59837564e-04
1.10159086e-01 -4.26344691e-04 7.32207227e-04
1.10566988e-01 -6.36457182e-04 6.95468459e-04
1.10974889e-01 1.82067617e-04 7.04064439e-04
1.11382789e-01 2.54469779e-04 7.27701749e-04
1.11790688e-01 1.97646047e-04 7.34513122e-04
1.12198586e-01 -3.19241665e-04 7.12019360e-04
1.12606482e-01 -5.09907387e-04 7.16256707e-04
1.13014378e-01 2.86303744e-04 7.38417427e-04
1.13422273e-01 -3.52006374e-04 7.20509808e-04
1.13830166e-01 -3.46902660e-04 7.26196361e-04
1.14238059e-01 4.85111258e-04 7.39490946e-04
1.14645950e-01 -1.15060501e-03 7.42761381e-04
1.15053840e-01 9.06980022e-04 7.42529813e-04
1.15461730e-01 6.39717504e-04 7.26753658e-04
1.15869618e-01 3.68194393e-04 7.37673173e-04
1.16277505e-01 1.35184918e-04 7.26874818e-04
1.16685391e-01 1.89434928e-03 7.62902037e-04
1.17093275e-01 3.67024834e-04 7.43647416e-04
1.17501159e-01 3.00677129e-04 7.52879856e-04
1.17909042e-01 -3.03584129e-05 7.18570098e-04
1.18316923e-01 -3.23392813e-05 7.24087981e-04
1.18724803e-01 -3.70957685e-04 7.36543577e-04
1.19132683e-01 1.08318361e-03 7.08451603e-04
1.19540561e-01 -9.79752081e-05 7.20832055e-04
1.19948438e-01 1.00153308e-03 6.93123626e-04
1.20356313e-01 -1.66256212e-04 6.81505140e-04
1.20764188e-01 -3.79157957e-04 6.86103920e-04
1.21172062e-01 1.84071037e-04 6.81554500e-04
1.21579934e-01 2.54199839e-04 6.91606656e-04
1.21987805e-01 -3.22208735e-04 6.76991283e-04
1.22395675e-01 -9.17416456e-04 6.63225581e-04
1.22803544e-01 4.76698777e-05 6.77825842e-04
1.23211412e-01 -1.20627256e-04 6.91872846e-04
1.23619278e-01 7.62721225e-04 6.75365226e-04
1.24027144e-01 -4.40816626e-04 6.86646833e-04
1.24435008e-01 -8.23916564e-04 6.76805422e-04
1.24842871e-01 -1.96803478e-05 6.70565714e-04
1.25250733e-01 -4.73155199e-04 6.84821405e-04
1.25658594e-01 3.76157285e-04 6.78724159e-04
1.26066453e-01 -1.33929234e-03 6.55974390e-04
1.26474311e-01 -8.79506268e-05 6.73095689e-04
1.26882168e-01 1.05567995e-04 6.78398391e-04
1.27290024e-01 6.46302314e-04 6.87045502e-04
1.27697879e-01 5.46079955e-04 6.62522165e-04
1.28105732e-01 5.07716091e-04 6.69703863e-04
1.28513585e-01 -6.22223205e-04 6.62265930e-04
1.28921436e-01 -5.28062054e-04 6.56083611e-04
1.29329285e-01 -1.03573200e-04 6.64259266e-04
1.29737134e-01 1.31198030e-04 6.69959738e-04
1.30144981e-01 -5.00380314e-04 6.52167737e-04
1.30552828e-01 1.32538446e-03 6.45887784e-04
1.30960672e-01 1.05662510e-03 6.58642057e-04
1.31368516e-01 2.35430221e-04 6.48158950e-04
1.31776358e-01 1.47800666e-04 6.69112290e-04
1.32184200e-01 4.61525186e-04 6.59660124e-04
1.32592039e-01 5.94966002e-04 6.41176488e-04
1.32999878e-01 -1.12657806e-03 6.31951910e-04
1.33407715e-01 7.89389345e-04 6.37611875e-04
1.33815552e-01 9.97483209e-04 6.46236404e-04
1.34223386e-01 6.75681607e-04 6.45924549e-04
1.34631220e-01 1.50654973e-04 6.28834624e-04
1.35039052e-01 -3.39736367e-04 6.53048674e-04
1.35446883e-01 -1.25542346e-03 6.31743006e-04
1.35854713e-01 5.65963426e-04 6.35245194e-04
1.36262541e-01 7.72952179e-04 6.42636325e-04
1.36670368e-01 -5.73788430e-04 6.31350149e-04
1.37078194e-01 -2.03763201e-05 6.31858680e-04
1.37486019e-01 -6.69526229e-06 6.50487670e-04
1.37893842e-01 3.44288689e-04 6.48019144e-04
1.38301664e-01 5.07352985e-04 6.35207538e-04
1.38709485e-01 7.98555076e-04 6.39593649e-04
1.39117304e-01 1.51009286e-04 6.08699763e-04
1.39525122e-01 -9.62879548e-05 6.29927592e-04
1.39932939e-01 -5.47179223e-04 6.19968978e-04
1.40340754e-01 -1.72976109e-04 6.04859959e-04
1.40748568e-01 8.20498589e-04 6.23571681e-04
1.41156381e-01 -1.76855160e-05 6.10938312e-04
1.41564192e-01 2.43411051e-04 6.13746804e-04
1.41972002e-01 -3.57700551e-04 6.21753504e-04
1.42379811e-01 1.33356791e-03 6.20826396e-04
1.42787618e-01 3.00414241e-04 6.29710306e-04
1.43195424e-01 9.72863232e-04 6.49482923e-04
1.43603228e-01 1.09667643e-03 6.40665511e-04
1.44011032e-01 -6.99899061e-04 6.25375491e-04
1.44418833e-01 3.36005633e-04 6.41205231e-04
1.44826634e-01 -3.70725381e-06 6.23440513e-04
1.45234433e-01 3.29433417e-04 6.22799978e-04
1.45642231e-01 -1.61844909e-04 6.31931284e-04
1.46050027e-01 5.90424213e-04 6.31355180e-04
1.46457822e-01 -3.16592852e-05 6.44784450e-04
1.46865616e-01 1.16867199e-04 6.31233163e-04
1.47273408e-01 2.08523199e-03 6.55494891e-04
1.47681199e-01 1.39774802e-04 6.29096255e-04
1.48088988e-01 -1.33191855e-03 6.06890027e-04
1.48496776e-01 3.88757304e-04 6.32197853e-04
1.48904563e-01 5.47221178e-04 6.16370083e-04
1.49312348e-01 2.12319313e-04 6.17449226e-04
1.49720132e-01 1.88737760e-03 6.10520570e-04
1.50127914e-01 1.38438328e-03 6.19609454e-04
1.50535695e-01 -3.31962998e-05 5.97218144e-04
1.50943474e-01 5.75883144e-04 6.20849222e-04
1.51351252e-01 1.50979455e-03 6.05062230e-04
1.51759029e-01 1.89259434e-04 6.12064951e-04
1.52166804e-01 3.67335515e-05 6.20293244e-04
1.52574578e-01 7.62319053e-04 5.83539883e-04
1.52982350e-01 6.87458463e-04 6.03202990e-04
1.53390121e-01 1.11780542e-03 6.00972812e-04
1.53797890e-01 1.04038940e-03 5.84292134e-04
1.54205658e-01 -1.56265717e-04 5.83383210e-04
1.54613425e-01 1.14216857e-04 6.01783282e-04
1.55021190e-01 2.56592497e-05 5.95846853e-04
1.55428953e-01 2.41384544e-04 5.93217853e-04
1.55836716e-01 3.55148458e-04 5.89118351e-04
1.56244476e-01 9.45708135e-05 5.85495437e-04
1.56652235e-01 1.58261159e-03 5.98826522e-04
1.57059993e-01 -3.86766280e-04 5.80621767e-04
1.57467749e-01 1.36274957e-04 5.71240575e-04
1.57875504e-01 -2.11537224e-04 5.70536225e-04
1.58283257e-01 -2.44425402e-04 5.71881234e-04
1.58691008e-01 -2.24050909e-04 5.81007152e-04
1.59098758e-01 4.21578227e-04 5.80735081e-04
1.59506507e-01 -5.95361811e-04 5.83518770e-04
1.59914254e-01 -4.11927005e-04 5.67747550e-04
1.60322000e-01 -5.37649909e-04 5.66547648e-04
1.60729744e-01 4.56208454e-04 5.86463877e-04
1.61137486e-01 1.50086523e-04 5.64751464e-04
1.61545228e-01 5.06864871e-04 5.84304700e-04
1.61952967e-01 2.50731537e-04 5.77482300e-04
1.62360705e-01 7.55271589e-04 5.77560333e-04
1.62768441e-01 6.83849191e-04 5.49714151e-04
1.63176176e-01 4.39182828e-04 5.72614538e-04
1.63583910e-01 -1.38130562e-04 5.56947857e-04
1.63991641e-01 5.71489010e-04 5.71853450e-04
1.64399372e-01 1.23861669e-04 5.78982660e-04
1.64807100e-01 -1.12965619e-03 5.71299267e-04
1.65214827e-01 2.83050316e-04 5.71645404e-04
1.65622553e-01 1.13156539e-03 5.57329365e-04
1.66030277e-01 -5.13990728e-04 5.62349759e-04
1.66437999e-01 -1.46474044e-04 5.52512752e-04
1.66845720e-01 5.37890071e-04 5.61028904e-04
1.67253439e-01 8.78076733e-04 5.69361440e-04
1.67661157e-01 1.34832920e-03 5.61221929e-04
1.68068873e-01 1.84903508e-04 5.59867617e-04
1.68476588e-01 -6.06135688e-04 5.60149134e-04
1.68884301e-01 -4.86332307e-04 5.51314920e-04
1.69292012e-01 4.10725251e-04 5.45647871e-04
1.69699721e-01 4.55997921e-04 5.53127097e-04
1.70107430e-01 6.22048892e-04 5.52400114e-04
1.70515136e-01 1.01974311e-04 5.41241608e-04
1.70922841e-01 7.88896175e-05 5.52577392e-04
1.71330544e-01 4.80242817e-04 5.49092065e-04
1.71738246e-01 4.11781838e-04 5.47285171e-04
1.72145946e-01 -8.81524317e-04 5.53578795e-04
1.72553644e-01 -6.72635253e-04 5.43299775e-04
1.72961341e-01 3.70029488e-04 5.45853693e-04
1.73369036e-01 2.06728819e-04 5.44025936e-04
1.73776729e-01 1.20620284e-03 5.49329845e-04
1.74184421e-01 5.06576902e-04 5.37798792e-04
1.74592111e-01 4.18679710e-04 5.42557681e-04
1.74999799e-01 -4.46068471e-04 5.26752435e-04
1.75407486e-01 -3.43523115e-04 5.47897539e-04
1.75815171e-01 -3.20776054e-04 5.40968534e-04
1.76222855e-01 -4.68197911e-04 5.38738061e-04
1.76630537e-01 1.01243321e-03 5.41688565e-04
1.77038217e-01 -9.02361189e-04 5.38178793e-04
1.77445895e-01 6.97156319e-04 5.47740431e-04
1.77853572e-01 4.33794790e-05 5.44710063e-04
1.78261247e-01 1.14917157e-03 5.38883223e-04
1.78668921e-01 -4.21797153e-04 5.41223653e-04
1.79076592e-01 3.42215503e-04 5.34574097e-04
1.79484262e-01 -4.38281579e-04 5.22006218e-04
1.79891931e-01 -7.70838650e-04 5.27087393e-04
1.80299597e-01 -4.42133725e-04 5.19121920e-04
1.80707262e-01 -3.27456552e-04 5.29180216e-04
1.81114925e-01 1.58717172e-04 5.24407878e-04
1.81522587e-01 1.06852614e-03 5.23098375e-04
1.81930247e-01 1.54163241e-04 5.16545076e-04
1.82337905e-01 1.03677196e-03 5.23844033e-04
1.82745561e-01 5.75761492e-04 5.32410648e-04
1.83153215e-01 -2.37790865e-04 5.24080879e-04
1.83560868e-01 4.53610289e-05 5.21000936e-04
1.83968519e-01 -9.43829139e-04 5.24437502e-04
1.84376169e-01 -7.72832592e-04 5.34378448e-04
1.84783816e-01 3.52442825e-04 5.29396079e-04
1.85191462e-01 1.41198250e-03 5.31267848e-04
1.85599106e-01 -1.52430317e-04 5.23429450e-04
1.86006749e-01 -4.67214034e-04 5.16943544e-04
1.86414389e-01 1.23666336e-04 5.18313083e-04
1.86822028e-01 5.48988736e-04 5.37602701e-04
1.87229665e-01 -9.03650360e-05 5.10511567e-04
1.87637300e-01 -1.58883012e-04 5.09234486e-04
1.88044934e-01 -2.22669136e-04 5.10180129e-04
1.88452566e-01 5.82666953e-04 5.11675142e-04
1.88860195e-01 5.68604737e-05 5.19250902e-04
1.89267824e-01 4.93509586e-04 5.09316215e-04
1.89675450e-01 -2.85314638e-04 4.98372229e-04
1.90083074e-01 5.69465900e-04 5.10025937e-04
1.90490697e-01 -2.85363608e-04 5.16739961e-04
1.90898318e-01 -6.78362748e-04 4.94465618e-04
1.91305937e-01 -3.42979052e-04 5.07286832e-04
1.91713555e-01 4.66770041e-04 5.06157816e-04
1.92121170e-01 2.35491647e-04 5.06450265e-04
1.92528784e-01 3.59781445e-04 5.03802734e-04
1.92936396e-01 1.53593232e-04 5.07092434e-04
1.93344006e-01 4.66267887e-04 5.06962467e-04
1.93751614e-01 7.21347937e-04 5.11197514e-04
1.94159220e-01 5.82723901e-04 5.03626873e-04
1.94566825e-01 6.97634957e-04 5.00810270e-04
1.94974427e-01 3.31175748e-04 5.01476984e-04
1.95382028e-01 -6.57364407e-05 4.96387132e-04
1.95789627e-01 1.30504725e-04 4.93572641e-04
1.96197224e-01 -1.64292438e-04 4.95405256e-04
1.96604820e-01 2.51327990e-04 5.08268480e-04
1.97012413e-01 -1.07443328e-04 5.03792845e-04
1.97420005e-01 4.89260864e-04 5.09175107e-04
1.97827594e-01 -3.04869588e-04 4.94295054e-04
1.98235182e-01 -6.27715245e-04 5.02432783e-04
1.98642768e-01 1.30820142e-04 5.06665784e-04
1.99050352e-01 5.08813885e-04 4.89967647e-04
1.99457934e-01 2.32971811e-04 5.05344341e-04
1.99865514e-01 8.93415620e-04 5.14669902e-04
2.00273093e-01 3.38226544e-04 5.18968241e-04
2.00680669e-01 3.67022921e-04 5.04909406e-04
2.01088244e-01 5.23789548e-04 5.15282400e-04
2.01495816e-01 1.50462972e-04 5.09232550e-04
2.01903387e-01 -7.94479476e-04 5.02800745e-04
2.02310956e-01 1.48854855e-04 5.16709179e-04
2.02718523e-01 -5.25589203e-05 5.06746458e-04
2.03126088e-01 4.37545494e-05 5.15889389e-04
2.03533651e-01 5.77332505e-04 5.19123310e-04
2.03941212e-01 5.13492086e-04 5.10663141e-04
2.04348771e-01 -7.03536527e-04 5.00685464e-04
2.04756329e-01 -3.95668014e-04 4.94580979e-04
2.05163884e-01 -1.35577426e-05 5.02507499e-04
2.05571438e-01 -1.41527690e-06 5.08701407e-04
2.05978989e-01 -3.42191370e-04 4.96819190e-04
2.06386539e-01 4.35705005e-04 5.02391170e-04
2.06794086e-01 1.66687685e-04 4.95788830e-04
2.07201632e-01 5.57121121e-05 4.97829663e-04
2.07609175e-01 6.24623333e-04 4.81230279e-04
2.08016717e-01 3.33232595e-04 4.94990171e-04
2.08424257e-01 2.18177583e-04 4.81601523e-04
2.08831794e-01 -2.38519678e-04 4.81989838e-04
2.09239330e-01 6.70294185e-04 4.80426423e-04
2.09646864e-01 -6.54327690e-04 4.76857565e-04
2.10054396e-01 -1.58069558e-04 4.73962916e-04
2.10461925e-01 1.93091556e-04 4.82726600e-04
2.10869453e-01 -1.64733267e-04 4.74057889e-04
2.11276979e-01 -3.09419479e-04 4.78682754e-04
2.11684503e-01 2.59102057e-04 4.73814361e-04
2.12092025e-01 5.84357469e-04 4.87024680e-04
2.12499544e-01 4.36660742e-04 4.71345991e-04
2.12907062e-01 -1.60978612e-04 4.69100415e-04
2.13314578e-01 -5.45006652e-04 4.86521405e-04
2.13722092e-01 6.13876368e-04 4.78267698e-04
2.14129603e-01 7.89648274e-04 4.78816935e-04
2.14537113e-01 5.32421510e-04 4.74271929e-04
2.14944621e-01 -5.02066663e-04 4.73259520e-04
2.15352126e-01 2.04306555e-04 4.70181768e-04
2.15759630e-01 -7.93016622e-04 4.73868677e-04
2.16167131e-01 4.07178222e-04 4.78408887e-04
2.16574631e-01 1.28223622e-03 4.66356740e-04
2.16982128e-01 7.25412869e-04 4.79949048e-04
2.17389624e-01 6.20349825e-04 4.72730968e-04
2.17797117e-01 1.72664487e-04 4.62427732e-04
2.18204608e-01 -3.94485832e-04 4.77146893e-04
2.18612098e-01 -1.26637456e-04 4.58975690e-04
2.19019585e-01 1.18186963e-04 4.65899087e-04
2.19427070e-01 3.84734468e-04 4.65723277e-04
2.19834553e-01 8.93707319e-04 4.68184870e-04
2.20242034e-01 4.91629775e-04 4.65997368e-04
2.20649512e-01 3.75054626e-04 4.60934079e-04
2.21056989e-01 2.98915822e-04 4.68756152e-04
2.21464464e-01 -3.66015775e-05 4.70429957e-04
2.21871936e-01 2.26285716e-04 4.60480436e-04
2.22279407e-01 4.95428245e-05 4.57932048e-04
2.22686875e-01 1.32784663e-05 4.51298929e-04
2.23094341e-01 -1.54886148e-04 4.51738600e-04
2.23501805e-01 2.67211116e-04 4.65527022e-04
2.23909267e-01 3.86750070e-04 4.61428194e-04
2.24316727e-01 8.74880425e-04 4.61687624e-04
2.24724185e-01 2.46739375e-04 4.63029234e-04
2.25131641e-01 1.66709267e-05 4.62197955e-04
2.25539094e-01 -4.42870490e-04 4.48099916e-04
2.25946545e-01 3.18266248e-04 4.49339132e-04
2.26353995e-01 7.97496047e-04 4.65154003e-04
2.26761442e-01 3.34357268e-04 4.54082139e-04
2.27168887e-01 2.81077058e-04 4.62426314e-04
2.27576329e-01 1.69651851e-04 4.53873232e-04
2.27983770e-01 -1.77631874e-04 4.54459725e-04
2.28391208e-01 8.55867764e-04 4.53072169e-04
2.28798645e-01 -4.44764260e-05 4.50560741e-04
2.29206079e-01 7.46798810e-04 4.58358025e-04
2.29613511e-01 1.72556665e-04 4.51336483e-04
2.30020941e-01 -2.50727177e-04 4.61541120e-04
2.30428368e-01 1.93922966e-04 4.60961412e-04
2.30835794e-01 7.35914769e-06 4.60981920e-04
2.31243217e-01 -4.62917989e-04 4.57855006e-04
2.31650638e-01 3.69606385e-04 4.65871032e-04
2.32058057e-01 1.94842247e-04 4.81693699e-04
2.32465473e-01 -1.86751627e-04 4.63345855e-04
2.32872888e-01 -1.39660151e-04 4.55844554e-04
2.33280300e-01 3.45781655e-04 4.67055053e-04
2.33687710e-01 -1.53964305e-04 4.63222317e-04
2.34095118e-01 9.94457663e-05 4.65329504e-04
2.34502524e-01 4.78927768e-05 4.57579553e-04
2.34909927e-01 1.00381825e-04 4.70552758e-04
2.35317328e-01 1.11852593e-04 4.49054795e-04
2.35724727e-01 -1.58801132e-05 4.61645377e-04
2.36132124e-01 1.58459452e-04 4.60264184e-04
2.36539518e-01 -4.93108282e-04 4.55411905e-04
2.36946911e-01 1.85752685e-05 4.59451632e-04
2.37354301e-01 3.03102513e-04 4.60446733e-04
2.37761688e-01 6.49096064e-05 4.61517328e-04
2.38169074e-01 1.92530659e-04 4.55620708e-04
2.38576457e-01 1.49257451e-04 4.45484017e-04
2.38983838e-01 2.47017553e-04 4.50994618e-04
2.39391217e-01 -1.14963625e-04 4.48423302e-04
2.39798593e-01 5.55043086e-04 4.51634323e-04
2.40205967e-01 7.41107370e-04 4.55002586e-04
2.40613339e-01 -4.00949748e-04 4.38508755e-04
2.41020709e-01 5.59695712e-04 4.38443269e-04
2.41428076e-01 -5.84075424e-04 4.52197258e-04
2.41835441e-01 2.40288483e-04 4.46159651e-04
2.42242804e-01 7.32068511e-05 4.41930108e-04
2.42650165e-01 6.65431049e-04 4.44269820e-04
2.43057523e-01 4.86419447e-04 4.48096801e-04
2.43464879e-01 1.74573237e-04 4.34084526e-04
2.43872232e-01 2.74231878e-04 4.40191116e-04
2.44279584e-01 8.42136817e-05 4.31330251e-04
2.44686933e-01 -9.70346845e-07 4.31850247e-04
2.45094279e-01 9.77263676e-04 4.35618096e-04
2.45501624e-01 8.66342816e-05 4.40282937e-04
2.45908966e-01 6.22339685e-05 4.34219348e-04
2.46316305e-01 2.59995446e-04 4.32654048e-04
2.46723643e-01 1.35913530e-04 4.32680218e-04
2.47130978e-01 6.70873849e-04 4.36194366e-04
2.47538310e-01 8.26430755e-05 4.38608098e-04
2.47945641e-01 -5.24361658e-05 4.29812481e-04
2.48352969e-01 -2.46090473e-05 4.26203193e-04
2.48760294e-01 -1.21730510e-04 4.24189352e-04
2.49167618e-01 -8.95052073e-05 4.30200663e-04
2.49574939e-01 3.17922852e-04 4.41332954e-04
2.49982257e-01 1.25009543e-05 4.46531544e-04
2.50389573e-01 2.88472529e-04 4.27894509e-04
2.50796887e-01 8.79318362e-04 4.38340815e-04
2.51204199e-01 -1.39321088e-04 4.31002807e-04
2.51611508e-01 1.03585204e-03 4.33669246e-04
2.52018815e-01 9.34791266e-04 4.29418475e-04
2.52426119e-01 1.03038685e-03 4.39072096e-04
2.52833421e-01 7.05744143e-04 4.26491356e-04
2.53240720e-01 2.72897840e-04 4.28647122e-04
2.53648017e-01 4.13135858e-04 4.28475175e-04
2.54055312e-01 6.14456972e-04 4.26711876e-04
2.54462605e-01 -2.05782709e-04 4.22757243e-04
2.54869894e-01 5.10819275e-05 4.19828174e-04
2.55277182e-01 -6.04475836e-05 4.21460956e-04
2.55684467e-01 1.22406781e-04 4.22765961e-04
2.56091750e-01 6.96102885e-04 4.21104917e-04
2.56499030e-01 5.86543975e-04 4.24356633e-04
2.56906308e-01 4.01145154e-04 4.14674161e-04
2.57313583e-01 4.20442500e-05 4.18065866e-04
2.57720856e-01 -9.45016893e-05 4.20045186e-04
2.58128127e-01 -1.83052696e-04 4.23135427e-04
2.58535395e-01 5.22410297e-05 4.22193859e-04
2.58942661e-01 -6.20550110e-04 4.16915745e-04
2.59349924e-01 -1.22795571e-04 4.15998990e-04
2.59757184e-01 3.86573758e-04 4.29104700e-04
2.60164443e-01 -5.90670430e-05 4.23771926e-04
2.60571699e-01 3.01118482e-04 4.26026641e-04
2.60978952e-01 1.16383800e-04 4.24001176e-04
2.61386203e-01 6.34618392e-04 4.21321227e-04
2.61793451e-01 1.13841177e-04 4.17337015e-04
2.62200697e-01 -1.16034119e-04 4.04436957e-04
2.62607941e-01 -6.80935327e-05 4.22335482e-04
2.63015182e-01 -1.59892526e-04 4.10329718e-04
2.63422420e-01 5.18182754e-04 4.22230260e-04
2.63829656e-01 4.50391153e-04 4.23451388e-04
2.64236890e-01 2.33224453e-04 4.19837230e-04
2.64644121e-01 -1.50519378e-04 4.09008196e-04
2.65051349e-01 -1.72705134e-04 4.07337293e-04
2.65458575e-01 -2.33126786e-04 4.07846516e-04
2.65865799e-01 5.42356494e-04 4.08714670e-04
2.66273019e-01 2.77084527e-04 4.19702468e-04
2.66680238e-01 1.76413754e-04 4.07904669e-04
2.67087454e-01 -1.64856697e-04 4.05355827e-04
2.67494667e-01 7.81431769e-04 4.17208672e-04
2.67901878e-01 -7.64452127e-05 4.15245364e-04
2.68309086e-01 9.32712029e-04 4.06950772e-04
2.68716292e-01 -4.93037826e-04 4.04145693e-04
2.69123495e-01 -4.03578145e-05 4.05486859e-04
2.69530696e-01 1.32595628e-04 4.05349550e-04
2.69937894e-01 -8.04144363e-04 3.98392196e-04
2.70345090e-01 1.00906549e-04 4.03817768e-04
2.70752283e-01 5.27939213e-04 4.08068261e-04
2.71159473e-01 2.21449558e-04 4.07671357e-04
2.71566661e-01 5.42669765e-04 4.05239040e-04
2.71973847e-01 9.75082310e-04 4.12537870e-04
2.72381030e-01 2.06180185e-04 4.15642419e-04
2.72788210e-01 9.23785221e-06 4.06684246e-04
2.73195387e-01 5.03548472e-04 4.06239925e-04
2.73602562e-01 -1.42019505e-04 3.98246925e-04
2.74009735e-01 2.43709915e-04 4.00724262e-04
2.74416905e-01 5.16713679e-04 3.91289652e-04
2.74824072e-01 -1.95608004e-04 3.95221059e-04
2.75231237e-01 -2.22872356e-04 3.97718935e-04
2.75638399e-01 1.11913738e-04 3.92066621e-04
2.76045558e-01 7.63277579e-05 3.93218076e-04
2.76452715e-01 5.61391171e-04 3.99421260e-04
2.76859869e-01 -5.69678217e-04 3.91326445e-04
2.77267021e-01 -1.86293477e-04 3.92377561e-04
2.77674170e-01 5.69972857e-04 3.89458872e-04
2.78081316e-01 5.96117648e-04 3.97893965e-04
2.78488460e-01 4.60863727e-04 3.98731135e-04
2.78895601e-01 7.47800148e-04 3.92092776e-04
2.79302740e-01 3.72680674e-04 3.99556753e-04
2.79709875e-01 4.81990022e-04 3.91958351e-04
2.80117009e-01 6.27280872e-04 3.95513996e-04
2.80524139e-01 1.82495166e-04 3.97919548e-04
2.80931267e-01 -5.02334515e-04 3.85208176e-04
2.81338392e-01 2.39257571e-04 3.99032081e-04
2.81745515e-01 3.52590877e-04 3.97403664e-04
2.82152635e-01 -5.97187771e-05 3.95179805e-04
2.82559752e-01 -2.61175007e-04 3.91282430e-04
2.82966866e-01 5.74697961e-04 3.95300977e-04
2.83373978e-01 5.69077343e-04 3.90280099e-04
2.83781088e-01 6.98437712e-04 3.95575914e-04
2.84188194e-01 1.86372651e-04 3.92484579e-04
2.84595298e-01 -4.49565876e-04 3.96178097e-04
2.85002399e-01 -3.54412581e-04 3.89727529e-04
2.85409497e-01 5.44992522e-04 3.90992815e-04
2.85816593e-01 -1.78687407e-05 4.00510775e-04
2.86223686e-01 2.85437752e-04 4.04359871e-04
2.86630777e-01 8.73724624e-05 3.86220180e-04
2.87037864e-01 6.11687878e-04 4.01538881e-04
2.87444949e-01 -3.06613701e-05 4.05732319e-04
2.87852031e-01 -1.06237872e-03 3.94275202e-04
2.88259111e-01 -1.35012046e-04 3.93456483e-04
2.88666188e-01 3.85932915e-04 3.97859613e-04
2.89073262e-01 -5.19634328e-04 3.97646737e-04
2.89480333e-01 -2.08455043e-04 4.00648769e-04
2.89887401e-01 8.74408793e-04 4.03376889e-04
2.90294467e-01 5.95456720e-04 4.03819509e-04
2.90701530e-01 -6.32681318e-05 4.03463224e-04
2.91108591e-01 1.00798246e-04 3.98527210e-04
2.91515648e-01 -1.06765198e-04 3.84746213e-04
2.91922703e-01 2.57596274e-04 3.88402483e-04
2.92329755e-01 5.57537533e-05 3.88831234e-04
2.92736804e-01 -4.95919245e-04 3.93115184e-04
2.93143851e-01 6.02001291e-05 3.94825923e-04
2.93550895e-01 3.01814787e-04 3.91378445e-04
2.93957936e-01 -3.72172087e-04 3.92201021e-04
2.94364974e-01 2.18151165e-04 3.90947842e-04
2.94772009e-01 8.46015189e-04 3.99461026e-04
2.95179042e-01 -1.14755300e-04 3.89477051e-04
2.95586072e-01 2.25679870e-04 3.91115511e-04
2.95993099e-01 4.90089715e-04 4.09205366e-04
2.96400123e-01 3.35496329e-05 3.92835590e-04
2.96807145e-01 7.24946797e-04 3.92574517e-04
2.97214163e-01 7.70689187e-04 3.90967431e-04
2.97621179e-01 2.84886893e-04 3.97497308e-04
2.98028192e-01 5.81374441e-05 3.90249026e-04
2.98435202e-01 -4.04789252e-05 3.94297988e-04
2.98842210e-01 6.03805380e-04 3.93543169e-04
2.99249214e-01 5.12019320e-04 3.94635022e-04
2.99656216e-01 1.59358338e-04 3.93171993e-04
3.00063215e-01 -2.51093262e-04 3.92960419e-04
3.00470211e-01 2.82004381e-05 3.90227645e-04
3.00877204e-01 2.36043308e-05 3.96515028e-04
3.01284194e-01 1.85085260e-04 3.86502340e-04
3.01691182e-01 2.97852582e-04 3.95447181e-04
3.02098167e-01 6.88175215e-04 3.98088680e-04
3.02505149e-01 2.60379352e-05 3.93028832e-04
3.02912128e-01 7.71459115e-04 4.05491954e-04
3.03319104e-01 -2.63674646e-04 3.85512342e-04
3.03726077e-01 -1.88707021e-06 3.93250577e-04
3.04133047e-01 3.88594764e-04 3.99541040e-04
3.04540015e-01 1.62914740e-04 3.98020916e-04
3.04946979e-01 2.32430556e-04 3.87510782e-04
3.05353941e-01 4.06708326e-04 3.85536093e-04
3.05760900e-01 2.83429880e-04 3.91713397e-04
3.06167856e-01 3.74756931e-04 3.83141688e-04
3.06574809e-01 1.30590091e-04 3.86104595e-04
3.06981759e-01 6.81577631e-04 3.95460660e-04
3.07388706e-01 6.41134590e-04 3.93424630e-04
3.07795651e-01 3.07579882e-04 3.88060983e-04
3.08202592e-01 5.05453909e-04 3.84035916e-04
3.08609531e-01 2.76827001e-04 3.97057409e-04
3.09016466e-01 6.37492723e-04 3.97959860e-04
3.09423399e-01 6.89401267e-04 4.01011009e-04
3.09830329e-01 4.32518556e-04 3.92196830e-04
3.10237256e-01 -3.54011245e-04 4.05682463e-04
3.10644180e-01 1.26651689e-04 4.04595348e-04
3.11051101e-01 -1.51084035e-05 3.98522813e-04
3.11458019e-01 -2.87468591e-04 3.98137283e-04
3.11864934e-01 3.36693130e-04 3.95609687e-04
3.12271846e-01 1.94695634e-04 3.96846146e-04
3.12678755e-01 2.68045844e-04 4.03207126e-04
3.13085661e-01 2.39502050e-04 4.08644421e-04
3.13492565e-01 8.04042182e-05 4.04475779e-04
3.13899465e-01 3.17271330e-04 4.05207510e-04
3.14306362e-01 -2.95261943e-04 3.95379797e-04
3.14713257e-01 2.76235528e-04 4.03783768e-04
3.15120148e-01 2.99561036e-04 4.01356160e-04
3.15527037e-01 4.22087668e-04 4.09615536e-04
3.15933922e-01 4.62117908e-04 4.14617661e-04
3.16340805e-01 -2.13808810e-04 4.35869293e-04
3.16747684e-01 5.27573513e-04 4.84448062e-04
3.17154561e-01 8.66809653e-04 5.19084147e-04
3.17561434e-01 4.65544616e-04 5.45709890e-04
3.17968305e-01 -2.84326532e-04 5.80804172e-04
3.18375172e-01 -4.29097144e-04 6.05163400e-04
3.18782037e-01 -2.24697700e-04 6.29776574e-04
3.19188898e-01 -4.55982666e-04 6.60359028e-04
3.19595757e-01 -2.81078300e-04 6.64138843e-04
3.20002612e-01 6.74302945e-04 7.19745729e-04
3.20409465e-01 1.64772491e-04 7.76353448e-04
3.20816314e-01 7.80005337e-05 8.35290886e-04
3.21223160e-01 -9.43154231e-04 9.32933057e-04
3.21630004e-01 -3.27943250e-04 1.09655543e-03
3.22036844e-01 -5.35948275e-04 1.26314881e-03
3.22443681e-01 -1.86051385e-03 1.76586715e-03
3.22850516e-01 9.76296416e-03 6.29389096e-03
