4.08043586e-03 -1.36140174e-01 2.64078650e-02
4.48847930e-03 -1.04604089e-01 2.58166530e-02
4.89652269e-03 -6.64077618e-02 1.99312892e-02
5.30456604e-03 -5.63416298e-02 1.34899124e-02
5.71260934e-03 -6.28389101e-02 1.09860914e-02
6.12065258e-03 -3.42632012e-02 8.87295465e-03
6.52869577e-03 -3.43925853e-02 6.79014731e-03
6.93673889e-03 -1.67614870e-02 6.11241877e-03
7.34478195e-03 -1.80744065e-02 5.49630119e-03
7.75282494e-03 -1.55755652e-02 4.84106046e-03
8.16086785e-03 -1.31501246e-02 4.33966424e-03
8.56891069e-03 -6.38898721e-03 4.41198532e-03
8.97695345e-03 -4.62615716e-03 3.93832124e-03
9.38499612e-03 -3.93537764e-03 3.73535967e-03
9.79303870e-03 -4.25324870e-03 3.28595507e-03
1.02010812e-02 -3.89475815e-03 3.29243827e-03
1.06091236e-02 -3.65860154e-03 3.24405337e-03
1.10171659e-02 -7.19622903e-03 3.10760927e-03
1.14252081e-02 -7.29591071e-03 2.95685343e-03
1.18332501e-02 -7.22347520e-03 2.80580615e-03
1.22412921e-02 -5.65065712e-03 2.49062523e-03
1.26493339e-02 -8.28599599e-04 2.85601420e-03
1.30573757e-02 -2.86030245e-03 2.53574639e-03
1.34654173e-02 2.82764834e-03 2.50839897e-03
1.38734588e-02 -2.34030450e-03 2.37657034e-03
1.42815001e-02 -4.52692579e-03 2.30819908e-03
1.46895413e-02 -6.84346035e-04 2.36734081e-03
1.50975824e-02 -4.14222782e-04 2.24875909e-03
1.55056233e-02 -7.81602062e-04 2.14450758e-03
1.59136641e-02 -2.68764065e-03 2.06306426e-03
1.63217047e-02 -4.14664921e-04 2.05912264e-03
1.67297452e-02 -1.39992992e-04 2.12298120e-03
1.71377855e-02 -3.13507559e-03 1.94935564e-03
1.75458257e-02 1.95512179e-03 1.99919195e-03
1.79538657e-02 9.54993260e-04 1.98341703e-03
1.83619055e-02 -1.68260989e-03 1.79647353e-03
1.87699451e-02 7.82609236e-05 1.99793906e-03
1.91779846e-02 1.38216763e-03 1.87930640e-03
1.95860239e-02 1.14947777e-03 1.85559362e-03
1.99940630e-02 2.38244279e-03 1.82808698e-03
2.04021019e-02 -2.11022284e-03 1.83426737e-03
2.08101406e-02 -1.16792696e-03 1.72851253e-03
2.12181791e-02 1.54980594e-03 1.74614674e-03
2.16262174e-02 -2.54421332e-03 1.70636928e-03
2.20342555e-02 -1.40064297e-03 1.77624861e-03
2.24422934e-02 -2.00925436e-03 1.81360245e-03
2.28503311e-02 -1.02337284e-03 1.65629711e-03
2.32583686e-02 -9.13456816e-04 1.62593036e-03
2.36664058e-02 -6.80754429e-04 1.66875344e-03
2.40744429e-02 -1.63948940e-04 1.66109140e-03
2.44824797e-02 5.92930442e-04 1.76806020e-03
2.48905162e-02 -8.88433909e-04 1.67522128e-03
2.52985525e-02 -1.03524836e-03 1.58601398e-03
2.57065886e-02 3.10266045e-04 1.76284503e-03
2.61146245e-02 2.25607500e-04 1.63494492e-03
2.65226601e-02 9.60536292e-04 1.72456876e-03
2.69306954e-02 -8.75817119e-04 1.65134301e-03
2.73387305e-02 1.92177583e-03 1.68171639e-03
2.77467653e-02 8.62544831e-04 1.76467833e-03
2.81547999e-02 -6.62420626e-04 1.66604240e-03
2.85628342e-02 -9.17787315e-05 1.72647270e-03
2.89708682e-02 1.72694767e-03 1.66604798e-03
2.93789020e-02 2.33918692e-03 1.65941296e-03
2.97869355e-02 -1.86949803e-03 1.51613936e-03
3.01949687e-02 -7.70031185e-04 1.62460302e-03
3.06030016e-02 1.00647782e-04 1.68486357e-03
3.10110342e-02 7.15785936e-04 1.63409555e-03
3.14190665e-02 1.30190965e-03 1.54978428e-03
3.18270985e-02 -7.96330021e-04 1.53529635e-03
3.22351302e-02 2.47705194e-03 1.50343402e-03
3.26431617e-02 1.06458411e-03 1.51633514e-03
3.30511928e-02 -1.94876797e-03 1.46144354e-03
3.34592236e-02 -2.07113761e-03 1.41401008e-03
3.38672540e-02 -9.30179745e-04 1.44501466e-03
3.42752842e-02 -1.79542579e-04 1.38487043e-03
3.46833140e-02 5.66596838e-05 1.46950711e-03
3.50913435e-02 -3.47949650e-04 1.33067111e-03
3.54993727e-02 -1.56294979e-03 1.44753273e-03
3.59074015e-02 2.14289250e-03 1.38083724e-03
3.63154300e-02 4.65906201e-04 1.31237545e-03
3.67234581e-02 -1.04897829e-04 1.33588220e-03
3.71314859e-02 5.73848841e-04 1.29600562e-03
3.75395134e-02 5.78516672e-04 1.36231887e-03
3.79475405e-02 -6.47879080e-04 1.30683388e-03
3.83555672e-02 1.19385427e-03 1.37105779e-03
3.87635935e-02 -4.88952444e-04 1.31296869e-03
3.91716195e-02 -1.72188183e-03 1.32237526e-03
3.95796452e-02 1.39996169e-04 1.32361072e-03
3.99876704e-02 -2.40636130e-03 1.25192213e-03
4.03956953e-02 1.19150047e-03 1.27841084e-03
4.08037198e-02 1.74811981e-03 1.33963015e-03
4.12117439e-02 1.92739741e-03 1.34114561e-03
4.16197676e-02 5.65291334e-04 1.26100501e-03
4.20277909e-02 -2.77597165e-05 1.26271152e-03
4.24358138e-02 1.75578749e-04 1.20300432e-03
4.28438363e-02 -8.52668621e-06 1.27128413e-03
4.32518584e-02 -7.76045035e-04 1.21989267e-03
4.36598801e-02 1.63893611e-03 1.26621139e-03
4.40679014e-02 -1.55160386e-03 1.19690180e-03
4.44759222e-02 3.54938328e-04 1.20505217e-03
4.48839427e-02 7.15918496e-04 1.19739295e-03
4.52919627e-02 -4.70838483e-05 1.18220844e-03
4.56999823e-02 1.80359310e-04 1.21451551e-03
4.61080014e-02 1.07356176e-03 1.20648322e-03
4.65160201e-02 -8.33868582e-04 1.16040648e-03
4.69240384e-02 -4.09535377e-04 1.23334977e-03
4.73320562e-02 -1.06715675e-03 1.17391325e-03
4.77400736e-02 9.58634758e-04 1.16037821e-03
4.81480905e-02 6.37470510e-04 1.21863713e-03
4.85561070e-02 6.60501425e-04 1.18000048e-03
4.89641230e-02 -1.87257153e-03 1.19071604e-03
4.93721385e-02 -4.93438114e-04 1.20083742e-03
4.97801536e-02 2.59876037e-04 1.19406745e-03
5.01881682e-02 -5.03080166e-04 1.16575048e-03
5.05961823e-02 -1.89704047e-03 1.17544968e-03
5.10041960e-02 -1.18703877e-03 1.10896297e-03
5.14122091e-02 -4.07502462e-04 1.09716183e-03
5.18202218e-02 -4.59951394e-04 1.13607881e-03
5.22282340e-02 -6.11876064e-04 1.12090959e-03
5.26362457e-02 -6.69641963e-04 1.09228711e-03
5.30442569e-02 1.86984962e-04 1.10710671e-03
5.34522675e-02 -2.52099133e-04 1.07528453e-03
5.38602777e-02 1.94554573e-03 1.09202313e-03
5.42682874e-02 -6.59713988e-05 1.08369975e-03
5.46762965e-02 -1.37817908e-04 1.08775530e-03
5.50843052e-02 -1.31452206e-03 1.08943608e-03
5.54923133e-02 8.98462603e-04 1.10414869e-03
5.59003208e-02 6.46052587e-04 1.14806028e-03
5.63083279e-02 1.19414490e-03 1.09876506e-03
5.67163344e-02 5.69457165e-04 1.07883815e-03
5.71243404e-02 5.43894428e-04 1.07641258e-03
5.75323458e-02 8.49896693e-04 1.08430280e-03
5.79403507e-02 -2.11808241e-04 1.10568561e-03
5.83483551e-02 7.86268832e-04 1.07841858e-03
5.87563588e-02 6.97488646e-05 1.10594542e-03
5.91643621e-02 -1.15571095e-03 1.06465435e-03
5.95723647e-02 5.53531624e-04 1.12315672e-03
5.99803668e-02 1.44532182e-03 1.18623952e-03
6.03883684e-02 -7.86084151e-04 1.12158570e-03
6.07963693e-02 1.79226848e-03 1.07724471e-03
6.12043697e-02 -1.37554824e-04 1.09150852e-03
6.16123695e-02 5.92551869e-05 1.05534909e-03
6.20203687e-02 2.07179932e-03 1.05073013e-03
6.24283674e-02 -2.43165696e-03 1.03618257e-03
6.28363654e-02 -2.43803127e-04 1.04391892e-03
6.32443629e-02 6.31071473e-04 1.04215312e-03
6.36523597e-02 -8.38875864e-04 1.05713978e-03
6.40603559e-02 -9.62246331e-04 1.05694231e-03
6.44683516e-02 1.25818485e-05 1.00832891e-03
6.48763466e-02 -1.51210228e-03 9.95624728e-04
6.52843410e-02 -4.59000132e-04 1.00936983e-03
6.56923348e-02 -7.24590272e-04 1.01836675e-03
6.61003279e-02 7.40214749e-05 9.98952652e-04
6.65083205e-02 -3.05274607e-04 1.01522521e-03
6.69163124e-02 -1.90078912e-05 9.97547751e-04
6.73243036e-02 -2.07495641e-04 9.72139474e-04
6.77322943e-02 1.22359432e-03 9.82533984e-04
6.81402842e-02 -1.81819228e-04 9.80785011e-04
6.85482736e-02 1.25943070e-03 1.01568382e-03
6.89562623e-02 1.26181259e-03 9.95526691e-04
6.93642503e-02 1.92122362e-03 1.03425372e-03
6.97722377e-02 -8.51649855e-04 9.12962657e-04
7.01802244e-02 -4.43292574e-04 9.75803330e-04
7.05882105e-02 9.70317618e-04 9.62337673e-04
7.09961958e-02 -2.14602108e-04 9.67059851e-04
7.14041805e-02 5.17561090e-04 9.44166121e-04
7.18121646e-02 3.00773861e-04 9.20528306e-04
7.22201479e-02 -9.86799983e-04 9.29567406e-04
7.26281306e-02 -7.76276144e-04 9.30390017e-04
7.30361126e-02 1.30069194e-03 9.27259925e-04
7.34440938e-02 1.00431093e-03 9.57012075e-04
7.38520744e-02 -2.19457711e-03 9.31942733e-04
7.42600543e-02 -1.46796508e-04 9.10641988e-04
7.46680335e-02 1.40711265e-04 9.12472946e-04
7.50760119e-02 1.88927422e-04 9.10089112e-04
7.54839897e-02 9.59489311e-04 9.04056859e-04
7.58919667e-02 6.43417904e-04 9.13239598e-04
7.62999431e-02 1.08812136e-03 9.34485765e-04
7.67079187e-02 -3.20745973e-04 8.92387048e-04
7.71158935e-02 8.11383401e-04 9.24076735e-04
7.75238677e-02 4.18331620e-04 9.12390959e-04
7.79318411e-02 -2.55592247e-04 9.00894674e-04
7.83398137e-02 2.51894095e-04 9.15265352e-04
7.87477857e-02 2.93188224e-04 8.96862039e-04
7.91557568e-02 6.36668351e-04 9.08070443e-04
7.95637273e-02 1.05692397e-03 8.88924585e-04
7.99716969e-02 -1.41784014e-03 8.49298179e-04
8.03796658e-02 -7.39303334e-04 8.84054197e-04
8.07876340e-02 2.53202146e-04 8.91075994e-04
8.11956014e-02 -2.04395070e-03 8.62289168e-04
8.16035680e-02 8.00707135e-05 8.69386425e-04
8.20115338e-02 -8.99345494e-04 8.21812875e-04
8.24194989e-02 -5.93909596e-04 8.55745039e-04
8.28274631e-02 7.10998966e-04 8.47454625e-04
8.32354266e-02 6.65250078e-04 8.51545478e-04
8.36433893e-02 6.61096188e-04 8.57466300e-04
8.40513512e-02 1.12098771e-03 8.82240189e-04
8.44593123e-02 1.43926649e-03 8.52916642e-04
8.48672727e-02 1.72289819e-04 8.48941750e-04
8.52752322e-02 3.46706097e-04 8.57116703e-04
8.56831909e-02 -4.80841044e-04 8.62214779e-04
8.60911487e-02 -1.05489154e-03 8.16065095e-04
8.64991058e-02 -1.19659598e-03 8.20971374e-04
8.69070620e-02 9.82639019e-04 8.62202564e-04
8.73150175e-02 2.68307268e-04 8.58764178e-04
8.77229721e-02 -9.41967300e-04 8.27204972e-04
8.81309258e-02 6.41002850e-04 8.68419543e-04
8.85388787e-02 -3.40758546e-05 8.35977108e-04
8.89468308e-02 4.79496760e-04 8.32668680e-04
8.93547821e-02 7.95298437e-04 8.50934719e-04
8.97627325e-02 6.51137649e-04 8.37114873e-04
9.01706820e-02 -5.31226040e-04 8.24623917e-04
9.05786307e-02 -3.31463774e-05 8.16535195e-04
9.09865785e-02 1.17423518e-03 8.42937110e-04
9.13945255e-02 -1.74358306e-04 8.38436590e-04
9.18024716e-02 1.13995050e-05 8.00730963e-04
9.22104168e-02 3.67180307e-04 8.06620304e-04
9.26183611e-02 -1.83352806e-04 8.08766936e-04
9.30263046e-02 -1.63533912e-04 8.12898016e-04
9.34342472e-02 -6.47793375e-05 8.02427565e-04
9.38421889e-02 -3.47225495e-04 8.14215181e-04
9.42501297e-02 5.87897109e-04 8.19766522e-04
9.46580696e-02 1.15948020e-04 8.11452968e-04
9.50660087e-02 8.30349684e-05 7.96955069e-04
9.54739468e-02 1.48281380e-04 8.12064194e-04
9.58818840e-02 -7.94392001e-04 7.84714388e-04
9.62898203e-02 -1.13912130e-04 7.94340014e-04
9.66977557e-02 9.59210032e-04 7.67825671e-04
9.71056902e-02 5.47343715e-04 7.99494546e-04
9.75136237e-02 2.28458086e-05 7.87126737e-04
9.79215564e-02 1.09543872e-03 7.99674888e-04
9.83294881e-02 5.57113317e-04 7.85246748e-04
9.87374188e-02 2.10709175e-03 7.99470177e-04
9.91453487e-02 9.43102682e-05 7.66380690e-04
9.95532775e-02 3.27853307e-04 7.70107192e-04
9.99612055e-02 -2.00051180e-04 7.65905642e-04
1.00369132e-01 4.38696893e-04 7.55140067e-04
1.00777059e-01 7.25033906e-04 7.68572546e-04
1.01184984e-01 1.31243968e-03 7.83383908e-04
1.01592908e-01 3.63195582e-04 7.57389240e-04
1.02000831e-01 6.91743080e-04 7.62980984e-04
1.02408753e-01 -3.62305825e-04 7.30310634e-04
1.02816674e-01 1.24008730e-03 7.62964798e-04
1.03224595e-01 1.39413849e-04 7.55120905e-04
1.03632514e-01 1.82202770e-04 7.65316548e-04
1.04040432e-01 1.01338175e-04 7.49064685e-04
1.04448349e-01 5.19732292e-04 7.49153622e-04
1.04856266e-01 1.28512031e-03 7.56843013e-04
1.05264181e-01 7.02612489e-04 7.33587567e-04
1.05672095e-01 6.72927437e-04 7.37760636e-04
1.06080009e-01 9.93924706e-05 7.50310958e-04
1.06487921e-01 2.69002137e-04 7.41237451e-04
1.06895832e-01 9.93737035e-04 7.43936129e-04
1.07303743e-01 6.31538684e-04 7.55565995e-04
1.07711652e-01 -6.52547081e-05 7.47224999e-04
1.08119560e-01 6.77400584e-04 7.77761228e-04
1.08527467e-01 -1.19195676e-03 7.30895667e-04
1.08935374e-01 -1.94969128e-04 7.64709580e-04
1.09343279e-01 1.11952826e-03 7.64263043e-04
1.09751183e-01 1.74418955e-03 7.32307827e-04
1.10159086e-01 -1.25482130e-04 7.18305136e-04
1.10566988e-01 -1.58294581e-05 7.12590864e-04
1.10974889e-01 3.42164059e-04 7.17464112e-04
1.11382789e-01 1.39701631e-03 7.30709399e-04
1.11790688e-01 -4.07625823e-04 7.31746294e-04
1.12198586e-01 -6.18271535e-04 7.41876136e-04
1.12606482e-01 -5.32001669e-04 7.53078077e-04
1.13014378e-01 -3.68414512e-04 7.26889225e-04
1.13422273e-01 4.48544887e-04 7.28645392e-04
1.13830166e-01 7.57996336e-04 7.42104654e-04
1.14238059e-01 8.80952454e-04 7.29620619e-04
1.14645950e-01 -6.05050757e-04 7.26534761e-04
1.15053840e-01 3.80971098e-04 7.60749173e-04
1.15461730e-01 -5.59478009e-04 7.32361130e-04
1.15869618e-01 -2.30227478e-05 7.23286892e-04
1.16277505e-01 -6.16974544e-04 7.40785010e-04
1.16685391e-01 -1.87554049e-04 7.54168098e-04
1.17093275e-01 5.77757516e-05 7.50501381e-04
1.17501159e-01 -3.99730829e-04 7.46163402e-04
1.17909042e-01 -6.01214905e-04 7.25214039e-04
1.18316923e-01 6.11875399e-04 7.36971002e-04
1.18724803e-01 3.09263510e-04 7.18930910e-04
1.19132683e-01 9.51092088e-05 7.37891382e-04
1.19540561e-01 -5.15362153e-04 7.03732508e-04
1.19948438e-01 1.00444345e-03 7.13880195e-04
1.20356313e-01 -2.50363434e-04 6.99688333e-04
1.20764188e-01 -1.30035039e-04 6.96750942e-04
1.21172062e-01 -7.91668907e-04 6.88388642e-04
1.21579934e-01 -7.81963027e-04 6.87274218e-04
1.21987805e-01 -3.49757091e-04 6.86233798e-04
1.22395675e-01 -5.69490516e-04 6.82706360e-04
1.22803544e-01 -7.37912848e-04 6.94625618e-04
1.23211412e-01 1.42557904e-04 6.77725297e-04
1.23619278e-01 -5.60880031e-04 6.87435300e-04
1.24027144e-01 8.53976965e-04 6.71472161e-04
1.24435008e-01 6.10376191e-05 6.78230601e-04
1.24842871e-01 1.62086174e-04 6.74587052e-04
1.25250733e-01 4.11308474e-04 6.81918320e-04
1.25658594e-01 1.04278570e-03 6.82503192e-04
1.26066453e-01 4.44253608e-04 6.77595120e-04
1.26474311e-01 3.23503057e-04 6.70474575e-04
1.26882168e-01 -6.79850620e-04 6.91467924e-04
1.27290024e-01 -6.66511477e-04 6.73194151e-04
1.27697879e-01 8.05329713e-04 6.92056861e-04
1.28105732e-01 -1.30295984e-04 6.75681458e-04
1.28513585e-01 -1.47238099e-04 6.54515413e-04
1.28921436e-01 -2.52689162e-04 6.73641993e-04
1.29329285e-01 7.68632518e-04 6.51091656e-04
1.29737134e-01 9.58402686e-04 6.64539935e-04
1.30144981e-01 -1.50928542e-05 6.62363216e-04
1.30552828e-01 2.56764337e-04 6.62646336e-04
1.30960672e-01 3.26090029e-04 6.64826997e-04
1.31368516e-01 -1.05872429e-04 6.47316268e-04
1.31776358e-01 -8.36552912e-04 6.46174397e-04
1.32184200e-01 3.68603692e-04 6.49021791e-04
1.32592039e-01 6.45939032e-04 6.45956820e-04
1.32999878e-01 5.85014724e-04 6.42989152e-04
1.33407715e-01 -4.76086477e-04 6.47335661e-04
1.33815552e-01 -7.52678083e-04 6.36735046e-04
1.34223386e-01 -2.64666931e-04 6.52003600e-04
1.34631220e-01 3.63150314e-04 6.26556190e-04
1.35039052e-01 -7.20005612e-06 6.75521882e-04
1.35446883e-01 -7.78911256e-04 6.33605049e-04
1.35854713e-01 -7.90420797e-04 6.26811359e-04
1.36262541e-01 1.16852307e-03 6.48776454e-04
1.36670368e-01 -2.57471803e-04 6.28415866e-04
1.37078194e-01 5.30828278e-04 6.56223092e-04
1.37486019e-01 -5.87338500e-04 6.25168035e-04
1.37893842e-01 -6.89935116e-05 6.38119763e-04
1.38301664e-01 -3.36915206e-04 6.39774603e-04
1.38709485e-01 -4.58860870e-04 6.30825150e-04
1.39117304e-01 -9.36999786e-04 6.26273170e-04
1.39525122e-01 -4.82613903e-05 6.16354482e-04
1.39932939e-01 -2.15955640e-04 6.29278137e-04
1.40340754e-01 1.10311142e-04 6.22431369e-04
1.40748568e-01 -9.13862112e-04 6.00677720e-04
1.41156381e-01 -8.73221609e-04 6.17265499e-04
1.41564192e-01 -1.53340441e-04 6.26431332e-04
1.41972002e-01 6.50417549e-04 6.29820879e-04
1.42379811e-01 4.43046275e-04 6.33325438e-04
1.42787618e-01 -9.28363816e-07 6.17695879e-04
1.43195424e-01 -7.46984376e-04 6.31136486e-04
1.43603228e-01 2.73935636e-04 6.15938442e-04
1.44011032e-01 -1.88916556e-04 6.17749553e-04
1.44418833e-01 1.71465098e-04 6.38449870e-04
1.44826634e-01 -3.72499411e-04 6.37390526e-04
1.45234433e-01 -8.22784015e-04 6.22200360e-04
1.45642231e-01 -1.45805729e-04 6.36246854e-04
1.46050027e-01 -8.52350422e-05 6.19848062e-04
1.46457822e-01 3.78224432e-04 6.33733954e-04
1.46865616e-01 7.37547160e-04 6.36229433e-04
1.47273408e-01 8.43975740e-04 6.52253577e-04
1.47681199e-01 1.27611254e-03 6.30164776e-04
1.48088988e-01 -6.93176404e-04 6.31302985e-04
1.48496776e-01 9.65024688e-04 6.50384049e-04
1.48904563e-01 -3.28235032e-04 6.21800534e-04
1.49312348e-01 -8.18398377e-05 6.16954575e-04
1.49720132e-01 6.02315578e-04 6.31572004e-04
1.50127914e-01 -2.13373439e-04 6.13019138e-04
1.50535695e-01 1.53517386e-03 6.30138007e-04
1.50943474e-01 -5.02219708e-04 5.87726220e-04
1.51351252e-01 -2.03895286e-04 5.83290877e-04
1.51759029e-01 -9.04418651e-04 6.07238135e-04
1.52166804e-01 -6.00896238e-05 6.04056479e-04
1.52574578e-01 1.10558785e-03 6.16010021e-04
1.52982350e-01 2.60052168e-04 6.12444094e-04
1.53390121e-01 9.80995760e-04 6.01812860e-04
1.53797890e-01 1.15221204e-03 6.10293889e-04
1.54205658e-01 2.64531192e-04 5.99020041e-04
1.54613425e-01 -1.00119249e-04 5.94611615e-04
1.55021190e-01 2.75869260e-04 5.94402008e-04
1.55428953e-01 -5.31420893e-04 5.92512474e-04
1.55836716e-01 2.56953813e-04 5.87076099e-04
1.56244476e-01 1.72039360e-06 5.90013100e-04
1.56652235e-01 -2.97821245e-04 5.99895755e-04
1.57059993e-01 5.16503497e-04 6.03197627e-04
1.57467749e-01 5.05586661e-04 5.73960684e-04
1.57875504e-01 -5.61660750e-04 5.77835998e-04
1.58283257e-01 1.37519536e-04 5.91226840e-04
1.58691008e-01 2.82224451e-04 5.80928844e-04
1.59098758e-01 5.67404449e-04 5.75949328e-04
1.59506507e-01 1.96668845e-04 5.74991217e-04
1.59914254e-01 5.42969094e-05 5.69021019e-04
1.60322000e-01 6.27723294e-04 5.76346443e-04
1.60729744e-01 -2.88831910e-06 5.68194660e-04
1.61137486e-01 1.30505780e-03 5.86106970e-04
1.61545228e-01 6.77986101e-04 5.67586698e-04
1.61952967e-01 6.28934225e-04 5.72766601e-04
1.62360705e-01 1.50986842e-03 5.75482554e-04
1.62768441e-01 9.36514973e-04 5.64792288e-04
1.63176176e-01 1.27387752e-03 5.77257843e-04
1.63583910e-01 2.46666329e-04 5.70411723e-04
1.63991641e-01 -2.37524668e-04 5.58487721e-04
1.64399372e-01 -1.80426370e-05 5.73397120e-04
1.64807100e-01 1.97067804e-04 5.77871775e-04
1.65214827e-01 -1.26610302e-03 5.70984909e-04
1.65622553e-01 -1.06785606e-03 5.66134431e-04
1.66030277e-01 5.12379050e-04 5.61833924e-04
1.66437999e-01 -7.24153869e-05 5.62285563e-04
1.66845720e-01 5.29620972e-04 5.67637544e-04
1.67253439e-01 3.65377119e-04 5.53691421e-04
1.67661157e-01 1.21615513e-03 5.61735078e-04
1.68068873e-01 5.64072774e-04 5.64760912e-04
1.68476588e-01 -1.57778777e-05 5.49510687e-04
1.68884301e-01 1.57813409e-03 5.61964540e-04
1.69292012e-01 -2.07288787e-04 5.45532468e-04
1.69699721e-01 -7.05819615e-06 5.39087330e-04
1.70107430e-01 4.01537162e-04 5.55214312e-04
1.70515136e-01 -3.17728962e-05 5.44946037e-04
1.70922841e-01 -5.83027792e-04 5.38907951e-04
1.71330544e-01 1.77233101e-05 5.43879028e-04
1.71738246e-01 -6.06353512e-04 5.53110765e-04
1.72145946e-01 8.57269527e-04 5.46825763e-04
1.72553644e-01 3.04331601e-04 5.51758296e-04
1.72961341e-01 4.40868078e-04 5.55438969e-04
1.73369036e-01 4.41840562e-04 5.52376013e-04
1.73776729e-01 4.80372233e-04 5.46433039e-04
1.74184421e-01 2.74671111e-04 5.34257167e-04
1.74592111e-01 2.15865582e-05 5.42817895e-04
1.74999799e-01 1.96290231e-04 5.33888957e-04
1.75407486e-01 -4.38984367e-04 5.29341821e-04
1.75815171e-01 4.89751521e-04 5.45144627e-04
1.76222855e-01 -3.68193482e-04 5.34798314e-04
1.76630537e-01 3.29810311e-04 5.41320747e-04
1.77038217e-01 4.12959890e-04 5.45133809e-04
1.77445895e-01 -3.81084600e-04 5.33678096e-04
1.77853572e-01 2.13286882e-04 5.23360213e-04
1.78261247e-01 1.22489964e-04 5.26400920e-04
1.78668921e-01 -1.98953267e-04 5.39493671e-04
1.79076592e-01 -1.83422229e-04 5.27188670e-04
1.79484262e-01 8.91085032e-04 5.34848004e-04
1.79891931e-01 9.19776023e-04 5.38950865e-04
1.80299597e-01 1.09308259e-03 5.24094332e-04
1.80707262e-01 -8.18198631e-05 5.39242850e-04
1.81114925e-01 1.11882988e-03 5.39277889e-04
1.81522587e-01 7.44232243e-04 5.26139036e-04
1.81930247e-01 6.17455231e-04 5.35057073e-04
1.82337905e-01 -3.48011471e-04 5.20490564e-04
1.82745561e-01 4.11217212e-04 5.31150847e-04
1.83153215e-01 -1.28208726e-04 5.23833818e-04
1.83560868e-01 7.99052871e-04 5.24766631e-04
1.83968519e-01 2.07881189e-04 5.21314057e-04
1.84376169e-01 -1.51586566e-05 5.26657122e-04
1.84783816e-01 1.89184060e-04 5.21930011e-04
1.85191462e-01 -1.02767867e-04 5.11401556e-04
1.85599106e-01 -1.19928360e-03 5.14918891e-04
1.86006749e-01 2.07764056e-04 5.27282898e-04
1.86414389e-01 8.03839715e-04 5.22289823e-04
1.86822028e-01 2.03763664e-04 5.24352319e-04
1.87229665e-01 -8.78252526e-05 5.07679634e-04
1.87637300e-01 3.28311800e-04 5.16556435e-04
1.88044934e-01 -3.14172924e-04 5.04064426e-04
1.88452566e-01 3.81806025e-04 5.08840444e-04
1.88860195e-01 -1.38225127e-04 5.17330794e-04
1.89267824e-01 6.37289404e-04 5.08842951e-04
1.89675450e-01 -1.60758913e-04 5.03078450e-04
1.90083074e-01 4.88889049e-04 5.10051787e-04
1.90490697e-01 3.44720902e-04 5.08378899e-04
1.90898318e-01 9.93553845e-05 5.02303150e-04
1.91305937e-01 2.37319595e-04 5.06753255e-04
1.91713555e-01 6.81415491e-04 5.11807421e-04
1.92121170e-01 -2.48319722e-04 5.10055548e-04
1.92528784e-01 -2.06817113e-04 4.94809069e-04
1.92936396e-01 -7.88818065e-04 5.07198489e-04
1.93344006e-01 6.44210586e-04 5.13114049e-04
1.93751614e-01 -2.38895805e-04 4.97500194e-04
1.94159220e-01 -1.23278744e-03 5.12758179e-04
1.94566825e-01 7.23143258e-04 5.15091569e-04
1.94974427e-01 1.96208333e-04 4.95244110e-04
1.95382028e-01 -1.59377986e-04 5.09814126e-04
1.95789627e-01 1.25308140e-03 5.02809508e-04
1.96197224e-01 1.76503839e-04 5.04262747e-04
1.96604820e-01 5.98087074e-04 5.03155443e-04
1.97012413e-01 4.71376884e-04 4.94487273e-04
1.97420005e-01 1.47202286e-04 5.00509448e-04
1.97827594e-01 6.09824253e-04 4.99237938e-04
1.98235182e-01 -4.84672945e-05 5.01221388e-04
1.98642768e-01 2.60404660e-05 5.18277570e-04
1.99050352e-01 -4.04288403e-04 5.01464478e-04
1.99457934e-01 8.72682695e-04 5.07740662e-04
1.99865514e-01 5.89382723e-04 5.11183317e-04
2.00273093e-01 2.09656495e-04 5.05345737e-04
2.00680669e-01 9.31975203e-04 5.12658361e-04
2.01088244e-01 -2.67181977e-04 5.07737203e-04
2.01495816e-01 4.56419088e-04 5.10878516e-04
2.01903387e-01 -2.33274192e-04 5.04043286e-04
2.02310956e-01 5.42624124e-04 4.92934098e-04
2.02718523e-01 3.05409729e-04 5.10008215e-04
2.03126088e-01 -4.96603519e-04 5.05715210e-04
2.03533651e-01 -1.00342574e-03 5.10915033e-04
2.03941212e-01 -1.35652609e-04 5.22239707e-04
2.04348771e-01 4.27818926e-04 5.05752943e-04
2.04756329e-01 5.98137783e-04 5.01641264e-04
2.05163884e-01 2.13297600e-05 5.09529553e-04
2.05571438e-01 -3.09395056e-04 4.98335726e-04
2.05978989e-01 1.30365024e-04 5.00494078e-04
2.06386539e-01 8.38140128e-04 5.00524989e-04
2.06794086e-01 -4.83056392e-04 4.86817186e-04
2.07201632e-01 6.61927465e-04 4.99974992e-04
2.07609175e-01 1.93903928e-04 4.80780230e-04
2.08016717e-01 -5.68678792e-04 4.87156969e-04
2.08424257e-01 -4.73576396e-04 4.86552791e-04
2.08831794e-01 1.99252065e-04 4.74733024e-04
2.09239330e-01 1.05398724e-04 4.85888342e-04
2.09646864e-01 6.77627426e-04 4.92724361e-04
2.10054396e-01 1.38821011e-05 4.80709000e-04
2.10461925e-01 -3.94078366e-04 4.84665742e-04
2.10869453e-01 -4.50753093e-04 4.92357973e-04
2.11276979e-01 6.73440748e-04 4.81910647e-04
2.11684503e-01 5.96872148e-04 4.80924989e-04
2.12092025e-01 -2.49836344e-04 4.77217920e-04
2.12499544e-01 3.70504790e-04 4.79807879e-04
2.12907062e-01 2.40065164e-04 4.84076908e-04
2.13314578e-01 -1.11054905e-03 4.75279150e-04
2.13722092e-01 1.18305007e-03 4.83350460e-04
2.14129603e-01 2.04359904e-05 4.80088904e-04
2.14537113e-01 -2.09057739e-05 4.75695058e-04
2.14944621e-01 8.10969910e-04 4.79247499e-04
2.15352126e-01 -2.22042094e-04 4.64971164e-04
2.15759630e-01 -1.43090340e-04 4.67990280e-04
2.16167131e-01 5.95007514e-04 4.83562141e-04
2.16574631e-01 1.30136992e-03 4.81826194e-04
2.16982128e-01 -4.36672649e-04 4.69823967e-04
2.17389624e-01 7.56562722e-04 4.72116188e-04
2.17797117e-01 -7.55687847e-04 4.62958998e-04
2.18204608e-01 -2.34768518e-04 4.72519055e-04
2.18612098e-01 -1.91613948e-06 4.62232784e-04
2.19019585e-01 8.06719876e-04 4.71388232e-04
2.19427070e-01 2.66574524e-05 4.61699971e-04
2.19834553e-01 -1.03127686e-04 4.61062911e-04
2.20242034e-01 3.87744884e-06 4.64937671e-04
2.20649512e-01 8.88551526e-04 4.63344318e-04
2.21056989e-01 -5.59243782e-04 4.68810971e-04
2.21464464e-01 -9.86430555e-06 4.66288966e-04
2.21871936e-01 -8.55538234e-04 4.56031341e-04
2.22279407e-01 8.33078450e-04 4.70016756e-04
2.22686875e-01 -3.24074398e-05 4.60963575e-04
2.23094341e-01 -6.13413374e-04 4.59094735e-04
2.23501805e-01 5.36594475e-04 4.60363003e-04
2.23909267e-01 1.14517739e-06 4.65606584e-04
2.24316727e-01 1.39878746e-03 4.78896855e-04
2.24724185e-01 1.99757323e-06 4.54288771e-04
2.25131641e-01 -1.69201688e-04 4.59010348e-04
2.25539094e-01 1.07551523e-03 4.53147977e-04
2.25946545e-01 -5.42869641e-04 4.59069534e-04
2.26353995e-01 3.66825063e-04 4.52013668e-04
2.26761442e-01 1.20745028e-04 4.51982858e-04
2.27168887e-01 6.97939192e-04 4.55651820e-04
2.27576329e-01 1.06878276e-03 4.58604763e-04
2.27983770e-01 -5.21901329e-04 4.57749221e-04
2.28391208e-01 -1.05529949e-04 4.51004197e-04
2.28798645e-01 3.78090168e-04 4.55036939e-04
2.29206079e-01 1.86266393e-04 4.61792696e-04
2.29613511e-01 6.28232144e-04 4.63719921e-04
2.30020941e-01 -2.56407812e-04 4.56269087e-04
2.30428368e-01 -1.31370464e-04 4.67065384e-04
2.30835794e-01 -2.02326472e-04 4.68349168e-04
2.31243217e-01 1.52043863e-04 4.58567397e-04
2.31650638e-01 7.45606637e-05 4.59540098e-04
2.32058057e-01 6.36733147e-04 4.75537661e-04
2.32465473e-01 -5.29231123e-04 4.62196426e-04
2.32872888e-01 2.03460799e-04 4.72755469e-04
2.33280300e-01 4.59619227e-04 4.64373163e-04
2.33687710e-01 6.11056082e-04 4.68229224e-04
2.34095118e-01 5.62495424e-04 4.70980092e-04
2.34502524e-01 1.77767978e-04 4.62089906e-04
2.34909927e-01 5.74421187e-04 4.68763935e-04
2.35317328e-01 -8.83785197e-04 4.62545439e-04
2.35724727e-01 3.23372333e-04 4.59750794e-04
2.36132124e-01 2.36915140e-04 4.70475274e-04
2.36539518e-01 1.69310292e-05 4.54822990e-04
2.36946911e-01 1.01651383e-03 4.58196471e-04
2.37354301e-01 -6.72075323e-05 4.42188410e-04
2.37761688e-01 -8.83567700e-04 4.48036875e-04
2.38169074e-01 8.99128738e-04 4.49583099e-04
2.38576457e-01 7.39347861e-04 4.51999472e-04
2.38983838e-01 -2.51890017e-04 4.44567334e-04
2.39391217e-01 2.05603053e-04 4.45194287e-04
2.39798593e-01 -4.29518687e-04 4.45082337e-04
2.40205967e-01 -1.30280074e-04 4.44914894e-04
2.40613339e-01 6.70983036e-04 4.49171306e-04
2.41020709e-01 -2.53024291e-04 4.42368036e-04
2.41428076e-01 3.80275325e-04 4.45611019e-04
2.41835441e-01 -2.68694480e-04 4.49132389e-04
2.42242804e-01 1.62835724e-04 4.52505426e-04
2.42650165e-01 2.66421541e-04 4.42586188e-04
2.43057523e-01 -5.08508839e-05 4.37166687e-04
2.43464879e-01 4.17847343e-04 4.45482055e-04
2.43872232e-01 3.21972967e-04 4.49063991e-04
2.44279584e-01 -4.84088907e-04 4.32126897e-04
2.44686933e-01 3.29985820e-04 4.26566004e-04
2.45094279e-01 2.49292542e-04 4.40580071e-04
2.45501624e-01 1.36965774e-04 4.37680694e-04
2.45908966e-01 7.28752116e-04 4.50190116e-04
2.46316305e-01 -4.50100674e-04 4.35923793e-04
2.46723643e-01 1.28273872e-03 4.32750680e-04
2.47130978e-01 7.09879800e-04 4.37432358e-04
2.47538310e-01 -2.23832296e-04 4.25976763e-04
2.47945641e-01 -1.67459815e-04 4.31282805e-04
2.48352969e-01 -3.47996031e-04 4.29065938e-04
2.48760294e-01 -1.44833719e-04 4.28489976e-04
2.49167618e-01 2.51924333e-04 4.42344809e-04
2.49574939e-01 -6.26493633e-04 4.28432941e-04
2.49982257e-01 1.78161363e-04 4.34885012e-04
2.50389573e-01 5.22460529e-04 4.32360414e-04
2.50796887e-01 3.60523185e-04 4.27569329e-04
2.51204199e-01 4.93197942e-04 4.28787959e-04
2.51611508e-01 -3.18989664e-04 4.29172291e-04
2.52018815e-01 6.86184070e-04 4.40857121e-04
2.52426119e-01 4.65484099e-04 4.36700819e-04
2.52833421e-01 -7.65520435e-05 4.29546154e-04
2.53240720e-01 9.63519197e-05 4.28584472e-04
2.53648017e-01 -4.71853226e-06 4.35241321e-04
2.54055312e-01 -3.09867360e-04 4.23396846e-04
2.54462605e-01 2.97966977e-04 4.19528950e-04
2.54869894e-01 7.58892447e-04 4.37589368e-04
2.55277182e-01 -2.79644456e-04 4.24113964e-04
2.55684467e-01 -2.18945797e-06 4.30001741e-04
2.56091750e-01 -6.56221086e-05 4.22171880e-04
2.56499030e-01 3.82596392e-04 4.13506599e-04
2.56906308e-01 9.52963658e-04 4.25870395e-04
2.57313583e-01 7.53068759e-04 4.14730389e-04
2.57720856e-01 4.39701393e-04 4.18769684e-04
2.58128127e-01 2.65780403e-04 4.16488153e-04
2.58535395e-01 9.71648088e-04 4.32045898e-04
2.58942661e-01 3.69283544e-04 4.20218158e-04
2.59349924e-01 1.36045648e-04 4.21152187e-04
2.59757184e-01 -3.21428375e-05 4.16386582e-04
2.60164443e-01 3.82115524e-04 4.11892433e-04
2.60571699e-01 -6.12433274e-04 4.23882215e-04
2.60978952e-01 8.49007144e-04 4.22185736e-04
2.61386203e-01 8.52055161e-04 4.30883897e-04
2.61793451e-01 -3.74955320e-04 4.22351446e-04
2.62200697e-01 2.81054910e-04 4.24065925e-04
2.62607941e-01 7.21675852e-05 4.19069450e-04
2.63015182e-01 6.15404730e-04 4.15029825e-04
2.63422420e-01 4.77400993e-05 4.16094152e-04
2.63829656e-01 6.20446042e-04 4.15975930e-04
2.64236890e-01 7.83569957e-05 4.19512358e-04
2.64644121e-01 3.47007655e-04 4.10571558e-04
2.65051349e-01 -3.14479196e-04 4.03955912e-04
2.65458575e-01 -9.64120165e-05 4.15188910e-04
2.65865799e-01 6.88705293e-05 4.09238203e-04
2.66273019e-01 1.17044048e-05 4.08013188e-04
2.66680238e-01 3.56502947e-04 4.05579984e-04
2.67087454e-01 -4.05603441e-04 4.07552682e-04
2.67494667e-01 -3.24585459e-04 4.07571477e-04
2.67901878e-01 2.39777931e-04 4.07794253e-04
2.68309086e-01 -3.35449712e-04 4.05560212e-04
2.68716292e-01 5.45564665e-04 4.10625937e-04
2.69123495e-01 7.74021463e-04 4.10201520e-04
2.69530696e-01 4.15987183e-04 4.08008573e-04
2.69937894e-01 -2.45459749e-04 4.07777942e-04
2.70345090e-01 2.19943222e-04 4.05802135e-04
2.70752283e-01 1.03850322e-03 4.02450069e-04
2.71159473e-01 7.64600082e-04 4.03432398e-04
2.71566661e-01 -2.47847375e-04 4.03060056e-04
2.71973847e-01 -1.55520108e-04 4.01420449e-04
2.72381030e-01 -3.86976924e-04 4.00793624e-04
2.72788210e-01 -2.01731889e-04 3.96960867e-04
2.73195387e-01 4.86115304e-04 4.02153498e-04
2.73602562e-01 -1.46276840e-04 4.02586258e-04
2.74009735e-01 4.28329122e-04 4.00749539e-04
2.74416905e-01 1.43536885e-04 4.02428238e-04
2.74824072e-01 8.35520280e-04 4.02425927e-04
2.75231237e-01 1.02244426e-03 4.01649020e-04
2.75638399e-01 -1.10721396e-04 3.99134503e-04
2.76045558e-01 -5.06297422e-04 3.89702613e-04
2.76452715e-01 5.66875014e-04 4.00794777e-04
2.76859869e-01 2.23209180e-04 3.99155298e-04
2.77267021e-01 -3.21964240e-04 3.93262364e-04
2.77674170e-01 -5.38402659e-04 3.93372518e-04
2.78081316e-01 -2.52209903e-04 3.92540717e-04
2.78488460e-01 3.09705524e-04 4.05073449e-04
2.78895601e-01 -6.85905186e-05 3.92866853e-04
2.79302740e-01 4.38906874e-04 4.04057281e-04
2.79709875e-01 -5.78408934e-05 4.01716175e-04
2.80117009e-01 -4.69790030e-05 3.97629131e-04
2.80524139e-01 3.31207763e-04 3.97732384e-04
2.80931267e-01 -2.08830395e-04 3.86391407e-04
2.81338392e-01 3.14155885e-05 3.98390952e-04
2.81745515e-01 1.94029954e-04 3.98089023e-04
2.82152635e-01 -4.90943179e-04 3.95742409e-04
2.82559752e-01 3.83070735e-04 3.94686927e-04
2.82966866e-01 -8.08930906e-04 3.84718209e-04
2.83373978e-01 1.39316634e-04 3.86223639e-04
2.83781088e-01 -6.78740688e-04 3.87329336e-04
2.84188194e-01 -1.26327581e-04 3.90407147e-04
2.84595298e-01 -8.62881058e-04 3.94638050e-04
2.85002399e-01 -1.01898551e-04 3.94109951e-04
2.85409497e-01 2.20657951e-04 3.90146755e-04
2.85816593e-01 -3.23325003e-04 3.88192194e-04
2.86223686e-01 3.36147950e-04 4.03497103e-04
2.86630777e-01 2.79913505e-04 3.96164754e-04
2.87037864e-01 -4.74939398e-04 3.93794091e-04
2.87444949e-01 2.57672808e-04 4.01428074e-04
2.87852031e-01 4.14801633e-05 3.94630246e-04
2.88259111e-01 5.03406942e-04 3.95678146e-04
2.88666188e-01 2.18772330e-04 3.99065291e-04
2.89073262e-01 4.35369871e-05 4.00026856e-04
2.89480333e-01 2.79889678e-04 3.93129713e-04
2.89887401e-01 -2.74896740e-04 4.01069711e-04
2.90294467e-01 -1.83319095e-04 3.89834915e-04
2.90701530e-01 -2.51759863e-05 4.01534613e-04
2.91108591e-01 1.93404457e-04 3.97383847e-04
2.91515648e-01 -9.49647673e-05 3.91423893e-04
2.91922703e-01 -3.38155598e-05 3.89512289e-04
2.92329755e-01 1.90947784e-04 3.88837475e-04
2.92736804e-01 4.53464009e-04 3.89462673e-04
2.93143851e-01 5.33035659e-04 3.90198261e-04
2.93550895e-01 -5.69823310e-04 3.83026729e-04
2.93957936e-01 -7.95391198e-04 3.82333601e-04
2.94364974e-01 2.44391610e-05 3.82935606e-04
2.94772009e-01 7.33267968e-04 3.90926932e-04
2.95179042e-01 4.97643604e-04 3.95743777e-04
2.95586072e-01 2.66147979e-04 3.98233800e-04
2.95993099e-01 -2.96205052e-04 3.96923641e-04
2.96400123e-01 3.10030621e-04 3.92029015e-04
2.96807145e-01 -4.64213473e-04 3.84778248e-04
2.97214163e-01 -5.88996913e-05 3.89669530e-04
2.97621179e-01 4.12358544e-04 3.92612682e-04
2.98028192e-01 3.33679380e-04 3.93784626e-04
2.98435202e-01 -1.41395756e-04 3.92668139e-04
2.98842210e-01 -6.24108465e-05 3.97911766e-04
2.99249214e-01 4.46387453e-04 4.03640406e-04
2.99656216e-01 7.41301160e-05 3.96496564e-04
3.00063215e-01 -4.65092624e-04 3.87259121e-04
3.00470211e-01 -1.13824736e-05 3.93395230e-04
3.00877204e-01 5.80548466e-04 3.94886939e-04
3.01284194e-01 4.27796943e-04 3.99879468e-04
3.01691182e-01 1.88861608e-04 4.01607922e-04
3.02098167e-01 2.10505375e-04 3.90468726e-04
3.02505149e-01 -1.20615807e-04 3.86416457e-04
3.02912128e-01 8.92014228e-05 3.95171074e-04
3.03319104e-01 2.02840869e-04 3.88804097e-04
3.03726077e-01 5.96585824e-04 4.03251651e-04
3.04133047e-01 1.43505138e-04 3.96138209e-04
3.04540015e-01 -3.01935499e-04 3.92241134e-04
3.04946979e-01 2.44231718e-04 3.90189173e-04
3.05353941e-01 -1.17971565e-05 3.95127910e-04
3.05760900e-01 5.29474981e-04 3.92994785e-04
3.06167856e-01 -4.01706533e-05 3.92928472e-04
3.06574809e-01 -7.35391735e-05 3.95053722e-04
3.06981759e-01 -8.20368539e-05 3.85113254e-04
3.07388706e-01 4.39596589e-04 3.92111542e-04
3.07795651e-01 6.81321093e-04 3.97849663e-04
3.08202592e-01 5.10898243e-04 3.96495588e-04
3.08609531e-01 -2.50471787e-04 4.02691075e-04
3.09016466e-01 4.26108792e-04 3.93213342e-04
3.09423399e-01 7.83003512e-05 3.99332295e-04
3.09830329e-01 4.24497678e-04 3.94835805e-04
3.10237256e-01 2.39858778e-04 4.04789370e-04
3.10644180e-01 1.92678976e-05 4.05083321e-04
3.11051101e-01 4.81168274e-04 3.99723147e-04
3.11458019e-01 5.60055100e-04 4.02348660e-04
3.11864934e-01 -2.64962749e-04 4.07322405e-04
3.12271846e-01 6.32475383e-04 3.96722692e-04
3.12678755e-01 7.93052164e-05 4.01463316e-04
3.13085661e-01 -2.08925093e-04 3.98630200e-04
3.13492565e-01 -1.84059500e-04 3.98842294e-04
3.13899465e-01 -1.50451659e-04 3.96560879e-04
3.14306362e-01 -9.75803896e-05 4.00984607e-04
3.14713257e-01 -1.90154420e-04 4.07689079e-04
3.15120148e-01 -1.93179313e-05 4.03203090e-04
3.15527037e-01 -9.73619548e-06 4.10872944e-04
3.15933922e-01 -2.23985557e-04 4.14860036e-04
3.16340805e-01 4.60306595e-04 4.49215288e-04
3.16747684e-01 -1.10712626e-04 4.86231334e-04
3.17154561e-01 -1.12937194e-04 5.08112785e-04
3.17561434e-01 3.30384989e-05 5.48291651e-04
3.17968305e-01 -1.84264331e-05 5.82693316e-04
3.18375172e-01 1.05925208e-04 6.08740596e-04
3.18782037e-01 4.27014108e-04 6.13882238e-04
3.19188898e-01 6.02714909e-04 6.79182410e-04
3.19595757e-01 6.96592848e-04 6.83615971e-04
3.20002612e-01 8.26660119e-04 7.46047584e-04
3.20409465e-01 8.28242756e-04 7.45302219e-04
3.20816314e-01 9.29851665e-04 8.26689546e-04
3.21223160e-01 1.84514221e-03 9.30467063e-04
3.21630004e-01 7.51951109e-04 1.06866066e-03
3.22036844e-01 -2.54827551e-03 1.23449119e-03
3.22443681e-01 -2.29920580e-03 1.86825985e-03
3.22850516e-01 -4.76371648e-03 4.20542015e-03
