4.08043586e-03 -6.00868540e-02 2.81439017e-02
4.48847930e-03 -4.88685976e-02 2.78400514e-02
4.89652269e-03 -3.02450471e-02 2.04171746e-02
5.30456604e-03 -3.64412609e-02 1.45535941e-02
5.71260934e-03 -6.59967800e-03 1.09382923e-02
6.12065258e-03 -1.83407307e-02 9.02471707e-03
6.52869577e-03 -4.57160162e-03 7.58451238e-03
6.93673889e-03 1.93843300e-03 6.82704781e-03
7.34478195e-03 1.37736156e-03 5.67989742e-03
7.75282494e-03 -1.29400090e-03 5.29559579e-03
8.16086785e-03 1.76938433e-04 5.23965022e-03
8.56891069e-03 -4.39660029e-03 4.43975693e-03
8.97695345e-03 1.87189710e-03 4.28020873e-03
9.38499612e-03 -3.97562031e-04 3.71359848e-03
9.79303870e-03 -1.01888648e-03 3.57268796e-03
1.02010812e-02 7.01175403e-04 3.41038607e-03
1.06091236e-02 7.20467002e-03 3.40155300e-03
1.10171659e-02 3.98057466e-03 3.06215562e-03
1.14252081e-02 -1.02013103e-03 3.02189116e-03
1.18332501e-02 2.51871291e-03 3.08790784e-03
1.22412921e-02 3.01547524e-03 2.88722106e-03
1.26493339e-02 2.92754311e-03 2.72133727e-03
1.30573757e-02 6.09800598e-03 2.63712674e-03
1.34654173e-02 4.99059970e-03 2.48013533e-03
1.38734588e-02 9.10257380e-03 2.44801698e-03
1.42815001e-02 4.65749566e-03 2.34518282e-03
1.46895413e-02 4.97315220e-03 2.38672951e-03
1.50975824e-02 7.89597629e-03 2.25930104e-03
1.55056233e-02 7.89231504e-03 2.19485542e-03
1.59136641e-02 6.17107727e-03 2.03629753e-03
1.63217047e-02 3.40455898e-03 2.12761223e-03
1.67297452e-02 2.70551472e-03 2.17544789e-03
1.71377855e-02 7.03226077e-03 2.21281504e-03
1.75458257e-02 7.84044547e-03 2.25375686e-03
1.79538657e-02 4.76632305e-03 2.02357800e-03
1.83619055e-02 4.35385014e-03 1.82920670e-03
1.87699451e-02 2.73219849e-03 1.86749507e-03
1.91779846e-02 5.39257276e-03 1.86210944e-03
1.95860239e-02 2.50793642e-03 1.87987342e-03
1.99940630e-02 4.36155949e-03 1.88677664e-03
2.04021019e-02 3.24921675e-03 1.72134774e-03
2.08101406e-02 5.60707240e-03 1.78813808e-03
2.12181791e-02 2.12938764e-03 1.84889976e-03
2.16262174e-02 2.69563706e-03 1.85579776e-03
2.20342555e-02 3.88327279e-03 1.69001338e-03
2.24422934e-02 5.61945083e-04 1.70070237e-03
2.28503311e-02 4.19203463e-03 1.79140581e-03
2.32583686e-02 6.20900503e-03 1.71488974e-03
2.36664058e-02 4.17413557e-03 1.71863043e-03
2.40744429e-02 3.29648799e-03 1.73686142e-03
2.44824797e-02 4.60486525e-03 1.77921315e-03
2.48905162e-02 4.59882681e-03 1.62408049e-03
2.52985525e-02 2.74049277e-03 1.72032147e-03
2.57065886e-02 2.20756318e-03 1.59954532e-03
2.61146245e-02 3.22979473e-03 1.78264333e-03
2.65226601e-02 6.53703080e-03 1.67440899e-03
2.69306954e-02 5.04256293e-03 1.69922345e-03
2.73387305e-02 3.54350617e-03 1.63642119e-03
2.77467653e-02 3.47693082e-03 1.77111141e-03
2.81547999e-02 1.50798304e-03 1.60606850e-03
2.85628342e-02 4.29205172e-03 1.57321810e-03
2.89708682e-02 3.77749382e-03 1.63481015e-03
2.93789020e-02 5.40853369e-03 1.86378365e-03
2.97869355e-02 6.10753322e-05 1.62058418e-03
3.01949687e-02 4.64475321e-03 1.60969840e-03
3.06030016e-02 4.84313428e-03 1.66162944e-03
3.10110342e-02 1.51434022e-03 1.77028885e-03
3.14190665e-02 3.98590368e-03 1.62237870e-03
3.18270985e-02 4.46288020e-03 1.53603606e-03
3.22351302e-02 2.30329134e-03 1.54641060e-03
3.26431617e-02 2.75405336e-03 1.48611089e-03
3.30511928e-02 2.59823566e-03 1.46162884e-03
3.34592236e-02 8.01770971e-04 1.41369350e-03
3.38672540e-02 2.60769197e-04 1.42476757e-03
3.42752842e-02 1.77186955e-03 1.40898316e-03
3.46833140e-02 1.96429564e-03 1.44700268e-03
3.50913435e-02 1.54752657e-03 1.38769681e-03
3.54993727e-02 1.91032638e-03 1.37514967e-03
3.59074015e-02 9.03763624e-04 1.42191098e-03
3.63154300e-02 1.19841066e-03 1.42658872e-03
3.67234581e-02 2.24954620e-03 1.34711585e-03
3.71314859e-02 1.57974014e-03 1.36445951e-03
3.75395134e-02 2.18329089e-03 1.37721516e-03
3.79475405e-02 6.94435730e-04 1.43796027e-03
3.83555672e-02 1.86396018e-03 1.31870279e-03
3.87635935e-02 1.53078143e-03 1.37981020e-03
3.91716195e-02 1.50291794e-03 1.29557284e-03
3.95796452e-02 1.36491354e-03 1.34450380e-03
3.99876704e-02 -7.20674617e-04 1.26011898e-03
4.03956953e-02 2.59063560e-03 1.34811431e-03
4.08037198e-02 -4.48747059e-05 1.35560372e-03
4.12117439e-02 1.30860557e-03 1.23787771e-03
4.16197676e-02 2.38821698e-03 1.27763453e-03
4.20277909e-02 3.09747752e-03 1.31573715e-03
4.24358138e-02 1.26766017e-03 1.25373728e-03
4.28438363e-02 1.29324600e-03 1.27594093e-03
4.32518584e-02 6.54466498e-04 1.18629506e-03
4.36598801e-02 2.81066795e-03 1.22998077e-03
4.40679014e-02 3.68644491e-04 1.21010681e-03
4.44759222e-02 5.70560319e-04 1.25465976e-03
4.48839427e-02 2.70857000e-03 1.25660128e-03
4.52919627e-02 5.29805704e-04 1.25839349e-03
4.56999823e-02 2.43912684e-03 1.21704467e-03
4.61080014e-02 1.43848959e-03 1.18383199e-03
4.65160201e-02 2.48935189e-03 1.19341410e-03
4.69240384e-02 -7.31140442e-04 1.18513824e-03
4.73320562e-02 2.58763667e-03 1.19472518e-03
4.77400736e-02 1.59117406e-03 1.16994211e-03
4.81480905e-02 2.38411512e-03 1.20479091e-03
4.85561070e-02 9.50902572e-04 1.14398778e-03
4.89641230e-02 2.31805736e-03 1.18048096e-03
4.93721385e-02 5.11802198e-04 1.20851188e-03
4.97801536e-02 1.21103875e-03 1.16483711e-03
5.01881682e-02 1.62370663e-03 1.15090476e-03
5.05961823e-02 2.57036247e-03 1.15174578e-03
5.10041960e-02 1.22334682e-03 1.16242538e-03
5.14122091e-02 -2.91464136e-04 1.09204547e-03
5.18202218e-02 7.15134320e-04 1.10864591e-03
5.22282340e-02 -4.14626135e-04 1.07835602e-03
5.26362457e-02 2.87919045e-03 1.17321861e-03
5.30442569e-02 1.58539928e-03 1.10682009e-03
5.34522675e-02 1.38848520e-03 1.13612693e-03
5.38602777e-02 -3.79391042e-05 1.07544134e-03
5.42682874e-02 7.20498725e-04 1.05028248e-03
5.46762965e-02 -2.20913810e-03 1.04715163e-03
5.50843052e-02 4.68723957e-04 1.07479728e-03
5.54923133e-02 9.47949628e-05 1.10555655e-03
5.59003208e-02 9.84429855e-04 1.09267848e-03
5.63083279e-02 -1.03715800e-03 1.04772040e-03
5.67163344e-02 4.19515331e-04 1.13862474e-03
5.71243404e-02 5.24016980e-04 1.09659476e-03
5.75323458e-02 7.96832558e-04 1.11134911e-03
5.79403507e-02 3.72801084e-05 1.12883048e-03
5.83483551e-02 -1.15886644e-03 1.10711523e-03
5.87563588e-02 -8.82343677e-04 1.09802271e-03
5.91643621e-02 3.78498146e-04 1.06417704e-03
5.95723647e-02 6.85317391e-04 1.13607875e-03
5.99803668e-02 4.22456038e-04 1.11951688e-03
6.03883684e-02 -3.31323421e-04 1.12460420e-03
6.07963693e-02 1.31395004e-03 1.12930245e-03
6.12043697e-02 -1.52791134e-03 1.07881953e-03
6.16123695e-02 7.51242173e-04 1.11467931e-03
6.20203687e-02 8.70720164e-04 1.11467209e-03
6.24283674e-02 1.95442250e-03 1.09689673e-03
6.28363654e-02 2.47931758e-04 1.08179018e-03
6.32443629e-02 -1.61212317e-03 1.07947964e-03
6.36523597e-02 -2.63101901e-04 1.06084304e-03
6.40603559e-02 -4.34216770e-04 1.03016853e-03
6.44683516e-02 -2.83682502e-04 1.05009803e-03
6.48763466e-02 1.30252444e-04 1.01894174e-03
6.52843410e-02 1.85322122e-04 1.00667165e-03
6.56923348e-02 1.82484189e-03 1.02922729e-03
6.61003279e-02 6.73259071e-04 9.84979443e-04
6.65083205e-02 -1.46360105e-03 9.93347393e-04
6.69163124e-02 2.95267425e-04 9.88471810e-04
6.73243036e-02 -7.51351666e-05 9.77048601e-04
6.77322943e-02 2.07275275e-03 1.01615282e-03
6.81402842e-02 1.07903019e-03 9.80976383e-04
6.85482736e-02 -4.13070653e-04 9.90327877e-04
6.89562623e-02 -1.83272606e-04 9.83063054e-04
6.93642503e-02 7.20410716e-04 9.70777372e-04
6.97722377e-02 -1.08056665e-03 9.75424215e-04
7.01802244e-02 1.11474537e-03 9.52363217e-04
7.05882105e-02 -3.90207837e-04 9.71877605e-04
7.09961958e-02 1.48579103e-03 9.64652301e-04
7.14041805e-02 1.54973264e-03 9.79688958e-04
7.18121646e-02 4.06365367e-04 9.83744309e-04
7.22201479e-02 1.08404604e-03 9.58304727e-04
7.26281306e-02 -1.14807308e-04 9.27593105e-04
7.30361126e-02 2.09069464e-03 9.06281607e-04
7.34440938e-02 3.96398173e-04 9.41510861e-04
7.38520744e-02 7.91735724e-04 9.20850695e-04
7.42600543e-02 -4.91590414e-04 9.45549797e-04
7.46680335e-02 1.76204594e-03 9.37076421e-04
7.50760119e-02 -2.59829073e-04 9.32720338e-04
7.54839897e-02 5.68637462e-04 9.27480934e-04
7.58919667e-02 8.49083615e-04 9.11364604e-04
7.62999431e-02 -2.93953635e-04 9.34942174e-04
7.67079187e-02 -1.16682574e-03 8.89826894e-04
7.71158935e-02 -8.40281705e-04 9.10481761e-04
7.75238677e-02 2.09090113e-03 9.00963447e-04
7.79318411e-02 1.52771699e-03 9.10056006e-04
7.83398137e-02 6.52546507e-04 9.15726793e-04
7.87477857e-02 4.00106331e-04 8.99486970e-04
7.91557568e-02 2.10461187e-03 9.19632888e-04
7.95637273e-02 -2.59185982e-05 8.73624606e-04
7.99716969e-02 5.63155579e-04 8.96726096e-04
8.03796658e-02 -9.22187406e-05 9.05290424e-04
8.07876340e-02 1.68451507e-04 9.03726925e-04
8.11956014e-02 1.09697118e-03 8.82142603e-04
8.16035680e-02 1.25784263e-03 8.57870263e-04
8.20115338e-02 1.19878007e-03 8.57014746e-04
8.24194989e-02 3.66060675e-04 8.75761946e-04
8.28274631e-02 -4.10297247e-04 8.55738039e-04
8.32354266e-02 3.90695103e-04 8.71467730e-04
8.36433893e-02 -4.26837663e-04 8.50176275e-04
8.40513512e-02 1.13404006e-03 8.74443313e-04
8.44593123e-02 1.99567167e-03 8.58340105e-04
8.48672727e-02 1.12415863e-03 8.44690278e-04
8.52752322e-02 -8.58271588e-04 8.60748045e-04
8.56831909e-02 -3.54950608e-04 8.08985716e-04
8.60911487e-02 -1.28782025e-04 8.25708384e-04
8.64991058e-02 -2.23895576e-04 8.27494782e-04
8.69070620e-02 -1.66407357e-04 8.55965740e-04
8.73150175e-02 2.25804319e-03 8.80444802e-04
8.77229721e-02 5.19644741e-05 8.54879299e-04
8.81309258e-02 3.20112524e-04 8.38474225e-04
8.85388787e-02 -1.72738802e-04 8.35620742e-04
8.89468308e-02 5.82043681e-04 8.26535038e-04
8.93547821e-02 1.67399355e-03 8.44643157e-04
8.97627325e-02 -3.20278606e-05 8.09140524e-04
9.01706820e-02 8.94775946e-04 8.17039260e-04
9.05786307e-02 4.42342988e-04 8.08554620e-04
9.09865785e-02 2.48305628e-04 8.11160652e-04
9.13945255e-02 2.12714486e-04 7.94982494e-04
9.18024716e-02 6.17704796e-04 8.41234436e-04
9.22104168e-02 3.10569130e-04 7.95091661e-04
9.26183611e-02 9.19888751e-04 7.92140936e-04
9.30263046e-02 -5.25900328e-04 8.35563033e-04
9.34342472e-02 2.61726579e-04 8.20119697e-04
9.38421889e-02 -1.96296786e-04 8.20226038e-04
9.42501297e-02 -3.55320508e-04 8.09437429e-04
9.46580696e-02 9.60392363e-04 8.13175246e-04
9.50660087e-02 3.36758737e-04 8.25979561e-04
9.54739468e-02 5.07501379e-04 8.21658573e-04
9.58818840e-02 1.20298732e-03 7.99395308e-04
9.62898203e-02 -4.46682247e-04 7.92453467e-04
9.66977557e-02 -3.95534569e-04 7.75757285e-04
9.71056902e-02 2.18832276e-03 8.03103254e-04
9.75136237e-02 1.46903548e-03 8.03093383e-04
9.79215564e-02 -1.46306265e-04 7.81797154e-04
9.83294881e-02 -5.06488866e-04 7.77714553e-04
9.87374188e-02 6.93636168e-05 7.77170896e-04
9.91453487e-02 6.43876765e-04 8.15359708e-04
9.95532775e-02 5.61799551e-04 7.83776424e-04
9.99612055e-02 1.27602628e-03 8.01154756e-04
1.00369132e-01 1.09700658e-03 7.50709376e-04
1.00777059e-01 2.16682780e-03 7.80554886e-04
1.01184984e-01 -9.00549522e-04 7.67745881e-04
1.01592908e-01 1.96574564e-04 7.51901185e-04
1.02000831e-01 8.90809610e-04 7.62297979e-04
1.02408753e-01 -1.16283350e-04 7.44057222e-04
1.02816674e-01 2.52095213e-04 7.57208157e-04
1.03224595e-01 3.70332499e-04 7.31587919e-04
1.03632514e-01 4.63233067e-04 7.46579915e-04
1.04040432e-01 5.46618115e-04 7.35171101e-04
1.04448349e-01 4.72247898e-05 7.30352750e-04
1.04856266e-01 2.03619989e-04 7.43694415e-04
1.05264181e-01 1.42661920e-03 7.36866777e-04
1.05672095e-01 6.97672067e-04 7.34287101e-04
1.06080009e-01 8.83944396e-04 7.66592519e-04
1.06487921e-01 1.30832636e-03 7.61522370e-04
1.06895832e-01 5.94897074e-04 7.46888358e-04
1.07303743e-01 1.29306008e-03 7.70994928e-04
1.07711652e-01 5.71746433e-04 7.43651904e-04
1.08119560e-01 -1.68895502e-04 7.58025051e-04
1.08527467e-01 5.70778924e-04 7.34950907e-04
1.08935374e-01 1.27752735e-03 7.73584165e-04
1.09343279e-01 6.81949871e-04 7.65801616e-04
1.09751183e-01 1.73439264e-04 7.33989244e-04
1.10159086e-01 1.38860631e-04 7.19532089e-04
1.10566988e-01 -3.21545347e-04 7.17515270e-04
1.10974889e-01 7.79842739e-04 7.32894808e-04
1.11382789e-01 6.06328362e-04 7.35545973e-04
1.11790688e-01 5.29852635e-04 7.36206689e-04
1.12198586e-01 7.76347154e-05 7.33916987e-04
1.12606482e-01 -1.23892366e-04 7.19218131e-04
1.13014378e-01 -4.53577814e-04 7.34225697e-04
1.13422273e-01 4.14586304e-04 7.24410664e-04
1.13830166e-01 -6.38391752e-04 7.38361256e-04
1.14238059e-01 -1.01098172e-04 7.39121359e-04
1.14645950e-01 4.54742948e-04 7.32575608e-04
1.15053840e-01 -1.82050112e-04 7.37611999e-04
1.15461730e-01 1.29141492e-03 7.49040830e-04
1.15869618e-01 7.92050265e-04 7.77249582e-04
1.16277505e-01 -1.04532646e-03 7.30748416e-04
1.16685391e-01 5.45713560e-04 7.39601868e-04
1.17093275e-01 -3.14450946e-04 7.41739850e-04
1.17501159e-01 -4.33696688e-04 7.63042251e-04
1.17909042e-01 9.91673229e-04 7.42634330e-04
1.18316923e-01 -3.78270865e-05 6.88187596e-04
1.18724803e-01 8.54096545e-04 7.04313793e-04
1.19132683e-01 4.08687298e-04 7.15055634e-04
1.19540561e-01 5.26584685e-04 7.23441670e-04
1.19948438e-01 7.22621447e-04 7.10450277e-04
1.20356313e-01 1.28313962e-04 7.16478731e-04
1.20764188e-01 1.39338310e-04 7.10892273e-04
1.21172062e-01 1.07163088e-03 7.08024307e-04
1.21579934e-01 1.55833755e-04 7.01215575e-04
1.21987805e-01 -5.86484478e-04 6.71092730e-04
1.22395675e-01 6.59104480e-04 6.87685942e-04
1.22803544e-01 -7.24545903e-04 6.64688179e-04
1.23211412e-01 -5.50671460e-04 6.88450275e-04
1.23619278e-01 2.44106768e-04 6.75711248e-04
1.24027144e-01 5.31112462e-04 6.76396021e-04
1.24435008e-01 2.07542074e-04 6.84152879e-04
1.24842871e-01 -1.15260586e-04 6.74905569e-04
1.25250733e-01 1.65115343e-04 6.78764270e-04
1.25658594e-01 5.54220239e-04 6.94730736e-04
1.26066453e-01 3.97934539e-04 6.67005658e-04
1.26474311e-01 -5.32227493e-04 6.78840387e-04
1.26882168e-01 -5.48812821e-04 6.88856664e-04
1.27290024e-01 -7.33878278e-04 6.70804437e-04
1.27697879e-01 -8.27394211e-05 6.69299789e-04
1.28105732e-01 4.72497276e-04 6.65198941e-04
1.28513585e-01 3.73973823e-04 6.63973917e-04
1.28921436e-01 1.02182574e-03 6.71295316e-04
1.29329285e-01 -1.25465301e-03 6.66959556e-04
1.29737134e-01 -9.62223343e-04 6.62599639e-04
1.30144981e-01 1.57389526e-04 6.58467946e-04
1.30552828e-01 8.18341840e-04 6.52598719e-04
1.30960672e-01 -2.71203241e-04 6.38253317e-04
1.31368516e-01 2.90773214e-04 6.63399655e-04
1.31776358e-01 6.06958119e-04 6.46536403e-04
1.32184200e-01 7.35165190e-04 6.43743789e-04
1.32592039e-01 5.95217511e-04 6.58806361e-04
1.32999878e-01 1.97278656e-04 6.35731545e-04
1.33407715e-01 -2.81890038e-04 6.49530840e-04
1.33815552e-01 1.43049734e-03 6.41580692e-04
1.34223386e-01 3.65828952e-04 6.21561075e-04
1.34631220e-01 3.19926014e-04 6.33759596e-04
1.35039052e-01 -2.52046984e-04 6.60197999e-04
1.35446883e-01 -5.85072795e-04 6.34450295e-04
1.35854713e-01 8.73801182e-04 6.47510346e-04
1.36262541e-01 6.91835465e-04 6.49647449e-04
1.36670368e-01 5.20235140e-04 6.38782526e-04
1.37078194e-01 1.84335997e-04 6.35798293e-04
1.37486019e-01 6.72227369e-05 6.35548206e-04
1.37893842e-01 1.03081404e-03 6.36609493e-04
1.38301664e-01 -7.16661811e-04 6.26373889e-04
1.38709485e-01 1.88274417e-05 6.36580690e-04
1.39117304e-01 -3.33263169e-04 6.32376021e-04
1.39525122e-01 -9.00831136e-05 6.22218883e-04
1.39932939e-01 -8.02952971e-05 6.14085523e-04
1.40340754e-01 1.77832355e-05 6.19911821e-04
1.40748568e-01 8.00751226e-04 6.19129844e-04
1.41156381e-01 -5.61334851e-05 6.21867254e-04
1.41564192e-01 -3.34087338e-04 6.25082842e-04
1.41972002e-01 -3.64398667e-04 6.19875233e-04
1.42379811e-01 -1.23087421e-04 6.15789481e-04
1.42787618e-01 -3.87037789e-06 6.18715315e-04
1.43195424e-01 1.44083769e-04 6.33289709e-04
1.43603228e-01 6.21159895e-04 6.41946288e-04
1.44011032e-01 -3.31726140e-05 6.31994999e-04
1.44418833e-01 -4.06446765e-04 6.36851635e-04
1.44826634e-01 2.96373503e-05 6.42188279e-04
1.45234433e-01 7.80764506e-04 6.41786196e-04
1.45642231e-01 1.64181239e-04 6.36871796e-04
1.46050027e-01 1.38306026e-04 6.36560776e-04
1.46457822e-01 -8.79149925e-04 6.35812906e-04
1.46865616e-01 -3.57358797e-05 6.38206930e-04
1.47273408e-01 -1.00383514e-03 6.16728378e-04
1.47681199e-01 6.93317765e-04 6.35722883e-04
1.48088988e-01 -9.22967074e-04 6.24536670e-04
1.48496776e-01 6.53544730e-05 6.17597548e-04
1.48904563e-01 2.04767358e-04 6.16231082e-04
1.49312348e-01 1.02429375e-04 6.21726119e-04
1.49720132e-01 2.93202284e-04 6.25993285e-04
1.50127914e-01 1.37102911e-03 6.06556892e-04
1.50535695e-01 4.77624989e-05 6.01994135e-04
1.50943474e-01 1.87983576e-04 5.99917433e-04
1.51351252e-01 -2.07035641e-04 6.03456431e-04
1.51759029e-01 -3.62580918e-04 6.02472772e-04
1.52166804e-01 -3.92925753e-04 6.03357948e-04
1.52574578e-01 -2.65892440e-04 5.91037877e-04
1.52982350e-01 7.84651600e-05 5.99324719e-04
1.53390121e-01 4.73746962e-04 6.03088785e-04
1.53797890e-01 -8.65696965e-06 5.89462845e-04
1.54205658e-01 1.26049787e-03 5.95899368e-04
1.54613425e-01 -7.34849228e-05 5.89307372e-04
1.55021190e-01 -1.86369221e-04 6.03543774e-04
1.55428953e-01 -1.35383052e-04 5.96501684e-04
1.55836716e-01 -1.14752168e-04 6.15732882e-04
1.56244476e-01 -1.28523905e-03 5.78325575e-04
1.56652235e-01 1.15757996e-03 5.95368514e-04
1.57059993e-01 9.62744135e-04 5.84542393e-04
1.57467749e-01 -3.01265969e-04 5.87840551e-04
1.57875504e-01 7.93300514e-04 5.98594706e-04
1.58283257e-01 -9.92186419e-04 5.82485532e-04
1.58691008e-01 -5.49312902e-04 5.59230681e-04
1.59098758e-01 -1.12166417e-04 5.81109703e-04
1.59506507e-01 2.26918293e-04 5.75893710e-04
1.59914254e-01 1.46314980e-03 5.79803675e-04
1.60322000e-01 4.46045838e-04 5.89064435e-04
1.60729744e-01 -5.47523944e-04 5.75287213e-04
1.61137486e-01 2.05098212e-04 5.80504277e-04
1.61545228e-01 2.52668332e-04 5.75558164e-04
1.61952967e-01 3.61235850e-04 5.79863838e-04
1.62360705e-01 1.32007860e-04 5.70765035e-04
1.62768441e-01 -1.67593485e-04 5.58424298e-04
1.63176176e-01 -5.96437004e-04 5.60927383e-04
1.63583910e-01 -2.89484375e-05 5.62916659e-04
1.63991641e-01 3.51682494e-04 5.76432717e-04
1.64399372e-01 7.78168258e-04 5.74175397e-04
1.64807100e-01 1.87147473e-04 5.63569824e-04
1.65214827e-01 -1.80088261e-04 5.67613719e-04
1.65622553e-01 1.37822295e-04 5.73608090e-04
1.66030277e-01 -9.02686986e-04 5.64109999e-04
1.66437999e-01 -9.31578160e-05 5.69848634e-04
1.66845720e-01 4.10374050e-04 5.44963219e-04
1.67253439e-01 -1.54257263e-04 5.67583968e-04
1.67661157e-01 3.59320775e-04 5.50280341e-04
1.68068873e-01 2.09927691e-04 5.54174054e-04
1.68476588e-01 -2.46576965e-04 5.59666581e-04
1.68884301e-01 4.47892628e-05 5.52076701e-04
1.69292012e-01 -2.75483099e-04 5.52915726e-04
1.69699721e-01 4.64549809e-04 5.36699556e-04
1.70107430e-01 -3.99916472e-04 5.43118840e-04
1.70515136e-01 -4.16995894e-05 5.51397290e-04
1.70922841e-01 1.04976696e-03 5.51990051e-04
1.71330544e-01 -1.31813782e-04 5.53111226e-04
1.71738246e-01 6.64860286e-06 5.41069186e-04
1.72145946e-01 5.29159091e-04 5.59080245e-04
1.72553644e-01 2.42471017e-04 5.46062762e-04
1.72961341e-01 -1.40877383e-04 5.41632458e-04
1.73369036e-01 2.09692689e-04 5.41758030e-04
1.73776729e-01 5.90038690e-04 5.44379939e-04
1.74184421e-01 2.33500006e-04 5.51321945e-04
1.74592111e-01 1.34040618e-06 5.55167310e-04
1.74999799e-01 6.49171101e-04 5.57247175e-04
1.75407486e-01 7.06842399e-04 5.45662062e-04
1.75815171e-01 5.41485095e-04 5.38667026e-04
1.76222855e-01 1.00106896e-03 5.49582887e-04
1.76630537e-01 7.43951926e-05 5.44697991e-04
1.77038217e-01 2.18398573e-04 5.42249300e-04
1.77445895e-01 2.45323239e-04 5.31857917e-04
1.77853572e-01 -6.02336753e-05 5.37356698e-04
1.78261247e-01 -2.22193691e-04 5.25049105e-04
1.78668921e-01 8.12131143e-04 5.30166788e-04
1.79076592e-01 7.03417221e-04 5.29825750e-04
1.79484262e-01 -4.60356384e-04 5.23325799e-04
1.79891931e-01 6.58590519e-04 5.34367033e-04
1.80299597e-01 9.11947091e-04 5.27156117e-04
1.80707262e-01 7.51330396e-04 5.39074526e-04
1.81114925e-01 4.01626203e-04 5.29493538e-04
1.81522587e-01 6.99923132e-04 5.26877251e-04
1.81930247e-01 -7.00942979e-04 5.30798884e-04
1.82337905e-01 2.02654125e-04 5.23053763e-04
1.82745561e-01 4.74870520e-04 5.27784098e-04
1.83153215e-01 -1.38171620e-04 5.31342078e-04
1.83560868e-01 -4.54522695e-04 5.20020590e-04
1.83968519e-01 1.01434927e-03 5.18550658e-04
1.84376169e-01 5.10711815e-04 5.27715740e-04
1.84783816e-01 -2.88884268e-04 5.28926452e-04
1.85191462e-01 1.25453567e-03 5.26138939e-04
1.85599106e-01 -8.46298064e-04 5.16847769e-04
1.86006749e-01 1.73581437e-04 5.20088713e-04
1.86414389e-01 -8.11042655e-04 5.21588846e-04
1.86822028e-01 3.48316957e-04 5.22179806e-04
1.87229665e-01 -7.59963067e-04 5.05666585e-04
1.87637300e-01 1.14022124e-04 5.19006697e-04
1.88044934e-01 -4.08735236e-04 5.07634113e-04
1.88452566e-01 2.67669880e-04 5.10526751e-04
1.88860195e-01 6.35111705e-05 4.98041374e-04
1.89267824e-01 2.45943674e-04 4.97946913e-04
1.89675450e-01 8.85076762e-04 5.11866011e-04
1.90083074e-01 2.20100428e-04 5.20719177e-04
1.90490697e-01 1.16145523e-04 5.08480335e-04
1.90898318e-01 -4.16573644e-04 5.12647217e-04
1.91305937e-01 -2.85694321e-04 5.09217591e-04
1.91713555e-01 2.19503182e-04 5.06964904e-04
1.92121170e-01 -2.89383229e-05 5.14304147e-04
1.92528784e-01 -3.74029105e-04 5.01812173e-04
1.92936396e-01 -3.58668393e-04 5.06301273e-04
1.93344006e-01 4.91010641e-04 5.05304794e-04
1.93751614e-01 4.77769630e-04 5.02542790e-04
1.94159220e-01 4.97817149e-04 4.93525312e-04
1.94566825e-01 7.72642109e-04 4.93100979e-04
1.94974427e-01 2.57968082e-05 4.94056333e-04
1.95382028e-01 8.01099405e-04 5.07890360e-04
1.95789627e-01 -4.09566738e-04 5.06789517e-04
1.96197224e-01 8.06809483e-04 4.97784378e-04
1.96604820e-01 -1.25502930e-03 4.94956641e-04
1.97012413e-01 4.52223409e-04 5.03928383e-04
1.97420005e-01 1.31731683e-05 5.04218965e-04
1.97827594e-01 6.62240377e-05 4.98119690e-04
1.98235182e-01 -4.32018597e-04 4.91820773e-04
1.98642768e-01 1.00023302e-03 5.08423012e-04
1.99050352e-01 4.50746050e-04 5.07779601e-04
1.99457934e-01 7.26761371e-04 5.04729057e-04
1.99865514e-01 -1.31186008e-04 5.12980259e-04
2.00273093e-01 6.39756545e-04 5.16858597e-04
2.00680669e-01 -5.49374833e-04 5.04988679e-04
2.01088244e-01 -8.49587361e-04 5.06150660e-04
2.01495816e-01 -7.48665203e-05 5.08722325e-04
2.01903387e-01 7.70904013e-04 5.12386352e-04
2.02310956e-01 -4.99371643e-04 5.04915923e-04
2.02718523e-01 1.10781653e-04 5.14927725e-04
2.03126088e-01 2.93588876e-04 5.16544889e-04
2.03533651e-01 4.60353739e-04 5.36445157e-04
2.03941212e-01 9.03821434e-04 5.26750920e-04
2.04348771e-01 3.75670867e-04 5.13707966e-04
2.04756329e-01 5.09817839e-04 4.99638592e-04
2.05163884e-01 -6.59419162e-04 4.97694418e-04
2.05571438e-01 -3.00909244e-04 4.95570285e-04
2.05978989e-01 3.01186910e-04 4.95741673e-04
2.06386539e-01 2.75479744e-04 5.02337401e-04
2.06794086e-01 -1.55575110e-04 4.92833179e-04
2.07201632e-01 1.73490576e-04 4.96230940e-04
2.07609175e-01 8.20334972e-04 4.92757438e-04
2.08016717e-01 6.34434062e-04 4.95975063e-04
2.08424257e-01 1.00573289e-03 4.97551138e-04
2.08831794e-01 -2.28586336e-04 4.87908418e-04
2.09239330e-01 6.32125924e-04 4.89918000e-04
2.09646864e-01 1.82161501e-04 4.79721941e-04
2.10054396e-01 9.68397218e-04 4.76842854e-04
2.10461925e-01 6.97013491e-04 4.88799068e-04
2.10869453e-01 2.32412770e-04 4.82697272e-04
2.11276979e-01 -2.88297122e-05 4.90397510e-04
2.11684503e-01 -4.92719547e-05 4.82049951e-04
2.12092025e-01 6.58677808e-04 4.90007980e-04
2.12499544e-01 -2.35734050e-04 4.81794195e-04
2.12907062e-01 6.29548680e-05 4.70618690e-04
2.13314578e-01 -4.90671485e-05 4.79354373e-04
2.13722092e-01 1.46202844e-04 4.74248651e-04
2.14129603e-01 4.53763519e-04 4.83074835e-04
2.14537113e-01 4.69637939e-04 4.70495699e-04
2.14944621e-01 5.88792061e-04 4.76817595e-04
2.15352126e-01 -4.90789155e-04 4.72027118e-04
2.15759630e-01 1.45419080e-04 4.75965930e-04
2.16167131e-01 1.89004677e-04 4.82588020e-04
2.16574631e-01 8.52632421e-05 4.67523357e-04
2.16982128e-01 -4.29901331e-04 4.71522702e-04
2.17389624e-01 2.57531717e-04 4.69571769e-04
2.17797117e-01 2.22406735e-04 4.79490757e-04
2.18204608e-01 4.38139882e-04 4.74575804e-04
2.18612098e-01 -1.30140438e-04 4.69692641e-04
2.19019585e-01 -2.07900406e-04 4.69017190e-04
2.19427070e-01 3.28436122e-04 4.64695061e-04
2.19834553e-01 -6.49199999e-04 4.64701472e-04
2.20242034e-01 -1.00059951e-04 4.57643527e-04
2.20649512e-01 5.29599298e-04 4.62600613e-04
2.21056989e-01 3.80965241e-04 4.69906008e-04
2.21464464e-01 2.75747340e-04 4.71413282e-04
2.21871936e-01 3.00176879e-04 4.64736789e-04
2.22279407e-01 2.48303515e-04 4.77097658e-04
2.22686875e-01 -8.65573407e-05 4.68245282e-04
2.23094341e-01 4.11569188e-04 4.68066869e-04
2.23501805e-01 1.05213412e-03 4.68617074e-04
2.23909267e-01 1.64927570e-04 4.59840939e-04
2.24316727e-01 8.99444832e-04 4.67451969e-04
2.24724185e-01 9.95829929e-05 4.61489978e-04
2.25131641e-01 4.89705895e-04 4.62466825e-04
2.25539094e-01 5.29596438e-04 4.63814672e-04
2.25946545e-01 -3.82478573e-04 4.56655965e-04
2.26353995e-01 3.29139181e-04 4.55305003e-04
2.26761442e-01 2.95245556e-04 4.56019961e-04
2.27168887e-01 1.07047937e-03 4.56554868e-04
2.27576329e-01 -1.57626218e-04 4.56461140e-04
2.27983770e-01 4.30013029e-04 4.54940288e-04
2.28391208e-01 5.00816900e-04 4.57536165e-04
2.28798645e-01 1.97606119e-04 4.56335907e-04
2.29206079e-01 -1.93579970e-05 4.61859895e-04
2.29613511e-01 4.57753070e-04 4.61674566e-04
2.30020941e-01 -3.46579566e-06 4.56151995e-04
2.30428368e-01 -6.30683916e-04 4.61889460e-04
2.30835794e-01 5.74852261e-04 4.63962466e-04
2.31243217e-01 1.87050328e-04 4.64396236e-04
2.31650638e-01 2.11356805e-04 4.65131185e-04
2.32058057e-01 4.27820542e-04 4.73537678e-04
2.32465473e-01 -4.22307861e-05 4.66172931e-04
2.32872888e-01 -8.04982840e-05 4.64368632e-04
2.33280300e-01 -4.12171713e-05 4.68047792e-04
2.33687710e-01 -1.53027325e-04 4.67154825e-04
2.34095118e-01 6.14816258e-04 4.62194422e-04
2.34502524e-01 6.11934934e-04 4.57330229e-04
2.34909927e-01 2.01541736e-04 4.68411549e-04
2.35317328e-01 -3.40519597e-05 4.62366158e-04
2.35724727e-01 -3.88459222e-04 4.57309083e-04
2.36132124e-01 -6.51317544e-05 4.49865473e-04
2.36539518e-01 7.04754270e-05 4.49377315e-04
2.36946911e-01 -2.96981583e-04 4.54347630e-04
2.37354301e-01 4.40639901e-04 4.60281512e-04
2.37761688e-01 -4.37545354e-04 4.56649017e-04
2.38169074e-01 -1.06747032e-04 4.44967771e-04
2.38576457e-01 -5.17914216e-06 4.42602625e-04
2.38983838e-01 1.85418874e-04 4.50574841e-04
2.39391217e-01 -9.00507936e-04 4.46398853e-04
2.39798593e-01 4.89763956e-04 4.51624175e-04
2.40205967e-01 2.58280270e-04 4.52079599e-04
2.40613339e-01 1.31775623e-05 4.46706746e-04
2.41020709e-01 6.09410444e-04 4.53961568e-04
2.41428076e-01 4.31052111e-04 4.48014794e-04
2.41835441e-01 2.17345690e-04 4.46814317e-04
2.42242804e-01 3.19724110e-04 4.46139208e-04
2.42650165e-01 -1.29777977e-04 4.38666603e-04
2.43057523e-01 -4.68217756e-04 4.46336861e-04
2.43464879e-01 6.90041905e-04 4.44763534e-04
2.43872232e-01 5.08519615e-04 4.42834345e-04
2.44279584e-01 4.55762292e-04 4.36937498e-04
2.44686933e-01 5.70048658e-04 4.36766720e-04
2.45094279e-01 3.24515663e-04 4.40057299e-04
2.45501624e-01 6.95019020e-04 4.44200923e-04
2.45908966e-01 2.39036164e-04 4.32513114e-04
2.46316305e-01 1.75625127e-04 4.26937214e-04
2.46723643e-01 -3.44115704e-04 4.35437615e-04
2.47130978e-01 2.61326321e-05 4.35101028e-04
2.47538310e-01 -2.70081363e-04 4.34255428e-04
2.47945641e-01 4.46016983e-04 4.32373520e-04
2.48352969e-01 4.63479111e-04 4.32316896e-04
2.48760294e-01 -6.92634654e-04 4.28579624e-04
2.49167618e-01 -3.35129908e-04 4.31827497e-04
2.49574939e-01 5.76031251e-04 4.36729692e-04
2.49982257e-01 3.85897327e-04 4.40580780e-04
2.50389573e-01 2.88060647e-04 4.32382565e-04
2.50796887e-01 -2.53720415e-04 4.24770951e-04
2.51204199e-01 1.25158697e-04 4.23332211e-04
2.51611508e-01 4.20201599e-04 4.31500286e-04
2.52018815e-01 7.38772789e-05 4.30543540e-04
2.52426119e-01 1.84077510e-05 4.25291451e-04
2.52833421e-01 3.38216139e-04 4.22163568e-04
2.53240720e-01 3.29668725e-04 4.29511012e-04
2.53648017e-01 2.22403048e-04 4.32327744e-04
2.54055312e-01 -1.10233408e-04 4.34173747e-04
2.54462605e-01 3.05764106e-04 4.26089689e-04
2.54869894e-01 8.37007495e-04 4.21095882e-04
2.55277182e-01 5.43606988e-04 4.23410129e-04
2.55684467e-01 3.02175330e-05 4.29467457e-04
2.56091750e-01 -1.03385746e-04 4.18173793e-04
2.56499030e-01 5.01954833e-04 4.24758468e-04
2.56906308e-01 1.32711116e-04 4.14518272e-04
2.57313583e-01 -5.59449540e-04 4.21754040e-04
2.57720856e-01 2.01781094e-04 4.17193981e-04
2.58128127e-01 6.02576774e-04 4.17707738e-04
2.58535395e-01 8.56904246e-04 4.17054220e-04
2.58942661e-01 1.03802276e-04 4.10892963e-04
2.59349924e-01 9.61345164e-04 4.17553577e-04
2.59757184e-01 8.06727180e-04 4.25493498e-04
2.60164443e-01 5.41382378e-04 4.15933186e-04
2.60571699e-01 -2.53079619e-04 4.21097853e-04
2.60978952e-01 2.57461148e-05 4.24260792e-04
2.61386203e-01 4.60452431e-04 4.17768178e-04
2.61793451e-01 -4.46920031e-04 4.23175020e-04
2.62200697e-01 -4.49606260e-04 4.09507532e-04
2.62607941e-01 5.58905911e-04 4.18790310e-04
2.63015182e-01 -2.83194856e-04 4.15837615e-04
2.63422420e-01 4.00899708e-04 4.14734490e-04
2.63829656e-01 2.40801477e-04 4.26853867e-04
2.64236890e-01 -1.31840160e-03 4.18987190e-04
2.64644121e-01 3.40429818e-04 4.09533582e-04
2.65051349e-01 1.04382547e-04 4.15520884e-04
2.65458575e-01 7.77287007e-04 4.11531315e-04
2.65865799e-01 -1.42828392e-05 4.10047024e-04
2.66273019e-01 8.87659549e-05 4.10880033e-04
2.66680238e-01 1.45272896e-05 4.08710100e-04
2.67087454e-01 4.16671356e-04 4.14356320e-04
2.67494667e-01 -5.06905459e-05 4.16743714e-04
2.67901878e-01 -1.13852617e-05 4.09368592e-04
2.68309086e-01 3.37916857e-04 4.13958497e-04
2.68716292e-01 -6.22627473e-04 4.05587963e-04
2.69123495e-01 6.77744379e-04 4.05872250e-04
2.69530696e-01 -7.67087868e-05 3.99166693e-04
2.69937894e-01 8.24187133e-04 4.12222181e-04
2.70345090e-01 -6.40353692e-04 4.05883713e-04
2.70752283e-01 2.43105774e-04 4.05329686e-04
2.71159473e-01 -2.37878332e-04 4.03484564e-04
2.71566661e-01 -3.72457750e-05 4.03602194e-04
2.71973847e-01 5.26605308e-05 4.06251082e-04
2.72381030e-01 -1.91640994e-04 4.11109224e-04
2.72788210e-01 -8.41206574e-04 3.94753567e-04
2.73195387e-01 5.48458912e-04 4.07073233e-04
2.73602562e-01 6.15776890e-04 4.06404910e-04
2.74009735e-01 2.81634754e-04 4.04928512e-04
2.74416905e-01 7.86552834e-05 4.01140591e-04
2.74824072e-01 6.61503321e-04 4.03046684e-04
2.75231237e-01 -5.53193105e-04 3.91647212e-04
2.75638399e-01 3.36195069e-05 3.99278578e-04
2.76045558e-01 1.73126593e-05 3.99759491e-04
2.76452715e-01 4.57664575e-04 3.99279356e-04
2.76859869e-01 -1.67479675e-04 3.94579370e-04
2.77267021e-01 1.36433018e-04 3.94041439e-04
2.77674170e-01 4.82726723e-04 3.98554402e-04
2.78081316e-01 3.59955436e-04 3.92972814e-04
2.78488460e-01 9.53130271e-05 4.00467178e-04
2.78895601e-01 1.66857257e-04 4.00449132e-04
2.79302740e-01 1.02872964e-04 3.93608415e-04
2.79709875e-01 6.88574163e-04 3.99629010e-04
2.80117009e-01 8.93176200e-05 3.97575488e-04
2.80524139e-01 2.19467827e-04 3.93576368e-04
2.80931267e-01 4.08178830e-04 3.93593690e-04
2.81338392e-01 -5.32049582e-04 3.91753541e-04
2.81745515e-01 1.93650226e-04 3.89300439e-04
2.82152635e-01 -2.79148226e-04 3.88800590e-04
2.82559752e-01 -3.69363324e-04 3.95031269e-04
2.82966866e-01 8.63264912e-05 3.94607315e-04
2.83373978e-01 1.11222587e-03 3.94769901e-04
2.83781088e-01 -7.07222191e-04 3.86939406e-04
2.84188194e-01 2.88106080e-04 3.92451191e-04
2.84595298e-01 2.65211095e-04 4.00243028e-04
2.85002399e-01 -1.27625693e-04 3.96738544e-04
2.85409497e-01 8.99110189e-04 3.93228479e-04
2.85816593e-01 9.90393014e-04 4.01624236e-04
2.86223686e-01 2.00410672e-04 3.94766700e-04
2.86630777e-01 -1.74833804e-04 3.89070534e-04
2.87037864e-01 5.19400604e-04 3.97961151e-04
2.87444949e-01 4.18962439e-06 3.96752079e-04
2.87852031e-01 4.82886652e-04 4.00172596e-04
2.88259111e-01 -4.81565744e-04 3.92281862e-04
2.88666188e-01 1.73296210e-04 3.99435690e-04
2.89073262e-01 6.02202544e-05 3.95087432e-04
2.89480333e-01 3.88478219e-04 4.01102513e-04
2.89887401e-01 3.25892656e-04 4.02870959e-04
2.90294467e-01 2.79162721e-05 4.04452971e-04
2.90701530e-01 -2.27118762e-04 4.00927328e-04
2.91108591e-01 7.16203671e-04 3.94884207e-04
2.91515648e-01 1.15857122e-04 3.98027993e-04
2.91922703e-01 5.02215225e-04 3.96856005e-04
2.92329755e-01 2.38246917e-04 3.98726230e-04
2.92736804e-01 5.60620230e-05 3.94349404e-04
2.93143851e-01 9.43239573e-04 3.97922398e-04
2.93550895e-01 4.48325235e-04 3.86480880e-04
2.93957936e-01 -3.38193122e-04 3.90422863e-04
2.94364974e-01 -3.42134876e-04 3.89989848e-04
2.94772009e-01 -2.63133565e-04 3.92246993e-04
2.95179042e-01 -3.74347151e-04 3.88785128e-04
2.95586072e-01 -3.45902865e-04 3.88670917e-04
2.95993099e-01 -1.44710169e-04 3.90474494e-04
2.96400123e-01 4.82185882e-04 3.97221782e-04
2.96807145e-01 1.05971086e-04 3.86009432e-04
2.97214163e-01 -2.94580007e-04 3.95684523e-04
2.97621179e-01 -3.16496562e-04 3.90454214e-04
2.98028192e-01 -1.29118025e-04 3.94284796e-04
2.98435202e-01 -1.50720437e-04 3.90502796e-04
2.98842210e-01 -2.82587552e-04 3.99069344e-04
2.99249214e-01 2.56032317e-04 4.01833762e-04
2.99656216e-01 3.25522038e-06 3.90651252e-04
3.00063215e-01 1.28820366e-04 3.97044271e-04
3.00470211e-01 1.55878785e-04 3.91390608e-04
3.00877204e-01 -8.46394755e-05 4.02807911e-04
3.01284194e-01 1.42155223e-04 3.94908388e-04
3.01691182e-01 1.10866660e-04 3.87528873e-04
3.02098167e-01 3.90937860e-05 3.99037201e-04
3.02505149e-01 -6.57025355e-04 3.91189854e-04
3.02912128e-01 -4.87037591e-04 3.94756769e-04
3.03319104e-01 9.03355831e-05 3.94293985e-04
3.03726077e-01 2.22301366e-04 3.97378078e-04
3.04133047e-01 3.26796372e-04 3.90332553e-04
3.04540015e-01 -1.21130857e-04 3.91632710e-04
3.04946979e-01 1.22539490e-04 3.94449301e-04
3.05353941e-01 3.48147402e-04 3.91619445e-04
3.05760900e-01 -1.82472790e-04 3.88886054e-04
3.06167856e-01 8.42793276e-05 3.91121963e-04
3.06574809e-01 1.13840949e-04 3.92840330e-04
3.06981759e-01 6.06816372e-04 3.99153484e-04
3.07388706e-01 4.20609973e-04 3.97010272e-04
3.07795651e-01 -4.39246971e-04 3.86819538e-04
3.08202592e-01 -4.22384023e-05 3.88146291e-04
3.08609531e-01 8.52427131e-04 3.96404713e-04
3.09016466e-01 8.97337926e-04 3.96782236e-04
3.09423399e-01 3.43992678e-04 3.99120835e-04
3.09830329e-01 -1.91755183e-04 3.94784715e-04
3.10237256e-01 -3.50533136e-04 3.97761507e-04
3.10644180e-01 1.47261250e-04 3.96960230e-04
3.11051101e-01 6.59559384e-04 4.09094533e-04
3.11458019e-01 3.89567883e-04 3.96580479e-04
3.11864934e-01 2.95428964e-04 3.97042193e-04
3.12271846e-01 1.64760358e-05 3.99421908e-04
3.12678755e-01 6.29078467e-04 4.02609188e-04
3.13085661e-01 6.62557103e-04 4.03727917e-04
3.13492565e-01 4.92523600e-04 4.03533893e-04
3.13899465e-01 1.62021897e-04 4.09993450e-04
3.14306362e-01 -2.16129619e-04 3.96678918e-04
3.14713257e-01 -2.82697095e-04 3.93735619e-04
3.15120148e-01 3.45828611e-04 4.06593537e-04
3.15527037e-01 5.78208074e-04 4.06896040e-04
3.15933922e-01 6.84919100e-04 4.17859915e-04
3.16340805e-01 -3.49482760e-04 4.46458329e-04
3.16747684e-01 1.66409359e-04 4.93875508e-04
3.17154561e-01 1.32193175e-03 5.24102050e-04
3.17561434e-01 3.04298222e-04 5.38212556e-04
3.17968305e-01 -8.21797275e-04 5.64811404e-04
3.18375172e-01 6.66138214e-04 6.14991648e-04
3.18782037e-01 5.91743104e-04 6.27493249e-04
3.19188898e-01 -1.46668083e-05 6.57920911e-04
3.19595757e-01 1.91524661e-04 6.97336331e-04
3.20002612e-01 3.74336583e-04 7.17832502e-04
3.20409465e-01 -1.57425570e-04 7.61549344e-04
3.20816314e-01 5.57114276e-04 8.23110558e-04
3.21223160e-01 1.92488522e-03 9.94639757e-04
3.21630004e-01 1.02641780e-03 1.04464190e-03
3.22036844e-01 1.07903437e-03 1.31218592e-03
3.22443681e-01 1.21407790e-03 2.05410900e-03
3.22850516e-01 3.21384688e-03 4.14472619e-03
