4.08043586e-03 -2.63269233e-02 2.90979176e-02
4.48847930e-03 -3.14338242e-02 2.62317931e-02
4.89652269e-03 -6.83894112e-03 2.02471090e-02
5.30456604e-03 -1.12088841e-02 1.39380298e-02
5.71260934e-03 -1.60900419e-02 1.03364121e-02
6.12065258e-03 6.92634870e-04 8.78499090e-03
6.52869577e-03 -4.84037662e-03 7.26145936e-03
6.93673889e-03 1.92023212e-03 6.47942657e-03
7.34478195e-03 1.03448165e-03 5.48182879e-03
7.75282494e-03 -1.70269436e-04 5.33012949e-03
8.16086785e-03 -5.59688725e-03 4.74560179e-03
8.56891069e-03 -2.68529199e-03 4.10489458e-03
8.97695345e-03 -3.20408277e-03 4.28788381e-03
9.38499612e-03 8.82755786e-04 4.17894624e-03
9.79303870e-03 -2.51402636e-03 3.64124896e-03
1.02010812e-02 -2.73995417e-03 3.19997551e-03
1.06091236e-02 -5.74164044e-04 3.13617141e-03
1.10171659e-02 -6.35720703e-06 2.92858447e-03
1.14252081e-02 3.07258901e-03 2.99453116e-03
1.18332501e-02 2.20448056e-03 2.97301789e-03
1.22412921e-02 -1.58547790e-04 2.76632026e-03
1.26493339e-02 -1.07984971e-03 2.44466782e-03
1.30573757e-02 2.29804490e-03 2.60033169e-03
1.34654173e-02 -1.97644895e-03 2.61469803e-03
1.38734588e-02 -1.23716940e-03 2.36921228e-03
1.42815001e-02 -4.57111882e-03 2.21238256e-03
1.46895413e-02 1.01202477e-04 2.29353845e-03
1.50975824e-02 -1.49123707e-03 2.20764898e-03
1.55056233e-02 -5.05070408e-04 2.12724923e-03
1.59136641e-02 1.96706022e-03 1.93607667e-03
1.63217047e-02 3.84070239e-03 2.05381065e-03
1.67297452e-02 2.48844672e-04 2.05146941e-03
1.71377855e-02 -1.72889846e-03 2.07498302e-03
1.75458257e-02 2.43303628e-03 2.08927845e-03
1.79538657e-02 -6.03921447e-04 1.92858497e-03
1.83619055e-02 1.20001621e-03 1.97897008e-03
1.87699451e-02 -1.00695579e-03 1.89136729e-03
1.91779846e-02 9.50892222e-04 2.00089045e-03
1.95860239e-02 2.80171787e-03 1.83895555e-03
1.99940630e-02 4.34896772e-04 1.88296796e-03
2.04021019e-02 3.53624976e-03 1.83295574e-03
2.08101406e-02 4.43407442e-04 1.86276249e-03
2.12181791e-02 1.36113079e-03 1.82133337e-03
2.16262174e-02 1.23736020e-03 1.81785879e-03
2.20342555e-02 1.22642857e-03 1.73326241e-03
2.24422934e-02 2.77492499e-03 1.81686739e-03
2.28503311e-02 -2.49327345e-03 1.65381994e-03
2.32583686e-02 -4.29666580e-03 1.75774242e-03
2.36664058e-02 -2.79023436e-03 1.64288391e-03
2.40744429e-02 3.05734911e-03 1.63562781e-03
2.44824797e-02 -5.78207210e-04 1.58694894e-03
2.48905162e-02 -2.84291652e-04 1.63731011e-03
2.52985525e-02 -1.59729052e-03 1.71620751e-03
2.57065886e-02 -1.38421351e-03 1.64971954e-03
2.61146245e-02 -1.63652646e-03 1.66646590e-03
2.65226601e-02 1.07829611e-03 1.77891398e-03
2.69306954e-02 -1.21621103e-03 1.64663127e-03
2.73387305e-02 -1.99732974e-03 1.65116898e-03
2.77467653e-02 -1.13812924e-03 1.64262605e-03
2.81547999e-02 1.17534481e-03 1.70428483e-03
2.85628342e-02 8.36029670e-04 1.72426949e-03
2.89708682e-02 -2.22800128e-03 1.71737893e-03
2.93789020e-02 -1.62967568e-03 1.64859140e-03
2.97869355e-02 2.35252328e-03 1.57264629e-03
3.01949687e-02 -1.89623353e-03 1.54297491e-03
3.06030016e-02 1.59870806e-03 1.66234450e-03
3.10110342e-02 -9.80372632e-04 1.59035379e-03
3.14190665e-02 -2.33056294e-04 1.64328700e-03
3.18270985e-02 -2.50922747e-04 1.53205446e-03
3.22351302e-02 1.38843267e-03 1.56275025e-03
3.26431617e-02 -6.06088385e-04 1.46327423e-03
3.30511928e-02 1.31736555e-03 1.60763387e-03
3.34592236e-02 5.27468450e-04 1.43682631e-03
3.38672540e-02 2.27457673e-03 1.49697654e-03
3.42752842e-02 -1.22235162e-03 1.39436669e-03
3.46833140e-02 8.07458951e-04 1.48296837e-03
3.50913435e-02 1.91610425e-03 1.42532467e-03
3.54993727e-02 1.58242847e-03 1.40736630e-03
3.59074015e-02 1.34150263e-03 1.41875917e-03
3.63154300e-02 8.78547796e-04 1.34353953e-03
3.67234581e-02 -7.06213186e-04 1.34777941e-03
3.71314859e-02 -4.90685887e-04 1.35272772e-03
3.75395134e-02 2.09388780e-03 1.30056817e-03
3.79475405e-02 4.62779469e-04 1.37379524e-03
3.83555672e-02 -1.22491022e-03 1.33326079e-03
3.87635935e-02 -4.08528395e-04 1.29472220e-03
3.91716195e-02 -2.31596491e-04 1.22445089e-03
3.95796452e-02 9.12099119e-04 1.35964231e-03
3.99876704e-02 -5.76184501e-04 1.34963402e-03
4.03956953e-02 -1.25914047e-04 1.34743006e-03
4.08037198e-02 -1.72097228e-03 1.32636784e-03
4.12117439e-02 4.75554468e-04 1.31826100e-03
4.16197676e-02 -3.02820482e-04 1.23533128e-03
4.20277909e-02 -2.30986141e-04 1.27613446e-03
4.24358138e-02 1.40404533e-03 1.25353422e-03
4.28438363e-02 7.66775402e-04 1.26406957e-03
4.32518584e-02 -1.80750321e-03 1.16162979e-03
4.36598801e-02 7.80806286e-04 1.24609699e-03
4.40679014e-02 1.53148271e-03 1.18302333e-03
4.44759222e-02 -1.44086432e-03 1.14503791e-03
4.48839427e-02 3.16274444e-04 1.22432498e-03
4.52919627e-02 1.56370940e-04 1.21763562e-03
4.56999823e-02 2.25815929e-03 1.23521475e-03
4.61080014e-02 -5.19156519e-05 1.23090135e-03
4.65160201e-02 8.39643073e-04 1.21245977e-03
4.69240384e-02 4.88207916e-04 1.23491989e-03
4.73320562e-02 -5.02335526e-04 1.13854772e-03
4.77400736e-02 2.44348092e-03 1.17954793e-03
4.81480905e-02 -5.05125895e-04 1.12859942e-03
4.85561070e-02 1.25587256e-03 1.15027161e-03
4.89641230e-02 1.64762432e-03 1.16070540e-03
4.93721385e-02 9.02475200e-04 1.17909723e-03
4.97801536e-02 1.94369463e-03 1.14979113e-03
5.01881682e-02 -3.33931918e-04 1.07564541e-03
5.05961823e-02 2.96061469e-04 1.10327372e-03
5.10041960e-02 -1.24698151e-05 1.16440956e-03
5.14122091e-02 1.77440846e-03 1.13766178e-03
5.18202218e-02 8.15257787e-04 1.16899680e-03
5.22282340e-02 -6.17951295e-04 1.07901699e-03
5.26362457e-02 -1.81008842e-03 1.10598630e-03
5.30442569e-02 3.77069497e-04 1.11083975e-03
5.34522675e-02 -1.96690782e-03 1.07606732e-03
5.38602777e-02 6.63044009e-04 1.07095510e-03
5.42682874e-02 -1.20970572e-03 1.10368994e-03
5.46762965e-02 -3.97555886e-04 1.11594787e-03
5.50843052e-02 -7.39472215e-04 1.06750870e-03
5.54923133e-02 -6.11817264e-04 1.03343582e-03
5.59003208e-02 -6.95015829e-04 1.08662924e-03
5.63083279e-02 1.63944415e-04 1.18580092e-03
5.67163344e-02 -4.44549208e-04 1.12579370e-03
5.71243404e-02 -6.31256191e-04 1.09436418e-03
5.75323458e-02 -1.73173979e-03 1.06296269e-03
5.79403507e-02 -7.55286037e-04 1.10783036e-03
5.83483551e-02 1.91218790e-03 1.12549610e-03
5.87563588e-02 -2.92817567e-04 1.05627102e-03
5.91643621e-02 -2.03805435e-03 1.08508862e-03
5.95723647e-02 5.47370581e-04 1.05565227e-03
5.99803668e-02 8.43875903e-04 1.10551550e-03
6.03883684e-02 -1.63954194e-03 1.13641251e-03
6.07963693e-02 5.36447460e-05 1.13548926e-03
6.12043697e-02 8.68992384e-04 1.13712070e-03
6.16123695e-02 -3.43986175e-04 1.11243401e-03
6.20203687e-02 4.64053987e-04 1.12575352e-03
6.24283674e-02 -3.04853160e-04 1.05938904e-03
6.28363654e-02 -7.83015713e-05 1.01480386e-03
6.32443629e-02 6.11885392e-04 1.02822095e-03
6.36523597e-02 9.72285595e-04 1.03731762e-03
6.40603559e-02 8.37725200e-05 1.03291892e-03
6.44683516e-02 8.52384024e-06 1.01827323e-03
6.48763466e-02 1.76411814e-03 1.06631418e-03
6.52843410e-02 6.24822892e-04 1.06113380e-03
6.56923348e-02 1.09470986e-03 1.01452099e-03
6.61003279e-02 6.46999153e-04 1.01872248e-03
6.65083205e-02 1.34346601e-03 1.02420230e-03
6.69163124e-02 -5.64542930e-04 9.45991540e-04
6.73243036e-02 1.87011134e-03 9.49896180e-04
6.77322943e-02 -6.25613347e-05 9.64256764e-04
6.81402842e-02 6.05139310e-04 9.83092577e-04
6.85482736e-02 -7.83396810e-04 9.64079815e-04
6.89562623e-02 8.28367682e-04 9.76270644e-04
6.93642503e-02 4.81758059e-04 9.80298071e-04
6.97722377e-02 -2.15446636e-03 9.81127124e-04
7.01802244e-02 6.62350430e-04 9.56024460e-04
7.05882105e-02 5.59921800e-05 9.47362527e-04
7.09961958e-02 1.37248636e-04 9.42460646e-04
7.14041805e-02 2.74547688e-04 9.34315525e-04
7.18121646e-02 7.60438743e-04 9.50329657e-04
7.22201479e-02 -1.30012315e-03 9.08923064e-04
7.26281306e-02 -4.81499936e-04 9.24702960e-04
7.30361126e-02 -5.65887508e-04 8.88958279e-04
7.34440938e-02 5.78267465e-05 9.13716858e-04
7.38520744e-02 7.72889486e-04 9.20857439e-04
7.42600543e-02 -3.41829275e-04 9.21601746e-04
7.46680335e-02 -8.21429948e-04 9.28298198e-04
7.50760119e-02 -1.43706024e-03 9.05770681e-04
7.54839897e-02 -4.45982610e-04 9.15409179e-04
7.58919667e-02 1.32771862e-03 9.25829690e-04
7.62999431e-02 1.39492959e-03 9.52537751e-04
7.67079187e-02 3.75261446e-04 9.29307393e-04
7.71158935e-02 8.69081588e-04 9.28352785e-04
7.75238677e-02 1.32158286e-03 9.14637361e-04
7.79318411e-02 1.56418523e-04 9.04210396e-04
7.83398137e-02 1.80074534e-03 9.34979425e-04
7.87477857e-02 1.34372405e-03 9.06461842e-04
7.91557568e-02 -3.02767117e-04 9.17508159e-04
7.95637273e-02 -1.83156395e-03 8.91977870e-04
7.99716969e-02 7.14393894e-04 8.88459998e-04
8.03796658e-02 -2.55369289e-04 8.71357286e-04
8.07876340e-02 6.38248272e-04 8.85259973e-04
8.11956014e-02 6.55849406e-04 8.53790323e-04
8.16035680e-02 -3.51935908e-04 8.30472484e-04
8.20115338e-02 4.04543952e-04 8.55515341e-04
8.24194989e-02 -3.04309250e-04 8.61524111e-04
8.28274631e-02 -5.09276842e-04 8.55735104e-04
8.32354266e-02 -4.76713320e-04 8.61104006e-04
8.36433893e-02 5.87319701e-04 8.56590241e-04
8.40513512e-02 3.38798370e-04 8.56236173e-04
8.44593123e-02 7.48476461e-04 8.65236254e-04
8.48672727e-02 2.05064239e-03 8.48768378e-04
8.52752322e-02 1.58885865e-04 8.46800087e-04
8.56831909e-02 9.54480954e-05 8.65984910e-04
8.60911487e-02 -4.86413384e-05 8.43816625e-04
8.64991058e-02 -6.29052382e-05 8.35656028e-04
8.69070620e-02 5.50600498e-04 8.47125543e-04
8.73150175e-02 1.50819723e-03 8.35627015e-04
8.77229721e-02 6.98932674e-05 8.13141112e-04
8.81309258e-02 -5.29753444e-04 8.42209883e-04
8.85388787e-02 -1.24646275e-04 8.33320766e-04
8.89468308e-02 -1.05215442e-03 8.10294986e-04
8.93547821e-02 1.11786376e-03 8.27244872e-04
8.97627325e-02 1.88381485e-03 8.24846032e-04
9.01706820e-02 1.29383785e-03 8.39342553e-04
9.05786307e-02 8.28525896e-04 8.11622183e-04
9.09865785e-02 9.33081972e-04 8.29640292e-04
9.13945255e-02 -3.57543477e-04 8.13837228e-04
9.18024716e-02 3.33477448e-04 7.67338220e-04
9.22104168e-02 -8.80549411e-06 8.39105754e-04
9.26183611e-02 2.13935919e-05 8.11409582e-04
9.30263046e-02 1.80594977e-03 8.05998269e-04
9.34342472e-02 -3.20823045e-04 8.33765878e-04
9.38421889e-02 -3.67335132e-04 7.99410950e-04
9.42501297e-02 -2.78207940e-04 8.33820073e-04
9.46580696e-02 -4.79208120e-04 8.01403364e-04
9.50660087e-02 -3.19772505e-04 8.36566500e-04
9.54739468e-02 -5.38487400e-04 8.15016672e-04
9.58818840e-02 8.10503219e-04 8.14838495e-04
9.62898203e-02 1.40509628e-03 8.14399301e-04
9.66977557e-02 6.36943710e-04 8.12946528e-04
9.71056902e-02 1.42155906e-04 7.80863726e-04
9.75136237e-02 -4.86617038e-04 7.84385352e-04
9.79215564e-02 -6.20063592e-04 7.86844996e-04
9.83294881e-02 3.00621291e-04 7.62665782e-04
9.87374188e-02 4.96938566e-04 7.86437060e-04
9.91453487e-02 -6.55743397e-04 7.63311540e-04
9.95532775e-02 5.98101119e-04 7.75566610e-04
9.99612055e-02 -5.50616817e-04 7.77013309e-04
1.00369132e-01 1.29344331e-03 7.72241913e-04
1.00777059e-01 -3.51532987e-04 7.70684102e-04
1.01184984e-01 5.30888821e-04 7.97820400e-04
1.01592908e-01 -1.97409113e-04 7.70933939e-04
1.02000831e-01 5.62575113e-04 7.47675739e-04
1.02408753e-01 1.79709069e-03 7.42058563e-04
1.02816674e-01 1.35371951e-03 7.54314485e-04
1.03224595e-01 -6.13422307e-04 7.43276333e-04
1.03632514e-01 -3.03136330e-04 7.60938544e-04
1.04040432e-01 1.10750271e-04 7.56002399e-04
1.04448349e-01 -1.87572439e-04 7.33313595e-04
1.04856266e-01 -1.01274966e-03 7.36419742e-04
1.05264181e-01 -1.65807369e-03 7.36602538e-04
1.05672095e-01 5.13737373e-04 7.52826244e-04
1.06080009e-01 -7.70115391e-05 7.39701673e-04
1.06487921e-01 8.73981302e-04 7.28762713e-04
1.06895832e-01 -2.19652734e-04 7.41280366e-04
1.07303743e-01 -1.02213221e-03 7.41234360e-04
1.07711652e-01 1.18517505e-04 7.65512579e-04
1.08119560e-01 1.51618252e-03 7.64119598e-04
1.08527467e-01 -6.27064290e-04 7.34924252e-04
1.08935374e-01 -1.01846046e-03 7.40433045e-04
1.09343279e-01 4.71937408e-04 7.63246593e-04
1.09751183e-01 1.31689818e-03 7.35056168e-04
1.10159086e-01 1.22469199e-03 7.26219239e-04
1.10566988e-01 7.39597980e-04 7.13511159e-04
1.10974889e-01 -3.68230733e-04 7.22484576e-04
1.11382789e-01 2.53641316e-05 7.32123500e-04
1.11790688e-01 1.67557601e-04 7.42421040e-04
1.12198586e-01 -1.34989073e-05 7.24600617e-04
1.12606482e-01 6.52444948e-04 7.27934475e-04
1.13014378e-01 -8.97426967e-04 7.43951445e-04
1.13422273e-01 3.55935495e-04 7.37689951e-04
1.13830166e-01 -1.06385443e-03 7.36920153e-04
1.14238059e-01 -1.17714956e-04 7.30613644e-04
1.14645950e-01 8.08351440e-04 7.36428978e-04
1.15053840e-01 1.47423158e-03 7.44016302e-04
1.15461730e-01 4.01036150e-04 7.66290676e-04
1.15869618e-01 5.20428047e-04 7.51421034e-04
1.16277505e-01 2.33054884e-04 7.41704527e-04
1.16685391e-01 -1.08583553e-03 7.32605553e-04
1.17093275e-01 3.35760091e-04 7.29624824e-04
1.17501159e-01 -8.60147222e-06 7.27339683e-04
1.17909042e-01 -4.97987764e-04 7.40845108e-04
1.18316923e-01 2.71181920e-04 7.03937893e-04
1.18724803e-01 1.53116001e-04 7.43506035e-04
1.19132683e-01 1.92804593e-04 7.19639904e-04
1.19540561e-01 5.13232585e-05 6.97403578e-04
1.19948438e-01 1.06179278e-03 7.15671155e-04
1.20356313e-01 -5.10235670e-04 7.04702983e-04
1.20764188e-01 -2.64065486e-04 7.03728763e-04
1.21172062e-01 7.73980597e-04 6.79707304e-04
1.21579934e-01 -6.03753200e-04 7.01366375e-04
1.21987805e-01 -1.50837980e-04 6.89630140e-04
1.22395675e-01 -9.05720769e-04 6.69179125e-04
1.22803544e-01 -8.17866576e-05 6.85467340e-04
1.23211412e-01 -4.88238935e-04 6.62046865e-04
1.23619278e-01 -9.74151952e-04 6.59741564e-04
1.24027144e-01 -9.66846346e-04 6.73765116e-04
1.24435008e-01 -1.13847108e-03 6.68839053e-04
1.24842871e-01 5.28951439e-04 6.91900531e-04
1.25250733e-01 -1.23207878e-03 6.81555659e-04
1.25658594e-01 -6.88989287e-04 6.66408839e-04
1.26066453e-01 -9.40308283e-04 6.61598522e-04
1.26474311e-01 4.95897620e-04 6.82195192e-04
1.26882168e-01 -9.14162176e-04 6.91416177e-04
1.27290024e-01 5.77769960e-04 6.80746905e-04
1.27697879e-01 1.29789859e-03 6.76046692e-04
1.28105732e-01 1.52223638e-04 6.74506054e-04
1.28513585e-01 -2.94355664e-05 6.65146048e-04
1.28921436e-01 -3.94507738e-04 6.67104917e-04
1.29329285e-01 1.08862551e-03 6.62070476e-04
1.29737134e-01 3.13479458e-04 6.67444027e-04
1.30144981e-01 2.52518928e-04 6.61244045e-04
1.30552828e-01 -2.20852762e-04 6.51005233e-04
1.30960672e-01 3.83378100e-04 6.61651317e-04
1.31368516e-01 -5.44501027e-04 6.45893283e-04
1.31776358e-01 -8.76548676e-04 6.52196809e-04
1.32184200e-01 1.10937277e-03 6.56988195e-04
1.32592039e-01 1.09512245e-03 6.63509326e-04
1.32999878e-01 4.04750528e-04 6.38839464e-04
1.33407715e-01 -2.84240422e-04 6.42981879e-04
1.33815552e-01 -6.56030633e-04 6.33405368e-04
1.34223386e-01 -6.05333890e-05 6.43507240e-04
1.34631220e-01 1.96026691e-04 6.45242733e-04
1.35039052e-01 6.61187408e-04 6.82664441e-04
1.35446883e-01 -7.97834920e-05 6.43011439e-04
1.35854713e-01 -4.87138133e-04 6.35408246e-04
1.36262541e-01 3.57881183e-04 6.59623725e-04
1.36670368e-01 1.78270361e-04 6.28684411e-04
1.37078194e-01 4.27289418e-04 6.51763847e-04
1.37486019e-01 7.35815993e-04 6.35253511e-04
1.37893842e-01 7.78567371e-04 6.49720115e-04
1.38301664e-01 1.28401030e-04 6.25910364e-04
1.38709485e-01 -1.35981577e-03 6.22493785e-04
1.39117304e-01 -5.05472424e-05 6.28142863e-04
1.39525122e-01 -5.18224299e-04 6.14986570e-04
1.39932939e-01 -4.15807495e-04 6.14800385e-04
1.40340754e-01 -9.77747663e-04 6.18054862e-04
1.40748568e-01 1.09938778e-03 6.30342681e-04
1.41156381e-01 7.63817687e-04 6.22626011e-04
1.41564192e-01 1.02868627e-03 6.09682494e-04
1.41972002e-01 8.50078780e-04 6.23483309e-04
1.42379811e-01 1.69486346e-03 6.38162160e-04
1.42787618e-01 6.15999848e-04 6.15796452e-04
1.43195424e-01 2.33930310e-04 6.18506285e-04
1.43603228e-01 3.09001087e-04 6.43989781e-04
1.44011032e-01 7.71622161e-05 6.40311527e-04
1.44418833e-01 -3.68715170e-04 6.14521204e-04
1.44826634e-01 5.40713378e-05 6.25923468e-04
1.45234433e-01 3.34210425e-04 6.28185881e-04
1.45642231e-01 6.87684328e-04 6.42971816e-04
1.46050027e-01 4.02337358e-04 6.28073866e-04
1.46457822e-01 1.41550303e-08 6.31968793e-04
1.46865616e-01 -4.16715286e-04 6.25179476e-04
1.47273408e-01 3.31973317e-04 6.24837011e-04
1.47681199e-01 6.97996805e-04 6.53939653e-04
1.48088988e-01 -8.11937130e-04 6.31066609e-04
1.48496776e-01 8.70449362e-06 6.25101450e-04
1.48904563e-01 -7.71781065e-04 6.02615304e-04
1.49312348e-01 2.36577621e-04 6.15024625e-04
1.49720132e-01 6.04589268e-04 6.23354120e-04
1.50127914e-01 1.49480406e-04 6.22176046e-04
1.50535695e-01 -4.10321244e-04 6.15846391e-04
1.50943474e-01 4.06055965e-04 6.12082949e-04
1.51351252e-01 2.66552223e-04 6.05566728e-04
1.51759029e-01 -9.20775675e-04 5.99162762e-04
1.52166804e-01 5.39499866e-04 6.23046758e-04
1.52574578e-01 -4.89596413e-04 5.91632195e-04
1.52982350e-01 4.73440619e-05 6.03868564e-04
1.53390121e-01 9.35008410e-04 5.97973656e-04
1.53797890e-01 1.35481228e-03 6.17020907e-04
1.54205658e-01 -2.11780330e-04 5.95189421e-04
1.54613425e-01 -1.18304208e-03 5.79978053e-04
1.55021190e-01 1.32894008e-03 6.01131252e-04
1.55428953e-01 1.39633692e-05 6.04093858e-04
1.55836716e-01 -1.14479340e-04 5.87084853e-04
1.56244476e-01 3.50543419e-04 5.87134193e-04
1.56652235e-01 1.05842841e-03 5.99967317e-04
1.57059993e-01 -4.98581924e-04 5.94216034e-04
1.57467749e-01 -9.58481731e-04 5.76911941e-04
1.57875504e-01 6.26679544e-04 5.86719620e-04
1.58283257e-01 3.50213801e-04 5.86482875e-04
1.58691008e-01 -5.14046849e-04 5.61827411e-04
1.59098758e-01 1.11988015e-03 5.73947737e-04
1.59506507e-01 -2.37519360e-05 5.76837884e-04
1.59914254e-01 -2.82240974e-04 5.69750234e-04
1.60322000e-01 -4.23581510e-04 5.65411786e-04
1.60729744e-01 -1.52214558e-04 5.57591519e-04
1.61137486e-01 1.72429093e-04 5.83459285e-04
1.61545228e-01 1.19284040e-04 5.69324987e-04
1.61952967e-01 2.56185398e-04 5.79906520e-04
1.62360705e-01 -4.54918429e-04 5.63045776e-04
1.62768441e-01 7.28337909e-04 5.63389513e-04
1.63176176e-01 9.78745642e-04 5.84431064e-04
1.63583910e-01 4.48901389e-04 5.70916346e-04
1.63991641e-01 3.41787261e-04 5.54262255e-04
1.64399372e-01 -1.34427452e-03 5.53993568e-04
1.64807100e-01 -9.48534749e-04 5.56380046e-04
1.65214827e-01 -2.95586673e-04 5.65135676e-04
1.65622553e-01 -3.29215112e-04 5.47713360e-04
1.66030277e-01 -4.31211653e-04 5.63672464e-04
1.66437999e-01 -4.21474334e-05 5.47262758e-04
1.66845720e-01 2.42745942e-04 5.48764881e-04
1.67253439e-01 9.05636441e-04 5.60361674e-04
1.67661157e-01 -4.47980797e-04 5.44848922e-04
1.68068873e-01 6.26219965e-04 5.65480451e-04
1.68476588e-01 2.83695379e-04 5.53870299e-04
1.68884301e-01 6.38999789e-04 5.56651698e-04
1.69292012e-01 3.42126660e-04 5.52545304e-04
1.69699721e-01 4.13991084e-04 5.51970552e-04
1.70107430e-01 3.40758184e-04 5.58291651e-04
1.70515136e-01 -1.08847858e-03 5.40197112e-04
1.70922841e-01 2.62492164e-04 5.48336898e-04
1.71330544e-01 5.69959542e-05 5.32906992e-04
1.71738246e-01 -4.67318066e-04 5.58817551e-04
1.72145946e-01 3.70225318e-04 5.47792220e-04
1.72553644e-01 1.67464082e-04 5.42603918e-04
1.72961341e-01 -7.94691161e-04 5.55144561e-04
1.73369036e-01 -8.57216030e-04 5.42378950e-04
1.73776729e-01 2.54396355e-05 5.39116141e-04
1.74184421e-01 1.18322918e-05 5.51831796e-04
1.74592111e-01 2.58213097e-04 5.52477837e-04
1.74999799e-01 -6.64268773e-04 5.26082120e-04
1.75407486e-01 5.08464210e-04 5.55426487e-04
1.75815171e-01 2.35488512e-04 5.36878476e-04
1.76222855e-01 1.03493970e-03 5.45275068e-04
1.76630537e-01 8.23932522e-04 5.46622669e-04
1.77038217e-01 -5.68674008e-04 5.38113602e-04
1.77445895e-01 -2.92186132e-04 5.39968608e-04
1.77853572e-01 1.40304062e-04 5.39345284e-04
1.78261247e-01 -4.79055324e-04 5.43703591e-04
1.78668921e-01 5.10138836e-04 5.31161589e-04
1.79076592e-01 4.39772272e-05 5.34590430e-04
1.79484262e-01 6.38123824e-05 5.32919048e-04
1.79891931e-01 1.65076594e-04 5.30298265e-04
1.80299597e-01 4.52073451e-04 5.35460682e-04
1.80707262e-01 4.12495648e-04 5.22447224e-04
1.81114925e-01 2.18533015e-04 5.13990259e-04
1.81522587e-01 9.47607081e-04 5.21130376e-04
1.81930247e-01 -4.59358311e-05 5.21426304e-04
1.82337905e-01 -1.85266937e-04 5.31063185e-04
1.82745561e-01 1.09294589e-03 5.50216938e-04
1.83153215e-01 -4.70466414e-04 5.20476245e-04
1.83560868e-01 1.87705482e-04 5.25152569e-04
1.83968519e-01 7.41157425e-05 5.10007506e-04
1.84376169e-01 6.59574548e-05 5.08691273e-04
1.84783816e-01 3.43596057e-04 5.15655295e-04
1.85191462e-01 -1.76940621e-04 5.23166124e-04
1.85599106e-01 7.33570233e-04 5.22990223e-04
1.86006749e-01 3.85174245e-04 5.19937847e-04
1.86414389e-01 5.66874533e-04 5.24875934e-04
1.86822028e-01 5.06524200e-04 5.28497907e-04
1.87229665e-01 3.01453755e-04 5.14968126e-04
1.87637300e-01 8.44843158e-04 5.12476887e-04
1.88044934e-01 3.14555296e-04 5.27488446e-04
1.88452566e-01 -5.32825437e-04 5.01095764e-04
1.88860195e-01 9.05093539e-04 5.21106064e-04
1.89267824e-01 7.30118295e-04 5.07458292e-04
1.89675450e-01 -8.19409130e-04 5.16720498e-04
1.90083074e-01 4.42077667e-05 5.05178776e-04
1.90490697e-01 -1.63305144e-04 5.01127884e-04
1.90898318e-01 2.88429647e-04 5.05453736e-04
1.91305937e-01 7.49217899e-04 5.07224541e-04
1.91713555e-01 -4.84015567e-05 5.04316767e-04
1.92121170e-01 -2.17467245e-04 5.16357924e-04
1.92528784e-01 -3.79393292e-04 5.14591049e-04
1.92936396e-01 -5.82707217e-05 4.99072515e-04
1.93344006e-01 2.43972247e-05 4.97586540e-04
1.93751614e-01 1.43389224e-05 5.09729944e-04
1.94159220e-01 -5.56807482e-04 4.99746447e-04
1.94566825e-01 -3.15842596e-04 4.94181576e-04
1.94974427e-01 2.17906026e-04 5.04088171e-04
1.95382028e-01 -6.59807324e-04 4.94879132e-04
1.95789627e-01 7.26471324e-05 5.09642691e-04
1.96197224e-01 -1.53948126e-04 4.86000063e-04
1.96604820e-01 -1.45515425e-05 4.92839808e-04
1.97012413e-01 6.89364088e-04 4.96761005e-04
1.97420005e-01 3.57333857e-04 5.09078515e-04
1.97827594e-01 8.09390112e-04 5.07873151e-04
1.98235182e-01 8.08555554e-04 5.03548773e-04
1.98642768e-01 1.99440477e-05 4.97620400e-04
1.99050352e-01 1.21874622e-03 5.09879780e-04
1.99457934e-01 -3.14200840e-04 5.15711836e-04
1.99865514e-01 6.85638890e-04 5.08337090e-04
2.00273093e-01 1.75420476e-04 5.00483972e-04
2.00680669e-01 5.93118945e-04 5.07092828e-04
2.01088244e-01 -5.03530623e-04 5.04725322e-04
2.01495816e-01 3.97983894e-04 5.15476253e-04
2.01903387e-01 -8.45604628e-05 4.99237899e-04
2.02310956e-01 -3.68768943e-04 5.03981869e-04
2.02718523e-01 4.17617260e-04 5.09256700e-04
2.03126088e-01 6.30436753e-04 5.18605461e-04
2.03533651e-01 -3.75667902e-04 5.20009296e-04
2.03941212e-01 5.23932565e-04 5.20865298e-04
2.04348771e-01 5.48621809e-04 4.97563130e-04
2.04756329e-01 5.41492132e-04 5.08617891e-04
2.05163884e-01 3.99511253e-04 5.13291089e-04
2.05571438e-01 6.25393519e-04 5.08118177e-04
2.05978989e-01 -1.30841262e-03 4.95338993e-04
2.06386539e-01 -4.75253818e-04 4.92741806e-04
2.06794086e-01 1.36565059e-04 5.03000105e-04
2.07201632e-01 3.29891375e-04 5.03363071e-04
2.07609175e-01 -4.57061707e-04 4.85728928e-04
2.08016717e-01 8.90717100e-04 4.93659360e-04
2.08424257e-01 -1.01098054e-04 4.89225314e-04
2.08831794e-01 -3.15351613e-04 4.85845170e-04
2.09239330e-01 -7.20583568e-04 4.71818094e-04
2.09646864e-01 -5.56707975e-04 4.76042513e-04
2.10054396e-01 7.64902919e-04 4.78474172e-04
2.10461925e-01 -2.12910940e-04 4.83663099e-04
2.10869453e-01 8.96221223e-04 4.87330940e-04
2.11276979e-01 5.69480460e-04 4.87071435e-04
2.11684503e-01 3.76849456e-04 4.79742218e-04
2.12092025e-01 -5.82902719e-04 4.76295686e-04
2.12499544e-01 -4.15491130e-04 4.73871669e-04
2.12907062e-01 4.75021295e-04 4.82416005e-04
2.13314578e-01 -5.29175173e-05 4.82244107e-04
2.13722092e-01 3.89798857e-04 4.82839468e-04
2.14129603e-01 -6.83963243e-04 4.71725667e-04
2.14537113e-01 2.58400034e-04 4.75184256e-04
2.14944621e-01 5.81240255e-04 4.79365417e-04
2.15352126e-01 -3.60460789e-05 4.73565059e-04
2.15759630e-01 3.35584747e-04 4.68825270e-04
2.16167131e-01 8.13463959e-04 4.68685829e-04
2.16574631e-01 4.23183551e-04 4.81727591e-04
2.16982128e-01 -5.08090558e-04 4.66466754e-04
2.17389624e-01 -4.68640918e-04 4.73111657e-04
2.17797117e-01 2.93568220e-04 4.64249608e-04
2.18204608e-01 8.78255476e-04 4.71275358e-04
2.18612098e-01 6.21358368e-04 4.70954972e-04
2.19019585e-01 9.86074199e-04 4.69674921e-04
2.19427070e-01 3.86808047e-04 4.62474082e-04
2.19834553e-01 6.19584702e-04 4.73791516e-04
2.20242034e-01 -6.60939487e-05 4.66213117e-04
2.20649512e-01 8.50024499e-05 4.62299190e-04
2.21056989e-01 6.43172255e-05 4.64575856e-04
2.21464464e-01 -3.91166085e-04 4.62906403e-04
2.21871936e-01 4.19861849e-04 4.54957217e-04
2.22279407e-01 5.29161519e-04 4.63258672e-04
2.22686875e-01 6.89113553e-04 4.69300656e-04
2.23094341e-01 -8.01442689e-05 4.75985786e-04
2.23501805e-01 1.03353995e-04 4.73413589e-04
2.23909267e-01 6.94075897e-05 4.67622195e-04
2.24316727e-01 6.30408203e-04 4.66446707e-04
2.24724185e-01 7.99102089e-04 4.60293423e-04
2.25131641e-01 1.86978507e-04 4.53145557e-04
2.25539094e-01 1.94181948e-04 4.53882285e-04
2.25946545e-01 1.93662365e-04 4.55297956e-04
2.26353995e-01 1.53936545e-04 4.52909095e-04
2.26761442e-01 2.06921392e-04 4.61453227e-04
2.27168887e-01 3.06924004e-04 4.57424914e-04
2.27576329e-01 4.21430657e-04 4.59194760e-04
2.27983770e-01 -8.72800637e-04 4.50311125e-04
2.28391208e-01 3.15743736e-04 4.49934282e-04
2.28798645e-01 -3.44946306e-05 4.60476638e-04
2.29206079e-01 2.09861546e-04 4.58665158e-04
2.29613511e-01 4.71404829e-04 4.69724003e-04
2.30020941e-01 -6.61456994e-04 4.59018754e-04
2.30428368e-01 -3.62540525e-04 4.70069037e-04
2.30835794e-01 -2.88613520e-04 4.63866254e-04
2.31243217e-01 5.34484514e-05 4.66104151e-04
2.31650638e-01 -3.25421963e-04 4.63624192e-04
2.32058057e-01 1.42658979e-04 4.63562895e-04
2.32465473e-01 4.63739477e-04 4.65178186e-04
2.32872888e-01 -4.37270324e-04 4.71714428e-04
2.33280300e-01 4.21828113e-05 4.64696434e-04
2.33687710e-01 2.59469871e-05 4.55467836e-04
2.34095118e-01 2.17337936e-04 4.52546367e-04
2.34502524e-01 6.04830961e-04 4.58918575e-04
2.34909927e-01 -1.15076816e-04 4.60735265e-04
2.35317328e-01 7.74301292e-06 4.56728959e-04
2.35724727e-01 -3.84133271e-05 4.71126676e-04
2.36132124e-01 -1.19797928e-04 4.53330527e-04
2.36539518e-01 3.57672132e-04 4.57078928e-04
2.36946911e-01 -3.58725998e-04 4.42078271e-04
2.37354301e-01 3.40535083e-04 4.45966070e-04
2.37761688e-01 7.58607451e-04 4.53108267e-04
2.38169074e-01 2.84164916e-04 4.43852926e-04
2.38576457e-01 -1.03815005e-04 4.46431967e-04
2.38983838e-01 -9.78644105e-05 4.45725629e-04
2.39391217e-01 -4.04178179e-04 4.45111765e-04
2.39798593e-01 3.11525571e-04 4.48532703e-04
2.40205967e-01 -1.54894840e-05 4.42030344e-04
2.40613339e-01 -2.30967097e-05 4.38423983e-04
2.41020709e-01 2.90248948e-04 4.50219825e-04
2.41428076e-01 5.17100729e-04 4.50505985e-04
2.41835441e-01 -2.30511736e-04 4.46736462e-04
2.42242804e-01 -3.76036247e-04 4.41380796e-04
2.42650165e-01 -4.87364469e-04 4.40861962e-04
2.43057523e-01 1.64176755e-04 4.49278012e-04
2.43464879e-01 7.52869267e-04 4.49009260e-04
2.43872232e-01 -2.75507843e-04 4.37771534e-04
2.44279584e-01 3.01549590e-05 4.40853612e-04
2.44686933e-01 5.42873205e-04 4.36529500e-04
2.45094279e-01 -3.47663103e-04 4.37013297e-04
2.45501624e-01 6.09385302e-04 4.40311957e-04
2.45908966e-01 -1.71521419e-04 4.40320563e-04
2.46316305e-01 -4.26850848e-06 4.42011317e-04
2.46723643e-01 9.54333255e-04 4.33851947e-04
2.47130978e-01 -2.60760918e-05 4.31952242e-04
2.47538310e-01 3.79092607e-05 4.32833324e-04
2.47945641e-01 -3.69191534e-04 4.29027692e-04
2.48352969e-01 -2.28453547e-04 4.25738480e-04
2.48760294e-01 1.17046657e-04 4.31872801e-04
2.49167618e-01 3.56606267e-05 4.36457856e-04
2.49574939e-01 4.15101566e-04 4.40197155e-04
2.49982257e-01 1.67397136e-04 4.35728778e-04
2.50389573e-01 -1.50628256e-04 4.32390504e-04
2.50796887e-01 -5.98570723e-04 4.30966203e-04
2.51204199e-01 1.42503838e-04 4.36803169e-04
2.51611508e-01 4.48457395e-04 4.21650603e-04
2.52018815e-01 1.09095095e-04 4.20393151e-04
2.52426119e-01 -4.48646049e-04 4.25939305e-04
2.52833421e-01 -9.62026725e-04 4.26035867e-04
2.53240720e-01 -2.75618413e-04 4.31536332e-04
2.53648017e-01 8.89804304e-04 4.34944286e-04
2.54055312e-01 7.27176515e-04 4.34721415e-04
2.54462605e-01 4.92312319e-05 4.17152184e-04
2.54869894e-01 3.85241299e-04 4.23112999e-04
2.55277182e-01 -2.89974990e-04 4.23868197e-04
2.55684467e-01 -4.18036272e-04 4.23586823e-04
2.56091750e-01 -1.59561848e-04 4.20350649e-04
2.56499030e-01 -6.10200517e-04 4.18212373e-04
2.56906308e-01 1.56887079e-04 4.20072225e-04
2.57313583e-01 2.98562233e-06 4.19399320e-04
2.57720856e-01 6.35873797e-05 4.11672411e-04
2.58128127e-01 -5.78876108e-04 4.22124352e-04
2.58535395e-01 4.31515083e-04 4.18257072e-04
2.58942661e-01 -2.00123216e-04 4.22963941e-04
2.59349924e-01 -6.47034335e-05 4.13977677e-04
2.59757184e-01 3.72041033e-04 4.18613882e-04
2.60164443e-01 -3.15638041e-04 4.25544287e-04
2.60571699e-01 -4.10470990e-05 4.19075356e-04
2.60978952e-01 2.33269644e-04 4.13333419e-04
2.61386203e-01 1.23772671e-04 4.15382730e-04
2.61793451e-01 9.36249165e-04 4.14350119e-04
2.62200697e-01 -7.90749013e-05 4.14483641e-04
2.62607941e-01 -5.86442543e-04 4.15000973e-04
2.63015182e-01 1.05036284e-04 4.11293168e-04
2.63422420e-01 -2.39698706e-04 4.14709534e-04
2.63829656e-01 1.48453219e-04 4.18191373e-04
2.64236890e-01 -2.32227353e-04 4.12035778e-04
2.64644121e-01 -1.27479323e-04 4.18945236e-04
2.65051349e-01 -7.83122573e-04 4.09588352e-04
2.65458575e-01 -5.05989297e-04 4.11568244e-04
2.65865799e-01 -2.73325649e-04 4.11836420e-04
2.66273019e-01 -3.79831737e-05 4.04357372e-04
2.66680238e-01 4.30841324e-04 4.07576303e-04
2.67087454e-01 1.16638454e-03 4.16156106e-04
2.67494667e-01 6.24113265e-04 4.08842212e-04
2.67901878e-01 -9.39539719e-04 4.02088061e-04
2.68309086e-01 1.26196141e-04 4.08523581e-04
2.68716292e-01 4.66999517e-04 4.13268321e-04
2.69123495e-01 -5.31493474e-04 4.01558956e-04
2.69530696e-01 -1.85393083e-04 4.04225670e-04
2.69937894e-01 -1.91950592e-04 4.02400641e-04
2.70345090e-01 -5.64505820e-05 4.08441664e-04
2.70752283e-01 7.42102275e-04 4.09301152e-04
2.71159473e-01 2.11126654e-04 3.97325596e-04
2.71566661e-01 4.37009953e-04 4.02947554e-04
2.71973847e-01 -3.10295327e-04 4.11489173e-04
2.72381030e-01 3.04947439e-04 4.14357601e-04
2.72788210e-01 7.96254967e-04 4.12716972e-04
2.73195387e-01 2.59884749e-04 3.99884699e-04
2.73602562e-01 -3.16589280e-05 4.09855008e-04
2.74009735e-01 -3.72111344e-04 4.07564021e-04
2.74416905e-01 7.62042762e-05 4.02715435e-04
2.74824072e-01 2.63914483e-04 4.00744844e-04
2.75231237e-01 -1.33358602e-05 4.00161144e-04
2.75638399e-01 -7.88080161e-04 3.85218680e-04
2.76045558e-01 -4.76776719e-04 3.95521341e-04
2.76452715e-01 2.09072034e-04 3.95572678e-04
2.76859869e-01 1.37465517e-04 4.04865006e-04
2.77267021e-01 2.62488094e-04 3.99534399e-04
2.77674170e-01 1.01973657e-04 3.92190460e-04
2.78081316e-01 5.00246773e-05 3.87796445e-04
2.78488460e-01 5.02231206e-04 4.00098822e-04
2.78895601e-01 7.79544226e-04 3.95094215e-04
2.79302740e-01 -8.46126499e-04 3.85557055e-04
2.79709875e-01 -1.13857800e-04 3.91141188e-04
2.80117009e-01 9.98288382e-05 3.94193235e-04
2.80524139e-01 2.36406885e-04 4.01614008e-04
2.80931267e-01 3.65010076e-04 3.92029096e-04
2.81338392e-01 -5.06971842e-05 3.90604141e-04
2.81745515e-01 4.15540939e-04 3.89302189e-04
2.82152635e-01 1.20399886e-04 3.97212309e-04
2.82559752e-01 -5.03758731e-04 3.87449917e-04
2.82966866e-01 7.48952092e-05 3.97831351e-04
2.83373978e-01 4.53193936e-04 3.92904497e-04
2.83781088e-01 -3.94625732e-04 3.89843771e-04
2.84188194e-01 7.93484877e-04 4.02284267e-04
2.84595298e-01 5.89006268e-04 4.04124662e-04
2.85002399e-01 1.77910740e-04 3.94338830e-04
2.85409497e-01 -3.71142671e-04 3.88526573e-04
2.85816593e-01 4.27294128e-04 3.91512008e-04
2.86223686e-01 3.23816884e-04 3.98660372e-04
2.86630777e-01 3.74066019e-04 3.96163834e-04
2.87037864e-01 -3.27798947e-04 3.97641186e-04
2.87444949e-01 6.41916133e-04 4.00755292e-04
2.87852031e-01 3.16582163e-04 3.97712396e-04
2.88259111e-01 -2.82456901e-04 3.95927135e-04
2.88666188e-01 4.18021290e-04 4.06537602e-04
2.89073262e-01 2.24409179e-04 4.08747345e-04
2.89480333e-01 8.32231149e-05 4.06111983e-04
2.89887401e-01 -1.09552166e-04 4.01268016e-04
2.90294467e-01 -4.69708516e-04 3.98977697e-04
2.90701530e-01 -5.07404532e-04 3.94190282e-04
2.91108591e-01 2.10093871e-04 3.88771408e-04
2.91515648e-01 2.15624345e-04 3.92647449e-04
2.91922703e-01 -1.32208998e-04 3.93246345e-04
2.92329755e-01 -6.49086381e-05 3.84000679e-04
2.92736804e-01 2.37949856e-04 3.95042472e-04
2.93143851e-01 -6.64773540e-05 3.95626038e-04
2.93550895e-01 -7.61047063e-04 3.87903775e-04
2.93957936e-01 -3.50418118e-04 3.90737717e-04
2.94364974e-01 -3.66865896e-04 3.90268830e-04
2.94772009e-01 3.66525895e-04 3.90037779e-04
2.95179042e-01 2.93723352e-04 3.87195260e-04
2.95586072e-01 1.20009373e-04 3.94239536e-04
2.95993099e-01 -5.66184999e-04 3.91556790e-04
2.96400123e-01 -2.41251915e-04 3.90068267e-04
2.96807145e-01 6.31665243e-04 3.87255702e-04
2.97214163e-01 6.61981588e-04 3.96050862e-04
2.97621179e-01 -7.85424552e-04 3.92131559e-04
2.98028192e-01 2.95538548e-04 3.96769059e-04
2.98435202e-01 5.42058941e-04 3.95151603e-04
2.98842210e-01 8.07217102e-05 4.02316236e-04
2.99249214e-01 3.85461664e-04 3.96040414e-04
2.99656216e-01 -2.39579424e-04 3.97491496e-04
3.00063215e-01 -4.00232622e-04 3.86057288e-04
3.00470211e-01 -1.10569423e-04 3.92408807e-04
3.00877204e-01 -3.29707241e-04 3.92396449e-04
3.01284194e-01 7.05878655e-05 3.95553732e-04
3.01691182e-01 -3.77864216e-06 3.98586214e-04
3.02098167e-01 1.00599912e-04 3.91307751e-04
3.02505149e-01 -2.64790164e-05 3.91169683e-04
3.02912128e-01 5.00232301e-04 3.93376009e-04
3.03319104e-01 5.35420973e-04 3.97078260e-04
3.03726077e-01 -2.69932706e-04 3.92811192e-04
3.04133047e-01 -5.37002572e-04 3.91748001e-04
3.04540015e-01 -1.37360138e-04 3.95832297e-04
3.04946979e-01 4.79083362e-04 3.91444191e-04
3.05353941e-01 2.10164808e-04 3.97045503e-04
3.05760900e-01 -1.63334398e-04 3.92388899e-04
3.06167856e-01 5.46144173e-04 3.87881107e-04
3.06574809e-01 -5.56798128e-04 3.88642263e-04
3.06981759e-01 2.81907179e-04 3.98867814e-04
3.07388706e-01 1.26232122e-04 3.96517245e-04
3.07795651e-01 5.23356119e-04 3.91388834e-04
3.08202592e-01 -9.52379605e-05 3.94790556e-04
3.08609531e-01 -3.03738240e-04 3.96271222e-04
3.09016466e-01 6.39780763e-04 4.00648320e-04
3.09423399e-01 -9.26135807e-05 3.96177794e-04
3.09830329e-01 -9.81013649e-05 3.96275893e-04
3.10237256e-01 -3.07829919e-04 4.02814073e-04
3.10644180e-01 5.90698936e-04 4.04787833e-04
3.11051101e-01 1.30015103e-04 3.96824617e-04
3.11458019e-01 -6.56198311e-05 3.96221433e-04
3.11864934e-01 -3.17003370e-04 3.95346355e-04
3.12271846e-01 3.81917516e-04 4.02625733e-04
3.12678755e-01 9.63860870e-05 4.01626606e-04
3.13085661e-01 -1.95425736e-04 3.92959103e-04
3.13492565e-01 7.29775358e-04 4.08108737e-04
3.13899465e-01 -2.57855352e-04 4.02620141e-04
3.14306362e-01 4.97578210e-05 3.99189069e-04
3.14713257e-01 -2.88459234e-04 3.99055861e-04
3.15120148e-01 -1.26942714e-05 4.04184935e-04
3.15527037e-01 -5.02235257e-04 4.08935787e-04
3.15933922e-01 8.12445263e-05 4.14397327e-04
3.16340805e-01 2.50146426e-04 4.46970078e-04
3.16747684e-01 -2.67092323e-05 4.82102297e-04
3.17154561e-01 2.17128377e-04 5.13506712e-04
3.17561434e-01 -1.17876786e-04 5.37409753e-04
3.17968305e-01 -2.61403471e-04 5.82351537e-04
3.18375172e-01 -4.36294568e-04 6.09293695e-04
3.18782037e-01 -8.57222407e-04 6.26327270e-04
3.19188898e-01 -5.55629068e-04 6.25134675e-04
3.19595757e-01 1.42284820e-03 6.89377016e-04
3.20002612e-01 1.53089921e-03 7.42596769e-04
3.20409465e-01 5.73076540e-04 7.61795773e-04
3.20816314e-01 8.50389704e-04 8.52679546e-04
3.21223160e-01 -1.49165271e-03 9.09172996e-04
3.21630004e-01 -3.42913367e-04 1.03312327e-03
3.22036844e-01 1.73516303e-03 1.20652852e-03
3.22443681e-01 3.52358659e-04 1.88654797e-03
3.22850516e-01 -4.03098812e-03 5.25668186e-03
