4.08043586e-03 -4.41611021e-02 2.72957985e-02
4.48847930e-03 -4.17795849e-02 2.78784304e-02
4.89652269e-03 -3.85852253e-02 2.04500841e-02
5.30456604e-03 -2.99087546e-02 1.48276392e-02
5.71260934e-03 -1.14449536e-02 1.05710183e-02
6.12065258e-03 -1.27363089e-02 9.14148757e-03
6.52869577e-03 -7.82637403e-03 7.47896456e-03
6.93673889e-03 -6.27112859e-03 6.52982324e-03
7.34478195e-03 -4.12174828e-03 5.60104964e-03
7.75282494e-03 -3.54100229e-03 5.25041406e-03
8.16086785e-03 2.90393222e-03 5.05426517e-03
8.56891069e-03 2.86268124e-04 4.45707785e-03
8.97695345e-03 -3.33867903e-03 4.06931495e-03
9.38499612e-03 -3.30900237e-03 3.79734726e-03
9.79303870e-03 -3.17428044e-04 3.40394216e-03
1.02010812e-02 -9.60450793e-05 3.19135773e-03
1.06091236e-02 -1.02099290e-03 3.14710678e-03
1.10171659e-02 7.81654766e-04 3.25053468e-03
1.14252081e-02 9.25991280e-04 2.92432737e-03
1.18332501e-02 -1.57033492e-03 2.51449895e-03
1.22412921e-02 -1.42483625e-03 2.85547410e-03
1.26493339e-02 3.93707911e-03 2.71506978e-03
1.30573757e-02 4.88096132e-03 2.63676298e-03
1.34654173e-02 3.81795946e-03 2.48009420e-03
1.38734588e-02 2.07174178e-03 2.34390964e-03
1.42815001e-02 4.39680943e-03 2.52698323e-03
1.46895413e-02 5.27441427e-03 2.35500401e-03
1.50975824e-02 3.28825388e-03 2.44677654e-03
1.55056233e-02 -1.78816988e-03 2.12567573e-03
1.59136641e-02 1.35819883e-03 2.18109146e-03
1.63217047e-02 -1.01606417e-03 2.14989224e-03
1.67297452e-02 2.64351398e-03 2.04034044e-03
1.71377855e-02 4.32298078e-03 2.07621079e-03
1.75458257e-02 1.86792808e-03 1.87111696e-03
1.79538657e-02 -1.49819135e-04 1.86018341e-03
1.83619055e-02 2.60757015e-03 1.85653748e-03
1.87699451e-02 3.68801590e-03 1.92098109e-03
1.91779846e-02 4.00765249e-03 1.80267515e-03
1.95860239e-02 -1.00178858e-03 1.81565178e-03
1.99940630e-02 3.54457927e-03 1.84725545e-03
2.04021019e-02 7.58708708e-04 1.82787632e-03
2.08101406e-02 2.08659449e-03 1.88937759e-03
2.12181791e-02 -4.43948991e-04 1.73671415e-03
2.16262174e-02 1.75171419e-03 1.78952786e-03
2.20342555e-02 -2.79024139e-03 1.67391498e-03
2.24422934e-02 -2.29570300e-03 1.75059746e-03
2.28503311e-02 8.38984161e-04 1.70605658e-03
2.32583686e-02 -5.72025459e-04 1.65853799e-03
2.36664058e-02 3.29341026e-04 1.66195944e-03
2.40744429e-02 -4.49058929e-04 1.64380966e-03
2.44824797e-02 1.10197455e-03 1.71461363e-03
2.48905162e-02 1.08622766e-03 1.62328334e-03
2.52985525e-02 3.09583855e-04 1.63172759e-03
2.57065886e-02 -1.12901591e-03 1.57986124e-03
2.61146245e-02 8.20746250e-04 1.74724319e-03
2.65226601e-02 -7.22733996e-04 1.66385238e-03
2.69306954e-02 -9.63044124e-04 1.58294241e-03
2.73387305e-02 1.53514389e-04 1.62342390e-03
2.77467653e-02 1.61282489e-03 1.54332126e-03
2.81547999e-02 2.16908943e-03 1.70155013e-03
2.85628342e-02 4.91689761e-04 1.77771338e-03
2.89708682e-02 2.56913727e-03 1.63328006e-03
2.93789020e-02 8.29749371e-04 1.61453052e-03
2.97869355e-02 2.46697877e-03 1.65049489e-03
3.01949687e-02 3.85040081e-04 1.61315184e-03
3.06030016e-02 -1.60417066e-03 1.56893188e-03
3.10110342e-02 3.02672502e-03 1.68726349e-03
3.14190665e-02 1.55248918e-03 1.65434323e-03
3.18270985e-02 5.49518914e-04 1.47478199e-03
3.22351302e-02 7.32468830e-04 1.50309623e-03
3.26431617e-02 3.06990132e-03 1.53081444e-03
3.30511928e-02 1.73886287e-03 1.39630831e-03
3.34592236e-02 -6.37259291e-05 1.45182039e-03
3.38672540e-02 3.68878230e-04 1.39333220e-03
3.42752842e-02 -2.52648865e-03 1.40526703e-03
3.46833140e-02 -1.17838541e-03 1.45490928e-03
3.50913435e-02 -7.79601727e-04 1.37353492e-03
3.54993727e-02 3.47997965e-04 1.38720016e-03
3.59074015e-02 -2.59145734e-04 1.47752923e-03
3.63154300e-02 2.91541552e-03 1.43894201e-03
3.67234581e-02 6.44185967e-04 1.40899791e-03
3.71314859e-02 -1.45787601e-04 1.34773651e-03
3.75395134e-02 3.49994184e-04 1.34657566e-03
3.79475405e-02 1.13747260e-03 1.27274722e-03
3.83555672e-02 -4.11140614e-04 1.27853489e-03
3.87635935e-02 -1.00962135e-04 1.26905013e-03
3.91716195e-02 -1.44651005e-03 1.31162453e-03
3.95796452e-02 9.65642160e-04 1.33805376e-03
3.99876704e-02 3.64352168e-04 1.37034300e-03
4.03956953e-02 -2.34358618e-03 1.27822145e-03
4.08037198e-02 -4.99417036e-05 1.25233951e-03
4.12117439e-02 2.01606975e-03 1.34777967e-03
4.16197676e-02 1.63937321e-03 1.26767396e-03
4.20277909e-02 -1.65604611e-03 1.28430832e-03
4.24358138e-02 -9.35791593e-04 1.26842546e-03
4.28438363e-02 -2.94715008e-04 1.25229381e-03
4.32518584e-02 1.27419888e-04 1.25855109e-03
4.36598801e-02 1.22094693e-03 1.18259254e-03
4.40679014e-02 7.58203485e-04 1.27574076e-03
4.44759222e-02 1.93493258e-03 1.15361390e-03
4.48839427e-02 -2.15260666e-04 1.13551411e-03
4.52919627e-02 1.73975845e-04 1.26953969e-03
4.56999823e-02 1.60011223e-03 1.18766988e-03
4.61080014e-02 6.13581079e-05 1.18325562e-03
4.65160201e-02 -7.30337178e-04 1.13371443e-03
4.69240384e-02 -1.07986703e-03 1.14646609e-03
4.73320562e-02 1.63921364e-04 1.17992732e-03
4.77400736e-02 1.15770447e-03 1.16327110e-03
4.81480905e-02 1.44982540e-03 1.22438231e-03
4.85561070e-02 1.78900832e-03 1.16755306e-03
4.89641230e-02 -1.43651529e-05 1.20178443e-03
4.93721385e-02 4.02042046e-04 1.14485116e-03
4.97801536e-02 -4.64863723e-04 1.18433295e-03
5.01881682e-02 3.04568091e-04 1.21548364e-03
5.05961823e-02 -6.68854276e-04 1.14216290e-03
5.10041960e-02 1.07285096e-03 1.15098334e-03
5.14122091e-02 8.65773228e-04 1.12284810e-03
5.18202218e-02 4.74497497e-04 1.17123100e-03
5.22282340e-02 1.30928495e-03 1.09641108e-03
5.26362457e-02 1.11778054e-03 1.11164046e-03
5.30442569e-02 1.70855459e-03 1.10258871e-03
5.34522675e-02 9.62947459e-04 1.11047686e-03
5.38602777e-02 -2.85302549e-04 1.11270590e-03
5.42682874e-02 9.82214289e-05 1.13501246e-03
5.46762965e-02 -9.60402573e-04 1.06536064e-03
5.50843052e-02 4.32979184e-04 1.07598846e-03
5.54923133e-02 -6.73151180e-05 1.09608690e-03
5.59003208e-02 1.59553282e-03 1.11904884e-03
5.63083279e-02 1.99694092e-03 1.15322924e-03
5.67163344e-02 -4.03286882e-04 1.08679247e-03
5.71243404e-02 -1.79423828e-03 1.13055059e-03
5.75323458e-02 5.86167393e-04 1.14355473e-03
5.79403507e-02 -3.63327465e-04 1.13247589e-03
5.83483551e-02 1.86926433e-03 1.10151163e-03
5.87563588e-02 3.57833255e-04 1.09975763e-03
5.91643621e-02 -5.92380263e-04 1.10117324e-03
5.95723647e-02 -1.45112915e-03 1.11340673e-03
5.99803668e-02 -8.18338941e-04 1.09931373e-03
6.03883684e-02 5.69468160e-04 1.09177246e-03
6.07963693e-02 3.98975801e-04 1.14317277e-03
6.12043697e-02 -5.60384561e-04 1.11394239e-03
6.16123695e-02 -3.53496218e-04 1.10056054e-03
6.20203687e-02 1.00767848e-03 1.13935370e-03
6.24283674e-02 1.36554305e-03 1.06482996e-03
6.28363654e-02 1.03627856e-04 1.06476346e-03
6.32443629e-02 1.52288617e-03 1.02538819e-03
6.36523597e-02 -5.35701275e-05 1.06406595e-03
6.40603559e-02 -1.47210789e-03 1.05309390e-03
6.44683516e-02 -2.10379897e-04 1.00988882e-03
6.48763466e-02 -5.19494352e-04 1.03589401e-03
6.52843410e-02 1.67393534e-03 1.04579367e-03
6.56923348e-02 2.92363025e-04 1.01896192e-03
6.61003279e-02 5.23138434e-04 9.78116901e-04
6.65083205e-02 8.89537280e-04 1.02761752e-03
6.69163124e-02 5.92293818e-04 1.01477937e-03
6.73243036e-02 1.44795617e-03 9.81421104e-04
6.77322943e-02 -1.60586352e-03 9.95523300e-04
6.81402842e-02 -9.99127769e-04 9.79171389e-04
6.85482736e-02 7.50225757e-04 9.64497701e-04
6.89562623e-02 6.45370766e-04 1.01663314e-03
6.93642503e-02 -4.53608467e-04 1.03927866e-03
6.97722377e-02 5.83896181e-04 9.90744801e-04
7.01802244e-02 -3.61180888e-04 9.84026298e-04
7.05882105e-02 -5.43851129e-05 9.93691273e-04
7.09961958e-02 -1.83111644e-04 9.52047688e-04
7.14041805e-02 3.84823872e-04 9.31090569e-04
7.18121646e-02 7.08211631e-04 9.32879014e-04
7.22201479e-02 1.59818693e-03 9.83624338e-04
7.26281306e-02 1.02636955e-03 9.79487595e-04
7.30361126e-02 -1.66157832e-03 9.62421700e-04
7.34440938e-02 9.64658010e-04 9.50019625e-04
7.38520744e-02 -4.53057316e-04 9.28699753e-04
7.42600543e-02 -2.90535420e-05 9.16332193e-04
7.46680335e-02 7.08665924e-04 9.51270907e-04
7.50760119e-02 -1.83567792e-04 9.13302320e-04
7.54839897e-02 -4.11643605e-04 9.14672040e-04
7.58919667e-02 -1.31104836e-03 8.91917791e-04
7.62999431e-02 -1.39333813e-03 8.84264813e-04
7.67079187e-02 5.64874196e-04 8.89236995e-04
7.71158935e-02 -1.01650000e-04 9.15512404e-04
7.75238677e-02 1.93446806e-03 9.38615515e-04
7.79318411e-02 -2.32649163e-04 8.84550529e-04
7.83398137e-02 3.21318805e-04 8.93209648e-04
7.87477857e-02 9.23561955e-04 9.01879894e-04
7.91557568e-02 8.55640192e-04 8.88906928e-04
7.95637273e-02 -6.52443457e-04 9.06981027e-04
7.99716969e-02 8.85527244e-04 8.85526952e-04
8.03796658e-02 2.66365197e-04 9.15069586e-04
8.07876340e-02 -1.20090678e-03 8.90041447e-04
8.11956014e-02 -9.48431213e-04 8.68798138e-04
8.16035680e-02 5.70024841e-04 8.62647902e-04
8.20115338e-02 -3.92144031e-04 8.70851758e-04
8.24194989e-02 3.25007220e-04 8.65365271e-04
8.28274631e-02 4.19838026e-04 8.41903220e-04
8.32354266e-02 4.08970162e-05 8.69259976e-04
8.36433893e-02 -4.13396379e-04 8.48309937e-04
8.40513512e-02 1.16963616e-03 8.78739669e-04
8.44593123e-02 -7.31526217e-04 8.50676980e-04
8.48672727e-02 -9.28977927e-04 8.51466313e-04
8.52752322e-02 7.70273249e-04 9.00070774e-04
8.56831909e-02 -8.26491533e-05 8.50360424e-04
8.60911487e-02 -3.74421201e-04 8.69997660e-04
8.64991058e-02 3.23138148e-04 8.21974276e-04
8.69070620e-02 -7.48864210e-04 8.13276465e-04
8.73150175e-02 7.98727045e-04 8.11200841e-04
8.77229721e-02 6.45102506e-04 8.23924900e-04
8.81309258e-02 7.29991148e-04 8.33385139e-04
8.85388787e-02 7.28141728e-04 7.97752441e-04
8.89468308e-02 -7.32575846e-04 8.40359398e-04
8.93547821e-02 3.79869431e-04 8.46304455e-04
8.97627325e-02 2.01255104e-04 8.31686407e-04
9.01706820e-02 1.59759013e-03 8.16166222e-04
9.05786307e-02 1.41447903e-04 8.09062533e-04
9.09865785e-02 1.24383746e-03 8.07128588e-04
9.13945255e-02 -4.82603429e-04 8.34279448e-04
9.18024716e-02 6.10142936e-04 8.21095912e-04
9.22104168e-02 7.54027409e-04 8.04251309e-04
9.26183611e-02 1.45570614e-03 8.05298468e-04
9.30263046e-02 6.92242859e-04 8.12469047e-04
9.34342472e-02 1.15465965e-03 8.28922101e-04
9.38421889e-02 -4.49288786e-04 8.27100547e-04
9.42501297e-02 5.76938012e-05 8.19025989e-04
9.46580696e-02 -6.50869185e-04 8.06129180e-04
9.50660087e-02 1.04603971e-03 8.65335426e-04
9.54739468e-02 1.47954936e-04 8.15116374e-04
9.58818840e-02 1.05984041e-03 7.99600155e-04
9.62898203e-02 2.58717530e-04 7.89391936e-04
9.66977557e-02 -1.91225615e-04 7.96219412e-04
9.71056902e-02 -2.34609581e-04 7.96397614e-04
9.75136237e-02 3.58846271e-04 8.13088830e-04
9.79215564e-02 1.42074268e-04 8.06278843e-04
9.83294881e-02 -9.55602946e-04 7.63452486e-04
9.87374188e-02 -1.15832016e-03 7.70014898e-04
9.91453487e-02 -6.26749195e-04 7.78397255e-04
9.95532775e-02 6.01867222e-04 7.84309447e-04
9.99612055e-02 -5.84368233e-04 7.60348316e-04
1.00369132e-01 -4.65239516e-04 7.47800860e-04
1.00777059e-01 1.06857360e-03 7.53233496e-04
1.01184984e-01 4.64094913e-04 7.61030125e-04
1.01592908e-01 2.01923910e-04 7.92869722e-04
1.02000831e-01 5.60109517e-05 7.51179250e-04
1.02408753e-01 2.21342882e-03 7.79548179e-04
1.02816674e-01 5.53036922e-04 7.63279615e-04
1.03224595e-01 -5.14496110e-04 7.48876579e-04
1.03632514e-01 -3.40395985e-04 7.42877895e-04
1.04040432e-01 9.22493755e-04 7.58893713e-04
1.04448349e-01 2.90778269e-04 7.22054031e-04
1.04856266e-01 -6.16255711e-04 7.58045346e-04
1.05264181e-01 7.78638188e-05 7.39964627e-04
1.05672095e-01 1.44862748e-03 7.38907625e-04
1.06080009e-01 -7.22333505e-04 7.23009867e-04
1.06487921e-01 9.14393790e-04 7.43036134e-04
1.06895832e-01 -7.97765756e-04 7.42630092e-04
1.07303743e-01 -2.57727208e-05 7.38560377e-04
1.07711652e-01 5.84855922e-04 7.58225473e-04
1.08119560e-01 -5.15440840e-04 7.39704306e-04
1.08527467e-01 1.58264795e-04 7.45162804e-04
1.08935374e-01 1.76832706e-04 7.51087146e-04
1.09343279e-01 5.36449360e-04 7.40487820e-04
1.09751183e-01 2.63976497e-04 7.39226176e-04
1.10159086e-01 2.54334110e-04 7.28171584e-04
1.10566988e-01 3.62720921e-04 7.27291701e-04
1.10974889e-01 4.07655217e-04 7.11469253e-04
1.11382789e-01 -2.68976764e-04 6.98461511e-04
1.11790688e-01 6.71305940e-04 7.40164916e-04
1.12198586e-01 -7.80722354e-04 7.39295187e-04
1.12606482e-01 -8.01558463e-04 7.33816177e-04
1.13014378e-01 3.88434699e-04 7.42111194e-04
1.13422273e-01 -1.15334966e-04 7.53111296e-04
1.13830166e-01 -9.92560874e-04 7.27546879e-04
1.14238059e-01 -7.12460114e-04 7.52215189e-04
1.14645950e-01 3.29406864e-04 7.49437709e-04
1.15053840e-01 1.08759399e-03 7.55445924e-04
1.15461730e-01 -6.33962871e-05 7.39250587e-04
1.15869618e-01 -6.25983953e-04 7.54136581e-04
1.16277505e-01 7.26152452e-04 7.68867655e-04
1.16685391e-01 2.28653048e-03 7.73928045e-04
1.17093275e-01 7.55377602e-04 7.48189593e-04
1.17501159e-01 4.28255434e-04 7.44661337e-04
1.17909042e-01 9.62598978e-05 7.51672399e-04
1.18316923e-01 -8.24648342e-04 7.25570293e-04
1.18724803e-01 9.02477498e-04 7.26899023e-04
1.19132683e-01 1.44963064e-03 7.18928580e-04
1.19540561e-01 5.83373243e-04 7.17280099e-04
1.19948438e-01 3.05054086e-04 7.02234195e-04
1.20356313e-01 8.57810595e-04 7.04875451e-04
1.20764188e-01 1.08383583e-04 7.31839225e-04
1.21172062e-01 2.33397022e-03 7.00884713e-04
1.21579934e-01 -2.49255695e-04 7.04317279e-04
1.21987805e-01 3.83045368e-04 6.98032495e-04
1.22395675e-01 -1.62532636e-03 6.76324319e-04
1.22803544e-01 2.18989805e-04 6.94782651e-04
1.23211412e-01 1.04059096e-03 6.83383581e-04
1.23619278e-01 1.50159530e-03 6.87061587e-04
1.24027144e-01 -3.44788179e-04 6.82160422e-04
1.24435008e-01 2.06603366e-04 6.89724251e-04
1.24842871e-01 -7.37122292e-04 6.77979862e-04
1.25250733e-01 8.09268086e-04 6.88330776e-04
1.25658594e-01 -1.04884390e-03 6.71845372e-04
1.26066453e-01 -1.02121530e-03 6.72763074e-04
1.26474311e-01 -5.43011597e-04 6.70284024e-04
1.26882168e-01 4.08202301e-04 6.84075728e-04
1.27290024e-01 1.06016538e-04 6.64512184e-04
1.27697879e-01 -9.12893211e-04 6.62850252e-04
1.28105732e-01 4.87762953e-06 6.57891850e-04
1.28513585e-01 1.62787916e-04 6.59722828e-04
1.28921436e-01 -6.92419556e-04 6.70867477e-04
1.29329285e-01 -1.67061219e-05 6.64599505e-04
1.29737134e-01 -3.03493175e-05 6.57527910e-04
1.30144981e-01 3.98168282e-04 6.53470142e-04
1.30552828e-01 1.85941832e-04 6.45882748e-04
1.30960672e-01 4.03284472e-04 6.40975240e-04
1.31368516e-01 5.90989188e-04 6.44129696e-04
1.31776358e-01 -1.27323027e-04 6.61131354e-04
1.32184200e-01 4.80116807e-04 6.34677249e-04
1.32592039e-01 1.41203646e-03 6.59621983e-04
1.32999878e-01 1.14568852e-04 6.50889770e-04
1.33407715e-01 8.28845170e-04 6.49637106e-04
1.33815552e-01 5.62865187e-04 6.40736050e-04
1.34223386e-01 6.14089356e-04 6.39398914e-04
1.34631220e-01 3.24567866e-04 6.45124147e-04
1.35039052e-01 -8.20472860e-04 6.56308408e-04
1.35446883e-01 1.70745196e-04 6.36390437e-04
1.35854713e-01 -1.11739235e-03 6.38214531e-04
1.36262541e-01 3.16908078e-04 6.54936733e-04
1.36670368e-01 1.18811873e-04 6.46796407e-04
1.37078194e-01 6.93380783e-04 6.42865722e-04
1.37486019e-01 -2.57164209e-04 6.30986324e-04
1.37893842e-01 7.40604538e-04 6.46528355e-04
1.38301664e-01 -2.75013707e-04 6.36972852e-04
1.38709485e-01 -1.75765187e-04 6.19688121e-04
1.39117304e-01 -1.06311450e-03 6.00645110e-04
1.39525122e-01 8.62357727e-04 6.23229269e-04
1.39932939e-01 3.01749213e-04 6.31714649e-04
1.40340754e-01 5.81690004e-04 6.13945706e-04
1.40748568e-01 7.12734102e-05 6.42261714e-04
1.41156381e-01 1.06499426e-03 6.19994934e-04
1.41564192e-01 -5.29135628e-04 6.08380368e-04
1.41972002e-01 1.03832812e-03 6.30293574e-04
1.42379811e-01 1.58818946e-03 6.25696360e-04
1.42787618e-01 -4.31228431e-04 6.17245330e-04
1.43195424e-01 -1.95126804e-05 6.28494056e-04
1.43603228e-01 1.70654275e-04 6.31027045e-04
1.44011032e-01 3.28808110e-04 6.12985200e-04
1.44418833e-01 3.92068321e-05 6.33440917e-04
1.44826634e-01 2.59915313e-04 6.36376570e-04
1.45234433e-01 3.01268623e-04 6.20256921e-04
1.45642231e-01 -5.10344069e-04 6.29139829e-04
1.46050027e-01 -3.02145307e-05 6.22721228e-04
1.46457822e-01 6.98253657e-04 6.37869417e-04
1.46865616e-01 5.80496122e-04 6.24794548e-04
1.47273408e-01 -1.29459837e-04 6.42633460e-04
1.47681199e-01 1.00532827e-03 6.23858574e-04
1.48088988e-01 -1.70033751e-04 6.19912801e-04
1.48496776e-01 1.15572992e-03 6.35584361e-04
1.48904563e-01 8.45215982e-04 6.29175344e-04
1.49312348e-01 1.67096849e-04 6.28015313e-04
1.49720132e-01 -8.22420145e-05 6.21347906e-04
1.50127914e-01 -5.00364295e-04 6.16610072e-04
1.50535695e-01 -9.59883306e-04 6.07366997e-04
1.50943474e-01 8.47375791e-04 6.16800112e-04
1.51351252e-01 2.00973210e-04 6.06802295e-04
1.51759029e-01 1.79599682e-04 6.20881564e-04
1.52166804e-01 -7.97224770e-05 6.10420529e-04
1.52574578e-01 -5.30866658e-05 5.91019005e-04
1.52982350e-01 1.15846911e-03 6.03742269e-04
1.53390121e-01 6.78943771e-04 6.13430335e-04
1.53797890e-01 -2.26923206e-05 6.08355381e-04
1.54205658e-01 -4.62554716e-04 5.99159468e-04
1.54613425e-01 6.49087315e-04 6.07568324e-04
1.55021190e-01 3.06994747e-04 6.01251884e-04
1.55428953e-01 7.53770655e-04 6.07112594e-04
1.55836716e-01 4.19629566e-04 6.07719631e-04
1.56244476e-01 5.40905092e-04 5.99282021e-04
1.56652235e-01 4.28665552e-04 5.81932150e-04
1.57059993e-01 3.49740627e-04 5.72665055e-04
1.57467749e-01 -4.52473008e-04 5.79876934e-04
1.57875504e-01 -2.23347625e-04 5.66322357e-04
1.58283257e-01 -2.62880537e-04 5.88530759e-04
1.58691008e-01 2.56715071e-04 5.87227062e-04
1.59098758e-01 1.45456990e-03 5.74614542e-04
1.59506507e-01 2.00551145e-04 5.78959369e-04
1.59914254e-01 9.01926942e-04 5.66248957e-04
1.60322000e-01 9.24515977e-04 5.79431415e-04
1.60729744e-01 -1.11132511e-04 5.74520880e-04
1.61137486e-01 -1.59637146e-04 5.72010754e-04
1.61545228e-01 3.51660288e-04 5.73267233e-04
1.61952967e-01 -9.53860827e-04 5.67427443e-04
1.62360705e-01 5.98662866e-04 5.81142922e-04
1.62768441e-01 6.25810148e-04 5.71748345e-04
1.63176176e-01 2.42069352e-05 5.59798699e-04
1.63583910e-01 6.01381622e-04 5.76168935e-04
1.63991641e-01 -4.87114338e-05 5.75047161e-04
1.64399372e-01 7.57050106e-05 5.66589196e-04
1.64807100e-01 -7.19841491e-05 5.66823045e-04
1.65214827e-01 -7.95012694e-04 5.66523905e-04
1.65622553e-01 8.13981221e-04 5.61544131e-04
1.66030277e-01 7.78320646e-04 5.76048069e-04
1.66437999e-01 2.46435258e-04 5.55834361e-04
1.66845720e-01 1.59293799e-05 5.62215215e-04
1.67253439e-01 -1.88643773e-04 5.67556370e-04
1.67661157e-01 6.72801462e-04 5.50701873e-04
1.68068873e-01 -6.51409269e-04 5.55910390e-04
1.68476588e-01 8.00119181e-04 5.54567807e-04
1.68884301e-01 7.72438501e-04 5.58747918e-04
1.69292012e-01 1.44943949e-04 5.56647456e-04
1.69699721e-01 -2.66153212e-05 5.56705125e-04
1.70107430e-01 1.01012846e-03 5.55830706e-04
1.70515136e-01 1.00524702e-03 5.46703346e-04
1.70922841e-01 -4.97233047e-04 5.49427958e-04
1.71330544e-01 -6.30847298e-04 5.40163104e-04
1.71738246e-01 -4.78774334e-04 5.41713205e-04
1.72145946e-01 3.18027281e-04 5.50150694e-04
1.72553644e-01 1.10172123e-03 5.65420989e-04
1.72961341e-01 3.22539043e-04 5.60405235e-04
1.73369036e-01 3.52316409e-04 5.48090788e-04
1.73776729e-01 4.31268971e-04 5.35568320e-04
1.74184421e-01 7.32422277e-07 5.33223346e-04
1.74592111e-01 4.45181834e-04 5.52202616e-04
1.74999799e-01 4.48997919e-04 5.43930134e-04
1.75407486e-01 4.26281138e-04 5.40693196e-04
1.75815171e-01 -1.09551270e-04 5.47013412e-04
1.76222855e-01 -7.14610146e-04 5.36270603e-04
1.76630537e-01 6.61335399e-04 5.36823306e-04
1.77038217e-01 -4.40778370e-04 5.37751501e-04
1.77445895e-01 -1.19755231e-04 5.34646262e-04
1.77853572e-01 5.77556861e-04 5.40110524e-04
1.78261247e-01 1.70932374e-05 5.24821322e-04
1.78668921e-01 4.86936628e-04 5.37754713e-04
1.79076592e-01 4.74614989e-04 5.31632798e-04
1.79484262e-01 2.67797786e-04 5.25612167e-04
1.79891931e-01 1.96879973e-04 5.33312606e-04
1.80299597e-01 -6.64083886e-04 5.24870450e-04
1.80707262e-01 -3.35441668e-04 5.26830650e-04
1.81114925e-01 4.42104275e-04 5.39464409e-04
1.81522587e-01 -5.78263049e-04 5.33194439e-04
1.81930247e-01 5.10633393e-04 5.30350541e-04
1.82337905e-01 -1.34228733e-04 5.32178684e-04
1.82745561e-01 4.11870461e-04 5.18648929e-04
1.83153215e-01 -1.27550392e-04 5.30382556e-04
1.83560868e-01 1.80349724e-04 5.17793123e-04
1.83968519e-01 2.52393484e-04 5.17193796e-04
1.84376169e-01 4.48553760e-04 5.21429231e-04
1.84783816e-01 -2.98591152e-04 5.13216161e-04
1.85191462e-01 6.18683903e-04 5.21650097e-04
1.85599106e-01 -3.42896185e-04 5.23053979e-04
1.86006749e-01 5.18814496e-04 5.14445662e-04
1.86414389e-01 7.95694397e-05 5.23647097e-04
1.86822028e-01 2.96694483e-04 5.16493400e-04
1.87229665e-01 7.57652741e-05 5.18056440e-04
1.87637300e-01 1.30426829e-04 5.10371442e-04
1.88044934e-01 -6.04041203e-04 5.00846300e-04
1.88452566e-01 1.28366924e-04 5.16918417e-04
1.88860195e-01 8.71951497e-04 5.10006261e-04
1.89267824e-01 5.11282237e-05 5.11117745e-04
1.89675450e-01 3.39372579e-04 5.13701885e-04
1.90083074e-01 -1.13895819e-05 5.09049113e-04
1.90490697e-01 8.08858325e-04 5.24043791e-04
1.90898318e-01 -1.94912556e-04 5.05174622e-04
1.91305937e-01 7.54321875e-04 5.11738347e-04
1.91713555e-01 1.45069974e-04 5.03067171e-04
1.92121170e-01 1.03881844e-04 4.98001012e-04
1.92528784e-01 1.01543951e-04 5.13974271e-04
1.92936396e-01 3.39373708e-05 4.99190016e-04
1.93344006e-01 4.99968451e-04 5.06683235e-04
1.93751614e-01 -2.34714483e-05 5.13146605e-04
1.94159220e-01 -2.02034519e-04 4.97331967e-04
1.94566825e-01 1.52455173e-04 4.99383873e-04
1.94974427e-01 3.60254960e-04 4.99690984e-04
1.95382028e-01 -1.47307259e-04 4.84467537e-04
1.95789627e-01 -1.18575078e-04 5.01055568e-04
1.96197224e-01 -2.07870388e-04 4.92700684e-04
1.96604820e-01 -3.81536728e-04 4.96216571e-04
1.97012413e-01 -2.30124268e-04 4.93290516e-04
1.97420005e-01 4.31023825e-04 5.15037280e-04
1.97827594e-01 -5.96369948e-04 4.92907847e-04
1.98235182e-01 -8.88315773e-06 5.03356340e-04
1.98642768e-01 2.19561946e-04 5.05567851e-04
1.99050352e-01 8.82956595e-04 5.12897452e-04
1.99457934e-01 -5.41215068e-04 5.05023626e-04
1.99865514e-01 5.55097165e-04 4.96382512e-04
2.00273093e-01 2.44315998e-04 5.02973812e-04
2.00680669e-01 -1.32023098e-05 5.01898504e-04
2.01088244e-01 4.34447534e-04 5.09415308e-04
2.01495816e-01 -4.05868783e-05 5.15041882e-04
2.01903387e-01 8.91356998e-04 5.15617712e-04
2.02310956e-01 6.15289983e-04 5.05263483e-04
2.02718523e-01 3.20854733e-04 5.16603612e-04
2.03126088e-01 3.71100591e-04 5.15586449e-04
2.03533651e-01 -7.89483797e-04 4.95565991e-04
2.03941212e-01 5.35727316e-04 5.17116682e-04
2.04348771e-01 1.37300317e-04 5.14520564e-04
2.04756329e-01 3.84006274e-04 5.04169151e-04
2.05163884e-01 1.08909597e-03 5.02467692e-04
2.05571438e-01 -5.09617835e-05 4.93280051e-04
2.05978989e-01 3.32994858e-04 4.95193886e-04
2.06386539e-01 4.69204892e-04 4.98122282e-04
2.06794086e-01 1.54656055e-05 5.09284448e-04
2.07201632e-01 6.44024947e-04 4.97345452e-04
2.07609175e-01 -4.49841830e-05 4.97072639e-04
2.08016717e-01 -3.48391909e-05 4.96923806e-04
2.08424257e-01 7.53574549e-04 5.07362297e-04
2.08831794e-01 4.61960962e-04 4.90932391e-04
2.09239330e-01 1.80356913e-04 4.85250531e-04
2.09646864e-01 -1.71930366e-05 4.96931641e-04
2.10054396e-01 -1.13618530e-05 4.99592769e-04
2.10461925e-01 6.09161529e-04 4.82129789e-04
2.10869453e-01 8.30352062e-04 4.82014861e-04
2.11276979e-01 2.11561850e-05 4.80782498e-04
2.11684503e-01 -2.31783001e-04 4.80416964e-04
2.12092025e-01 1.39456330e-04 4.73534848e-04
2.12499544e-01 -8.00293054e-04 4.75529797e-04
2.12907062e-01 1.68704208e-04 4.80615245e-04
2.13314578e-01 4.35865046e-04 4.86231376e-04
2.13722092e-01 1.01117603e-03 4.82614966e-04
2.14129603e-01 4.83072676e-04 4.84800189e-04
2.14537113e-01 6.64873117e-04 4.84786860e-04
2.14944621e-01 -1.20583288e-04 4.71344599e-04
2.15352126e-01 6.71883916e-04 4.82692839e-04
2.15759630e-01 2.21022882e-04 4.77739981e-04
2.16167131e-01 -4.65134047e-04 4.60671484e-04
2.16574631e-01 3.10162671e-04 4.68155757e-04
2.16982128e-01 -1.09668705e-04 4.65946076e-04
2.17389624e-01 1.24088687e-04 4.71785081e-04
2.17797117e-01 3.88309912e-04 4.76718474e-04
2.18204608e-01 5.30376304e-04 4.77131394e-04
2.18612098e-01 -1.73598798e-04 4.71111933e-04
2.19019585e-01 -8.56769557e-04 4.54424277e-04
2.19427070e-01 2.49756243e-04 4.67011761e-04
2.19834553e-01 -7.66392472e-04 4.66330002e-04
2.20242034e-01 -5.69284478e-04 4.58964599e-04
2.20649512e-01 8.32462422e-04 4.60701647e-04
2.21056989e-01 -2.62218658e-04 4.65772858e-04
2.21464464e-01 1.72537040e-04 4.68460698e-04
2.21871936e-01 -3.63300249e-04 4.53638523e-04
2.22279407e-01 -4.13180267e-05 4.52846881e-04
2.22686875e-01 3.81577208e-04 4.56764532e-04
2.23094341e-01 -6.14238102e-04 4.54073268e-04
2.23501805e-01 -6.45525787e-04 4.51714544e-04
2.23909267e-01 -6.02070990e-04 4.62633872e-04
2.24316727e-01 -2.50915521e-04 4.59338751e-04
2.24724185e-01 -4.12542036e-04 4.61493651e-04
2.25131641e-01 9.01814885e-04 4.66260939e-04
2.25539094e-01 5.17291682e-04 4.57915055e-04
2.25946545e-01 -7.12377535e-06 4.49959597e-04
2.26353995e-01 6.52239989e-04 4.61851075e-04
2.26761442e-01 3.14836563e-04 4.52843283e-04
2.27168887e-01 -1.00743961e-03 4.46723225e-04
2.27576329e-01 -1.34975924e-05 4.52247585e-04
2.27983770e-01 -3.45185860e-04 4.46487820e-04
2.28391208e-01 -3.26707971e-04 4.48632444e-04
2.28798645e-01 6.17170999e-05 4.60864078e-04
2.29206079e-01 2.54778683e-04 4.60629427e-04
2.29613511e-01 2.35206563e-04 4.58347811e-04
2.30020941e-01 -1.11254033e-04 4.57119968e-04
2.30428368e-01 1.43480598e-04 4.54835781e-04
2.30835794e-01 1.27103308e-05 4.59151454e-04
2.31243217e-01 -1.10623123e-04 4.62524128e-04
2.31650638e-01 8.56825932e-04 4.68078107e-04
2.32058057e-01 5.00431256e-05 4.58387012e-04
2.32465473e-01 7.55047047e-04 4.72402276e-04
2.32872888e-01 5.67346704e-04 4.71518652e-04
2.33280300e-01 2.72426089e-04 4.70925471e-04
2.33687710e-01 1.44934655e-04 4.60861200e-04
2.34095118e-01 4.27877700e-04 4.67120081e-04
2.34502524e-01 -8.28483458e-04 4.67701581e-04
2.34909927e-01 6.34993099e-04 4.63224971e-04
2.35317328e-01 1.37610953e-04 4.63005332e-04
2.35724727e-01 3.83659746e-04 4.64339183e-04
2.36132124e-01 -7.48867366e-04 4.44513042e-04
2.36539518e-01 3.30887770e-04 4.48312524e-04
2.36946911e-01 -3.74176112e-04 4.52318205e-04
2.37354301e-01 1.98633470e-05 4.53270601e-04
2.37761688e-01 -4.21640094e-05 4.56256493e-04
2.38169074e-01 4.06592618e-04 4.40980313e-04
2.38576457e-01 5.75102700e-04 4.54467846e-04
2.38983838e-01 -4.93751813e-04 4.52653589e-04
2.39391217e-01 -5.67565941e-04 4.42703419e-04
2.39798593e-01 1.98491845e-04 4.55421834e-04
2.40205967e-01 9.76536744e-04 4.53569793e-04
2.40613339e-01 6.00646643e-04 4.49277114e-04
2.41020709e-01 -1.36562331e-04 4.46236015e-04
2.41428076e-01 4.78958998e-05 4.37252666e-04
2.41835441e-01 2.50385831e-05 4.52463895e-04
2.42242804e-01 1.33697443e-05 4.37548531e-04
2.42650165e-01 -1.28919374e-04 4.42233909e-04
2.43057523e-01 -5.98385457e-05 4.38778705e-04
2.43464879e-01 1.23116480e-04 4.39207823e-04
2.43872232e-01 -3.12271078e-05 4.37087919e-04
2.44279584e-01 2.61984903e-04 4.37782781e-04
2.44686933e-01 -4.03140150e-04 4.34576839e-04
2.45094279e-01 2.89988062e-04 4.38443913e-04
2.45501624e-01 3.32741468e-04 4.35185641e-04
2.45908966e-01 1.01496444e-04 4.36797734e-04
2.46316305e-01 -2.30967577e-04 4.29599783e-04
2.46723643e-01 -4.31140334e-04 4.31008539e-04
2.47130978e-01 3.84557119e-04 4.39817577e-04
2.47538310e-01 2.42105197e-04 4.30196419e-04
2.47945641e-01 1.84908974e-04 4.34595939e-04
2.48352969e-01 -1.52109951e-04 4.34301067e-04
2.48760294e-01 4.26863994e-04 4.28558186e-04
2.49167618e-01 -9.89349132e-04 4.27217449e-04
2.49574939e-01 6.19467213e-05 4.37431326e-04
2.49982257e-01 -6.47996348e-05 4.36165415e-04
2.50389573e-01 -3.96874271e-04 4.23363738e-04
2.50796887e-01 -1.64138975e-04 4.32316700e-04
2.51204199e-01 4.30673983e-05 4.31685302e-04
2.51611508e-01 7.46232670e-04 4.26188210e-04
2.52018815e-01 2.71405581e-04 4.24344952e-04
2.52426119e-01 9.73139457e-05 4.32517242e-04
2.52833421e-01 1.11144947e-04 4.24718652e-04
2.53240720e-01 -2.35953484e-04 4.26288388e-04
2.53648017e-01 7.84320030e-05 4.23086141e-04
2.54055312e-01 6.36376868e-04 4.30269439e-04
2.54462605e-01 2.35308915e-04 4.24176300e-04
2.54869894e-01 2.48844798e-04 4.32758662e-04
2.55277182e-01 -4.22718935e-04 4.14651660e-04
2.55684467e-01 1.22756141e-04 4.26022457e-04
2.56091750e-01 7.36021930e-04 4.20175087e-04
2.56499030e-01 2.06266654e-05 4.20618523e-04
2.56906308e-01 1.34346711e-04 4.13490761e-04
2.57313583e-01 3.00366947e-04 4.23382178e-04
2.57720856e-01 -3.87400550e-04 4.21239654e-04
2.58128127e-01 2.48192507e-04 4.17857851e-04
2.58535395e-01 2.69437471e-04 4.16806375e-04
2.58942661e-01 7.62823158e-04 4.24815748e-04
2.59349924e-01 7.24097715e-05 4.24612439e-04
2.59757184e-01 2.60312797e-04 4.16097328e-04
2.60164443e-01 9.17710444e-04 4.22262604e-04
2.60571699e-01 5.11260425e-04 4.21605936e-04
2.60978952e-01 -3.50350729e-05 4.11863930e-04
2.61386203e-01 -2.25427396e-04 4.16562596e-04
2.61793451e-01 2.12937193e-05 4.21368606e-04
2.62200697e-01 4.72761061e-04 4.20251647e-04
2.62607941e-01 4.02272472e-04 4.21935738e-04
2.63015182e-01 -2.16351958e-04 4.10792503e-04
2.63422420e-01 1.53155763e-04 4.14767932e-04
2.63829656e-01 3.18709133e-04 4.14265495e-04
2.64236890e-01 -2.06303096e-04 4.15025067e-04
2.64644121e-01 -6.92318114e-04 4.08448565e-04
2.65051349e-01 -1.13231290e-04 4.15194413e-04
2.65458575e-01 -2.47768237e-04 4.08030787e-04
2.65865799e-01 2.06211804e-04 4.08494553e-04
2.66273019e-01 1.02409691e-04 4.07263343e-04
2.66680238e-01 3.33341944e-04 4.09717634e-04
2.67087454e-01 6.77405675e-04 4.09679251e-04
2.67494667e-01 3.62096115e-05 4.07477786e-04
2.67901878e-01 -3.57958216e-04 4.07150645e-04
2.68309086e-01 2.72406821e-04 4.06266375e-04
2.68716292e-01 1.43886601e-04 4.06129709e-04
2.69123495e-01 3.90597761e-04 4.05852310e-04
2.69530696e-01 -6.96669284e-05 4.07835178e-04
2.69937894e-01 -1.98780131e-04 4.05318782e-04
2.70345090e-01 4.00645867e-04 4.08011699e-04
2.70752283e-01 -5.68961016e-05 4.08578597e-04
2.71159473e-01 -6.59401507e-05 4.07690366e-04
2.71566661e-01 2.43154435e-04 4.02953132e-04
2.71973847e-01 1.65583858e-05 4.08265356e-04
2.72381030e-01 -1.08943834e-04 4.03493321e-04
2.72788210e-01 6.48391271e-05 4.06894269e-04
2.73195387e-01 6.02490018e-04 4.02349755e-04
2.73602562e-01 -1.32324719e-04 4.03310263e-04
2.74009735e-01 -2.90462851e-04 4.01209048e-04
2.74416905e-01 -1.49892937e-04 3.98498548e-04
2.74824072e-01 -1.88731581e-04 3.98165722e-04
2.75231237e-01 -6.42440478e-05 4.00026738e-04
2.75638399e-01 1.64314447e-04 4.05644353e-04
2.76045558e-01 8.03589753e-05 4.02376339e-04
2.76452715e-01 2.07208284e-04 4.00666768e-04
2.76859869e-01 2.89215728e-04 3.99060966e-04
2.77267021e-01 4.98207522e-04 4.02013881e-04
2.77674170e-01 -2.12110095e-04 3.97497792e-04
2.78081316e-01 -1.80598606e-04 3.99227486e-04
2.78488460e-01 4.23740724e-04 4.00251267e-04
2.78895601e-01 1.28038708e-05 3.93435269e-04
2.79302740e-01 8.25366712e-04 3.96497020e-04
2.79709875e-01 9.38309300e-04 3.96000104e-04
2.80117009e-01 -6.42723978e-05 3.94216434e-04
2.80524139e-01 -3.96615609e-04 3.91009187e-04
2.80931267e-01 -3.46597824e-04 3.89756145e-04
2.81338392e-01 6.92769915e-04 3.97203902e-04
2.81745515e-01 8.56237889e-04 4.02817898e-04
2.82152635e-01 2.86449583e-04 3.94331380e-04
2.82559752e-01 4.26835126e-04 3.88902365e-04
2.82966866e-01 -1.02810298e-04 3.89401594e-04
2.83373978e-01 -1.21408254e-04 3.89246577e-04
2.83781088e-01 -3.58895963e-04 3.87793328e-04
2.84188194e-01 3.66771162e-04 3.96584433e-04
2.84595298e-01 -4.83016245e-06 3.89818633e-04
2.85002399e-01 7.90466112e-05 3.95141208e-04
2.85409497e-01 5.16991859e-04 4.00134472e-04
2.85816593e-01 6.20682672e-04 4.01689948e-04
2.86223686e-01 9.84217134e-04 3.98432613e-04
2.86630777e-01 2.77753896e-04 3.90326730e-04
2.87037864e-01 8.40061218e-04 4.01615435e-04
2.87444949e-01 5.83781992e-04 4.03802152e-04
2.87852031e-01 2.27940626e-04 3.98709802e-04
2.88259111e-01 1.51181791e-04 4.05844139e-04
2.88666188e-01 4.17987469e-04 3.95777739e-04
2.89073262e-01 9.69333281e-04 4.08722778e-04
2.89480333e-01 4.34264552e-04 3.97731765e-04
2.89887401e-01 -2.72663894e-04 3.96984314e-04
2.90294467e-01 -2.40298738e-04 4.01092614e-04
2.90701530e-01 4.44968529e-04 4.08049529e-04
2.91108591e-01 6.49773450e-04 3.94362936e-04
2.91515648e-01 -8.44937257e-05 3.91349454e-04
2.91922703e-01 -1.57592199e-04 3.83158793e-04
2.92329755e-01 3.76334130e-04 3.95549720e-04
2.92736804e-01 -3.24614218e-04 3.96878653e-04
2.93143851e-01 1.39734974e-04 3.92552114e-04
2.93550895e-01 5.41942380e-04 3.96548854e-04
2.93957936e-01 -2.39164992e-04 3.91601438e-04
2.94364974e-01 -3.82499020e-04 3.87620609e-04
2.94772009e-01 5.29963278e-04 3.93453572e-04
2.95179042e-01 -2.43491335e-04 3.85197667e-04
2.95586072e-01 9.08650192e-04 3.88753988e-04
2.95993099e-01 2.18951224e-04 3.91298269e-04
2.96400123e-01 1.41631024e-04 3.90668631e-04
2.96807145e-01 6.15965206e-04 3.93536968e-04
2.97214163e-01 -5.53643531e-05 3.92047869e-04
2.97621179e-01 -3.94462814e-04 3.98949818e-04
2.98028192e-01 4.14152787e-04 3.89184949e-04
2.98435202e-01 -3.24270632e-05 3.92124008e-04
2.98842210e-01 -1.05629972e-04 3.89860777e-04
2.99249214e-01 6.47196389e-05 3.89127799e-04
2.99656216e-01 4.59200956e-04 3.94130266e-04
3.00063215e-01 2.34775601e-04 4.00626009e-04
3.00470211e-01 5.67046411e-04 3.93839638e-04
3.00877204e-01 3.47796530e-04 3.97017288e-04
3.01284194e-01 -5.36091270e-04 3.91863621e-04
3.01691182e-01 -8.40944804e-05 3.89200219e-04
3.02098167e-01 3.16736106e-04 3.93339855e-04
3.02505149e-01 -1.67234305e-04 3.89407859e-04
3.02912128e-01 -7.53483212e-05 3.94553976e-04
3.03319104e-01 2.53835855e-04 4.00480766e-04
3.03726077e-01 4.12665470e-05 3.95015699e-04
3.04133047e-01 -6.28051292e-05 3.87431156e-04
3.04540015e-01 6.43193826e-05 3.82234558e-04
3.04946979e-01 -2.06451282e-04 3.89938509e-04
3.05353941e-01 2.41316450e-04 3.95854457e-04
3.05760900e-01 3.58936441e-04 3.85361784e-04
3.06167856e-01 -2.25661937e-04 3.91019751e-04
3.06574809e-01 -1.35772694e-05 3.85151590e-04
3.06981759e-01 2.87138073e-04 3.89690487e-04
3.07388706e-01 -2.86606137e-04 3.85413512e-04
3.07795651e-01 1.66324228e-04 3.89019322e-04
3.08202592e-01 3.15613133e-04 4.01833244e-04
3.08609531e-01 -3.07295959e-05 3.95535779e-04
3.09016466e-01 1.09013985e-04 3.95409496e-04
3.09423399e-01 4.78354524e-05 4.02136776e-04
3.09830329e-01 -5.06808228e-04 3.91768840e-04
3.10237256e-01 -1.05003328e-04 3.97548520e-04
3.10644180e-01 4.42308434e-04 4.00887438e-04
3.11051101e-01 1.32050064e-04 4.00760600e-04
3.11458019e-01 -1.67306826e-04 3.98503151e-04
3.11864934e-01 1.53794290e-04 4.01724732e-04
3.12271846e-01 7.27337281e-04 4.04804477e-04
3.12678755e-01 1.94795224e-04 3.99571842e-04
3.13085661e-01 1.77661162e-04 3.97950047e-04
3.13492565e-01 6.10309719e-04 4.02970141e-04
3.13899465e-01 3.79475447e-04 4.00703686e-04
3.14306362e-01 3.57057119e-04 3.96459675e-04
3.14713257e-01 9.29696937e-06 4.09314033e-04
3.15120148e-01 -2.91650010e-04 4.00760415e-04
3.15527037e-01 1.98535988e-04 4.11930707e-04
3.15933922e-01 5.31966030e-04 4.16560658e-04
3.16340805e-01 -3.40954818e-06 4.46302199e-04
3.16747684e-01 3.54756025e-04 4.91059457e-04
3.17154561e-01 8.53636574e-04 5.20972197e-04
3.17561434e-01 -4.06623453e-04 5.44068656e-04
3.17968305e-01 1.97913018e-05 5.78480523e-04
3.18375172e-01 1.82954870e-04 6.21013936e-04
3.18782037e-01 -1.00616249e-03 6.17761156e-04
3.19188898e-01 -1.05223724e-03 6.57329366e-04
3.19595757e-01 -6.83511746e-05 6.66524197e-04
3.20002612e-01 -2.89510782e-04 6.90472902e-04
3.20409465e-01 1.24533196e-03 7.87774921e-04
3.20816314e-01 1.95117958e-03 8.34948237e-04
3.21223160e-01 1.23218573e-03 9.70588182e-04
3.21630004e-01 -1.13489643e-03 1.08504468e-03
3.22036844e-01 -9.04823271e-04 1.24671001e-03
3.22443681e-01 -5.55962934e-04 1.80810678e-03
3.22850516e-01 -2.53282497e-03 4.91524522e-03
