4.08043586e-03 -9.12564907e-02 2.63327740e-02
4.48847930e-03 -6.17597288e-02 2.72072653e-02
4.89652269e-03 -6.90255751e-02 1.96721710e-02
5.30456604e-03 -3.51246541e-02 1.40984763e-02
5.71260934e-03 -1.28509349e-02 1.09324052e-02
6.12065258e-03 -3.16244881e-02 8.76545579e-03
6.52869577e-03 -1.98559211e-02 7.05636004e-03
6.93673889e-03 -1.12209291e-02 6.79079966e-03
7.34478195e-03 -1.23201433e-02 5.29151797e-03
7.75282494e-03 -5.14934655e-03 5.15360605e-03
8.16086785e-03 -8.43151367e-03 4.53654798e-03
8.56891069e-03 -4.10180061e-03 4.50171317e-03
8.97695345e-03 -5.59958800e-03 3.96784402e-03
9.38499612e-03 -8.11927919e-03 3.71734494e-03
9.79303870e-03 9.79760084e-05 3.63208905e-03
1.02010812e-02 -4.25514175e-03 3.18971581e-03
1.06091236e-02 -1.43477209e-03 3.13631874e-03
1.10171659e-02 -4.61433136e-03 2.96167391e-03
1.14252081e-02 1.54162292e-03 3.17058016e-03
1.18332501e-02 -7.68906600e-03 2.76286964e-03
1.22412921e-02 3.29031382e-03 2.61500343e-03
1.26493339e-02 4.32193085e-03 2.63753463e-03
1.30573757e-02 -3.44167458e-05 2.55049915e-03
1.34654173e-02 -4.58346304e-03 2.54255402e-03
1.38734588e-02 2.18911025e-04 2.57254982e-03
1.42815001e-02 -2.61686771e-03 2.44164295e-03
1.46895413e-02 5.53165307e-03 2.35137355e-03
1.50975824e-02 -1.30723598e-03 2.15029293e-03
1.55056233e-02 -3.78757968e-04 2.23260687e-03
1.59136641e-02 9.39633020e-04 2.07937945e-03
1.63217047e-02 1.16549657e-03 2.03449128e-03
1.67297452e-02 2.85718564e-03 1.97875239e-03
1.71377855e-02 2.66706373e-03 1.94855875e-03
1.75458257e-02 3.43094849e-03 1.91849219e-03
1.79538657e-02 3.48341631e-03 1.83719295e-03
1.83619055e-02 -3.38395480e-03 1.90203605e-03
1.87699451e-02 -2.41640723e-04 1.84679905e-03
1.91779846e-02 2.03452391e-03 1.86715069e-03
1.95860239e-02 1.01611594e-04 1.86034093e-03
1.99940630e-02 4.96534501e-04 1.74387826e-03
2.04021019e-02 -5.66154955e-04 1.91151408e-03
2.08101406e-02 1.50254579e-03 1.86221119e-03
2.12181791e-02 -4.65566555e-04 1.65149233e-03
2.16262174e-02 -1.65063531e-03 1.71300022e-03
2.20342555e-02 -1.44671150e-03 1.66608458e-03
2.24422934e-02 1.02758313e-03 1.67190822e-03
2.28503311e-02 5.96356835e-04 1.69585154e-03
2.32583686e-02 4.04894894e-03 1.77151926e-03
2.36664058e-02 6.21718480e-04 1.68448327e-03
2.40744429e-02 -3.38951723e-04 1.64695541e-03
2.44824797e-02 -1.01225130e-03 1.62595467e-03
2.48905162e-02 6.41018276e-04 1.82101270e-03
2.52985525e-02 1.61051997e-03 1.59852503e-03
2.57065886e-02 3.53939685e-03 1.69037956e-03
2.61146245e-02 1.26435934e-03 1.81103933e-03
2.65226601e-02 -1.45574617e-03 1.66891199e-03
2.69306954e-02 2.35348892e-03 1.70643127e-03
2.73387305e-02 -1.80091931e-03 1.58057680e-03
2.77467653e-02 -1.01614181e-03 1.58554663e-03
2.81547999e-02 6.09173721e-04 1.63974310e-03
2.85628342e-02 -1.75484689e-03 1.64940862e-03
2.89708682e-02 -1.24544708e-03 1.61738005e-03
2.93789020e-02 -4.03422219e-04 1.62115539e-03
2.97869355e-02 -1.29306528e-03 1.59725644e-03
3.01949687e-02 3.60850965e-04 1.75452877e-03
3.06030016e-02 -5.46369624e-04 1.54238854e-03
3.10110342e-02 -9.96860087e-04 1.67009592e-03
3.14190665e-02 -1.76187853e-03 1.57848896e-03
3.18270985e-02 -2.59158469e-03 1.52527312e-03
3.22351302e-02 -2.29170470e-03 1.52668998e-03
3.26431617e-02 -1.98062420e-03 1.37387749e-03
3.30511928e-02 -7.49454113e-04 1.37070659e-03
3.34592236e-02 2.39293702e-04 1.44805041e-03
3.38672540e-02 1.35654042e-03 1.42340711e-03
3.42752842e-02 1.14652685e-05 1.40062692e-03
3.46833140e-02 1.38039536e-03 1.39647559e-03
3.50913435e-02 -1.63926242e-04 1.32374947e-03
3.54993727e-02 2.67985789e-03 1.43075775e-03
3.59074015e-02 2.85813905e-03 1.46822814e-03
3.63154300e-02 -2.58597759e-04 1.34517548e-03
3.67234581e-02 4.62697605e-05 1.41116841e-03
3.71314859e-02 -8.18486291e-05 1.35172277e-03
3.75395134e-02 1.45670235e-03 1.42381061e-03
3.79475405e-02 -1.43269344e-03 1.28475614e-03
3.83555672e-02 1.81859571e-03 1.40265297e-03
3.87635935e-02 7.68739636e-04 1.33258456e-03
3.91716195e-02 3.58817762e-04 1.33224932e-03
3.95796452e-02 5.31978539e-05 1.27645370e-03
3.99876704e-02 -9.22681744e-04 1.24670299e-03
4.03956953e-02 -1.23101455e-03 1.23909584e-03
4.08037198e-02 4.91141113e-04 1.26230860e-03
4.12117439e-02 1.64617956e-03 1.25943442e-03
4.16197676e-02 2.24515858e-03 1.34285871e-03
4.20277909e-02 7.07073830e-04 1.25558182e-03
4.24358138e-02 1.83056795e-04 1.24801731e-03
4.28438363e-02 7.22472700e-04 1.27305466e-03
4.32518584e-02 8.28761453e-06 1.25583303e-03
4.36598801e-02 -1.31612109e-04 1.23661709e-03
4.40679014e-02 -2.09747812e-04 1.23199608e-03
4.44759222e-02 7.95727752e-04 1.29861715e-03
4.48839427e-02 1.18656422e-04 1.25987369e-03
4.52919627e-02 -1.53603059e-04 1.22584872e-03
4.56999823e-02 6.52896951e-04 1.17186161e-03
4.61080014e-02 2.37372275e-03 1.24209775e-03
4.65160201e-02 -2.63984466e-04 1.22065049e-03
4.69240384e-02 3.17013859e-04 1.14881864e-03
4.73320562e-02 -1.31646706e-03 1.09233124e-03
4.77400736e-02 -6.54925377e-04 1.19848889e-03
4.81480905e-02 2.00587834e-04 1.18557946e-03
4.85561070e-02 5.24459384e-04 1.17704233e-03
4.89641230e-02 5.19793164e-04 1.17640345e-03
4.93721385e-02 -1.29315094e-03 1.15356700e-03
4.97801536e-02 -3.58152353e-05 1.12823284e-03
5.01881682e-02 8.27852815e-04 1.17908500e-03
5.05961823e-02 6.65572843e-04 1.18865127e-03
5.10041960e-02 8.78055698e-04 1.13345631e-03
5.14122091e-02 -1.56734853e-03 1.07274222e-03
5.18202218e-02 9.54087651e-04 1.17328025e-03
5.22282340e-02 2.43598366e-03 1.14215211e-03
5.26362457e-02 4.09245294e-04 1.12717818e-03
5.30442569e-02 1.24258275e-03 1.07630813e-03
5.34522675e-02 -1.07901932e-03 1.11316964e-03
5.38602777e-02 8.08211670e-04 1.05515547e-03
5.42682874e-02 6.26391982e-04 1.06580932e-03
5.46762965e-02 -4.60816169e-05 1.08760795e-03
5.50843052e-02 1.24654673e-04 1.05938086e-03
5.54923133e-02 -6.14034899e-05 1.03539536e-03
5.59003208e-02 1.85423336e-04 1.11535317e-03
5.63083279e-02 2.67065337e-03 1.11208307e-03
5.67163344e-02 -9.64310912e-04 1.11998486e-03
5.71243404e-02 -6.14112707e-04 1.11110440e-03
5.75323458e-02 4.79154580e-04 1.08323162e-03
5.79403507e-02 1.51631942e-04 1.08729573e-03
5.83483551e-02 1.00016864e-03 1.10081010e-03
5.87563588e-02 -1.76887883e-03 1.07989581e-03
5.91643621e-02 -8.80202429e-04 1.07326580e-03
5.95723647e-02 -9.00151176e-04 1.09795882e-03
5.99803668e-02 9.63238843e-04 1.09816175e-03
6.03883684e-02 6.81787937e-04 1.14530314e-03
6.07963693e-02 8.18213967e-04 1.13876590e-03
6.12043697e-02 1.49056233e-03 1.10349097e-03
6.16123695e-02 1.53288874e-04 1.10295116e-03
6.20203687e-02 8.69766565e-04 1.09196630e-03
6.24283674e-02 -2.00989036e-03 1.03555733e-03
6.28363654e-02 2.68218952e-03 1.08890661e-03
6.32443629e-02 4.94707027e-04 1.08113475e-03
6.36523597e-02 -4.60608942e-04 1.07530617e-03
6.40603559e-02 -1.05345206e-03 1.02029455e-03
6.44683516e-02 -7.03684309e-04 1.02349977e-03
6.48763466e-02 -2.42246047e-04 1.02613808e-03
6.52843410e-02 8.96216686e-04 1.03221571e-03
6.56923348e-02 -1.58762657e-03 1.03603853e-03
6.61003279e-02 -1.94013349e-04 1.02791066e-03
6.65083205e-02 -7.48405734e-04 1.02476638e-03
6.69163124e-02 3.14028161e-04 1.04632438e-03
6.73243036e-02 -5.11096869e-04 1.00986433e-03
6.77322943e-02 1.55502035e-03 1.01760485e-03
6.81402842e-02 -6.58749585e-04 9.69245209e-04
6.85482736e-02 -1.01494932e-03 9.70906494e-04
6.89562623e-02 -1.81945592e-03 1.00440636e-03
6.93642503e-02 -1.47565379e-03 9.73570193e-04
6.97722377e-02 -2.73142181e-04 9.67522079e-04
7.01802244e-02 -1.16279289e-04 9.80693606e-04
7.05882105e-02 -1.77741462e-03 9.49342703e-04
7.09961958e-02 2.10236687e-03 9.49597960e-04
7.14041805e-02 -2.04104649e-03 9.16819262e-04
7.18121646e-02 -1.35716129e-03 9.11662460e-04
7.22201479e-02 2.32098702e-05 9.35643878e-04
7.26281306e-02 2.69096466e-03 9.70734619e-04
7.30361126e-02 -3.16191591e-04 9.44615142e-04
7.34440938e-02 -1.26312287e-03 8.98675997e-04
7.38520744e-02 -9.80364596e-04 9.34476807e-04
7.42600543e-02 -4.21948822e-04 9.20645862e-04
7.46680335e-02 1.23733853e-03 9.18776099e-04
7.50760119e-02 3.59237665e-04 9.34937319e-04
7.54839897e-02 -6.33640198e-04 9.18919625e-04
7.58919667e-02 1.72296929e-03 9.05644766e-04
7.62999431e-02 5.34112713e-04 9.15849660e-04
7.67079187e-02 1.06602201e-03 9.28059611e-04
7.71158935e-02 -1.79665714e-04 9.16529010e-04
7.75238677e-02 5.86052963e-04 9.11074026e-04
7.79318411e-02 4.48512698e-04 8.70563247e-04
7.83398137e-02 1.18801479e-03 8.91603012e-04
7.87477857e-02 2.05520631e-04 9.07579551e-04
7.91557568e-02 3.31601888e-04 9.17455671e-04
7.95637273e-02 1.68408358e-03 9.03214858e-04
7.99716969e-02 1.07546033e-03 8.76832412e-04
8.03796658e-02 2.23653737e-04 8.88583281e-04
8.07876340e-02 3.69879471e-05 9.13300738e-04
8.11956014e-02 4.86323063e-04 8.67921010e-04
8.16035680e-02 -1.59761494e-03 8.55251190e-04
8.20115338e-02 1.36220699e-03 8.85553068e-04
8.24194989e-02 9.38250242e-04 8.58200079e-04
8.28274631e-02 7.90544731e-04 8.81397094e-04
8.32354266e-02 9.42085818e-05 8.77233904e-04
8.36433893e-02 -5.29329398e-04 8.42288828e-04
8.40513512e-02 2.17573854e-04 8.30623885e-04
8.44593123e-02 -7.21288235e-04 8.41435805e-04
8.48672727e-02 -6.26333886e-04 8.41752801e-04
8.52752322e-02 -1.00191868e-03 8.35835625e-04
8.56831909e-02 1.00771742e-03 8.49578064e-04
8.60911487e-02 5.04823571e-05 8.35331842e-04
8.64991058e-02 2.50814961e-03 8.74946537e-04
8.69070620e-02 1.75954825e-04 8.41990254e-04
8.73150175e-02 1.15547969e-03 8.45291960e-04
8.77229721e-02 -1.20005726e-03 8.44791473e-04
8.81309258e-02 -1.70816850e-04 8.32152440e-04
8.85388787e-02 1.00653316e-03 8.18942562e-04
8.89468308e-02 -2.30207682e-04 8.28255567e-04
8.93547821e-02 8.31458926e-04 8.14053570e-04
8.97627325e-02 -1.66134274e-03 7.79188833e-04
9.01706820e-02 -2.32518235e-04 8.08090650e-04
9.05786307e-02 1.06723919e-03 8.18591940e-04
9.09865785e-02 6.99390437e-05 7.98195306e-04
9.13945255e-02 -8.82328582e-04 7.97624452e-04
9.18024716e-02 -1.44914185e-03 8.01474521e-04
9.22104168e-02 1.23213342e-03 8.27046894e-04
9.26183611e-02 8.95541416e-04 8.25546532e-04
9.30263046e-02 2.85375427e-04 8.08263290e-04
9.34342472e-02 9.44793926e-04 8.28890943e-04
9.38421889e-02 -6.19902622e-04 7.97746611e-04
9.42501297e-02 -1.22834629e-03 8.26058439e-04
9.46580696e-02 -7.69287873e-05 8.16667855e-04
9.50660087e-02 3.29686716e-04 8.09242569e-04
9.54739468e-02 -6.10059077e-04 7.98193403e-04
9.58818840e-02 2.14672882e-04 8.00031952e-04
9.62898203e-02 -9.77511045e-04 7.79506390e-04
9.66977557e-02 -1.49985262e-04 7.59989650e-04
9.71056902e-02 7.42474204e-04 7.85664943e-04
9.75136237e-02 5.48577371e-04 7.86814135e-04
9.79215564e-02 -1.15216332e-03 7.98418930e-04
9.83294881e-02 8.30244766e-04 8.05930968e-04
9.87374188e-02 9.31213197e-04 8.01496331e-04
9.91453487e-02 8.27243044e-05 7.94365430e-04
9.95532775e-02 2.54665868e-03 7.88871043e-04
9.99612055e-02 5.53976136e-04 7.88289995e-04
1.00369132e-01 1.78871332e-04 7.80210648e-04
1.00777059e-01 1.22208435e-03 7.62634895e-04
1.01184984e-01 5.99763872e-04 7.63288221e-04
1.01592908e-01 4.23251827e-04 7.72659875e-04
1.02000831e-01 -1.10489099e-03 7.35512531e-04
1.02408753e-01 1.92781771e-05 7.42566682e-04
1.02816674e-01 -5.37913357e-04 7.51225493e-04
1.03224595e-01 8.23717874e-04 7.26048270e-04
1.03632514e-01 -6.20767169e-04 7.23354381e-04
1.04040432e-01 2.80249547e-04 7.60797433e-04
1.04448349e-01 2.99076539e-05 7.54759686e-04
1.04856266e-01 -7.50862497e-04 7.34140932e-04
1.05264181e-01 9.83175011e-04 7.28757004e-04
1.05672095e-01 1.04345383e-03 7.27873709e-04
1.06080009e-01 5.71420864e-04 7.45486270e-04
1.06487921e-01 -3.61027987e-04 7.47928528e-04
1.06895832e-01 4.97978158e-04 7.37595105e-04
1.07303743e-01 -1.18951330e-04 7.29802069e-04
1.07711652e-01 -3.20264209e-04 7.49045871e-04
1.08119560e-01 -6.34200772e-04 7.47813216e-04
1.08527467e-01 8.47078577e-04 7.39143648e-04
1.08935374e-01 -3.89983269e-04 7.42267309e-04
1.09343279e-01 -1.35159751e-04 7.34907607e-04
1.09751183e-01 -1.46605771e-04 7.44447268e-04
1.10159086e-01 2.62925581e-04 7.43306729e-04
1.10566988e-01 -2.16402284e-04 7.17021956e-04
1.10974889e-01 8.54636992e-04 7.28147709e-04
1.11382789e-01 7.30899232e-04 7.38811734e-04
1.11790688e-01 2.83840976e-04 7.38251527e-04
1.12198586e-01 -2.16740289e-04 7.20697393e-04
1.12606482e-01 -2.16294795e-04 7.11909372e-04
1.13014378e-01 -3.01747068e-04 7.40067977e-04
1.13422273e-01 8.03760126e-04 7.58095434e-04
1.13830166e-01 -4.23421570e-05 7.24984198e-04
1.14238059e-01 -1.96883122e-04 7.42931838e-04
1.14645950e-01 -4.77939010e-04 7.37947283e-04
1.15053840e-01 -7.14102551e-04 7.48269467e-04
1.15461730e-01 1.56310842e-04 7.23840165e-04
1.15869618e-01 3.42488562e-04 7.49058545e-04
1.16277505e-01 -1.38431878e-04 7.47968004e-04
1.16685391e-01 9.35814734e-04 7.55688053e-04
1.17093275e-01 -7.45011425e-05 7.66409468e-04
1.17501159e-01 3.79574629e-04 7.56269132e-04
1.17909042e-01 7.50222946e-04 7.61446819e-04
1.18316923e-01 2.85906463e-04 7.37426370e-04
1.18724803e-01 1.72961394e-03 7.24895434e-04
1.19132683e-01 1.22302748e-03 7.18023980e-04
1.19540561e-01 1.54850144e-04 7.11209469e-04
1.19948438e-01 5.30164418e-04 6.93660449e-04
1.20356313e-01 2.61805931e-05 6.95468315e-04
1.20764188e-01 5.76957074e-04 6.88030576e-04
1.21172062e-01 -1.13220426e-04 7.02770902e-04
1.21579934e-01 -9.35892005e-04 6.65675395e-04
1.21987805e-01 1.75284160e-04 6.88308040e-04
1.22395675e-01 -1.48376079e-04 6.89085146e-04
1.22803544e-01 -2.83053732e-04 6.72820766e-04
1.23211412e-01 -5.71773955e-05 6.86154479e-04
1.23619278e-01 5.32933469e-04 7.15825018e-04
1.24027144e-01 -3.25031993e-04 6.79400587e-04
1.24435008e-01 -3.23347592e-04 6.66229281e-04
1.24842871e-01 -1.11221371e-03 6.63123094e-04
1.25250733e-01 7.75813539e-04 7.08893326e-04
1.25658594e-01 -3.05875406e-04 6.80442136e-04
1.26066453e-01 4.30459568e-04 6.87514781e-04
1.26474311e-01 6.36685441e-04 6.76324764e-04
1.26882168e-01 -7.23078733e-04 6.77842354e-04
1.27290024e-01 -4.38659106e-05 6.79769261e-04
1.27697879e-01 5.94332602e-04 6.77078526e-04
1.28105732e-01 -7.98696269e-04 6.67801847e-04
1.28513585e-01 -6.47458447e-04 6.68167553e-04
1.28921436e-01 -2.14828619e-05 6.65116799e-04
1.29329285e-01 1.18798624e-03 6.85693301e-04
1.29737134e-01 -5.18200613e-04 6.66366418e-04
1.30144981e-01 -1.35611233e-03 6.59496729e-04
1.30552828e-01 6.53683901e-04 6.42583188e-04
1.30960672e-01 4.59969373e-04 6.63167013e-04
1.31368516e-01 2.28558194e-03 6.64115707e-04
1.31776358e-01 3.26685668e-04 6.66810970e-04
1.32184200e-01 6.10731851e-04 6.47868289e-04
1.32592039e-01 -9.46926608e-05 6.54349468e-04
1.32999878e-01 -1.55401343e-03 6.46597489e-04
1.33407715e-01 3.87994175e-04 6.44534070e-04
1.33815552e-01 4.34545156e-04 6.39944071e-04
1.34223386e-01 1.14653043e-03 6.28426842e-04
1.34631220e-01 1.56030524e-04 6.39172747e-04
1.35039052e-01 7.02398724e-04 6.48033164e-04
1.35446883e-01 -8.84942804e-04 6.27666577e-04
1.35854713e-01 9.62221451e-05 6.35913141e-04
1.36262541e-01 -8.18890684e-05 6.38037367e-04
1.36670368e-01 -8.79145486e-05 6.25154566e-04
1.37078194e-01 -6.75652209e-04 6.32207719e-04
1.37486019e-01 -2.69666246e-04 6.35985467e-04
1.37893842e-01 3.23717027e-04 6.30534769e-04
1.38301664e-01 3.67535805e-04 6.47710081e-04
1.38709485e-01 1.16061876e-04 6.40326108e-04
1.39117304e-01 2.41091401e-04 6.22542749e-04
1.39525122e-01 2.97898047e-04 6.29870737e-04
1.39932939e-01 -2.50232543e-04 6.09928304e-04
1.40340754e-01 -3.00614655e-04 6.44015182e-04
1.40748568e-01 7.38070972e-04 6.07622477e-04
1.41156381e-01 1.02424964e-03 6.20563934e-04
1.41564192e-01 2.81636456e-04 6.22615994e-04
1.41972002e-01 2.84941661e-04 6.05077880e-04
1.42379811e-01 5.88886442e-04 6.32107362e-04
1.42787618e-01 5.26515215e-04 6.26878437e-04
1.43195424e-01 6.26531675e-04 6.35592713e-04
1.43603228e-01 4.88134820e-04 6.51943768e-04
1.44011032e-01 4.67518160e-04 6.36967288e-04
1.44418833e-01 2.67303871e-05 6.46906907e-04
1.44826634e-01 -2.97079755e-04 6.32565781e-04
1.45234433e-01 -1.83045911e-04 6.23582220e-04
1.45642231e-01 2.62618529e-04 6.15846264e-04
1.46050027e-01 -2.02467832e-04 6.32392333e-04
1.46457822e-01 4.82288597e-04 6.40650491e-04
1.46865616e-01 -9.05300200e-05 6.26011160e-04
1.47273408e-01 -2.49347971e-04 6.23654788e-04
1.47681199e-01 6.05288847e-04 6.33069976e-04
1.48088988e-01 -1.01933084e-03 6.24411630e-04
1.48496776e-01 -2.67740016e-04 6.47215161e-04
1.48904563e-01 2.81978927e-04 6.21489218e-04
1.49312348e-01 -9.81941963e-05 6.21592407e-04
1.49720132e-01 8.35410308e-04 6.44010883e-04
1.50127914e-01 -6.45027857e-05 6.13189580e-04
1.50535695e-01 -2.27518182e-04 5.95901271e-04
1.50943474e-01 -7.86336689e-04 6.05109792e-04
1.51351252e-01 1.43555397e-03 6.20549925e-04
1.51759029e-01 1.33898320e-04 6.02197762e-04
1.52166804e-01 4.41361264e-04 6.01869652e-04
1.52574578e-01 4.65463848e-04 6.13995942e-04
1.52982350e-01 1.02622302e-03 6.15892257e-04
1.53390121e-01 1.22209742e-03 6.18236514e-04
1.53797890e-01 -8.98316726e-04 6.05845947e-04
1.54205658e-01 -2.89070492e-04 6.08416121e-04
1.54613425e-01 3.92414025e-04 5.90839497e-04
1.55021190e-01 -1.97185667e-04 5.97452331e-04
1.55428953e-01 -2.70730869e-04 5.99575124e-04
1.55836716e-01 5.28607668e-04 5.99176950e-04
1.56244476e-01 5.25510285e-04 5.96286933e-04
1.56652235e-01 1.53870547e-04 5.98046411e-04
1.57059993e-01 6.32318006e-04 5.92972952e-04
1.57467749e-01 8.07233769e-04 5.82665231e-04
1.57875504e-01 5.13135399e-04 5.75794869e-04
1.58283257e-01 -7.68579765e-04 5.84041824e-04
1.58691008e-01 2.58029244e-04 5.78693642e-04
1.59098758e-01 4.97974033e-04 5.75790370e-04
1.59506507e-01 2.53024245e-04 5.71311700e-04
1.59914254e-01 4.49469436e-04 5.71159764e-04
1.60322000e-01 -2.55430439e-04 5.77354905e-04
1.60729744e-01 1.03310498e-03 5.87968008e-04
1.61137486e-01 7.79294316e-04 5.91844026e-04
1.61545228e-01 -5.86158088e-04 5.62599750e-04
1.61952967e-01 4.43552937e-04 5.61477681e-04
1.62360705e-01 6.04730894e-04 5.73938364e-04
1.62768441e-01 1.00319497e-03 5.74926556e-04
1.63176176e-01 4.97461317e-04 5.62264358e-04
1.63583910e-01 5.34470503e-04 5.58010287e-04
1.63991641e-01 1.53646676e-04 5.87395711e-04
1.64399372e-01 -3.41180574e-04 5.57412897e-04
1.64807100e-01 -1.87775579e-04 5.64700878e-04
1.65214827e-01 4.24444712e-04 5.69008610e-04
1.65622553e-01 1.14002447e-03 5.74688076e-04
1.66030277e-01 -2.90603353e-04 5.61260129e-04
1.66437999e-01 -3.97029358e-04 5.55308914e-04
1.66845720e-01 -2.46951159e-04 5.58234036e-04
1.67253439e-01 3.25397888e-06 5.67171168e-04
1.67661157e-01 -6.12871828e-04 5.55525196e-04
1.68068873e-01 7.31190671e-04 5.50711786e-04
1.68476588e-01 1.00914785e-03 5.67327078e-04
1.68884301e-01 3.56276134e-04 5.59282475e-04
1.69292012e-01 5.25384478e-04 5.40378434e-04
1.69699721e-01 1.03087782e-03 5.47738944e-04
1.70107430e-01 6.03983073e-04 5.40382835e-04
1.70515136e-01 1.31458965e-04 5.56332625e-04
1.70922841e-01 -3.82037819e-05 5.39473428e-04
1.71330544e-01 8.06734373e-05 5.44185825e-04
1.71738246e-01 -1.29449540e-04 5.44511657e-04
1.72145946e-01 3.00127029e-04 5.52502117e-04
1.72553644e-01 3.00041370e-04 5.39600890e-04
1.72961341e-01 2.78719533e-04 5.49401611e-04
1.73369036e-01 5.09975970e-04 5.46381278e-04
1.73776729e-01 2.05222960e-04 5.42531992e-04
1.74184421e-01 1.97087652e-04 5.32159526e-04
1.74592111e-01 7.70025944e-04 5.50999102e-04
1.74999799e-01 -1.82905997e-04 5.37099631e-04
1.75407486e-01 -2.21598222e-04 5.46453112e-04
1.75815171e-01 8.81945398e-04 5.54190301e-04
1.76222855e-01 6.07177829e-04 5.40402191e-04
1.76630537e-01 4.22925619e-04 5.43486548e-04
1.77038217e-01 -2.11930348e-04 5.45854936e-04
1.77445895e-01 -3.54924334e-04 5.30492219e-04
1.77853572e-01 -3.23355313e-04 5.27391903e-04
1.78261247e-01 6.43664695e-04 5.44657726e-04
1.78668921e-01 -5.25583267e-05 5.32803462e-04
1.79076592e-01 -8.75166817e-04 5.25963342e-04
1.79484262e-01 -4.39261126e-04 5.20668833e-04
1.79891931e-01 1.08063778e-05 5.38094786e-04
1.80299597e-01 -3.45315848e-04 5.21514349e-04
1.80707262e-01 1.17991552e-04 5.30743330e-04
1.81114925e-01 4.18325098e-04 5.30337655e-04
1.81522587e-01 -9.83736605e-05 5.18195747e-04
1.81930247e-01 -6.06573818e-04 5.10331003e-04
1.82337905e-01 4.05189331e-05 5.21973109e-04
1.82745561e-01 8.33265229e-05 5.39153093e-04
1.83153215e-01 3.60057985e-04 5.29733153e-04
1.83560868e-01 -7.21446066e-04 5.11743525e-04
1.83968519e-01 -6.71175401e-04 5.17347252e-04
1.84376169e-01 4.15232707e-04 5.16456347e-04
1.84783816e-01 1.17563091e-04 5.25966023e-04
1.85191462e-01 3.19369772e-04 5.14127684e-04
1.85599106e-01 -3.70835593e-04 5.06541771e-04
1.86006749e-01 3.01438880e-04 5.16318950e-04
1.86414389e-01 -5.16154552e-04 5.12530929e-04
1.86822028e-01 3.02126773e-04 5.14927909e-04
1.87229665e-01 3.79288985e-05 5.21931154e-04
1.87637300e-01 6.25012381e-04 5.18228134e-04
1.88044934e-01 -2.03984266e-04 5.05138894e-04
1.88452566e-01 2.60866072e-04 5.05665977e-04
1.88860195e-01 -3.95140390e-04 5.08944672e-04
1.89267824e-01 5.40706713e-04 5.10155844e-04
1.89675450e-01 1.16066827e-03 5.18201879e-04
1.90083074e-01 -1.04638062e-04 5.05762481e-04
1.90490697e-01 -1.03943543e-04 5.10239035e-04
1.90898318e-01 1.80665092e-04 5.13261494e-04
1.91305937e-01 4.70925452e-04 5.12099163e-04
1.91713555e-01 4.48721403e-04 5.08643153e-04
1.92121170e-01 4.19552340e-04 4.97277122e-04
1.92528784e-01 4.24899826e-04 5.08232796e-04
1.92936396e-01 -1.93740045e-04 4.95778897e-04
1.93344006e-01 6.49014425e-05 5.11031529e-04
1.93751614e-01 4.53126279e-04 5.07528130e-04
1.94159220e-01 -2.39500210e-04 5.09716263e-04
1.94566825e-01 -5.51139730e-05 5.01015021e-04
1.94974427e-01 4.64582562e-04 5.03144039e-04
1.95382028e-01 6.73174130e-05 4.92385257e-04
1.95789627e-01 -2.74410253e-04 4.95568262e-04
1.96197224e-01 6.34866711e-04 4.95369836e-04
1.96604820e-01 -2.32906394e-04 5.02073224e-04
1.97012413e-01 7.42524855e-04 4.95693069e-04
1.97420005e-01 5.86229926e-04 5.05825101e-04
1.97827594e-01 6.71736145e-04 4.99414385e-04
1.98235182e-01 2.29463578e-05 5.15995410e-04
1.98642768e-01 -8.44705588e-04 4.97891196e-04
1.99050352e-01 7.53011353e-04 5.02397922e-04
1.99457934e-01 -7.04627828e-04 5.14844593e-04
1.99865514e-01 -4.91118582e-04 5.09536594e-04
2.00273093e-01 6.75282920e-04 5.16462807e-04
2.00680669e-01 -1.10541165e-03 5.00785283e-04
2.01088244e-01 -6.17752017e-04 5.02303748e-04
2.01495816e-01 -2.34266270e-04 5.17614458e-04
2.01903387e-01 1.06953646e-03 5.02673961e-04
2.02310956e-01 1.34301731e-04 5.06642673e-04
2.02718523e-01 7.52849549e-04 5.20763218e-04
2.03126088e-01 -5.76250475e-04 5.03059428e-04
2.03533651e-01 -3.20144310e-04 5.01666920e-04
2.03941212e-01 5.60686809e-04 5.22869115e-04
2.04348771e-01 5.14339242e-04 5.15049861e-04
2.04756329e-01 3.00555808e-04 5.06220656e-04
2.05163884e-01 2.13106046e-04 4.99326214e-04
2.05571438e-01 -3.94081932e-04 4.96526032e-04
2.05978989e-01 2.18716949e-04 4.92317060e-04
2.06386539e-01 -2.15530114e-04 4.80428168e-04
2.06794086e-01 4.28256136e-04 4.85716059e-04
2.07201632e-01 2.39653115e-04 4.88262725e-04
2.07609175e-01 1.08115012e-03 4.90897462e-04
2.08016717e-01 -1.73377907e-04 4.92136963e-04
2.08424257e-01 2.32348914e-04 4.85347846e-04
2.08831794e-01 2.58932375e-04 4.85274031e-04
2.09239330e-01 9.68473194e-04 4.75851938e-04
2.09646864e-01 2.87007381e-04 4.81686545e-04
2.10054396e-01 -2.91841718e-04 4.89515181e-04
2.10461925e-01 2.28989039e-04 4.87342040e-04
2.10869453e-01 -5.59858410e-04 4.75660059e-04
2.11276979e-01 5.47723421e-04 4.89575845e-04
2.11684503e-01 1.52928504e-04 4.81517095e-04
2.12092025e-01 9.35211580e-04 4.86634871e-04
2.12499544e-01 1.03355852e-04 4.89208641e-04
2.12907062e-01 -9.75491525e-06 4.84369297e-04
2.13314578e-01 6.26776791e-04 4.80545984e-04
2.13722092e-01 1.16108707e-03 4.77983924e-04
2.14129603e-01 6.80436609e-04 4.83258699e-04
2.14537113e-01 1.81798726e-04 4.72801326e-04
2.14944621e-01 1.86474969e-04 4.80720218e-04
2.15352126e-01 5.79469872e-04 4.74651979e-04
2.15759630e-01 5.03739252e-04 4.69410442e-04
2.16167131e-01 -5.47827973e-04 4.61321675e-04
2.16574631e-01 -2.80025272e-04 4.67938596e-04
2.16982128e-01 3.61320662e-04 4.79985430e-04
2.17389624e-01 -2.51462662e-04 4.64356822e-04
2.17797117e-01 3.63485321e-04 4.67070719e-04
2.18204608e-01 -8.23069740e-05 4.77441089e-04
2.18612098e-01 -2.26290261e-05 4.65775955e-04
2.19019585e-01 -5.94168251e-05 4.60930318e-04
2.19427070e-01 4.92478288e-04 4.71134738e-04
2.19834553e-01 6.80869757e-04 4.68069799e-04
2.20242034e-01 2.93621577e-04 4.73620650e-04
2.20649512e-01 -2.19151984e-04 4.62984260e-04
2.21056989e-01 -3.34671539e-05 4.63868443e-04
2.21464464e-01 3.91069882e-04 4.65735954e-04
2.21871936e-01 2.93654393e-04 4.62203451e-04
2.22279407e-01 1.10844833e-03 4.65102807e-04
2.22686875e-01 1.60067399e-04 4.61166570e-04
2.23094341e-01 -2.01322162e-04 4.64627792e-04
2.23501805e-01 2.93705409e-04 4.64336567e-04
2.23909267e-01 8.48530970e-07 4.68943075e-04
2.24316727e-01 3.19362081e-04 4.70628657e-04
2.24724185e-01 7.71706504e-04 4.57571081e-04
2.25131641e-01 2.67439058e-04 4.69847620e-04
2.25539094e-01 1.07236434e-04 4.62281632e-04
2.25946545e-01 -2.25959171e-04 4.52416191e-04
2.26353995e-01 -3.86090075e-05 4.57892795e-04
2.26761442e-01 -1.10871912e-04 4.61920638e-04
2.27168887e-01 -1.63859992e-05 4.57929634e-04
2.27576329e-01 -8.49817270e-05 4.49682131e-04
2.27983770e-01 5.69388877e-04 4.63180089e-04
2.28391208e-01 -1.63809873e-04 4.59046601e-04
2.28798645e-01 -4.20967484e-05 4.51071918e-04
2.29206079e-01 -1.03606859e-03 4.64118702e-04
2.29613511e-01 6.76336479e-04 4.65515584e-04
2.30020941e-01 -1.31412675e-04 4.52586556e-04
2.30428368e-01 6.12946297e-04 4.66841143e-04
2.30835794e-01 3.88632733e-04 4.62461086e-04
2.31243217e-01 4.25212676e-04 4.66001406e-04
2.31650638e-01 6.36538060e-04 4.66539442e-04
2.32058057e-01 1.00990592e-04 4.54393071e-04
2.32465473e-01 5.95152589e-04 4.61299093e-04
2.32872888e-01 -1.96567501e-04 4.64127110e-04
2.33280300e-01 1.24592038e-04 4.68142975e-04
2.33687710e-01 -7.62062195e-04 4.66140893e-04
2.34095118e-01 -5.68759129e-05 4.62289038e-04
2.34502524e-01 4.97851056e-04 4.61058767e-04
2.34909927e-01 -3.20058749e-04 4.65654388e-04
2.35317328e-01 2.92969313e-04 4.68306612e-04
2.35724727e-01 -5.87293407e-05 4.64645291e-04
2.36132124e-01 -3.71932686e-04 4.46701181e-04
2.36539518e-01 1.01665838e-03 4.61030511e-04
2.36946911e-01 -1.41166710e-04 4.56389681e-04
2.37354301e-01 -3.38035384e-04 4.48200080e-04
2.37761688e-01 3.93557941e-04 4.56617732e-04
2.38169074e-01 2.69086824e-04 4.50380953e-04
2.38576457e-01 5.65794611e-04 4.59657642e-04
2.38983838e-01 -6.87585142e-04 4.53603278e-04
2.39391217e-01 1.29393127e-04 4.56831627e-04
2.39798593e-01 3.35216851e-04 4.48808202e-04
2.40205967e-01 -4.51992937e-04 4.39678680e-04
2.40613339e-01 -7.47386752e-04 4.38698229e-04
2.41020709e-01 8.42180358e-04 4.48343088e-04
2.41428076e-01 3.08651974e-04 4.50510533e-04
2.41835441e-01 3.43049650e-04 4.40881152e-04
2.42242804e-01 6.07454336e-04 4.54375196e-04
2.42650165e-01 5.09582453e-04 4.49274072e-04
2.43057523e-01 5.91519493e-04 4.36156206e-04
2.43464879e-01 -6.71440843e-05 4.29495233e-04
2.43872232e-01 1.35129292e-03 4.52220712e-04
2.44279584e-01 2.44927244e-04 4.48844625e-04
2.44686933e-01 -2.21971437e-04 4.43191170e-04
2.45094279e-01 -5.32343831e-04 4.27219150e-04
2.45501624e-01 -2.23775052e-04 4.28655113e-04
2.45908966e-01 9.14282909e-05 4.35295360e-04
2.46316305e-01 -2.81086691e-04 4.28606730e-04
2.46723643e-01 9.55440906e-04 4.31484321e-04
2.47130978e-01 -1.27698359e-04 4.25834194e-04
2.47538310e-01 1.00218651e-03 4.30977586e-04
2.47945641e-01 -3.57335940e-04 4.32967696e-04
2.48352969e-01 3.95305985e-04 4.30632690e-04
2.48760294e-01 -1.11030732e-04 4.29891455e-04
2.49167618e-01 5.52810342e-04 4.26579225e-04
2.49574939e-01 -8.65603589e-05 4.22549813e-04
2.49982257e-01 -4.88747862e-04 4.28269829e-04
2.50389573e-01 2.88455488e-04 4.35120583e-04
2.50796887e-01 4.34177720e-04 4.38930080e-04
2.51204199e-01 2.90515432e-04 4.27692180e-04
2.51611508e-01 4.31438762e-04 4.36664232e-04
2.52018815e-01 3.93572551e-04 4.24919479e-04
2.52426119e-01 7.12543470e-04 4.28176114e-04
2.52833421e-01 -2.50612342e-05 4.26490060e-04
2.53240720e-01 -9.61820893e-04 4.19599118e-04
2.53648017e-01 1.43709095e-05 4.34065987e-04
2.54055312e-01 1.63721373e-04 4.24589611e-04
2.54462605e-01 5.62677265e-04 4.23037693e-04
2.54869894e-01 1.57088670e-04 4.28608393e-04
2.55277182e-01 4.21716026e-04 4.16464359e-04
2.55684467e-01 6.97578957e-04 4.19692914e-04
2.56091750e-01 2.70960097e-04 4.25557175e-04
2.56499030e-01 -1.12445027e-04 4.17812777e-04
2.56906308e-01 4.01756579e-04 4.21297467e-04
2.57313583e-01 2.16642282e-05 4.25974376e-04
2.57720856e-01 7.18636970e-05 4.16926714e-04
2.58128127e-01 -1.99606647e-04 4.12348601e-04
2.58535395e-01 6.87543625e-04 4.20767840e-04
2.58942661e-01 -2.95351782e-05 4.27890416e-04
2.59349924e-01 -2.09059129e-04 4.25684714e-04
2.59757184e-01 1.83580317e-04 4.12166420e-04
2.60164443e-01 -6.54563554e-05 4.12916747e-04
2.60571699e-01 2.28437307e-04 4.18711325e-04
2.60978952e-01 5.67040302e-04 4.16086735e-04
2.61386203e-01 -5.86472376e-04 4.05260625e-04
2.61793451e-01 -2.55883767e-04 4.12097769e-04
2.62200697e-01 3.89331914e-04 4.14835243e-04
2.62607941e-01 3.58134065e-05 4.14778723e-04
2.63015182e-01 -1.35371733e-04 4.10440340e-04
2.63422420e-01 -4.74862626e-04 4.15717737e-04
2.63829656e-01 -1.44979448e-05 4.15750834e-04
2.64236890e-01 -1.55680480e-04 4.13589737e-04
2.64644121e-01 1.96317107e-04 4.11088772e-04
2.65051349e-01 -2.21972746e-04 4.04811470e-04
2.65458575e-01 1.37610847e-04 4.14610495e-04
2.65865799e-01 -7.86684714e-05 3.99783028e-04
2.66273019e-01 -1.96727821e-05 4.14541932e-04
2.66680238e-01 2.44533740e-04 4.12406340e-04
2.67087454e-01 -4.80279019e-04 4.06196811e-04
2.67494667e-01 -4.54418610e-05 4.09762444e-04
2.67901878e-01 -1.97552323e-04 4.02391212e-04
2.68309086e-01 1.90897956e-04 4.04303630e-04
2.68716292e-01 1.61726429e-04 4.02851905e-04
2.69123495e-01 7.21158906e-06 4.12947501e-04
2.69530696e-01 8.08729236e-05 4.10653021e-04
2.69937894e-01 4.55764482e-04 4.01979962e-04
2.70345090e-01 -4.15698691e-05 4.07058630e-04
2.70752283e-01 2.91541602e-04 4.06837319e-04
2.71159473e-01 5.72441452e-04 4.09061596e-04
2.71566661e-01 5.36927033e-05 4.12382319e-04
2.71973847e-01 4.64407702e-04 4.07081839e-04
2.72381030e-01 1.44444829e-04 4.11616092e-04
2.72788210e-01 2.03013879e-05 4.05556649e-04
2.73195387e-01 1.26747871e-04 4.10892502e-04
2.73602562e-01 -1.76607856e-04 4.03824529e-04
2.74009735e-01 3.95011279e-04 4.07333636e-04
2.74416905e-01 1.26542048e-04 3.99896262e-04
2.74824072e-01 1.72509265e-04 3.89456734e-04
2.75231237e-01 -1.08459077e-04 3.98969474e-04
2.75638399e-01 3.61010799e-04 3.98850399e-04
2.76045558e-01 5.92285702e-04 3.98804869e-04
2.76452715e-01 6.68523647e-05 3.96220409e-04
2.76859869e-01 6.06845702e-04 3.98637156e-04
2.77267021e-01 4.34426103e-04 3.98196083e-04
2.77674170e-01 9.74877459e-05 3.97696427e-04
2.78081316e-01 2.70987366e-04 3.98343526e-04
2.78488460e-01 -3.72005378e-04 3.96216356e-04
2.78895601e-01 1.66507469e-04 3.93312049e-04
2.79302740e-01 -8.63054394e-05 3.94605756e-04
2.79709875e-01 3.19967912e-04 3.89666902e-04
2.80117009e-01 8.03907798e-04 3.96198549e-04
2.80524139e-01 1.84139786e-04 3.92310766e-04
2.80931267e-01 5.47499619e-04 3.94526139e-04
2.81338392e-01 4.73322724e-04 4.01018700e-04
2.81745515e-01 3.26778465e-05 4.00852561e-04
2.82152635e-01 9.42045586e-04 3.97500719e-04
2.82559752e-01 -2.97319034e-04 3.94309991e-04
2.82966866e-01 -3.91614373e-04 3.88972181e-04
2.83373978e-01 3.48746664e-04 3.91757442e-04
2.83781088e-01 3.79086177e-04 4.00688635e-04
2.84188194e-01 -1.53062103e-04 3.92046061e-04
2.84595298e-01 -3.55602120e-04 3.98782066e-04
2.85002399e-01 1.27285720e-05 4.00182030e-04
2.85409497e-01 -1.70940654e-04 3.99071290e-04
2.85816593e-01 2.01422695e-04 3.90072270e-04
2.86223686e-01 1.89747209e-04 3.96544599e-04
2.86630777e-01 1.66040602e-04 4.05143061e-04
2.87037864e-01 2.73750014e-04 3.97114258e-04
2.87444949e-01 -1.14216835e-04 3.95289154e-04
2.87852031e-01 5.30705466e-04 3.95180047e-04
2.88259111e-01 -1.66659925e-05 3.97042338e-04
2.88666188e-01 1.18222504e-03 3.97576908e-04
2.89073262e-01 3.22329337e-05 3.95917545e-04
2.89480333e-01 -5.66580471e-05 4.04857383e-04
2.89887401e-01 1.52559811e-04 4.08819077e-04
2.90294467e-01 -7.48676187e-04 3.95980859e-04
2.90701530e-01 3.74781003e-04 4.00792967e-04
2.91108591e-01 3.27967975e-04 3.95018755e-04
2.91515648e-01 -4.40542223e-08 3.85675361e-04
2.91922703e-01 1.37614618e-04 3.90517714e-04
2.92329755e-01 -6.61863525e-04 3.93493743e-04
2.92736804e-01 1.47467279e-04 3.94207799e-04
2.93143851e-01 -2.05333431e-05 3.89270250e-04
2.93550895e-01 -2.02890061e-04 3.94404728e-04
2.93957936e-01 -1.36067558e-04 3.90000034e-04
2.94364974e-01 -4.15849365e-04 3.87667262e-04
2.94772009e-01 5.47115332e-04 3.94908133e-04
2.95179042e-01 -2.10796807e-05 3.88478215e-04
2.95586072e-01 2.59043378e-05 3.94966853e-04
2.95993099e-01 -3.07284517e-04 3.95765062e-04
2.96400123e-01 7.61199533e-05 3.91453549e-04
2.96807145e-01 4.05900222e-05 3.97223506e-04
2.97214163e-01 4.30945041e-04 3.88263916e-04
2.97621179e-01 -1.80052320e-04 3.97081324e-04
2.98028192e-01 7.15252062e-04 3.93298826e-04
2.98435202e-01 1.50372658e-04 3.94966007e-04
2.98842210e-01 8.38380113e-04 3.97011665e-04
2.99249214e-01 -2.34945292e-05 3.97114471e-04
2.99656216e-01 -2.70696456e-04 3.91612417e-04
3.00063215e-01 -1.76253636e-04 3.93597878e-04
3.00470211e-01 3.59940553e-04 3.98708659e-04
3.00877204e-01 4.94113019e-04 3.91932442e-04
3.01284194e-01 -7.24801755e-04 3.89527855e-04
3.01691182e-01 6.96253900e-07 3.94352989e-04
3.02098167e-01 7.81110425e-06 3.97142176e-04
3.02505149e-01 4.21397879e-04 3.91629854e-04
3.02912128e-01 1.10150501e-03 3.99900807e-04
3.03319104e-01 2.72310611e-04 3.98794001e-04
3.03726077e-01 2.62556571e-04 3.99899965e-04
3.04133047e-01 2.51277303e-04 3.93016717e-04
3.04540015e-01 5.21186457e-04 3.96909323e-04
3.04946979e-01 1.11054318e-04 3.93948180e-04
3.05353941e-01 -5.91635952e-04 3.88654533e-04
3.05760900e-01 3.13026557e-04 3.96016897e-04
3.06167856e-01 -9.14384657e-04 3.83499078e-04
3.06574809e-01 -2.36774381e-05 3.85571424e-04
3.06981759e-01 2.76770464e-04 3.91284728e-04
3.07388706e-01 -2.86626103e-04 3.94255279e-04
3.07795651e-01 -2.60809167e-04 3.84518060e-04
3.08202592e-01 4.76250412e-04 3.97781670e-04
3.08609531e-01 4.43229224e-04 3.94415385e-04
3.09016466e-01 2.13475529e-04 3.96092708e-04
3.09423399e-01 -9.52079502e-05 3.99693771e-04
3.09830329e-01 -1.82325536e-04 3.95845926e-04
3.10237256e-01 7.20189324e-04 3.97320836e-04
3.10644180e-01 3.41415874e-04 4.07146904e-04
3.11051101e-01 4.40828667e-04 4.09673487e-04
3.11458019e-01 4.33341339e-04 4.04193984e-04
3.11864934e-01 -3.99521320e-04 4.00469172e-04
3.12271846e-01 -5.54391330e-04 4.00964419e-04
3.12678755e-01 8.84832069e-04 4.07199947e-04
3.13085661e-01 3.52016550e-04 4.02411709e-04
3.13492565e-01 -7.27839373e-04 4.03696650e-04
3.13899465e-01 9.03717319e-04 4.05960622e-04
3.14306362e-01 -1.50119534e-05 4.06350289e-04
3.14713257e-01 -1.34418494e-04 3.98044209e-04
3.15120148e-01 8.62209915e-05 4.08357444e-04
3.15527037e-01 2.46345823e-04 4.16692136e-04
3.15933922e-01 -1.59410104e-04 4.16351490e-04
3.16340805e-01 -8.08111740e-06 4.49607383e-04
3.16747684e-01 1.49171748e-04 4.89674368e-04
3.17154561e-01 8.74989333e-04 5.08167702e-04
3.17561434e-01 -1.32499110e-04 5.50308456e-04
3.17968305e-01 -4.29114665e-04 5.66900571e-04
3.18375172e-01 -4.09713261e-04 6.00791063e-04
3.18782037e-01 1.15355237e-03 6.41648397e-04
3.19188898e-01 3.85579245e-04 6.66273827e-04
3.19595757e-01 9.70664704e-04 7.09802189e-04
3.20002612e-01 7.05100834e-04 6.96482528e-04
3.20409465e-01 4.84292285e-04 7.78605024e-04
3.20816314e-01 -6.04537242e-05 8.32340207e-04
3.21223160e-01 -3.84654888e-04 9.15189021e-04
3.21630004e-01 -1.40244985e-04 1.06069430e-03
3.22036844e-01 1.07485951e-03 1.33470395e-03
3.22443681e-01 6.95215288e-05 1.83078843e-03
3.22850516e-01 4.70023514e-03 6.80496759e-03
