4.08043586e-03 -1.06209344e-01 2.66291353e-02
4.48847930e-03 -7.84958142e-02 2.69162009e-02
4.89652269e-03 -7.05289931e-02 1.93976949e-02
5.30456604e-03 -6.12928517e-02 1.40114193e-02
5.71260934e-03 -3.67112080e-02 1.09518073e-02
6.12065258e-03 -3.12379567e-02 8.72699354e-03
6.52869577e-03 -2.66903164e-02 7.33561281e-03
6.93673889e-03 -1.27995225e-02 6.75021354e-03
7.34478195e-03 -1.60535735e-02 5.53712771e-03
7.75282494e-03 -1.43345785e-02 5.22341764e-03
8.16086785e-03 -1.48472592e-02 4.93541032e-03
8.56891069e-03 -1.49248281e-02 4.61964200e-03
8.97695345e-03 -1.02416679e-02 4.01422103e-03
9.38499612e-03 -1.11896320e-02 3.88858994e-03
9.79303870e-03 -7.44648360e-03 3.15209517e-03
1.02010812e-02 -3.74230137e-03 3.27320676e-03
1.06091236e-02 -7.38079541e-03 3.41262829e-03
1.10171659e-02 -3.76806076e-03 3.01151765e-03
1.14252081e-02 3.22953833e-04 3.09542269e-03
1.18332501e-02 -2.05900001e-03 2.86181599e-03
1.22412921e-02 3.17219858e-03 2.93842257e-03
1.26493339e-02 3.41107991e-03 2.71468119e-03
1.30573757e-02 4.43859703e-05 2.54622275e-03
1.34654173e-02 -2.18534582e-03 2.38332046e-03
1.38734588e-02 -6.84757731e-04 2.32530150e-03
1.42815001e-02 7.52834320e-04 2.40296688e-03
1.46895413e-02 -2.07096902e-03 2.24908968e-03
1.50975824e-02 3.61001690e-03 2.20313303e-03
1.55056233e-02 -7.88903547e-04 2.10772841e-03
1.59136641e-02 -9.47964665e-04 2.15180058e-03
1.63217047e-02 3.17151432e-03 1.94021825e-03
1.67297452e-02 1.96941832e-03 1.90045095e-03
1.71377855e-02 -2.80527473e-03 1.91259843e-03
1.75458257e-02 3.34396318e-03 1.79737785e-03
1.79538657e-02 -1.60876042e-04 1.95420568e-03
1.83619055e-02 -1.23370131e-03 1.85703943e-03
1.87699451e-02 2.44080759e-03 1.86418912e-03
1.91779846e-02 1.46396231e-03 2.00754732e-03
1.95860239e-02 1.01317954e-03 1.89264427e-03
1.99940630e-02 1.43858633e-03 1.90696529e-03
2.04021019e-02 1.24671769e-03 1.84346498e-03
2.08101406e-02 1.85033415e-04 1.71862196e-03
2.12181791e-02 -8.63453294e-04 1.95769874e-03
2.16262174e-02 2.12195917e-03 1.81989863e-03
2.20342555e-02 -3.22627897e-03 1.73374462e-03
2.24422934e-02 -1.30179674e-03 1.70532879e-03
2.28503311e-02 1.39018412e-03 1.83136789e-03
2.32583686e-02 -1.13431778e-03 1.66851835e-03
2.36664058e-02 3.37619082e-04 1.64287673e-03
2.40744429e-02 -1.53601619e-03 1.57708220e-03
2.44824797e-02 -1.81304526e-03 1.62163049e-03
2.48905162e-02 -9.29693857e-04 1.71956039e-03
2.52985525e-02 -1.61480633e-03 1.69475865e-03
2.57065886e-02 1.19205480e-03 1.75696932e-03
2.61146245e-02 1.91209609e-03 1.67104748e-03
2.65226601e-02 4.28487051e-03 1.75980784e-03
2.69306954e-02 1.71882863e-03 1.63516749e-03
2.73387305e-02 -1.69299876e-03 1.67867676e-03
2.77467653e-02 1.41099262e-03 1.71270960e-03
2.81547999e-02 1.70523607e-03 1.78334449e-03
2.85628342e-02 8.18150702e-04 1.67787994e-03
2.89708682e-02 1.89906242e-03 1.72241095e-03
2.93789020e-02 -9.00648317e-04 1.65357978e-03
2.97869355e-02 -6.15844880e-05 1.64686896e-03
3.01949687e-02 1.10681389e-03 1.64885939e-03
3.06030016e-02 1.74986340e-03 1.55942643e-03
3.10110342e-02 1.63194065e-04 1.68507224e-03
3.14190665e-02 2.32749819e-04 1.51969926e-03
3.18270985e-02 -1.90263428e-03 1.46841058e-03
3.22351302e-02 1.24856836e-03 1.58692161e-03
3.26431617e-02 2.10189380e-03 1.45525597e-03
3.30511928e-02 -1.38393310e-03 1.42757518e-03
3.34592236e-02 -1.18701142e-03 1.49272139e-03
3.38672540e-02 3.84937638e-04 1.48696046e-03
3.42752842e-02 -1.40148466e-03 1.40520071e-03
3.46833140e-02 8.95675770e-04 1.41021999e-03
3.50913435e-02 2.15452259e-04 1.35845613e-03
3.54993727e-02 1.26408911e-04 1.40338262e-03
3.59074015e-02 8.00030885e-05 1.32738268e-03
3.63154300e-02 8.32098913e-05 1.32909595e-03
3.67234581e-02 -1.84960181e-03 1.38592224e-03
3.71314859e-02 3.72040188e-04 1.35492164e-03
3.75395134e-02 1.15447615e-03 1.31670450e-03
3.79475405e-02 2.42953504e-03 1.31815048e-03
3.83555672e-02 1.94967369e-03 1.33380976e-03
3.87635935e-02 -6.11035764e-04 1.32161784e-03
3.91716195e-02 -9.64389038e-04 1.30640116e-03
3.95796452e-02 -1.13453383e-03 1.27120360e-03
3.99876704e-02 -3.88540964e-04 1.34469290e-03
4.03956953e-02 1.96379059e-03 1.29195058e-03
4.08037198e-02 7.66710091e-04 1.34684681e-03
4.12117439e-02 7.24334193e-04 1.27309557e-03
4.16197676e-02 1.00921490e-03 1.30216381e-03
4.20277909e-02 3.08488880e-04 1.23018234e-03
4.24358138e-02 4.21242473e-04 1.26081180e-03
4.28438363e-02 -8.20272122e-04 1.26797410e-03
4.32518584e-02 -1.08859116e-03 1.20820623e-03
4.36598801e-02 3.99894392e-04 1.23580274e-03
4.40679014e-02 -1.25446981e-03 1.17078260e-03
4.44759222e-02 2.15498173e-03 1.22074844e-03
4.48839427e-02 6.90188278e-04 1.22969169e-03
4.52919627e-02 -1.11235858e-03 1.18699001e-03
4.56999823e-02 -1.73392062e-04 1.19457593e-03
4.61080014e-02 -2.22848413e-04 1.18072452e-03
4.65160201e-02 2.80800303e-04 1.18645524e-03
4.69240384e-02 -7.60247311e-05 1.19947951e-03
4.73320562e-02 1.27206434e-04 1.22542418e-03
4.77400736e-02 -1.08069177e-03 1.15292728e-03
4.81480905e-02 1.09629681e-03 1.19516518e-03
4.85561070e-02 -1.49176038e-04 1.18894383e-03
4.89641230e-02 -1.12132321e-03 1.13981779e-03
4.93721385e-02 -2.83702127e-04 1.19371698e-03
4.97801536e-02 1.81807285e-04 1.19733365e-03
5.01881682e-02 -1.28348387e-03 1.12489770e-03
5.05961823e-02 9.65498854e-04 1.15590296e-03
5.10041960e-02 -2.51732392e-04 1.09585380e-03
5.14122091e-02 1.43495935e-03 1.13386737e-03
5.18202218e-02 8.67490436e-04 1.15177679e-03
5.22282340e-02 2.49336312e-04 1.08608829e-03
5.26362457e-02 1.70924591e-03 1.12582426e-03
5.30442569e-02 1.22431733e-03 1.10124410e-03
5.34522675e-02 -1.27389151e-03 1.08845507e-03
5.38602777e-02 1.14106883e-03 1.09100190e-03
5.42682874e-02 7.65900745e-04 1.09388834e-03
5.46762965e-02 -6.37025239e-04 1.09378338e-03
5.50843052e-02 -2.85760585e-04 1.09218540e-03
5.54923133e-02 -1.16147990e-03 1.09046671e-03
5.59003208e-02 -1.06977106e-03 1.05517230e-03
5.63083279e-02 -9.67878757e-05 1.08004552e-03
5.67163344e-02 -1.76225190e-03 1.08970329e-03
5.71243404e-02 2.15158249e-03 1.10489939e-03
5.75323458e-02 1.62463238e-03 1.09743910e-03
5.79403507e-02 4.53586025e-04 1.09516835e-03
5.83483551e-02 1.18562295e-03 1.13152921e-03
5.87563588e-02 -3.80358348e-05 1.09845510e-03
5.91643621e-02 1.56578593e-03 1.13412106e-03
5.95723647e-02 -1.23628622e-03 1.13231475e-03
5.99803668e-02 1.21814396e-03 1.11560787e-03
6.03883684e-02 1.49441209e-03 1.13401520e-03
6.07963693e-02 -1.66682417e-04 1.10482362e-03
6.12043697e-02 -3.88409886e-04 1.05241468e-03
6.16123695e-02 1.19419140e-04 1.08593274e-03
6.20203687e-02 -3.80707535e-05 1.06717366e-03
6.24283674e-02 -1.55315990e-03 1.07646190e-03
6.28363654e-02 7.10713090e-04 1.06700378e-03
6.32443629e-02 1.11757009e-03 1.03818331e-03
6.36523597e-02 5.28349799e-04 1.07998492e-03
6.40603559e-02 1.41174982e-04 1.04181395e-03
6.44683516e-02 1.08641449e-04 9.98054439e-04
6.48763466e-02 1.66060715e-03 1.05187805e-03
6.52843410e-02 -6.62608079e-04 1.01920920e-03
6.56923348e-02 -1.53426315e-03 9.90283210e-04
6.61003279e-02 1.41778234e-03 1.02655884e-03
6.65083205e-02 9.42234313e-04 1.04042354e-03
6.69163124e-02 7.80997772e-04 9.62880951e-04
6.73243036e-02 -1.08142318e-03 9.95505727e-04
6.77322943e-02 6.52052841e-04 1.00855689e-03
6.81402842e-02 1.74630814e-03 1.03065050e-03
6.85482736e-02 -5.54850407e-05 1.01228277e-03
6.89562623e-02 1.10783395e-03 1.01261206e-03
6.93642503e-02 2.23678393e-04 9.79643222e-04
6.97722377e-02 7.83484185e-04 1.00116850e-03
7.01802244e-02 7.89268551e-04 9.70456831e-04
7.05882105e-02 -9.37055363e-04 9.44701282e-04
7.09961958e-02 7.40566776e-04 9.26021429e-04
7.14041805e-02 -1.59873108e-04 9.43954922e-04
7.18121646e-02 1.70098770e-04 9.57368862e-04
7.22201479e-02 7.73989354e-04 9.56346260e-04
7.26281306e-02 -1.14077375e-04 9.37377318e-04
7.30361126e-02 -2.38506300e-04 9.33694084e-04
7.34440938e-02 -1.78595979e-03 8.99351349e-04
7.38520744e-02 -3.82549274e-04 9.14088213e-04
7.42600543e-02 -2.49482509e-03 9.22305651e-04
7.46680335e-02 -1.14103372e-03 9.02678793e-04
7.50760119e-02 -1.87076067e-03 8.85000812e-04
7.54839897e-02 1.62536270e-03 9.16212708e-04
7.58919667e-02 4.36604007e-04 8.98848084e-04
7.62999431e-02 6.27571871e-05 9.15912850e-04
7.67079187e-02 9.02984428e-04 9.33667576e-04
7.71158935e-02 1.52730328e-03 9.39469922e-04
7.75238677e-02 -5.03791540e-04 9.31598641e-04
7.79318411e-02 6.00837502e-05 9.04726384e-04
7.83398137e-02 -3.24930683e-04 8.69551054e-04
7.87477857e-02 -4.66952034e-04 8.84296092e-04
7.91557568e-02 -5.35985482e-04 8.65163774e-04
7.95637273e-02 8.81275734e-04 9.08395037e-04
7.99716969e-02 -1.37903164e-03 8.99244591e-04
8.03796658e-02 -5.19351462e-04 8.85922572e-04
8.07876340e-02 -1.03140736e-03 8.59828537e-04
8.11956014e-02 6.83632483e-04 8.43570072e-04
8.16035680e-02 -6.26291887e-04 8.84604373e-04
8.20115338e-02 -1.33264260e-03 8.59159299e-04
8.24194989e-02 4.75699927e-04 8.76346754e-04
8.28274631e-02 -1.43113481e-04 8.40099643e-04
8.32354266e-02 -6.84293786e-04 8.16696234e-04
8.36433893e-02 4.03694565e-04 8.44417288e-04
8.40513512e-02 -4.65390946e-05 8.44624675e-04
8.44593123e-02 -6.69038721e-04 8.51494329e-04
8.48672727e-02 -9.42733514e-05 8.62054867e-04
8.52752322e-02 5.49217981e-04 8.49074621e-04
8.56831909e-02 3.47469513e-04 8.27827169e-04
8.60911487e-02 3.92350143e-04 8.23299216e-04
8.64991058e-02 -3.44077499e-04 8.38227888e-04
8.69070620e-02 1.10026583e-03 8.46156201e-04
8.73150175e-02 1.49230788e-03 8.44814831e-04
8.77229721e-02 2.66932038e-04 8.29953087e-04
8.81309258e-02 -3.13001273e-04 8.42244511e-04
8.85388787e-02 -3.61045587e-04 8.34543392e-04
8.89468308e-02 -6.04009187e-04 8.25521866e-04
8.93547821e-02 1.64600678e-04 8.16463008e-04
8.97627325e-02 3.91601590e-05 8.07825992e-04
9.01706820e-02 7.41517771e-04 8.13473915e-04
9.05786307e-02 1.15171664e-03 8.33042458e-04
9.09865785e-02 5.21560349e-04 8.13620181e-04
9.13945255e-02 -7.68584400e-04 8.01903813e-04
9.18024716e-02 -1.30813835e-05 8.06539378e-04
9.22104168e-02 -8.82277662e-04 8.06566336e-04
9.26183611e-02 1.52405520e-04 8.08406849e-04
9.30263046e-02 1.10107488e-03 8.00106935e-04
9.34342472e-02 1.96628901e-03 8.20962933e-04
9.38421889e-02 -5.21502387e-04 8.07241052e-04
9.42501297e-02 -1.54008039e-04 7.99918843e-04
9.46580696e-02 1.20360167e-04 8.08073111e-04
9.50660087e-02 -1.69264615e-03 7.75979286e-04
9.54739468e-02 -7.00006914e-05 8.02967938e-04
9.58818840e-02 5.65999905e-04 8.10279040e-04
9.62898203e-02 1.57617237e-04 7.79667656e-04
9.66977557e-02 -9.64290272e-04 7.72537517e-04
9.71056902e-02 7.30373436e-04 8.12052868e-04
9.75136237e-02 -1.07607203e-03 8.18167526e-04
9.79215564e-02 7.46797833e-04 7.91507298e-04
9.83294881e-02 -5.67803706e-04 7.86974587e-04
9.87374188e-02 -4.64428909e-04 7.56197253e-04
9.91453487e-02 -4.50975453e-04 7.84458894e-04
9.95532775e-02 -8.09878950e-04 7.50095864e-04
9.99612055e-02 5.55328578e-05 7.51724429e-04
1.00369132e-01 3.44329180e-04 7.70059302e-04
1.00777059e-01 -3.75212961e-04 7.55371306e-04
1.01184984e-01 -9.95261591e-04 7.68190444e-04
1.01592908e-01 -1.85934851e-04 7.60456682e-04
1.02000831e-01 -2.24120779e-04 7.63753992e-04
1.02408753e-01 3.37517494e-04 7.52307197e-04
1.02816674e-01 -6.80315834e-04 7.57046845e-04
1.03224595e-01 6.82071326e-04 7.51144255e-04
1.03632514e-01 -3.34931221e-04 7.37989038e-04
1.04040432e-01 -5.89474641e-04 7.60970928e-04
1.04448349e-01 1.02018490e-03 7.44858312e-04
1.04856266e-01 6.23806342e-05 7.57839219e-04
1.05264181e-01 4.07435578e-04 7.47016318e-04
1.05672095e-01 6.92847224e-04 7.64051605e-04
1.06080009e-01 9.29753337e-04 7.65259312e-04
1.06487921e-01 2.72071451e-04 7.40404025e-04
1.06895832e-01 -8.67917272e-05 7.54793780e-04
1.07303743e-01 -2.00816430e-04 7.59975961e-04
1.07711652e-01 -4.45598847e-04 7.40526710e-04
1.08119560e-01 3.31663827e-04 7.31631813e-04
1.08527467e-01 -1.90001835e-04 7.43297285e-04
1.08935374e-01 -6.87698997e-05 7.48146033e-04
1.09343279e-01 -3.57105610e-04 7.48581797e-04
1.09751183e-01 -6.20967621e-04 7.14909905e-04
1.10159086e-01 -9.33442698e-04 7.11734833e-04
1.10566988e-01 6.28677310e-04 7.11700483e-04
1.10974889e-01 7.58669333e-04 7.22084439e-04
1.11382789e-01 1.32513420e-03 7.35779741e-04
1.11790688e-01 8.55361926e-05 7.34973795e-04
1.12198586e-01 -5.98310980e-04 7.40188490e-04
1.12606482e-01 -4.95525364e-04 7.42222132e-04
1.13014378e-01 3.01070002e-04 7.67528749e-04
1.13422273e-01 4.77239101e-04 7.41771572e-04
1.13830166e-01 2.23454369e-04 7.53045125e-04
1.14238059e-01 -2.08975167e-04 7.24691511e-04
1.14645950e-01 7.33503395e-04 7.35536157e-04
1.15053840e-01 8.78655165e-04 7.33569338e-04
1.15461730e-01 -4.95432598e-04 7.43655350e-04
1.15869618e-01 4.53481760e-04 7.46888916e-04
1.16277505e-01 1.42841507e-03 7.49178918e-04
1.16685391e-01 8.19108765e-04 7.33060652e-04
1.17093275e-01 -5.89035591e-04 7.67765776e-04
1.17501159e-01 1.16070258e-04 7.55416768e-04
1.17909042e-01 -1.63386169e-03 7.28063013e-04
1.18316923e-01 4.56755899e-04 7.09869691e-04
1.18724803e-01 7.28263474e-05 7.16611268e-04
1.19132683e-01 -6.99545742e-04 7.20295230e-04
1.19540561e-01 2.55340848e-04 7.14550184e-04
1.19948438e-01 -1.57288394e-04 6.80444183e-04
1.20356313e-01 -8.94492008e-05 6.99342229e-04
1.20764188e-01 -2.06634735e-04 7.17724030e-04
1.21172062e-01 -3.88350339e-04 6.77455843e-04
1.21579934e-01 2.05770345e-04 6.80956914e-04
1.21987805e-01 5.11279954e-04 7.01651930e-04
1.22395675e-01 8.28236239e-04 7.14159390e-04
1.22803544e-01 -2.29775444e-04 6.75101643e-04
1.23211412e-01 -3.23678728e-04 6.95704672e-04
1.23619278e-01 -6.11127674e-04 6.80770859e-04
1.24027144e-01 5.12772510e-04 6.83896235e-04
1.24435008e-01 6.56328628e-04 6.78013002e-04
1.24842871e-01 7.08632296e-04 6.77979420e-04
1.25250733e-01 3.39515121e-04 6.76594912e-04
1.25658594e-01 4.47663927e-04 6.82570482e-04
1.26066453e-01 3.27398251e-04 6.70736915e-04
1.26474311e-01 5.93317208e-04 6.84209955e-04
1.26882168e-01 4.56913926e-04 6.90165736e-04
1.27290024e-01 -2.69538683e-04 6.79286535e-04
1.27697879e-01 9.10095327e-04 6.78404963e-04
1.28105732e-01 -2.36124926e-04 6.67252093e-04
1.28513585e-01 -3.12054640e-04 6.56012380e-04
1.28921436e-01 7.82287260e-04 6.73277774e-04
1.29329285e-01 4.97159528e-05 6.53363984e-04
1.29737134e-01 4.84287131e-04 6.63643787e-04
1.30144981e-01 8.88861181e-04 6.57448755e-04
1.30552828e-01 -3.89695770e-04 6.55341149e-04
1.30960672e-01 3.90244464e-04 6.36602393e-04
1.31368516e-01 1.41687585e-03 6.58668815e-04
1.31776358e-01 -5.77333609e-04 6.48870413e-04
1.32184200e-01 4.66143246e-04 6.61836874e-04
1.32592039e-01 5.99626923e-04 6.41898114e-04
1.32999878e-01 1.10675965e-03 6.36806737e-04
1.33407715e-01 -1.17954821e-03 6.35068620e-04
1.33815552e-01 1.89894162e-04 6.28828677e-04
1.34223386e-01 4.84844944e-04 6.41199224e-04
1.34631220e-01 9.19589451e-04 6.34000593e-04
1.35039052e-01 1.30679955e-03 6.63116501e-04
1.35446883e-01 1.30063745e-03 6.62415029e-04
1.35854713e-01 -3.93626737e-04 6.47631364e-04
1.36262541e-01 -2.38166333e-04 6.51011151e-04
1.36670368e-01 3.24643966e-04 6.32457631e-04
1.37078194e-01 -1.04664278e-03 6.15335415e-04
1.37486019e-01 -9.87837280e-04 6.42909295e-04
1.37893842e-01 -6.07237034e-05 6.35628165e-04
1.38301664e-01 1.14039925e-03 6.23409555e-04
1.38709485e-01 4.32608335e-04 6.36168551e-04
1.39117304e-01 -2.31935641e-04 6.15666881e-04
1.39525122e-01 -4.08846214e-04 6.13231283e-04
1.39932939e-01 4.04472742e-04 6.29028694e-04
1.40340754e-01 2.20110201e-04 6.19104264e-04
1.40748568e-01 -5.33842108e-05 6.08544708e-04
1.41156381e-01 -2.61653820e-05 6.13246748e-04
1.41564192e-01 8.30953317e-04 6.24117089e-04
1.41972002e-01 7.09082122e-04 6.09355462e-04
1.42379811e-01 3.03002493e-05 6.15592555e-04
1.42787618e-01 -2.19330420e-04 6.02187055e-04
1.43195424e-01 3.44308154e-04 6.32162526e-04
1.43603228e-01 1.36951800e-04 6.29878149e-04
1.44011032e-01 5.12432494e-04 6.35784722e-04
1.44418833e-01 -6.23055086e-04 6.33832105e-04
1.44826634e-01 3.78906238e-04 6.38649760e-04
1.45234433e-01 -1.04148669e-04 6.33380055e-04
1.45642231e-01 6.21287705e-05 6.25603474e-04
1.46050027e-01 2.95885377e-05 6.41191015e-04
1.46457822e-01 2.44392971e-04 6.36656929e-04
1.46865616e-01 9.85070657e-04 6.35915804e-04
1.47273408e-01 2.91413766e-04 6.42384392e-04
1.47681199e-01 8.77733809e-04 6.24159931e-04
1.48088988e-01 1.22346526e-03 6.31739695e-04
1.48496776e-01 9.46587444e-04 6.67576923e-04
1.48904563e-01 -5.71996676e-04 6.21838891e-04
1.49312348e-01 9.65254849e-04 6.23509833e-04
1.49720132e-01 -2.50482591e-04 6.05693492e-04
1.50127914e-01 -3.14304152e-06 6.10002038e-04
1.50535695e-01 -1.54303498e-04 5.98952516e-04
1.50943474e-01 -4.57053894e-04 6.12159908e-04
1.51351252e-01 7.21218381e-04 6.08906492e-04
1.51759029e-01 8.74631885e-04 6.11329053e-04
1.52166804e-01 3.76724724e-04 5.96471914e-04
1.52574578e-01 5.99204085e-04 5.90895459e-04
1.52982350e-01 1.16456940e-03 5.96565414e-04
1.53390121e-01 6.90923795e-04 6.08069437e-04
1.53797890e-01 5.17155734e-04 5.92130121e-04
1.54205658e-01 3.44515105e-04 5.96802127e-04
1.54613425e-01 -6.87516720e-05 5.88715938e-04
1.55021190e-01 -4.53343668e-04 5.81322311e-04
1.55428953e-01 -1.26392482e-03 5.80215861e-04
1.55836716e-01 -3.71078573e-04 5.88235019e-04
1.56244476e-01 1.00593912e-03 6.03727381e-04
1.56652235e-01 7.97810804e-04 5.99539387e-04
1.57059993e-01 5.17525907e-04 5.97869374e-04
1.57467749e-01 4.83306230e-04 5.75867821e-04
1.57875504e-01 7.34772088e-04 5.72309105e-04
1.58283257e-01 -3.39872075e-04 5.96997825e-04
1.58691008e-01 -1.45114278e-04 5.70371917e-04
1.59098758e-01 1.38948951e-04 5.90912763e-04
1.59506507e-01 -1.68457923e-04 5.73481919e-04
1.59914254e-01 -3.34861087e-04 5.63954477e-04
1.60322000e-01 2.16267828e-04 5.79132656e-04
1.60729744e-01 -1.03376677e-04 5.73329283e-04
1.61137486e-01 5.15116747e-04 5.67210285e-04
1.61545228e-01 5.38441584e-04 5.75306232e-04
1.61952967e-01 -6.20061103e-04 5.73947983e-04
1.62360705e-01 3.06576102e-04 5.84249437e-04
1.62768441e-01 8.81695989e-04 5.70643560e-04
1.63176176e-01 4.65198591e-04 5.73074778e-04
1.63583910e-01 -8.37995417e-04 5.57270795e-04
1.63991641e-01 6.02979498e-04 5.72710393e-04
1.64399372e-01 2.66320922e-04 5.68964266e-04
1.64807100e-01 -1.75775583e-04 5.53681101e-04
1.65214827e-01 -2.68204643e-06 5.66683056e-04
1.65622553e-01 4.48162635e-04 5.58158285e-04
1.66030277e-01 1.53489624e-04 5.68420681e-04
1.66437999e-01 -1.48542547e-04 5.54728618e-04
1.66845720e-01 -4.69993182e-04 5.68242922e-04
1.67253439e-01 -4.50744653e-04 5.52472077e-04
1.67661157e-01 6.07225767e-04 5.57418379e-04
1.68068873e-01 1.37149236e-03 5.49889854e-04
1.68476588e-01 9.66251217e-04 5.45701982e-04
1.68884301e-01 -5.77385176e-05 5.48207582e-04
1.69292012e-01 1.11597497e-04 5.44869712e-04
1.69699721e-01 8.50788929e-04 5.45286180e-04
1.70107430e-01 3.86192677e-04 5.55690896e-04
1.70515136e-01 -5.55690608e-04 5.50482753e-04
1.70922841e-01 3.27968853e-04 5.41868643e-04
1.71330544e-01 5.71187008e-04 5.51811616e-04
1.71738246e-01 -3.12626231e-04 5.52824245e-04
1.72145946e-01 2.37341791e-04 5.54377874e-04
1.72553644e-01 -2.08247384e-04 5.46337394e-04
1.72961341e-01 6.35560583e-04 5.39494388e-04
1.73369036e-01 -7.94616498e-05 5.42725954e-04
1.73776729e-01 -1.07056440e-04 5.33335821e-04
1.74184421e-01 4.59157638e-05 5.49782756e-04
1.74592111e-01 -8.91426757e-04 5.31941994e-04
1.74999799e-01 -1.13982762e-03 5.46710748e-04
1.75407486e-01 8.67029419e-04 5.44677495e-04
1.75815171e-01 5.21095428e-04 5.42562189e-04
1.76222855e-01 2.71541712e-05 5.39981905e-04
1.76630537e-01 4.12070486e-04 5.49238229e-04
1.77038217e-01 6.03135780e-04 5.41238697e-04
1.77445895e-01 -4.15972836e-04 5.37163678e-04
1.77853572e-01 1.15165565e-03 5.34666982e-04
1.78261247e-01 -1.21960136e-04 5.41963248e-04
1.78668921e-01 2.06922397e-04 5.31376151e-04
1.79076592e-01 -6.16555458e-04 5.40247308e-04
1.79484262e-01 2.08311089e-04 5.29556823e-04
1.79891931e-01 6.86665822e-05 5.20367801e-04
1.80299597e-01 -1.38122821e-03 5.12269262e-04
1.80707262e-01 2.06239532e-04 5.29140270e-04
1.81114925e-01 -2.60660538e-04 5.37069228e-04
1.81522587e-01 2.41947909e-04 5.15879802e-04
1.81930247e-01 -7.69208637e-04 5.09629833e-04
1.82337905e-01 -2.02725460e-04 5.14700654e-04
1.82745561e-01 5.24565356e-04 5.26255008e-04
1.83153215e-01 2.70952254e-04 5.22883430e-04
1.83560868e-01 9.40715123e-04 5.27836205e-04
1.83968519e-01 3.01091305e-04 5.21166793e-04
1.84376169e-01 1.24688865e-03 5.29607799e-04
1.84783816e-01 -6.29859033e-04 5.11701431e-04
1.85191462e-01 -4.44913037e-05 5.17571284e-04
1.85599106e-01 -6.33149686e-04 5.11926697e-04
1.86006749e-01 -8.22179567e-05 5.26274309e-04
1.86414389e-01 2.07400201e-05 5.16891101e-04
1.86822028e-01 -2.45184200e-04 5.28185242e-04
1.87229665e-01 -3.11552252e-04 5.16291936e-04
1.87637300e-01 1.57457947e-04 5.17037395e-04
1.88044934e-01 2.45501780e-04 5.02296385e-04
1.88452566e-01 -1.06730248e-05 5.16344446e-04
1.88860195e-01 2.05423590e-04 5.13949366e-04
1.89267824e-01 1.28222282e-03 5.18761924e-04
1.89675450e-01 1.21013053e-04 5.04960531e-04
1.90083074e-01 -2.50042566e-04 5.09640448e-04
1.90490697e-01 -2.22275685e-04 5.15536074e-04
1.90898318e-01 5.54319749e-04 5.15920460e-04
1.91305937e-01 -3.52891836e-05 5.09980439e-04
1.91713555e-01 7.41397776e-04 4.90995288e-04
1.92121170e-01 1.22446439e-03 5.02133944e-04
1.92528784e-01 1.11194677e-03 5.04587194e-04
1.92936396e-01 1.34194543e-03 5.15818056e-04
1.93344006e-01 3.85808130e-04 5.17919282e-04
1.93751614e-01 3.21300460e-04 5.02869635e-04
1.94159220e-01 6.03443519e-04 5.02071681e-04
1.94566825e-01 1.95207775e-04 4.95408656e-04
1.94974427e-01 -2.94101940e-04 4.96117044e-04
1.95382028e-01 -3.10350592e-04 4.87537004e-04
1.95789627e-01 -9.77775466e-04 4.92184928e-04
1.96197224e-01 7.08738391e-04 5.07195956e-04
1.96604820e-01 9.08296468e-05 4.95054164e-04
1.97012413e-01 -2.43429717e-04 4.92701105e-04
1.97420005e-01 2.94305361e-04 5.04384231e-04
1.97827594e-01 -6.53433815e-04 5.08417464e-04
1.98235182e-01 -6.71189500e-04 5.06902773e-04
1.98642768e-01 -3.51627072e-04 5.03020665e-04
1.99050352e-01 -6.24947262e-04 4.95394985e-04
1.99457934e-01 5.12077717e-04 5.11238810e-04
1.99865514e-01 4.50147420e-04 5.07260434e-04
2.00273093e-01 -2.58297963e-04 5.16192562e-04
2.00680669e-01 8.38498508e-05 5.15613191e-04
2.01088244e-01 -5.43941702e-04 4.99268248e-04
2.01495816e-01 -7.90738701e-05 5.08779819e-04
2.01903387e-01 8.23321564e-04 5.13241323e-04
2.02310956e-01 -3.22334939e-05 5.00571069e-04
2.02718523e-01 -6.99047226e-04 5.10714084e-04
2.03126088e-01 7.03533124e-05 5.12585776e-04
2.03533651e-01 -6.36342397e-05 5.16106132e-04
2.03941212e-01 -7.58163815e-04 5.03521418e-04
2.04348771e-01 3.15157170e-04 5.11784369e-04
2.04756329e-01 -1.07149303e-04 5.08914922e-04
2.05163884e-01 8.36117538e-04 4.99563808e-04
2.05571438e-01 -3.27516979e-04 4.97672622e-04
2.05978989e-01 -3.66733548e-04 4.94321078e-04
2.06386539e-01 -3.39095760e-04 5.00220681e-04
2.06794086e-01 1.51228270e-04 4.99236907e-04
2.07201632e-01 -2.81615998e-04 5.00868694e-04
2.07609175e-01 -4.42641708e-04 4.75291264e-04
2.08016717e-01 -3.39255378e-04 4.86439291e-04
2.08424257e-01 3.39240490e-04 4.88466467e-04
2.08831794e-01 -9.77270383e-06 4.87071905e-04
2.09239330e-01 8.29802599e-04 4.73358424e-04
2.09646864e-01 4.54491947e-04 4.88935254e-04
2.10054396e-01 2.96258116e-04 4.85638431e-04
2.10461925e-01 -2.42389117e-04 4.83493129e-04
2.10869453e-01 4.42932678e-05 4.75823070e-04
2.11276979e-01 4.66893033e-04 4.79705406e-04
2.11684503e-01 1.62594212e-04 4.85014184e-04
2.12092025e-01 6.68649990e-04 4.84985306e-04
2.12499544e-01 1.55870984e-04 4.82377216e-04
2.12907062e-01 -2.44330065e-04 4.68385787e-04
2.13314578e-01 -2.37141188e-04 4.88523275e-04
2.13722092e-01 4.03161607e-04 4.75411959e-04
2.14129603e-01 6.72580203e-04 4.80643974e-04
2.14537113e-01 -4.70751180e-04 4.79975305e-04
2.14944621e-01 -1.90132402e-04 4.81257845e-04
2.15352126e-01 5.67465867e-04 4.94121169e-04
2.15759630e-01 1.59456547e-04 4.71824605e-04
2.16167131e-01 1.01603653e-03 4.75683322e-04
2.16574631e-01 -1.87782305e-04 4.73463904e-04
2.16982128e-01 3.45013148e-04 4.85014498e-04
2.17389624e-01 -1.46308826e-04 4.72437669e-04
2.17797117e-01 3.51140530e-04 4.74679933e-04
2.18204608e-01 8.49468393e-04 4.78835070e-04
2.18612098e-01 6.29553798e-04 4.72863856e-04
2.19019585e-01 9.16622190e-04 4.59391756e-04
2.19427070e-01 -3.03542226e-05 4.64108271e-04
2.19834553e-01 6.71916784e-05 4.66747611e-04
2.20242034e-01 -2.29218096e-04 4.57760611e-04
2.20649512e-01 5.67801967e-04 4.74223562e-04
2.21056989e-01 3.66321203e-04 4.61383492e-04
2.21464464e-01 -6.28154852e-05 4.69602889e-04
2.21871936e-01 3.87400273e-04 4.64206695e-04
2.22279407e-01 3.18769441e-04 4.66256800e-04
2.22686875e-01 4.88507806e-04 4.63237509e-04
2.23094341e-01 1.22182138e-04 4.71020616e-04
2.23501805e-01 3.62361441e-04 4.63842689e-04
2.23909267e-01 7.48593868e-04 4.71369130e-04
2.24316727e-01 6.45790287e-05 4.61056492e-04
2.24724185e-01 -2.22594356e-05 4.60417095e-04
2.25131641e-01 4.43400333e-04 4.67945910e-04
2.25539094e-01 -1.22165048e-05 4.55160333e-04
2.25946545e-01 8.66125170e-05 4.48672860e-04
2.26353995e-01 7.68008651e-04 4.61635649e-04
2.26761442e-01 3.24593219e-04 4.58279434e-04
2.27168887e-01 -8.78687266e-05 4.62839900e-04
2.27576329e-01 -3.39041261e-04 4.46786518e-04
2.27983770e-01 -5.37858068e-04 4.54476353e-04
2.28391208e-01 -5.74157605e-04 4.46290034e-04
2.28798645e-01 3.65824959e-04 4.53880067e-04
2.29206079e-01 5.45249888e-04 4.62879640e-04
2.29613511e-01 5.91796668e-04 4.56106987e-04
2.30020941e-01 5.07711642e-04 4.66957427e-04
2.30428368e-01 -1.35673945e-04 4.66572110e-04
2.30835794e-01 -4.02370514e-04 4.65369913e-04
2.31243217e-01 5.02988350e-04 4.58703135e-04
2.31650638e-01 9.87035967e-04 4.66318866e-04
2.32058057e-01 5.90922179e-04 4.65161208e-04
2.32465473e-01 6.17895543e-05 4.56879387e-04
2.32872888e-01 4.94148528e-04 4.60669260e-04
2.33280300e-01 -1.84251385e-04 4.62624412e-04
2.33687710e-01 1.59115222e-04 4.69243782e-04
2.34095118e-01 5.91351824e-04 4.68104128e-04
2.34502524e-01 7.06769732e-05 4.55545026e-04
2.34909927e-01 -4.02314892e-04 4.68876579e-04
2.35317328e-01 -3.09587008e-04 4.55349190e-04
2.35724727e-01 5.95011717e-04 4.65825142e-04
2.36132124e-01 -1.03609455e-03 4.54035900e-04
2.36539518e-01 -3.36339075e-04 4.46241014e-04
2.36946911e-01 2.06306466e-04 4.53288827e-04
2.37354301e-01 9.40657685e-04 4.59197940e-04
2.37761688e-01 1.19553109e-05 4.42061340e-04
2.38169074e-01 -3.89003418e-04 4.55183111e-04
2.38576457e-01 4.83736341e-04 4.50707826e-04
2.38983838e-01 -2.75410988e-04 4.47334007e-04
2.39391217e-01 -2.43329500e-04 4.48502731e-04
2.39798593e-01 -1.26533812e-04 4.45310466e-04
2.40205967e-01 6.47510489e-05 4.48224352e-04
2.40613339e-01 6.36012708e-04 4.47138788e-04
2.41020709e-01 1.21582646e-04 4.46077234e-04
2.41428076e-01 5.66284899e-05 4.46581165e-04
2.41835441e-01 -3.45475268e-05 4.43561682e-04
2.42242804e-01 5.99597444e-05 4.41837584e-04
2.42650165e-01 1.44768274e-04 4.44815596e-04
2.43057523e-01 8.61893508e-04 4.42454121e-04
2.43464879e-01 2.02818907e-04 4.43059667e-04
2.43872232e-01 -1.35882827e-04 4.30797544e-04
2.44279584e-01 -1.80421543e-04 4.33344226e-04
2.44686933e-01 -6.86088230e-04 4.22432751e-04
2.45094279e-01 4.41534647e-04 4.39187574e-04
2.45501624e-01 2.39731490e-04 4.40285884e-04
2.45908966e-01 -3.89733108e-04 4.38658572e-04
2.46316305e-01 4.98970578e-05 4.36773590e-04
2.46723643e-01 4.95824090e-04 4.31594385e-04
2.47130978e-01 2.25954723e-04 4.35924329e-04
2.47538310e-01 8.44227164e-05 4.30047454e-04
2.47945641e-01 8.73638165e-04 4.32882136e-04
2.48352969e-01 6.39433967e-04 4.38927006e-04
2.48760294e-01 3.92604571e-04 4.37128736e-04
2.49167618e-01 2.15245297e-04 4.32002440e-04
2.49574939e-01 1.23090756e-04 4.29760149e-04
2.49982257e-01 -1.49014304e-04 4.31902562e-04
2.50389573e-01 3.55382495e-04 4.34155920e-04
2.50796887e-01 -5.57500979e-06 4.28950754e-04
2.51204199e-01 -6.59656019e-05 4.19777558e-04
2.51611508e-01 -1.42179705e-04 4.28058729e-04
2.52018815e-01 3.87969419e-04 4.22426523e-04
2.52426119e-01 6.02459796e-05 4.23883507e-04
2.52833421e-01 4.05170193e-04 4.33572873e-04
2.53240720e-01 3.85536704e-04 4.32347868e-04
2.53648017e-01 4.97481627e-04 4.25805205e-04
2.54055312e-01 3.21496405e-04 4.34110535e-04
2.54462605e-01 2.97344817e-04 4.21925274e-04
2.54869894e-01 5.85397370e-04 4.26601988e-04
2.55277182e-01 1.17037178e-04 4.19785266e-04
2.55684467e-01 -1.79068798e-04 4.24078341e-04
2.56091750e-01 6.69840313e-04 4.23687100e-04
2.56499030e-01 1.89652117e-04 4.21523509e-04
2.56906308e-01 1.03729309e-04 4.18751969e-04
2.57313583e-01 2.17388943e-04 4.18220156e-04
2.57720856e-01 8.39609055e-04 4.17873654e-04
2.58128127e-01 -7.54995959e-04 4.08625434e-04
2.58535395e-01 -1.58781752e-04 4.14285383e-04
2.58942661e-01 2.47729667e-04 4.18611717e-04
2.59349924e-01 -6.22112458e-05 4.16075366e-04
2.59757184e-01 1.67344456e-04 4.14885616e-04
2.60164443e-01 6.85488823e-04 4.16951386e-04
2.60571699e-01 -4.21497704e-04 4.24780006e-04
2.60978952e-01 1.76864986e-04 4.13806942e-04
2.61386203e-01 -8.87977353e-05 4.22597332e-04
2.61793451e-01 2.26150103e-04 4.19483012e-04
2.62200697e-01 3.14690378e-04 4.20566085e-04
2.62607941e-01 3.09502227e-04 4.09224976e-04
2.63015182e-01 1.31139499e-04 4.09900847e-04
2.63422420e-01 6.39677290e-04 4.26094628e-04
2.63829656e-01 -1.23047380e-04 4.13787647e-04
2.64236890e-01 -3.56242340e-04 4.08992949e-04
2.64644121e-01 -4.54182379e-04 4.04502306e-04
2.65051349e-01 3.41403672e-04 4.06464275e-04
2.65458575e-01 -4.00214338e-05 4.01816156e-04
2.65865799e-01 -5.60718625e-04 4.03366292e-04
2.66273019e-01 4.65982597e-04 4.08355248e-04
2.66680238e-01 4.86567220e-04 4.10401194e-04
2.67087454e-01 2.64248231e-05 4.17188767e-04
2.67494667e-01 -4.52145931e-04 4.15511750e-04
2.67901878e-01 6.09063334e-04 4.16900502e-04
2.68309086e-01 1.03370819e-03 4.05112871e-04
2.68716292e-01 3.33530028e-04 4.07992490e-04
2.69123495e-01 8.39476693e-04 4.08673150e-04
2.69530696e-01 7.16112181e-04 4.06810229e-04
2.69937894e-01 3.36690413e-04 4.04755773e-04
2.70345090e-01 4.62685497e-04 4.07158782e-04
2.70752283e-01 -1.73498540e-04 3.97722692e-04
2.71159473e-01 3.81240291e-04 4.05659476e-04
2.71566661e-01 4.29030419e-04 4.07104711e-04
2.71973847e-01 8.15447094e-05 4.11014455e-04
2.72381030e-01 -8.33778038e-05 4.05099034e-04
2.72788210e-01 -8.43925947e-05 4.06196261e-04
2.73195387e-01 3.17683253e-04 4.04651144e-04
2.73602562e-01 -7.86452144e-05 3.93283731e-04
2.74009735e-01 1.76803712e-04 4.04636215e-04
2.74416905e-01 -9.38657650e-06 3.99825599e-04
2.74824072e-01 2.97730014e-04 4.00225413e-04
2.75231237e-01 2.62857536e-04 4.01174041e-04
2.75638399e-01 2.93251246e-04 3.94240078e-04
2.76045558e-01 2.70566962e-04 3.94239707e-04
2.76452715e-01 2.17112073e-04 3.94545819e-04
2.76859869e-01 1.55158941e-04 3.93319134e-04
2.77267021e-01 -7.58100269e-05 4.04358599e-04
2.77674170e-01 4.37718192e-04 3.95356407e-04
2.78081316e-01 6.64150422e-04 3.93009970e-04
2.78488460e-01 1.05036128e-03 4.01928030e-04
2.78895601e-01 1.06771560e-03 4.01709394e-04
2.79302740e-01 6.68282695e-04 3.95790854e-04
2.79709875e-01 -3.01340897e-04 3.94717111e-04
2.80117009e-01 7.87468984e-04 4.00726767e-04
2.80524139e-01 3.33541579e-04 3.92284648e-04
2.80931267e-01 5.53345356e-04 3.94009724e-04
2.81338392e-01 6.88000293e-05 3.94963939e-04
2.81745515e-01 7.02082280e-05 3.99480818e-04
2.82152635e-01 7.57908311e-04 3.88371672e-04
2.82559752e-01 4.89178829e-04 3.95779964e-04
2.82966866e-01 4.06375692e-04 3.92794993e-04
2.83373978e-01 3.20008978e-04 3.95218200e-04
2.83781088e-01 1.22256246e-03 3.91531015e-04
2.84188194e-01 1.97466989e-04 3.86372299e-04
2.84595298e-01 -1.02930468e-04 3.94715710e-04
2.85002399e-01 2.31029522e-04 3.96721540e-04
2.85409497e-01 6.80888563e-04 3.96983037e-04
2.85816593e-01 -2.69584456e-04 3.90951782e-04
2.86223686e-01 -9.75654459e-05 3.92709072e-04
2.86630777e-01 9.20685872e-05 3.94916715e-04
2.87037864e-01 -3.77822179e-04 4.01422230e-04
2.87444949e-01 -1.94069989e-05 4.00397342e-04
2.87852031e-01 -3.51482183e-04 3.98272759e-04
2.88259111e-01 -2.93343291e-04 3.98545750e-04
2.88666188e-01 6.16889171e-05 3.94811046e-04
2.89073262e-01 -2.93110587e-05 4.05212479e-04
2.89480333e-01 -1.74061364e-04 3.97133570e-04
2.89887401e-01 -4.93294817e-04 4.00251388e-04
2.90294467e-01 4.28930163e-04 3.99680851e-04
2.90701530e-01 -2.99781532e-04 3.93907610e-04
2.91108591e-01 -4.07692165e-04 3.99630206e-04
2.91515648e-01 1.18363763e-04 3.97225362e-04
2.91922703e-01 -5.67539542e-04 3.86035854e-04
2.92329755e-01 -6.62904667e-05 3.94885214e-04
2.92736804e-01 3.25527231e-04 3.90681829e-04
2.93143851e-01 -3.31269845e-05 3.89996367e-04
2.93550895e-01 6.43399016e-05 3.89713065e-04
2.93957936e-01 -1.96123428e-04 3.91428347e-04
2.94364974e-01 -3.11274777e-04 3.83544651e-04
2.94772009e-01 6.49782133e-05 3.88307049e-04
2.95179042e-01 5.47991268e-04 3.86014659e-04
2.95586072e-01 5.01330711e-04 3.96494876e-04
2.95993099e-01 -5.92944005e-04 3.91534062e-04
2.96400123e-01 -1.91411371e-04 3.96723050e-04
2.96807145e-01 5.24651954e-04 3.94671166e-04
2.97214163e-01 3.29166243e-04 3.95470904e-04
2.97621179e-01 -1.18317670e-04 3.88377957e-04
2.98028192e-01 5.00200339e-04 3.94820134e-04
2.98435202e-01 -2.93016174e-05 3.86775503e-04
2.98842210e-01 5.04737812e-04 4.01034736e-04
2.99249214e-01 2.87412846e-04 3.95561067e-04
2.99656216e-01 5.78484537e-04 3.94519422e-04
3.00063215e-01 -4.52811726e-04 3.97039277e-04
3.00470211e-01 3.18766778e-04 3.89616740e-04
3.00877204e-01 3.35159781e-04 3.93287934e-04
3.01284194e-01 -1.88567185e-06 3.92947655e-04
3.01691182e-01 7.37997227e-05 3.94611879e-04
3.02098167e-01 -3.28320109e-04 3.83091856e-04
3.02505149e-01 -2.47388511e-04 3.84995044e-04
3.02912128e-01 5.61151612e-04 3.92418490e-04
3.03319104e-01 2.08635174e-04 3.93090192e-04
3.03726077e-01 7.46094970e-05 3.98193607e-04
3.04133047e-01 6.21286090e-04 3.90131390e-04
3.04540015e-01 -1.76939345e-04 3.82896382e-04
3.04946979e-01 5.29352641e-04 3.91826214e-04
3.05353941e-01 -1.63350700e-04 3.88053421e-04
3.05760900e-01 5.70507160e-04 3.85273266e-04
3.06167856e-01 1.27912506e-04 3.83326474e-04
3.06574809e-01 4.18798903e-05 3.82964271e-04
3.06981759e-01 4.22478184e-04 3.93414299e-04
3.07388706e-01 3.09634390e-04 3.89060659e-04
3.07795651e-01 5.22349857e-04 3.94049319e-04
3.08202592e-01 4.48042215e-04 3.92048397e-04
3.08609531e-01 3.95001964e-04 3.91103967e-04
3.09016466e-01 -7.02094700e-04 3.87481801e-04
3.09423399e-01 5.43733846e-05 3.97045838e-04
3.09830329e-01 5.83492380e-04 3.97128030e-04
3.10237256e-01 2.49631770e-04 4.01993335e-04
3.10644180e-01 4.19267379e-04 4.05568200e-04
3.11051101e-01 -8.83351076e-05 3.99061447e-04
3.11458019e-01 -7.60735741e-05 3.98601036e-04
3.11864934e-01 7.62693096e-05 4.15122292e-04
3.12271846e-01 7.38398379e-04 4.08365661e-04
3.12678755e-01 7.62593729e-04 4.08146379e-04
3.13085661e-01 7.46809781e-04 4.05556266e-04
3.13492565e-01 -8.39659931e-05 4.04633057e-04
3.13899465e-01 4.88323022e-04 4.07406142e-04
3.14306362e-01 -7.42933744e-04 3.96332992e-04
3.14713257e-01 -8.61358470e-06 3.96600307e-04
3.15120148e-01 5.34214566e-04 4.04360149e-04
3.15527037e-01 2.68546047e-04 4.03825906e-04
3.15933922e-01 2.92953789e-04 4.14975983e-04
3.16340805e-01 -2.71805709e-04 4.52060163e-04
3.16747684e-01 1.43781566e-04 4.85885347e-04
3.17154561e-01 2.91966592e-04 5.06862507e-04
3.17561434e-01 6.59130615e-04 5.35926039e-04
3.17968305e-01 -4.21426803e-04 5.77222914e-04
3.18375172e-01 -4.86422515e-04 6.14424255e-04
3.18782037e-01 7.52181453e-04 6.35430589e-04
3.19188898e-01 3.09900491e-04 6.54630872e-04
3.19595757e-01 3.38016291e-04 7.02618951e-04
3.20002612e-01 -3.03493921e-04 7.19965395e-04
3.20409465e-01 -1.12199643e-03 7.64293808e-04
3.20816314e-01 -1.03251207e-03 7.83644470e-04
3.21223160e-01 -3.47582192e-05 9.44605733e-04
3.21630004e-01 -7.84646763e-04 1.05521265e-03
3.22036844e-01 3.81167515e-04 1.28261029e-03
3.22443681e-01 8.55740500e-04 1.94076693e-03
3.22850516e-01 -2.58799779e-03 5.79661197e-03
