4.08043586e-03 -1.17823768e-02 2.75377961e-02
4.48847930e-03 -2.13329112e-02 2.75249917e-02
4.89652269e-03 -2.78508626e-02 2.02555819e-02
5.30456604e-03 -1.43588384e-02 1.43551473e-02
5.71260934e-03 -1.91678638e-02 1.11997622e-02
6.12065258e-03 -1.34536603e-02 9.56409364e-03
6.52869577e-03 -5.88356378e-03 7.14940056e-03
6.93673889e-03 -8.51427024e-04 6.16876599e-03
7.34478195e-03 6.35502464e-03 6.00669267e-03
7.75282494e-03 9.45492463e-04 5.75984766e-03
8.16086785e-03 -4.43921705e-03 4.90363023e-03
8.56891069e-03 -6.68565912e-03 4.40929888e-03
8.97695345e-03 -2.67045304e-03 4.23434948e-03
9.38499612e-03 -6.10434732e-03 3.16954863e-03
9.79303870e-03 -7.31217174e-04 3.53239526e-03
1.02010812e-02 -1.78791315e-03 3.48912997e-03
1.06091236e-02 -4.22815041e-03 3.22842473e-03
1.10171659e-02 -1.02107487e-04 2.93707597e-03
1.14252081e-02 -1.92948717e-03 3.09438439e-03
1.18332501e-02 -3.56327588e-03 2.95681449e-03
1.22412921e-02 1.32838390e-03 2.83430926e-03
1.26493339e-02 3.03750185e-05 2.93755740e-03
1.30573757e-02 -5.09157589e-04 2.39527697e-03
1.34654173e-02 -1.49315497e-03 2.38082147e-03
1.38734588e-02 1.21179569e-03 2.45926939e-03
1.42815001e-02 -4.37066358e-04 2.33518124e-03
1.46895413e-02 1.39700130e-04 2.16052554e-03
1.50975824e-02 2.52434165e-03 2.21408665e-03
1.55056233e-02 1.11300244e-03 2.31936627e-03
1.59136641e-02 -1.09395844e-03 2.11488683e-03
1.63217047e-02 1.02929156e-03 2.06350358e-03
1.67297452e-02 -4.93250177e-05 2.06969965e-03
1.71377855e-02 1.78749805e-04 2.06179622e-03
1.75458257e-02 -2.81883569e-04 2.02045724e-03
1.79538657e-02 -1.31239183e-03 2.01414243e-03
1.83619055e-02 3.32584102e-03 2.04248673e-03
1.87699451e-02 3.14650974e-03 2.05631045e-03
1.91779846e-02 4.80499034e-06 1.85255382e-03
1.95860239e-02 3.77862915e-03 1.82655811e-03
1.99940630e-02 3.65691854e-03 1.84514366e-03
2.04021019e-02 7.45701453e-04 1.81824885e-03
2.08101406e-02 -1.71386230e-04 1.73246490e-03
2.12181791e-02 -2.54466418e-03 1.80489458e-03
2.16262174e-02 2.40675321e-04 1.72714775e-03
2.20342555e-02 1.55253468e-03 1.74423906e-03
2.24422934e-02 -3.96641183e-04 1.74633032e-03
2.28503311e-02 -4.12409814e-04 1.65950752e-03
2.32583686e-02 7.62558229e-04 1.66522236e-03
2.36664058e-02 -1.17861059e-03 1.69296151e-03
2.40744429e-02 4.03222764e-03 1.66800649e-03
2.44824797e-02 -1.77498549e-03 1.65197220e-03
2.48905162e-02 2.59539474e-03 1.68922682e-03
2.52985525e-02 -6.44251159e-04 1.70361490e-03
2.57065886e-02 -1.00753590e-03 1.60398108e-03
2.61146245e-02 3.66596714e-04 1.58687444e-03
2.65226601e-02 7.44803631e-04 1.60692517e-03
2.69306954e-02 7.73193452e-04 1.73056212e-03
2.73387305e-02 -2.24963049e-04 1.65872525e-03
2.77467653e-02 3.39178822e-04 1.56680396e-03
2.81547999e-02 1.23382129e-03 1.69661324e-03
2.85628342e-02 3.04194838e-03 1.70308576e-03
2.89708682e-02 5.44851735e-04 1.65592778e-03
2.93789020e-02 1.73199549e-03 1.69881600e-03
2.97869355e-02 1.48206959e-03 1.64889853e-03
3.01949687e-02 -8.44109277e-04 1.65912811e-03
3.06030016e-02 3.27366886e-03 1.66143683e-03
3.10110342e-02 5.76167330e-04 1.71155421e-03
3.14190665e-02 8.15743115e-04 1.55446324e-03
3.18270985e-02 -4.49396447e-05 1.56120505e-03
3.22351302e-02 -3.97868177e-04 1.48514161e-03
3.26431617e-02 -3.88136862e-04 1.46141415e-03
3.30511928e-02 -1.66621494e-03 1.45479138e-03
3.34592236e-02 -1.48982737e-03 1.39070914e-03
3.38672540e-02 -1.12583991e-03 1.42820989e-03
3.42752842e-02 -2.10070415e-03 1.35631169e-03
3.46833140e-02 -1.55771150e-03 1.41795257e-03
3.50913435e-02 8.91922035e-04 1.39449182e-03
3.54993727e-02 2.00495722e-03 1.43591370e-03
3.59074015e-02 1.63202430e-03 1.38191245e-03
3.63154300e-02 2.37027889e-04 1.35744532e-03
3.67234581e-02 6.35172689e-05 1.37924593e-03
3.71314859e-02 -2.33763412e-03 1.33415775e-03
3.75395134e-02 -7.10232441e-04 1.35762727e-03
3.79475405e-02 -2.32415965e-03 1.31642867e-03
3.83555672e-02 1.42851113e-04 1.34133896e-03
3.87635935e-02 -2.48575063e-03 1.23766240e-03
3.91716195e-02 -1.70091368e-03 1.35558822e-03
3.95796452e-02 -1.39720594e-04 1.33954268e-03
3.99876704e-02 -2.13635579e-03 1.31703668e-03
4.03956953e-02 -9.39069359e-05 1.30013067e-03
4.08037198e-02 -9.80891969e-04 1.29067303e-03
4.12117439e-02 -1.88759460e-03 1.31460242e-03
4.16197676e-02 -2.30815180e-04 1.25009803e-03
4.20277909e-02 6.54113439e-04 1.26594629e-03
4.24358138e-02 -7.71875931e-04 1.31808820e-03
4.28438363e-02 3.08706245e-03 1.27991052e-03
4.32518584e-02 -2.30220987e-05 1.22809034e-03
4.36598801e-02 2.21218190e-04 1.24543342e-03
4.40679014e-02 3.04834257e-04 1.24056633e-03
4.44759222e-02 -1.27758856e-03 1.18170267e-03
4.48839427e-02 9.08403096e-04 1.22317207e-03
4.52919627e-02 -4.54448291e-04 1.22023309e-03
4.56999823e-02 -6.91721499e-04 1.16730074e-03
4.61080014e-02 1.05132130e-03 1.20487884e-03
4.65160201e-02 1.18063748e-03 1.22881293e-03
4.69240384e-02 -1.01625848e-03 1.15587589e-03
4.73320562e-02 -9.96185957e-04 1.20337351e-03
4.77400736e-02 -1.24542597e-03 1.20810411e-03
4.81480905e-02 1.52732045e-03 1.20859162e-03
4.85561070e-02 8.94951004e-04 1.19657799e-03
4.89641230e-02 1.65210778e-03 1.21507019e-03
4.93721385e-02 1.35620407e-03 1.17154573e-03
4.97801536e-02 -4.08549602e-04 1.15038746e-03
5.01881682e-02 -1.17475772e-03 1.15008729e-03
5.05961823e-02 3.08055908e-03 1.20064077e-03
5.10041960e-02 1.66829854e-03 1.12497415e-03
5.14122091e-02 6.41088506e-04 1.16828476e-03
5.18202218e-02 -9.47794273e-04 1.15228185e-03
5.22282340e-02 1.11978530e-03 1.09143869e-03
5.26362457e-02 1.78069172e-04 1.09390082e-03
5.30442569e-02 1.86338535e-03 1.06646216e-03
5.34522675e-02 1.00258664e-03 1.10324707e-03
5.38602777e-02 4.73715292e-04 1.14313748e-03
5.42682874e-02 -1.47608865e-03 1.04713196e-03
5.46762965e-02 -2.97225979e-03 1.07194495e-03
5.50843052e-02 9.55992913e-04 1.07058969e-03
5.54923133e-02 1.44425631e-03 1.14549297e-03
5.59003208e-02 2.19743701e-04 1.07191703e-03
5.63083279e-02 -8.41757728e-04 1.02055466e-03
5.67163344e-02 -1.45016215e-03 1.05690704e-03
5.71243404e-02 -1.53406234e-03 1.07469188e-03
5.75323458e-02 -3.65925621e-04 1.07717854e-03
5.79403507e-02 1.31279075e-03 1.16860429e-03
5.83483551e-02 1.54357469e-03 1.12064381e-03
5.87563588e-02 1.54234022e-03 1.11356363e-03
5.91643621e-02 4.44915224e-04 1.11175070e-03
5.95723647e-02 9.37681000e-04 1.10075208e-03
5.99803668e-02 9.49266707e-04 1.09564812e-03
6.03883684e-02 2.61178392e-04 1.10480487e-03
6.07963693e-02 2.43986506e-04 1.08566988e-03
6.12043697e-02 7.57408519e-04 1.05697112e-03
6.16123695e-02 4.03942154e-04 1.12401276e-03
6.20203687e-02 1.09785485e-03 1.13594250e-03
6.24283674e-02 2.50207148e-04 1.05921965e-03
6.28363654e-02 1.22513123e-03 1.02752098e-03
6.32443629e-02 5.23673630e-04 1.00612769e-03
6.36523597e-02 4.24679477e-04 1.07881702e-03
6.40603559e-02 -2.10704492e-04 1.04263453e-03
6.44683516e-02 5.34447145e-05 1.02600824e-03
6.48763466e-02 1.80825704e-03 1.01592096e-03
6.52843410e-02 3.28920442e-04 1.01799137e-03
6.56923348e-02 4.78243987e-04 1.00443983e-03
6.61003279e-02 1.05537287e-03 1.02052197e-03
6.65083205e-02 2.90138370e-04 1.04113439e-03
6.69163124e-02 8.11898368e-04 9.93037364e-04
6.73243036e-02 -4.58350211e-04 9.67795535e-04
6.77322943e-02 -3.24137617e-04 1.02311645e-03
6.81402842e-02 7.14303288e-04 1.00074038e-03
6.85482736e-02 2.70329536e-03 9.77464187e-04
6.89562623e-02 8.82257875e-04 9.64415168e-04
6.93642503e-02 1.73064963e-04 9.74475091e-04
6.97722377e-02 -8.15067386e-04 9.60791889e-04
7.01802244e-02 -2.11450757e-04 9.72685474e-04
7.05882105e-02 4.98587030e-04 1.01279056e-03
7.09961958e-02 -1.24174098e-03 9.09530898e-04
7.14041805e-02 2.48634519e-04 9.59022365e-04
7.18121646e-02 8.58279313e-05 9.62372695e-04
7.22201479e-02 1.34938936e-03 9.33333058e-04
7.26281306e-02 4.70388334e-04 9.28556555e-04
7.30361126e-02 -2.40611698e-06 9.24687728e-04
7.34440938e-02 -1.20647711e-03 9.18075083e-04
7.38520744e-02 -2.80844039e-05 9.45457981e-04
7.42600543e-02 1.85464704e-03 9.25828282e-04
7.46680335e-02 -3.22109238e-05 9.47234416e-04
7.50760119e-02 -7.57256320e-04 8.97163872e-04
7.54839897e-02 4.76816807e-04 9.12914676e-04
7.58919667e-02 1.72830058e-03 8.99068218e-04
7.62999431e-02 -2.89867841e-04 9.23740486e-04
7.67079187e-02 1.84858499e-04 8.98534926e-04
7.71158935e-02 -1.10844484e-03 8.91764533e-04
7.75238677e-02 -7.82778254e-04 9.08196091e-04
7.79318411e-02 -5.10916578e-04 9.06475117e-04
7.83398137e-02 6.22039483e-04 8.92563179e-04
7.87477857e-02 -4.86831528e-04 8.85665413e-04
7.91557568e-02 -2.69887221e-04 9.13322164e-04
7.95637273e-02 8.50341157e-04 9.01604465e-04
7.99716969e-02 -8.98395604e-04 8.67838067e-04
8.03796658e-02 1.26617102e-03 8.80148310e-04
8.07876340e-02 -1.40333351e-03 8.47634725e-04
8.11956014e-02 4.15915449e-05 8.81899075e-04
8.16035680e-02 5.08521084e-04 8.69028236e-04
8.20115338e-02 -1.46871468e-03 8.69677896e-04
8.24194989e-02 -2.31018178e-04 8.65680933e-04
8.28274631e-02 4.01253572e-05 8.53134679e-04
8.32354266e-02 1.38773899e-03 8.48264292e-04
8.36433893e-02 -6.41911484e-04 8.35982088e-04
8.40513512e-02 1.24497265e-03 8.46267320e-04
8.44593123e-02 3.36675853e-06 8.50351876e-04
8.48672727e-02 -3.83527810e-04 8.58844167e-04
8.52752322e-02 -6.20447810e-05 8.35195171e-04
8.56831909e-02 -1.63668780e-03 8.23965305e-04
8.60911487e-02 -1.54706080e-04 8.42896064e-04
8.64991058e-02 4.70351016e-05 8.48481501e-04
8.69070620e-02 1.16390501e-04 8.70085876e-04
8.73150175e-02 1.03416152e-03 8.43020372e-04
8.77229721e-02 9.68182623e-04 8.27880231e-04
8.81309258e-02 1.13267454e-03 8.33047506e-04
8.85388787e-02 -5.99172191e-04 8.36991203e-04
8.89468308e-02 1.30283964e-03 8.44731798e-04
8.93547821e-02 9.74048047e-04 8.22311121e-04
8.97627325e-02 1.52862831e-03 8.32793343e-04
9.01706820e-02 1.67146132e-03 8.42706296e-04
9.05786307e-02 -3.84245760e-04 7.91397988e-04
9.09865785e-02 -8.39245702e-05 8.29708876e-04
9.13945255e-02 -4.27947520e-04 7.76837789e-04
9.18024716e-02 2.35808477e-04 7.76646625e-04
9.22104168e-02 -9.75866755e-04 7.92733630e-04
9.26183611e-02 -4.88271212e-04 8.19066225e-04
9.30263046e-02 -1.95714826e-04 7.82102603e-04
9.34342472e-02 2.76947810e-04 8.07696006e-04
9.38421889e-02 2.25988864e-04 8.35891994e-04
9.42501297e-02 1.19225537e-03 8.25381575e-04
9.46580696e-02 -8.49618824e-05 8.00825944e-04
9.50660087e-02 9.05184619e-04 8.22729948e-04
9.54739468e-02 7.25922083e-04 8.11573086e-04
9.58818840e-02 1.48606259e-04 8.18443478e-04
9.62898203e-02 -1.26078975e-04 8.26092675e-04
9.66977557e-02 3.84823537e-04 7.85700628e-04
9.71056902e-02 -7.18578957e-04 7.69609550e-04
9.75136237e-02 -2.11447993e-04 7.75830568e-04
9.79215564e-02 4.52901002e-04 7.77466959e-04
9.83294881e-02 1.21515307e-03 7.72718880e-04
9.87374188e-02 -6.12586096e-05 7.96787678e-04
9.91453487e-02 2.93007343e-04 7.80335173e-04
9.95532775e-02 6.48768140e-04 7.78963369e-04
9.99612055e-02 4.81306223e-04 7.95466943e-04
1.00369132e-01 -8.66226609e-06 7.81802019e-04
1.00777059e-01 5.48282295e-05 7.88095590e-04
1.01184984e-01 -6.54705377e-04 7.79495086e-04
1.01592908e-01 7.11866376e-05 7.59459567e-04
1.02000831e-01 3.01309003e-05 7.44037026e-04
1.02408753e-01 9.26573938e-04 7.47996111e-04
1.02816674e-01 8.49833194e-05 7.76107441e-04
1.03224595e-01 -1.02773994e-03 7.35432698e-04
1.03632514e-01 -3.83333654e-04 7.56518171e-04
1.04040432e-01 6.90013325e-04 7.67647781e-04
1.04448349e-01 3.40116457e-04 7.39752172e-04
1.04856266e-01 -2.32795731e-04 7.30464322e-04
1.05264181e-01 -5.00814588e-05 7.48860232e-04
1.05672095e-01 -6.27963493e-04 7.40606007e-04
1.06080009e-01 1.27021111e-03 7.61948993e-04
1.06487921e-01 -5.13573159e-04 7.59799541e-04
1.06895832e-01 -1.14190801e-03 7.24279942e-04
1.07303743e-01 4.11326158e-04 7.39461756e-04
1.07711652e-01 -3.73091313e-04 7.46323109e-04
1.08119560e-01 -2.24230741e-04 7.33652237e-04
1.08527467e-01 5.68111282e-04 7.43507190e-04
1.08935374e-01 1.94092074e-03 7.63423184e-04
1.09343279e-01 3.63768288e-04 7.40692626e-04
1.09751183e-01 -1.56373711e-04 7.42230661e-04
1.10159086e-01 -7.00655764e-05 7.28635324e-04
1.10566988e-01 3.66708520e-04 7.20826132e-04
1.10974889e-01 -8.09986762e-04 7.32169425e-04
1.11382789e-01 3.87976791e-04 7.29468430e-04
1.11790688e-01 1.47383441e-04 7.37859683e-04
1.12198586e-01 1.25705542e-04 7.38244072e-04
1.12606482e-01 1.39896760e-03 7.59140092e-04
1.13014378e-01 -3.02586113e-04 7.41424354e-04
1.13422273e-01 1.23585112e-04 7.45506811e-04
1.13830166e-01 -9.19153235e-04 7.21632677e-04
1.14238059e-01 3.28738702e-05 7.51033523e-04
1.14645950e-01 1.06356942e-03 7.31565939e-04
1.15053840e-01 -1.17251640e-05 7.27781639e-04
1.15461730e-01 -1.46836547e-04 7.44646341e-04
1.15869618e-01 -3.84587086e-04 7.54745982e-04
1.16277505e-01 -1.02589063e-05 7.29977263e-04
1.16685391e-01 -1.55726560e-05 7.54490742e-04
1.17093275e-01 -1.84366247e-03 7.38273934e-04
1.17501159e-01 1.41245379e-03 7.37683364e-04
1.17909042e-01 1.19457957e-03 7.32219130e-04
1.18316923e-01 -3.81727011e-04 7.05840136e-04
1.18724803e-01 -1.27090901e-03 7.13621483e-04
1.19132683e-01 8.58017198e-04 7.11005196e-04
1.19540561e-01 5.48954456e-04 6.99646007e-04
1.19948438e-01 7.36897520e-04 6.77519705e-04
1.20356313e-01 4.50788965e-04 7.05919472e-04
1.20764188e-01 5.74531815e-04 6.97585344e-04
1.21172062e-01 3.15471112e-04 6.77640684e-04
1.21579934e-01 -3.14909970e-04 7.10291083e-04
1.21987805e-01 -6.78900419e-04 6.88382924e-04
1.22395675e-01 4.32338473e-05 6.61014753e-04
1.22803544e-01 -2.04809450e-04 6.90932973e-04
1.23211412e-01 7.72329925e-04 6.89975830e-04
1.23619278e-01 8.83717288e-04 6.86372321e-04
1.24027144e-01 6.73889220e-05 6.88723425e-04
1.24435008e-01 -1.66855328e-03 6.81713380e-04
1.24842871e-01 4.20563700e-04 6.80165462e-04
1.25250733e-01 1.27330450e-04 6.90832514e-04
1.25658594e-01 9.00189148e-04 7.02426288e-04
1.26066453e-01 -5.41678772e-04 6.77162020e-04
1.26474311e-01 -1.09836797e-04 6.69209325e-04
1.26882168e-01 1.13341759e-04 6.62050785e-04
1.27290024e-01 -1.57281924e-04 6.68956995e-04
1.27697879e-01 9.27408554e-04 6.79937781e-04
1.28105732e-01 1.40904180e-04 6.69523582e-04
1.28513585e-01 -7.01733956e-04 6.66104152e-04
1.28921436e-01 1.39400425e-04 6.56765127e-04
1.29329285e-01 1.30072070e-04 6.66877546e-04
1.29737134e-01 -3.23211514e-04 6.53711716e-04
1.30144981e-01 2.06254603e-04 6.56267581e-04
1.30552828e-01 1.48087213e-03 6.74508973e-04
1.30960672e-01 3.65187694e-04 6.68936043e-04
1.31368516e-01 -3.62904826e-04 6.58590606e-04
1.31776358e-01 -4.35728383e-04 6.51371048e-04
1.32184200e-01 8.10709833e-04 6.43780838e-04
1.32592039e-01 -1.13111271e-03 6.56737802e-04
1.32999878e-01 7.17672828e-04 6.41016054e-04
1.33407715e-01 4.91381446e-04 6.40555786e-04
1.33815552e-01 -3.96329088e-04 6.36500574e-04
1.34223386e-01 3.79671806e-04 6.51705661e-04
1.34631220e-01 -4.51188834e-05 6.38978493e-04
1.35039052e-01 1.67284786e-03 6.66491568e-04
1.35446883e-01 -5.44388791e-04 6.53209994e-04
1.35854713e-01 1.91430061e-04 6.29240239e-04
1.36262541e-01 1.41665012e-03 6.30175835e-04
1.36670368e-01 5.47392741e-04 6.44350529e-04
1.37078194e-01 -3.98018446e-05 6.36715151e-04
1.37486019e-01 9.32479880e-04 6.37723936e-04
1.37893842e-01 2.25815104e-04 6.26342191e-04
1.38301664e-01 4.61429717e-04 6.41451438e-04
1.38709485e-01 1.25365544e-03 6.14574782e-04
1.39117304e-01 1.12596318e-03 6.18954263e-04
1.39525122e-01 -3.22232015e-04 6.15895598e-04
1.39932939e-01 1.10162978e-04 6.09735508e-04
1.40340754e-01 -7.46364348e-04 6.22937157e-04
1.40748568e-01 -4.13514253e-04 6.21734505e-04
1.41156381e-01 -3.45449824e-04 6.17402987e-04
1.41564192e-01 2.18441397e-04 6.39000587e-04
1.41972002e-01 8.70738948e-04 6.20749558e-04
1.42379811e-01 6.41337961e-04 6.31575038e-04
1.42787618e-01 8.18408300e-04 6.33262018e-04
1.43195424e-01 1.83751526e-04 6.29370435e-04
1.43603228e-01 7.20648633e-04 6.31904381e-04
1.44011032e-01 7.52628791e-04 6.37578383e-04
1.44418833e-01 4.30086100e-04 6.43755923e-04
1.44826634e-01 -6.96578911e-05 6.33367969e-04
1.45234433e-01 7.61264145e-04 6.51546562e-04
1.45642231e-01 -2.94473965e-04 6.30140196e-04
1.46050027e-01 -5.13245805e-04 6.27179170e-04
1.46457822e-01 4.57294429e-04 6.37723084e-04
1.46865616e-01 3.76383933e-04 6.27042120e-04
1.47273408e-01 1.11410378e-04 6.42262203e-04
1.47681199e-01 -5.73305605e-04 6.59201497e-04
1.48088988e-01 -3.94199934e-04 6.45913615e-04
1.48496776e-01 8.88433604e-04 6.37780563e-04
1.48904563e-01 3.02241508e-04 6.20459680e-04
1.49312348e-01 -1.05227932e-03 6.21754756e-04
1.49720132e-01 1.98309151e-04 6.15599859e-04
1.50127914e-01 -5.50977337e-04 6.02752586e-04
1.50535695e-01 -1.39270093e-04 5.92496997e-04
1.50943474e-01 7.94935550e-04 6.07315665e-04
1.51351252e-01 5.86455818e-04 6.01999125e-04
1.51759029e-01 6.17046743e-04 6.08910252e-04
1.52166804e-01 -7.46684451e-04 6.10104414e-04
1.52574578e-01 -1.35017379e-04 6.01239364e-04
1.52982350e-01 -1.22314365e-03 6.00527703e-04
1.53390121e-01 -1.25677060e-04 6.00443249e-04
1.53797890e-01 -7.95170723e-04 6.08037261e-04
1.54205658e-01 8.64887547e-05 6.13419309e-04
1.54613425e-01 3.49714891e-04 5.97464497e-04
1.55021190e-01 -4.32759050e-04 5.87954491e-04
1.55428953e-01 -1.27340581e-03 5.75327665e-04
1.55836716e-01 -3.68592698e-04 5.91246305e-04
1.56244476e-01 -1.85669206e-04 5.97798105e-04
1.56652235e-01 5.82602033e-04 5.87217458e-04
1.57059993e-01 -2.46037391e-04 5.89638882e-04
1.57467749e-01 -3.21001081e-05 5.74369387e-04
1.57875504e-01 -2.05372902e-04 5.83828824e-04
1.58283257e-01 -2.90723415e-04 5.81699907e-04
1.58691008e-01 3.84106195e-04 5.70266109e-04
1.59098758e-01 -2.47859888e-04 5.65419566e-04
1.59506507e-01 3.31651513e-04 5.83241658e-04
1.59914254e-01 3.00754257e-04 5.69474506e-04
1.60322000e-01 3.10396556e-04 5.81245938e-04
1.60729744e-01 6.08637476e-04 5.85328185e-04
1.61137486e-01 5.57146423e-04 5.60623105e-04
1.61545228e-01 2.88287778e-04 5.72351688e-04
1.61952967e-01 6.71468529e-04 5.79202170e-04
1.62360705e-01 -1.09294253e-03 5.86450957e-04
1.62768441e-01 1.21098473e-05 5.59076983e-04
1.63176176e-01 -6.63818599e-05 5.60537857e-04
1.63583910e-01 -2.92825109e-04 5.75120551e-04
1.63991641e-01 -1.33421021e-04 5.62743498e-04
1.64399372e-01 2.97289957e-05 5.66125266e-04
1.64807100e-01 -7.88653037e-04 5.56606251e-04
1.65214827e-01 4.16914618e-04 5.79338805e-04
1.65622553e-01 -2.47038646e-04 5.63648473e-04
1.66030277e-01 6.76103658e-04 5.77136689e-04
1.66437999e-01 1.83545709e-04 5.57708485e-04
1.66845720e-01 -3.03570102e-04 5.53577086e-04
1.67253439e-01 5.60472240e-04 5.69744519e-04
1.67661157e-01 6.85210432e-04 5.63770328e-04
1.68068873e-01 1.06202478e-03 5.73730715e-04
1.68476588e-01 1.97659018e-04 5.61571309e-04
1.68884301e-01 6.44517733e-04 5.60394449e-04
1.69292012e-01 4.53540893e-04 5.50521212e-04
1.69699721e-01 2.44705232e-04 5.53047346e-04
1.70107430e-01 -1.37364280e-04 5.36644633e-04
1.70515136e-01 -3.95928116e-04 5.37617229e-04
1.70922841e-01 -3.13167565e-04 5.50372089e-04
1.71330544e-01 -1.01302491e-03 5.45041702e-04
1.71738246e-01 1.66136108e-04 5.47788327e-04
1.72145946e-01 3.12771648e-04 5.50885463e-04
1.72553644e-01 -3.35392754e-04 5.41729582e-04
1.72961341e-01 9.23059364e-05 5.48879356e-04
1.73369036e-01 1.11636894e-03 5.46028279e-04
1.73776729e-01 2.59584327e-04 5.36352295e-04
1.74184421e-01 8.61339655e-04 5.38368653e-04
1.74592111e-01 6.05926564e-04 5.45891779e-04
1.74999799e-01 -2.32449662e-04 5.49272876e-04
1.75407486e-01 2.60585908e-04 5.49462822e-04
1.75815171e-01 1.40792772e-05 5.30732619e-04
1.76222855e-01 2.55187943e-04 5.43603093e-04
1.76630537e-01 -2.50285235e-04 5.36865947e-04
1.77038217e-01 -1.43083746e-04 5.41921253e-04
1.77445895e-01 -1.61062100e-04 5.38752428e-04
1.77853572e-01 -4.58193937e-04 5.41187059e-04
1.78261247e-01 4.45041252e-04 5.30373861e-04
1.78668921e-01 -3.66363586e-04 5.36780539e-04
1.79076592e-01 1.21962683e-03 5.49462313e-04
1.79484262e-01 -7.96629897e-04 5.18316507e-04
1.79891931e-01 1.99018352e-04 5.28332401e-04
1.80299597e-01 4.85597855e-04 5.32236995e-04
1.80707262e-01 -5.50312804e-04 5.18341417e-04
1.81114925e-01 4.12413932e-05 5.31114796e-04
1.81522587e-01 3.41920860e-04 5.26698683e-04
1.81930247e-01 4.82898536e-04 5.31526463e-04
1.82337905e-01 3.55557954e-04 5.20321461e-04
1.82745561e-01 1.04221695e-04 5.19681809e-04
1.83153215e-01 8.52229918e-04 5.26816372e-04
1.83560868e-01 -4.66381954e-04 5.26153793e-04
1.83968519e-01 1.86120055e-04 5.19411820e-04
1.84376169e-01 3.28549686e-04 5.21584546e-04
1.84783816e-01 2.50388630e-04 5.25831319e-04
1.85191462e-01 1.46326466e-04 5.22227088e-04
1.85599106e-01 -4.37375474e-04 5.24445960e-04
1.86006749e-01 -7.28622980e-06 5.15772290e-04
1.86414389e-01 -5.10298155e-04 5.20562674e-04
1.86822028e-01 -9.19081485e-04 5.10029455e-04
1.87229665e-01 4.58002303e-04 5.23466008e-04
1.87637300e-01 4.63912538e-04 5.17654670e-04
1.88044934e-01 1.58543744e-04 5.00263129e-04
1.88452566e-01 6.26488708e-05 5.06427409e-04
1.88860195e-01 -3.94441488e-06 5.15879446e-04
1.89267824e-01 -1.91797602e-05 5.13790108e-04
1.89675450e-01 1.09292765e-04 5.13091511e-04
1.90083074e-01 9.40944372e-05 5.11547561e-04
1.90490697e-01 -8.97709102e-05 5.00809745e-04
1.90898318e-01 1.43589017e-04 5.03491300e-04
1.91305937e-01 6.78859831e-04 5.17087138e-04
1.91713555e-01 1.81272054e-04 4.97299713e-04
1.92121170e-01 -7.31079122e-06 5.04297623e-04
1.92528784e-01 9.94042143e-04 5.15551427e-04
1.92936396e-01 4.17974128e-04 5.11815034e-04
1.93344006e-01 -2.85703966e-04 5.10133085e-04
1.93751614e-01 2.91250201e-04 5.12058704e-04
1.94159220e-01 -1.39561137e-04 4.98214599e-04
1.94566825e-01 6.24539473e-04 5.00127507e-04
1.94974427e-01 -3.78857951e-04 5.00300877e-04
1.95382028e-01 9.05239307e-04 5.01491722e-04
1.95789627e-01 1.71840862e-04 5.05609658e-04
1.96197224e-01 5.30677212e-04 5.03771454e-04
1.96604820e-01 2.65276177e-04 5.01309260e-04
1.97012413e-01 -5.58284614e-04 4.90138093e-04
1.97420005e-01 -1.31600324e-03 4.85857383e-04
1.97827594e-01 -1.12546080e-03 4.96900956e-04
1.98235182e-01 6.93421998e-05 5.12080357e-04
1.98642768e-01 4.90381367e-04 5.02507062e-04
1.99050352e-01 4.86169570e-04 4.99393572e-04
1.99457934e-01 7.90848443e-04 5.24781623e-04
1.99865514e-01 5.12884999e-04 5.07368275e-04
2.00273093e-01 -5.64972776e-04 5.04759070e-04
2.00680669e-01 -5.91050238e-05 4.99667602e-04
2.01088244e-01 1.19555145e-03 5.05556938e-04
2.01495816e-01 1.65045453e-04 5.03094767e-04
2.01903387e-01 -2.16629636e-04 5.10085540e-04
2.02310956e-01 -3.74009158e-04 5.22577085e-04
2.02718523e-01 -4.97700259e-04 5.07185994e-04
2.03126088e-01 6.39336126e-04 5.02394071e-04
2.03533651e-01 3.39256920e-04 5.12821332e-04
2.03941212e-01 6.82472666e-05 5.13533429e-04
2.04348771e-01 1.09356987e-03 5.23118781e-04
2.04756329e-01 8.21902096e-04 5.03750137e-04
2.05163884e-01 2.92286578e-04 5.07599449e-04
2.05571438e-01 4.23541305e-04 5.03297101e-04
2.05978989e-01 -2.85073163e-06 4.94871091e-04
2.06386539e-01 -3.50286599e-04 4.88315870e-04
2.06794086e-01 5.26890041e-04 4.88483173e-04
2.07201632e-01 2.48358820e-04 4.92967117e-04
2.07609175e-01 7.22232883e-04 4.92460290e-04
2.08016717e-01 9.29149844e-04 4.96132176e-04
2.08424257e-01 -3.35081797e-04 4.86891485e-04
2.08831794e-01 3.32052534e-04 4.84105990e-04
2.09239330e-01 3.52047943e-04 4.89164929e-04
2.09646864e-01 -9.20743282e-04 4.73319137e-04
2.10054396e-01 -6.57459430e-04 4.72385923e-04
2.10461925e-01 2.00262537e-05 4.90871287e-04
2.10869453e-01 1.28393818e-04 4.72169125e-04
2.11276979e-01 3.06194418e-05 4.77174421e-04
2.11684503e-01 1.56293323e-04 4.87569571e-04
2.12092025e-01 7.31342203e-04 4.73260730e-04
2.12499544e-01 -3.73790602e-04 4.63861229e-04
2.12907062e-01 -1.64914241e-04 4.75030408e-04
2.13314578e-01 -2.99405520e-04 4.85574934e-04
2.13722092e-01 1.45562589e-04 4.77369201e-04
2.14129603e-01 1.37703864e-04 4.88341645e-04
2.14537113e-01 -1.29077933e-04 4.75613724e-04
2.14944621e-01 5.81288135e-05 4.77196100e-04
2.15352126e-01 -6.78388029e-04 4.80080636e-04
2.15759630e-01 -4.73133172e-04 4.70602522e-04
2.16167131e-01 -1.94868944e-04 4.78427866e-04
2.16574631e-01 7.21129275e-04 4.73981048e-04
2.16982128e-01 1.94851028e-03 4.87713451e-04
2.17389624e-01 -3.69701524e-04 4.76384932e-04
2.17797117e-01 5.66644279e-04 4.67901266e-04
2.18204608e-01 1.97839712e-05 4.70878097e-04
2.18612098e-01 -4.88451845e-05 4.68655659e-04
2.19019585e-01 9.23017063e-04 4.75626760e-04
2.19427070e-01 6.10242400e-05 4.50828585e-04
2.19834553e-01 -6.29221676e-04 4.60971700e-04
2.20242034e-01 1.65186695e-04 4.71850673e-04
2.20649512e-01 6.63365079e-04 4.60381675e-04
2.21056989e-01 1.44280905e-04 4.68203909e-04
2.21464464e-01 4.66040463e-04 4.58550189e-04
2.21871936e-01 7.56516885e-04 4.65165665e-04
2.22279407e-01 7.13598536e-04 4.71537782e-04
2.22686875e-01 -7.16152321e-04 4.59202288e-04
2.23094341e-01 -5.34589000e-05 4.60834861e-04
2.23501805e-01 6.22072520e-07 4.65473215e-04
2.23909267e-01 6.61954974e-04 4.79345178e-04
2.24316727e-01 -2.68652633e-04 4.60018390e-04
2.24724185e-01 7.17499319e-04 4.62489232e-04
2.25131641e-01 3.89582810e-04 4.57294067e-04
2.25539094e-01 3.74961178e-04 4.52855481e-04
2.25946545e-01 -2.99329975e-04 4.57832754e-04
2.26353995e-01 3.13555212e-04 4.57276792e-04
2.26761442e-01 5.31097595e-04 4.53639162e-04
2.27168887e-01 1.66965550e-04 4.59432133e-04
2.27576329e-01 3.88318201e-04 4.65776217e-04
2.27983770e-01 2.31698240e-04 4.57612956e-04
2.28391208e-01 4.30892078e-04 4.62056496e-04
2.28798645e-01 4.90951585e-04 4.59735888e-04
2.29206079e-01 4.75650228e-04 4.56644903e-04
2.29613511e-01 -1.23912696e-04 4.55141434e-04
2.30020941e-01 -7.64696433e-05 4.56032897e-04
2.30428368e-01 1.28257633e-03 4.66642760e-04
2.30835794e-01 -1.18732178e-04 4.72671632e-04
2.31243217e-01 5.99173519e-04 4.62160380e-04
2.31650638e-01 -3.39053496e-04 4.56292638e-04
2.32058057e-01 2.69812023e-04 4.57352850e-04
2.32465473e-01 4.90989785e-04 4.61544111e-04
2.32872888e-01 8.24647783e-04 4.65949036e-04
2.33280300e-01 -4.04836552e-04 4.55298752e-04
2.33687710e-01 -7.90203214e-05 4.62943557e-04
2.34095118e-01 2.09444873e-05 4.68317089e-04
2.34502524e-01 -6.27857674e-05 4.63698833e-04
2.34909927e-01 3.97050239e-04 4.74394512e-04
2.35317328e-01 -2.54416702e-04 4.64389689e-04
2.35724727e-01 -7.25741129e-04 4.45840046e-04
2.36132124e-01 6.75113799e-04 4.50273872e-04
2.36539518e-01 1.17992736e-04 4.51771877e-04
2.36946911e-01 -4.47231549e-04 4.52746720e-04
2.37354301e-01 -1.28100615e-04 4.55253315e-04
2.37761688e-01 1.04541721e-04 4.53238486e-04
2.38169074e-01 7.84223816e-04 4.57156647e-04
2.38576457e-01 -2.09968587e-04 4.54880420e-04
2.38983838e-01 -3.15622872e-04 4.49947004e-04
2.39391217e-01 8.47569538e-04 4.48492075e-04
2.39798593e-01 9.20205871e-04 4.43517962e-04
2.40205967e-01 -4.08242306e-04 4.42225920e-04
2.40613339e-01 8.26087975e-04 4.54872028e-04
2.41020709e-01 -9.81549294e-05 4.45021090e-04
2.41428076e-01 -1.99715122e-04 4.34454426e-04
2.41835441e-01 2.21405647e-04 4.46961070e-04
2.42242804e-01 2.42321401e-05 4.43452303e-04
2.42650165e-01 -6.33101539e-04 4.39352429e-04
2.43057523e-01 -2.22694250e-04 4.43117166e-04
2.43464879e-01 4.31749566e-05 4.34839167e-04
2.43872232e-01 3.95539142e-04 4.32731457e-04
2.44279584e-01 -3.35919260e-04 4.34391173e-04
2.44686933e-01 3.09275272e-04 4.34967693e-04
2.45094279e-01 2.02769327e-04 4.39641121e-04
2.45501624e-01 -2.78296106e-04 4.34617033e-04
2.45908966e-01 5.75423335e-04 4.40664334e-04
2.46316305e-01 4.61275695e-04 4.34990395e-04
2.46723643e-01 5.53408699e-04 4.40293811e-04
2.47130978e-01 -2.55190495e-04 4.27255942e-04
2.47538310e-01 1.03161940e-05 4.31439051e-04
2.47945641e-01 -6.38955210e-04 4.29010175e-04
2.48352969e-01 -5.01997019e-04 4.31050201e-04
2.48760294e-01 5.30946534e-05 4.31754192e-04
2.49167618e-01 -9.63845463e-05 4.33106927e-04
2.49574939e-01 -3.49452123e-05 4.34965114e-04
2.49982257e-01 5.64467784e-04 4.32446145e-04
2.50389573e-01 6.90530755e-04 4.26655568e-04
2.50796887e-01 2.10121872e-04 4.30879563e-04
2.51204199e-01 5.34139566e-04 4.29867969e-04
2.51611508e-01 6.67042753e-04 4.23010213e-04
2.52018815e-01 4.40349375e-04 4.28322359e-04
2.52426119e-01 -4.43424215e-04 4.27105033e-04
2.52833421e-01 6.66490245e-04 4.25095947e-04
2.53240720e-01 3.62670022e-04 4.25446508e-04
2.53648017e-01 -3.18485764e-05 4.26873416e-04
2.54055312e-01 2.77511433e-04 4.20348357e-04
2.54462605e-01 2.17726680e-04 4.26874107e-04
2.54869894e-01 9.57939646e-04 4.28031809e-04
2.55277182e-01 -5.80478897e-04 4.13018014e-04
2.55684467e-01 4.11825158e-04 4.21806057e-04
2.56091750e-01 -3.50189489e-04 4.20613075e-04
2.56499030e-01 -3.98328735e-06 4.21030685e-04
2.56906308e-01 -1.86240252e-04 4.15027336e-04
2.57313583e-01 4.16152639e-06 4.11353218e-04
2.57720856e-01 -2.56498316e-04 4.05641851e-04
2.58128127e-01 1.57310832e-04 4.07828796e-04
2.58535395e-01 -4.00724965e-04 4.18051100e-04
2.58942661e-01 -1.43733532e-04 4.14404632e-04
2.59349924e-01 -6.00682164e-05 4.16583259e-04
2.59757184e-01 8.01026539e-04 4.20146538e-04
2.60164443e-01 -4.14596270e-05 4.16856291e-04
2.60571699e-01 5.90476930e-04 4.11577189e-04
2.60978952e-01 6.82590439e-05 4.14879056e-04
2.61386203e-01 -5.89126396e-05 4.18100004e-04
2.61793451e-01 -2.66243644e-04 4.17834196e-04
2.62200697e-01 1.76088434e-04 4.16651647e-04
2.62607941e-01 5.42739237e-04 4.16089654e-04
2.63015182e-01 4.77812942e-07 4.08861777e-04
2.63422420e-01 3.36952891e-04 4.19483994e-04
2.63829656e-01 -6.17253692e-04 4.05916206e-04
2.64236890e-01 1.92553441e-04 4.26221994e-04
2.64644121e-01 -7.73211876e-06 4.22864282e-04
2.65051349e-01 -3.39888303e-04 4.01081290e-04
2.65458575e-01 -3.94105977e-04 4.09568179e-04
2.65865799e-01 5.69305796e-04 4.04742698e-04
2.66273019e-01 4.41363980e-04 4.17103801e-04
2.66680238e-01 1.23705031e-05 4.12398169e-04
2.67087454e-01 1.35067629e-04 4.10372452e-04
2.67494667e-01 1.11558708e-03 4.12182056e-04
2.67901878e-01 -3.50391636e-04 4.06710548e-04
2.68309086e-01 6.67679347e-04 4.14214741e-04
2.68716292e-01 1.04523358e-03 4.14379252e-04
2.69123495e-01 3.04680535e-04 4.10760521e-04
2.69530696e-01 -1.91997939e-05 4.03321442e-04
2.69937894e-01 -1.38107654e-04 4.03500702e-04
2.70345090e-01 1.81288990e-04 4.15856673e-04
2.70752283e-01 -2.27506245e-04 4.04378252e-04
2.71159473e-01 5.68848693e-05 4.13584074e-04
2.71566661e-01 -1.28066084e-04 4.00434968e-04
2.71973847e-01 -2.20208218e-04 4.02231387e-04
2.72381030e-01 -4.91447223e-04 4.10416190e-04
2.72788210e-01 -1.41338712e-04 4.04264267e-04
2.73195387e-01 1.16004294e-04 4.00276370e-04
2.73602562e-01 7.28072829e-04 4.03592635e-04
2.74009735e-01 -4.75527823e-04 4.00808069e-04
2.74416905e-01 9.62820156e-05 4.03414608e-04
2.74824072e-01 6.51374138e-05 3.94861122e-04
2.75231237e-01 -5.97069507e-04 3.95515307e-04
2.75638399e-01 2.66449156e-04 3.95001298e-04
2.76045558e-01 -1.61150488e-04 3.97577693e-04
2.76452715e-01 2.48024555e-04 3.92704574e-04
2.76859869e-01 4.10128478e-04 4.02765104e-04
2.77267021e-01 4.42643832e-04 3.99748810e-04
2.77674170e-01 3.85727536e-04 4.04557110e-04
2.78081316e-01 9.49894459e-05 3.94214276e-04
2.78488460e-01 3.33337700e-04 3.97592692e-04
2.78895601e-01 2.54396323e-04 3.92103192e-04
2.79302740e-01 -9.70742212e-05 4.02198252e-04
2.79709875e-01 8.66804696e-04 3.98698289e-04
2.80117009e-01 1.03096564e-03 4.04147482e-04
2.80524139e-01 -5.91519419e-05 3.90765892e-04
2.80931267e-01 4.44636296e-04 3.97501174e-04
2.81338392e-01 2.17297308e-04 3.93230262e-04
2.81745515e-01 3.30841150e-04 3.93891613e-04
2.82152635e-01 2.69631995e-04 3.93160115e-04
2.82559752e-01 1.95460884e-04 3.92260550e-04
2.82966866e-01 -1.85459159e-04 3.87726506e-04
2.83373978e-01 5.94443552e-04 3.89598215e-04
2.83781088e-01 -1.04307758e-04 3.88718810e-04
2.84188194e-01 -4.78953654e-05 4.01492051e-04
2.84595298e-01 -1.45605584e-04 3.98846148e-04
2.85002399e-01 -1.84029415e-04 3.92772566e-04
2.85409497e-01 -7.90225805e-05 3.94021753e-04
2.85816593e-01 7.93280766e-04 4.02195440e-04
2.86223686e-01 3.85919245e-04 4.02726569e-04
2.86630777e-01 8.76914638e-05 3.99489789e-04
2.87037864e-01 3.96850475e-04 4.06233768e-04
2.87444949e-01 6.00367237e-04 4.03634149e-04
2.87852031e-01 3.04359266e-04 3.99035880e-04
2.88259111e-01 -1.51007659e-04 4.02149411e-04
2.88666188e-01 3.30874286e-04 3.98553509e-04
2.89073262e-01 8.83077129e-06 3.97519069e-04
2.89480333e-01 -1.75293909e-04 3.96441886e-04
2.89887401e-01 2.34646539e-05 3.99714351e-04
2.90294467e-01 -2.93960651e-04 3.95307180e-04
2.90701530e-01 -4.33858769e-05 3.94974128e-04
2.91108591e-01 5.26987304e-05 3.93837560e-04
2.91515648e-01 1.58775057e-04 3.92178769e-04
2.91922703e-01 3.24937097e-04 3.97002561e-04
2.92329755e-01 7.50663758e-05 3.94140339e-04
2.92736804e-01 -2.92190566e-04 3.92191751e-04
2.93143851e-01 -2.61643010e-04 3.94373739e-04
2.93550895e-01 -5.52828692e-04 3.82485612e-04
2.93957936e-01 1.86856271e-04 3.95493017e-04
2.94364974e-01 5.40781983e-04 3.87155830e-04
2.94772009e-01 -3.44993221e-04 3.89734079e-04
2.95179042e-01 2.84893400e-04 3.87784614e-04
2.95586072e-01 -2.39519949e-04 3.97109373e-04
2.95993099e-01 -3.62437395e-04 3.85765723e-04
2.96400123e-01 -3.77548122e-04 3.86253434e-04
2.96807145e-01 -6.51816380e-04 3.91236431e-04
2.97214163e-01 -1.29707994e-05 3.89660535e-04
2.97621179e-01 -2.95702957e-05 3.87980775e-04
2.98028192e-01 4.88009553e-05 3.89235426e-04
2.98435202e-01 -1.85133622e-04 3.93115825e-04
2.98842210e-01 -1.48633992e-04 3.99169031e-04
2.99249214e-01 -1.82159452e-04 3.90875532e-04
2.99656216e-01 3.66492522e-05 3.96929394e-04
3.00063215e-01 -4.02416075e-04 3.93261371e-04
3.00470211e-01 -4.66129879e-04 3.84721494e-04
3.00877204e-01 3.07817174e-04 3.91164239e-04
3.01284194e-01 1.12472690e-03 4.02663074e-04
3.01691182e-01 -2.57698308e-04 3.92272465e-04
3.02098167e-01 2.11883256e-04 3.93940861e-04
3.02505149e-01 1.55746789e-04 3.92783391e-04
3.02912128e-01 3.02450323e-04 3.95022597e-04
3.03319104e-01 1.07464600e-04 3.87095337e-04
3.03726077e-01 4.93895339e-06 3.97635695e-04
3.04133047e-01 3.63216926e-04 3.91230420e-04
3.04540015e-01 2.43740352e-04 3.93460127e-04
3.04946979e-01 1.13927041e-04 3.93103228e-04
3.05353941e-01 3.78118513e-04 3.94398341e-04
3.05760900e-01 2.19563271e-04 3.89755808e-04
3.06167856e-01 9.09944900e-04 3.98567993e-04
3.06574809e-01 1.02367925e-03 3.94968041e-04
3.06981759e-01 5.12616349e-05 3.91133637e-04
3.07388706e-01 2.24336804e-04 3.91178963e-04
3.07795651e-01 6.50374697e-04 3.84737787e-04
3.08202592e-01 -6.11850411e-05 3.96811596e-04
3.08609531e-01 6.07015921e-05 3.99103316e-04
3.09016466e-01 1.33985546e-04 3.94076638e-04
3.09423399e-01 3.71359881e-04 3.99115355e-04
3.09830329e-01 2.02116187e-04 3.91600524e-04
3.10237256e-01 6.49510744e-04 3.99634572e-04
3.10644180e-01 8.93507301e-04 4.12531920e-04
3.11051101e-01 -4.20682708e-05 4.03174777e-04
3.11458019e-01 2.04251704e-04 4.09095031e-04
3.11864934e-01 7.26859172e-04 4.04442006e-04
3.12271846e-01 5.03716255e-04 4.10340297e-04
3.12678755e-01 4.52272924e-04 4.08807953e-04
3.13085661e-01 1.84778708e-04 4.01232077e-04
3.13492565e-01 -3.45115483e-04 3.95660689e-04
3.13899465e-01 -3.59536590e-04 3.96122983e-04
3.14306362e-01 8.93197686e-05 4.01606908e-04
3.14713257e-01 6.47138207e-04 4.02571834e-04
3.15120148e-01 -2.25709988e-04 4.04187534e-04
3.15527037e-01 5.45339484e-04 4.07821090e-04
3.15933922e-01 3.89596255e-04 4.10908556e-04
3.16340805e-01 1.89690412e-04 4.43405390e-04
3.16747684e-01 -1.07327461e-04 4.77816952e-04
3.17154561e-01 -3.58749912e-04 5.00377951e-04
3.17561434e-01 1.00528694e-04 5.51481484e-04
3.17968305e-01 -9.15261169e-05 5.70578229e-04
3.18375172e-01 -1.46277631e-03 6.11289960e-04
3.18782037e-01 -5.11221795e-04 6.17069655e-04
3.19188898e-01 5.82802316e-04 6.58149176e-04
3.19595757e-01 -7.14339330e-04 6.79825142e-04
3.20002612e-01 9.55763559e-06 6.87911545e-04
3.20409465e-01 1.58745607e-03 7.79682837e-04
3.20816314e-01 -1.10254917e-03 8.12781713e-04
3.21223160e-01 -8.84612473e-05 9.14087343e-04
3.21630004e-01 -7.58706009e-04 1.05642277e-03
3.22036844e-01 -2.58537166e-03 1.27789123e-03
3.22443681e-01 -1.71329604e-03 1.80059407e-03
3.22850516e-01 3.19665246e-04 5.67417995e-03
