4.08043586e-03 -1.43200200e-02 2.93910549e-02
4.48847930e-03 2.86088129e-03 2.74509603e-02
4.89652269e-03 1.74345283e-02 2.01223218e-02
5.30456604e-03 2.53388747e-02 1.45815037e-02
5.71260934e-03 3.09876822e-02 1.14154164e-02
6.12065258e-03 4.52041136e-02 9.20590277e-03
6.52869577e-03 4.91657609e-02 7.25124408e-03
6.93673889e-03 4.13378601e-02 6.90119112e-03
7.34478195e-03 2.95104494e-02 5.76328021e-03
7.75282494e-03 4.84417934e-02 5.38617500e-03
8.16086785e-03 4.72743193e-02 5.01086755e-03
8.56891069e-03 4.43627553e-02 4.98656293e-03
8.97695345e-03 5.51476401e-02 4.63378365e-03
9.38499612e-03 4.02762363e-02 4.47649553e-03
9.79303870e-03 5.45008438e-02 3.93399129e-03
1.02010812e-02 4.52398930e-02 3.91791728e-03
1.06091236e-02 4.04105584e-02 3.43370961e-03
1.10171659e-02 4.41348539e-02 3.57170370e-03
1.14252081e-02 4.36056197e-02 3.59470922e-03
1.18332501e-02 4.47917345e-02 3.10363541e-03
1.22412921e-02 4.41873453e-02 3.10572610e-03
1.26493339e-02 4.84870710e-02 3.16080998e-03
1.30573757e-02 4.13859892e-02 3.31128569e-03
1.34654173e-02 4.44941646e-02 3.06249215e-03
1.38734588e-02 4.38831849e-02 2.87178444e-03
1.42815001e-02 4.66388470e-02 2.78540988e-03
1.46895413e-02 4.47769154e-02 2.73876805e-03
1.50975824e-02 4.50236074e-02 2.83890131e-03
1.55056233e-02 4.00795796e-02 2.66844678e-03
1.59136641e-02 4.57722427e-02 2.57443324e-03
1.63217047e-02 4.27548711e-02 2.61647982e-03
1.67297452e-02 4.16737282e-02 2.36263205e-03
1.71377855e-02 4.17163970e-02 2.18638393e-03
1.75458257e-02 4.10422328e-02 2.29005638e-03
1.79538657e-02 4.04127542e-02 2.41161598e-03
1.83619055e-02 3.79542578e-02 2.26539115e-03
1.87699451e-02 3.98316021e-02 2.28760377e-03
1.91779846e-02 3.52011809e-02 2.23279766e-03
1.95860239e-02 3.98152304e-02 2.17700569e-03
1.99940630e-02 3.90536144e-02 2.25747523e-03
2.04021019e-02 3.56030037e-02 2.15158698e-03
2.08101406e-02 3.37801817e-02 2.13183278e-03
2.12181791e-02 3.28747598e-02 2.14643005e-03
2.16262174e-02 3.27951735e-02 2.08798594e-03
2.20342555e-02 3.38465270e-02 2.11688114e-03
2.24422934e-02 3.20698307e-02 2.16631816e-03
2.28503311e-02 2.89201593e-02 1.87687831e-03
2.32583686e-02 2.69164343e-02 1.93933704e-03
2.36664058e-02 3.14779323e-02 1.99873160e-03
2.40744429e-02 2.96740343e-02 1.90999934e-03
2.44824797e-02 2.88302602e-02 1.98689875e-03
2.48905162e-02 2.92025862e-02 1.93303137e-03
2.52985525e-02 2.85905232e-02 2.00355881e-03
2.57065886e-02 3.09736786e-02 2.00982142e-03
2.61146245e-02 2.84296146e-02 1.90355623e-03
2.65226601e-02 2.56229146e-02 1.79110098e-03
2.69306954e-02 2.23925622e-02 1.84522279e-03
2.73387305e-02 2.55358484e-02 1.94610888e-03
2.77467653e-02 2.47934476e-02 1.81030117e-03
2.81547999e-02 2.28950219e-02 1.85077880e-03
2.85628342e-02 2.44024179e-02 1.82066197e-03
2.89708682e-02 2.26257714e-02 1.87439989e-03
2.93789020e-02 2.40838028e-02 1.92065291e-03
2.97869355e-02 2.02762976e-02 1.84365494e-03
3.01949687e-02 2.32487607e-02 1.86863210e-03
3.06030016e-02 1.83786971e-02 1.89311211e-03
3.10110342e-02 1.94578617e-02 1.88051165e-03
3.14190665e-02 1.84990411e-02 1.78617449e-03
3.18270985e-02 1.89421172e-02 1.80021269e-03
3.22351302e-02 1.84845975e-02 1.63414725e-03
3.26431617e-02 1.54439032e-02 1.66310733e-03
3.30511928e-02 1.52942740e-02 1.59265351e-03
3.34592236e-02 1.76528918e-02 1.49817198e-03
3.38672540e-02 1.69895311e-02 1.63817935e-03
3.42752842e-02 1.35975296e-02 1.53758993e-03
3.46833140e-02 1.24708865e-02 1.50867336e-03
3.50913435e-02 1.36588583e-02 1.53513852e-03
3.54993727e-02 1.41834803e-02 1.51222086e-03
3.59074015e-02 1.33132055e-02 1.46389616e-03
3.63154300e-02 1.15326929e-02 1.43618732e-03
3.67234581e-02 1.01292358e-02 1.44361593e-03
3.71314859e-02 1.53838160e-02 1.47900230e-03
3.75395134e-02 1.40413174e-02 1.46206653e-03
3.79475405e-02 1.09924722e-02 1.38267401e-03
3.83555672e-02 1.07910357e-02 1.36538367e-03
3.87635935e-02 1.16583204e-02 1.35223078e-03
3.91716195e-02 1.11857796e-02 1.40759450e-03
3.95796452e-02 1.27072822e-02 1.39174908e-03
3.99876704e-02 1.04181843e-02 1.39905725e-03
4.03956953e-02 1.21363950e-02 1.42511577e-03
4.08037198e-02 1.00798748e-02 1.38873737e-03
4.12117439e-02 9.99318769e-03 1.40334071e-03
4.16197676e-02 8.70959262e-03 1.38524516e-03
4.20277909e-02 6.77634925e-03 1.34965638e-03
4.24358138e-02 8.48573255e-03 1.33813129e-03
4.28438363e-02 8.64544853e-03 1.30602726e-03
4.32518584e-02 8.31449505e-03 1.28174041e-03
4.36598801e-02 8.32707441e-03 1.28223905e-03
4.40679014e-02 6.73322598e-03 1.25010562e-03
4.44759222e-02 9.42429733e-03 1.29187198e-03
4.48839427e-02 6.79317704e-03 1.29674208e-03
4.52919627e-02 6.21026738e-03 1.29873751e-03
4.56999823e-02 6.80387959e-03 1.22582552e-03
4.61080014e-02 5.36659012e-03 1.22829305e-03
4.65160201e-02 4.35777005e-03 1.27117700e-03
4.69240384e-02 7.15542273e-03 1.27766194e-03
4.73320562e-02 8.25829816e-03 1.28905014e-03
4.77400736e-02 5.48995354e-03 1.25131778e-03
4.81480905e-02 4.80250124e-03 1.25229748e-03
4.85561070e-02 7.21535294e-03 1.21124989e-03
4.89641230e-02 5.64293685e-03 1.22105526e-03
4.93721385e-02 5.27874687e-03 1.19282079e-03
4.97801536e-02 4.08951613e-03 1.19011869e-03
5.01881682e-02 4.77519019e-03 1.16362920e-03
5.05961823e-02 5.19397886e-03 1.19539983e-03
5.10041960e-02 5.45228852e-03 1.13585255e-03
5.14122091e-02 4.98431618e-03 1.12120491e-03
5.18202218e-02 3.52205304e-03 1.17810695e-03
5.22282340e-02 4.60712618e-03 1.17785706e-03
5.26362457e-02 3.81549779e-03 1.11918876e-03
5.30442569e-02 4.93010957e-03 1.09642509e-03
5.34522675e-02 2.80990177e-03 1.12467438e-03
5.38602777e-02 3.81207007e-03 1.10693992e-03
5.42682874e-02 3.58503291e-03 1.04442693e-03
5.46762965e-02 2.35822847e-03 1.04564918e-03
5.50843052e-02 3.87373516e-03 1.08071513e-03
5.54923133e-02 4.31496933e-03 1.09229162e-03
5.59003208e-02 3.96654516e-03 1.10699343e-03
5.63083279e-02 3.35575576e-03 1.15673292e-03
5.67163344e-02 3.86954773e-03 1.15459041e-03
5.71243404e-02 2.78216332e-03 1.15428852e-03
5.75323458e-02 3.40716270e-03 1.13424321e-03
5.79403507e-02 1.73390621e-03 1.10495548e-03
5.83483551e-02 3.43720449e-03 1.10982551e-03
5.87563588e-02 4.15565459e-03 1.12736992e-03
5.91643621e-02 5.75287852e-03 1.17324775e-03
5.95723647e-02 2.85765080e-03 1.14287933e-03
5.99803668e-02 3.28028908e-03 1.13830014e-03
6.03883684e-02 2.49845273e-03 1.10957750e-03
6.07963693e-02 2.31723414e-03 1.15626614e-03
6.12043697e-02 2.30972028e-03 1.12175615e-03
6.16123695e-02 3.58339739e-03 1.09041335e-03
6.20203687e-02 5.49083089e-04 1.08077481e-03
6.24283674e-02 1.32554630e-03 1.09262038e-03
6.28363654e-02 1.58293988e-03 1.04309594e-03
6.32443629e-02 3.31649414e-03 1.04721979e-03
6.36523597e-02 5.48187965e-04 1.07859036e-03
6.40603559e-02 2.95621944e-03 1.07858457e-03
6.44683516e-02 1.89166222e-03 1.00000158e-03
6.48763466e-02 1.04393610e-03 1.05816513e-03
6.52843410e-02 1.47416836e-03 1.01647970e-03
6.56923348e-02 -3.67171897e-04 1.02933466e-03
6.61003279e-02 3.96731567e-03 1.06183571e-03
6.65083205e-02 3.33981574e-03 1.04503128e-03
6.69163124e-02 1.53592621e-03 1.04006251e-03
6.73243036e-02 3.95230016e-03 1.01376614e-03
6.77322943e-02 1.13938189e-03 9.84398205e-04
6.81402842e-02 2.86785824e-03 1.01392810e-03
6.85482736e-02 2.59453749e-03 9.70644790e-04
6.89562623e-02 -7.03740702e-04 9.63597441e-04
6.93642503e-02 1.34248022e-03 9.78235415e-04
6.97722377e-02 4.20428177e-04 9.42551127e-04
7.01802244e-02 1.01544464e-03 9.71809443e-04
7.05882105e-02 1.89358718e-03 9.58613473e-04
7.09961958e-02 1.80737460e-03 9.29462433e-04
7.14041805e-02 1.94792362e-03 9.73921027e-04
7.18121646e-02 1.63441891e-03 9.45829100e-04
7.22201479e-02 2.38348532e-03 9.50289265e-04
7.26281306e-02 1.10272490e-03 9.40702424e-04
7.30361126e-02 9.55792912e-04 9.82420283e-04
7.34440938e-02 2.35220308e-03 9.50340044e-04
7.38520744e-02 2.74851612e-03 9.68252860e-04
7.42600543e-02 1.02298222e-03 9.53109296e-04
7.46680335e-02 7.34790903e-04 9.37874886e-04
7.50760119e-02 7.60722571e-04 9.13367806e-04
7.54839897e-02 1.70185753e-03 9.00552119e-04
7.58919667e-02 1.97800562e-03 9.62796345e-04
7.62999431e-02 8.85170050e-04 9.23278996e-04
7.67079187e-02 3.76859600e-03 9.22908990e-04
7.71158935e-02 -1.36717253e-04 8.86431617e-04
7.75238677e-02 1.70220657e-04 8.90909613e-04
7.79318411e-02 7.76260058e-04 8.82477971e-04
7.83398137e-02 9.84723373e-04 9.04051275e-04
7.87477857e-02 1.56054791e-03 8.97159148e-04
7.91557568e-02 2.30553659e-03 9.22617040e-04
7.95637273e-02 1.23666370e-03 8.83579166e-04
7.99716969e-02 1.32490971e-03 8.93430709e-04
8.03796658e-02 1.54963249e-03 8.86822983e-04
8.07876340e-02 9.46423829e-04 8.86699939e-04
8.11956014e-02 2.85280466e-03 8.97095327e-04
8.16035680e-02 2.33172023e-03 8.55857703e-04
8.20115338e-02 1.40873883e-03 8.49984901e-04
8.24194989e-02 1.28657771e-03 8.78735203e-04
8.28274631e-02 1.02777130e-03 8.81976093e-04
8.32354266e-02 2.71168152e-03 8.87920860e-04
8.36433893e-02 1.91804483e-03 8.68455986e-04
8.40513512e-02 2.24977472e-03 8.40608549e-04
8.44593123e-02 1.45879580e-03 8.48507080e-04
8.48672727e-02 4.10950494e-04 8.37160827e-04
8.52752322e-02 1.99026798e-03 8.90979926e-04
8.56831909e-02 1.20638138e-03 8.60177171e-04
8.60911487e-02 1.46559930e-03 8.53829919e-04
8.64991058e-02 7.73709435e-04 8.50255243e-04
8.69070620e-02 9.40145042e-04 8.59857008e-04
8.73150175e-02 1.14825868e-03 8.46945679e-04
8.77229721e-02 3.35806881e-03 8.44424861e-04
8.81309258e-02 2.31452415e-03 8.46422559e-04
8.85388787e-02 1.86272654e-03 8.33793182e-04
8.89468308e-02 2.26124995e-03 8.51245629e-04
8.93547821e-02 1.16696647e-03 8.47758660e-04
8.97627325e-02 1.90112991e-04 8.23360412e-04
9.01706820e-02 5.79899062e-04 8.30551509e-04
9.05786307e-02 7.59186179e-04 8.13630174e-04
9.09865785e-02 9.89383161e-04 8.12454134e-04
9.13945255e-02 1.28149150e-03 8.04603184e-04
9.18024716e-02 2.13895916e-03 8.07409022e-04
9.22104168e-02 -1.16315493e-04 8.08075887e-04
9.26183611e-02 1.23897707e-03 8.06272058e-04
9.30263046e-02 9.47798417e-04 8.14862787e-04
9.34342472e-02 3.10208805e-03 8.44692342e-04
9.38421889e-02 9.52118276e-04 8.36740791e-04
9.42501297e-02 1.98460317e-04 8.32134167e-04
9.46580696e-02 1.63142018e-03 8.40517078e-04
9.50660087e-02 1.97272798e-03 8.18908269e-04
9.54739468e-02 1.35591933e-03 8.18732596e-04
9.58818840e-02 1.85010578e-03 8.17048475e-04
9.62898203e-02 1.31751996e-03 7.75358837e-04
9.66977557e-02 1.00398608e-03 8.03975390e-04
9.71056902e-02 8.75988544e-04 8.13403599e-04
9.75136237e-02 2.56077356e-03 8.34552319e-04
9.79215564e-02 1.04774191e-03 7.82337076e-04
9.83294881e-02 -4.81119340e-04 7.76468591e-04
9.87374188e-02 5.58813733e-04 7.76110981e-04
9.91453487e-02 -8.86104256e-04 7.85209582e-04
9.95532775e-02 1.10841965e-03 7.91997132e-04
9.99612055e-02 1.32855645e-03 8.00105124e-04
1.00369132e-01 1.76280049e-03 7.70217619e-04
1.00777059e-01 9.81866337e-04 7.75739288e-04
1.01184984e-01 4.13294724e-04 7.88551922e-04
1.01592908e-01 2.22114361e-03 7.92033950e-04
1.02000831e-01 2.48204713e-04 7.34117671e-04
1.02408753e-01 1.39519124e-03 7.53791586e-04
1.02816674e-01 1.12612388e-03 7.54999986e-04
1.03224595e-01 1.32842508e-03 7.57323768e-04
1.03632514e-01 1.63950191e-03 7.63582399e-04
1.04040432e-01 7.68429006e-04 7.70619567e-04
1.04448349e-01 6.19615028e-04 7.31247839e-04
1.04856266e-01 1.39448372e-03 7.47726077e-04
1.05264181e-01 1.17867867e-03 7.24981912e-04
1.05672095e-01 4.52438076e-04 7.49212632e-04
1.06080009e-01 1.60917638e-03 7.39384451e-04
1.06487921e-01 1.75231632e-03 7.32737142e-04
1.06895832e-01 1.12251490e-03 7.47039527e-04
1.07303743e-01 2.30176993e-03 7.85737871e-04
1.07711652e-01 7.36018699e-04 7.51787505e-04
1.08119560e-01 -6.94340865e-04 7.58573637e-04
1.08527467e-01 5.52023896e-04 7.63562298e-04
1.08935374e-01 8.64234045e-04 7.43344711e-04
1.09343279e-01 1.89773568e-03 7.51014796e-04
1.09751183e-01 1.30423001e-04 7.21538163e-04
1.10159086e-01 5.68447731e-04 7.41826182e-04
1.10566988e-01 2.05263159e-03 7.22588492e-04
1.10974889e-01 1.77174620e-03 7.27331246e-04
1.11382789e-01 5.65114345e-05 7.17075633e-04
1.11790688e-01 9.17327285e-04 7.38281158e-04
1.12198586e-01 5.88282746e-04 7.28105711e-04
1.12606482e-01 5.08509759e-04 7.58566439e-04
1.13014378e-01 7.40655509e-04 7.65187106e-04
1.13422273e-01 1.67264741e-04 7.35180294e-04
1.13830166e-01 1.84050430e-04 7.54429775e-04
1.14238059e-01 1.18715239e-03 7.38802597e-04
1.14645950e-01 8.23646787e-04 7.35166785e-04
1.15053840e-01 7.35238756e-04 7.47075947e-04
1.15461730e-01 6.58691135e-04 7.42635598e-04
1.15869618e-01 6.15092154e-04 7.49786621e-04
1.16277505e-01 -8.41289195e-04 7.42301578e-04
1.16685391e-01 8.49271770e-04 7.44405483e-04
1.17093275e-01 2.29954459e-04 7.48091054e-04
1.17501159e-01 -8.83841268e-05 7.37934171e-04
1.17909042e-01 -2.17096036e-04 7.30465865e-04
1.18316923e-01 1.05204825e-03 7.25952527e-04
1.18724803e-01 1.51403594e-03 7.27401000e-04
1.19132683e-01 9.80119380e-04 7.20906424e-04
1.19540561e-01 1.33411921e-03 7.17281867e-04
1.19948438e-01 2.80313740e-04 7.18699207e-04
1.20356313e-01 2.06947979e-04 7.00517391e-04
1.20764188e-01 -6.79409936e-04 7.01547934e-04
1.21172062e-01 -2.38087282e-04 6.87586440e-04
1.21579934e-01 -5.29190664e-04 6.76304755e-04
1.21987805e-01 -1.68623712e-04 6.73420129e-04
1.22395675e-01 -8.30718003e-05 6.95919028e-04
1.22803544e-01 2.20385582e-04 6.69734171e-04
1.23211412e-01 -3.27266576e-04 6.90633754e-04
1.23619278e-01 8.69881657e-04 6.88618062e-04
1.24027144e-01 1.70406540e-03 6.97546486e-04
1.24435008e-01 2.89608658e-04 6.67669077e-04
1.24842871e-01 1.78606303e-03 6.90434451e-04
1.25250733e-01 1.16575434e-03 6.90476862e-04
1.25658594e-01 1.40293214e-03 6.89555739e-04
1.26066453e-01 2.86562688e-04 6.90090261e-04
1.26474311e-01 8.05213277e-04 6.89328128e-04
1.26882168e-01 1.36692579e-03 6.93534187e-04
1.27290024e-01 1.53235289e-03 7.06717345e-04
1.27697879e-01 4.59801388e-04 6.70059337e-04
1.28105732e-01 -4.26724079e-04 6.61741956e-04
1.28513585e-01 1.05020605e-03 6.77260114e-04
1.28921436e-01 3.55799673e-04 6.68355632e-04
1.29329285e-01 5.83641076e-04 6.80001929e-04
1.29737134e-01 7.72404364e-04 6.58270871e-04
1.30144981e-01 -7.92314949e-05 6.53657367e-04
1.30552828e-01 1.58861635e-05 6.57918230e-04
1.30960672e-01 6.29301545e-04 6.46785906e-04
1.31368516e-01 6.98143847e-04 6.40373402e-04
1.31776358e-01 -6.84798310e-04 6.31948349e-04
1.32184200e-01 -2.82309161e-04 6.43134177e-04
1.32592039e-01 3.28314839e-04 6.51588485e-04
1.32999878e-01 1.15115626e-03 6.46814353e-04
1.33407715e-01 1.95076645e-03 6.66108497e-04
1.33815552e-01 7.41912691e-04 6.46746947e-04
1.34223386e-01 1.85508497e-04 6.25388779e-04
1.34631220e-01 1.10606754e-03 6.54301809e-04
1.35039052e-01 8.86680496e-04 6.64491928e-04
1.35446883e-01 3.23123770e-04 6.59027638e-04
1.35854713e-01 2.52423976e-05 6.23201026e-04
1.36262541e-01 9.98020559e-04 6.28851561e-04
1.36670368e-01 5.15237133e-04 6.51465813e-04
1.37078194e-01 1.18376480e-03 6.41457977e-04
1.37486019e-01 1.51708195e-03 6.34018605e-04
1.37893842e-01 -3.14530690e-04 6.16764854e-04
1.38301664e-01 3.10421102e-04 6.47944398e-04
1.38709485e-01 2.15531553e-04 6.11776760e-04
1.39117304e-01 7.01194879e-04 6.34530826e-04
1.39525122e-01 -5.60331703e-04 6.39091787e-04
1.39932939e-01 -5.58250936e-04 6.09962320e-04
1.40340754e-01 5.55407137e-04 6.25647741e-04
1.40748568e-01 1.04480529e-03 6.22693732e-04
1.41156381e-01 -2.30677508e-04 6.04358507e-04
1.41564192e-01 5.36702315e-04 6.06673435e-04
1.41972002e-01 1.02001300e-04 6.16455772e-04
1.42379811e-01 5.90744219e-04 6.16870316e-04
1.42787618e-01 9.10183877e-04 6.34465641e-04
1.43195424e-01 1.32732073e-04 6.05694002e-04
1.43603228e-01 1.98852828e-06 6.41740760e-04
1.44011032e-01 -1.10880227e-04 6.17431698e-04
1.44418833e-01 -3.24922297e-04 6.28325499e-04
1.44826634e-01 1.76980506e-04 6.32914237e-04
1.45234433e-01 6.69527068e-04 6.32458071e-04
1.45642231e-01 -1.27025463e-04 6.31885934e-04
1.46050027e-01 -3.31993611e-05 6.33654223e-04
1.46457822e-01 6.75618734e-04 6.41770993e-04
1.46865616e-01 1.02206833e-03 6.48381763e-04
1.47273408e-01 3.62745165e-04 6.26512071e-04
1.47681199e-01 4.13175364e-05 6.21831580e-04
1.48088988e-01 -4.66687799e-04 6.26195200e-04
1.48496776e-01 1.24722194e-03 6.30605432e-04
1.48904563e-01 -6.91012166e-04 6.14440960e-04
1.49312348e-01 3.49421714e-04 6.15610778e-04
1.49720132e-01 -2.72306529e-04 6.19066604e-04
1.50127914e-01 -4.67581869e-04 6.11053187e-04
1.50535695e-01 -3.51037557e-04 6.11290172e-04
1.50943474e-01 3.40045828e-04 6.25857537e-04
1.51351252e-01 -1.61361490e-04 6.05431659e-04
1.51759029e-01 3.51872933e-04 6.17250451e-04
1.52166804e-01 2.31128200e-04 6.06426176e-04
1.52574578e-01 1.01408292e-04 5.91661859e-04
1.52982350e-01 9.29776977e-05 6.01166445e-04
1.53390121e-01 -1.06319883e-04 5.95398221e-04
1.53797890e-01 5.80793684e-06 5.98258428e-04
1.54205658e-01 8.93544465e-04 5.98027760e-04
1.54613425e-01 1.51931460e-04 5.93937856e-04
1.55021190e-01 1.60009114e-04 5.89684323e-04
1.55428953e-01 -1.98504899e-04 5.90298682e-04
1.55836716e-01 1.03929321e-03 5.99107525e-04
1.56244476e-01 -5.96512326e-04 5.79785632e-04
1.56652235e-01 7.77963540e-04 6.06638523e-04
1.57059993e-01 7.08969992e-05 5.89856486e-04
1.57467749e-01 -8.74763271e-04 5.76363780e-04
1.57875504e-01 6.80622057e-04 5.74989372e-04
1.58283257e-01 1.53675922e-03 5.81296526e-04
1.58691008e-01 1.59512488e-04 5.82918176e-04
1.59098758e-01 1.48313518e-04 5.68809158e-04
1.59506507e-01 6.93168778e-04 5.77405371e-04
1.59914254e-01 8.61580400e-04 5.71417802e-04
1.60322000e-01 7.09875398e-05 5.71855285e-04
1.60729744e-01 -5.10858057e-04 5.68019804e-04
1.61137486e-01 2.87172091e-04 5.64028510e-04
1.61545228e-01 1.03054528e-03 5.71163409e-04
1.61952967e-01 3.36329650e-04 5.67616223e-04
1.62360705e-01 4.51528581e-04 5.59026667e-04
1.62768441e-01 1.07681994e-04 5.77325048e-04
1.63176176e-01 6.71194504e-04 5.72887803e-04
1.63583910e-01 1.01536309e-03 5.61739197e-04
1.63991641e-01 4.94644207e-04 5.66983004e-04
1.64399372e-01 3.19960113e-04 5.71554885e-04
1.64807100e-01 6.46448230e-04 5.88127485e-04
1.65214827e-01 3.06819575e-04 5.79686304e-04
1.65622553e-01 8.55120056e-04 5.70016345e-04
1.66030277e-01 6.66181204e-04 5.60149731e-04
1.66437999e-01 3.27529560e-04 5.78561209e-04
1.66845720e-01 2.44215412e-04 5.59770210e-04
1.67253439e-01 2.21689781e-04 5.55616547e-04
1.67661157e-01 7.13321554e-04 5.58582207e-04
1.68068873e-01 9.50216300e-04 5.47067062e-04
1.68476588e-01 1.33115392e-03 5.60771370e-04
1.68884301e-01 -2.21061155e-04 5.57537527e-04
1.69292012e-01 -2.03107397e-04 5.48167275e-04
1.69699721e-01 6.05675524e-04 5.60062538e-04
1.70107430e-01 3.15391146e-04 5.55762139e-04
1.70515136e-01 1.00564118e-03 5.52854628e-04
1.70922841e-01 -5.16117979e-04 5.42882255e-04
1.71330544e-01 2.44008717e-04 5.45197785e-04
1.71738246e-01 -7.35305851e-05 5.58033171e-04
1.72145946e-01 -8.27917203e-04 5.50925757e-04
1.72553644e-01 2.20278931e-04 5.52708057e-04
1.72961341e-01 1.21633501e-03 5.50471807e-04
1.73369036e-01 1.72060733e-04 5.57278997e-04
1.73776729e-01 -3.06856754e-05 5.38228774e-04
1.74184421e-01 -4.82144698e-04 5.40078670e-04
1.74592111e-01 8.61413608e-04 5.35264710e-04
1.74999799e-01 5.12451256e-04 5.48316242e-04
1.75407486e-01 -3.24288561e-05 5.38841756e-04
1.75815171e-01 2.77640710e-04 5.39267318e-04
1.76222855e-01 3.17840297e-04 5.46175634e-04
1.76630537e-01 4.15625131e-04 5.31658687e-04
1.77038217e-01 1.50315931e-04 5.37809159e-04
1.77445895e-01 5.67337248e-04 5.50603285e-04
1.77853572e-01 5.16389178e-04 5.40562023e-04
1.78261247e-01 -3.93272210e-04 5.29158647e-04
1.78668921e-01 5.35850046e-04 5.28992360e-04
1.79076592e-01 -5.33356041e-04 5.26928541e-04
1.79484262e-01 5.80378247e-04 5.29715814e-04
1.79891931e-01 4.65883175e-04 5.29444021e-04
1.80299597e-01 6.52666477e-04 5.23335165e-04
1.80707262e-01 6.01639564e-04 5.29632614e-04
1.81114925e-01 -6.56806155e-05 5.24845359e-04
1.81522587e-01 8.11425928e-04 5.37680357e-04
1.81930247e-01 4.79109500e-04 5.32780429e-04
1.82337905e-01 1.58470621e-04 5.24444569e-04
1.82745561e-01 -4.40333289e-04 5.18043271e-04
1.83153215e-01 -4.94154882e-04 5.17082101e-04
1.83560868e-01 5.29683745e-04 5.13417292e-04
1.83968519e-01 3.14362897e-04 5.30699337e-04
1.84376169e-01 -6.50902171e-06 5.11466459e-04
1.84783816e-01 7.29468643e-04 5.31239227e-04
1.85191462e-01 -1.32850920e-04 5.14297386e-04
1.85599106e-01 2.02042850e-04 5.23797778e-04
1.86006749e-01 5.88838223e-04 5.24639454e-04
1.86414389e-01 -8.15107759e-05 5.19545607e-04
1.86822028e-01 -5.41229346e-04 5.27428754e-04
1.87229665e-01 1.25968220e-03 5.27423019e-04
1.87637300e-01 5.17276943e-04 5.17161196e-04
1.88044934e-01 -3.10556440e-04 4.95898287e-04
1.88452566e-01 7.21331428e-04 5.28170228e-04
1.88860195e-01 4.11213954e-04 5.13717045e-04
1.89267824e-01 -9.81104592e-05 4.99718065e-04
1.89675450e-01 4.67089066e-04 5.13458011e-04
1.90083074e-01 2.12812688e-05 4.99550939e-04
1.90490697e-01 2.28799198e-05 5.04248885e-04
1.90898318e-01 -9.36872978e-04 5.02132217e-04
1.91305937e-01 5.45915710e-04 5.03851524e-04
1.91713555e-01 5.78662918e-05 4.99107582e-04
1.92121170e-01 7.63585639e-05 5.06052372e-04
1.92528784e-01 4.44523036e-04 5.14720757e-04
1.92936396e-01 7.10882894e-04 5.21125756e-04
1.93344006e-01 -1.96931993e-04 5.00574171e-04
1.93751614e-01 -1.65909193e-04 5.15859027e-04
1.94159220e-01 4.93280369e-04 4.99795201e-04
1.94566825e-01 3.79396138e-05 4.92597633e-04
1.94974427e-01 3.60123657e-04 4.99401176e-04
1.95382028e-01 3.47760189e-04 5.02982924e-04
1.95789627e-01 -8.46943523e-04 4.99112798e-04
1.96197224e-01 3.69381232e-04 4.90690900e-04
1.96604820e-01 3.38827130e-04 4.91894687e-04
1.97012413e-01 1.01443746e-05 4.97463700e-04
1.97420005e-01 4.40172712e-04 5.04822264e-04
1.97827594e-01 4.62787849e-04 5.02824532e-04
1.98235182e-01 9.33243130e-04 5.15614514e-04
1.98642768e-01 -1.61638834e-04 4.95238564e-04
1.99050352e-01 7.35706076e-04 5.09217112e-04
1.99457934e-01 4.92094315e-04 5.15388083e-04
1.99865514e-01 2.21326357e-04 5.05047849e-04
2.00273093e-01 1.05579850e-04 5.07644959e-04
2.00680669e-01 -3.15804806e-04 5.10125775e-04
2.01088244e-01 -2.54165898e-04 5.11051313e-04
2.01495816e-01 5.70767722e-05 5.09885203e-04
2.01903387e-01 -4.92578281e-04 5.02238624e-04
2.02310956e-01 6.54425830e-05 5.07025895e-04
2.02718523e-01 8.77803015e-04 5.13665737e-04
2.03126088e-01 -6.88142595e-04 5.15421716e-04
2.03533651e-01 1.82963595e-04 5.04424395e-04
2.03941212e-01 -5.05668170e-04 5.20408084e-04
2.04348771e-01 7.18368560e-04 5.08450813e-04
2.04756329e-01 1.30250601e-03 5.08012246e-04
2.05163884e-01 1.15430055e-03 5.06355146e-04
2.05571438e-01 6.66600558e-04 5.01183448e-04
2.05978989e-01 2.73932195e-04 4.90547630e-04
2.06386539e-01 1.16508560e-03 4.91636958e-04
2.06794086e-01 1.63619328e-04 4.91391185e-04
2.07201632e-01 7.41347043e-04 4.87297670e-04
2.07609175e-01 5.99533193e-04 4.84944085e-04
2.08016717e-01 3.47894047e-04 4.93616910e-04
2.08424257e-01 6.28230370e-04 4.95296190e-04
2.08831794e-01 6.65560113e-06 4.79806421e-04
2.09239330e-01 5.14602790e-04 4.88642898e-04
2.09646864e-01 1.73622420e-04 4.87192027e-04
2.10054396e-01 -2.82684624e-04 4.82273532e-04
2.10461925e-01 -4.29814742e-04 4.79574250e-04
2.10869453e-01 2.54317846e-04 4.91649967e-04
2.11276979e-01 -1.74720161e-04 4.86572366e-04
2.11684503e-01 -2.31855031e-05 4.75566115e-04
2.12092025e-01 3.44268281e-04 4.79309840e-04
2.12499544e-01 1.37776620e-04 4.73270917e-04
2.12907062e-01 -4.16729255e-04 4.73210814e-04
2.13314578e-01 -2.76842474e-04 4.74296187e-04
2.13722092e-01 -4.24317620e-04 4.72090934e-04
2.14129603e-01 -2.10846497e-04 4.83396951e-04
2.14537113e-01 -1.70454742e-04 4.68771566e-04
2.14944621e-01 -1.69853541e-04 4.77261436e-04
2.15352126e-01 1.16943827e-03 4.92377638e-04
2.15759630e-01 5.79044047e-04 4.86921884e-04
2.16167131e-01 7.58240254e-04 4.74714122e-04
2.16574631e-01 6.43165174e-04 4.74600538e-04
2.16982128e-01 -1.59053161e-04 4.69857225e-04
2.17389624e-01 2.58193520e-04 4.77540856e-04
2.17797117e-01 -6.34955865e-06 4.74974926e-04
2.18204608e-01 5.79638939e-04 4.74588737e-04
2.18612098e-01 -7.03869010e-06 4.68766780e-04
2.19019585e-01 1.74934159e-05 4.76566065e-04
2.19427070e-01 -9.14184462e-04 4.61631310e-04
2.19834553e-01 -5.22573909e-04 4.57933949e-04
2.20242034e-01 -5.33660632e-06 4.61781401e-04
2.20649512e-01 -4.13027438e-05 4.64939544e-04
2.21056989e-01 -5.64355579e-04 4.65070601e-04
2.21464464e-01 3.01008345e-04 4.63277834e-04
2.21871936e-01 1.42083086e-04 4.71316901e-04
2.22279407e-01 8.73559490e-05 4.66248723e-04
2.22686875e-01 4.11644633e-04 4.61028294e-04
2.23094341e-01 6.83467988e-04 4.60836973e-04
2.23501805e-01 2.64558067e-04 4.56573131e-04
2.23909267e-01 5.29619082e-04 4.78227220e-04
2.24316727e-01 6.98438666e-04 4.72067751e-04
2.24724185e-01 -1.18639374e-04 4.64156461e-04
2.25131641e-01 2.82461734e-04 4.51769039e-04
2.25539094e-01 -1.83550883e-04 4.59312842e-04
2.25946545e-01 1.96860237e-04 4.51247003e-04
2.26353995e-01 3.93344615e-04 4.50730710e-04
2.26761442e-01 1.62915774e-04 4.54150936e-04
2.27168887e-01 8.31085506e-04 4.53307051e-04
2.27576329e-01 5.79721125e-05 4.52842474e-04
2.27983770e-01 6.72895392e-04 4.50766720e-04
2.28391208e-01 4.28033588e-04 4.49785233e-04
2.28798645e-01 -4.70635348e-05 4.55850521e-04
2.29206079e-01 2.89037847e-04 4.64757965e-04
2.29613511e-01 -5.28004309e-04 4.61865474e-04
2.30020941e-01 -3.38331645e-04 4.57626953e-04
2.30428368e-01 9.23559584e-04 4.80578481e-04
2.30835794e-01 7.87756736e-04 4.66099297e-04
2.31243217e-01 2.08179997e-04 4.63913271e-04
2.31650638e-01 -3.99152314e-04 4.66251922e-04
2.32058057e-01 4.24247501e-04 4.69942535e-04
2.32465473e-01 9.88799645e-04 4.72190922e-04
2.32872888e-01 1.94117148e-04 4.55846851e-04
2.33280300e-01 7.48343345e-05 4.66973071e-04
2.33687710e-01 1.12661309e-04 4.60750265e-04
2.34095118e-01 2.46066058e-04 4.67875511e-04
2.34502524e-01 5.26255827e-04 4.63643940e-04
2.34909927e-01 1.05928987e-04 4.60224771e-04
2.35317328e-01 7.85365528e-04 4.64973113e-04
2.35724727e-01 -5.25866762e-04 4.40204462e-04
2.36132124e-01 -4.60551431e-04 4.48876587e-04
2.36539518e-01 3.01461183e-04 4.55426330e-04
2.36946911e-01 -1.10423729e-04 4.52608191e-04
2.37354301e-01 2.88783837e-04 4.49532859e-04
2.37761688e-01 3.92393906e-04 4.61742840e-04
2.38169074e-01 -1.25126632e-04 4.62346784e-04
2.38576457e-01 5.06329199e-04 4.47864992e-04
2.38983838e-01 -3.22318419e-04 4.53393011e-04
2.39391217e-01 -8.41973841e-04 4.43273059e-04
2.39798593e-01 1.22468928e-04 4.37850722e-04
2.40205967e-01 1.11039885e-03 4.48418654e-04
2.40613339e-01 7.19207384e-05 4.45377524e-04
2.41020709e-01 -5.33392782e-04 4.38742996e-04
2.41428076e-01 -6.39769215e-04 4.39084491e-04
2.41835441e-01 5.33855623e-04 4.44943526e-04
2.42242804e-01 9.28098932e-04 4.54551204e-04
2.42650165e-01 -7.16361151e-05 4.46114468e-04
2.43057523e-01 -4.40563456e-04 4.37823322e-04
2.43464879e-01 3.41545244e-04 4.37691326e-04
2.43872232e-01 6.27159793e-04 4.45849262e-04
2.44279584e-01 -4.58378791e-05 4.25230055e-04
2.44686933e-01 -3.73009241e-04 4.34246137e-04
2.45094279e-01 -8.34297236e-04 4.37117541e-04
2.45501624e-01 3.16744300e-04 4.32351217e-04
2.45908966e-01 5.61689558e-04 4.37446301e-04
2.46316305e-01 3.05190085e-04 4.38872412e-04
2.46723643e-01 -3.31587534e-04 4.21128808e-04
2.47130978e-01 -1.58980974e-04 4.32745362e-04
2.47538310e-01 3.41953258e-04 4.25207343e-04
2.47945641e-01 1.32304030e-04 4.37361306e-04
2.48352969e-01 -4.61190056e-04 4.25632372e-04
2.48760294e-01 -6.51143278e-04 4.27170586e-04
2.49167618e-01 5.32274792e-04 4.33495797e-04
2.49574939e-01 4.10304403e-04 4.33625585e-04
2.49982257e-01 -1.71252223e-04 4.27330551e-04
2.50389573e-01 6.08307001e-04 4.27299902e-04
2.50796887e-01 -2.30413840e-04 4.29216186e-04
2.51204199e-01 -3.59983034e-04 4.33214257e-04
2.51611508e-01 -1.28165602e-04 4.28041889e-04
2.52018815e-01 4.30602465e-04 4.28496732e-04
2.52426119e-01 1.10383164e-04 4.26644708e-04
2.52833421e-01 5.41526722e-04 4.22422523e-04
2.53240720e-01 2.20569757e-04 4.22015280e-04
2.53648017e-01 3.10325530e-04 4.23750383e-04
2.54055312e-01 -2.11444036e-04 4.28980880e-04
2.54462605e-01 6.13465756e-04 4.30387337e-04
2.54869894e-01 1.44115967e-04 4.23380665e-04
2.55277182e-01 8.97238864e-04 4.17794483e-04
2.55684467e-01 1.58990485e-04 4.25200261e-04
2.56091750e-01 -4.56781387e-05 4.21135127e-04
2.56499030e-01 7.13746572e-04 4.22992732e-04
2.56906308e-01 6.21571963e-04 4.28105043e-04
2.57313583e-01 5.88784333e-04 4.21751739e-04
2.57720856e-01 5.07778794e-04 4.13115734e-04
2.58128127e-01 7.17614056e-06 4.17903081e-04
2.58535395e-01 4.05747642e-04 4.27014835e-04
2.58942661e-01 1.81827658e-04 4.21266088e-04
2.59349924e-01 8.99861504e-05 4.23776539e-04
2.59757184e-01 2.53309584e-04 4.15891358e-04
2.60164443e-01 5.36621266e-04 4.18229874e-04
2.60571699e-01 9.57121432e-04 4.25272298e-04
2.60978952e-01 3.53060520e-04 4.21461915e-04
2.61386203e-01 2.47377842e-04 4.17254242e-04
2.61793451e-01 4.94484364e-05 4.28373822e-04
2.62200697e-01 4.10517371e-04 4.18988990e-04
2.62607941e-01 9.23150988e-04 4.14985584e-04
2.63015182e-01 -6.66420764e-05 4.23900828e-04
2.63422420e-01 1.80359358e-04 4.25822109e-04
2.63829656e-01 6.71779955e-06 4.15277232e-04
2.64236890e-01 4.12218176e-04 4.12726973e-04
2.64644121e-01 -1.45821445e-04 4.12434262e-04
2.65051349e-01 3.74699434e-04 4.16551639e-04
2.65458575e-01 3.09238760e-04 4.12562021e-04
2.65865799e-01 9.78305019e-05 4.16368573e-04
2.66273019e-01 -3.50645017e-04 4.08502547e-04
2.66680238e-01 3.95771430e-04 4.09763547e-04
2.67087454e-01 -9.03213286e-05 4.06372540e-04
2.67494667e-01 6.09167413e-04 4.10252542e-04
2.67901878e-01 -4.48555534e-04 4.12828006e-04
2.68309086e-01 -1.30758077e-04 4.04606706e-04
2.68716292e-01 1.05623183e-04 4.10964536e-04
2.69123495e-01 1.63137768e-04 3.99369132e-04
2.69530696e-01 6.77600221e-05 3.97935423e-04
2.69937894e-01 4.06050018e-04 4.06083936e-04
2.70345090e-01 2.72334319e-04 4.17545861e-04
2.70752283e-01 5.91957150e-04 4.11306050e-04
2.71159473e-01 9.41374875e-05 4.00536472e-04
2.71566661e-01 -1.30387566e-04 3.98872967e-04
2.71973847e-01 3.02614227e-04 4.02688896e-04
2.72381030e-01 2.57100325e-04 3.99055310e-04
2.72788210e-01 6.43673694e-04 4.05263216e-04
2.73195387e-01 -4.18822019e-04 4.01237503e-04
2.73602562e-01 2.20868058e-04 3.91252809e-04
2.74009735e-01 1.05792793e-05 3.96977150e-04
2.74416905e-01 3.01162365e-04 4.02830300e-04
2.74824072e-01 3.84409565e-04 3.95772044e-04
2.75231237e-01 3.69261186e-04 4.00137192e-04
2.75638399e-01 1.32485616e-04 4.05834714e-04
2.76045558e-01 2.94164813e-05 4.03250390e-04
2.76452715e-01 4.47459104e-04 3.98280776e-04
2.76859869e-01 2.47849006e-04 3.89869085e-04
2.77267021e-01 -5.99257191e-05 3.97893675e-04
2.77674170e-01 -8.74659742e-05 3.92532793e-04
2.78081316e-01 1.68951384e-04 3.98330093e-04
2.78488460e-01 2.22435987e-04 3.95668968e-04
2.78895601e-01 -1.77854199e-04 3.96478132e-04
2.79302740e-01 -1.02508196e-04 3.90204155e-04
2.79709875e-01 2.09090152e-04 3.84522777e-04
2.80117009e-01 -4.79379566e-05 3.95306013e-04
2.80524139e-01 -4.17968923e-04 3.90832904e-04
2.80931267e-01 3.63285295e-04 3.90478890e-04
2.81338392e-01 7.50204835e-05 3.99020489e-04
2.81745515e-01 6.75500455e-04 3.96956219e-04
2.82152635e-01 2.23137207e-04 3.96112725e-04
2.82559752e-01 -2.85079205e-04 3.92374809e-04
2.82966866e-01 -4.83047029e-04 3.90798135e-04
2.83373978e-01 3.01144165e-04 3.82466197e-04
2.83781088e-01 2.57718832e-05 3.95466383e-04
2.84188194e-01 -6.25388672e-04 3.87397679e-04
2.84595298e-01 -2.14968973e-04 3.87408138e-04
2.85002399e-01 3.04672304e-04 3.97413932e-04
2.85409497e-01 5.36676004e-04 3.89402028e-04
2.85816593e-01 -1.80049618e-04 3.92735219e-04
2.86223686e-01 6.37757103e-05 3.89930304e-04
2.86630777e-01 -2.14547623e-04 3.96984250e-04
2.87037864e-01 1.07667814e-04 4.00260581e-04
2.87444949e-01 1.75433653e-04 3.99385618e-04
2.87852031e-01 -1.09849032e-04 3.93608782e-04
2.88259111e-01 -1.10908079e-04 3.95362687e-04
2.88666188e-01 5.49342551e-05 4.00569974e-04
2.89073262e-01 5.41224612e-04 3.98194350e-04
2.89480333e-01 5.18711528e-04 4.07045272e-04
2.89887401e-01 -7.78693564e-05 3.98520926e-04
2.90294467e-01 7.81284622e-04 4.03932105e-04
2.90701530e-01 -8.15639193e-05 3.96530519e-04
2.91108591e-01 -1.22323444e-06 3.98119573e-04
2.91515648e-01 5.91126847e-04 3.98482157e-04
2.91922703e-01 4.59940828e-04 3.94554832e-04
2.92329755e-01 -1.29783369e-04 3.95210331e-04
2.92736804e-01 3.63510854e-04 3.94084533e-04
2.93143851e-01 -2.35434313e-04 3.90071728e-04
2.93550895e-01 -8.66871259e-05 3.91358942e-04
2.93957936e-01 2.79867523e-04 3.93359021e-04
2.94364974e-01 -3.55706888e-04 3.89066420e-04
2.94772009e-01 4.88001401e-05 3.87926258e-04
2.95179042e-01 -1.12730668e-05 3.88845219e-04
2.95586072e-01 1.15341494e-04 3.96851531e-04
2.95993099e-01 2.79144642e-05 3.94761220e-04
2.96400123e-01 -2.78291562e-07 3.90227118e-04
2.96807145e-01 -7.21348535e-04 3.81315633e-04
2.97214163e-01 3.06664538e-04 3.90287548e-04
2.97621179e-01 -4.91165050e-04 3.87852008e-04
2.98028192e-01 -7.89044024e-05 3.84669699e-04
2.98435202e-01 -7.78949378e-05 3.93668807e-04
2.98842210e-01 4.59054387e-04 3.97262311e-04
2.99249214e-01 7.71927914e-05 3.88577385e-04
2.99656216e-01 -3.28250834e-04 3.94568753e-04
3.00063215e-01 9.85835705e-05 3.93317282e-04
3.00470211e-01 2.60708374e-04 3.94832859e-04
3.00877204e-01 1.02015663e-03 4.03771759e-04
3.01284194e-01 -4.47485754e-04 3.94201754e-04
3.01691182e-01 -5.31440569e-04 3.90351400e-04
3.02098167e-01 5.62982347e-04 3.93937760e-04
3.02505149e-01 8.55047874e-05 3.87221923e-04
3.02912128e-01 -1.60235924e-05 3.84873408e-04
3.03319104e-01 3.56695183e-04 3.88551477e-04
3.03726077e-01 4.19689416e-04 3.97534991e-04
3.04133047e-01 2.00378000e-04 3.92153638e-04
3.04540015e-01 -2.48101072e-04 3.85688975e-04
3.04946979e-01 5.00201267e-04 4.01881509e-04
3.05353941e-01 -1.54014649e-04 3.88721887e-04
3.05760900e-01 8.89265822e-05 3.89467479e-04
3.06167856e-01 -3.02167960e-04 3.92642499e-04
3.06574809e-01 9.89166874e-04 3.89819610e-04
3.06981759e-01 1.77667021e-04 3.94630619e-04
3.07388706e-01 -2.37168882e-05 4.02355850e-04
3.07795651e-01 2.50655118e-04 3.92662831e-04
3.08202592e-01 2.83840699e-04 3.96663555e-04
3.08609531e-01 1.06388984e-03 4.00596301e-04
3.09016466e-01 5.61986881e-04 3.95082179e-04
3.09423399e-01 3.28718456e-04 3.95681913e-04
3.09830329e-01 2.81072291e-04 4.03232263e-04
3.10237256e-01 6.98049878e-04 4.05378499e-04
3.10644180e-01 8.73902385e-04 4.02227892e-04
3.11051101e-01 1.63314048e-04 4.04992751e-04
3.11458019e-01 4.69782138e-04 4.09968014e-04
3.11864934e-01 5.65624970e-04 4.07512193e-04
3.12271846e-01 6.76147558e-04 4.00635585e-04
3.12678755e-01 5.05244572e-04 4.09590992e-04
3.13085661e-01 2.23521552e-04 3.97596241e-04
3.13492565e-01 3.89737072e-04 4.01387679e-04
3.13899465e-01 3.70309137e-04 3.98253279e-04
3.14306362e-01 1.13118563e-05 3.98099359e-04
3.14713257e-01 2.49478441e-04 4.07666346e-04
3.15120148e-01 5.82967497e-04 3.97812462e-04
3.15527037e-01 6.22193976e-04 4.14142961e-04
3.15933922e-01 4.34203434e-04 4.11114630e-04
3.16340805e-01 7.28205519e-04 4.55368658e-04
3.16747684e-01 2.80888558e-04 5.01848524e-04
3.17154561e-01 1.23692212e-03 5.13131858e-04
3.17561434e-01 1.21000165e-03 5.48833322e-04
3.17968305e-01 8.14864261e-04 5.88878612e-04
3.18375172e-01 -3.81566168e-05 6.01700257e-04
3.18782037e-01 -1.56002639e-04 6.45157007e-04
3.19188898e-01 5.02453577e-04 6.56280011e-04
3.19595757e-01 -4.33767296e-05 6.84395488e-04
3.20002612e-01 -3.64966260e-04 7.24460584e-04
3.20409465e-01 3.65644233e-04 7.77739095e-04
3.20816314e-01 6.26481112e-04 8.27896633e-04
3.21223160e-01 2.49426350e-03 9.31111754e-04
3.21630004e-01 -1.53677852e-05 1.12514667e-03
3.22036844e-01 -1.52426695e-03 1.27386768e-03
3.22443681e-01 -3.10816659e-03 1.93807108e-03
3.22850516e-01 3.22641894e-03 7.28507584e-03
