4.08043586e-03 -8.71379215e-02 2.63969870e-02
4.48847930e-03 -6.26116929e-02 2.70743203e-02
4.89652269e-03 -4.65489966e-02 1.96838583e-02
5.30456604e-03 -4.31783986e-02 1.38804209e-02
5.71260934e-03 -2.46741842e-02 1.12030077e-02
6.12065258e-03 -3.43111777e-02 8.69790976e-03
6.52869577e-03 -7.28991356e-03 7.33856766e-03
6.93673889e-03 -7.81943703e-03 6.43601085e-03
7.34478195e-03 -1.40368932e-02 5.61663921e-03
7.75282494e-03 -2.07324080e-02 5.51502392e-03
8.16086785e-03 -1.13968875e-02 4.79648434e-03
8.56891069e-03 -2.25317190e-03 4.22650788e-03
8.97695345e-03 -1.14697195e-02 3.90773244e-03
9.38499612e-03 -3.86622523e-03 3.64309252e-03
9.79303870e-03 -4.06080686e-04 3.67232572e-03
1.02010812e-02 -2.53661721e-03 3.23605323e-03
1.06091236e-02 1.08166894e-03 3.22008004e-03
1.10171659e-02 -5.94581762e-03 2.99627472e-03
1.14252081e-02 -1.16684808e-03 3.03732214e-03
1.18332501e-02 5.16360782e-04 2.70631441e-03
1.22412921e-02 -3.88908084e-03 2.63345490e-03
1.26493339e-02 5.98877239e-03 2.72060134e-03
1.30573757e-02 2.20303325e-03 2.46103095e-03
1.34654173e-02 -3.38338495e-03 2.44003188e-03
1.38734588e-02 -1.49706105e-03 2.37078780e-03
1.42815001e-02 1.36861002e-03 2.36141181e-03
1.46895413e-02 1.61602090e-03 2.27021707e-03
1.50975824e-02 1.96629566e-03 2.20022308e-03
1.55056233e-02 -1.37784425e-03 2.15384346e-03
1.59136641e-02 8.89449877e-04 2.08304992e-03
1.63217047e-02 5.50772532e-03 2.08665475e-03
1.67297452e-02 8.31722019e-04 2.02608715e-03
1.71377855e-02 -1.21935858e-04 1.85703567e-03
1.75458257e-02 -2.20159798e-03 1.81108788e-03
1.79538657e-02 -7.23817933e-04 1.81510425e-03
1.83619055e-02 -5.76361387e-05 2.04824417e-03
1.87699451e-02 -1.12451993e-04 2.00023636e-03
1.91779846e-02 -6.27493986e-04 1.96057579e-03
1.95860239e-02 3.29155906e-03 1.89468301e-03
1.99940630e-02 1.25983184e-03 1.90459921e-03
2.04021019e-02 1.65870928e-03 1.89308022e-03
2.08101406e-02 -1.22257372e-03 1.81942652e-03
2.12181791e-02 1.89558231e-03 1.95207129e-03
2.16262174e-02 4.74402851e-03 1.81665419e-03
2.20342555e-02 1.31332659e-03 1.75568972e-03
2.24422934e-02 -2.13634387e-03 1.58958049e-03
2.28503311e-02 -4.23857395e-04 1.72328814e-03
2.32583686e-02 -3.28562276e-03 1.65059286e-03
2.36664058e-02 3.12096208e-03 1.67693072e-03
2.40744429e-02 5.38327271e-04 1.62780627e-03
2.44824797e-02 1.13465123e-03 1.74871996e-03
2.48905162e-02 -3.10070362e-04 1.63455802e-03
2.52985525e-02 2.85467389e-03 1.75284135e-03
2.57065886e-02 8.28661016e-04 1.63333992e-03
2.61146245e-02 -6.89248126e-04 1.68294564e-03
2.65226601e-02 2.04433800e-03 1.62694778e-03
2.69306954e-02 -9.25181768e-04 1.61936189e-03
2.73387305e-02 6.56825161e-04 1.66618931e-03
2.77467653e-02 -1.16331027e-03 1.65595216e-03
2.81547999e-02 -2.28347385e-03 1.60333197e-03
2.85628342e-02 7.00915214e-05 1.66499815e-03
2.89708682e-02 1.56948511e-03 1.62366426e-03
2.93789020e-02 9.74502837e-04 1.66269646e-03
2.97869355e-02 1.09418041e-03 1.63136079e-03
3.01949687e-02 -1.09083830e-04 1.64413333e-03
3.06030016e-02 5.25689288e-04 1.64654928e-03
3.10110342e-02 8.38068098e-04 1.54411682e-03
3.14190665e-02 6.43561925e-04 1.59197621e-03
3.18270985e-02 4.46836709e-04 1.53912368e-03
3.22351302e-02 -8.97599282e-04 1.50558801e-03
3.26431617e-02 1.36914074e-03 1.54126775e-03
3.30511928e-02 2.89022539e-03 1.48974460e-03
3.34592236e-02 1.47572741e-03 1.44247110e-03
3.38672540e-02 -2.28384510e-04 1.39724699e-03
3.42752842e-02 -3.05685903e-03 1.36414150e-03
3.46833140e-02 4.91653467e-04 1.38376476e-03
3.50913435e-02 2.07686889e-04 1.36078741e-03
3.54993727e-02 1.09475695e-03 1.38442093e-03
3.59074015e-02 2.15396521e-03 1.42691662e-03
3.63154300e-02 -8.52965938e-04 1.41184742e-03
3.67234581e-02 8.60459432e-04 1.39080440e-03
3.71314859e-02 3.64262569e-04 1.39859837e-03
3.75395134e-02 -5.51228236e-04 1.34870516e-03
3.79475405e-02 -1.85670525e-03 1.34737735e-03
3.83555672e-02 -1.65413576e-03 1.34254550e-03
3.87635935e-02 3.03867480e-05 1.35975754e-03
3.91716195e-02 3.16356016e-04 1.33663910e-03
3.95796452e-02 1.57874715e-03 1.28588183e-03
3.99876704e-02 -1.03284373e-03 1.27457147e-03
4.03956953e-02 4.90559422e-04 1.29602930e-03
4.08037198e-02 4.99090001e-05 1.38809243e-03
4.12117439e-02 -8.78853827e-04 1.30517811e-03
4.16197676e-02 4.44222668e-04 1.27044583e-03
4.20277909e-02 5.14804416e-04 1.29528451e-03
4.24358138e-02 -2.71473528e-05 1.23535537e-03
4.28438363e-02 6.38597724e-04 1.24657334e-03
4.32518584e-02 1.08967116e-03 1.24638095e-03
4.36598801e-02 -1.28493916e-03 1.28807180e-03
4.40679014e-02 7.99158265e-04 1.20641438e-03
4.44759222e-02 1.65640111e-03 1.22534679e-03
4.48839427e-02 -1.19354697e-03 1.20301522e-03
4.52919627e-02 -1.40869749e-03 1.16159184e-03
4.56999823e-02 -9.92007247e-04 1.13489062e-03
4.61080014e-02 3.27969916e-04 1.13582637e-03
4.65160201e-02 8.33463271e-04 1.14854844e-03
4.69240384e-02 1.06954999e-05 1.18612356e-03
4.73320562e-02 1.56507529e-04 1.17826567e-03
4.77400736e-02 2.17331863e-04 1.14440433e-03
4.81480905e-02 1.47915771e-03 1.22488136e-03
4.85561070e-02 -4.48890445e-04 1.20392558e-03
4.89641230e-02 9.76348174e-04 1.18756447e-03
4.93721385e-02 1.59697380e-03 1.17478061e-03
4.97801536e-02 -2.39739257e-03 1.12340450e-03
5.01881682e-02 9.43740867e-04 1.17753532e-03
5.05961823e-02 1.60889555e-03 1.18585268e-03
5.10041960e-02 1.38354439e-03 1.10722895e-03
5.14122091e-02 -1.40901442e-05 1.15033572e-03
5.18202218e-02 4.09604416e-04 1.11920274e-03
5.22282340e-02 -1.20902459e-03 1.10877930e-03
5.26362457e-02 2.34057322e-04 1.11954978e-03
5.30442569e-02 2.29256874e-03 1.10833852e-03
5.34522675e-02 1.86220789e-03 1.11335368e-03
5.38602777e-02 9.73798693e-04 1.06580563e-03
5.42682874e-02 -1.18621087e-03 1.08455488e-03
5.46762965e-02 9.93672253e-04 1.10477195e-03
5.50843052e-02 -2.14896318e-04 1.07688721e-03
5.54923133e-02 4.14398760e-04 1.05708458e-03
5.59003208e-02 2.57907888e-04 1.05420195e-03
5.63083279e-02 -1.12874614e-03 1.03213245e-03
5.67163344e-02 -2.50134802e-03 1.04338871e-03
5.71243404e-02 1.40283871e-03 1.05593531e-03
5.75323458e-02 4.87319643e-04 1.11640071e-03
5.79403507e-02 6.30694717e-04 1.07904349e-03
5.83483551e-02 -7.19144145e-05 1.10652281e-03
5.87563588e-02 -7.74653885e-04 1.13588630e-03
5.91643621e-02 -8.21969807e-04 1.10543295e-03
5.95723647e-02 -3.18174125e-04 1.13055585e-03
5.99803668e-02 -1.08459327e-03 1.11326585e-03
6.03883684e-02 -8.82113713e-05 1.10413246e-03
6.07963693e-02 9.29540679e-04 1.13324174e-03
6.12043697e-02 1.28533546e-03 1.13752247e-03
6.16123695e-02 5.42202601e-04 1.10633141e-03
6.20203687e-02 -7.25080465e-04 1.10516458e-03
6.24283674e-02 -3.44666896e-04 1.09851228e-03
6.28363654e-02 -1.79766215e-04 1.05363663e-03
6.32443629e-02 -1.57640800e-03 1.06035876e-03
6.36523597e-02 3.98835297e-04 1.01227491e-03
6.40603559e-02 -3.39528791e-04 1.02294982e-03
6.44683516e-02 -5.40083544e-04 1.03706392e-03
6.48763466e-02 -5.28322671e-04 9.79006064e-04
6.52843410e-02 9.67828219e-04 1.02616258e-03
6.56923348e-02 -6.23050040e-04 1.04247318e-03
6.61003279e-02 6.79255249e-04 1.03838455e-03
6.65083205e-02 -1.94004084e-05 1.01103592e-03
6.69163124e-02 1.94064493e-03 1.02151928e-03
6.73243036e-02 1.08801470e-03 1.02129296e-03
6.77322943e-02 -9.13767391e-04 1.02526995e-03
6.81402842e-02 7.44597851e-04 9.76916355e-04
6.85482736e-02 1.35617928e-03 1.02107368e-03
6.89562623e-02 5.35482600e-04 9.82647489e-04
6.93642503e-02 2.96857159e-04 9.82819590e-04
6.97722377e-02 -3.00293535e-04 9.80675240e-04
7.01802244e-02 3.12600740e-04 9.70141666e-04
7.05882105e-02 -2.41098913e-04 9.95218538e-04
7.09961958e-02 -5.69150059e-04 9.50699816e-04
7.14041805e-02 -1.67155706e-04 9.50468966e-04
7.18121646e-02 8.36436736e-04 9.49257110e-04
7.22201479e-02 -3.40506507e-04 9.28755611e-04
7.26281306e-02 -8.42220219e-05 9.12999571e-04
7.30361126e-02 -6.01423712e-04 9.19387692e-04
7.34440938e-02 5.49466806e-04 8.97253944e-04
7.38520744e-02 6.03794890e-04 9.13537021e-04
7.42600543e-02 2.12173502e-03 9.17547159e-04
7.46680335e-02 -2.36819927e-04 9.02239126e-04
7.50760119e-02 -2.65952823e-04 9.15455173e-04
7.54839897e-02 -9.72786228e-04 9.31600243e-04
7.58919667e-02 3.93925838e-04 8.81295914e-04
7.62999431e-02 -4.89679845e-04 9.28424140e-04
7.67079187e-02 6.35638473e-04 9.36996589e-04
7.71158935e-02 -7.28060479e-04 8.81381143e-04
7.75238677e-02 1.81492769e-03 9.21109965e-04
7.79318411e-02 -4.06217775e-04 8.86330080e-04
7.83398137e-02 6.70034569e-04 8.97892863e-04
7.87477857e-02 1.37730921e-03 9.01941877e-04
7.91557568e-02 5.66415520e-04 9.30958926e-04
7.95637273e-02 2.96767532e-04 9.00118519e-04
7.99716969e-02 -7.52869842e-04 9.00297448e-04
8.03796658e-02 -1.33859635e-03 8.85065135e-04
8.07876340e-02 8.90716637e-04 8.76815101e-04
8.11956014e-02 -1.23651446e-03 8.62627379e-04
8.16035680e-02 7.35526564e-04 8.54371972e-04
8.20115338e-02 -8.26483176e-04 8.77543144e-04
8.24194989e-02 -1.65772811e-04 8.70835234e-04
8.28274631e-02 1.33430072e-03 8.57111593e-04
8.32354266e-02 7.80324185e-04 8.44084945e-04
8.36433893e-02 1.48695159e-03 8.70401508e-04
8.40513512e-02 -8.52231293e-05 8.89473860e-04
8.44593123e-02 1.18571303e-03 8.74301472e-04
8.48672727e-02 -1.30120637e-03 8.49336397e-04
8.52752322e-02 -9.54587625e-06 8.43634946e-04
8.56831909e-02 3.81584221e-04 8.67754670e-04
8.60911487e-02 1.27763439e-03 8.28792899e-04
8.64991058e-02 -2.18265030e-04 8.45519298e-04
8.69070620e-02 -3.86903720e-04 8.50845633e-04
8.73150175e-02 -8.71400548e-04 8.38666442e-04
8.77229721e-02 6.54598586e-04 8.48768178e-04
8.81309258e-02 -1.48401583e-04 8.61950758e-04
8.85388787e-02 2.54596987e-04 8.16963517e-04
8.89468308e-02 -1.17494908e-03 8.14810076e-04
8.93547821e-02 -3.26198944e-04 8.20442697e-04
8.97627325e-02 -8.96729741e-04 8.14796916e-04
9.01706820e-02 9.29680030e-04 8.35958591e-04
9.05786307e-02 3.22138353e-04 8.28201082e-04
9.09865785e-02 -1.46482408e-03 8.18203286e-04
9.13945255e-02 8.93747406e-04 8.15879744e-04
9.18024716e-02 1.37066343e-03 7.88969317e-04
9.22104168e-02 1.23207625e-03 8.13123569e-04
9.26183611e-02 -6.14904462e-04 8.06372089e-04
9.30263046e-02 -2.25085488e-04 8.02982153e-04
9.34342472e-02 1.39853720e-03 8.02123087e-04
9.38421889e-02 5.14032158e-04 8.18860286e-04
9.42501297e-02 1.13264626e-03 8.22500803e-04
9.46580696e-02 7.08255933e-04 8.14878405e-04
9.50660087e-02 2.91986965e-04 8.31854763e-04
9.54739468e-02 1.02556149e-03 7.85902051e-04
9.58818840e-02 5.78262005e-04 8.08208925e-04
9.62898203e-02 5.99678942e-04 7.96107159e-04
9.66977557e-02 3.29048641e-04 7.92757225e-04
9.71056902e-02 6.57539259e-04 7.86325226e-04
9.75136237e-02 6.62311473e-05 7.88334713e-04
9.79215564e-02 2.94910646e-04 7.96643429e-04
9.83294881e-02 9.11801531e-04 7.98429396e-04
9.87374188e-02 -2.25448476e-04 7.78905149e-04
9.91453487e-02 2.28511425e-04 7.74478485e-04
9.95532775e-02 1.17588029e-06 7.54681907e-04
9.99612055e-02 7.50663955e-04 7.80414913e-04
1.00369132e-01 1.59164159e-03 7.71947164e-04
1.00777059e-01 1.16540985e-04 7.62985611e-04
1.01184984e-01 8.64556554e-04 7.78659341e-04
1.01592908e-01 -1.36758073e-03 7.42492111e-04
1.02000831e-01 -6.46923237e-04 7.47638767e-04
1.02408753e-01 -1.74763837e-05 7.52396491e-04
1.02816674e-01 -6.26241821e-04 7.56873831e-04
1.03224595e-01 2.46751902e-05 7.58876420e-04
1.03632514e-01 -3.07434677e-04 7.66186230e-04
1.04040432e-01 4.65263306e-05 7.55261682e-04
1.04448349e-01 -4.61644181e-04 7.24081956e-04
1.04856266e-01 1.17929553e-03 7.49767991e-04
1.05264181e-01 9.03646259e-04 7.59895945e-04
1.05672095e-01 2.90008546e-04 7.37445116e-04
1.06080009e-01 -3.93587909e-04 7.45043359e-04
1.06487921e-01 -9.16955185e-04 7.04916086e-04
1.06895832e-01 -1.93130626e-03 7.27255798e-04
1.07303743e-01 8.98077035e-04 7.55799748e-04
1.07711652e-01 8.73609581e-04 7.61418901e-04
1.08119560e-01 -6.96024062e-04 7.30931412e-04
1.08527467e-01 -8.12885113e-04 7.45798975e-04
1.08935374e-01 1.17479465e-04 7.35598229e-04
1.09343279e-01 -1.32927421e-05 7.58601598e-04
1.09751183e-01 -4.09081985e-04 7.05485521e-04
1.10159086e-01 -7.82632674e-04 7.26564151e-04
1.10566988e-01 6.30123983e-04 7.11978334e-04
1.10974889e-01 -6.28901933e-04 7.32828488e-04
1.11382789e-01 1.27693599e-03 7.30406339e-04
1.11790688e-01 1.21282435e-04 7.29408112e-04
1.12198586e-01 -9.98905224e-04 7.26563208e-04
1.12606482e-01 1.13955690e-03 7.29780480e-04
1.13014378e-01 -7.21644439e-04 7.48169734e-04
1.13422273e-01 8.52512550e-04 7.57848258e-04
1.13830166e-01 1.00642355e-03 7.48236767e-04
1.14238059e-01 8.34468861e-05 7.41591454e-04
1.14645950e-01 1.04563802e-03 7.71068085e-04
1.15053840e-01 1.45300783e-03 7.46701278e-04
1.15461730e-01 7.26028013e-04 7.36571273e-04
1.15869618e-01 4.82047224e-04 7.51600040e-04
1.16277505e-01 -1.07987426e-05 7.38889828e-04
1.16685391e-01 -3.34119400e-05 7.37871459e-04
1.17093275e-01 -6.64753578e-04 7.50547970e-04
1.17501159e-01 -1.39218487e-03 7.06595251e-04
1.17909042e-01 -4.32886325e-04 7.21566144e-04
1.18316923e-01 6.83474858e-04 7.34894147e-04
1.18724803e-01 7.02386983e-04 7.41083924e-04
1.19132683e-01 2.93027593e-04 7.21194568e-04
1.19540561e-01 2.16630846e-04 7.10633064e-04
1.19948438e-01 1.08917114e-03 7.01667922e-04
1.20356313e-01 -2.45968125e-04 6.96077994e-04
1.20764188e-01 2.63610065e-04 7.23884693e-04
1.21172062e-01 -1.01890814e-04 7.07538973e-04
1.21579934e-01 -5.23909453e-04 7.03084593e-04
1.21987805e-01 -2.31983189e-04 6.71567507e-04
1.22395675e-01 -1.33092470e-03 6.76928722e-04
1.22803544e-01 -1.08389153e-03 6.77647999e-04
1.23211412e-01 1.75741213e-04 6.90474367e-04
1.23619278e-01 -6.77642355e-04 6.63481618e-04
1.24027144e-01 7.60254114e-04 6.91337772e-04
1.24435008e-01 -1.57915686e-04 6.88621912e-04
1.24842871e-01 -4.30705895e-04 6.75747743e-04
1.25250733e-01 9.70200323e-04 6.79289422e-04
1.25658594e-01 9.87009889e-04 6.79666815e-04
1.26066453e-01 -2.74872635e-04 6.66641773e-04
1.26474311e-01 6.01866322e-04 6.78886990e-04
1.26882168e-01 -7.94211035e-04 6.73006098e-04
1.27290024e-01 -1.95401315e-04 6.67956857e-04
1.27697879e-01 -5.46461387e-04 6.68287089e-04
1.28105732e-01 1.04631922e-03 6.69875394e-04
1.28513585e-01 1.12714144e-03 6.66494968e-04
1.28921436e-01 7.90293709e-04 6.77023965e-04
1.29329285e-01 3.82711950e-04 6.69070741e-04
1.29737134e-01 5.13527969e-04 6.69358992e-04
1.30144981e-01 1.83400119e-04 6.65995486e-04
1.30552828e-01 1.61278685e-03 6.79402164e-04
1.30960672e-01 -6.81272058e-04 6.55043459e-04
1.31368516e-01 1.39675719e-03 6.48896140e-04
1.31776358e-01 -6.18223628e-04 6.29160443e-04
1.32184200e-01 -6.54673904e-04 6.60797956e-04
1.32592039e-01 -5.55139700e-04 6.48682451e-04
1.32999878e-01 1.99605707e-05 6.45376947e-04
1.33407715e-01 4.28293465e-04 6.40259916e-04
1.33815552e-01 7.58898285e-04 6.47941535e-04
1.34223386e-01 -1.11099433e-03 6.38957600e-04
1.34631220e-01 1.96407658e-04 6.56942030e-04
1.35039052e-01 1.09519299e-04 6.72707651e-04
1.35446883e-01 -4.98937679e-04 6.47798457e-04
1.35854713e-01 1.16000820e-03 6.46799303e-04
1.36262541e-01 1.18431201e-03 6.53331934e-04
1.36670368e-01 -9.42233523e-04 6.23120238e-04
1.37078194e-01 5.39441664e-04 6.30000293e-04
1.37486019e-01 7.15803302e-04 6.47456789e-04
1.37893842e-01 2.76507233e-04 6.31343593e-04
1.38301664e-01 3.79900051e-04 6.42882132e-04
1.38709485e-01 -3.98389490e-04 6.18238646e-04
1.39117304e-01 1.10421016e-03 6.45723542e-04
1.39525122e-01 -2.98531661e-04 6.41873123e-04
1.39932939e-01 1.11201040e-03 6.30587790e-04
1.40340754e-01 5.64549106e-04 6.35177623e-04
1.40748568e-01 -1.13465683e-03 6.08009654e-04
1.41156381e-01 2.83211143e-04 6.09980275e-04
1.41564192e-01 8.62798736e-04 6.26418108e-04
1.41972002e-01 6.96561521e-04 6.22559101e-04
1.42379811e-01 -6.03599829e-04 6.20912608e-04
1.42787618e-01 9.13159957e-04 6.15702773e-04
1.43195424e-01 4.09954185e-04 6.33377239e-04
1.43603228e-01 -6.87888133e-04 6.16133735e-04
1.44011032e-01 3.94103481e-04 6.30770806e-04
1.44418833e-01 -5.36570198e-05 6.25900048e-04
1.44826634e-01 9.56524242e-04 6.29674447e-04
1.45234433e-01 7.59176947e-04 6.27357080e-04
1.45642231e-01 -1.24069931e-03 6.26654627e-04
1.46050027e-01 -6.08233292e-04 6.35610136e-04
1.46457822e-01 -4.66328899e-05 6.37644888e-04
1.46865616e-01 -3.63018757e-04 6.11837687e-04
1.47273408e-01 1.44806730e-03 6.45936589e-04
1.47681199e-01 -2.84421421e-05 6.45023369e-04
1.48088988e-01 -7.70900572e-04 6.22113399e-04
1.48496776e-01 -5.16687741e-04 6.30185544e-04
1.48904563e-01 4.82633049e-05 6.04988636e-04
1.49312348e-01 -9.89706968e-04 6.07812892e-04
1.49720132e-01 9.03654565e-04 6.19524561e-04
1.50127914e-01 1.04678697e-04 6.26402263e-04
1.50535695e-01 1.59047915e-04 6.02914873e-04
1.50943474e-01 1.19228924e-03 6.17391244e-04
1.51351252e-01 -2.95821962e-04 6.18592443e-04
1.51759029e-01 -4.18952206e-05 6.05772332e-04
1.52166804e-01 -2.69946985e-04 5.99517012e-04
1.52574578e-01 7.31792269e-05 6.04521788e-04
1.52982350e-01 -4.14340131e-04 6.13550524e-04
1.53390121e-01 5.39901047e-06 6.00092845e-04
1.53797890e-01 4.44479446e-04 5.97213784e-04
1.54205658e-01 1.99161972e-04 5.88502151e-04
1.54613425e-01 4.61747131e-04 6.00304908e-04
1.55021190e-01 -2.60056180e-04 5.91202436e-04
1.55428953e-01 -3.33362341e-04 5.92529095e-04
1.55836716e-01 1.80843856e-04 5.82816191e-04
1.56244476e-01 -1.16455728e-04 5.74871385e-04
1.56652235e-01 -9.07854890e-05 5.99503099e-04
1.57059993e-01 1.26580393e-03 6.07241275e-04
1.57467749e-01 -9.53988138e-04 5.83936220e-04
1.57875504e-01 1.79441827e-04 5.99044075e-04
1.58283257e-01 4.30152498e-04 5.77693082e-04
1.58691008e-01 -4.51977914e-04 5.74147646e-04
1.59098758e-01 1.55908333e-04 5.54714936e-04
1.59506507e-01 5.74850841e-04 5.99856124e-04
1.59914254e-01 2.35820706e-04 5.67583802e-04
1.60322000e-01 -3.39420873e-04 5.71891510e-04
1.60729744e-01 -1.03638001e-04 5.76819766e-04
1.61137486e-01 4.01874969e-04 5.78515661e-04
1.61545228e-01 1.22712311e-04 5.74289613e-04
1.61952967e-01 9.14208176e-05 5.81194663e-04
1.62360705e-01 5.60679292e-04 5.71301427e-04
1.62768441e-01 4.25850203e-04 5.67601971e-04
1.63176176e-01 -3.78187441e-04 5.72604014e-04
1.63583910e-01 -5.83505209e-04 5.59945452e-04
1.63991641e-01 2.62158265e-05 5.76281575e-04
1.64399372e-01 -3.41629184e-05 5.64693903e-04
1.64807100e-01 5.37976718e-04 5.62726686e-04
1.65214827e-01 4.69698143e-04 5.65130161e-04
1.65622553e-01 7.69258827e-04 5.66503327e-04
1.66030277e-01 -1.73266907e-04 5.60446885e-04
1.66437999e-01 9.11312700e-04 5.55611255e-04
1.66845720e-01 6.17349084e-04 5.65533918e-04
1.67253439e-01 -3.14011855e-04 5.61407288e-04
1.67661157e-01 5.74383472e-04 5.59250253e-04
1.68068873e-01 4.83537286e-04 5.64321160e-04
1.68476588e-01 -7.47859676e-05 5.66465549e-04
1.68884301e-01 -1.00008536e-03 5.56491267e-04
1.69292012e-01 1.69405597e-04 5.67502799e-04
1.69699721e-01 8.44911185e-04 5.49324022e-04
1.70107430e-01 4.38780592e-04 5.53298358e-04
1.70515136e-01 -3.72648207e-04 5.29374632e-04
1.70922841e-01 -3.31835259e-04 5.34712997e-04
1.71330544e-01 -9.17769446e-04 5.34897347e-04
1.71738246e-01 8.53959480e-04 5.48794954e-04
1.72145946e-01 1.34707963e-03 5.40922063e-04
1.72553644e-01 -1.25928521e-04 5.50942567e-04
1.72961341e-01 5.77261682e-04 5.48104323e-04
1.73369036e-01 3.79664845e-04 5.39770441e-04
1.73776729e-01 3.13800231e-04 5.33999484e-04
1.74184421e-01 6.18550429e-04 5.43556248e-04
1.74592111e-01 9.03872796e-04 5.52743079e-04
1.74999799e-01 2.27442159e-04 5.54973216e-04
1.75407486e-01 -4.02873468e-04 5.57427304e-04
1.75815171e-01 -2.56479811e-04 5.35908128e-04
1.76222855e-01 -3.93881370e-04 5.34632529e-04
1.76630537e-01 -1.40371799e-03 5.36659193e-04
1.77038217e-01 -2.53571753e-06 5.53795222e-04
1.77445895e-01 -3.05510798e-04 5.32158190e-04
1.77853572e-01 8.66996048e-04 5.37096083e-04
1.78261247e-01 7.11611973e-04 5.36887737e-04
1.78668921e-01 -2.74333430e-04 5.40594442e-04
1.79076592e-01 1.55045572e-04 5.26785262e-04
1.79484262e-01 8.46576327e-05 5.29051002e-04
1.79891931e-01 1.86637510e-05 5.28799738e-04
1.80299597e-01 9.60552100e-04 5.26411512e-04
1.80707262e-01 6.76643516e-04 5.26856038e-04
1.81114925e-01 5.27796464e-05 5.15886042e-04
1.81522587e-01 4.36255528e-04 5.39294653e-04
1.81930247e-01 8.76564886e-04 5.28477788e-04
1.82337905e-01 7.09916338e-04 5.29516160e-04
1.82745561e-01 -1.04414471e-03 5.28136848e-04
1.83153215e-01 4.74376984e-04 5.34008596e-04
1.83560868e-01 4.52164835e-04 5.20173430e-04
1.83968519e-01 8.47881015e-04 5.21894213e-04
1.84376169e-01 -8.38211935e-05 5.19111877e-04
1.84783816e-01 -3.67244749e-04 5.20722082e-04
1.85191462e-01 -8.47311338e-04 5.11548723e-04
1.85599106e-01 3.86282021e-04 5.22659363e-04
1.86006749e-01 -1.89438096e-04 5.24578846e-04
1.86414389e-01 -4.65405537e-04 5.11494170e-04
1.86822028e-01 -1.89814535e-05 5.21073060e-04
1.87229665e-01 8.16805647e-04 5.15821536e-04
1.87637300e-01 1.94575934e-04 5.09141985e-04
1.88044934e-01 -5.63375986e-05 5.14279978e-04
1.88452566e-01 4.85084633e-04 5.20611583e-04
1.88860195e-01 6.80515989e-05 5.09286205e-04
1.89267824e-01 -9.87230361e-04 5.10001448e-04
1.89675450e-01 1.21817002e-03 5.02400329e-04
1.90083074e-01 7.04932725e-04 5.12340059e-04
1.90490697e-01 -7.11235763e-04 5.10994406e-04
1.90898318e-01 -2.12503934e-04 5.11244199e-04
1.91305937e-01 -4.10598542e-04 4.94707147e-04
1.91713555e-01 1.04167475e-04 5.04054493e-04
1.92121170e-01 2.41636766e-04 4.92673951e-04
1.92528784e-01 6.11220244e-04 5.10187860e-04
1.92936396e-01 1.27599516e-03 5.10128829e-04
1.93344006e-01 4.90940436e-04 5.02110082e-04
1.93751614e-01 1.54209403e-03 5.15953221e-04
1.94159220e-01 1.22035818e-03 4.95150313e-04
1.94566825e-01 7.95565489e-04 5.01909391e-04
1.94974427e-01 -2.81314764e-04 4.97266760e-04
1.95382028e-01 1.51045676e-04 5.02033010e-04
1.95789627e-01 -1.36533209e-04 4.92348777e-04
1.96197224e-01 -5.45262408e-05 4.94660514e-04
1.96604820e-01 -5.05959256e-05 4.99161364e-04
1.97012413e-01 -1.95374096e-04 4.98930888e-04
1.97420005e-01 4.12732261e-04 5.12247056e-04
1.97827594e-01 1.52787704e-04 5.00672349e-04
1.98235182e-01 -2.93785050e-04 5.06080314e-04
1.98642768e-01 -6.27676608e-04 5.10077322e-04
1.99050352e-01 1.18208123e-03 5.20601185e-04
1.99457934e-01 -5.80292670e-04 4.99487830e-04
1.99865514e-01 1.33368741e-04 5.06902631e-04
2.00273093e-01 -3.66796811e-04 5.01612288e-04
2.00680669e-01 7.34324198e-04 5.09181700e-04
2.01088244e-01 2.15747574e-04 5.19117034e-04
2.01495816e-01 5.79030410e-04 5.13341125e-04
2.01903387e-01 1.96453676e-05 5.11094557e-04
2.02310956e-01 -6.31616926e-04 5.07668228e-04
2.02718523e-01 1.05351066e-03 5.01773708e-04
2.03126088e-01 -1.11361611e-04 5.12857572e-04
2.03533651e-01 6.84183781e-04 5.11470898e-04
2.03941212e-01 3.76585160e-04 5.12238611e-04
2.04348771e-01 3.23716985e-04 5.06640817e-04
2.04756329e-01 2.79198424e-04 5.04730179e-04
2.05163884e-01 3.63103146e-04 5.11522845e-04
2.05571438e-01 2.37609233e-04 5.01916263e-04
2.05978989e-01 8.79590934e-04 4.94150362e-04
2.06386539e-01 6.93266976e-04 4.94840550e-04
2.06794086e-01 -1.17174868e-05 5.03907575e-04
2.07201632e-01 2.18173464e-04 4.98942584e-04
2.07609175e-01 -2.75706430e-04 4.93418543e-04
2.08016717e-01 -1.50630393e-04 4.78338559e-04
2.08424257e-01 1.71167938e-04 4.80232771e-04
2.08831794e-01 -4.46132137e-04 4.82837806e-04
2.09239330e-01 -1.96883853e-04 4.88695825e-04
2.09646864e-01 6.50090944e-04 4.87826389e-04
2.10054396e-01 8.12137817e-04 4.78503568e-04
2.10461925e-01 1.85645014e-04 4.72430949e-04
2.10869453e-01 2.59052522e-05 4.78110469e-04
2.11276979e-01 -1.01813467e-04 4.76687615e-04
2.11684503e-01 8.14680631e-04 4.87612443e-04
2.12092025e-01 -2.63941512e-04 4.86827111e-04
2.12499544e-01 -5.54910761e-05 4.85903048e-04
2.12907062e-01 -5.19708834e-04 4.77181512e-04
2.13314578e-01 -1.26412992e-04 4.84861954e-04
2.13722092e-01 1.25041477e-04 4.76618420e-04
2.14129603e-01 2.19477328e-04 4.92333825e-04
2.14537113e-01 9.91591514e-04 4.87317393e-04
2.14944621e-01 8.73100485e-04 4.83469861e-04
2.15352126e-01 3.58241338e-04 4.85726334e-04
2.15759630e-01 -8.75921513e-04 4.72152475e-04
2.16167131e-01 5.47194183e-04 4.74710259e-04
2.16574631e-01 4.34759814e-04 4.72387795e-04
2.16982128e-01 6.34805664e-04 4.80475719e-04
2.17389624e-01 -3.18851012e-04 4.76308677e-04
2.17797117e-01 -8.47802019e-05 4.68679317e-04
2.18204608e-01 5.04611478e-04 4.60503153e-04
2.18612098e-01 -2.60280099e-04 4.68274983e-04
2.19019585e-01 1.55751651e-04 4.60884934e-04
2.19427070e-01 3.32816172e-04 4.51919449e-04
2.19834553e-01 3.58275951e-04 4.54539310e-04
2.20242034e-01 -1.69237156e-04 4.53260201e-04
2.20649512e-01 7.44848416e-04 4.68088229e-04
2.21056989e-01 -3.64988188e-04 4.67317474e-04
2.21464464e-01 5.33082052e-05 4.66716633e-04
2.21871936e-01 3.81976049e-04 4.66088682e-04
2.22279407e-01 -4.79732916e-04 4.63586826e-04
2.22686875e-01 1.34272730e-04 4.59540229e-04
2.23094341e-01 3.10835307e-04 4.62499760e-04
2.23501805e-01 4.70188416e-04 4.63272978e-04
2.23909267e-01 5.28952743e-04 4.59097582e-04
2.24316727e-01 -6.92491568e-04 4.62779125e-04
2.24724185e-01 7.17749587e-04 4.65994431e-04
2.25131641e-01 -2.30919810e-04 4.59816920e-04
2.25539094e-01 4.62536996e-04 4.56001006e-04
2.25946545e-01 8.93157341e-04 4.61383413e-04
2.26353995e-01 6.16922089e-04 4.58693024e-04
2.26761442e-01 5.46997026e-04 4.58618318e-04
2.27168887e-01 1.17353725e-03 4.58602574e-04
2.27576329e-01 4.89830274e-04 4.51552415e-04
2.27983770e-01 1.03334818e-04 4.60258158e-04
2.28391208e-01 6.10510783e-04 4.53882761e-04
2.28798645e-01 1.54372579e-04 4.55006617e-04
2.29206079e-01 -3.10151504e-05 4.62865076e-04
2.29613511e-01 2.93650479e-04 4.65389698e-04
2.30020941e-01 -8.92840489e-04 4.66497245e-04
2.30428368e-01 -3.75626626e-04 4.61370161e-04
2.30835794e-01 4.89487251e-04 4.67984552e-04
2.31243217e-01 -2.00600304e-04 4.56704984e-04
2.31650638e-01 2.60484818e-04 4.62016666e-04
2.32058057e-01 -7.23094974e-06 4.63803640e-04
2.32465473e-01 2.74020472e-04 4.65708185e-04
2.32872888e-01 4.09845251e-04 4.70720478e-04
2.33280300e-01 2.97249523e-04 4.61709368e-04
2.33687710e-01 -4.67814853e-04 4.61146543e-04
2.34095118e-01 1.79354553e-04 4.58349212e-04
2.34502524e-01 1.96920421e-04 4.68624075e-04
2.34909927e-01 1.23238770e-03 4.69845051e-04
2.35317328e-01 1.10655679e-03 4.66069591e-04
2.35724727e-01 3.74577644e-04 4.58264361e-04
2.36132124e-01 1.39235218e-04 4.53922233e-04
2.36539518e-01 4.71296462e-04 4.57412484e-04
2.36946911e-01 1.85189375e-04 4.51554179e-04
2.37354301e-01 1.11529146e-04 4.52521310e-04
2.37761688e-01 5.25220462e-04 4.60912803e-04
2.38169074e-01 1.30892689e-04 4.56001249e-04
2.38576457e-01 5.98254069e-04 4.58324032e-04
2.38983838e-01 2.82229195e-04 4.44768519e-04
2.39391217e-01 2.38192351e-04 4.51971280e-04
2.39798593e-01 -2.04747368e-04 4.54701071e-04
2.40205967e-01 1.01621523e-04 4.47245402e-04
2.40613339e-01 6.80506925e-04 4.49929482e-04
2.41020709e-01 4.74396066e-05 4.45603324e-04
2.41428076e-01 -9.46209168e-06 4.46873031e-04
2.41835441e-01 -3.20418896e-04 4.41787287e-04
2.42242804e-01 -3.25358293e-05 4.45967820e-04
2.42650165e-01 -9.52558239e-05 4.33189116e-04
2.43057523e-01 9.47113937e-04 4.44611507e-04
2.43464879e-01 -6.58716168e-05 4.46642734e-04
2.43872232e-01 5.77036840e-04 4.48321413e-04
2.44279584e-01 9.74252428e-04 4.34415945e-04
2.44686933e-01 5.22056381e-04 4.36461007e-04
2.45094279e-01 9.89398492e-05 4.40304529e-04
2.45501624e-01 -1.38110839e-04 4.35810673e-04
2.45908966e-01 5.75287138e-04 4.37052066e-04
2.46316305e-01 5.99928738e-04 4.37143237e-04
2.46723643e-01 3.28147532e-04 4.35050804e-04
2.47130978e-01 2.13394918e-04 4.33642399e-04
2.47538310e-01 4.42463393e-04 4.28562873e-04
2.47945641e-01 3.65912813e-04 4.30220305e-04
2.48352969e-01 -2.95803722e-04 4.29951290e-04
2.48760294e-01 -1.28762204e-04 4.28655804e-04
2.49167618e-01 4.08383538e-04 4.23608794e-04
2.49574939e-01 -5.32227631e-05 4.42201921e-04
2.49982257e-01 -6.22269836e-04 4.23653309e-04
2.50389573e-01 4.76811435e-04 4.32159838e-04
2.50796887e-01 4.19861902e-04 4.32867910e-04
2.51204199e-01 -3.21726910e-04 4.18407207e-04
2.51611508e-01 3.62887859e-04 4.22611919e-04
2.52018815e-01 8.52201680e-05 4.32415522e-04
2.52426119e-01 3.87437271e-04 4.26652537e-04
2.52833421e-01 -3.77329115e-04 4.19937102e-04
2.53240720e-01 1.22806164e-04 4.23842096e-04
2.53648017e-01 4.09697599e-04 4.30214646e-04
2.54055312e-01 1.49484390e-04 4.26976218e-04
2.54462605e-01 -6.85618821e-04 4.21655103e-04
2.54869894e-01 6.89551664e-04 4.26476144e-04
2.55277182e-01 5.44282952e-04 4.26212556e-04
2.55684467e-01 1.50682139e-04 4.25745382e-04
2.56091750e-01 1.58424337e-05 4.19586032e-04
2.56499030e-01 -5.31874477e-05 4.14926799e-04
2.56906308e-01 4.49787169e-04 4.24152236e-04
2.57313583e-01 5.97794908e-04 4.20716698e-04
2.57720856e-01 6.34119581e-04 4.26853053e-04
2.58128127e-01 1.46582479e-04 4.12462453e-04
2.58535395e-01 -4.56737376e-04 4.15399240e-04
2.58942661e-01 2.14962876e-04 4.16631064e-04
2.59349924e-01 1.04873985e-03 4.19953549e-04
2.59757184e-01 1.00413956e-03 4.15947710e-04
2.60164443e-01 9.98544792e-05 4.21928132e-04
2.60571699e-01 3.49868734e-04 4.23657697e-04
2.60978952e-01 3.96678023e-04 4.20001595e-04
2.61386203e-01 -8.34711177e-05 4.13480865e-04
2.61793451e-01 1.58797405e-04 4.28490796e-04
2.62200697e-01 -1.22904326e-04 4.17145791e-04
2.62607941e-01 1.83693322e-04 4.14997945e-04
2.63015182e-01 3.26911357e-04 4.12499797e-04
2.63422420e-01 -1.60115971e-04 4.07238009e-04
2.63829656e-01 -5.18285216e-04 4.13508134e-04
2.64236890e-01 -2.58804209e-04 4.19045094e-04
2.64644121e-01 -1.20068935e-04 4.22134201e-04
2.65051349e-01 -1.87913827e-05 4.13975381e-04
2.65458575e-01 -1.59347347e-04 4.04683890e-04
2.65865799e-01 -2.69666110e-04 4.05982536e-04
2.66273019e-01 3.47115557e-04 4.03482893e-04
2.66680238e-01 5.21705316e-04 4.16123752e-04
2.67087454e-01 8.79413892e-05 4.13912635e-04
2.67494667e-01 9.48025206e-04 4.15223925e-04
2.67901878e-01 4.75078493e-04 4.10165895e-04
2.68309086e-01 -7.25498917e-05 4.07599657e-04
2.68716292e-01 -1.99530001e-04 4.02914297e-04
2.69123495e-01 2.23902822e-05 3.97597430e-04
2.69530696e-01 8.56475642e-04 4.05686115e-04
2.69937894e-01 1.22979107e-04 4.09539233e-04
2.70345090e-01 4.90943765e-04 4.10385167e-04
2.70752283e-01 5.57357923e-04 4.17616501e-04
2.71159473e-01 5.54219304e-04 4.06374951e-04
2.71566661e-01 -4.96956498e-04 4.00530435e-04
2.71973847e-01 -1.48034962e-04 4.02782760e-04
2.72381030e-01 8.40968880e-04 4.08818801e-04
2.72788210e-01 8.44328349e-05 4.14719931e-04
2.73195387e-01 -5.15574042e-04 4.00663633e-04
2.73602562e-01 5.90561033e-04 3.95772735e-04
2.74009735e-01 4.48038593e-05 4.14070367e-04
2.74416905e-01 3.18931257e-04 4.07408127e-04
2.74824072e-01 1.04491840e-03 4.01819092e-04
2.75231237e-01 6.90390334e-04 4.06470905e-04
2.75638399e-01 2.88214287e-04 3.96315544e-04
2.76045558e-01 2.43046205e-04 3.96689502e-04
2.76452715e-01 -5.81616799e-04 3.85160143e-04
2.76859869e-01 4.76610683e-04 3.99334905e-04
2.77267021e-01 2.43086252e-04 4.05894019e-04
2.77674170e-01 2.35424034e-04 3.93452544e-04
2.78081316e-01 5.79776913e-04 4.02674550e-04
2.78488460e-01 8.75900428e-04 3.96060407e-04
2.78895601e-01 8.30141142e-04 3.96803911e-04
2.79302740e-01 -2.44808312e-04 3.92154201e-04
2.79709875e-01 7.84012011e-04 3.97979527e-04
2.80117009e-01 5.95065733e-04 3.95138369e-04
2.80524139e-01 1.02525348e-04 3.97186041e-04
2.80931267e-01 4.75522061e-04 3.97763086e-04
2.81338392e-01 1.27495894e-04 3.90774465e-04
2.81745515e-01 8.50320859e-06 4.02339942e-04
2.82152635e-01 6.64309997e-04 3.99114315e-04
2.82559752e-01 -4.12594989e-04 4.01317298e-04
2.82966866e-01 1.53164986e-04 3.93109275e-04
2.83373978e-01 -2.01408230e-04 3.93744811e-04
2.83781088e-01 7.10522421e-04 3.91509365e-04
2.84188194e-01 -1.44860469e-04 3.94674903e-04
2.84595298e-01 4.23291139e-05 3.88741471e-04
2.85002399e-01 3.06265555e-04 3.91555796e-04
2.85409497e-01 1.18865042e-04 3.97283464e-04
2.85816593e-01 5.58656793e-04 3.96220638e-04
2.86223686e-01 -5.25686030e-04 3.90606606e-04
2.86630777e-01 3.80592649e-04 3.92261692e-04
2.87037864e-01 -6.20659043e-04 4.06037321e-04
2.87444949e-01 1.02435065e-04 3.91730026e-04
2.87852031e-01 3.16530686e-06 4.02514466e-04
2.88259111e-01 1.81272517e-04 4.09428397e-04
2.88666188e-01 1.18649493e-04 4.03396300e-04
2.89073262e-01 4.70895994e-04 3.97860938e-04
2.89480333e-01 1.52736418e-04 4.01377329e-04
2.89887401e-01 1.35586836e-03 4.05447424e-04
2.90294467e-01 -2.94303840e-04 4.03113670e-04
2.90701530e-01 -3.14455315e-04 4.04305570e-04
2.91108591e-01 -8.66011696e-05 3.92896347e-04
2.91515648e-01 2.22068015e-04 4.03830536e-04
2.91922703e-01 4.35024728e-05 3.93660165e-04
2.92329755e-01 -5.49180579e-04 3.87608728e-04
2.92736804e-01 4.73138484e-04 3.94676487e-04
2.93143851e-01 -1.99066390e-04 3.83197943e-04
2.93550895e-01 4.52298639e-04 3.92621984e-04
2.93957936e-01 9.22628929e-04 3.87815532e-04
2.94364974e-01 -4.99365409e-04 3.83291636e-04
2.94772009e-01 7.53079208e-04 3.92292001e-04
2.95179042e-01 -8.61805796e-05 3.88293892e-04
2.95586072e-01 5.44238766e-04 3.92759467e-04
2.95993099e-01 5.60668322e-04 3.99102426e-04
2.96400123e-01 3.33426763e-05 3.87128118e-04
2.96807145e-01 2.15555986e-04 3.96009621e-04
2.97214163e-01 3.01977165e-04 3.98312730e-04
2.97621179e-01 -2.13065735e-04 3.94381443e-04
2.98028192e-01 1.38418823e-04 3.92719673e-04
2.98435202e-01 1.09778627e-05 3.86614387e-04
2.98842210e-01 2.82508168e-04 4.01186478e-04
2.99249214e-01 -1.11469146e-04 3.97319815e-04
2.99656216e-01 -3.48916268e-04 3.93028935e-04
3.00063215e-01 -1.67270857e-04 3.95787717e-04
3.00470211e-01 2.16789890e-05 3.93308236e-04
3.00877204e-01 3.62955178e-04 3.99770237e-04
3.01284194e-01 6.80508595e-05 3.96158421e-04
3.01691182e-01 9.22266012e-04 3.94032786e-04
3.02098167e-01 5.09769783e-04 3.89607261e-04
3.02505149e-01 1.78042430e-04 3.89974663e-04
3.02912128e-01 -2.68145317e-04 3.98719677e-04
3.03319104e-01 1.55462964e-04 3.85477525e-04
3.03726077e-01 -4.70999026e-04 3.95101719e-04
3.04133047e-01 3.53021558e-05 3.98205622e-04
3.04540015e-01 5.78263512e-04 3.95024444e-04
3.04946979e-01 2.93354137e-04 3.86749275e-04
3.05353941e-01 -1.61682274e-04 3.86772197e-04
3.05760900e-01 2.41641828e-04 3.92519462e-04
3.06167856e-01 -1.72907406e-04 3.92267462e-04
3.06574809e-01 3.46485311e-04 3.90539980e-04
3.06981759e-01 4.46634310e-04 3.91767955e-04
3.07388706e-01 -2.28572791e-04 3.97012466e-04
3.07795651e-01 9.11171340e-05 3.89601449e-04
3.08202592e-01 2.38391162e-05 3.97062409e-04
3.08609531e-01 1.15927710e-03 4.00680176e-04
3.09016466e-01 -2.95265095e-05 3.95324223e-04
3.09423399e-01 5.22065656e-04 4.00127941e-04
3.09830329e-01 2.01075730e-06 3.96748564e-04
3.10237256e-01 1.42876153e-04 4.04916946e-04
3.10644180e-01 5.78759981e-04 3.97010351e-04
3.11051101e-01 1.17109234e-03 4.05061547e-04
3.11458019e-01 1.25389455e-04 3.94924300e-04
3.11864934e-01 -1.18157997e-04 4.00298750e-04
3.12271846e-01 1.09430788e-04 3.95899156e-04
3.12678755e-01 2.72064455e-04 4.02480894e-04
3.13085661e-01 1.19643334e-04 4.02937170e-04
3.13492565e-01 5.86340636e-04 4.05018524e-04
3.13899465e-01 3.97236710e-04 3.94416984e-04
3.14306362e-01 7.51615784e-04 3.98096864e-04
3.14713257e-01 5.67000024e-04 4.04353317e-04
3.15120148e-01 1.06203655e-03 4.09242773e-04
3.15527037e-01 2.56620708e-04 4.02411637e-04
3.15933922e-01 -3.37945906e-04 4.18358621e-04
3.16340805e-01 -1.89718402e-04 4.44211021e-04
3.16747684e-01 6.81320880e-04 4.88891379e-04
3.17154561e-01 2.19244194e-04 5.12068964e-04
3.17561434e-01 -9.70356871e-04 5.26841312e-04
3.17968305e-01 -4.04653611e-04 5.81703003e-04
3.18375172e-01 2.96222403e-04 6.19260468e-04
3.18782037e-01 5.61841437e-04 6.31997119e-04
3.19188898e-01 1.17192339e-03 6.49432290e-04
3.19595757e-01 2.74156950e-04 6.79667162e-04
3.20002612e-01 2.28045982e-04 7.11648245e-04
3.20409465e-01 1.75509092e-03 7.99496875e-04
3.20816314e-01 -2.74079462e-04 8.68549144e-04
3.21223160e-01 -6.89548081e-04 9.27730953e-04
3.21630004e-01 3.12063271e-04 1.10079090e-03
3.22036844e-01 2.63773762e-03 1.31070578e-03
3.22443681e-01 -3.97798480e-04 1.91148727e-03
3.22850516e-01 1.03906135e-03 6.37630253e-03
