4.08043586e-03 -8.85840436e-02 2.82634190e-02
4.48847930e-03 -4.18764840e-02 2.87118907e-02
4.89652269e-03 -4.56237756e-02 1.90081427e-02
5.30456604e-03 -4.03217376e-02 1.41265172e-02
5.71260934e-03 -2.53162703e-02 1.13031283e-02
6.12065258e-03 -2.47264069e-02 8.42373968e-03
6.52869577e-03 -1.38302228e-02 7.34737780e-03
6.93673889e-03 -1.45890294e-02 6.30964691e-03
7.34478195e-03 -9.16710153e-03 5.74258873e-03
7.75282494e-03 -1.06488574e-02 5.63758635e-03
8.16086785e-03 -9.47557224e-03 4.84653127e-03
8.56891069e-03 -9.77073152e-03 4.47311389e-03
8.97695345e-03 -3.68403090e-03 4.08681960e-03
9.38499612e-03 -2.51660791e-03 3.91099986e-03
9.79303870e-03 -7.77354937e-03 3.63550458e-03
1.02010812e-02 -3.88797827e-03 3.34626337e-03
1.06091236e-02 1.27196152e-03 3.23832589e-03
1.10171659e-02 -3.67811163e-03 3.08438010e-03
1.14252081e-02 -9.07299383e-04 2.97364072e-03
1.18332501e-02 -3.76899672e-03 2.78763339e-03
1.22412921e-02 1.27000583e-03 2.75421848e-03
1.26493339e-02 -2.48261645e-03 2.74697397e-03
1.30573757e-02 -1.42951340e-03 2.40058208e-03
1.34654173e-02 1.89460690e-03 2.57678186e-03
1.38734588e-02 -1.01598907e-03 2.40110021e-03
1.42815001e-02 8.34142999e-05 2.47496973e-03
1.46895413e-02 2.58696100e-04 2.22727479e-03
1.50975824e-02 1.87925166e-03 2.29468613e-03
1.55056233e-02 -3.72955037e-03 2.21899141e-03
1.59136641e-02 3.61823387e-04 1.86502741e-03
1.63217047e-02 5.13044918e-03 2.11755048e-03
1.67297452e-02 -1.45229872e-03 1.97092629e-03
1.71377855e-02 -5.35362177e-05 2.03036184e-03
1.75458257e-02 1.82033291e-03 1.95005730e-03
1.79538657e-02 -2.13625092e-03 2.01721877e-03
1.83619055e-02 -2.49824196e-03 1.85630645e-03
1.87699451e-02 4.77832681e-04 1.78296041e-03
1.91779846e-02 9.87862002e-04 2.02758483e-03
1.95860239e-02 -4.85914006e-04 1.97435120e-03
1.99940630e-02 1.40738825e-03 1.90191931e-03
2.04021019e-02 1.72062435e-03 1.80415098e-03
2.08101406e-02 2.19580459e-03 1.83285394e-03
2.12181791e-02 1.87532138e-03 1.67718342e-03
2.16262174e-02 -2.22571332e-03 1.75310373e-03
2.20342555e-02 2.35634108e-03 1.78131832e-03
2.24422934e-02 -7.27230136e-04 1.73273962e-03
2.28503311e-02 6.78882201e-04 1.68156165e-03
2.32583686e-02 2.02083460e-03 1.64373075e-03
2.36664058e-02 2.77910278e-04 1.56715872e-03
2.40744429e-02 -1.28628106e-03 1.59883202e-03
2.44824797e-02 1.11906422e-03 1.71226341e-03
2.48905162e-02 -4.30743716e-04 1.65234680e-03
2.52985525e-02 1.58453934e-03 1.75133119e-03
2.57065886e-02 -3.24974229e-04 1.77972575e-03
2.61146245e-02 5.54223867e-04 1.61955048e-03
2.65226601e-02 -2.18916673e-03 1.65502633e-03
2.69306954e-02 2.88574109e-04 1.64300191e-03
2.73387305e-02 6.04234095e-04 1.70167698e-03
2.77467653e-02 -8.32742276e-04 1.65476805e-03
2.81547999e-02 4.37748493e-04 1.70979611e-03
2.85628342e-02 1.83171932e-05 1.68556691e-03
2.89708682e-02 3.80371625e-03 1.65240743e-03
2.93789020e-02 1.38417264e-03 1.67176439e-03
2.97869355e-02 4.62591823e-04 1.58238224e-03
3.01949687e-02 5.15629538e-05 1.79701669e-03
3.06030016e-02 1.01730105e-03 1.66624002e-03
3.10110342e-02 2.35903264e-03 1.61673570e-03
3.14190665e-02 8.22830374e-05 1.52196071e-03
3.18270985e-02 2.50863443e-03 1.55571641e-03
3.22351302e-02 2.32869876e-03 1.51704265e-03
3.26431617e-02 1.93881135e-03 1.47780418e-03
3.30511928e-02 1.62450852e-03 1.53036418e-03
3.34592236e-02 1.74487638e-03 1.38134972e-03
3.38672540e-02 -7.25226721e-05 1.41653491e-03
3.42752842e-02 -8.50755713e-04 1.45531446e-03
3.46833140e-02 -2.84512943e-03 1.35264162e-03
3.50913435e-02 -1.56080871e-03 1.38011099e-03
3.54993727e-02 -1.20080868e-04 1.40929793e-03
3.59074015e-02 9.28393782e-04 1.43948213e-03
3.63154300e-02 -2.32648739e-04 1.36667750e-03
3.67234581e-02 -5.16974692e-04 1.40803518e-03
3.71314859e-02 -1.42622740e-03 1.37348974e-03
3.75395134e-02 7.28333410e-04 1.41545700e-03
3.79475405e-02 2.29687877e-03 1.29367468e-03
3.83555672e-02 1.88892576e-03 1.29260969e-03
3.87635935e-02 -2.52892637e-04 1.32646547e-03
3.91716195e-02 9.58418793e-05 1.38515065e-03
3.95796452e-02 6.51620917e-04 1.49402123e-03
3.99876704e-02 1.16836373e-03 1.37541341e-03
4.03956953e-02 1.14996179e-03 1.31925450e-03
4.08037198e-02 -1.28416030e-03 1.31160648e-03
4.12117439e-02 1.24460505e-03 1.32637886e-03
4.16197676e-02 -4.16634955e-04 1.24312421e-03
4.20277909e-02 1.32480619e-03 1.24540570e-03
4.24358138e-02 -1.56064016e-04 1.22426898e-03
4.28438363e-02 5.76399849e-05 1.30361721e-03
4.32518584e-02 -2.61072414e-04 1.23584830e-03
4.36598801e-02 -1.53007773e-03 1.22097244e-03
4.40679014e-02 -6.37980010e-04 1.20196285e-03
4.44759222e-02 -1.09390021e-03 1.17005598e-03
4.48839427e-02 2.47938874e-03 1.25691292e-03
4.52919627e-02 -3.89566131e-04 1.19467361e-03
4.56999823e-02 5.32207939e-04 1.18711238e-03
4.61080014e-02 -1.16300103e-04 1.16659743e-03
4.65160201e-02 -6.61606047e-04 1.17531092e-03
4.69240384e-02 -5.56345411e-04 1.17840219e-03
4.73320562e-02 -7.67512382e-04 1.16965157e-03
4.77400736e-02 1.14941862e-03 1.13909596e-03
4.81480905e-02 1.58004994e-04 1.21998193e-03
4.85561070e-02 3.17676701e-04 1.13944688e-03
4.89641230e-02 -2.20100582e-03 1.12454104e-03
4.93721385e-02 -6.15213590e-04 1.13032283e-03
4.97801536e-02 -8.69193070e-04 1.14981463e-03
5.01881682e-02 -1.53736646e-03 1.15826761e-03
5.05961823e-02 2.03190644e-03 1.17583464e-03
5.10041960e-02 -9.09106509e-04 1.14545965e-03
5.14122091e-02 8.34791359e-04 1.15932218e-03
5.18202218e-02 -6.80998432e-04 1.15715859e-03
5.22282340e-02 -6.07778510e-04 1.14284727e-03
5.26362457e-02 1.51773073e-04 1.11731659e-03
5.30442569e-02 2.81634204e-03 1.08483679e-03
5.34522675e-02 2.51904436e-04 1.08209368e-03
5.38602777e-02 3.53056745e-04 1.08104266e-03
5.42682874e-02 -1.50079938e-03 1.07907961e-03
5.46762965e-02 -7.85937235e-04 1.13099942e-03
5.50843052e-02 -1.18773970e-04 1.07735398e-03
5.54923133e-02 -3.67439575e-04 1.11606873e-03
5.59003208e-02 2.13217825e-03 1.06652075e-03
5.63083279e-02 1.89903508e-04 1.12274672e-03
5.67163344e-02 -8.41441335e-04 1.09120932e-03
5.71243404e-02 -1.76612929e-04 1.05147629e-03
5.75323458e-02 -4.32287646e-05 1.10541785e-03
5.79403507e-02 6.48412418e-04 1.07222282e-03
5.83483551e-02 1.82162827e-04 1.11840782e-03
5.87563588e-02 -5.02834484e-04 1.08038501e-03
5.91643621e-02 1.04811860e-04 1.11143884e-03
5.95723647e-02 -1.36100711e-03 1.11844556e-03
5.99803668e-02 3.27137598e-04 1.13819130e-03
6.03883684e-02 5.73133747e-04 1.10182521e-03
6.07963693e-02 1.89835182e-03 1.13739274e-03
6.12043697e-02 -1.53751730e-03 1.10485581e-03
6.16123695e-02 3.94431075e-04 1.10066943e-03
6.20203687e-02 1.04018227e-03 1.09908677e-03
6.24283674e-02 3.36200744e-04 1.12973844e-03
6.28363654e-02 -8.59501805e-04 1.02251265e-03
6.32443629e-02 2.32130774e-04 1.02762823e-03
6.36523597e-02 -1.08584618e-05 1.00254870e-03
6.40603559e-02 -2.62579849e-05 1.02947413e-03
6.44683516e-02 1.79526143e-03 1.04111722e-03
6.48763466e-02 2.00318271e-03 1.02584053e-03
6.52843410e-02 -2.36147197e-03 1.00317059e-03
6.56923348e-02 1.83788902e-04 1.05222540e-03
6.61003279e-02 -8.07809925e-04 1.03382176e-03
6.65083205e-02 -5.00700460e-04 9.97144803e-04
6.69163124e-02 2.62953216e-04 9.96131195e-04
6.73243036e-02 -2.43319066e-05 9.73387494e-04
6.77322943e-02 3.17271476e-04 1.01328501e-03
6.81402842e-02 1.37512541e-03 9.86980849e-04
6.85482736e-02 1.11193908e-03 1.00790917e-03
6.89562623e-02 1.41389118e-03 9.77718373e-04
6.93642503e-02 4.56824327e-05 9.94491944e-04
6.97722377e-02 5.30940498e-04 9.52142638e-04
7.01802244e-02 -5.69678274e-04 9.97791784e-04
7.05882105e-02 4.01286809e-04 9.74748228e-04
7.09961958e-02 -1.61444346e-03 9.12498419e-04
7.14041805e-02 -8.34275455e-04 9.14372804e-04
7.18121646e-02 -1.19259428e-03 9.16616585e-04
7.22201479e-02 1.23193240e-03 9.50594991e-04
7.26281306e-02 6.62812478e-04 9.38640210e-04
7.30361126e-02 -1.74985572e-03 9.32384012e-04
7.34440938e-02 1.46870217e-05 9.13949752e-04
7.38520744e-02 -1.52413912e-03 9.35225922e-04
7.42600543e-02 1.10741962e-04 9.43748906e-04
7.46680335e-02 2.78353091e-04 9.21144269e-04
7.50760119e-02 -1.06106731e-03 9.36143686e-04
7.54839897e-02 -2.09585204e-03 9.20061574e-04
7.58919667e-02 -1.23260580e-03 9.28325685e-04
7.62999431e-02 -2.95023091e-04 9.30277967e-04
7.67079187e-02 1.20661479e-04 9.35585549e-04
7.71158935e-02 -4.85390103e-05 8.96389237e-04
7.75238677e-02 8.33506540e-04 8.82204407e-04
7.79318411e-02 2.99422312e-04 9.17390118e-04
7.83398137e-02 9.31844136e-04 9.24641721e-04
7.87477857e-02 6.40064597e-04 9.01772113e-04
7.91557568e-02 9.26662370e-04 9.11240972e-04
7.95637273e-02 -5.69507578e-04 9.11979767e-04
7.99716969e-02 4.41459339e-04 8.53196430e-04
8.03796658e-02 8.66768237e-04 9.14114491e-04
8.07876340e-02 -7.35256478e-04 8.72513742e-04
8.11956014e-02 -1.04517804e-03 8.76075094e-04
8.16035680e-02 9.78765448e-04 8.61259516e-04
8.20115338e-02 -4.03637134e-04 8.72170298e-04
8.24194989e-02 1.73492443e-04 8.87885053e-04
8.28274631e-02 2.10429989e-03 8.81431668e-04
8.32354266e-02 1.89169900e-04 8.68688702e-04
8.36433893e-02 -7.95629595e-05 8.50398550e-04
8.40513512e-02 -8.92665091e-04 8.17767723e-04
8.44593123e-02 3.34266503e-04 8.32373660e-04
8.48672727e-02 3.22269286e-04 8.43235263e-04
8.52752322e-02 1.26681424e-03 8.50264542e-04
8.56831909e-02 1.70594796e-03 8.56875541e-04
8.60911487e-02 8.17064079e-04 8.53113533e-04
8.64991058e-02 -8.35244629e-04 8.28888108e-04
8.69070620e-02 -1.16215691e-03 8.56835922e-04
8.73150175e-02 6.82092177e-04 8.61342340e-04
8.77229721e-02 1.61244774e-03 8.25035167e-04
8.81309258e-02 7.76016504e-04 8.31238580e-04
8.85388787e-02 1.13483575e-03 8.57636557e-04
8.89468308e-02 2.21394144e-04 8.41118650e-04
8.93547821e-02 1.43779655e-04 8.28833431e-04
8.97627325e-02 -9.00201554e-04 8.05023393e-04
9.01706820e-02 9.75422483e-04 8.24535875e-04
9.05786307e-02 3.19100294e-04 8.20985850e-04
9.09865785e-02 -8.59786260e-04 8.19165765e-04
9.13945255e-02 -1.01019382e-03 8.21392067e-04
9.18024716e-02 -1.92995312e-04 7.67056978e-04
9.22104168e-02 1.53788705e-03 8.46315971e-04
9.26183611e-02 6.68799663e-04 8.24958220e-04
9.30263046e-02 -8.78642210e-04 8.08393488e-04
9.34342472e-02 8.63899820e-04 8.30523491e-04
9.38421889e-02 7.68622174e-04 8.01987446e-04
9.42501297e-02 6.01624211e-04 8.00450908e-04
9.46580696e-02 1.04173521e-03 8.22052709e-04
9.50660087e-02 2.17541097e-04 8.24702502e-04
9.54739468e-02 1.81052150e-04 8.16934197e-04
9.58818840e-02 8.04523144e-04 7.79628265e-04
9.62898203e-02 -8.55291186e-04 8.07546699e-04
9.66977557e-02 -7.89249587e-04 8.02783180e-04
9.71056902e-02 -5.33174536e-04 7.85301126e-04
9.75136237e-02 1.03676826e-03 7.99356850e-04
9.79215564e-02 -4.03285429e-04 7.77411007e-04
9.83294881e-02 -1.61409598e-03 7.76560442e-04
9.87374188e-02 -6.82903688e-04 7.85926744e-04
9.91453487e-02 -2.22285742e-04 7.78628289e-04
9.95532775e-02 8.97782488e-04 7.66815967e-04
9.99612055e-02 5.56124102e-05 7.65515699e-04
1.00369132e-01 -2.33716422e-04 7.53228184e-04
1.00777059e-01 5.41795511e-04 7.74003153e-04
1.01184984e-01 8.27250122e-04 7.84283707e-04
1.01592908e-01 4.72133256e-04 7.60877554e-04
1.02000831e-01 1.23106062e-04 7.52227178e-04
1.02408753e-01 8.22437180e-04 7.50807923e-04
1.02816674e-01 1.50379109e-03 7.57887160e-04
1.03224595e-01 4.42795928e-04 7.44116531e-04
1.03632514e-01 2.19984715e-04 7.51558486e-04
1.04040432e-01 3.79201129e-04 7.64342195e-04
1.04448349e-01 3.71611766e-04 7.37170786e-04
1.04856266e-01 1.21219973e-03 7.42609518e-04
1.05264181e-01 6.97741776e-04 7.37796066e-04
1.05672095e-01 1.04950128e-05 7.45912602e-04
1.06080009e-01 7.61505563e-04 7.53558804e-04
1.06487921e-01 -5.99753264e-04 7.05314422e-04
1.06895832e-01 -2.51358475e-04 7.57704034e-04
1.07303743e-01 -4.09600013e-04 7.53958059e-04
1.07711652e-01 -4.19352469e-04 7.40815426e-04
1.08119560e-01 2.88183186e-04 7.49306262e-04
1.08527467e-01 -9.53988476e-04 7.55400393e-04
1.08935374e-01 -4.01752458e-04 7.52000405e-04
1.09343279e-01 -5.49811148e-04 7.37857855e-04
1.09751183e-01 8.49168756e-04 7.23307256e-04
1.10159086e-01 -3.95050773e-04 7.27005392e-04
1.10566988e-01 -2.04809302e-04 7.08277450e-04
1.10974889e-01 -5.31022223e-04 7.19865755e-04
1.11382789e-01 1.37569246e-03 7.40954482e-04
1.11790688e-01 1.14184736e-03 7.19560354e-04
1.12198586e-01 -1.44516577e-03 7.21893155e-04
1.12606482e-01 -6.20153145e-04 7.26777415e-04
1.13014378e-01 -1.42794439e-04 7.42562871e-04
1.13422273e-01 1.44499445e-03 7.73666967e-04
1.13830166e-01 6.57458530e-04 7.49356840e-04
1.14238059e-01 -8.06414257e-05 7.24299937e-04
1.14645950e-01 2.25467434e-04 7.38581324e-04
1.15053840e-01 2.95246026e-06 7.30733717e-04
1.15461730e-01 1.30353610e-03 7.32838010e-04
1.15869618e-01 1.38155332e-04 7.29293020e-04
1.16277505e-01 2.78920052e-04 7.47443645e-04
1.16685391e-01 5.22598716e-04 7.39460497e-04
1.17093275e-01 8.50444035e-04 7.72453635e-04
1.17501159e-01 1.79197056e-03 7.85001238e-04
1.17909042e-01 -2.29481402e-04 7.38112117e-04
1.18316923e-01 -9.17193400e-04 7.22188256e-04
1.18724803e-01 -2.15930500e-04 7.30153655e-04
1.19132683e-01 2.51698516e-04 7.09668313e-04
1.19540561e-01 1.25004191e-03 7.19513116e-04
1.19948438e-01 -1.49018328e-03 7.05703813e-04
1.20356313e-01 -6.81749920e-04 6.61685520e-04
1.20764188e-01 1.00954879e-03 7.03144484e-04
1.21172062e-01 -4.10642127e-04 6.96627008e-04
1.21579934e-01 1.07643510e-03 6.95569927e-04
1.21987805e-01 -3.00713206e-04 6.93997234e-04
1.22395675e-01 -3.70972136e-04 6.85088048e-04
1.22803544e-01 5.22661683e-04 6.84549459e-04
1.23211412e-01 -6.42468714e-04 6.72542078e-04
1.23619278e-01 -2.78579167e-04 6.99700515e-04
1.24027144e-01 2.85028257e-05 6.78079463e-04
1.24435008e-01 4.94484543e-04 6.97686197e-04
1.24842871e-01 8.21644204e-04 6.85653578e-04
1.25250733e-01 -7.41040040e-04 6.77746992e-04
1.25658594e-01 1.02416035e-03 6.77099754e-04
1.26066453e-01 2.83792141e-04 6.92626950e-04
1.26474311e-01 1.08482952e-03 6.71023834e-04
1.26882168e-01 2.29757279e-04 6.75555996e-04
1.27290024e-01 3.23712900e-04 6.75468948e-04
1.27697879e-01 4.27845256e-04 6.59997816e-04
1.28105732e-01 3.69999472e-04 6.79291349e-04
1.28513585e-01 5.60882907e-04 6.62483834e-04
1.28921436e-01 -4.14264044e-04 6.61994939e-04
1.29329285e-01 -3.65983315e-04 6.59104729e-04
1.29737134e-01 -9.70892852e-05 6.58289221e-04
1.30144981e-01 -3.96500170e-05 6.51123314e-04
1.30552828e-01 4.36428901e-04 6.49371446e-04
1.30960672e-01 6.68547094e-04 6.42257408e-04
1.31368516e-01 -1.71303458e-04 6.46374385e-04
1.31776358e-01 -3.11782583e-04 6.40931191e-04
1.32184200e-01 -4.89751092e-04 6.38754431e-04
1.32592039e-01 -8.09002500e-04 6.28503650e-04
1.32999878e-01 1.03426118e-03 6.38497766e-04
1.33407715e-01 3.41205220e-04 6.62325578e-04
1.33815552e-01 2.93046727e-04 6.31660046e-04
1.34223386e-01 5.40450795e-04 6.40202407e-04
1.34631220e-01 -6.07647471e-04 6.19946581e-04
1.35039052e-01 -7.17245394e-04 6.52480100e-04
1.35446883e-01 5.02165349e-05 6.49186065e-04
1.35854713e-01 1.64284035e-05 6.24662718e-04
1.36262541e-01 3.32194743e-04 6.33137779e-04
1.36670368e-01 9.86884686e-04 6.46801805e-04
1.37078194e-01 1.32718831e-03 6.42147048e-04
1.37486019e-01 -1.34695280e-04 6.21295621e-04
1.37893842e-01 -1.11867987e-04 6.26546280e-04
1.38301664e-01 -5.18885403e-04 6.36300400e-04
1.38709485e-01 2.65567250e-04 6.27360705e-04
1.39117304e-01 6.99331747e-04 6.21299089e-04
1.39525122e-01 -3.81218027e-04 6.37435390e-04
1.39932939e-01 -1.19814334e-03 6.05935939e-04
1.40340754e-01 -6.96073772e-04 6.29397655e-04
1.40748568e-01 -1.96641231e-05 6.32944079e-04
1.41156381e-01 7.07927115e-04 6.23208946e-04
1.41564192e-01 1.54415859e-04 6.11862316e-04
1.41972002e-01 -3.34761851e-05 6.07599216e-04
1.42379811e-01 -4.27555897e-04 6.25161132e-04
1.42787618e-01 1.45183177e-03 6.44601063e-04
1.43195424e-01 9.00743044e-04 6.34446910e-04
1.43603228e-01 5.93220187e-05 6.32944681e-04
1.44011032e-01 -5.22259506e-04 6.33446723e-04
1.44418833e-01 1.68117580e-04 6.45656081e-04
1.44826634e-01 5.79575787e-04 6.27862046e-04
1.45234433e-01 -9.59465234e-05 6.30117597e-04
1.45642231e-01 2.89877264e-04 6.41855311e-04
1.46050027e-01 6.03212348e-04 6.46251245e-04
1.46457822e-01 5.78366820e-04 6.41619026e-04
1.46865616e-01 3.28926367e-04 6.27830727e-04
1.47273408e-01 -2.07493434e-04 6.23704330e-04
1.47681199e-01 6.12640906e-04 6.34608629e-04
1.48088988e-01 7.16247010e-04 6.20261700e-04
1.48496776e-01 8.44281640e-05 6.15797097e-04
1.48904563e-01 4.41864710e-06 6.09933003e-04
1.49312348e-01 -1.68897168e-04 6.20121839e-04
1.49720132e-01 9.56337820e-04 6.17306894e-04
1.50127914e-01 -2.02793251e-05 6.13813062e-04
1.50535695e-01 5.61523664e-04 6.14071743e-04
1.50943474e-01 1.33934431e-05 5.97329008e-04
1.51351252e-01 -7.87372842e-04 6.15524247e-04
1.51759029e-01 -1.14895545e-03 6.13749734e-04
1.52166804e-01 2.85369746e-04 6.18914052e-04
1.52574578e-01 2.97799624e-04 6.04861208e-04
1.52982350e-01 -1.23800936e-04 6.19833673e-04
1.53390121e-01 6.38437526e-04 6.06432319e-04
1.53797890e-01 4.04136650e-04 6.07578487e-04
1.54205658e-01 -3.19982933e-04 6.22037748e-04
1.54613425e-01 2.28719746e-04 6.02809735e-04
1.55021190e-01 7.19884524e-04 5.91138056e-04
1.55428953e-01 1.44652976e-03 6.12921197e-04
1.55836716e-01 1.17776252e-04 5.78545913e-04
1.56244476e-01 5.48365567e-04 6.02164797e-04
1.56652235e-01 -5.41766251e-04 5.80835193e-04
1.57059993e-01 -3.92577028e-04 5.73465914e-04
1.57467749e-01 -9.81013117e-04 5.87556051e-04
1.57875504e-01 -6.33631399e-04 5.72767155e-04
1.58283257e-01 2.22474196e-04 5.82046064e-04
1.58691008e-01 8.58599010e-04 5.86692753e-04
1.59098758e-01 -6.94663349e-04 5.57221437e-04
1.59506507e-01 -1.02427606e-03 5.71178205e-04
1.59914254e-01 1.16567316e-03 5.77748697e-04
1.60322000e-01 -1.13646754e-04 5.75560637e-04
1.60729744e-01 -6.13523855e-04 5.74767362e-04
1.61137486e-01 3.81944421e-04 5.83706919e-04
1.61545228e-01 3.49973176e-04 5.55534954e-04
1.61952967e-01 2.84668754e-04 5.71944373e-04
1.62360705e-01 6.99034435e-04 5.73489816e-04
1.62768441e-01 -1.57137806e-05 5.74585868e-04
1.63176176e-01 -2.57695968e-04 5.70836371e-04
1.63583910e-01 6.47460244e-07 5.62424341e-04
1.63991641e-01 -4.35869314e-04 5.65006767e-04
1.64399372e-01 1.84449323e-06 5.66601628e-04
1.64807100e-01 -4.37071931e-04 5.47756359e-04
1.65214827e-01 8.39623588e-04 5.80652019e-04
1.65622553e-01 -3.39720956e-04 5.64055669e-04
1.66030277e-01 -3.80918307e-04 5.65690494e-04
1.66437999e-01 -4.31858523e-04 5.54251919e-04
1.66845720e-01 3.90712587e-04 5.62912153e-04
1.67253439e-01 -1.52145474e-05 5.51128915e-04
1.67661157e-01 1.40283975e-03 5.70518264e-04
1.68068873e-01 2.46672565e-06 5.47296634e-04
1.68476588e-01 5.96776486e-04 5.58675346e-04
1.68884301e-01 6.85768180e-05 5.54051184e-04
1.69292012e-01 8.83449663e-04 5.39267233e-04
1.69699721e-01 4.72418897e-04 5.37245248e-04
1.70107430e-01 -5.09222420e-04 5.37252775e-04
1.70515136e-01 1.38246880e-03 5.50100667e-04
1.70922841e-01 6.49874697e-04 5.55398014e-04
1.71330544e-01 1.91271220e-03 5.59450024e-04
1.71738246e-01 -9.54050634e-05 5.51749724e-04
1.72145946e-01 3.44290733e-04 5.40723285e-04
1.72553644e-01 7.22183941e-04 5.52603691e-04
1.72961341e-01 6.74954921e-04 5.41517311e-04
1.73369036e-01 7.86044521e-04 5.39048693e-04
1.73776729e-01 -9.92677010e-05 5.41519279e-04
1.74184421e-01 1.26694153e-04 5.72561355e-04
1.74592111e-01 -7.33199891e-04 5.41176217e-04
1.74999799e-01 5.16770332e-04 5.51309400e-04
1.75407486e-01 -3.32635840e-04 5.45050487e-04
1.75815171e-01 -2.53306999e-04 5.36727717e-04
1.76222855e-01 -7.08660585e-04 5.44202710e-04
1.76630537e-01 -4.85297201e-04 5.42487831e-04
1.77038217e-01 5.08446404e-04 5.29371424e-04
1.77445895e-01 -3.72914375e-04 5.24472291e-04
1.77853572e-01 8.96713374e-05 5.36281712e-04
1.78261247e-01 6.50324523e-04 5.41730049e-04
1.78668921e-01 2.54770055e-04 5.22530384e-04
1.79076592e-01 3.18074253e-04 5.22283961e-04
1.79484262e-01 3.91693969e-05 5.25991192e-04
1.79891931e-01 -2.68109572e-04 5.18268676e-04
1.80299597e-01 -1.17918170e-05 5.28884682e-04
1.80707262e-01 -1.48147757e-04 5.29566912e-04
1.81114925e-01 1.71168890e-05 5.20578219e-04
1.81522587e-01 7.91306195e-04 5.24033361e-04
1.81930247e-01 -3.35177344e-04 5.24508128e-04
1.82337905e-01 1.18761083e-03 5.28072182e-04
1.82745561e-01 -4.06649459e-04 5.21110097e-04
1.83153215e-01 1.47345498e-04 5.20472308e-04
1.83560868e-01 4.26628942e-04 5.22408728e-04
1.83968519e-01 -1.60678055e-04 5.24396777e-04
1.84376169e-01 1.71753018e-05 5.17825254e-04
1.84783816e-01 6.65439985e-04 5.24048827e-04
1.85191462e-01 3.08009526e-05 5.23933392e-04
1.85599106e-01 1.12030720e-03 5.24929198e-04
1.86006749e-01 2.83449517e-04 5.27638240e-04
1.86414389e-01 2.01435146e-04 5.15028579e-04
1.86822028e-01 6.80299423e-04 5.15912776e-04
1.87229665e-01 -1.08569596e-04 5.08347966e-04
1.87637300e-01 -3.95623992e-04 5.06068117e-04
1.88044934e-01 -3.39311178e-04 5.14113240e-04
1.88452566e-01 -3.61655951e-05 5.09839397e-04
1.88860195e-01 4.90711674e-04 5.03391038e-04
1.89267824e-01 4.89776627e-04 5.07973485e-04
1.89675450e-01 -5.00343558e-04 5.19810206e-04
1.90083074e-01 7.16446833e-05 5.10125712e-04
1.90490697e-01 1.24684162e-04 5.14132333e-04
1.90898318e-01 2.55643714e-04 5.08299487e-04
1.91305937e-01 6.33324121e-04 5.08995030e-04
1.91713555e-01 1.08127190e-04 5.01461983e-04
1.92121170e-01 2.45703518e-04 5.04064417e-04
1.92528784e-01 4.47489432e-06 5.09472344e-04
1.92936396e-01 -3.27188593e-04 5.03004800e-04
1.93344006e-01 6.98087081e-04 4.97610280e-04
1.93751614e-01 4.90912195e-04 5.15972316e-04
1.94159220e-01 -3.07076077e-04 4.97765891e-04
1.94566825e-01 -3.75767717e-04 5.04059933e-04
1.94974427e-01 4.42212002e-04 5.04048900e-04
1.95382028e-01 3.70230282e-04 4.94791621e-04
1.95789627e-01 1.31488166e-05 4.97209153e-04
1.96197224e-01 4.72766324e-04 4.97162939e-04
1.96604820e-01 -2.39236361e-05 4.92648205e-04
1.97012413e-01 5.28073799e-04 4.92345223e-04
1.97420005e-01 6.46521087e-04 5.03568737e-04
1.97827594e-01 9.00265485e-04 5.12839787e-04
1.98235182e-01 3.76415636e-05 5.07804170e-04
1.98642768e-01 5.42289834e-04 4.98350667e-04
1.99050352e-01 -3.87475004e-04 4.92325905e-04
1.99457934e-01 -4.25710151e-05 4.98033930e-04
1.99865514e-01 2.57987849e-04 4.97418062e-04
2.00273093e-01 9.89944917e-04 5.17454425e-04
2.00680669e-01 -1.99217824e-04 5.15750865e-04
2.01088244e-01 -5.75458744e-05 5.15399321e-04
2.01495816e-01 -5.31492185e-04 5.06908405e-04
2.01903387e-01 2.48701094e-04 5.05517265e-04
2.02310956e-01 -5.86105007e-06 5.13624834e-04
2.02718523e-01 1.08106227e-03 5.16039007e-04
2.03126088e-01 2.82660211e-04 5.19667048e-04
2.03533651e-01 3.54006833e-04 5.13096957e-04
2.03941212e-01 -3.38684560e-04 5.21399635e-04
2.04348771e-01 2.89748450e-04 4.96175410e-04
2.04756329e-01 2.41527243e-04 5.06173190e-04
2.05163884e-01 -4.57075335e-04 5.02364213e-04
2.05571438e-01 3.23730939e-04 4.99549934e-04
2.05978989e-01 -2.41785813e-04 4.91628857e-04
2.06386539e-01 7.87277739e-04 5.01812448e-04
2.06794086e-01 -1.87652809e-04 4.97532238e-04
2.07201632e-01 -1.44520025e-04 4.91653116e-04
2.07609175e-01 6.52283254e-04 4.84754002e-04
2.08016717e-01 -7.55417204e-04 4.88495825e-04
2.08424257e-01 2.19299662e-04 4.88788103e-04
2.08831794e-01 -5.07301637e-04 4.83414615e-04
2.09239330e-01 2.48084164e-04 4.77848270e-04
2.09646864e-01 7.68150846e-04 5.01770570e-04
2.10054396e-01 -7.13244456e-04 4.81238162e-04
2.10461925e-01 -5.03832834e-04 4.88730414e-04
2.10869453e-01 1.07688231e-04 4.83319960e-04
2.11276979e-01 2.89450100e-04 4.84962065e-04
2.11684503e-01 -4.31830296e-04 4.73923637e-04
2.12092025e-01 2.10321465e-04 4.90761906e-04
2.12499544e-01 -3.64431186e-04 4.76767688e-04
2.12907062e-01 7.59037163e-05 4.75053444e-04
2.13314578e-01 9.29469048e-05 4.74101998e-04
2.13722092e-01 -3.01006235e-04 4.74632181e-04
2.14129603e-01 -4.15753413e-04 4.79256571e-04
2.14537113e-01 9.23979346e-05 4.78969027e-04
2.14944621e-01 1.94704673e-04 4.77976404e-04
2.15352126e-01 5.83378774e-04 4.79723501e-04
2.15759630e-01 -3.41956432e-04 4.74726106e-04
2.16167131e-01 3.34717549e-05 4.79554148e-04
2.16574631e-01 1.81362178e-04 4.74357412e-04
2.16982128e-01 1.77704076e-04 4.78155995e-04
2.17389624e-01 5.58975501e-04 4.72481709e-04
2.17797117e-01 3.86773143e-05 4.60221785e-04
2.18204608e-01 6.62346043e-04 4.83786568e-04
2.18612098e-01 5.02450051e-04 4.68046498e-04
2.19019585e-01 3.37627912e-05 4.67736193e-04
2.19427070e-01 6.04885461e-04 4.67167679e-04
2.19834553e-01 2.77638258e-04 4.64329462e-04
2.20242034e-01 -2.34199634e-04 4.59708998e-04
2.20649512e-01 1.28986668e-04 4.59954173e-04
2.21056989e-01 4.18558508e-04 4.65833583e-04
2.21464464e-01 -7.40172353e-04 4.57942341e-04
2.21871936e-01 1.50165236e-04 4.69114632e-04
2.22279407e-01 2.89676890e-04 4.70963704e-04
2.22686875e-01 6.24203856e-04 4.59502579e-04
2.23094341e-01 3.39760724e-04 4.64326892e-04
2.23501805e-01 -2.41099695e-04 4.74488064e-04
2.23909267e-01 -2.54624922e-04 4.63828810e-04
2.24316727e-01 -6.84067783e-04 4.59956680e-04
2.24724185e-01 -4.81468568e-04 4.60475922e-04
2.25131641e-01 -2.06337305e-04 4.58113462e-04
2.25539094e-01 5.22881935e-04 4.51500213e-04
2.25946545e-01 5.21744695e-04 4.70378214e-04
2.26353995e-01 2.47709006e-04 4.51012217e-04
2.26761442e-01 3.12239201e-04 4.50136021e-04
2.27168887e-01 -1.95111131e-04 4.55591270e-04
2.27576329e-01 -7.45286194e-05 4.53352666e-04
2.27983770e-01 2.05566879e-04 4.63400645e-04
2.28391208e-01 4.00814622e-04 4.52600288e-04
2.28798645e-01 5.31672194e-04 4.54908724e-04
2.29206079e-01 9.55873574e-04 4.61411549e-04
2.29613511e-01 1.89934944e-04 4.61505880e-04
2.30020941e-01 -4.96177662e-04 4.53926807e-04
2.30428368e-01 -6.34213732e-04 4.54249137e-04
2.30835794e-01 -3.50336295e-04 4.63980614e-04
2.31243217e-01 -4.45378114e-04 4.46365063e-04
2.31650638e-01 6.76534533e-04 4.63918481e-04
2.32058057e-01 3.07996929e-04 4.74686004e-04
2.32465473e-01 2.00393107e-04 4.70988586e-04
2.32872888e-01 9.79302162e-04 4.65973461e-04
2.33280300e-01 -5.81457361e-04 4.58282520e-04
2.33687710e-01 2.16107472e-04 4.73631128e-04
2.34095118e-01 3.62088714e-04 4.58597678e-04
2.34502524e-01 5.96035787e-04 4.56043004e-04
2.34909927e-01 7.56850925e-04 4.70762966e-04
2.35317328e-01 6.91599621e-04 4.64698733e-04
2.35724727e-01 -3.10913234e-04 4.60706770e-04
2.36132124e-01 -3.64582326e-04 4.48375648e-04
2.36539518e-01 -2.30041471e-04 4.50109283e-04
2.36946911e-01 -9.06994292e-05 4.51885311e-04
2.37354301e-01 -1.27085805e-04 4.63413354e-04
2.37761688e-01 2.58819137e-04 4.56021626e-04
2.38169074e-01 -3.11871681e-04 4.39697051e-04
2.38576457e-01 -4.09996665e-04 4.50371046e-04
2.38983838e-01 1.40495216e-04 4.50316455e-04
2.39391217e-01 -5.35253232e-04 4.52837310e-04
2.39798593e-01 -5.30346646e-04 4.44243767e-04
2.40205967e-01 4.89669311e-04 4.54267543e-04
2.40613339e-01 3.71037830e-04 4.54240404e-04
2.41020709e-01 -2.08056181e-04 4.49319588e-04
2.41428076e-01 7.51704061e-05 4.42554958e-04
2.41835441e-01 -3.27349936e-04 4.43590645e-04
2.42242804e-01 -2.25032794e-04 4.37854749e-04
2.42650165e-01 -9.38791996e-04 4.38494773e-04
2.43057523e-01 -8.14117540e-04 4.35996265e-04
2.43464879e-01 1.61006526e-04 4.45787694e-04
2.43872232e-01 1.22087016e-03 4.44252552e-04
2.44279584e-01 1.05436404e-03 4.44124247e-04
2.44686933e-01 3.85157001e-04 4.28444719e-04
2.45094279e-01 1.74313083e-04 4.36255425e-04
2.45501624e-01 -4.69001441e-04 4.36576870e-04
2.45908966e-01 1.52342690e-04 4.44562797e-04
2.46316305e-01 -6.72679833e-05 4.29898850e-04
2.46723643e-01 -3.31436280e-04 4.26759119e-04
2.47130978e-01 -4.48089237e-04 4.34613328e-04
2.47538310e-01 6.61531073e-07 4.36066430e-04
2.47945641e-01 -1.79282995e-04 4.26653335e-04
2.48352969e-01 3.85970439e-04 4.32913410e-04
2.48760294e-01 -3.09225006e-04 4.35157190e-04
2.49167618e-01 5.00101897e-04 4.38752155e-04
2.49574939e-01 6.07193880e-04 4.26551053e-04
2.49982257e-01 8.01663793e-04 4.37202371e-04
2.50389573e-01 4.60183425e-04 4.34544536e-04
2.50796887e-01 -7.45756940e-05 4.23509159e-04
2.51204199e-01 -6.17572564e-04 4.31207129e-04
2.51611508e-01 3.42570154e-04 4.28299758e-04
2.52018815e-01 -2.97019270e-04 4.27587629e-04
2.52426119e-01 1.03379222e-04 4.30073005e-04
2.52833421e-01 3.29418447e-04 4.29449457e-04
2.53240720e-01 -3.08698977e-04 4.24164142e-04
2.53648017e-01 -2.17396469e-04 4.30623186e-04
2.54055312e-01 5.27344306e-04 4.20515682e-04
2.54462605e-01 -6.30990228e-04 4.32883703e-04
2.54869894e-01 1.23228205e-04 4.19657358e-04
2.55277182e-01 -5.08919594e-04 4.10877702e-04
2.55684467e-01 -1.06416497e-03 4.22281811e-04
2.56091750e-01 1.18614141e-04 4.22863397e-04
2.56499030e-01 1.79125606e-04 4.26212554e-04
2.56906308e-01 -2.40596795e-04 4.23564251e-04
2.57313583e-01 2.76469754e-04 4.24806696e-04
2.57720856e-01 -9.80553971e-04 4.15057418e-04
2.58128127e-01 -7.00075016e-04 4.09147260e-04
2.58535395e-01 7.48027847e-05 4.09735947e-04
2.58942661e-01 -4.42835552e-04 4.15362789e-04
2.59349924e-01 -1.28092055e-04 4.16683787e-04
2.59757184e-01 6.95439230e-04 4.20299877e-04
2.60164443e-01 2.50162717e-04 4.34358700e-04
2.60571699e-01 5.55071698e-05 4.13711361e-04
2.60978952e-01 -3.94249994e-04 4.11983095e-04
2.61386203e-01 4.69763971e-04 4.22405028e-04
2.61793451e-01 -4.06773186e-04 4.17377287e-04
2.62200697e-01 9.84653559e-05 4.15396450e-04
2.62607941e-01 -2.94146113e-04 4.09165192e-04
2.63015182e-01 -3.35312809e-04 4.04729163e-04
2.63422420e-01 -1.03639138e-04 4.11289733e-04
2.63829656e-01 2.84362936e-04 4.12017936e-04
2.64236890e-01 1.52910787e-04 4.11383261e-04
2.64644121e-01 -1.28497125e-04 4.15625153e-04
2.65051349e-01 -6.23306593e-04 4.13784293e-04
2.65458575e-01 -5.30540677e-04 4.19263457e-04
2.65865799e-01 -2.31142506e-04 4.17861661e-04
2.66273019e-01 -6.38033435e-04 4.11198270e-04
2.66680238e-01 1.94910601e-04 4.12299582e-04
2.67087454e-01 5.29324077e-04 4.10486894e-04
2.67494667e-01 -6.02270235e-04 4.04954393e-04
2.67901878e-01 2.16131094e-04 4.04339308e-04
2.68309086e-01 3.37415401e-04 4.13861663e-04
2.68716292e-01 3.43728842e-04 4.01043257e-04
2.69123495e-01 -4.36403261e-04 4.05718732e-04
2.69530696e-01 2.05506339e-06 4.02020024e-04
2.69937894e-01 -1.06897864e-04 4.01618819e-04
2.70345090e-01 -2.47655890e-04 4.00525475e-04
2.70752283e-01 -4.73681415e-04 3.95733317e-04
2.71159473e-01 -4.00140235e-04 4.04029563e-04
2.71566661e-01 3.07585078e-04 3.96127085e-04
2.71973847e-01 1.18499854e-03 4.12937556e-04
2.72381030e-01 3.00544852e-04 4.04808932e-04
2.72788210e-01 -1.39935846e-04 4.05472351e-04
2.73195387e-01 2.35766934e-04 4.02767736e-04
2.73602562e-01 -2.67335003e-04 4.00144547e-04
2.74009735e-01 4.53564546e-06 4.04864179e-04
2.74416905e-01 2.69292272e-04 3.96028415e-04
2.74824072e-01 4.20305531e-04 3.99115650e-04
2.75231237e-01 1.92185326e-04 3.99096395e-04
2.75638399e-01 4.28600014e-04 4.02113422e-04
2.76045558e-01 3.60943173e-04 3.98349146e-04
2.76452715e-01 -3.39513446e-04 3.91133666e-04
2.76859869e-01 5.33274844e-04 3.92081836e-04
2.77267021e-01 -4.37924553e-04 3.90994281e-04
2.77674170e-01 1.03992757e-04 3.91276413e-04
2.78081316e-01 -1.92089590e-06 3.98781660e-04
2.78488460e-01 -3.59756710e-05 3.95832705e-04
2.78895601e-01 2.01724834e-04 3.90072817e-04
2.79302740e-01 -2.45935876e-04 3.89024522e-04
2.79709875e-01 2.19088179e-04 3.88457312e-04
2.80117009e-01 1.46321551e-04 3.95816287e-04
2.80524139e-01 3.91265145e-04 3.99037982e-04
2.80931267e-01 9.46821566e-05 3.95029576e-04
2.81338392e-01 -4.86358053e-05 3.88646327e-04
2.81745515e-01 3.38660429e-04 3.94860753e-04
2.82152635e-01 1.38229811e-04 3.88796871e-04
2.82559752e-01 -2.68833089e-04 3.96774178e-04
2.82966866e-01 1.20861564e-04 3.92321956e-04
2.83373978e-01 -8.96424072e-05 3.92387321e-04
2.83781088e-01 -3.35908047e-04 3.90413372e-04
2.84188194e-01 3.38520766e-05 3.95814545e-04
2.84595298e-01 8.37165743e-04 3.94575794e-04
2.85002399e-01 2.98740436e-04 4.01620152e-04
2.85409497e-01 -8.40194933e-05 3.92857740e-04
2.85816593e-01 9.28276321e-05 3.98821540e-04
2.86223686e-01 -4.14671128e-07 3.95612348e-04
2.86630777e-01 1.60058237e-04 3.93258250e-04
2.87037864e-01 3.46082264e-04 3.96798836e-04
2.87444949e-01 -2.63083868e-04 3.91660250e-04
2.87852031e-01 -2.53323850e-04 3.95266985e-04
2.88259111e-01 3.29946518e-04 4.00810708e-04
2.88666188e-01 1.29771302e-05 3.98730029e-04
2.89073262e-01 1.09280035e-03 3.99326939e-04
2.89480333e-01 9.46150351e-04 3.98591447e-04
2.89887401e-01 -3.34912923e-04 3.94162164e-04
2.90294467e-01 1.19272095e-04 3.98374180e-04
2.90701530e-01 3.16683262e-04 4.01886200e-04
2.91108591e-01 5.93171412e-04 4.02836987e-04
2.91515648e-01 -9.64727819e-04 3.91250825e-04
2.91922703e-01 3.35936875e-04 3.98909377e-04
2.92329755e-01 4.56454244e-04 4.02038401e-04
2.92736804e-01 -1.28707097e-04 3.89753133e-04
2.93143851e-01 3.52541689e-04 3.89348929e-04
2.93550895e-01 8.66280056e-04 3.96145151e-04
2.93957936e-01 8.39107824e-04 3.90321933e-04
2.94364974e-01 4.69552586e-04 3.92558115e-04
2.94772009e-01 -9.45212277e-05 3.94623959e-04
2.95179042e-01 -6.19858769e-05 3.93380786e-04
2.95586072e-01 -1.55279809e-04 3.95894973e-04
2.95993099e-01 2.21416567e-04 3.94551172e-04
2.96400123e-01 3.95641399e-04 3.98183884e-04
2.96807145e-01 3.39127378e-04 3.93114040e-04
2.97214163e-01 6.48709560e-05 3.91641058e-04
2.97621179e-01 -6.68040191e-05 3.90054972e-04
2.98028192e-01 -2.58661111e-04 3.85677380e-04
2.98435202e-01 -1.67757866e-04 3.93955733e-04
2.98842210e-01 -1.70100369e-04 3.95072532e-04
2.99249214e-01 3.35992927e-04 3.88182294e-04
2.99656216e-01 -5.48103088e-04 3.88867343e-04
3.00063215e-01 1.79608041e-04 3.95012133e-04
3.00470211e-01 -2.23967261e-04 3.98142980e-04
3.00877204e-01 3.74344084e-04 3.97217911e-04
3.01284194e-01 -2.61919233e-04 3.95583000e-04
3.01691182e-01 2.66722769e-04 3.98021330e-04
3.02098167e-01 -9.81376946e-05 3.86512030e-04
3.02505149e-01 5.58184744e-04 3.89069891e-04
3.02912128e-01 8.85736937e-05 3.98375848e-04
3.03319104e-01 1.70004571e-04 3.96107648e-04
3.03726077e-01 2.99449441e-04 4.01141956e-04
3.04133047e-01 3.05247648e-05 3.96908143e-04
3.04540015e-01 -1.18959587e-04 3.92639830e-04
3.04946979e-01 7.98667270e-05 3.84344653e-04
3.05353941e-01 4.86257926e-05 3.89666535e-04
3.05760900e-01 3.74872683e-04 3.91095951e-04
3.06167856e-01 4.81448939e-04 3.92861059e-04
3.06574809e-01 3.86781985e-04 3.89700584e-04
3.06981759e-01 1.55464649e-04 3.93080180e-04
3.07388706e-01 5.10133693e-04 3.89683464e-04
3.07795651e-01 -3.20976682e-04 3.86553992e-04
3.08202592e-01 1.82503491e-04 3.91586542e-04
3.08609531e-01 7.51260047e-05 4.04205593e-04
3.09016466e-01 5.42176445e-04 4.00738436e-04
3.09423399e-01 2.48469696e-04 3.92017202e-04
3.09830329e-01 -6.51903194e-04 3.93588040e-04
3.10237256e-01 3.64902369e-04 3.98830467e-04
3.10644180e-01 -3.06709554e-04 4.03515392e-04
3.11051101e-01 8.62080078e-04 4.04027044e-04
3.11458019e-01 -2.15952134e-05 4.08881443e-04
3.11864934e-01 4.69090280e-04 4.11688781e-04
3.12271846e-01 7.59087231e-05 4.02289594e-04
3.12678755e-01 8.24587984e-04 4.01000323e-04
3.13085661e-01 5.26257601e-04 4.00721081e-04
3.13492565e-01 4.62490210e-04 4.02498976e-04
3.13899465e-01 7.19312727e-04 4.07339580e-04
3.14306362e-01 2.00086574e-04 3.93550547e-04
3.14713257e-01 5.92132487e-04 3.98559849e-04
3.15120148e-01 3.50121961e-04 4.15873125e-04
3.15527037e-01 -3.72442286e-04 4.09698241e-04
3.15933922e-01 1.32626308e-03 4.17955337e-04
3.16340805e-01 8.27097307e-04 4.52781112e-04
3.16747684e-01 1.81034960e-04 4.80231222e-04
3.17154561e-01 1.96074751e-04 5.21325097e-04
3.17561434e-01 -6.88830245e-04 5.39371557e-04
3.17968305e-01 1.19605653e-04 5.90179327e-04
3.18375172e-01 8.72142186e-04 6.09495953e-04
3.18782037e-01 7.52646641e-05 6.24821734e-04
3.19188898e-01 2.16996859e-04 6.67834621e-04
3.19595757e-01 -1.28157769e-03 6.98250911e-04
3.20002612e-01 8.90943362e-05 7.40042362e-04
3.20409465e-01 4.69040154e-04 7.75955930e-04
3.20816314e-01 -1.47624184e-04 8.48223705e-04
3.21223160e-01 1.81074204e-03 1.00951329e-03
3.21630004e-01 2.21565286e-03 1.07005525e-03
3.22036844e-01 1.90752599e-03 1.35085153e-03
3.22443681e-01 -1.92104162e-05 1.72047438e-03
3.22850516e-01 1.05074389e-03 6.12452939e-03
