4.08043586e-03 -4.73295468e-02 2.61371120e-02
4.48847930e-03 -2.83775526e-02 2.70482724e-02
4.89652269e-03 -1.18201158e-02 2.03819541e-02
5.30456604e-03 -2.87872942e-02 1.49138389e-02
5.71260934e-03 -3.78639091e-03 1.08200768e-02
6.12065258e-03 1.78268581e-03 9.17214940e-03
6.52869577e-03 -8.31916656e-03 7.15752212e-03
6.93673889e-03 -5.47127449e-03 6.36995167e-03
7.34478195e-03 -5.62662345e-03 5.49155999e-03
7.75282494e-03 -5.09861801e-04 5.19705166e-03
8.16086785e-03 -5.33974688e-03 4.63749642e-03
8.56891069e-03 -8.91058708e-04 4.61406658e-03
8.97695345e-03 3.47385544e-03 3.95456808e-03
9.38499612e-03 -3.14400995e-03 3.57187157e-03
9.79303870e-03 -9.98770084e-03 3.41645800e-03
1.02010812e-02 -6.81735019e-04 3.54606532e-03
1.06091236e-02 -5.97305869e-03 3.21679687e-03
1.10171659e-02 6.16971210e-04 2.79881052e-03
1.14252081e-02 1.25865278e-04 3.13350213e-03
1.18332501e-02 2.37116262e-03 2.80157130e-03
1.22412921e-02 -4.04609439e-03 2.86285119e-03
1.26493339e-02 1.06534852e-03 2.81300649e-03
1.30573757e-02 -2.88782028e-03 2.40403879e-03
1.34654173e-02 1.67611380e-03 2.48305085e-03
1.38734588e-02 3.40807914e-04 2.28798323e-03
1.42815001e-02 7.45246395e-04 2.47553205e-03
1.46895413e-02 3.16877310e-03 2.36567330e-03
1.50975824e-02 -4.29608812e-04 2.14899088e-03
1.55056233e-02 -1.10864212e-03 2.10840296e-03
1.59136641e-02 -1.29503575e-03 2.10800263e-03
1.63217047e-02 -5.71928753e-04 2.22201135e-03
1.67297452e-02 -3.25802126e-04 2.00696855e-03
1.71377855e-02 -1.02446862e-03 2.05579884e-03
1.75458257e-02 -4.51499603e-05 1.96153046e-03
1.79538657e-02 2.39354864e-03 1.99293220e-03
1.83619055e-02 1.14598390e-03 1.94929716e-03
1.87699451e-02 -6.62797411e-04 1.86551929e-03
1.91779846e-02 5.00041496e-04 1.93038782e-03
1.95860239e-02 -7.86736794e-04 1.80492425e-03
1.99940630e-02 5.12481332e-03 1.89846045e-03
2.04021019e-02 -1.30476895e-03 1.79522491e-03
2.08101406e-02 3.27152694e-04 1.82206626e-03
2.12181791e-02 1.36584915e-03 1.83833655e-03
2.16262174e-02 2.14847936e-03 1.82071324e-03
2.20342555e-02 6.67240567e-04 1.69292327e-03
2.24422934e-02 -1.09567746e-04 1.63192866e-03
2.28503311e-02 3.01875549e-04 1.68071231e-03
2.32583686e-02 -1.56855179e-03 1.68398109e-03
2.36664058e-02 -1.71815327e-03 1.68121418e-03
2.40744429e-02 -1.98136111e-03 1.60111807e-03
2.44824797e-02 -2.13134172e-03 1.58512205e-03
2.48905162e-02 -1.77158996e-03 1.60855228e-03
2.52985525e-02 -7.97638780e-04 1.67051896e-03
2.57065886e-02 -1.55156144e-03 1.63223981e-03
2.61146245e-02 -2.74678331e-03 1.65360897e-03
2.65226601e-02 -1.81856305e-03 1.66548622e-03
2.69306954e-02 1.01388182e-03 1.62372583e-03
2.73387305e-02 -2.52599816e-03 1.80092824e-03
2.77467653e-02 -2.41119333e-03 1.65907652e-03
2.81547999e-02 2.24742224e-03 1.66483355e-03
2.85628342e-02 -2.22158647e-03 1.66734194e-03
2.89708682e-02 1.25074606e-03 1.59489313e-03
2.93789020e-02 -4.11110086e-04 1.68073974e-03
2.97869355e-02 1.68558811e-03 1.69010867e-03
3.01949687e-02 3.18640269e-04 1.61726778e-03
3.06030016e-02 8.38129404e-04 1.60568865e-03
3.10110342e-02 4.33381584e-03 1.69253912e-03
3.14190665e-02 -7.29990948e-04 1.62411693e-03
3.18270985e-02 -5.12476497e-04 1.59555372e-03
3.22351302e-02 7.72632628e-04 1.54987877e-03
3.26431617e-02 9.91146929e-04 1.49112340e-03
3.30511928e-02 -1.19482448e-03 1.53601070e-03
3.34592236e-02 3.10499459e-04 1.54079320e-03
3.38672540e-02 9.05091249e-04 1.49552609e-03
3.42752842e-02 8.95059449e-04 1.40984383e-03
3.46833140e-02 6.60075771e-04 1.36486597e-03
3.50913435e-02 -8.44255647e-04 1.39780517e-03
3.54993727e-02 9.53615408e-04 1.35155406e-03
3.59074015e-02 1.12810685e-03 1.41731887e-03
3.63154300e-02 1.69917552e-03 1.39867246e-03
3.67234581e-02 -1.30296547e-03 1.37383067e-03
3.71314859e-02 -1.59995908e-03 1.31962462e-03
3.75395134e-02 -3.39718638e-04 1.33060374e-03
3.79475405e-02 -4.27121785e-04 1.28530533e-03
3.83555672e-02 -1.37423847e-03 1.36477799e-03
3.87635935e-02 2.84159478e-03 1.33041266e-03
3.91716195e-02 -1.00182263e-03 1.28383521e-03
3.95796452e-02 -2.19088794e-04 1.32660672e-03
3.99876704e-02 -1.25918232e-03 1.27258539e-03
4.03956953e-02 -5.39326338e-04 1.31263289e-03
4.08037198e-02 -4.10666242e-04 1.33576715e-03
4.12117439e-02 -4.97034653e-04 1.31494615e-03
4.16197676e-02 5.62589135e-04 1.34529366e-03
4.20277909e-02 1.40033509e-04 1.26630829e-03
4.24358138e-02 -6.86962518e-04 1.22283754e-03
4.28438363e-02 6.75384804e-04 1.21921506e-03
4.32518584e-02 4.36997755e-05 1.22933786e-03
4.36598801e-02 -5.21181475e-04 1.19480402e-03
4.40679014e-02 -5.18552362e-04 1.13588078e-03
4.44759222e-02 4.60225146e-04 1.19506622e-03
4.48839427e-02 -6.66132663e-04 1.23236015e-03
4.52919627e-02 3.67433454e-04 1.23415498e-03
4.56999823e-02 1.13648173e-03 1.19583059e-03
4.61080014e-02 9.68309111e-04 1.26536110e-03
4.65160201e-02 -4.67289857e-04 1.19214142e-03
4.69240384e-02 -2.08202603e-05 1.23279095e-03
4.73320562e-02 1.09102149e-03 1.19153711e-03
4.77400736e-02 7.67424760e-04 1.19277414e-03
4.81480905e-02 -2.43707486e-04 1.17086688e-03
4.85561070e-02 -5.86322139e-04 1.16490307e-03
4.89641230e-02 -2.43656298e-03 1.18594010e-03
4.93721385e-02 -1.90136038e-03 1.17609620e-03
4.97801536e-02 4.02397951e-04 1.18434058e-03
5.01881682e-02 1.36618583e-03 1.17431992e-03
5.05961823e-02 -6.65919769e-04 1.11117096e-03
5.10041960e-02 7.69019124e-04 1.11145651e-03
5.14122091e-02 1.38053308e-03 1.13713505e-03
5.18202218e-02 -1.04814504e-03 1.10486221e-03
5.22282340e-02 1.68267139e-03 1.09989785e-03
5.26362457e-02 -1.27568663e-05 1.06246707e-03
5.30442569e-02 -3.59150763e-04 1.09330219e-03
5.34522675e-02 1.51900138e-03 1.14944985e-03
5.38602777e-02 -1.28673893e-03 1.08007618e-03
5.42682874e-02 -5.60126164e-04 1.06472210e-03
5.46762965e-02 -1.79872408e-03 1.04384167e-03
5.50843052e-02 7.85900737e-04 1.07624544e-03
5.54923133e-02 -3.74443930e-04 1.05194613e-03
5.59003208e-02 5.25409990e-04 1.08848093e-03
5.63083279e-02 -9.79186193e-05 1.06914130e-03
5.67163344e-02 -2.18358509e-04 1.09510453e-03
5.71243404e-02 -1.09674787e-03 1.11822555e-03
5.75323458e-02 1.35718767e-03 1.08553249e-03
5.79403507e-02 7.84389993e-04 1.15636884e-03
5.83483551e-02 2.49754199e-04 1.12178901e-03
5.87563588e-02 -1.45577583e-03 1.06093886e-03
5.91643621e-02 -2.39665240e-04 1.08505038e-03
5.95723647e-02 -1.36328062e-03 1.07238773e-03
5.99803668e-02 -1.03623777e-03 1.08345205e-03
6.03883684e-02 3.11702777e-05 1.14771964e-03
6.07963693e-02 9.68997156e-05 1.10804881e-03
6.12043697e-02 1.96951612e-04 1.11680193e-03
6.16123695e-02 -1.36013591e-03 1.08589620e-03
6.20203687e-02 -2.18377075e-04 1.09230924e-03
6.24283674e-02 -1.93733419e-05 1.08790044e-03
6.28363654e-02 -8.82635630e-04 1.05177463e-03
6.32443629e-02 -1.27947711e-03 1.01666951e-03
6.36523597e-02 5.95682020e-04 1.10641755e-03
6.40603559e-02 2.83962035e-04 1.07065615e-03
6.44683516e-02 -1.20953012e-03 1.05485719e-03
6.48763466e-02 6.61342662e-04 1.03421416e-03
6.52843410e-02 1.62775720e-03 1.03537198e-03
6.56923348e-02 5.60506633e-04 1.03952089e-03
6.61003279e-02 -2.03073077e-03 9.84017358e-04
6.65083205e-02 -7.84853803e-04 9.79881351e-04
6.69163124e-02 -7.62051274e-04 1.02377677e-03
6.73243036e-02 2.34216224e-03 1.02159793e-03
6.77322943e-02 3.37786087e-04 9.84722649e-04
6.81402842e-02 -1.07124067e-03 9.56758007e-04
6.85482736e-02 5.11931315e-04 1.00275815e-03
6.89562623e-02 -1.77361962e-05 1.00079013e-03
6.93642503e-02 3.09857671e-04 1.03200684e-03
6.97722377e-02 6.92651988e-05 9.34105461e-04
7.01802244e-02 -6.76573466e-04 9.36559712e-04
7.05882105e-02 4.65724830e-04 1.00392916e-03
7.09961958e-02 4.74888033e-04 9.86578503e-04
7.14041805e-02 1.28547091e-03 9.59672378e-04
7.18121646e-02 7.95863333e-04 9.52937182e-04
7.22201479e-02 -4.07732221e-04 9.50082950e-04
7.26281306e-02 1.01445822e-03 9.12257062e-04
7.30361126e-02 -3.35040616e-04 9.44279638e-04
7.34440938e-02 -1.13590759e-03 9.15334951e-04
7.38520744e-02 3.12208163e-04 9.13877171e-04
7.42600543e-02 -7.29919506e-04 9.28213638e-04
7.46680335e-02 7.82306864e-04 9.38291387e-04
7.50760119e-02 1.04529007e-04 9.30136958e-04
7.54839897e-02 8.15358542e-05 9.34036438e-04
7.58919667e-02 -7.42179576e-04 8.97664522e-04
7.62999431e-02 -1.44051323e-03 9.12677380e-04
7.67079187e-02 -5.11448426e-04 8.90203144e-04
7.71158935e-02 6.81947763e-04 8.88929758e-04
7.75238677e-02 4.65494875e-04 9.50932177e-04
7.79318411e-02 6.43362964e-04 9.33743603e-04
7.83398137e-02 -2.72373573e-04 9.13233186e-04
7.87477857e-02 5.36943793e-04 9.04531756e-04
7.91557568e-02 9.27069489e-04 9.11840104e-04
7.95637273e-02 -4.93310729e-05 9.21278444e-04
7.99716969e-02 -1.46015956e-04 8.68464629e-04
8.03796658e-02 -5.10906839e-04 8.75522377e-04
8.07876340e-02 9.11177635e-04 8.75164373e-04
8.11956014e-02 7.41149259e-04 8.86487602e-04
8.16035680e-02 -4.08695573e-04 8.70989584e-04
8.20115338e-02 7.90004190e-04 8.66986005e-04
8.24194989e-02 1.60021393e-03 8.89390468e-04
8.28274631e-02 4.13635466e-04 8.81617114e-04
8.32354266e-02 5.15075837e-04 8.44876543e-04
8.36433893e-02 -1.00786315e-03 8.55885190e-04
8.40513512e-02 6.24099583e-04 8.19578965e-04
8.44593123e-02 -1.72006675e-04 8.40570513e-04
8.48672727e-02 -1.13405474e-03 8.36174952e-04
8.52752322e-02 -1.16464889e-03 8.23491254e-04
8.56831909e-02 -1.03702783e-03 8.51543300e-04
8.60911487e-02 7.52835492e-04 8.37796034e-04
8.64991058e-02 -4.18694928e-04 7.99902317e-04
8.69070620e-02 6.91083730e-05 8.51350667e-04
8.73150175e-02 3.72808552e-04 8.28782066e-04
8.77229721e-02 1.66443222e-03 8.43586135e-04
8.81309258e-02 -1.45793062e-03 8.04316719e-04
8.85388787e-02 1.04580601e-03 8.45669201e-04
8.89468308e-02 1.00812011e-03 8.16141996e-04
8.93547821e-02 -3.52083860e-04 8.19375954e-04
8.97627325e-02 3.64119193e-04 8.05109993e-04
9.01706820e-02 -2.23753681e-04 8.13312722e-04
9.05786307e-02 3.80355245e-04 8.15154950e-04
9.09865785e-02 -2.19805595e-04 8.27170634e-04
9.13945255e-02 -8.05033017e-04 8.21508469e-04
9.18024716e-02 -3.96992610e-04 7.94820755e-04
9.22104168e-02 -1.66869638e-04 8.03819156e-04
9.26183611e-02 9.73737724e-04 8.09843988e-04
9.30263046e-02 4.21777197e-04 8.24911159e-04
9.34342472e-02 -2.23103109e-05 8.10604659e-04
9.38421889e-02 7.28596497e-05 8.05164686e-04
9.42501297e-02 1.01968839e-03 8.10170182e-04
9.46580696e-02 4.36274956e-04 8.22703673e-04
9.50660087e-02 1.44210554e-04 8.39841930e-04
9.54739468e-02 -6.89118869e-04 8.06380614e-04
9.58818840e-02 6.16594750e-04 7.63450101e-04
9.62898203e-02 2.54976832e-05 7.87681234e-04
9.66977557e-02 -1.10542375e-04 7.76958082e-04
9.71056902e-02 -9.27383687e-04 7.71145094e-04
9.75136237e-02 -6.27687406e-04 7.74578411e-04
9.79215564e-02 3.71668368e-04 7.84491084e-04
9.83294881e-02 1.35487540e-04 7.70392306e-04
9.87374188e-02 1.39134420e-03 7.94371519e-04
9.91453487e-02 8.56481736e-05 7.80031118e-04
9.95532775e-02 9.62776465e-05 7.81420449e-04
9.99612055e-02 4.32191479e-04 7.84831310e-04
1.00369132e-01 -8.32429130e-04 7.59743953e-04
1.00777059e-01 5.05800071e-04 7.94171802e-04
1.01184984e-01 -1.49614299e-03 7.37240394e-04
1.01592908e-01 -7.12691003e-04 7.48571355e-04
1.02000831e-01 8.11171726e-04 7.63515146e-04
1.02408753e-01 9.51886466e-05 7.45077827e-04
1.02816674e-01 -6.37866147e-05 7.39107744e-04
1.03224595e-01 2.13930726e-04 7.55742860e-04
1.03632514e-01 1.00933625e-03 7.91064896e-04
1.04040432e-01 1.06955524e-04 7.30991081e-04
1.04448349e-01 -3.17297432e-04 7.50769689e-04
1.04856266e-01 7.64661446e-04 7.64647671e-04
1.05264181e-01 -5.07123705e-05 7.55518591e-04
1.05672095e-01 1.99282422e-04 7.29258933e-04
1.06080009e-01 -5.87694493e-04 7.49790849e-04
1.06487921e-01 3.01421665e-04 7.40476231e-04
1.06895832e-01 -1.65344224e-04 7.42438172e-04
1.07303743e-01 7.83995243e-04 7.80072755e-04
1.07711652e-01 3.38936809e-04 7.38574817e-04
1.08119560e-01 -4.73634247e-04 7.48805213e-04
1.08527467e-01 6.52762428e-04 7.55187576e-04
1.08935374e-01 3.15668260e-04 7.32827972e-04
1.09343279e-01 -6.32120434e-04 7.39096202e-04
1.09751183e-01 -2.57971188e-04 7.50263700e-04
1.10159086e-01 -2.09742657e-04 7.05845308e-04
1.10566988e-01 7.33683204e-04 7.21132661e-04
1.10974889e-01 -1.38888426e-04 7.34479225e-04
1.11382789e-01 5.63898990e-04 7.23832444e-04
1.11790688e-01 8.57053850e-04 7.33632146e-04
1.12198586e-01 -5.29417604e-04 7.33534410e-04
1.12606482e-01 -7.77187035e-04 7.17285968e-04
1.13014378e-01 1.13771394e-04 7.21008513e-04
1.13422273e-01 6.91133491e-04 7.18212129e-04
1.13830166e-01 -2.55976806e-04 7.44155112e-04
1.14238059e-01 -7.65323260e-04 7.13149076e-04
1.14645950e-01 -2.76056254e-04 7.26866631e-04
1.15053840e-01 1.10360611e-03 7.36333712e-04
1.15461730e-01 -9.99124941e-05 7.37918740e-04
1.15869618e-01 9.24325519e-04 7.60114003e-04
1.16277505e-01 6.04648142e-04 7.24692217e-04
1.16685391e-01 8.34464032e-05 7.42191671e-04
1.17093275e-01 5.01941454e-04 7.46495166e-04
1.17501159e-01 8.17800821e-04 7.24626833e-04
1.17909042e-01 -5.96621186e-05 6.98841716e-04
1.18316923e-01 -8.34161226e-04 7.22259305e-04
1.18724803e-01 3.06579462e-04 7.15251500e-04
1.19132683e-01 2.56120198e-04 7.18636499e-04
1.19540561e-01 6.32374627e-04 7.25452915e-04
1.19948438e-01 -4.42934272e-04 7.02579530e-04
1.20356313e-01 1.88860673e-03 7.05728412e-04
1.20764188e-01 6.82026097e-04 7.10344670e-04
1.21172062e-01 2.37105750e-04 6.83641792e-04
1.21579934e-01 1.06280040e-03 6.88219045e-04
1.21987805e-01 -1.32446371e-04 6.83194344e-04
1.22395675e-01 6.98443212e-04 7.04256323e-04
1.22803544e-01 -5.38321496e-04 6.78137337e-04
1.23211412e-01 2.27676616e-05 6.74046656e-04
1.23619278e-01 -1.12308968e-03 6.74591644e-04
1.24027144e-01 -2.90239564e-04 6.87508316e-04
1.24435008e-01 -5.06162338e-05 6.86665071e-04
1.24842871e-01 3.25253977e-04 6.61701804e-04
1.25250733e-01 -5.16295482e-04 6.62864996e-04
1.25658594e-01 -7.73581634e-04 6.65904693e-04
1.26066453e-01 -6.91161348e-04 6.79100317e-04
1.26474311e-01 -3.55126572e-04 6.61126990e-04
1.26882168e-01 6.42036050e-05 6.79685309e-04
1.27290024e-01 1.67429624e-04 6.75511904e-04
1.27697879e-01 -1.01358229e-03 6.69565294e-04
1.28105732e-01 -1.29118356e-04 6.63315825e-04
1.28513585e-01 1.50463106e-03 6.90733914e-04
1.28921436e-01 2.89579050e-05 6.83377782e-04
1.29329285e-01 6.16884070e-04 6.53034499e-04
1.29737134e-01 -1.26681652e-04 6.56158636e-04
1.30144981e-01 5.98318729e-04 6.53484612e-04
1.30552828e-01 5.99099853e-04 6.44053589e-04
1.30960672e-01 -3.82704766e-04 6.60290169e-04
1.31368516e-01 3.26529108e-04 6.64423816e-04
1.31776358e-01 -6.38936925e-04 6.30259128e-04
1.32184200e-01 9.57413528e-04 6.43349285e-04
1.32592039e-01 4.58993237e-04 6.50946777e-04
1.32999878e-01 6.74045888e-04 6.43457037e-04
1.33407715e-01 8.47248040e-04 6.52365597e-04
1.33815552e-01 6.08250084e-04 6.25321619e-04
1.34223386e-01 5.85242326e-04 6.38303769e-04
1.34631220e-01 3.29050769e-04 6.28613123e-04
1.35039052e-01 -1.23444012e-03 6.58647366e-04
1.35446883e-01 3.85458838e-04 6.50033739e-04
1.35854713e-01 -1.07981518e-03 6.18950154e-04
1.36262541e-01 -4.39869646e-06 6.45433950e-04
1.36670368e-01 5.44607161e-04 6.35591785e-04
1.37078194e-01 -4.79568138e-04 6.41380038e-04
1.37486019e-01 -9.16761578e-05 6.41375941e-04
1.37893842e-01 -2.00232956e-04 6.35613488e-04
1.38301664e-01 -5.28108702e-06 6.22667792e-04
1.38709485e-01 5.71232189e-04 6.26854079e-04
1.39117304e-01 -2.63068962e-04 6.29569544e-04
1.39525122e-01 -6.67272668e-04 6.13047966e-04
1.39932939e-01 -9.08692270e-05 6.07910745e-04
1.40340754e-01 -4.46926876e-04 6.25150506e-04
1.40748568e-01 7.97313320e-04 6.22945712e-04
1.41156381e-01 1.26751216e-03 6.24406803e-04
1.41564192e-01 -3.01303044e-04 6.18953937e-04
1.41972002e-01 1.01259073e-03 6.24447368e-04
1.42379811e-01 -1.10350319e-03 6.28131221e-04
1.42787618e-01 -4.19874464e-04 6.00676096e-04
1.43195424e-01 -3.61072019e-04 6.09685606e-04
1.43603228e-01 -5.98844874e-04 6.13195748e-04
1.44011032e-01 -6.18631697e-04 6.07439204e-04
1.44418833e-01 8.34533262e-04 6.35033982e-04
1.44826634e-01 -1.67609651e-04 6.29095558e-04
1.45234433e-01 1.32914795e-04 6.23814922e-04
1.45642231e-01 2.00038062e-04 6.33719613e-04
1.46050027e-01 1.23344388e-03 6.39063260e-04
1.46457822e-01 2.53668703e-04 6.33599267e-04
1.46865616e-01 6.59087911e-05 6.44216375e-04
1.47273408e-01 7.95374370e-04 6.49233625e-04
1.47681199e-01 1.05679600e-03 6.32164717e-04
1.48088988e-01 4.85442390e-05 6.46433920e-04
1.48496776e-01 1.01815373e-03 6.28948275e-04
1.48904563e-01 4.62596009e-04 6.02194685e-04
1.49312348e-01 2.75623893e-04 6.10019497e-04
1.49720132e-01 -7.70559296e-05 6.19425299e-04
1.50127914e-01 -4.50838231e-04 6.17304703e-04
1.50535695e-01 5.51982311e-05 6.06737764e-04
1.50943474e-01 8.22258037e-04 6.19789630e-04
1.51351252e-01 -1.37186619e-04 6.07822403e-04
1.51759029e-01 -6.64463856e-04 6.03398743e-04
1.52166804e-01 1.37832187e-04 6.14477627e-04
1.52574578e-01 2.08254550e-05 6.30183413e-04
1.52982350e-01 4.26370082e-04 6.26205040e-04
1.53390121e-01 -1.41195217e-04 5.99057765e-04
1.53797890e-01 4.81308372e-04 6.21372475e-04
1.54205658e-01 3.14342766e-04 5.91262704e-04
1.54613425e-01 -2.07897409e-04 5.88713371e-04
1.55021190e-01 7.00409847e-04 5.70491627e-04
1.55428953e-01 2.05029999e-04 5.98387701e-04
1.55836716e-01 -1.02434062e-03 5.73482433e-04
1.56244476e-01 -7.26492499e-04 5.98098933e-04
1.56652235e-01 5.27153930e-06 5.90688745e-04
1.57059993e-01 5.55955913e-04 5.91853496e-04
1.57467749e-01 -2.30077672e-04 5.83010318e-04
1.57875504e-01 -5.06054346e-04 5.83940850e-04
1.58283257e-01 3.98544401e-04 5.90659784e-04
1.58691008e-01 -2.86937505e-04 5.79521060e-04
1.59098758e-01 -8.60158592e-04 5.72042832e-04
1.59506507e-01 2.70961448e-04 5.87707603e-04
1.59914254e-01 -1.83186948e-04 5.68328734e-04
1.60322000e-01 -2.66961856e-04 5.73888911e-04
1.60729744e-01 2.68726406e-04 5.72525203e-04
1.61137486e-01 7.40341139e-05 5.81231002e-04
1.61545228e-01 1.51301234e-04 5.80424231e-04
1.61952967e-01 -6.77293514e-04 5.73208685e-04
1.62360705e-01 5.44024315e-04 5.69182987e-04
1.62768441e-01 -8.94773163e-05 5.75563780e-04
1.63176176e-01 4.53927732e-04 5.77581571e-04
1.63583910e-01 6.37186044e-04 5.73695601e-04
1.63991641e-01 -1.16290736e-03 5.69756900e-04
1.64399372e-01 -7.57669411e-04 5.68357005e-04
1.64807100e-01 -5.09850431e-04 5.59614033e-04
1.65214827e-01 2.01376240e-05 5.66657019e-04
1.65622553e-01 3.58263604e-04 5.74398788e-04
1.66030277e-01 9.89948613e-05 5.61048199e-04
1.66437999e-01 5.62573317e-05 5.59978386e-04
1.66845720e-01 1.06438053e-03 5.73067826e-04
1.67253439e-01 -7.08174239e-04 5.73290731e-04
1.67661157e-01 9.08196620e-04 5.70060688e-04
1.68068873e-01 7.08925232e-04 5.57310600e-04
1.68476588e-01 7.27579932e-04 5.59161675e-04
1.68884301e-01 -6.69730200e-04 5.64517129e-04
1.69292012e-01 2.59740075e-05 5.41769608e-04
1.69699721e-01 7.18332027e-05 5.40938845e-04
1.70107430e-01 -5.19265807e-04 5.70130144e-04
1.70515136e-01 4.46962070e-04 5.36769995e-04
1.70922841e-01 1.66460806e-04 5.41162419e-04
1.71330544e-01 1.12267239e-03 5.42838510e-04
1.71738246e-01 1.06088373e-03 5.49053403e-04
1.72145946e-01 -1.22962479e-03 5.42139550e-04
1.72553644e-01 6.75493217e-05 5.33716730e-04
1.72961341e-01 -7.93788444e-04 5.37527459e-04
1.73369036e-01 1.59311771e-03 5.49609955e-04
1.73776729e-01 -4.04398695e-04 5.35060170e-04
1.74184421e-01 -2.04813862e-04 5.22060345e-04
1.74592111e-01 3.65639295e-04 5.54406980e-04
1.74999799e-01 -5.00923212e-04 5.45853233e-04
1.75407486e-01 3.73231657e-04 5.36375093e-04
1.75815171e-01 4.34525759e-05 5.33517172e-04
1.76222855e-01 2.59564512e-04 5.37104652e-04
1.76630537e-01 -3.12639274e-05 5.40865105e-04
1.77038217e-01 8.14894379e-05 5.31543563e-04
1.77445895e-01 -2.06944694e-04 5.41671992e-04
1.77853572e-01 -2.20843427e-04 5.47340104e-04
1.78261247e-01 -7.29525171e-04 5.27157512e-04
1.78668921e-01 -2.65901427e-04 5.23239097e-04
1.79076592e-01 -6.09169201e-04 5.16609918e-04
1.79484262e-01 2.08523894e-04 5.12567642e-04
1.79891931e-01 1.42337982e-04 5.15704366e-04
1.80299597e-01 -1.51210458e-04 5.26791579e-04
1.80707262e-01 3.64184534e-05 5.26104747e-04
1.81114925e-01 5.79689035e-04 5.29179982e-04
1.81522587e-01 2.32474287e-04 5.26264161e-04
1.81930247e-01 3.43589353e-04 5.40287298e-04
1.82337905e-01 -1.43979683e-04 5.20465724e-04
1.82745561e-01 7.17996059e-05 5.29755833e-04
1.83153215e-01 -1.66292442e-03 5.14979403e-04
1.83560868e-01 -2.05880568e-04 5.11672088e-04
1.83968519e-01 8.20330552e-04 5.34909414e-04
1.84376169e-01 -1.17763735e-04 5.32649649e-04
1.84783816e-01 -5.97463711e-05 5.31147906e-04
1.85191462e-01 1.87930981e-04 5.12436369e-04
1.85599106e-01 4.36712005e-04 5.20583534e-04
1.86006749e-01 2.94301683e-05 5.19796977e-04
1.86414389e-01 3.92578679e-04 5.26561904e-04
1.86822028e-01 1.10480301e-03 5.30237617e-04
1.87229665e-01 3.28945712e-04 5.14669762e-04
1.87637300e-01 -1.97798734e-04 5.17519093e-04
1.88044934e-01 -7.49851230e-04 4.94307434e-04
1.88452566e-01 5.17374951e-04 5.12547127e-04
1.88860195e-01 -4.79991204e-04 5.03055472e-04
1.89267824e-01 -1.13442972e-04 5.04501402e-04
1.89675450e-01 9.08130883e-05 5.13006709e-04
1.90083074e-01 -1.50988872e-05 5.10072027e-04
1.90490697e-01 2.77606491e-05 5.14054268e-04
1.90898318e-01 -2.12768435e-04 5.10687304e-04
1.91305937e-01 3.15677454e-04 5.04546411e-04
1.91713555e-01 1.86886565e-03 5.10448684e-04
1.92121170e-01 1.78482955e-04 5.03586865e-04
1.92528784e-01 -3.33369240e-04 5.04927610e-04
1.92936396e-01 8.11122428e-05 5.01902614e-04
1.93344006e-01 4.77888768e-04 5.02755269e-04
1.93751614e-01 4.68656616e-04 5.01243923e-04
1.94159220e-01 -2.33714714e-05 4.98456786e-04
1.94566825e-01 7.00749662e-04 5.01507368e-04
1.94974427e-01 5.45035350e-04 4.94742492e-04
1.95382028e-01 8.94671285e-04 5.02042764e-04
1.95789627e-01 2.42761979e-04 5.03246790e-04
1.96197224e-01 3.67090248e-04 5.06681081e-04
1.96604820e-01 -7.93487523e-04 4.95807664e-04
1.97012413e-01 -4.74806801e-04 4.86314861e-04
1.97420005e-01 1.78507115e-05 5.08784479e-04
1.97827594e-01 -1.29722681e-04 5.16817147e-04
1.98235182e-01 -3.77986659e-04 5.00926575e-04
1.98642768e-01 2.71454697e-04 5.03392189e-04
1.99050352e-01 6.39735978e-04 4.98148445e-04
1.99457934e-01 2.94164494e-04 5.10051301e-04
1.99865514e-01 2.67350574e-04 5.03966091e-04
2.00273093e-01 -1.80153833e-05 5.09431754e-04
2.00680669e-01 4.42408714e-04 5.13614459e-04
2.01088244e-01 8.15823850e-04 5.19709899e-04
2.01495816e-01 -7.67458459e-04 5.17551079e-04
2.01903387e-01 6.09712513e-04 5.12759311e-04
2.02310956e-01 -1.87153427e-04 4.98184787e-04
2.02718523e-01 3.59887433e-05 4.94203636e-04
2.03126088e-01 4.66274378e-05 5.05213728e-04
2.03533651e-01 -4.50557752e-05 5.17710412e-04
2.03941212e-01 4.58096552e-05 5.15039390e-04
2.04348771e-01 3.44597739e-04 5.10175684e-04
2.04756329e-01 -2.29687728e-04 4.94383407e-04
2.05163884e-01 -1.04768814e-03 4.84257484e-04
2.05571438e-01 -4.98481038e-04 4.98142466e-04
2.05978989e-01 -3.25956399e-05 4.90560016e-04
2.06386539e-01 1.32899177e-04 4.93347287e-04
2.06794086e-01 -5.42140024e-04 4.91534023e-04
2.07201632e-01 -3.62475940e-04 4.89147449e-04
2.07609175e-01 2.17719994e-04 4.87902943e-04
2.08016717e-01 -8.19519390e-05 4.87863197e-04
2.08424257e-01 1.12966863e-04 4.96157213e-04
2.08831794e-01 -1.11487917e-04 4.83822942e-04
2.09239330e-01 2.04041625e-04 4.82826988e-04
2.09646864e-01 3.35028536e-04 4.80258584e-04
2.10054396e-01 4.70821403e-05 4.82344626e-04
2.10461925e-01 -3.61517563e-04 4.82778873e-04
2.10869453e-01 -2.02344671e-04 4.83208735e-04
2.11276979e-01 1.48134379e-04 4.79514548e-04
2.11684503e-01 5.23712411e-04 4.78649315e-04
2.12092025e-01 -1.99882082e-04 4.75959421e-04
2.12499544e-01 -7.38482165e-04 4.78392508e-04
2.12907062e-01 -2.45638724e-04 4.76825633e-04
2.13314578e-01 1.56744018e-03 4.96613986e-04
2.13722092e-01 4.37667201e-04 4.75848379e-04
2.14129603e-01 -2.40596014e-04 4.76252058e-04
2.14537113e-01 -3.82314483e-04 4.80620824e-04
2.14944621e-01 -2.07664606e-04 4.72592107e-04
2.15352126e-01 5.17022997e-04 4.82919446e-04
2.15759630e-01 -2.07144722e-05 4.70055373e-04
2.16167131e-01 5.41379826e-04 4.64930281e-04
2.16574631e-01 1.00450394e-03 4.78895466e-04
2.16982128e-01 7.34557800e-04 4.82682441e-04
2.17389624e-01 -2.33290021e-04 4.60573325e-04
2.17797117e-01 7.11947859e-04 4.74449991e-04
2.18204608e-01 6.74352360e-04 4.74890249e-04
2.18612098e-01 -6.03358485e-05 4.65468154e-04
2.19019585e-01 1.48158314e-04 4.67464846e-04
2.19427070e-01 -3.90848383e-05 4.62221681e-04
2.19834553e-01 6.80983043e-04 4.67706196e-04
2.20242034e-01 6.40631865e-04 4.69790141e-04
2.20649512e-01 9.94453980e-04 4.73489407e-04
2.21056989e-01 3.90355310e-04 4.75020757e-04
2.21464464e-01 -5.58725396e-04 4.67166642e-04
2.21871936e-01 6.27674003e-04 4.67363449e-04
2.22279407e-01 -3.94989475e-04 4.58253609e-04
2.22686875e-01 6.90486528e-04 4.55955397e-04
2.23094341e-01 -2.83310212e-04 4.60217694e-04
2.23501805e-01 -5.33409906e-04 4.50565088e-04
2.23909267e-01 4.41390517e-04 4.69028662e-04
2.24316727e-01 -3.57271626e-04 4.71078163e-04
2.24724185e-01 8.80646945e-04 4.63083538e-04
2.25131641e-01 7.65131610e-04 4.71918377e-04
2.25539094e-01 7.71508674e-04 4.59727692e-04
2.25946545e-01 4.60752707e-04 4.58752996e-04
2.26353995e-01 1.75000759e-04 4.63363689e-04
2.26761442e-01 -3.94033654e-05 4.61657970e-04
2.27168887e-01 3.59696787e-04 4.53889694e-04
2.27576329e-01 5.72250205e-04 4.57140602e-04
2.27983770e-01 -2.04875537e-04 4.63468808e-04
2.28391208e-01 5.52605159e-04 4.62816849e-04
2.28798645e-01 3.19317660e-04 4.52784608e-04
2.29206079e-01 1.22233523e-04 4.53947505e-04
2.29613511e-01 1.66086371e-04 4.60456790e-04
2.30020941e-01 -3.83781718e-04 4.56346658e-04
2.30428368e-01 3.85696066e-04 4.63495451e-04
2.30835794e-01 1.33919767e-04 4.68951602e-04
2.31243217e-01 1.29304376e-04 4.68527373e-04
2.31650638e-01 1.78280108e-04 4.69819630e-04
2.32058057e-01 1.97739016e-04 4.67128813e-04
2.32465473e-01 5.19395737e-04 4.62765046e-04
2.32872888e-01 6.40598969e-04 4.67508720e-04
2.33280300e-01 3.32883113e-04 4.64141557e-04
2.33687710e-01 -1.80662164e-04 4.68838643e-04
2.34095118e-01 6.25732857e-04 4.77101124e-04
2.34502524e-01 -2.53948441e-04 4.52959542e-04
2.34909927e-01 -4.03737089e-04 4.66421359e-04
2.35317328e-01 -2.48695197e-06 4.57097124e-04
2.35724727e-01 3.13425206e-04 4.60590207e-04
2.36132124e-01 4.48668551e-04 4.59035551e-04
2.36539518e-01 5.05163436e-04 4.58429129e-04
2.36946911e-01 -1.33629835e-04 4.60357684e-04
2.37354301e-01 -2.59665244e-04 4.46361713e-04
2.37761688e-01 5.71308895e-04 4.60861520e-04
2.38169074e-01 2.07716613e-04 4.54701839e-04
2.38576457e-01 6.25558990e-04 4.56755806e-04
2.38983838e-01 -4.01356786e-04 4.53271378e-04
2.39391217e-01 -3.91157770e-04 4.44953113e-04
2.39798593e-01 -1.55331438e-04 4.49095506e-04
2.40205967e-01 5.62480205e-04 4.46840252e-04
2.40613339e-01 5.31850696e-04 4.48529619e-04
2.41020709e-01 -3.12961912e-04 4.45539645e-04
2.41428076e-01 -2.42628551e-05 4.44003255e-04
2.41835441e-01 7.18229946e-04 4.49313142e-04
2.42242804e-01 1.35216971e-04 4.48229263e-04
2.42650165e-01 -1.74198196e-04 4.49260238e-04
2.43057523e-01 3.33607390e-04 4.43740686e-04
2.43464879e-01 5.53388465e-04 4.45573216e-04
2.43872232e-01 3.89329414e-04 4.49323273e-04
2.44279584e-01 3.33887511e-04 4.45836085e-04
2.44686933e-01 3.04173728e-04 4.44290500e-04
2.45094279e-01 -2.48456109e-05 4.43042023e-04
2.45501624e-01 3.43422012e-05 4.31726499e-04
2.45908966e-01 -1.95812641e-05 4.40741299e-04
2.46316305e-01 5.01912833e-04 4.37334187e-04
2.46723643e-01 -2.27226452e-04 4.31698747e-04
2.47130978e-01 -7.64968662e-05 4.30972762e-04
2.47538310e-01 3.85338067e-04 4.37972109e-04
2.47945641e-01 -5.45314945e-04 4.33502632e-04
2.48352969e-01 6.24874161e-04 4.32721944e-04
2.48760294e-01 2.86148507e-04 4.37316487e-04
2.49167618e-01 1.27995949e-04 4.30191445e-04
2.49574939e-01 1.86958441e-04 4.24020124e-04
2.49982257e-01 -2.12888214e-04 4.28338211e-04
2.50389573e-01 -1.74842297e-04 4.16380442e-04
2.50796887e-01 8.69767952e-05 4.34061326e-04
2.51204199e-01 -2.78421047e-04 4.36090618e-04
2.51611508e-01 3.74194073e-04 4.36667595e-04
2.52018815e-01 -6.84314290e-05 4.28223091e-04
2.52426119e-01 -4.44583474e-04 4.27892220e-04
2.52833421e-01 1.59138598e-04 4.26923938e-04
2.53240720e-01 2.88378077e-04 4.32524227e-04
2.53648017e-01 -2.91018231e-04 4.34606483e-04
2.54055312e-01 4.24660022e-04 4.30037625e-04
2.54462605e-01 -2.26345523e-04 4.25150473e-04
2.54869894e-01 -6.41464887e-05 4.18115608e-04
2.55277182e-01 7.55098204e-04 4.24342967e-04
2.55684467e-01 -2.25334092e-04 4.20877693e-04
2.56091750e-01 -5.13155412e-04 4.18003273e-04
2.56499030e-01 -3.31531164e-04 4.16044493e-04
2.56906308e-01 6.90111801e-04 4.27162317e-04
2.57313583e-01 4.69355599e-04 4.14915300e-04
2.57720856e-01 5.38098075e-04 4.07006384e-04
2.58128127e-01 -1.10897475e-04 4.19729657e-04
2.58535395e-01 3.09699011e-04 4.22727918e-04
2.58942661e-01 -2.76004789e-04 4.11528914e-04
2.59349924e-01 -5.07554193e-05 4.23505531e-04
2.59757184e-01 3.72948368e-04 4.14091142e-04
2.60164443e-01 3.38511745e-04 4.21891246e-04
2.60571699e-01 7.33581100e-06 4.22983298e-04
2.60978952e-01 2.37180910e-04 4.15899012e-04
2.61386203e-01 3.18306814e-04 4.16447536e-04
2.61793451e-01 5.70444194e-04 4.23055542e-04
2.62200697e-01 1.65387571e-04 4.08805209e-04
2.62607941e-01 -8.22476564e-04 4.03369771e-04
2.63015182e-01 6.75999588e-04 4.15536184e-04
2.63422420e-01 -4.28237253e-04 4.11122853e-04
2.63829656e-01 4.10029832e-04 4.16170263e-04
2.64236890e-01 1.61855981e-04 4.19356844e-04
2.64644121e-01 -2.52212323e-04 4.08235105e-04
2.65051349e-01 1.57712564e-04 4.16125889e-04
2.65458575e-01 2.32583417e-04 4.11295300e-04
2.65865799e-01 4.22277676e-04 4.09652434e-04
2.66273019e-01 4.73628272e-04 4.18733943e-04
2.66680238e-01 5.77791259e-04 4.09061408e-04
2.67087454e-01 -2.63572115e-04 4.03456850e-04
2.67494667e-01 5.03510121e-04 4.15372751e-04
2.67901878e-01 3.13249465e-04 4.08759909e-04
2.68309086e-01 6.37304589e-04 4.06867839e-04
2.68716292e-01 5.07488740e-05 3.98634222e-04
2.69123495e-01 -5.76206554e-04 4.01792867e-04
2.69530696e-01 -7.09859619e-04 4.04308145e-04
2.69937894e-01 -4.25274631e-04 4.02951769e-04
2.70345090e-01 -7.46390987e-05 4.04862150e-04
2.70752283e-01 -4.28048226e-04 3.96850174e-04
2.71159473e-01 3.66104143e-04 4.10268230e-04
2.71566661e-01 5.13959393e-05 3.99365775e-04
2.71973847e-01 3.43274364e-04 4.04021068e-04
2.72381030e-01 -1.43014684e-04 4.12403724e-04
2.72788210e-01 -2.80849746e-04 3.99907109e-04
2.73195387e-01 1.50946046e-04 4.00634783e-04
2.73602562e-01 1.02073037e-04 4.05200684e-04
2.74009735e-01 2.27546075e-04 4.00988463e-04
2.74416905e-01 7.64007884e-04 4.10577656e-04
2.74824072e-01 -2.66372399e-04 3.95785320e-04
2.75231237e-01 4.21455898e-05 4.08134092e-04
2.75638399e-01 2.12496046e-04 3.93269096e-04
2.76045558e-01 -2.83606044e-04 4.02008365e-04
2.76452715e-01 -7.18221921e-05 4.03226403e-04
2.76859869e-01 7.74954080e-05 3.99509284e-04
2.77267021e-01 -9.93566218e-05 3.96797193e-04
2.77674170e-01 -2.42180450e-05 3.96063897e-04
2.78081316e-01 6.14126654e-04 4.01392480e-04
2.78488460e-01 8.30410573e-04 3.96776583e-04
2.78895601e-01 7.49785525e-04 3.97500705e-04
2.79302740e-01 -1.83522286e-04 3.90290760e-04
2.79709875e-01 -2.00909506e-04 3.97232489e-04
2.80117009e-01 -1.66257787e-04 3.90997792e-04
2.80524139e-01 -3.65100116e-04 3.94420421e-04
2.80931267e-01 3.44597702e-04 3.91086834e-04
2.81338392e-01 5.07957174e-04 3.92256542e-04
2.81745515e-01 5.75404368e-05 3.89651463e-04
2.82152635e-01 -6.92881519e-04 3.90634931e-04
2.82559752e-01 7.72164783e-05 3.89213610e-04
2.82966866e-01 4.04079468e-04 3.97140746e-04
2.83373978e-01 1.95406414e-04 3.86240771e-04
2.83781088e-01 4.51780654e-04 3.91245594e-04
2.84188194e-01 6.46517432e-04 3.93077094e-04
2.84595298e-01 1.32529812e-04 3.93711344e-04
2.85002399e-01 -1.75321431e-04 4.03859730e-04
2.85409497e-01 -1.63183951e-04 3.99379380e-04
2.85816593e-01 3.37953898e-04 3.97760194e-04
2.86223686e-01 -1.90916958e-04 3.91194814e-04
2.86630777e-01 -3.56076456e-04 3.92804012e-04
2.87037864e-01 -1.33649098e-04 3.99181981e-04
2.87444949e-01 -7.94469109e-04 3.95751962e-04
2.87852031e-01 -4.41080541e-04 3.99242992e-04
2.88259111e-01 -2.68102216e-04 3.95897671e-04
2.88666188e-01 2.73627463e-04 4.03953562e-04
2.89073262e-01 -3.98508029e-04 4.01065802e-04
2.89480333e-01 6.80052781e-04 4.01369588e-04
2.89887401e-01 2.71253477e-04 4.03428696e-04
2.90294467e-01 -4.43115873e-04 4.03590173e-04
2.90701530e-01 -4.67187576e-04 3.92534901e-04
2.91108591e-01 3.49491407e-05 3.88563424e-04
2.91515648e-01 -3.85985382e-04 3.84792860e-04
2.91922703e-01 8.07360915e-04 3.91670285e-04
2.92329755e-01 -6.47208466e-05 3.88363286e-04
2.92736804e-01 -3.79413604e-04 3.85156260e-04
2.93143851e-01 3.07163348e-04 3.93610905e-04
2.93550895e-01 2.05026179e-04 3.82550639e-04
2.93957936e-01 7.18379596e-05 3.95482416e-04
2.94364974e-01 5.69736240e-04 3.91009317e-04
2.94772009e-01 -5.74405525e-04 3.94338940e-04
2.95179042e-01 1.23623002e-04 3.93076165e-04
2.95586072e-01 7.47029864e-05 3.91487576e-04
2.95993099e-01 -4.10638051e-04 3.93090158e-04
2.96400123e-01 -2.20089362e-04 3.88905554e-04
2.96807145e-01 -8.70067357e-04 3.98161682e-04
2.97214163e-01 -8.28562162e-06 3.90882568e-04
2.97621179e-01 -1.25411689e-04 3.91038506e-04
2.98028192e-01 2.74671818e-04 3.88631876e-04
2.98435202e-01 1.53520209e-04 3.85252887e-04
2.98842210e-01 -2.95618410e-04 3.90193442e-04
2.99249214e-01 -3.66882706e-04 3.92066613e-04
2.99656216e-01 2.60286388e-04 3.95441195e-04
3.00063215e-01 -4.22432950e-04 3.86525565e-04
3.00470211e-01 -2.28611359e-04 3.92220367e-04
3.00877204e-01 7.51706327e-04 3.97224168e-04
3.01284194e-01 -5.21600172e-04 3.88845176e-04
3.01691182e-01 3.72808472e-04 3.96156820e-04
3.02098167e-01 6.01235688e-04 4.02553198e-04
3.02505149e-01 3.69165902e-04 3.88693220e-04
3.02912128e-01 9.05741334e-04 4.01178953e-04
3.03319104e-01 1.65358757e-04 3.94994330e-04
3.03726077e-01 1.37581871e-04 3.95607540e-04
3.04133047e-01 4.92402502e-04 3.96380259e-04
3.04540015e-01 5.98525315e-04 3.94686814e-04
3.04946979e-01 -2.24012723e-04 3.88673952e-04
3.05353941e-01 2.13204690e-05 3.91962251e-04
3.05760900e-01 -6.25929265e-04 3.92481453e-04
3.06167856e-01 -6.75245976e-05 3.91781214e-04
3.06574809e-01 4.27221301e-04 3.91743493e-04
3.06981759e-01 7.40263330e-04 3.95368784e-04
3.07388706e-01 8.97128104e-04 3.97557917e-04
3.07795651e-01 -8.77003684e-05 3.90934954e-04
3.08202592e-01 -1.43619767e-06 3.91048195e-04
3.08609531e-01 1.06836796e-04 3.93495826e-04
3.09016466e-01 3.06990968e-04 3.94599332e-04
3.09423399e-01 3.77516933e-04 4.03342645e-04
3.09830329e-01 -2.74684943e-05 4.04218428e-04
3.10237256e-01 -1.04796000e-04 3.93781980e-04
3.10644180e-01 5.11112067e-04 3.99769132e-04
3.11051101e-01 3.06314893e-04 4.01855744e-04
3.11458019e-01 3.21389460e-04 4.08524089e-04
3.11864934e-01 2.50429219e-04 4.02899796e-04
3.12271846e-01 -4.32208311e-06 4.00993704e-04
3.12678755e-01 -7.31876151e-05 4.07789887e-04
3.13085661e-01 3.84293469e-04 3.94931174e-04
3.13492565e-01 3.91784030e-04 4.06076722e-04
3.13899465e-01 9.26188330e-04 4.05631868e-04
3.14306362e-01 1.50876658e-04 4.01453661e-04
3.14713257e-01 3.48386221e-04 4.02622648e-04
3.15120148e-01 1.17202377e-04 4.01550215e-04
3.15527037e-01 -5.52785399e-04 4.04536173e-04
3.15933922e-01 1.20540029e-03 4.12874017e-04
3.16340805e-01 3.24314801e-04 4.47683440e-04
3.16747684e-01 -3.40654236e-04 4.85649259e-04
3.17154561e-01 5.36452645e-04 5.18595480e-04
3.17561434e-01 -6.13876006e-05 5.45733395e-04
3.17968305e-01 -1.19208899e-03 5.72879313e-04
3.18375172e-01 -2.23212375e-04 6.15452124e-04
3.18782037e-01 -5.17921430e-04 6.38625026e-04
3.19188898e-01 1.20581378e-03 6.70240281e-04
3.19595757e-01 -8.63682476e-04 6.76711858e-04
3.20002612e-01 1.08859041e-03 7.26804634e-04
3.20409465e-01 -9.20769341e-05 7.90086729e-04
3.20816314e-01 7.07207249e-04 8.40969851e-04
3.21223160e-01 2.71263434e-04 9.03991959e-04
3.21630004e-01 1.67923088e-05 1.08581303e-03
3.22036844e-01 -6.64492326e-05 1.33883080e-03
3.22443681e-01 -1.63689259e-04 1.82587616e-03
3.22850516e-01 1.49567132e-02 7.87172736e-03
