4.08043586e-03 -1.07536796e-01 2.70239027e-02
4.48847930e-03 -1.02197792e-01 2.65801509e-02
4.89652269e-03 -6.67734213e-02 1.94833907e-02
5.30456604e-03 -5.61592075e-02 1.48227624e-02
5.71260934e-03 -4.23732932e-02 1.09728164e-02
6.12065258e-03 -3.21759830e-02 8.80329067e-03
6.52869577e-03 -2.48429590e-02 7.66088153e-03
6.93673889e-03 -1.57747017e-02 6.07419866e-03
7.34478195e-03 -1.25266134e-02 5.32439218e-03
7.75282494e-03 -1.68341999e-02 5.06078529e-03
8.16086785e-03 -1.01825074e-02 5.04497316e-03
8.56891069e-03 -1.47055382e-02 4.38480526e-03
8.97695345e-03 -1.16132270e-02 4.00572828e-03
9.38499612e-03 -8.42416718e-03 3.68097485e-03
9.79303870e-03 -6.72979052e-03 3.74021604e-03
1.02010812e-02 -8.01905887e-03 3.55116806e-03
1.06091236e-02 -6.94463959e-03 3.13373504e-03
1.10171659e-02 -4.79059219e-03 3.15780953e-03
1.14252081e-02 -4.15692675e-03 2.91858207e-03
1.18332501e-02 -1.74922086e-03 2.58982143e-03
1.22412921e-02 -2.35347080e-03 2.78868204e-03
1.26493339e-02 1.70098792e-03 2.72935624e-03
1.30573757e-02 1.84992826e-03 2.53963334e-03
1.34654173e-02 -3.23013604e-03 2.35698490e-03
1.38734588e-02 -3.08355575e-03 2.30614043e-03
1.42815001e-02 1.72424747e-03 2.29234212e-03
1.46895413e-02 2.51812099e-04 2.23945999e-03
1.50975824e-02 2.46883336e-03 2.22741458e-03
1.55056233e-02 -4.70015933e-04 2.24778546e-03
1.59136641e-02 1.09476754e-03 1.91875461e-03
1.63217047e-02 2.22125578e-03 2.07685819e-03
1.67297452e-02 1.02185900e-03 2.02434343e-03
1.71377855e-02 1.61355766e-03 2.02167135e-03
1.75458257e-02 -1.77644020e-03 2.17320756e-03
1.79538657e-02 -2.61127465e-03 1.95467574e-03
1.83619055e-02 1.58430109e-03 2.01944304e-03
1.87699451e-02 -2.38495476e-05 2.05433404e-03
1.91779846e-02 -1.37344071e-04 1.96683768e-03
1.95860239e-02 -2.03165704e-04 1.85200821e-03
1.99940630e-02 -1.42152887e-03 1.83650975e-03
2.04021019e-02 -9.05732644e-04 1.62870101e-03
2.08101406e-02 -1.26628568e-03 1.80415105e-03
2.12181791e-02 -5.54808076e-04 1.86772792e-03
2.16262174e-02 -7.96726946e-04 1.79420604e-03
2.20342555e-02 -2.44412391e-03 1.65635594e-03
2.24422934e-02 -1.91809115e-03 1.77556720e-03
2.28503311e-02 5.75250872e-04 1.67637425e-03
2.32583686e-02 -2.50988281e-03 1.71760532e-03
2.36664058e-02 -1.09522503e-03 1.63136439e-03
2.40744429e-02 2.26154948e-03 1.60918567e-03
2.44824797e-02 7.72777923e-04 1.60355457e-03
2.48905162e-02 -4.41947949e-05 1.65098151e-03
2.52985525e-02 -1.70377779e-03 1.72952103e-03
2.57065886e-02 -2.12871659e-04 1.57799971e-03
2.61146245e-02 -2.67057071e-04 1.65693263e-03
2.65226601e-02 2.25959014e-04 1.72742127e-03
2.69306954e-02 9.94720510e-04 1.69488737e-03
2.73387305e-02 -3.60045018e-03 1.58470578e-03
2.77467653e-02 -7.58812799e-04 1.61433431e-03
2.81547999e-02 9.93229268e-04 1.65309689e-03
2.85628342e-02 -1.98307397e-03 1.66022891e-03
2.89708682e-02 4.16016489e-04 1.60008878e-03
2.93789020e-02 7.14876839e-04 1.69149147e-03
2.97869355e-02 -9.02769551e-04 1.72589173e-03
3.01949687e-02 1.86816666e-03 1.66748967e-03
3.06030016e-02 3.09571851e-04 1.61070900e-03
3.10110342e-02 3.07515233e-03 1.61078813e-03
3.14190665e-02 2.55685428e-03 1.58361333e-03
3.18270985e-02 1.15072070e-03 1.65680894e-03
3.22351302e-02 -7.93797541e-04 1.48434818e-03
3.26431617e-02 1.20020706e-03 1.54637834e-03
3.30511928e-02 2.11611770e-04 1.48592489e-03
3.34592236e-02 4.49004443e-04 1.51954258e-03
3.38672540e-02 7.64145103e-04 1.48765337e-03
3.42752842e-02 -1.83862008e-03 1.37393865e-03
3.46833140e-02 3.84833169e-04 1.42402395e-03
3.50913435e-02 1.05858231e-03 1.43104580e-03
3.54993727e-02 5.52501059e-04 1.44710596e-03
3.59074015e-02 1.51438284e-03 1.39561737e-03
3.63154300e-02 4.22168019e-04 1.37035457e-03
3.67234581e-02 -5.65340778e-04 1.41311407e-03
3.71314859e-02 -1.05846292e-03 1.32019820e-03
3.75395134e-02 1.35698655e-03 1.37536479e-03
3.79475405e-02 -3.10531878e-04 1.32856205e-03
3.83555672e-02 1.36073999e-03 1.41239928e-03
3.87635935e-02 1.36192676e-04 1.27927275e-03
3.91716195e-02 1.38090685e-03 1.35524306e-03
3.95796452e-02 6.68644953e-04 1.42263872e-03
3.99876704e-02 1.47799964e-03 1.29092175e-03
4.03956953e-02 -1.18980293e-03 1.29313020e-03
4.08037198e-02 2.05182897e-03 1.24918528e-03
4.12117439e-02 2.29692739e-03 1.30491366e-03
4.16197676e-02 -8.12488281e-04 1.21952117e-03
4.20277909e-02 -1.14604290e-03 1.22191705e-03
4.24358138e-02 1.13072774e-03 1.25254769e-03
4.28438363e-02 1.26056647e-03 1.29658690e-03
4.32518584e-02 9.14443578e-05 1.23983856e-03
4.36598801e-02 -6.95980735e-04 1.20683485e-03
4.40679014e-02 7.80351941e-04 1.27233210e-03
4.44759222e-02 2.38026941e-03 1.23020394e-03
4.48839427e-02 1.13053337e-03 1.20636348e-03
4.52919627e-02 -1.10124809e-03 1.19991043e-03
4.56999823e-02 1.14547792e-05 1.22353955e-03
4.61080014e-02 5.76321408e-04 1.20051705e-03
4.65160201e-02 7.16705405e-04 1.17343797e-03
4.69240384e-02 5.54023757e-04 1.19187791e-03
4.73320562e-02 -5.13224231e-05 1.10893862e-03
4.77400736e-02 7.34725333e-04 1.18608664e-03
4.81480905e-02 3.77826865e-04 1.17766058e-03
4.85561070e-02 2.41569400e-06 1.16384171e-03
4.89641230e-02 -6.15226821e-04 1.15140073e-03
4.93721385e-02 9.59961661e-04 1.15580794e-03
4.97801536e-02 2.21716669e-04 1.10685044e-03
5.01881682e-02 -6.64931528e-04 1.10926598e-03
5.05961823e-02 4.39494687e-04 1.17794848e-03
5.10041960e-02 1.11624461e-03 1.14353246e-03
5.14122091e-02 -1.19287900e-03 1.16795157e-03
5.18202218e-02 -1.87783090e-04 1.11927041e-03
5.22282340e-02 1.69625623e-03 1.11802708e-03
5.26362457e-02 1.45541450e-03 1.10749476e-03
5.30442569e-02 -1.48384107e-03 1.12067517e-03
5.34522675e-02 1.07358877e-03 1.14280079e-03
5.38602777e-02 7.83610057e-04 1.11010585e-03
5.42682874e-02 1.72178603e-03 1.03159485e-03
5.46762965e-02 -7.05934428e-05 1.04174944e-03
5.50843052e-02 -1.20230647e-04 1.07988170e-03
5.54923133e-02 1.19749807e-03 1.10182534e-03
5.59003208e-02 7.00700324e-04 1.08537055e-03
5.63083279e-02 -1.10761874e-03 1.08632061e-03
5.67163344e-02 -1.63423006e-03 1.05047849e-03
5.71243404e-02 2.54349986e-04 1.04741741e-03
5.75323458e-02 2.10291090e-04 1.12260967e-03
5.79403507e-02 1.10635030e-03 1.08977160e-03
5.83483551e-02 8.75218997e-05 1.09068857e-03
5.87563588e-02 1.31725087e-03 1.16961761e-03
5.91643621e-02 1.41560162e-04 1.12986411e-03
5.95723647e-02 1.75663667e-03 1.15539398e-03
5.99803668e-02 1.35309727e-03 1.19279401e-03
6.03883684e-02 -5.71458308e-04 1.09819947e-03
6.07963693e-02 3.77885324e-05 1.08528354e-03
6.12043697e-02 -8.09483823e-05 1.09656809e-03
6.16123695e-02 -8.10662980e-05 1.10133829e-03
6.20203687e-02 8.79986797e-04 1.07904630e-03
6.24283674e-02 -1.69060981e-04 1.06466099e-03
6.28363654e-02 -9.37221768e-04 1.06805621e-03
6.32443629e-02 -1.30854697e-04 1.07534096e-03
6.36523597e-02 -3.02830434e-04 1.02431184e-03
6.40603559e-02 5.00191965e-04 1.05064824e-03
6.44683516e-02 6.94413225e-04 1.02584807e-03
6.48763466e-02 -1.20557031e-05 1.02947730e-03
6.52843410e-02 8.19963616e-04 1.00412575e-03
6.56923348e-02 -4.55203164e-04 1.07788279e-03
6.61003279e-02 9.53638121e-04 1.02833823e-03
6.65083205e-02 2.96346776e-03 1.04465125e-03
6.69163124e-02 1.15513235e-03 1.01011838e-03
6.73243036e-02 3.77913819e-04 9.78475670e-04
6.77322943e-02 -5.89230013e-04 9.69243283e-04
6.81402842e-02 -1.04618450e-03 9.71663038e-04
6.85482736e-02 -9.36304357e-04 9.85032945e-04
6.89562623e-02 -8.43744151e-04 9.73348116e-04
6.93642503e-02 1.13640706e-04 9.73451903e-04
6.97722377e-02 -4.14887512e-04 9.44269455e-04
7.01802244e-02 1.21317147e-03 9.70872961e-04
7.05882105e-02 1.38941248e-04 9.61444103e-04
7.09961958e-02 1.77062860e-04 9.48718146e-04
7.14041805e-02 -2.42238745e-04 9.32643948e-04
7.18121646e-02 2.38021326e-03 9.27294074e-04
7.22201479e-02 1.18884249e-04 9.39737019e-04
7.26281306e-02 -3.54721118e-05 9.54874247e-04
7.30361126e-02 1.39459698e-03 9.67653259e-04
7.34440938e-02 -6.51168250e-05 9.55603132e-04
7.38520744e-02 1.32704920e-03 8.87826528e-04
7.42600543e-02 1.51515136e-04 9.42420723e-04
7.46680335e-02 -6.14127677e-04 9.04026070e-04
7.50760119e-02 1.94953401e-03 9.27512306e-04
7.54839897e-02 1.03884163e-03 9.07067201e-04
7.58919667e-02 -1.17309620e-04 8.88461322e-04
7.62999431e-02 3.83885193e-04 9.11169196e-04
7.67079187e-02 -1.02142613e-03 8.92456993e-04
7.71158935e-02 1.89303449e-03 9.38067268e-04
7.75238677e-02 6.71520114e-04 9.18374246e-04
7.79318411e-02 1.10264660e-03 9.00818020e-04
7.83398137e-02 -5.63976964e-05 8.95251005e-04
7.87477857e-02 3.65912862e-04 9.19456450e-04
7.91557568e-02 -5.36348532e-04 8.99924722e-04
7.95637273e-02 -1.27544999e-04 8.91866285e-04
7.99716969e-02 6.72318116e-04 8.75537244e-04
8.03796658e-02 -1.11756038e-03 9.14056867e-04
8.07876340e-02 -2.62556987e-04 8.71261958e-04
8.11956014e-02 7.88201231e-04 8.73662798e-04
8.16035680e-02 1.46926083e-03 8.66942854e-04
8.20115338e-02 3.50517774e-04 8.59398216e-04
8.24194989e-02 -4.64132523e-04 8.61815179e-04
8.28274631e-02 -2.15657651e-05 8.39678684e-04
8.32354266e-02 -1.49833497e-03 8.56614771e-04
8.36433893e-02 4.28069596e-04 8.37839022e-04
8.40513512e-02 6.75959661e-04 8.54572478e-04
8.44593123e-02 7.77508154e-04 8.42410700e-04
8.48672727e-02 -8.30260276e-04 8.53466561e-04
8.52752322e-02 -9.23269786e-05 8.52014075e-04
8.56831909e-02 9.56542079e-04 8.74001374e-04
8.60911487e-02 -1.54271781e-03 8.42031284e-04
8.64991058e-02 2.40269914e-04 8.51488994e-04
8.69070620e-02 4.03842077e-04 8.40780343e-04
8.73150175e-02 5.04075179e-05 8.32895590e-04
8.77229721e-02 1.29987059e-03 8.10291864e-04
8.81309258e-02 5.46152395e-04 8.40669456e-04
8.85388787e-02 4.93471742e-04 8.68820300e-04
8.89468308e-02 3.14100519e-04 8.50623075e-04
8.93547821e-02 3.37646905e-04 7.99292665e-04
8.97627325e-02 -2.73667735e-04 8.38144839e-04
9.01706820e-02 1.49107371e-03 8.32625413e-04
9.05786307e-02 1.05696218e-04 7.94951831e-04
9.09865785e-02 9.44372947e-04 8.09450909e-04
9.13945255e-02 -1.23515024e-04 8.25735616e-04
9.18024716e-02 1.09964086e-03 8.40003726e-04
9.22104168e-02 1.29394085e-04 8.11480387e-04
9.26183611e-02 1.13748711e-04 7.92994049e-04
9.30263046e-02 -5.41226304e-04 8.07871172e-04
9.34342472e-02 2.16385763e-04 8.08468679e-04
9.38421889e-02 1.26577980e-03 8.31849434e-04
9.42501297e-02 -5.48965465e-04 8.16406708e-04
9.46580696e-02 7.56079511e-04 8.17242488e-04
9.50660087e-02 1.71330855e-04 8.29733677e-04
9.54739468e-02 -8.81221421e-04 8.05495104e-04
9.58818840e-02 1.03240295e-03 7.94077362e-04
9.62898203e-02 -1.12106641e-03 7.90552281e-04
9.66977557e-02 8.75868541e-04 7.79846918e-04
9.71056902e-02 1.64149847e-03 8.08709505e-04
9.75136237e-02 -1.23445920e-03 7.85455386e-04
9.79215564e-02 -7.93710184e-04 7.76545883e-04
9.83294881e-02 9.69515655e-04 8.08204967e-04
9.87374188e-02 3.14436253e-04 7.87343228e-04
9.91453487e-02 -5.44854649e-04 8.04555275e-04
9.95532775e-02 -5.90407376e-05 7.74132065e-04
9.99612055e-02 2.04451242e-04 7.63695737e-04
1.00369132e-01 -2.73476919e-04 7.74007053e-04
1.00777059e-01 6.25403296e-04 7.56499324e-04
1.01184984e-01 -5.63934258e-04 7.59242963e-04
1.01592908e-01 4.83173634e-04 7.65270907e-04
1.02000831e-01 -8.29296869e-05 7.53674799e-04
1.02408753e-01 -3.40705006e-04 7.35420905e-04
1.02816674e-01 -1.24795210e-03 7.48007381e-04
1.03224595e-01 4.01040201e-04 7.32669924e-04
1.03632514e-01 -8.18664114e-04 7.51427655e-04
1.04040432e-01 -2.27151412e-04 7.57003562e-04
1.04448349e-01 -2.00702814e-04 7.48205034e-04
1.04856266e-01 -4.03580651e-04 7.41367205e-04
1.05264181e-01 2.35859328e-03 7.40634770e-04
1.05672095e-01 8.86944534e-04 7.60979703e-04
1.06080009e-01 -1.15240589e-04 7.20211572e-04
1.06487921e-01 8.34127007e-04 7.45203170e-04
1.06895832e-01 -4.98563479e-04 7.37664030e-04
1.07303743e-01 -5.96619833e-04 7.49504083e-04
1.07711652e-01 -2.40245172e-04 7.42668355e-04
1.08119560e-01 1.35355383e-04 7.46428789e-04
1.08527467e-01 2.30534969e-04 7.35664674e-04
1.08935374e-01 -1.39426469e-03 7.52448715e-04
1.09343279e-01 7.59446365e-04 7.78624923e-04
1.09751183e-01 2.70845114e-04 7.16797932e-04
1.10159086e-01 6.22364886e-04 7.53447677e-04
1.10566988e-01 4.82218538e-04 7.42710058e-04
1.10974889e-01 -4.97044786e-04 7.30373587e-04
1.11382789e-01 4.44504076e-04 7.24379345e-04
1.11790688e-01 4.50908173e-04 7.18891980e-04
1.12198586e-01 -1.34976941e-03 7.20223241e-04
1.12606482e-01 -1.69200958e-03 7.39529837e-04
1.13014378e-01 8.24382295e-04 7.59431999e-04
1.13422273e-01 -9.63493534e-05 7.39013280e-04
1.13830166e-01 -2.01641953e-03 7.22845950e-04
1.14238059e-01 -1.28853635e-03 7.26600205e-04
1.14645950e-01 3.16385444e-05 7.50165355e-04
1.15053840e-01 3.54654513e-04 7.49553233e-04
1.15461730e-01 -4.72523205e-04 7.56938967e-04
1.15869618e-01 -1.24653679e-03 7.53337257e-04
1.16277505e-01 -4.19802477e-04 7.37912576e-04
1.16685391e-01 1.87867495e-04 7.37384572e-04
1.17093275e-01 3.26262687e-04 7.44774890e-04
1.17501159e-01 -9.51866200e-05 7.32749874e-04
1.17909042e-01 7.24429205e-04 7.33928625e-04
1.18316923e-01 5.08629889e-04 7.21280928e-04
1.18724803e-01 1.49215758e-04 7.13608382e-04
1.19132683e-01 4.04065402e-04 7.15446481e-04
1.19540561e-01 1.15162888e-03 7.14892664e-04
1.19948438e-01 3.72884368e-04 6.88656828e-04
1.20356313e-01 4.62644063e-04 6.95195451e-04
1.20764188e-01 -2.30547801e-04 6.86431831e-04
1.21172062e-01 8.94846164e-04 6.98486355e-04
1.21579934e-01 2.10848860e-04 6.82204013e-04
1.21987805e-01 -6.91594659e-04 6.95544570e-04
1.22395675e-01 -2.41067281e-04 6.73654613e-04
1.22803544e-01 5.00979529e-04 6.94722779e-04
1.23211412e-01 1.58125693e-03 7.03524904e-04
1.23619278e-01 -1.92379710e-05 6.93683089e-04
1.24027144e-01 2.16874653e-04 6.96174608e-04
1.24435008e-01 1.16887850e-03 6.84684025e-04
1.24842871e-01 4.80230909e-04 6.77852610e-04
1.25250733e-01 -7.16269257e-04 6.66828818e-04
1.25658594e-01 -6.47631693e-04 6.85519611e-04
1.26066453e-01 5.83423671e-04 6.63295479e-04
1.26474311e-01 6.55539850e-04 6.66952544e-04
1.26882168e-01 4.95491263e-04 6.77609431e-04
1.27290024e-01 9.77628053e-05 6.68821532e-04
1.27697879e-01 4.79812975e-04 6.47696140e-04
1.28105732e-01 1.52725170e-03 6.65949090e-04
1.28513585e-01 1.19954493e-03 6.89449940e-04
1.28921436e-01 2.87966404e-04 6.62627611e-04
1.29329285e-01 1.84109099e-04 6.55074956e-04
1.29737134e-01 7.46772110e-04 6.44671817e-04
1.30144981e-01 -4.39708188e-04 6.51835446e-04
1.30552828e-01 8.96591381e-05 6.36630673e-04
1.30960672e-01 -3.64380660e-04 6.32106933e-04
1.31368516e-01 -1.35621900e-03 6.46816693e-04
1.31776358e-01 -4.38468274e-04 6.36197453e-04
1.32184200e-01 -1.44210394e-04 6.63953050e-04
1.32592039e-01 -1.11976089e-03 6.50237038e-04
1.32999878e-01 -1.15694637e-03 6.48028929e-04
1.33407715e-01 -1.01086585e-03 6.41823652e-04
1.33815552e-01 -1.33340859e-03 6.46037274e-04
1.34223386e-01 -8.90880745e-04 6.20684717e-04
1.34631220e-01 1.27452256e-03 6.34415234e-04
1.35039052e-01 -4.31319660e-04 6.45043972e-04
1.35446883e-01 -4.87727118e-04 6.39957826e-04
1.35854713e-01 1.02158042e-03 6.34916392e-04
1.36262541e-01 7.15784755e-05 6.27817634e-04
1.36670368e-01 1.02759125e-03 6.39667207e-04
1.37078194e-01 -8.70705247e-04 6.33672304e-04
1.37486019e-01 3.10307244e-04 6.28361178e-04
1.37893842e-01 -1.89332042e-04 6.30262547e-04
1.38301664e-01 5.80782165e-04 6.54337811e-04
1.38709485e-01 -9.08709432e-04 6.32909817e-04
1.39117304e-01 2.72911796e-04 6.31269724e-04
1.39525122e-01 -3.41866164e-04 6.31156300e-04
1.39932939e-01 2.96998624e-04 6.16106569e-04
1.40340754e-01 8.95500641e-04 6.31660578e-04
1.40748568e-01 4.43215665e-04 6.28796737e-04
1.41156381e-01 5.54961505e-06 6.05967430e-04
1.41564192e-01 7.29201181e-04 6.04224203e-04
1.41972002e-01 -4.68965962e-05 6.23777640e-04
1.42379811e-01 1.74696149e-04 6.08843095e-04
1.42787618e-01 1.51600198e-04 6.30219994e-04
1.43195424e-01 -2.00581416e-04 6.25723091e-04
1.43603228e-01 -3.06714135e-05 6.40596463e-04
1.44011032e-01 7.95299025e-06 6.18261207e-04
1.44418833e-01 -2.90050585e-04 6.48354882e-04
1.44826634e-01 4.88861794e-04 6.16241055e-04
1.45234433e-01 5.56595124e-04 6.16354427e-04
1.45642231e-01 -6.77563677e-04 6.25281292e-04
1.46050027e-01 1.33596998e-04 6.35098187e-04
1.46457822e-01 -2.71586652e-04 6.40168601e-04
1.46865616e-01 -2.12676457e-04 6.38482610e-04
1.47273408e-01 6.07306182e-05 6.48700206e-04
1.47681199e-01 -4.16781970e-06 6.17512392e-04
1.48088988e-01 3.98008856e-04 6.34749236e-04
1.48496776e-01 -7.80388626e-04 6.30848172e-04
1.48904563e-01 -6.13989103e-04 6.05411487e-04
1.49312348e-01 1.66925828e-03 6.29389114e-04
1.49720132e-01 -2.16465629e-04 6.13414851e-04
1.50127914e-01 -7.66306460e-04 6.05639182e-04
1.50535695e-01 8.35047540e-04 6.28473582e-04
1.50943474e-01 -1.43968959e-04 5.89468613e-04
1.51351252e-01 -3.88532988e-04 6.16101496e-04
1.51759029e-01 8.77366537e-05 5.98056802e-04
1.52166804e-01 2.58705228e-04 5.98786253e-04
1.52574578e-01 2.27884402e-04 6.03421904e-04
1.52982350e-01 -1.99470736e-04 6.06762989e-04
1.53390121e-01 -4.40805988e-05 5.90815814e-04
1.53797890e-01 1.37478975e-03 6.09554571e-04
1.54205658e-01 8.87728578e-04 6.00155958e-04
1.54613425e-01 -3.58898074e-04 5.85319831e-04
1.55021190e-01 9.14892132e-04 6.01483963e-04
1.55428953e-01 5.16903463e-04 6.00597853e-04
1.55836716e-01 -1.17317585e-03 5.80299106e-04
1.56244476e-01 2.63759999e-04 5.83533033e-04
1.56652235e-01 1.36089647e-04 5.83228393e-04
1.57059993e-01 8.58693151e-04 5.95905095e-04
1.57467749e-01 6.24921996e-04 5.86785065e-04
1.57875504e-01 1.70069469e-03 5.86560114e-04
1.58283257e-01 -4.47268749e-04 5.80017461e-04
1.58691008e-01 -8.94181624e-04 5.71402146e-04
1.59098758e-01 -5.39993025e-04 5.84247828e-04
1.59506507e-01 -7.51491235e-05 5.68572925e-04
1.59914254e-01 -6.32584071e-04 5.67020126e-04
1.60322000e-01 5.03807275e-04 5.83415168e-04
1.60729744e-01 -3.94977352e-04 5.75275438e-04
1.61137486e-01 6.62297137e-04 5.76621780e-04
1.61545228e-01 -2.68932507e-04 5.74161918e-04
1.61952967e-01 2.43378789e-04 5.67978938e-04
1.62360705e-01 -9.89617712e-05 5.60987789e-04
1.62768441e-01 -2.89935383e-04 5.66746249e-04
1.63176176e-01 -5.39089045e-04 5.59294257e-04
1.63583910e-01 2.41727184e-04 5.73425753e-04
1.63991641e-01 9.72282379e-04 5.72933242e-04
1.64399372e-01 -1.33296642e-04 5.71304666e-04
1.64807100e-01 5.75534690e-04 5.64157118e-04
1.65214827e-01 2.53176199e-04 5.70949827e-04
1.65622553e-01 7.13648923e-04 5.51835873e-04
1.66030277e-01 4.74095833e-04 5.72744048e-04
1.66437999e-01 -1.92514840e-04 5.71575711e-04
1.66845720e-01 -8.19365705e-04 5.57102448e-04
1.67253439e-01 -1.54093441e-06 5.58659495e-04
1.67661157e-01 -3.02899554e-05 5.44674590e-04
1.68068873e-01 -2.53868372e-04 5.57658160e-04
1.68476588e-01 5.65506708e-04 5.56716803e-04
1.68884301e-01 6.34632472e-04 5.60919944e-04
1.69292012e-01 -4.89507955e-04 5.48749025e-04
1.69699721e-01 7.26177041e-04 5.61245702e-04
1.70107430e-01 -4.86539680e-04 5.51481230e-04
1.70515136e-01 -9.16445126e-05 5.45591826e-04
1.70922841e-01 -8.77414440e-04 5.49937335e-04
1.71330544e-01 2.46652098e-04 5.55081468e-04
1.71738246e-01 -3.62194011e-04 5.48144168e-04
1.72145946e-01 8.17255828e-04 5.47314961e-04
1.72553644e-01 -2.50866952e-05 5.38560090e-04
1.72961341e-01 2.70853742e-04 5.42220678e-04
1.73369036e-01 -6.70982958e-04 5.43149894e-04
1.73776729e-01 -3.64335628e-04 5.37043702e-04
1.74184421e-01 3.80005347e-05 5.51662915e-04
1.74592111e-01 2.78377263e-04 5.38862116e-04
1.74999799e-01 -2.44487707e-05 5.44203785e-04
1.75407486e-01 2.69973137e-04 5.47230585e-04
1.75815171e-01 1.10818984e-03 5.50247598e-04
1.76222855e-01 7.09845211e-04 5.44584351e-04
1.76630537e-01 7.19317299e-04 5.45177903e-04
1.77038217e-01 8.49795906e-04 5.35147048e-04
1.77445895e-01 6.29464361e-04 5.30911799e-04
1.77853572e-01 2.34846001e-04 5.38961648e-04
1.78261247e-01 3.37400710e-04 5.29407165e-04
1.78668921e-01 -4.93095278e-04 5.36206713e-04
1.79076592e-01 1.70522088e-04 5.31012968e-04
1.79484262e-01 -6.22180142e-04 5.35209856e-04
1.79891931e-01 8.19891300e-04 5.30689851e-04
1.80299597e-01 2.47405179e-04 5.34271058e-04
1.80707262e-01 1.90972550e-04 5.32273662e-04
1.81114925e-01 9.60006732e-04 5.36069551e-04
1.81522587e-01 -7.71887754e-06 5.14407296e-04
1.81930247e-01 1.22805195e-03 5.27509075e-04
1.82337905e-01 -3.73058990e-04 5.30234368e-04
1.82745561e-01 2.23926483e-04 5.36608286e-04
1.83153215e-01 -2.50402754e-04 5.26149602e-04
1.83560868e-01 5.19776413e-04 5.18672168e-04
1.83968519e-01 -4.27518841e-04 5.19116629e-04
1.84376169e-01 2.18030694e-04 5.34284458e-04
1.84783816e-01 -8.90996074e-05 5.24770961e-04
1.85191462e-01 8.96571998e-05 5.28095404e-04
1.85599106e-01 1.84166419e-05 5.23890854e-04
1.86006749e-01 1.00310293e-04 5.27445591e-04
1.86414389e-01 -2.59314517e-04 5.18005540e-04
1.86822028e-01 2.79809160e-04 5.18534518e-04
1.87229665e-01 3.00932739e-04 5.13526394e-04
1.87637300e-01 -1.00868162e-04 5.17600983e-04
1.88044934e-01 3.88016350e-04 5.19341335e-04
1.88452566e-01 -5.32620834e-04 5.15630658e-04
1.88860195e-01 4.18829542e-04 5.11078478e-04
1.89267824e-01 8.92645263e-04 5.17167549e-04
1.89675450e-01 6.57368777e-04 5.17250011e-04
1.90083074e-01 -1.10299819e-04 5.05884329e-04
1.90490697e-01 4.94277071e-04 5.10233236e-04
1.90898318e-01 -1.72969763e-04 5.06084277e-04
1.91305937e-01 1.69116889e-04 5.14162439e-04
1.91713555e-01 2.12235866e-04 5.12453066e-04
1.92121170e-01 1.35212018e-03 5.07765494e-04
1.92528784e-01 1.31071225e-03 5.05756926e-04
1.92936396e-01 4.99801819e-04 5.19661664e-04
1.93344006e-01 8.24979962e-05 5.11046955e-04
1.93751614e-01 8.54261581e-04 5.03773391e-04
1.94159220e-01 9.43532793e-04 4.98181415e-04
1.94566825e-01 1.27829952e-03 5.00192746e-04
1.94974427e-01 2.88618837e-04 4.92021981e-04
1.95382028e-01 -3.13417792e-04 4.87112186e-04
1.95789627e-01 1.92703046e-04 4.95202943e-04
1.96197224e-01 7.08225415e-04 4.93412262e-04
1.96604820e-01 5.20893112e-04 5.04415784e-04
1.97012413e-01 4.43424212e-04 4.96615177e-04
1.97420005e-01 1.16200488e-04 5.11171576e-04
1.97827594e-01 3.68692072e-04 5.10981565e-04
1.98235182e-01 1.05358252e-04 4.91300099e-04
1.98642768e-01 1.26345131e-04 5.11553499e-04
1.99050352e-01 7.00994380e-04 5.02633649e-04
1.99457934e-01 -2.57966415e-04 5.06646747e-04
1.99865514e-01 7.71782587e-04 5.16154205e-04
2.00273093e-01 5.11566157e-04 5.16088080e-04
2.00680669e-01 -4.98609052e-04 5.03366684e-04
2.01088244e-01 2.37955317e-04 5.14177933e-04
2.01495816e-01 -4.82688546e-04 5.03984868e-04
2.01903387e-01 2.57894351e-04 5.12132598e-04
2.02310956e-01 4.41724555e-04 5.11688640e-04
2.02718523e-01 -6.51158941e-05 5.03782891e-04
2.03126088e-01 -1.20888780e-04 4.96272428e-04
2.03533651e-01 -4.16653513e-04 4.98509302e-04
2.03941212e-01 -7.43129390e-04 5.07875697e-04
2.04348771e-01 5.34256365e-04 5.19321786e-04
2.04756329e-01 1.02330249e-03 5.10617976e-04
2.05163884e-01 8.51422533e-04 5.09107463e-04
2.05571438e-01 4.85923591e-04 5.04767441e-04
2.05978989e-01 -3.74491685e-04 4.97571970e-04
2.06386539e-01 -4.41221276e-04 4.85888245e-04
2.06794086e-01 4.12044549e-04 4.92434323e-04
2.07201632e-01 5.18628844e-04 4.95929608e-04
2.07609175e-01 2.11066505e-04 4.98314073e-04
2.08016717e-01 -5.19898198e-04 4.87541402e-04
2.08424257e-01 -3.42015109e-04 4.87014085e-04
2.08831794e-01 4.45386023e-04 4.89026844e-04
2.09239330e-01 -3.79519355e-04 4.77567827e-04
2.09646864e-01 -6.65102088e-04 4.75226592e-04
2.10054396e-01 -7.85466856e-05 4.93526274e-04
2.10461925e-01 2.28570887e-04 4.82447448e-04
2.10869453e-01 1.24290573e-04 4.75556469e-04
2.11276979e-01 7.18044177e-04 4.79078011e-04
2.11684503e-01 -7.40742749e-04 4.79872109e-04
2.12092025e-01 8.86174120e-04 4.84421408e-04
2.12499544e-01 1.36798794e-04 4.76715189e-04
2.12907062e-01 4.09214372e-04 4.81544908e-04
2.13314578e-01 3.93337714e-04 4.86829022e-04
2.13722092e-01 -1.26911963e-04 4.80957609e-04
2.14129603e-01 -3.09509511e-04 4.66846718e-04
2.14537113e-01 -5.48664194e-04 4.71512834e-04
2.14944621e-01 -1.19951249e-04 4.77272880e-04
2.15352126e-01 2.80810054e-04 4.76542476e-04
2.15759630e-01 5.58906747e-05 4.75850155e-04
2.16167131e-01 5.32778058e-04 4.79542380e-04
2.16574631e-01 6.71788761e-05 4.76498681e-04
2.16982128e-01 -1.56922343e-04 4.74347439e-04
2.17389624e-01 -1.17578322e-03 4.63117127e-04
2.17797117e-01 2.44396539e-04 4.59116772e-04
2.18204608e-01 4.27705838e-04 4.68598517e-04
2.18612098e-01 -5.80334081e-04 4.52908830e-04
2.19019585e-01 -2.83592769e-04 4.62455367e-04
2.19427070e-01 -3.47029706e-05 4.62726954e-04
2.19834553e-01 -2.61668446e-04 4.69245603e-04
2.20242034e-01 2.44516997e-04 4.54714597e-04
2.20649512e-01 -6.07673067e-05 4.59655887e-04
2.21056989e-01 1.13376726e-04 4.63861436e-04
2.21464464e-01 -4.18998560e-04 4.68787767e-04
2.21871936e-01 -3.74131058e-04 4.61379237e-04
2.22279407e-01 -4.15365347e-05 4.59471696e-04
2.22686875e-01 1.66693478e-04 4.67174720e-04
2.23094341e-01 -4.71841261e-04 4.57328577e-04
2.23501805e-01 1.15459681e-04 4.53603626e-04
2.23909267e-01 -4.35271557e-04 4.57022237e-04
2.24316727e-01 -5.77514779e-04 4.63390292e-04
2.24724185e-01 5.62118122e-04 4.64915741e-04
2.25131641e-01 -1.13872327e-04 4.60611160e-04
2.25539094e-01 -1.59901745e-04 4.64794780e-04
2.25946545e-01 7.30041507e-04 4.64205255e-04
2.26353995e-01 9.71100772e-05 4.53762694e-04
2.26761442e-01 6.08988534e-04 4.68855258e-04
2.27168887e-01 9.39755208e-04 4.56837974e-04
2.27576329e-01 1.41157789e-03 4.53562436e-04
2.27983770e-01 2.85712390e-05 4.45998182e-04
2.28391208e-01 -3.37720368e-04 4.51807635e-04
2.28798645e-01 -1.56386665e-05 4.56052291e-04
2.29206079e-01 -2.33659635e-04 4.57300293e-04
2.29613511e-01 -3.82488417e-04 4.55130000e-04
2.30020941e-01 1.79874005e-04 4.60319572e-04
2.30428368e-01 1.10910053e-03 4.61095927e-04
2.30835794e-01 1.34233379e-03 4.65207638e-04
2.31243217e-01 8.04999681e-04 4.60566807e-04
2.31650638e-01 -1.85389239e-04 4.64660391e-04
2.32058057e-01 -2.40227471e-04 4.63361830e-04
2.32465473e-01 4.27993350e-04 4.72744359e-04
2.32872888e-01 5.99135254e-06 4.69599921e-04
2.33280300e-01 -4.99843843e-04 4.53640876e-04
2.33687710e-01 1.81365714e-04 4.59313784e-04
2.34095118e-01 7.66691274e-04 4.68727048e-04
2.34502524e-01 3.30859310e-04 4.63892748e-04
2.34909927e-01 3.83120754e-05 4.62663799e-04
2.35317328e-01 -1.69971762e-04 4.62398378e-04
2.35724727e-01 -3.72944509e-05 4.62300626e-04
2.36132124e-01 3.12164520e-04 4.60891344e-04
2.36539518e-01 -3.56299610e-04 4.56858369e-04
2.36946911e-01 7.93205692e-04 4.62323577e-04
2.37354301e-01 8.36558551e-04 4.57249601e-04
2.37761688e-01 2.11123218e-04 4.49241262e-04
2.38169074e-01 -4.41316479e-05 4.46160533e-04
2.38576457e-01 3.23177109e-04 4.48922439e-04
2.38983838e-01 4.54624043e-04 4.44601199e-04
2.39391217e-01 3.67290800e-04 4.36521085e-04
2.39798593e-01 -1.72823797e-05 4.42235410e-04
2.40205967e-01 5.67685694e-04 4.49150144e-04
2.40613339e-01 1.66042044e-04 4.41932528e-04
2.41020709e-01 1.00165266e-04 4.53140924e-04
2.41428076e-01 -9.78450178e-05 4.41277402e-04
2.41835441e-01 4.47483841e-04 4.41604000e-04
2.42242804e-01 3.86896976e-04 4.37154419e-04
2.42650165e-01 3.49816367e-04 4.50885337e-04
2.43057523e-01 4.09596192e-04 4.46683528e-04
2.43464879e-01 -2.47582261e-04 4.42630458e-04
2.43872232e-01 -9.31088424e-04 4.28112717e-04
2.44279584e-01 -8.54402654e-05 4.26279685e-04
2.44686933e-01 -1.47825029e-04 4.35470903e-04
2.45094279e-01 2.04127419e-04 4.36198235e-04
2.45501624e-01 1.58219295e-04 4.36917351e-04
2.45908966e-01 -2.78921069e-04 4.34906912e-04
2.46316305e-01 -7.84053557e-05 4.35467878e-04
2.46723643e-01 -1.02059012e-04 4.38107044e-04
2.47130978e-01 1.08205786e-04 4.37183899e-04
2.47538310e-01 5.95039380e-04 4.36814360e-04
2.47945641e-01 -4.72171582e-04 4.21514594e-04
2.48352969e-01 3.34065372e-04 4.28124439e-04
2.48760294e-01 7.87098921e-04 4.31737636e-04
2.49167618e-01 -2.68934786e-04 4.26403867e-04
2.49574939e-01 -8.19421232e-04 4.36753439e-04
2.49982257e-01 9.08920349e-04 4.33790253e-04
2.50389573e-01 -2.42224972e-04 4.28462310e-04
2.50796887e-01 2.10637865e-04 4.28953129e-04
2.51204199e-01 3.36886839e-04 4.23251483e-04
2.51611508e-01 -1.60657401e-04 4.22553710e-04
2.52018815e-01 1.14208505e-04 4.24196324e-04
2.52426119e-01 1.31746223e-04 4.25605174e-04
2.52833421e-01 5.11785152e-04 4.37510093e-04
2.53240720e-01 8.27076208e-04 4.25902062e-04
2.53648017e-01 3.56207081e-04 4.36073560e-04
2.54055312e-01 -1.27040436e-04 4.19527942e-04
2.54462605e-01 4.94472026e-04 4.35468729e-04
2.54869894e-01 3.71845138e-04 4.26949390e-04
2.55277182e-01 -5.38174937e-04 4.21454134e-04
2.55684467e-01 1.32787039e-04 4.17828910e-04
2.56091750e-01 8.55058593e-04 4.26640028e-04
2.56499030e-01 9.24229678e-04 4.23947566e-04
2.56906308e-01 2.74962429e-04 4.13892225e-04
2.57313583e-01 1.76595486e-04 4.20318824e-04
2.57720856e-01 -5.05333267e-05 4.23675165e-04
2.58128127e-01 8.79149155e-04 4.21229343e-04
2.58535395e-01 -1.44943662e-05 4.14488526e-04
2.58942661e-01 -1.58790837e-04 4.11089005e-04
2.59349924e-01 -9.21058234e-06 4.18585546e-04
2.59757184e-01 3.33456571e-04 4.18503688e-04
2.60164443e-01 -5.15530577e-04 4.12888727e-04
2.60571699e-01 2.37742852e-04 4.26189111e-04
2.60978952e-01 -8.84513704e-05 4.19008296e-04
2.61386203e-01 3.80416925e-04 4.22978226e-04
2.61793451e-01 -6.65404042e-05 4.17948486e-04
2.62200697e-01 -7.18498916e-06 4.10748122e-04
2.62607941e-01 1.34630920e-04 4.17422628e-04
2.63015182e-01 -1.44222791e-04 4.14379883e-04
2.63422420e-01 7.50157337e-05 4.15749246e-04
2.63829656e-01 5.20146139e-05 4.20134104e-04
2.64236890e-01 -9.93978088e-05 4.21835595e-04
2.64644121e-01 8.67723672e-04 4.14715189e-04
2.65051349e-01 -9.14438673e-04 4.09107292e-04
2.65458575e-01 -5.03642064e-04 4.08344157e-04
2.65865799e-01 -2.68606244e-04 4.06055664e-04
2.66273019e-01 -1.36652204e-04 4.09654940e-04
2.66680238e-01 2.21060978e-04 4.15273102e-04
2.67087454e-01 -2.03582643e-04 4.03786470e-04
2.67494667e-01 -3.08762182e-04 4.12180703e-04
2.67901878e-01 1.97017065e-05 4.13673893e-04
2.68309086e-01 -4.16073776e-04 4.06781315e-04
2.68716292e-01 -7.35949660e-04 4.05963992e-04
2.69123495e-01 4.30349701e-04 4.08768140e-04
2.69530696e-01 4.17078846e-04 4.02458614e-04
2.69937894e-01 5.33869720e-04 4.07976585e-04
2.70345090e-01 1.61884485e-04 4.09127126e-04
2.70752283e-01 1.06860766e-03 4.12860073e-04
2.71159473e-01 3.23831306e-04 4.00923167e-04
2.71566661e-01 2.40372273e-04 4.13977187e-04
2.71973847e-01 5.22832850e-04 3.99470896e-04
2.72381030e-01 -1.78225927e-05 4.02927376e-04
2.72788210e-01 8.64744259e-04 4.11938256e-04
2.73195387e-01 2.67140435e-04 4.15085800e-04
2.73602562e-01 4.24327265e-04 4.05277374e-04
2.74009735e-01 -4.88292249e-07 3.99122787e-04
2.74416905e-01 -4.40912361e-04 3.97899240e-04
2.74824072e-01 8.12377513e-04 3.98407810e-04
2.75231237e-01 5.47718671e-04 3.96236528e-04
2.75638399e-01 -3.64523812e-05 4.00761349e-04
2.76045558e-01 6.28397879e-05 4.00052644e-04
2.76452715e-01 4.28914809e-04 4.04213360e-04
2.76859869e-01 3.19255730e-04 3.96831104e-04
2.77267021e-01 5.36060720e-05 3.92791741e-04
2.77674170e-01 1.83836902e-04 3.95049307e-04
2.78081316e-01 1.25329918e-04 3.98334558e-04
2.78488460e-01 2.10757616e-04 3.99932157e-04
2.78895601e-01 1.06752874e-03 3.93783849e-04
2.79302740e-01 -3.78909819e-04 3.98895249e-04
2.79709875e-01 1.02476520e-03 3.96464336e-04
2.80117009e-01 -6.90649006e-04 3.89060279e-04
2.80524139e-01 1.27529549e-04 3.99512338e-04
2.80931267e-01 -1.80050331e-04 3.96721673e-04
2.81338392e-01 2.09857886e-04 3.94385666e-04
2.81745515e-01 4.48705404e-04 3.87887590e-04
2.82152635e-01 4.23002657e-04 3.89609633e-04
2.82559752e-01 -3.59539730e-04 3.86269958e-04
2.82966866e-01 1.27074083e-04 3.91373676e-04
2.83373978e-01 5.74133928e-05 3.96971935e-04
2.83781088e-01 9.70078969e-04 3.92475651e-04
2.84188194e-01 8.12161947e-04 4.00553691e-04
2.84595298e-01 -1.36468900e-04 3.92694217e-04
2.85002399e-01 3.25422405e-04 3.98711743e-04
2.85409497e-01 2.24538304e-04 3.96131410e-04
2.85816593e-01 6.03267595e-04 3.90322685e-04
2.86223686e-01 -5.27580417e-04 3.88464906e-04
2.86630777e-01 1.68213266e-05 3.95128285e-04
2.87037864e-01 9.63596431e-04 4.06466239e-04
2.87444949e-01 2.49521771e-04 4.07722895e-04
2.87852031e-01 -2.17354819e-04 3.95776189e-04
2.88259111e-01 -3.81223586e-04 3.96426468e-04
2.88666188e-01 1.29633099e-04 4.02228584e-04
2.89073262e-01 8.62067238e-04 3.97071042e-04
2.89480333e-01 -2.12993586e-04 3.98237533e-04
2.89887401e-01 -8.03624261e-05 4.02946444e-04
2.90294467e-01 6.26218419e-04 4.05719264e-04
2.90701530e-01 3.54834500e-04 3.96110709e-04
2.91108591e-01 -5.97832959e-05 3.96312041e-04
2.91515648e-01 2.89252070e-04 3.96653827e-04
2.91922703e-01 2.80145095e-05 3.90154732e-04
2.92329755e-01 -4.69389824e-04 3.96762592e-04
2.92736804e-01 6.85634912e-04 3.92197959e-04
2.93143851e-01 2.33376884e-04 3.87617904e-04
2.93550895e-01 1.31516768e-04 3.94103063e-04
2.93957936e-01 2.24525777e-04 3.98584218e-04
2.94364974e-01 -4.76493293e-04 3.91521162e-04
2.94772009e-01 6.15962336e-04 3.99085369e-04
2.95179042e-01 -3.37158291e-04 3.95241209e-04
2.95586072e-01 -2.55092413e-05 3.92971622e-04
2.95993099e-01 -3.54623080e-04 3.91200166e-04
2.96400123e-01 -1.50545824e-04 3.90850959e-04
2.96807145e-01 9.17724583e-05 3.89965818e-04
2.97214163e-01 1.37063822e-04 3.92336542e-04
2.97621179e-01 -2.81980440e-04 3.94691842e-04
2.98028192e-01 3.87295659e-04 3.90983913e-04
2.98435202e-01 4.17305962e-05 3.93689924e-04
2.98842210e-01 5.66285215e-04 4.01187683e-04
2.99249214e-01 5.77664233e-04 3.92801179e-04
2.99656216e-01 3.29257281e-04 3.94508974e-04
3.00063215e-01 8.69037084e-04 3.99971282e-04
3.00470211e-01 3.12088862e-04 3.86026405e-04
3.00877204e-01 5.56302868e-05 3.86116289e-04
3.01284194e-01 2.84577581e-04 3.90674342e-04
3.01691182e-01 9.11756615e-05 3.98399590e-04
3.02098167e-01 -1.74883954e-04 3.95032464e-04
3.02505149e-01 7.03542878e-05 3.95901930e-04
3.02912128e-01 5.38576319e-05 4.00183482e-04
3.03319104e-01 -1.19513153e-04 3.96517074e-04
3.03726077e-01 4.69392001e-04 3.95882860e-04
3.04133047e-01 7.62037215e-04 3.95932098e-04
3.04540015e-01 -3.62598156e-04 3.86368279e-04
3.04946979e-01 8.30709835e-04 3.95638963e-04
3.05353941e-01 7.22569441e-04 3.96599726e-04
3.05760900e-01 -1.73092870e-04 3.89275154e-04
3.06167856e-01 -5.96092863e-05 3.93169891e-04
3.06574809e-01 9.10664413e-05 3.86590085e-04
3.06981759e-01 6.02804680e-04 3.91598290e-04
3.07388706e-01 2.20068141e-04 3.92034917e-04
3.07795651e-01 7.42279353e-04 3.89361388e-04
3.08202592e-01 3.12028414e-04 3.91224898e-04
3.08609531e-01 1.68070688e-04 3.97175482e-04
3.09016466e-01 4.55009995e-04 4.02916260e-04
3.09423399e-01 5.32957280e-04 4.02933221e-04
3.09830329e-01 4.78447867e-04 4.01522192e-04
3.10237256e-01 1.92524934e-04 4.02485536e-04
3.10644180e-01 8.16765959e-04 4.05140997e-04
3.11051101e-01 5.59799616e-04 4.07567120e-04
3.11458019e-01 4.37127563e-04 3.97573796e-04
3.11864934e-01 4.88269849e-04 4.00328209e-04
3.12271846e-01 1.08911624e-04 3.94292729e-04
3.12678755e-01 8.50739737e-04 4.08284058e-04
3.13085661e-01 4.31861855e-04 4.01203142e-04
3.13492565e-01 -1.78317876e-04 3.95886094e-04
3.13899465e-01 -5.51469308e-05 4.03912097e-04
3.14306362e-01 8.22375463e-05 3.98219549e-04
3.14713257e-01 6.64861778e-04 4.15354578e-04
3.15120148e-01 3.01108910e-04 4.05505376e-04
3.15527037e-01 1.90174088e-04 4.14808858e-04
3.15933922e-01 1.07493496e-05 4.05825024e-04
3.16340805e-01 -5.11476958e-05 4.46540250e-04
3.16747684e-01 -8.16253690e-04 4.81764074e-04
3.17154561e-01 1.37322294e-03 5.19143003e-04
3.17561434e-01 5.36751607e-04 5.40623031e-04
3.17968305e-01 5.58896744e-04 5.90209931e-04
3.18375172e-01 -2.84809510e-04 6.18423053e-04
3.18782037e-01 9.34078054e-04 6.13150054e-04
3.19188898e-01 -8.17081615e-04 6.50858170e-04
3.19595757e-01 -5.02630611e-05 6.71711580e-04
3.20002612e-01 4.78819117e-04 7.31200241e-04
3.20409465e-01 7.07047478e-04 7.82969610e-04
3.20816314e-01 1.40261775e-03 8.47651149e-04
3.21223160e-01 1.15367936e-03 9.75054909e-04
3.21630004e-01 8.83727695e-04 1.07708600e-03
3.22036844e-01 1.20866048e-03 1.37502396e-03
3.22443681e-01 1.39880883e-04 1.85188092e-03
3.22850516e-01 -1.71499146e-02 4.60893963e-03
