4.08043586e-03 -1.25578548e-01 2.62876591e-02
4.48847930e-03 -7.77592737e-02 2.65812793e-02
4.89652269e-03 -6.04195256e-02 1.99605224e-02
5.30456604e-03 -4.45807283e-02 1.48184395e-02
5.71260934e-03 -3.10339597e-02 1.13626474e-02
6.12065258e-03 -2.87672386e-02 8.83823991e-03
6.52869577e-03 -2.16686043e-02 7.52168426e-03
6.93673889e-03 -1.83374833e-02 6.23960975e-03
7.34478195e-03 -1.84948030e-02 5.11042339e-03
7.75282494e-03 -1.88187293e-02 5.23315486e-03
8.16086785e-03 -6.70709979e-03 4.98135374e-03
8.56891069e-03 -5.80927874e-03 4.09121639e-03
8.97695345e-03 -2.29451352e-03 3.98588198e-03
9.38499612e-03 -4.60523691e-03 3.61824407e-03
9.79303870e-03 -9.59848394e-03 3.37816178e-03
1.02010812e-02 -1.13812257e-03 3.41500273e-03
1.06091236e-02 2.89261307e-04 3.40963664e-03
1.10171659e-02 1.96927010e-04 3.01734232e-03
1.14252081e-02 -8.46497088e-04 3.09702365e-03
1.18332501e-02 -4.43037259e-03 2.77929974e-03
1.22412921e-02 -3.12385236e-03 2.81393799e-03
1.26493339e-02 -4.35681201e-04 2.61739515e-03
1.30573757e-02 -7.32020926e-05 2.35436000e-03
1.34654173e-02 1.88660639e-03 2.79765380e-03
1.38734588e-02 -1.70999235e-03 2.25403061e-03
1.42815001e-02 2.48914945e-04 2.27848323e-03
1.46895413e-02 1.43812349e-04 2.34709821e-03
1.50975824e-02 -3.46724420e-03 1.98448929e-03
1.55056233e-02 1.17245212e-04 2.13706008e-03
1.59136641e-02 -5.37498333e-04 2.01623207e-03
1.63217047e-02 -4.61965907e-04 2.08472824e-03
1.67297452e-02 -1.21656382e-03 2.00049563e-03
1.71377855e-02 1.00409390e-03 2.00249468e-03
1.75458257e-02 2.84641438e-03 2.15856668e-03
1.79538657e-02 -4.72087189e-04 2.04140410e-03
1.83619055e-02 3.27827706e-04 1.82982510e-03
1.87699451e-02 -2.22129733e-04 1.83675210e-03
1.91779846e-02 4.31658188e-03 1.84000234e-03
1.95860239e-02 -1.56314243e-03 1.89170827e-03
1.99940630e-02 2.86006224e-03 1.81799283e-03
2.04021019e-02 2.81879902e-03 1.86457630e-03
2.08101406e-02 3.40280482e-03 1.84834241e-03
2.12181791e-02 2.00184610e-03 1.90649620e-03
2.16262174e-02 -3.75393375e-03 1.69268799e-03
2.20342555e-02 1.22684004e-03 1.83666868e-03
2.24422934e-02 4.07649254e-04 1.68953257e-03
2.28503311e-02 1.26599323e-03 1.68059050e-03
2.32583686e-02 1.99539398e-03 1.77314445e-03
2.36664058e-02 2.33813160e-03 1.71182048e-03
2.40744429e-02 1.01216112e-03 1.58908402e-03
2.44824797e-02 -2.24666746e-03 1.56348952e-03
2.48905162e-02 -2.79460434e-03 1.57664167e-03
2.52985525e-02 -4.53644915e-03 1.59174342e-03
2.57065886e-02 2.24326927e-03 1.68426673e-03
2.61146245e-02 4.18096682e-04 1.72589553e-03
2.65226601e-02 1.39920988e-03 1.68270489e-03
2.69306954e-02 5.10738111e-05 1.73261136e-03
2.73387305e-02 -2.46219140e-03 1.57995166e-03
2.77467653e-02 -7.55008304e-04 1.67302628e-03
2.81547999e-02 1.94358798e-03 1.81117893e-03
2.85628342e-02 4.14607662e-04 1.70688827e-03
2.89708682e-02 9.17641383e-04 1.49985220e-03
2.93789020e-02 -2.19864631e-03 1.71938726e-03
2.97869355e-02 8.48672367e-04 1.63134709e-03
3.01949687e-02 5.21458101e-04 1.70203571e-03
3.06030016e-02 1.97368803e-03 1.57306005e-03
3.10110342e-02 -7.05627214e-04 1.68261835e-03
3.14190665e-02 2.96120363e-03 1.49015492e-03
3.18270985e-02 -8.92197598e-05 1.51460630e-03
3.22351302e-02 1.51678809e-03 1.52025248e-03
3.26431617e-02 4.45131607e-04 1.45119596e-03
3.30511928e-02 2.39910915e-04 1.49143795e-03
3.34592236e-02 -2.16464036e-03 1.49745197e-03
3.38672540e-02 2.09113819e-03 1.45087401e-03
3.42752842e-02 -9.70724086e-04 1.41979100e-03
3.46833140e-02 -4.25212090e-04 1.43917688e-03
3.50913435e-02 -1.45970796e-04 1.38404537e-03
3.54993727e-02 -9.52032971e-04 1.36811183e-03
3.59074015e-02 1.96206032e-03 1.41295643e-03
3.63154300e-02 1.34148186e-03 1.41581323e-03
3.67234581e-02 -9.64886436e-04 1.37516628e-03
3.71314859e-02 -1.36015159e-03 1.30326059e-03
3.75395134e-02 2.76156162e-03 1.35894951e-03
3.79475405e-02 1.14441830e-03 1.37414148e-03
3.83555672e-02 1.69393211e-03 1.41561707e-03
3.87635935e-02 -1.76520028e-03 1.32686238e-03
3.91716195e-02 -9.12683308e-04 1.36238544e-03
3.95796452e-02 -1.29051365e-03 1.28638453e-03
3.99876704e-02 -1.56494096e-03 1.30355743e-03
4.03956953e-02 1.69677034e-03 1.30353934e-03
4.08037198e-02 1.70660325e-03 1.26104312e-03
4.12117439e-02 4.66784294e-04 1.26708198e-03
4.16197676e-02 8.90626746e-04 1.25362394e-03
4.20277909e-02 1.46755445e-04 1.23657633e-03
4.24358138e-02 8.72992786e-04 1.31743211e-03
4.28438363e-02 9.05781925e-04 1.24943712e-03
4.32518584e-02 -1.38467302e-03 1.21746803e-03
4.36598801e-02 -3.97071474e-04 1.19961533e-03
4.40679014e-02 5.35955352e-04 1.23273656e-03
4.44759222e-02 -1.17079322e-03 1.17286309e-03
4.48839427e-02 -9.19851938e-04 1.20092321e-03
4.52919627e-02 -1.54265885e-03 1.14471068e-03
4.56999823e-02 5.73979459e-04 1.26187525e-03
4.61080014e-02 -2.79192337e-03 1.20185871e-03
4.65160201e-02 -1.25576248e-03 1.12340040e-03
4.69240384e-02 -1.04356165e-03 1.20497269e-03
4.73320562e-02 1.79434905e-04 1.16777106e-03
4.77400736e-02 -1.86935761e-03 1.16724838e-03
4.81480905e-02 -4.70465750e-04 1.15968461e-03
4.85561070e-02 -2.07073332e-04 1.17648430e-03
4.89641230e-02 2.00178702e-05 1.26126794e-03
4.93721385e-02 1.54996852e-03 1.21203230e-03
4.97801536e-02 4.85731733e-04 1.15489984e-03
5.01881682e-02 -2.20094966e-03 1.13209179e-03
5.05961823e-02 3.83908398e-04 1.11952419e-03
5.10041960e-02 1.23833863e-03 1.12359953e-03
5.14122091e-02 6.90031440e-04 1.10754871e-03
5.18202218e-02 2.98232308e-03 1.20327907e-03
5.22282340e-02 1.73644569e-03 1.12146969e-03
5.26362457e-02 4.60232411e-04 1.08906185e-03
5.30442569e-02 1.86404486e-03 1.12797863e-03
5.34522675e-02 -7.87417508e-04 1.09860029e-03
5.38602777e-02 1.48093066e-03 1.08253706e-03
5.42682874e-02 1.06144654e-04 1.07376764e-03
5.46762965e-02 3.69486904e-04 1.08332489e-03
5.50843052e-02 -3.12763196e-04 1.05837664e-03
5.54923133e-02 1.71330289e-03 1.14836537e-03
5.59003208e-02 7.08053555e-04 1.08801447e-03
5.63083279e-02 7.03288320e-04 1.09991463e-03
5.67163344e-02 2.27539519e-03 1.13319927e-03
5.71243404e-02 -5.96719066e-04 1.09709697e-03
5.75323458e-02 1.39454066e-03 1.07385642e-03
5.79403507e-02 -4.93661681e-05 1.09010699e-03
5.83483551e-02 1.79540745e-03 1.12298765e-03
5.87563588e-02 5.39184570e-04 1.14024190e-03
5.91643621e-02 1.50259976e-03 1.10097957e-03
5.95723647e-02 -1.15249321e-03 1.15260812e-03
5.99803668e-02 3.68251802e-04 1.08063707e-03
6.03883684e-02 -1.14173564e-04 1.11196988e-03
6.07963693e-02 8.86676407e-04 1.14600224e-03
6.12043697e-02 -5.99052503e-04 1.07308488e-03
6.16123695e-02 -6.90568681e-04 1.06610019e-03
6.20203687e-02 2.23297594e-04 1.11646403e-03
6.24283674e-02 3.61654637e-04 1.07086564e-03
6.28363654e-02 -4.93535979e-04 1.03665274e-03
6.32443629e-02 -1.08613149e-03 1.02179013e-03
6.36523597e-02 1.45601841e-05 1.05976160e-03
6.40603559e-02 1.15424301e-03 1.04058697e-03
6.44683516e-02 -1.76076219e-04 9.94382873e-04
6.48763466e-02 1.50738860e-04 1.02066272e-03
6.52843410e-02 -5.27688287e-04 9.87064903e-04
6.56923348e-02 -5.94065203e-04 1.04848862e-03
6.61003279e-02 2.73287354e-04 1.01492727e-03
6.65083205e-02 1.06444593e-03 9.88939837e-04
6.69163124e-02 3.58953304e-04 1.02691226e-03
6.73243036e-02 -9.62917508e-04 1.02476908e-03
6.77322943e-02 4.40717960e-04 9.93846893e-04
6.81402842e-02 9.52931944e-04 9.76851847e-04
6.85482736e-02 3.66830499e-04 9.77996456e-04
6.89562623e-02 3.24062903e-04 9.93830265e-04
6.93642503e-02 1.59060017e-03 9.95883618e-04
6.97722377e-02 -2.41072210e-03 9.80332965e-04
7.01802244e-02 -1.15597902e-03 9.86684148e-04
7.05882105e-02 -1.38289327e-03 9.54966346e-04
7.09961958e-02 8.29105974e-04 9.38646663e-04
7.14041805e-02 -1.35385659e-04 9.67680878e-04
7.18121646e-02 -1.95233982e-03 9.06800685e-04
7.22201479e-02 -2.31286480e-03 9.30561966e-04
7.26281306e-02 7.17260325e-05 9.30824734e-04
7.30361126e-02 6.33528471e-04 9.73759800e-04
7.34440938e-02 3.00358427e-05 9.44952980e-04
7.38520744e-02 -2.99569476e-05 9.53877426e-04
7.42600543e-02 6.33846177e-04 9.37367930e-04
7.46680335e-02 2.93667719e-04 9.22000493e-04
7.50760119e-02 -7.23219005e-04 9.20906390e-04
7.54839897e-02 -2.92961107e-04 9.22504942e-04
7.58919667e-02 -8.39068680e-04 8.96740714e-04
7.62999431e-02 -1.64370205e-03 9.08648171e-04
7.67079187e-02 -3.13042624e-04 9.35577849e-04
7.71158935e-02 -3.40585661e-04 9.32726052e-04
7.75238677e-02 -3.20474964e-05 8.86701682e-04
7.79318411e-02 -1.24645924e-03 8.89109062e-04
7.83398137e-02 4.23604736e-04 9.04405295e-04
7.87477857e-02 -3.26811294e-04 8.99831048e-04
7.91557568e-02 -1.89545883e-03 8.82744690e-04
7.95637273e-02 -2.02196521e-04 8.74061030e-04
7.99716969e-02 -1.07555077e-03 8.97931525e-04
8.03796658e-02 -8.43566362e-04 8.80105777e-04
8.07876340e-02 1.38847202e-03 8.55907113e-04
8.11956014e-02 -7.55237279e-04 8.42866250e-04
8.16035680e-02 -1.73260484e-03 8.40907853e-04
8.20115338e-02 5.44536708e-04 8.54908612e-04
8.24194989e-02 1.72971545e-03 8.60840415e-04
8.28274631e-02 -3.70806952e-04 8.69122765e-04
8.32354266e-02 -1.82114017e-03 8.54978752e-04
8.36433893e-02 3.05416569e-04 8.76471819e-04
8.40513512e-02 -6.20259643e-05 8.55006171e-04
8.44593123e-02 1.78626728e-03 8.52655297e-04
8.48672727e-02 6.74324952e-04 8.31606288e-04
8.52752322e-02 -5.69131511e-04 8.56086936e-04
8.56831909e-02 3.85507767e-04 8.53568666e-04
8.60911487e-02 -2.57096074e-03 8.81023680e-04
8.64991058e-02 7.76997458e-04 8.51766694e-04
8.69070620e-02 -7.12998315e-04 8.09254448e-04
8.73150175e-02 1.87955617e-03 8.49477796e-04
8.77229721e-02 1.58065129e-03 8.61676752e-04
8.81309258e-02 -2.55720397e-04 8.25418849e-04
8.85388787e-02 -1.19806006e-03 8.45307899e-04
8.89468308e-02 -2.14095516e-04 8.37960343e-04
8.93547821e-02 9.11487278e-05 8.43598925e-04
8.97627325e-02 -4.90812115e-04 7.94605800e-04
9.01706820e-02 5.64630477e-04 8.30541578e-04
9.05786307e-02 3.75113306e-05 8.18851216e-04
9.09865785e-02 -5.71142127e-04 8.14792067e-04
9.13945255e-02 -9.38292531e-05 8.28135552e-04
9.18024716e-02 4.50670928e-04 8.07247703e-04
9.22104168e-02 -4.30635281e-04 7.98726917e-04
9.26183611e-02 -3.37295423e-04 8.05971869e-04
9.30263046e-02 1.56255393e-03 8.35776026e-04
9.34342472e-02 3.40579349e-04 8.17318414e-04
9.38421889e-02 4.19229501e-04 8.14859131e-04
9.42501297e-02 1.27672358e-03 8.19086097e-04
9.46580696e-02 3.05930635e-04 8.23762324e-04
9.50660087e-02 -2.98609370e-04 8.25651406e-04
9.54739468e-02 2.50626733e-05 8.06588554e-04
9.58818840e-02 7.17939663e-04 8.33980156e-04
9.62898203e-02 2.51847322e-04 7.92000331e-04
9.66977557e-02 7.70046667e-04 7.66687864e-04
9.71056902e-02 3.15007202e-04 7.95737008e-04
9.75136237e-02 -9.84261820e-04 7.94099937e-04
9.79215564e-02 -9.97586842e-04 7.80988043e-04
9.83294881e-02 1.77356361e-03 7.90691300e-04
9.87374188e-02 1.24755043e-03 7.79390420e-04
9.91453487e-02 -5.24260419e-04 7.63412852e-04
9.95532775e-02 2.60663564e-04 7.84204023e-04
9.99612055e-02 -4.65954682e-04 7.66010133e-04
1.00369132e-01 7.37409675e-04 7.67112783e-04
1.00777059e-01 1.45169163e-03 7.64945022e-04
1.01184984e-01 -3.80751902e-04 7.55771486e-04
1.01592908e-01 5.17882510e-04 7.58326996e-04
1.02000831e-01 2.03243760e-04 7.42555611e-04
1.02408753e-01 -3.13825515e-04 7.36445460e-04
1.02816674e-01 -6.00638780e-04 7.48320408e-04
1.03224595e-01 3.76598556e-04 7.19693711e-04
1.03632514e-01 -7.50562636e-04 7.30771163e-04
1.04040432e-01 2.61405202e-04 7.39784721e-04
1.04448349e-01 3.67976066e-05 7.34883846e-04
1.04856266e-01 -4.56526434e-05 7.45420624e-04
1.05264181e-01 5.63703096e-04 7.40743332e-04
1.05672095e-01 -9.06671572e-04 7.16398054e-04
1.06080009e-01 4.51681565e-04 7.33770882e-04
1.06487921e-01 1.43349400e-03 7.53172221e-04
1.06895832e-01 2.96415720e-04 7.49291324e-04
1.07303743e-01 -7.48365512e-04 7.49726462e-04
1.07711652e-01 5.24127116e-04 7.54044490e-04
1.08119560e-01 1.87028227e-03 7.54862549e-04
1.08527467e-01 1.13184062e-03 7.18621909e-04
1.08935374e-01 -2.69646995e-04 7.39324425e-04
1.09343279e-01 4.93402635e-04 7.72909645e-04
1.09751183e-01 2.88662873e-04 7.33302554e-04
1.10159086e-01 1.12284684e-03 7.48487428e-04
1.10566988e-01 1.92018514e-04 7.13291602e-04
1.10974889e-01 2.49247824e-04 7.41622839e-04
1.11382789e-01 4.71441257e-04 7.28368509e-04
1.11790688e-01 1.80619102e-04 7.25552680e-04
1.12198586e-01 3.10333016e-04 7.26126520e-04
1.12606482e-01 3.74185037e-04 7.39960430e-04
1.13014378e-01 -7.65349173e-04 7.41326726e-04
1.13422273e-01 6.15178552e-04 7.29441117e-04
1.13830166e-01 1.06671797e-03 7.49109320e-04
1.14238059e-01 -4.55362700e-04 7.38017253e-04
1.14645950e-01 -5.57884048e-04 7.39837766e-04
1.15053840e-01 1.15752590e-03 7.40518170e-04
1.15461730e-01 -1.22945163e-04 7.24852188e-04
1.15869618e-01 9.44683246e-04 7.41114134e-04
1.16277505e-01 9.06782304e-04 7.58490862e-04
1.16685391e-01 8.68026134e-05 7.65074535e-04
1.17093275e-01 1.74694225e-04 7.45988071e-04
1.17501159e-01 -6.39393726e-04 7.38189376e-04
1.17909042e-01 2.42608564e-04 7.35703071e-04
1.18316923e-01 2.84177115e-04 7.47240875e-04
1.18724803e-01 8.43864655e-04 7.16020749e-04
1.19132683e-01 1.01365098e-04 7.06486781e-04
1.19540561e-01 8.07179765e-05 6.94246170e-04
1.19948438e-01 1.75300318e-04 6.90528302e-04
1.20356313e-01 -4.60849729e-05 7.01694709e-04
1.20764188e-01 -1.23128308e-05 6.94289088e-04
1.21172062e-01 6.95681483e-04 6.95352504e-04
1.21579934e-01 4.95663850e-04 7.00001179e-04
1.21987805e-01 1.32291155e-03 7.11971740e-04
1.22395675e-01 -1.03627643e-04 6.96656527e-04
1.22803544e-01 -1.10943799e-03 6.73909947e-04
1.23211412e-01 -1.16941057e-04 6.96288050e-04
1.23619278e-01 9.17254577e-04 6.86563967e-04
1.24027144e-01 -4.37451860e-04 6.81675873e-04
1.24435008e-01 3.21777742e-04 7.04793500e-04
1.24842871e-01 -1.57894953e-04 6.86524354e-04
1.25250733e-01 1.96511876e-05 6.82798705e-04
1.25658594e-01 -6.16100630e-04 6.76185988e-04
1.26066453e-01 7.28478916e-04 6.61900600e-04
1.26474311e-01 6.88531801e-04 6.76336491e-04
1.26882168e-01 -4.87467999e-04 6.70840823e-04
1.27290024e-01 -1.09736761e-04 6.74011564e-04
1.27697879e-01 -1.38703698e-04 6.61927836e-04
1.28105732e-01 2.24381092e-04 6.67037917e-04
1.28513585e-01 9.58853091e-04 6.70894299e-04
1.28921436e-01 -6.02705350e-04 6.54216319e-04
1.29329285e-01 -3.32105745e-04 6.52216951e-04
1.29737134e-01 -1.83828328e-04 6.61027634e-04
1.30144981e-01 6.94241113e-04 6.72500281e-04
1.30552828e-01 -5.73198941e-04 6.45308771e-04
1.30960672e-01 1.76790895e-04 6.59368018e-04
1.31368516e-01 -2.02832156e-05 6.34603664e-04
1.31776358e-01 1.53358141e-04 6.67548500e-04
1.32184200e-01 1.53105557e-04 6.68545757e-04
1.32592039e-01 1.46802519e-04 6.47115176e-04
1.32999878e-01 -2.62596682e-04 6.42632355e-04
1.33407715e-01 7.28212173e-04 6.47815822e-04
1.33815552e-01 5.03180821e-04 6.30336216e-04
1.34223386e-01 1.76944054e-04 6.57857516e-04
1.34631220e-01 1.53775708e-03 6.46929976e-04
1.35039052e-01 5.28330674e-04 6.45999069e-04
1.35446883e-01 4.09246633e-04 6.33163573e-04
1.35854713e-01 -9.71185526e-05 6.32967627e-04
1.36262541e-01 -1.28658479e-04 6.55666615e-04
1.36670368e-01 -6.21074651e-04 6.36974735e-04
1.37078194e-01 2.04623367e-04 6.43126964e-04
1.37486019e-01 4.89338584e-04 6.24864248e-04
1.37893842e-01 5.69346610e-04 6.25536894e-04
1.38301664e-01 4.67928034e-04 6.43106923e-04
1.38709485e-01 7.02344146e-04 6.27229700e-04
1.39117304e-01 3.58693969e-04 6.41538727e-04
1.39525122e-01 2.66886819e-04 6.17653173e-04
1.39932939e-01 1.81113873e-04 6.28949013e-04
1.40340754e-01 -1.07116067e-03 6.22283092e-04
1.40748568e-01 -3.36373771e-04 6.08648982e-04
1.41156381e-01 -3.00087266e-04 6.15353781e-04
1.41564192e-01 4.67238622e-04 6.11040647e-04
1.41972002e-01 7.51235008e-04 6.21229809e-04
1.42379811e-01 -1.22305058e-04 6.41622039e-04
1.42787618e-01 3.20642813e-04 6.21032380e-04
1.43195424e-01 1.51114263e-04 6.30166103e-04
1.43603228e-01 5.22166946e-04 6.35788238e-04
1.44011032e-01 5.01584685e-04 6.26447128e-04
1.44418833e-01 -4.88154452e-04 6.33171186e-04
1.44826634e-01 -1.08924243e-05 6.28655080e-04
1.45234433e-01 6.28057437e-04 6.27382951e-04
1.45642231e-01 8.89126799e-04 6.30049781e-04
1.46050027e-01 1.01626250e-03 6.33379826e-04
1.46457822e-01 2.45226088e-04 6.48688339e-04
1.46865616e-01 5.88403529e-04 6.38203754e-04
1.47273408e-01 8.13312346e-04 6.26976614e-04
1.47681199e-01 5.12731782e-04 6.33348699e-04
1.48088988e-01 -6.08483241e-05 6.25232590e-04
1.48496776e-01 6.35318838e-05 6.25021824e-04
1.48904563e-01 5.35210229e-04 6.23667802e-04
1.49312348e-01 -6.26694613e-04 6.12233627e-04
1.49720132e-01 -2.98732905e-04 6.06990492e-04
1.50127914e-01 5.00242579e-04 6.11443839e-04
1.50535695e-01 -9.09242060e-04 5.83866677e-04
1.50943474e-01 1.15211052e-04 6.16501248e-04
1.51351252e-01 -4.30123847e-04 6.00229043e-04
1.51759029e-01 4.39280403e-04 6.26325473e-04
1.52166804e-01 1.44168486e-04 6.08834096e-04
1.52574578e-01 9.81313642e-04 6.25999831e-04
1.52982350e-01 -3.80004722e-04 6.09975362e-04
1.53390121e-01 -1.35960942e-04 5.86643758e-04
1.53797890e-01 2.79541243e-04 6.06657517e-04
1.54205658e-01 -2.87382331e-04 5.93470476e-04
1.54613425e-01 -1.07767132e-03 5.94122233e-04
1.55021190e-01 -7.93558087e-04 5.85702461e-04
1.55428953e-01 -2.74812762e-04 5.95424826e-04
1.55836716e-01 7.98015288e-04 5.92589634e-04
1.56244476e-01 1.03270891e-04 5.97543917e-04
1.56652235e-01 -3.26952336e-04 5.80597008e-04
1.57059993e-01 3.53656361e-04 5.90438909e-04
1.57467749e-01 -1.10517451e-04 5.74880372e-04
1.57875504e-01 -1.38486526e-04 5.94693551e-04
1.58283257e-01 -4.98086837e-04 5.82204881e-04
1.58691008e-01 5.03578179e-04 5.84796901e-04
1.59098758e-01 -2.09288777e-05 5.81794755e-04
1.59506507e-01 -1.45296518e-04 5.79155039e-04
1.59914254e-01 -4.30547766e-04 5.70487783e-04
1.60322000e-01 -6.83079285e-04 5.74789172e-04
1.60729744e-01 -3.84257720e-04 5.77070432e-04
1.61137486e-01 8.10125916e-04 5.88889546e-04
1.61545228e-01 -4.49023519e-04 5.72602108e-04
1.61952967e-01 -4.84914808e-04 5.72345432e-04
1.62360705e-01 -2.92269136e-04 5.68973028e-04
1.62768441e-01 -9.45938435e-05 5.63770689e-04
1.63176176e-01 4.54917512e-04 5.72077346e-04
1.63583910e-01 -3.16346600e-04 5.61150102e-04
1.63991641e-01 7.20283309e-05 5.80202870e-04
1.64399372e-01 -7.11541462e-04 5.63740303e-04
1.64807100e-01 -3.28100021e-04 5.72248187e-04
1.65214827e-01 -3.18752973e-04 5.65969591e-04
1.65622553e-01 -8.42540199e-05 5.51262194e-04
1.66030277e-01 2.48958555e-04 5.67330234e-04
1.66437999e-01 4.90620844e-04 5.55905846e-04
1.66845720e-01 6.74292661e-05 5.62121181e-04
1.67253439e-01 -6.14100728e-04 5.57044555e-04
1.67661157e-01 3.77531317e-04 5.60857838e-04
1.68068873e-01 -1.10923853e-04 5.55430719e-04
1.68476588e-01 1.05603393e-04 5.40191839e-04
1.68884301e-01 -3.73519213e-04 5.63432857e-04
1.69292012e-01 1.62195228e-03 5.69457207e-04
1.69699721e-01 1.02870009e-03 5.50723220e-04
1.70107430e-01 1.76328070e-04 5.41700329e-04
1.70515136e-01 -2.17161639e-04 5.53231994e-04
1.70922841e-01 -5.61141554e-05 5.46843894e-04
1.71330544e-01 5.07960892e-04 5.51743156e-04
1.71738246e-01 3.76396693e-04 5.49823638e-04
1.72145946e-01 1.31053031e-04 5.44538708e-04
1.72553644e-01 1.00951596e-04 5.48655618e-04
1.72961341e-01 -8.58621172e-05 5.63563690e-04
1.73369036e-01 3.89114494e-04 5.40250298e-04
1.73776729e-01 -4.47823060e-04 5.38022147e-04
1.74184421e-01 -1.54544703e-04 5.27781225e-04
1.74592111e-01 4.92718081e-04 5.55621238e-04
1.74999799e-01 -2.21600981e-04 5.48130463e-04
1.75407486e-01 -1.20475199e-04 5.34974567e-04
1.75815171e-01 2.15782708e-04 5.38756436e-04
1.76222855e-01 1.24158124e-03 5.56546079e-04
1.76630537e-01 6.10396341e-04 5.39972108e-04
1.77038217e-01 7.09626345e-04 5.47514784e-04
1.77445895e-01 -3.77077742e-04 5.26583357e-04
1.77853572e-01 4.50171721e-05 5.40403384e-04
1.78261247e-01 -1.22862087e-04 5.37342324e-04
1.78668921e-01 6.32028141e-04 5.23789993e-04
1.79076592e-01 2.99804008e-04 5.25537517e-04
1.79484262e-01 6.07285101e-05 5.34170587e-04
1.79891931e-01 -6.45611747e-05 5.15969774e-04
1.80299597e-01 2.19791430e-04 5.30482909e-04
1.80707262e-01 -4.44528489e-04 5.28187931e-04
1.81114925e-01 -2.51308050e-04 5.21059582e-04
1.81522587e-01 -3.34207928e-04 5.25250927e-04
1.81930247e-01 -7.16104824e-04 5.18006777e-04
1.82337905e-01 5.66515981e-04 5.11549609e-04
1.82745561e-01 3.96640409e-04 5.24015672e-04
1.83153215e-01 2.17598803e-04 5.23470040e-04
1.83560868e-01 1.11513274e-04 5.17206163e-04
1.83968519e-01 -2.46438289e-06 5.22777570e-04
1.84376169e-01 1.05250207e-03 5.20769140e-04
1.84783816e-01 1.84438012e-04 5.27330076e-04
1.85191462e-01 3.03544485e-04 5.25669003e-04
1.85599106e-01 -2.22281592e-04 5.21908629e-04
1.86006749e-01 -1.19085853e-03 5.14228261e-04
1.86414389e-01 1.05014994e-03 5.25784680e-04
1.86822028e-01 1.12739991e-03 5.32131246e-04
1.87229665e-01 7.13863475e-04 5.19231700e-04
1.87637300e-01 3.57708127e-04 5.18765505e-04
1.88044934e-01 8.19755766e-05 5.05804868e-04
1.88452566e-01 -2.41997884e-04 5.00938842e-04
1.88860195e-01 -2.12661764e-04 5.00590324e-04
1.89267824e-01 4.26747305e-04 5.09518072e-04
1.89675450e-01 3.89663159e-04 5.15268539e-04
1.90083074e-01 6.89516997e-04 5.07240463e-04
1.90490697e-01 -4.25802669e-04 5.11174045e-04
1.90898318e-01 -7.49136321e-04 5.06273976e-04
1.91305937e-01 -5.24645337e-05 5.05585320e-04
1.91713555e-01 5.04301274e-06 5.03508566e-04
1.92121170e-01 -1.16507652e-03 5.02469404e-04
1.92528784e-01 -2.65779951e-04 4.97289352e-04
1.92936396e-01 4.07888526e-04 5.12176036e-04
1.93344006e-01 -2.13088632e-04 4.93445178e-04
1.93751614e-01 1.14164121e-04 5.02124200e-04
1.94159220e-01 3.37388726e-04 5.01540466e-04
1.94566825e-01 4.26458043e-04 5.02173061e-04
1.94974427e-01 3.62998512e-04 4.96000406e-04
1.95382028e-01 4.74275724e-04 5.12712087e-04
1.95789627e-01 2.30518532e-04 4.98650234e-04
1.96197224e-01 3.85776545e-05 5.00874468e-04
1.96604820e-01 1.12154277e-03 5.07010685e-04
1.97012413e-01 9.09767012e-06 4.87650386e-04
1.97420005e-01 -3.56983489e-04 4.99686816e-04
1.97827594e-01 1.16858998e-03 4.90809148e-04
1.98235182e-01 2.48277112e-04 4.98593356e-04
1.98642768e-01 4.70439085e-04 5.03109407e-04
1.99050352e-01 3.33266004e-04 5.01814701e-04
1.99457934e-01 -2.18366076e-04 5.01956347e-04
1.99865514e-01 2.70054792e-04 5.09816732e-04
2.00273093e-01 -3.09541453e-04 5.01951601e-04
2.00680669e-01 7.73817736e-04 5.16288154e-04
2.01088244e-01 4.33343234e-04 5.20102066e-04
2.01495816e-01 -1.12299692e-04 5.02411133e-04
2.01903387e-01 2.55775045e-04 5.11526746e-04
2.02310956e-01 -6.07485405e-04 5.08172207e-04
2.02718523e-01 -4.43444567e-04 5.07089419e-04
2.03126088e-01 -3.25243185e-04 5.09591849e-04
2.03533651e-01 3.32091251e-04 5.04865620e-04
2.03941212e-01 1.18161128e-04 5.16395594e-04
2.04348771e-01 -5.55281906e-04 5.11068388e-04
2.04756329e-01 -3.25997679e-05 5.05694845e-04
2.05163884e-01 4.76075275e-04 5.04951029e-04
2.05571438e-01 -1.16358695e-04 4.96486646e-04
2.05978989e-01 -7.77031232e-04 4.90558532e-04
2.06386539e-01 -3.96162010e-04 4.79575497e-04
2.06794086e-01 2.25878977e-05 4.96315733e-04
2.07201632e-01 4.71749492e-04 4.94994026e-04
2.07609175e-01 -1.31158539e-04 4.78257455e-04
2.08016717e-01 -8.11950580e-05 4.86575228e-04
2.08424257e-01 -3.30812776e-04 4.77763606e-04
2.08831794e-01 5.81042910e-04 4.80513258e-04
2.09239330e-01 6.42721302e-05 4.85483725e-04
2.09646864e-01 -2.03431381e-04 4.83262747e-04
2.10054396e-01 -5.74018641e-05 4.88126350e-04
2.10461925e-01 2.05100191e-05 4.89646958e-04
2.10869453e-01 -4.22340276e-04 4.77435104e-04
2.11276979e-01 8.01516208e-04 4.85834787e-04
2.11684503e-01 1.48445473e-04 4.84173905e-04
2.12092025e-01 4.94971676e-04 4.72719187e-04
2.12499544e-01 1.24654601e-04 4.72626789e-04
2.12907062e-01 -1.39196723e-06 4.73512536e-04
2.13314578e-01 7.55641285e-05 4.81067993e-04
2.13722092e-01 6.28281070e-04 4.85737441e-04
2.14129603e-01 1.85558024e-04 4.78527677e-04
2.14537113e-01 -4.59330754e-04 4.69746512e-04
2.14944621e-01 -4.50233325e-04 4.75722157e-04
2.15352126e-01 -5.35492270e-05 4.79205070e-04
2.15759630e-01 7.04986814e-05 4.70911286e-04
2.16167131e-01 2.27639971e-04 4.74455674e-04
2.16574631e-01 1.31811013e-03 4.70980253e-04
2.16982128e-01 2.24166496e-04 4.61863503e-04
2.17389624e-01 -2.01274916e-04 4.65525218e-04
2.17797117e-01 4.45923051e-04 4.64215337e-04
2.18204608e-01 5.44868438e-05 4.61391796e-04
2.18612098e-01 3.81501796e-04 4.63654685e-04
2.19019585e-01 -5.98825210e-06 4.67470887e-04
2.19427070e-01 -4.27179523e-04 4.62824201e-04
2.19834553e-01 1.04169954e-04 4.63621247e-04
2.20242034e-01 -1.43424043e-04 4.66082993e-04
2.20649512e-01 1.62619838e-04 4.64824983e-04
2.21056989e-01 -3.71928958e-04 4.61635979e-04
2.21464464e-01 -2.28667611e-04 4.62892730e-04
2.21871936e-01 -2.28090471e-04 4.66787768e-04
2.22279407e-01 3.80110455e-04 4.65345464e-04
2.22686875e-01 3.21091909e-04 4.71092377e-04
2.23094341e-01 -5.81335802e-04 4.57906668e-04
2.23501805e-01 3.50764825e-04 4.64678137e-04
2.23909267e-01 4.90612657e-04 4.65979435e-04
2.24316727e-01 2.87426822e-04 4.67088151e-04
2.24724185e-01 2.24060700e-05 4.54520258e-04
2.25131641e-01 5.88646362e-04 4.55826793e-04
2.25539094e-01 9.37758349e-04 4.55123040e-04
2.25946545e-01 3.13655486e-04 4.50747997e-04
2.26353995e-01 9.98873346e-05 4.57772505e-04
2.26761442e-01 3.84982231e-04 4.53892702e-04
2.27168887e-01 -1.02710344e-04 4.56417402e-04
2.27576329e-01 6.33533571e-04 4.44503799e-04
2.27983770e-01 1.53216376e-04 4.54222537e-04
2.28391208e-01 -6.94977575e-06 4.52236851e-04
2.28798645e-01 3.15373218e-04 4.47116890e-04
2.29206079e-01 7.22095756e-04 4.64873972e-04
2.29613511e-01 2.39337795e-04 4.52405647e-04
2.30020941e-01 6.01435238e-04 4.54895381e-04
2.30428368e-01 3.86671566e-04 4.67942732e-04
2.30835794e-01 7.92937528e-04 4.66004269e-04
2.31243217e-01 2.66091820e-04 4.68473765e-04
2.31650638e-01 1.17100718e-03 4.63305656e-04
2.32058057e-01 4.12112512e-04 4.68335180e-04
2.32465473e-01 1.88616497e-04 4.60620531e-04
2.32872888e-01 1.07559059e-03 4.67478265e-04
2.33280300e-01 -3.17174661e-04 4.55512872e-04
2.33687710e-01 -4.84420569e-04 4.61661950e-04
2.34095118e-01 -8.18969838e-05 4.64265466e-04
2.34502524e-01 2.71662435e-04 4.65654834e-04
2.34909927e-01 9.70213614e-04 4.66380693e-04
2.35317328e-01 4.03229430e-04 4.64225516e-04
2.35724727e-01 3.31290220e-04 4.64722790e-04
2.36132124e-01 5.61514128e-04 4.59266959e-04
2.36539518e-01 -1.73288569e-04 4.56690578e-04
2.36946911e-01 -7.35482822e-05 4.62205335e-04
2.37354301e-01 -1.76636648e-04 4.45543263e-04
2.37761688e-01 6.78156701e-05 4.49497288e-04
2.38169074e-01 -2.94765519e-04 4.40025819e-04
2.38576457e-01 2.18363372e-04 4.49947539e-04
2.38983838e-01 3.45371943e-05 4.56218311e-04
2.39391217e-01 -4.37561259e-04 4.39456097e-04
2.39798593e-01 -3.01882087e-04 4.43361808e-04
2.40205967e-01 3.46319114e-04 4.39321659e-04
2.40613339e-01 3.84805228e-04 4.54423227e-04
2.41020709e-01 9.25736109e-05 4.53800347e-04
2.41428076e-01 -1.22763217e-03 4.36856661e-04
2.41835441e-01 -4.09309989e-05 4.41965821e-04
2.42242804e-01 -1.24203944e-04 4.32476737e-04
2.42650165e-01 2.78833333e-06 4.43250325e-04
2.43057523e-01 -1.24979497e-04 4.48894953e-04
2.43464879e-01 4.27124496e-04 4.44294596e-04
2.43872232e-01 -4.97382298e-04 4.38115496e-04
2.44279584e-01 9.55655828e-05 4.38456662e-04
2.44686933e-01 2.23572119e-04 4.29265312e-04
2.45094279e-01 1.69726460e-04 4.36077331e-04
2.45501624e-01 7.48275706e-04 4.42940602e-04
2.45908966e-01 6.35282021e-04 4.40121622e-04
2.46316305e-01 3.34197780e-04 4.23974376e-04
2.46723643e-01 3.91503285e-04 4.39408201e-04
2.47130978e-01 1.44547987e-04 4.39047294e-04
2.47538310e-01 -5.12445593e-04 4.26389983e-04
2.47945641e-01 -5.90162696e-05 4.39934834e-04
2.48352969e-01 8.87864613e-05 4.30221100e-04
2.48760294e-01 1.37490003e-04 4.37857085e-04
2.49167618e-01 -4.20395546e-04 4.23766374e-04
2.49574939e-01 -3.40526194e-04 4.16675649e-04
2.49982257e-01 2.27722305e-04 4.32750090e-04
2.50389573e-01 3.83871866e-04 4.33465807e-04
2.50796887e-01 2.25390366e-04 4.33061431e-04
2.51204199e-01 7.68901913e-05 4.30669559e-04
2.51611508e-01 1.82795168e-04 4.30013532e-04
2.52018815e-01 -5.30752430e-04 4.26531327e-04
2.52426119e-01 3.41266366e-05 4.31850256e-04
2.52833421e-01 4.26310011e-04 4.36006554e-04
2.53240720e-01 8.81053790e-05 4.32783802e-04
2.53648017e-01 -7.42955937e-05 4.21747398e-04
2.54055312e-01 -1.40494739e-04 4.20925619e-04
2.54462605e-01 7.66950253e-04 4.36662888e-04
2.54869894e-01 6.20828398e-04 4.29424463e-04
2.55277182e-01 -3.05099539e-04 4.18660702e-04
2.55684467e-01 -6.41495753e-04 4.27541734e-04
2.56091750e-01 -4.15316370e-04 4.19147223e-04
2.56499030e-01 2.98257840e-04 4.23183268e-04
2.56906308e-01 4.17232231e-04 4.22022695e-04
2.57313583e-01 2.31716557e-04 4.17976546e-04
2.57720856e-01 5.57257672e-04 4.17919144e-04
2.58128127e-01 -4.55842859e-04 4.14807622e-04
2.58535395e-01 6.08892705e-04 4.24469554e-04
2.58942661e-01 1.72400579e-04 4.20519906e-04
2.59349924e-01 -2.00687752e-04 4.19836916e-04
2.59757184e-01 -4.88286720e-04 4.19804789e-04
2.60164443e-01 -5.01267662e-05 4.15663666e-04
2.60571699e-01 3.47597663e-05 4.16142887e-04
2.60978952e-01 1.63426652e-04 4.22193682e-04
2.61386203e-01 1.33444376e-04 4.16540281e-04
2.61793451e-01 9.46366188e-04 4.22768348e-04
2.62200697e-01 -1.51832855e-04 4.14136453e-04
2.62607941e-01 2.20192949e-04 4.22631874e-04
2.63015182e-01 5.34078102e-04 4.13215140e-04
2.63422420e-01 4.62420694e-04 4.15497967e-04
2.63829656e-01 4.87158279e-04 4.19435744e-04
2.64236890e-01 4.27098082e-04 4.17894463e-04
2.64644121e-01 -7.35445489e-04 4.09029735e-04
2.65051349e-01 2.22282505e-04 4.18055037e-04
2.65458575e-01 1.02046242e-03 4.12231587e-04
2.65865799e-01 1.46215523e-04 4.08688954e-04
2.66273019e-01 -3.05880494e-04 4.08227552e-04
2.66680238e-01 5.61823364e-04 4.15880266e-04
2.67087454e-01 9.13784226e-04 4.15161753e-04
2.67494667e-01 1.00521911e-03 4.17404832e-04
2.67901878e-01 -3.37943929e-04 4.08452158e-04
2.68309086e-01 2.12644015e-04 4.05614926e-04
2.68716292e-01 1.00858008e-04 3.99945970e-04
2.69123495e-01 -4.75240035e-04 3.99510525e-04
2.69530696e-01 6.08869985e-04 4.13007753e-04
2.69937894e-01 1.19612623e-04 4.05952075e-04
2.70345090e-01 4.30787336e-04 4.11918796e-04
2.70752283e-01 5.84007497e-04 4.02179274e-04
2.71159473e-01 4.63696879e-05 4.04230356e-04
2.71566661e-01 2.89207229e-04 4.05980845e-04
2.71973847e-01 2.91092432e-04 4.04067790e-04
2.72381030e-01 1.05055877e-05 3.96003493e-04
2.72788210e-01 5.76910939e-04 4.12799973e-04
2.73195387e-01 7.59400719e-05 4.02900532e-04
2.73602562e-01 3.76136262e-04 4.09814429e-04
2.74009735e-01 -2.22057965e-04 4.04860270e-04
2.74416905e-01 -2.05031633e-05 4.00421646e-04
2.74824072e-01 4.57650519e-04 3.96231979e-04
2.75231237e-01 6.01014709e-04 4.03988018e-04
2.75638399e-01 4.56326055e-04 4.01664631e-04
2.76045558e-01 2.27812932e-04 3.98915061e-04
2.76452715e-01 3.12307150e-04 4.03175683e-04
2.76859869e-01 3.33486970e-04 3.96227971e-04
2.77267021e-01 5.16747950e-04 3.92025659e-04
2.77674170e-01 -7.24315936e-05 3.96834406e-04
2.78081316e-01 -1.08035110e-04 3.97430081e-04
2.78488460e-01 5.35031602e-04 3.99101678e-04
2.78895601e-01 5.38283583e-04 4.02010167e-04
2.79302740e-01 -5.25959341e-04 4.01876211e-04
2.79709875e-01 -3.55953417e-04 3.92540019e-04
2.80117009e-01 -8.59315101e-04 3.85597811e-04
2.80524139e-01 1.41248596e-05 3.99489825e-04
2.80931267e-01 5.14799759e-04 3.95265117e-04
2.81338392e-01 2.04641210e-04 4.01346482e-04
2.81745515e-01 -2.93421750e-04 3.92411373e-04
2.82152635e-01 -2.08136417e-04 3.90504145e-04
2.82559752e-01 -5.59756696e-05 3.96389007e-04
2.82966866e-01 5.78915039e-04 4.00013967e-04
2.83373978e-01 -1.59700704e-04 3.90878051e-04
2.83781088e-01 7.40501701e-04 3.94244353e-04
2.84188194e-01 5.69061035e-04 4.01893753e-04
2.84595298e-01 5.54592248e-04 3.94336383e-04
2.85002399e-01 -2.71461158e-05 3.95762348e-04
2.85409497e-01 7.92062616e-04 3.96480576e-04
2.85816593e-01 -2.93798488e-04 3.90405776e-04
2.86223686e-01 9.13362077e-05 3.94593152e-04
2.86630777e-01 2.90520889e-04 3.89188714e-04
2.87037864e-01 5.36678814e-05 3.97860178e-04
2.87444949e-01 7.62611972e-04 3.99776622e-04
2.87852031e-01 3.72175014e-04 4.05699030e-04
2.88259111e-01 5.23652654e-04 3.99747571e-04
2.88666188e-01 5.30110021e-05 3.96117443e-04
2.89073262e-01 -5.15507694e-05 3.93930743e-04
2.89480333e-01 -2.42466813e-04 3.99150060e-04
2.89887401e-01 -3.64258838e-04 4.04474672e-04
2.90294467e-01 -2.65876297e-04 3.96793596e-04
2.90701530e-01 -3.13502084e-05 3.93276787e-04
2.91108591e-01 4.29910504e-04 3.99291841e-04
2.91515648e-01 -3.91535045e-04 3.91906190e-04
2.91922703e-01 4.42863595e-04 3.95750178e-04
2.92329755e-01 2.49136857e-04 3.90853739e-04
2.92736804e-01 4.73755921e-04 3.89331912e-04
2.93143851e-01 -2.85417996e-06 3.92938119e-04
2.93550895e-01 6.04191670e-04 3.88361045e-04
2.93957936e-01 3.80337068e-04 3.92157752e-04
2.94364974e-01 1.89863350e-04 3.91714758e-04
2.94772009e-01 4.94636336e-04 3.89357101e-04
2.95179042e-01 9.88967915e-05 3.99883481e-04
2.95586072e-01 4.64752342e-04 3.93599955e-04
2.95993099e-01 1.06486092e-04 3.92689391e-04
2.96400123e-01 6.50877060e-05 3.90358740e-04
2.96807145e-01 2.76199646e-04 3.96562008e-04
2.97214163e-01 -1.92311172e-04 3.89051687e-04
2.97621179e-01 3.83994006e-04 3.88697390e-04
2.98028192e-01 1.25118679e-03 4.01740705e-04
2.98435202e-01 -2.51024668e-04 3.86017835e-04
2.98842210e-01 2.68597758e-04 3.93991070e-04
2.99249214e-01 6.08350301e-04 4.00773694e-04
2.99656216e-01 1.84274027e-04 3.90071314e-04
3.00063215e-01 4.79925387e-05 3.94028707e-04
3.00470211e-01 -1.63285393e-06 3.88940411e-04
3.00877204e-01 4.59668251e-04 3.93484759e-04
3.01284194e-01 -6.65510844e-05 3.91857894e-04
3.01691182e-01 -7.75962430e-06 3.99281968e-04
3.02098167e-01 2.97978756e-04 3.88589684e-04
3.02505149e-01 5.49166950e-04 3.93726905e-04
3.02912128e-01 3.00809998e-04 3.91841352e-04
3.03319104e-01 -2.42471996e-04 3.88892828e-04
3.03726077e-01 -9.91145914e-06 4.03864530e-04
3.04133047e-01 1.56421634e-04 3.88864749e-04
3.04540015e-01 8.76557598e-05 3.92787232e-04
3.04946979e-01 3.95316068e-04 3.94687886e-04
3.05353941e-01 -4.61799595e-04 3.86413164e-04
3.05760900e-01 -1.76740936e-04 3.82061040e-04
3.06167856e-01 -2.15374637e-04 3.85687176e-04
3.06574809e-01 1.09928430e-04 3.90684270e-04
3.06981759e-01 3.23301168e-04 3.86024686e-04
3.07388706e-01 1.77322535e-04 3.93898489e-04
3.07795651e-01 -2.04568943e-04 3.81943118e-04
3.08202592e-01 5.69381139e-04 4.06957168e-04
3.08609531e-01 2.67746254e-04 4.02071485e-04
3.09016466e-01 1.31012086e-04 4.04304398e-04
3.09423399e-01 3.64847852e-05 4.03983497e-04
3.09830329e-01 -4.63359404e-04 4.03056963e-04
3.10237256e-01 1.90252104e-04 3.95380315e-04
3.10644180e-01 2.22291490e-04 4.01781775e-04
3.11051101e-01 9.53153187e-04 4.02871287e-04
3.11458019e-01 4.06555631e-04 4.04442917e-04
3.11864934e-01 -4.19785469e-04 4.01393565e-04
3.12271846e-01 2.25267545e-04 4.02376948e-04
3.12678755e-01 -5.86872472e-04 3.99547791e-04
3.13085661e-01 7.14038769e-04 4.03000914e-04
3.13492565e-01 1.59351676e-04 4.01630231e-04
3.13899465e-01 2.96011032e-04 4.00556580e-04
3.14306362e-01 -3.61207845e-04 4.07893159e-04
3.14713257e-01 9.05009425e-04 4.13667498e-04
3.15120148e-01 3.93594967e-04 4.03016925e-04
3.15527037e-01 2.06591382e-04 4.02542346e-04
3.15933922e-01 2.26483548e-05 4.13221574e-04
3.16340805e-01 -1.57825195e-04 4.51018992e-04
3.16747684e-01 -6.56599560e-04 4.98930767e-04
3.17154561e-01 6.07614772e-04 5.06959166e-04
3.17561434e-01 -5.87380930e-05 5.52913585e-04
3.17968305e-01 -5.45265634e-05 5.71137310e-04
3.18375172e-01 -4.46642107e-04 6.02790510e-04
3.18782037e-01 3.54330785e-04 6.29497117e-04
3.19188898e-01 2.88205330e-04 6.55833982e-04
3.19595757e-01 3.60641319e-04 6.79588351e-04
3.20002612e-01 -2.06828567e-04 6.95395102e-04
3.20409465e-01 -1.66235322e-04 7.51161868e-04
3.20816314e-01 5.15658147e-05 8.05607055e-04
3.21223160e-01 1.07619653e-03 9.75717188e-04
3.21630004e-01 -8.00064876e-04 1.06010454e-03
3.22036844e-01 2.32408308e-03 1.31727838e-03
3.22443681e-01 -1.53650055e-03 1.86494698e-03
3.22850516e-01 3.51030140e-04 5.29247124e-03
