4.08043586e-03 -9.89634473e-02 2.77583493e-02
4.48847930e-03 -8.39980120e-02 2.78812035e-02
4.89652269e-03 -6.55020685e-02 1.93734386e-02
5.30456604e-03 -3.49168232e-02 1.42829183e-02
5.71260934e-03 -3.26758354e-02 1.10183628e-02
6.12065258e-03 -3.55641622e-02 8.39282144e-03
6.52869577e-03 -1.88755476e-02 7.42676292e-03
6.93673889e-03 -1.47665478e-02 6.21235745e-03
7.34478195e-03 -8.37444474e-03 5.44119377e-03
7.75282494e-03 -6.01791110e-03 5.30791339e-03
8.16086785e-03 -1.71991996e-02 4.35918800e-03
8.56891069e-03 -4.62833789e-03 4.33110973e-03
8.97695345e-03 -8.82819764e-03 3.87020636e-03
9.38499612e-03 -1.01590265e-02 3.56909896e-03
9.79303870e-03 -1.32490833e-03 3.44261806e-03
1.02010812e-02 -5.19507695e-03 3.29627208e-03
1.06091236e-02 -5.11986464e-03 3.25862999e-03
1.10171659e-02 -1.58978318e-03 3.05852884e-03
1.14252081e-02 -5.91116783e-03 2.93364443e-03
1.18332501e-02 -3.41992992e-03 2.78961132e-03
1.22412921e-02 -3.73525465e-03 2.55573792e-03
1.26493339e-02 2.96085429e-03 2.59383646e-03
1.30573757e-02 1.30208107e-03 2.60969014e-03
1.34654173e-02 -2.97343136e-04 2.48056602e-03
1.38734588e-02 -1.35500275e-03 2.65123788e-03
1.42815001e-02 -9.35643952e-04 2.44259217e-03
1.46895413e-02 -8.94734216e-04 2.36346992e-03
1.50975824e-02 8.51540674e-04 2.32510133e-03
1.55056233e-02 -3.46024405e-03 2.14126270e-03
1.59136641e-02 -3.22209185e-03 2.01182209e-03
1.63217047e-02 -8.99062813e-04 2.09952663e-03
1.67297452e-02 1.01275778e-03 1.99290159e-03
1.71377855e-02 -1.24377835e-03 1.94030102e-03
1.75458257e-02 1.60563486e-03 1.94330547e-03
1.79538657e-02 -1.38228306e-03 1.84012442e-03
1.83619055e-02 -8.88543273e-04 1.87532082e-03
1.87699451e-02 3.61751128e-03 1.83016713e-03
1.91779846e-02 7.84451247e-04 1.89891825e-03
1.95860239e-02 -7.79454685e-05 1.89918176e-03
1.99940630e-02 2.36725758e-03 1.78264655e-03
2.04021019e-02 1.15410030e-03 1.83548955e-03
2.08101406e-02 2.22343018e-03 1.82286302e-03
2.12181791e-02 -1.19105292e-03 1.80215717e-03
2.16262174e-02 1.37495314e-03 1.71738974e-03
2.20342555e-02 3.40909520e-05 1.79608038e-03
2.24422934e-02 1.06898668e-03 1.67208973e-03
2.28503311e-02 6.74275127e-04 1.71355021e-03
2.32583686e-02 7.67792295e-04 1.65510872e-03
2.36664058e-02 -1.21195933e-03 1.74502661e-03
2.40744429e-02 2.78073659e-03 1.65784582e-03
2.44824797e-02 -8.32319984e-04 1.61607522e-03
2.48905162e-02 1.97354433e-05 1.58716524e-03
2.52985525e-02 -1.21722117e-03 1.66147550e-03
2.57065886e-02 3.54810714e-03 1.70302541e-03
2.61146245e-02 8.00567120e-04 1.75218397e-03
2.65226601e-02 -1.31052697e-03 1.74209520e-03
2.69306954e-02 2.84526339e-04 1.67523709e-03
2.73387305e-02 -8.12586412e-05 1.60205575e-03
2.77467653e-02 9.34093057e-04 1.64626636e-03
2.81547999e-02 -8.14257471e-04 1.62128748e-03
2.85628342e-02 1.07219844e-03 1.67004403e-03
2.89708682e-02 1.83386037e-03 1.64272327e-03
2.93789020e-02 -5.77961018e-04 1.58641599e-03
2.97869355e-02 -1.90843821e-04 1.66430752e-03
3.01949687e-02 1.57492558e-03 1.79696008e-03
3.06030016e-02 1.86232923e-03 1.68367026e-03
3.10110342e-02 5.81017702e-04 1.69756613e-03
3.14190665e-02 -2.70325329e-04 1.59440557e-03
3.18270985e-02 1.25754394e-03 1.54948616e-03
3.22351302e-02 4.72603700e-04 1.48918084e-03
3.26431617e-02 -8.04858867e-04 1.44909650e-03
3.30511928e-02 -1.36189148e-03 1.42654305e-03
3.34592236e-02 -3.82723526e-04 1.44174672e-03
3.38672540e-02 8.52910948e-04 1.43011420e-03
3.42752842e-02 -1.97055384e-03 1.46004539e-03
3.46833140e-02 -7.13632695e-04 1.35916826e-03
3.50913435e-02 -5.05198435e-04 1.39031510e-03
3.54993727e-02 -6.14423209e-04 1.37371169e-03
3.59074015e-02 -7.52593110e-04 1.35006403e-03
3.63154300e-02 1.41255541e-04 1.37432327e-03
3.67234581e-02 9.04802856e-04 1.34949789e-03
3.71314859e-02 -6.20108707e-04 1.42720693e-03
3.75395134e-02 3.03768624e-03 1.34280864e-03
3.79475405e-02 2.30200496e-03 1.34583430e-03
3.83555672e-02 -2.39970105e-03 1.25964811e-03
3.87635935e-02 2.35212738e-03 1.33664899e-03
3.91716195e-02 2.12882958e-03 1.38866115e-03
3.95796452e-02 9.57888036e-04 1.35258121e-03
3.99876704e-02 -1.69283974e-03 1.32713203e-03
4.03956953e-02 -1.25112572e-03 1.23566372e-03
4.08037198e-02 5.86548018e-04 1.28133262e-03
4.12117439e-02 2.55971662e-04 1.30062044e-03
4.16197676e-02 1.16102187e-03 1.30648827e-03
4.20277909e-02 3.52383578e-03 1.36177224e-03
4.24358138e-02 2.00081090e-03 1.28334548e-03
4.28438363e-02 5.47777465e-04 1.22501426e-03
4.32518584e-02 6.06611528e-05 1.23582722e-03
4.36598801e-02 8.51667046e-04 1.17518004e-03
4.40679014e-02 1.62343837e-03 1.26631928e-03
4.44759222e-02 -1.92907564e-04 1.21278771e-03
4.48839427e-02 1.16985577e-03 1.20799309e-03
4.52919627e-02 -1.77360945e-04 1.18581245e-03
4.56999823e-02 1.88614224e-03 1.14250884e-03
4.61080014e-02 7.89909268e-04 1.15950559e-03
4.65160201e-02 1.24879323e-03 1.21874526e-03
4.69240384e-02 -1.00839790e-03 1.23243118e-03
4.73320562e-02 -7.27336556e-04 1.15745303e-03
4.77400736e-02 -5.08307266e-04 1.16531242e-03
4.81480905e-02 -7.14387336e-04 1.21956545e-03
4.85561070e-02 3.77754338e-04 1.17432294e-03
4.89641230e-02 -2.58408169e-04 1.15838131e-03
4.93721385e-02 -3.21410241e-04 1.16785465e-03
4.97801536e-02 3.96550137e-04 1.16382974e-03
5.01881682e-02 -2.13020696e-03 1.14443838e-03
5.05961823e-02 -3.36867222e-04 1.13991284e-03
5.10041960e-02 5.95197620e-05 1.16749880e-03
5.14122091e-02 -8.68586680e-04 1.18367128e-03
5.18202218e-02 -5.16475818e-04 1.07926965e-03
5.22282340e-02 1.04046679e-03 1.11786616e-03
5.26362457e-02 1.13974738e-04 1.15033976e-03
5.30442569e-02 -6.92829495e-04 1.09280631e-03
5.34522675e-02 -3.29837272e-04 1.11848773e-03
5.38602777e-02 1.21644689e-03 1.11539884e-03
5.42682874e-02 -7.57778510e-04 1.07969853e-03
5.46762965e-02 1.81037448e-03 1.12421196e-03
5.50843052e-02 1.65697501e-03 1.13656469e-03
5.54923133e-02 -2.17221005e-03 1.08417367e-03
5.59003208e-02 1.75742719e-03 1.13876995e-03
5.63083279e-02 9.04645698e-04 1.16012551e-03
5.67163344e-02 -2.25633325e-04 1.11854362e-03
5.71243404e-02 -2.45923157e-04 1.07226614e-03
5.75323458e-02 5.34522362e-04 1.09992852e-03
5.79403507e-02 -5.84057832e-04 1.06135139e-03
5.83483551e-02 2.81489174e-03 1.15866386e-03
5.87563588e-02 3.38665020e-04 1.10744257e-03
5.91643621e-02 1.45860202e-03 1.12477936e-03
5.95723647e-02 1.13779708e-04 1.13068784e-03
5.99803668e-02 1.32767654e-04 1.14069780e-03
6.03883684e-02 -2.62795938e-05 1.15748936e-03
6.07963693e-02 6.34796592e-04 1.11779378e-03
6.12043697e-02 5.90833655e-05 1.08200424e-03
6.16123695e-02 1.75037400e-04 1.05808250e-03
6.20203687e-02 7.63231931e-04 1.10633440e-03
6.24283674e-02 6.78964340e-05 1.06468955e-03
6.28363654e-02 7.85510490e-04 1.11731538e-03
6.32443629e-02 1.04458085e-03 1.05859893e-03
6.36523597e-02 6.79934755e-05 1.01138983e-03
6.40603559e-02 -1.05781825e-03 1.04594619e-03
6.44683516e-02 -9.84160449e-04 9.71024295e-04
6.48763466e-02 1.13000394e-03 1.03272525e-03
6.52843410e-02 -2.22708137e-05 1.04442207e-03
6.56923348e-02 -4.97916105e-04 1.03754126e-03
6.61003279e-02 -2.54730524e-05 1.05010389e-03
6.65083205e-02 3.90658665e-04 9.64486929e-04
6.69163124e-02 1.05879319e-04 9.83946370e-04
6.73243036e-02 -1.42120826e-03 9.87679338e-04
6.77322943e-02 8.25677067e-04 9.84379609e-04
6.81402842e-02 1.04765435e-03 9.85268452e-04
6.85482736e-02 -1.87320545e-04 9.93598732e-04
6.89562623e-02 -1.45524988e-03 9.57913878e-04
6.93642503e-02 1.26823341e-03 9.83048786e-04
6.97722377e-02 -2.82430522e-04 9.45844900e-04
7.01802244e-02 -2.29304186e-04 9.49346938e-04
7.05882105e-02 -1.13558190e-03 9.59478167e-04
7.09961958e-02 -9.28620961e-04 9.25662633e-04
7.14041805e-02 -9.55824593e-05 9.28247454e-04
7.18121646e-02 4.72835439e-04 9.41677633e-04
7.22201479e-02 -3.93098968e-04 9.23626077e-04
7.26281306e-02 5.32955192e-04 9.46981854e-04
7.30361126e-02 2.30874359e-05 9.37567332e-04
7.34440938e-02 1.40914329e-03 9.56709714e-04
7.38520744e-02 1.07296869e-04 9.27429408e-04
7.42600543e-02 1.95614427e-03 9.15502943e-04
7.46680335e-02 1.80614365e-03 9.35601778e-04
7.50760119e-02 3.92738950e-04 9.23969202e-04
7.54839897e-02 1.42855956e-03 9.26914745e-04
7.58919667e-02 3.95939326e-04 8.96831262e-04
7.62999431e-02 -3.22821586e-04 9.25446626e-04
7.67079187e-02 4.25243325e-04 9.35927834e-04
7.71158935e-02 1.91874462e-05 8.80002233e-04
7.75238677e-02 8.07688164e-04 8.83308350e-04
7.79318411e-02 -2.41579880e-04 9.21469996e-04
7.83398137e-02 1.18751492e-03 9.27164210e-04
7.87477857e-02 3.54075631e-04 9.09602072e-04
7.91557568e-02 -4.81971046e-04 9.08810463e-04
7.95637273e-02 8.01365499e-04 8.53443329e-04
7.99716969e-02 -9.36003104e-04 8.46426148e-04
8.03796658e-02 7.77598935e-04 8.63946297e-04
8.07876340e-02 -9.66344724e-04 8.94129497e-04
8.11956014e-02 9.04803630e-04 8.70306573e-04
8.16035680e-02 7.24425373e-04 8.42325130e-04
8.20115338e-02 -1.45967613e-03 8.44142639e-04
8.24194989e-02 2.95957231e-04 8.40112396e-04
8.28274631e-02 -1.37165501e-03 8.16863658e-04
8.32354266e-02 3.64585146e-04 8.52026972e-04
8.36433893e-02 3.09870595e-05 8.23427869e-04
8.40513512e-02 -2.21596705e-05 8.50429782e-04
8.44593123e-02 -7.80668986e-04 8.35011696e-04
8.48672727e-02 -4.76378499e-04 8.66163318e-04
8.52752322e-02 -1.85342438e-05 8.68240697e-04
8.56831909e-02 2.07590336e-03 8.52973262e-04
8.60911487e-02 -8.28359180e-04 8.44706111e-04
8.64991058e-02 5.82550774e-04 8.64421102e-04
8.69070620e-02 -2.41086231e-04 8.35590484e-04
8.73150175e-02 -9.11487580e-04 8.42170625e-04
8.77229721e-02 -6.58691592e-04 8.06370522e-04
8.81309258e-02 -2.26212827e-04 8.32989843e-04
8.85388787e-02 1.88840842e-04 8.23387094e-04
8.89468308e-02 -3.15472162e-04 8.28639354e-04
8.93547821e-02 -4.05247362e-05 8.27750898e-04
8.97627325e-02 1.01809891e-03 8.21391645e-04
9.01706820e-02 5.65849639e-04 8.13484441e-04
9.05786307e-02 -2.61730954e-04 8.05285184e-04
9.09865785e-02 1.49949791e-03 8.15157637e-04
9.13945255e-02 -3.91675319e-04 8.24992198e-04
9.18024716e-02 5.00672646e-04 7.92455744e-04
9.22104168e-02 -1.88339148e-04 7.79052983e-04
9.26183611e-02 3.07445755e-04 8.26896025e-04
9.30263046e-02 5.08659308e-04 8.21593095e-04
9.34342472e-02 4.09613723e-04 8.37071063e-04
9.38421889e-02 -1.57461436e-04 8.33736723e-04
9.42501297e-02 4.99678019e-04 8.26550990e-04
9.46580696e-02 5.63712038e-04 8.13407314e-04
9.50660087e-02 3.94830440e-04 8.10133946e-04
9.54739468e-02 4.42329197e-04 8.19105711e-04
9.58818840e-02 -3.99666458e-04 8.21003800e-04
9.62898203e-02 2.34085857e-05 7.94775279e-04
9.66977557e-02 4.40829757e-04 7.91329527e-04
9.71056902e-02 -5.42317137e-04 7.87805460e-04
9.75136237e-02 2.23745880e-04 8.14679392e-04
9.79215564e-02 -6.34039638e-04 7.52605376e-04
9.83294881e-02 -4.55460002e-04 7.74188989e-04
9.87374188e-02 1.30471480e-04 7.61813786e-04
9.91453487e-02 -4.39498026e-04 7.71520307e-04
9.95532775e-02 1.92215462e-04 7.81581910e-04
9.99612055e-02 5.05641657e-05 7.67033471e-04
1.00369132e-01 1.44668634e-04 7.55053904e-04
1.00777059e-01 1.72698168e-04 7.59026743e-04
1.01184984e-01 7.44492809e-04 7.94167387e-04
1.01592908e-01 1.00559754e-03 7.61153070e-04
1.02000831e-01 1.21297462e-04 7.32596670e-04
1.02408753e-01 1.76386497e-04 7.42174844e-04
1.02816674e-01 6.27002711e-04 7.65045870e-04
1.03224595e-01 1.22218219e-03 7.50361553e-04
1.03632514e-01 -1.13886501e-03 7.53405701e-04
1.04040432e-01 -3.51472883e-04 7.46395036e-04
1.04448349e-01 1.68740032e-04 7.50138179e-04
1.04856266e-01 -3.13486805e-04 7.54330451e-04
1.05264181e-01 2.18909911e-04 7.34051776e-04
1.05672095e-01 2.12344850e-04 7.49130818e-04
1.06080009e-01 2.28853223e-04 7.00324275e-04
1.06487921e-01 -2.06437983e-04 7.37513392e-04
1.06895832e-01 6.99915856e-04 7.57983147e-04
1.07303743e-01 2.48733720e-04 7.56778448e-04
1.07711652e-01 3.70737701e-04 7.43822103e-04
1.08119560e-01 -7.91159608e-04 7.57274216e-04
1.08527467e-01 -3.74990719e-05 7.38451097e-04
1.08935374e-01 -7.66933318e-04 7.64552629e-04
1.09343279e-01 9.08981670e-04 7.41314591e-04
1.09751183e-01 1.15153699e-03 7.14374794e-04
1.10159086e-01 -1.72052882e-04 7.23365823e-04
1.10566988e-01 -5.96475568e-04 6.95975313e-04
1.10974889e-01 -6.89335977e-04 7.14194790e-04
1.11382789e-01 -3.13626684e-05 7.29378254e-04
1.11790688e-01 3.28910885e-04 7.23903771e-04
1.12198586e-01 7.85902375e-04 7.60909450e-04
1.12606482e-01 4.12922807e-04 7.49106451e-04
1.13014378e-01 3.67097234e-04 7.23328521e-04
1.13422273e-01 -4.08559607e-04 7.09115597e-04
1.13830166e-01 8.87959407e-05 7.32762246e-04
1.14238059e-01 6.85803936e-04 7.51143824e-04
1.14645950e-01 1.78284880e-04 7.54357726e-04
1.15053840e-01 1.03100851e-03 7.59857842e-04
1.15461730e-01 -5.87711657e-04 7.32904087e-04
1.15869618e-01 1.41263537e-03 7.55188177e-04
1.16277505e-01 5.67119051e-04 7.51788368e-04
1.16685391e-01 -1.06365774e-03 7.45300185e-04
1.17093275e-01 5.68473717e-04 7.71729831e-04
1.17501159e-01 -7.20665215e-05 7.53920382e-04
1.17909042e-01 6.60434999e-05 7.40399023e-04
1.18316923e-01 9.69377697e-05 7.21996147e-04
1.18724803e-01 3.44425517e-04 7.32700557e-04
1.19132683e-01 8.73489048e-04 7.11286214e-04
1.19540561e-01 2.39924242e-04 6.96066538e-04
1.19948438e-01 3.25648136e-04 6.95988451e-04
1.20356313e-01 -6.33784039e-04 6.92372685e-04
1.20764188e-01 -1.15200854e-03 6.71839024e-04
1.21172062e-01 -6.62540217e-04 6.90806165e-04
1.21579934e-01 9.03879852e-04 6.79450317e-04
1.21987805e-01 -2.81599631e-04 6.85608951e-04
1.22395675e-01 -8.80186145e-05 7.03674835e-04
1.22803544e-01 -3.64363912e-04 6.80265247e-04
1.23211412e-01 -6.30192737e-04 6.78571007e-04
1.23619278e-01 1.18977983e-03 6.91224700e-04
1.24027144e-01 4.45386516e-04 7.03776732e-04
1.24435008e-01 -3.07966646e-04 6.95625953e-04
1.24842871e-01 -1.94796601e-04 6.80589336e-04
1.25250733e-01 1.09606761e-04 6.84681391e-04
1.25658594e-01 1.57789852e-03 6.87122207e-04
1.26066453e-01 -5.09132866e-04 6.72243055e-04
1.26474311e-01 5.18280774e-04 6.67632951e-04
1.26882168e-01 -4.64607354e-04 6.87003484e-04
1.27290024e-01 -1.45099614e-04 6.73150565e-04
1.27697879e-01 1.11629817e-04 6.94274132e-04
1.28105732e-01 8.68093390e-04 6.72290606e-04
1.28513585e-01 -1.66838443e-04 6.62943351e-04
1.28921436e-01 1.65367926e-05 6.62541386e-04
1.29329285e-01 4.27321396e-04 6.75685345e-04
1.29737134e-01 -7.86700677e-04 6.59730570e-04
1.30144981e-01 4.94562134e-04 6.63274814e-04
1.30552828e-01 1.15830150e-03 6.67622390e-04
1.30960672e-01 2.06509626e-05 6.51228304e-04
1.31368516e-01 -2.16830883e-04 6.50734553e-04
1.31776358e-01 1.56381183e-04 6.57001835e-04
1.32184200e-01 1.48555061e-03 6.58555000e-04
1.32592039e-01 1.45896792e-03 6.62132860e-04
1.32999878e-01 1.60812988e-03 6.47713418e-04
1.33407715e-01 6.44220988e-04 6.40705834e-04
1.33815552e-01 8.59825606e-04 6.37419110e-04
1.34223386e-01 6.26398365e-04 6.46602192e-04
1.34631220e-01 8.65174248e-04 6.57120681e-04
1.35039052e-01 3.43976921e-04 6.66624850e-04
1.35446883e-01 9.01431230e-04 6.54819187e-04
1.35854713e-01 -7.70220028e-04 6.47943409e-04
1.36262541e-01 2.68013601e-04 6.53768358e-04
1.36670368e-01 -1.25205506e-03 6.18305437e-04
1.37078194e-01 8.51217043e-04 6.29673048e-04
1.37486019e-01 1.00396347e-05 6.41344563e-04
1.37893842e-01 -8.71005519e-05 6.31331882e-04
1.38301664e-01 -1.11129179e-03 6.36802099e-04
1.38709485e-01 -4.69484850e-04 6.32454851e-04
1.39117304e-01 1.24973331e-03 6.33499885e-04
1.39525122e-01 8.68116422e-04 6.27968368e-04
1.39932939e-01 5.79559494e-04 6.22696902e-04
1.40340754e-01 1.28344907e-03 6.20273113e-04
1.40748568e-01 8.54376479e-04 6.36401377e-04
1.41156381e-01 -1.55139854e-04 6.11062518e-04
1.41564192e-01 5.75111739e-04 6.14213623e-04
1.41972002e-01 1.17161157e-03 6.19598303e-04
1.42379811e-01 -1.56292206e-04 6.24995399e-04
1.42787618e-01 6.82183493e-04 6.12406740e-04
1.43195424e-01 -7.45936220e-04 6.17531036e-04
1.43603228e-01 3.94271269e-04 6.30852660e-04
1.44011032e-01 -2.14411544e-04 6.08469464e-04
1.44418833e-01 -4.93282555e-05 6.31061220e-04
1.44826634e-01 2.58615714e-04 6.28094224e-04
1.45234433e-01 4.79466881e-04 6.29705613e-04
1.45642231e-01 3.40786907e-04 6.39501311e-04
1.46050027e-01 8.60973893e-04 6.12150396e-04
1.46457822e-01 1.29474727e-03 6.64444914e-04
1.46865616e-01 9.34950757e-05 6.26422724e-04
1.47273408e-01 3.69924061e-04 6.21813284e-04
1.47681199e-01 4.76554757e-04 6.33772034e-04
1.48088988e-01 -6.42860821e-05 6.24622248e-04
1.48496776e-01 -4.13301340e-04 6.24110893e-04
1.48904563e-01 8.63798837e-04 6.28578715e-04
1.49312348e-01 -5.64273218e-04 6.04907417e-04
1.49720132e-01 1.02780223e-03 6.12108131e-04
1.50127914e-01 7.08795336e-04 6.22501395e-04
1.50535695e-01 -8.10290602e-04 6.21536502e-04
1.50943474e-01 5.85691373e-05 6.22690678e-04
1.51351252e-01 4.75372208e-04 6.03715544e-04
1.51759029e-01 8.60693048e-05 6.09615900e-04
1.52166804e-01 -4.85315878e-04 6.11383395e-04
1.52574578e-01 8.94939088e-04 6.09495433e-04
1.52982350e-01 8.87447856e-04 6.15457263e-04
1.53390121e-01 7.75935560e-04 6.04962050e-04
1.53797890e-01 1.16518949e-04 6.08472179e-04
1.54205658e-01 -2.02081707e-04 6.00317076e-04
1.54613425e-01 4.73821498e-04 5.97715304e-04
1.55021190e-01 -2.55567308e-04 6.00262774e-04
1.55428953e-01 -6.44170887e-04 6.01202252e-04
1.55836716e-01 3.49399278e-06 6.02519092e-04
1.56244476e-01 8.27775038e-04 5.81429649e-04
1.56652235e-01 -8.67882616e-04 5.93384324e-04
1.57059993e-01 -1.30451653e-04 5.93623771e-04
1.57467749e-01 -3.82611959e-04 5.78381387e-04
1.57875504e-01 -5.12881414e-04 5.68015934e-04
1.58283257e-01 1.40254657e-04 5.92408517e-04
1.58691008e-01 4.81793121e-05 5.82012551e-04
1.59098758e-01 2.91196234e-04 5.83555910e-04
1.59506507e-01 1.14024994e-03 5.91962523e-04
1.59914254e-01 2.23023590e-04 5.66064624e-04
1.60322000e-01 4.72896823e-05 5.78167144e-04
1.60729744e-01 -4.83015728e-04 5.63639635e-04
1.61137486e-01 -1.65043493e-04 5.58245867e-04
1.61545228e-01 4.58919905e-04 5.70974115e-04
1.61952967e-01 -1.84712990e-04 5.76454231e-04
1.62360705e-01 -8.72966596e-04 5.77776326e-04
1.62768441e-01 -2.74780743e-04 5.69108294e-04
1.63176176e-01 -5.04740604e-04 5.59770168e-04
1.63583910e-01 5.74233585e-04 5.65978585e-04
1.63991641e-01 -2.78268354e-04 5.75640412e-04
1.64399372e-01 1.73528257e-03 5.81108014e-04
1.64807100e-01 4.78799398e-04 5.61924449e-04
1.65214827e-01 3.58235527e-04 5.69687803e-04
1.65622553e-01 -2.11473519e-04 5.59096299e-04
1.66030277e-01 7.78916245e-04 5.70340247e-04
1.66437999e-01 1.27040868e-03 5.61340710e-04
1.66845720e-01 -3.77675218e-04 5.60535906e-04
1.67253439e-01 -6.16424878e-04 5.57309650e-04
1.67661157e-01 1.15439500e-03 5.69684853e-04
1.68068873e-01 -7.44710686e-05 5.44998414e-04
1.68476588e-01 6.22732263e-04 5.69134535e-04
1.68884301e-01 8.11021060e-04 5.70525763e-04
1.69292012e-01 -6.40411151e-04 5.38819436e-04
1.69699721e-01 1.64966719e-04 5.44534541e-04
1.70107430e-01 -1.64812748e-04 5.50210755e-04
1.70515136e-01 1.35309103e-03 5.62443121e-04
1.70922841e-01 1.37700976e-04 5.46761101e-04
1.71330544e-01 -3.86606117e-04 5.31314808e-04
1.71738246e-01 -4.28147770e-05 5.37229787e-04
1.72145946e-01 3.13839933e-04 5.51090339e-04
1.72553644e-01 -4.54098932e-04 5.40925543e-04
1.72961341e-01 6.33502697e-04 5.47698578e-04
1.73369036e-01 -8.41747022e-04 5.38513221e-04
1.73776729e-01 1.56107927e-04 5.35161232e-04
1.74184421e-01 6.80148414e-04 5.51578439e-04
1.74592111e-01 -2.76367238e-04 5.38421266e-04
1.74999799e-01 -3.88596610e-04 5.50871438e-04
1.75407486e-01 -1.10056611e-04 5.46529304e-04
1.75815171e-01 6.15081011e-05 5.50125791e-04
1.76222855e-01 3.18499649e-04 5.39752634e-04
1.76630537e-01 3.91145506e-04 5.52655730e-04
1.77038217e-01 9.10785697e-04 5.40544573e-04
1.77445895e-01 -2.65290028e-04 5.43536866e-04
1.77853572e-01 -4.06258939e-04 5.33652338e-04
1.78261247e-01 -4.66767909e-05 5.26733128e-04
1.78668921e-01 2.42646261e-04 5.37711243e-04
1.79076592e-01 5.45881305e-04 5.36314165e-04
1.79484262e-01 7.22024063e-04 5.39678845e-04
1.79891931e-01 4.39819787e-04 5.23731649e-04
1.80299597e-01 6.06877228e-05 5.22740750e-04
1.80707262e-01 6.64334098e-04 5.40923557e-04
1.81114925e-01 -1.71079992e-04 5.28890714e-04
1.81522587e-01 -9.81168648e-05 5.21277962e-04
1.81930247e-01 8.99896419e-04 5.23898132e-04
1.82337905e-01 6.75742581e-04 5.28767047e-04
1.82745561e-01 4.42862898e-04 5.22281179e-04
1.83153215e-01 -3.45336553e-04 5.25860139e-04
1.83560868e-01 -1.74756933e-04 5.21497641e-04
1.83968519e-01 2.83197507e-04 5.28030355e-04
1.84376169e-01 1.58053033e-05 5.20508914e-04
1.84783816e-01 1.13026089e-04 5.29042175e-04
1.85191462e-01 3.44410040e-04 5.25869395e-04
1.85599106e-01 -3.80246874e-04 5.24973311e-04
1.86006749e-01 3.07218192e-04 5.18082129e-04
1.86414389e-01 7.14985738e-05 5.27230989e-04
1.86822028e-01 1.09548891e-04 5.29668285e-04
1.87229665e-01 9.22035260e-04 5.19182074e-04
1.87637300e-01 5.93583951e-04 5.16101105e-04
1.88044934e-01 -5.03584107e-04 5.14990030e-04
1.88452566e-01 8.73726052e-05 5.13107172e-04
1.88860195e-01 5.20381923e-04 5.14081553e-04
1.89267824e-01 -2.73343843e-05 5.14720105e-04
1.89675450e-01 9.47454407e-04 5.08830542e-04
1.90083074e-01 -5.12022790e-05 5.07676459e-04
1.90490697e-01 -3.52996652e-04 5.00444998e-04
1.90898318e-01 3.08898045e-04 5.06597847e-04
1.91305937e-01 -6.27774682e-04 5.06215244e-04
1.91713555e-01 2.43841194e-04 5.11797458e-04
1.92121170e-01 8.36318460e-04 5.08118254e-04
1.92528784e-01 -5.22241727e-04 5.02942141e-04
1.92936396e-01 -1.82318095e-04 5.16011027e-04
1.93344006e-01 2.66091480e-04 4.97356730e-04
1.93751614e-01 9.88759170e-04 5.09573423e-04
1.94159220e-01 -2.73001462e-04 4.95488763e-04
1.94566825e-01 4.66940225e-04 5.06305526e-04
1.94974427e-01 6.83812030e-05 4.99549116e-04
1.95382028e-01 -9.51125163e-05 4.91254266e-04
1.95789627e-01 4.98802866e-04 5.02177981e-04
1.96197224e-01 1.00457293e-03 5.08596499e-04
1.96604820e-01 1.05611382e-04 4.87246140e-04
1.97012413e-01 -4.38416875e-04 4.81668676e-04
1.97420005e-01 -1.37659226e-04 4.98137492e-04
1.97827594e-01 -4.39396742e-04 4.89271383e-04
1.98235182e-01 -8.52754040e-04 5.04633838e-04
1.98642768e-01 7.17284129e-05 5.10290914e-04
1.99050352e-01 2.99645997e-04 4.98512713e-04
1.99457934e-01 2.95407611e-04 5.06697956e-04
1.99865514e-01 2.40535544e-04 4.99012848e-04
2.00273093e-01 -2.93263645e-04 4.99982137e-04
2.00680669e-01 -1.43070507e-04 5.14316563e-04
2.01088244e-01 1.21045843e-04 5.01686732e-04
2.01495816e-01 3.50192454e-04 5.08142306e-04
2.01903387e-01 6.10943927e-04 5.12996256e-04
2.02310956e-01 4.46972757e-04 5.18556926e-04
2.02718523e-01 1.84717121e-04 5.05876858e-04
2.03126088e-01 4.77491820e-04 5.21614264e-04
2.03533651e-01 1.16977062e-03 5.21300096e-04
2.03941212e-01 1.48244009e-03 5.19868109e-04
2.04348771e-01 1.76461470e-04 4.97415576e-04
2.04756329e-01 4.36506970e-04 5.09286239e-04
2.05163884e-01 3.53868012e-04 5.02729121e-04
2.05571438e-01 6.27470780e-04 5.02356472e-04
2.05978989e-01 -2.53562918e-04 4.93316084e-04
2.06386539e-01 -1.36372758e-04 4.85527745e-04
2.06794086e-01 -5.63765507e-04 4.95179937e-04
2.07201632e-01 3.59399114e-04 4.91879776e-04
2.07609175e-01 -3.13084751e-04 4.87704480e-04
2.08016717e-01 -5.93696058e-05 4.89299777e-04
2.08424257e-01 2.36526671e-04 4.96111319e-04
2.08831794e-01 1.11370550e-03 4.89137094e-04
2.09239330e-01 1.21251143e-04 4.83685824e-04
2.09646864e-01 3.70270704e-04 4.79960471e-04
2.10054396e-01 1.77865161e-04 4.84487350e-04
2.10461925e-01 2.90098396e-04 4.98517495e-04
2.10869453e-01 -1.76296580e-04 4.77157211e-04
2.11276979e-01 4.79770703e-04 4.84136378e-04
2.11684503e-01 2.69668953e-04 4.84717077e-04
2.12092025e-01 5.13020004e-04 4.88839744e-04
2.12499544e-01 -2.01110990e-04 4.76201032e-04
2.12907062e-01 7.80363164e-04 4.79364414e-04
2.13314578e-01 -6.00393952e-04 4.80815802e-04
2.13722092e-01 2.79665806e-04 4.80945575e-04
2.14129603e-01 -1.33746486e-04 4.72751675e-04
2.14537113e-01 2.59345025e-04 4.81564053e-04
2.14944621e-01 -1.69380885e-04 4.81035439e-04
2.15352126e-01 4.06950717e-05 4.79997749e-04
2.15759630e-01 1.09657029e-04 4.73089230e-04
2.16167131e-01 -4.53278885e-05 4.63112396e-04
2.16574631e-01 9.87272483e-04 4.78999207e-04
2.16982128e-01 2.00866378e-04 4.73282628e-04
2.17389624e-01 4.86359601e-04 4.80516126e-04
2.17797117e-01 -1.71714561e-04 4.67498107e-04
2.18204608e-01 4.45787994e-04 4.78299114e-04
2.18612098e-01 2.41141034e-04 4.69828929e-04
2.19019585e-01 -3.63703935e-04 4.60639437e-04
2.19427070e-01 1.63082194e-04 4.64510996e-04
2.19834553e-01 6.23161086e-04 4.60408934e-04
2.20242034e-01 2.18506747e-04 4.73257448e-04
2.20649512e-01 3.35510117e-04 4.70795566e-04
2.21056989e-01 -1.08675619e-04 4.63418289e-04
2.21464464e-01 1.79135320e-04 4.64506907e-04
2.21871936e-01 6.51412524e-04 4.58345307e-04
2.22279407e-01 4.27258845e-04 4.66467159e-04
2.22686875e-01 6.21168416e-04 4.67944686e-04
2.23094341e-01 5.66459376e-04 4.60457174e-04
2.23501805e-01 2.27656575e-04 4.60831996e-04
2.23909267e-01 -3.77078924e-04 4.63186927e-04
2.24316727e-01 2.49414731e-04 4.69375086e-04
2.24724185e-01 5.16741838e-06 4.56765604e-04
2.25131641e-01 5.23404551e-04 4.57819048e-04
2.25539094e-01 8.77681474e-04 4.59918253e-04
2.25946545e-01 2.93039313e-04 4.61539659e-04
2.26353995e-01 1.42417965e-04 4.51045684e-04
2.26761442e-01 -1.03337121e-04 4.53364459e-04
2.27168887e-01 4.33741237e-04 4.57904182e-04
2.27576329e-01 -5.37881935e-04 4.52591561e-04
2.27983770e-01 -5.45355133e-04 4.51517408e-04
2.28391208e-01 2.03499713e-04 4.55485218e-04
2.28798645e-01 4.81103882e-04 4.53579495e-04
2.29206079e-01 -6.52708493e-06 4.59916279e-04
2.29613511e-01 5.55053701e-04 4.62234962e-04
2.30020941e-01 -6.42598195e-05 4.66466320e-04
2.30428368e-01 -8.02152355e-04 4.66494096e-04
2.30835794e-01 -6.25559793e-05 4.66498596e-04
2.31243217e-01 -2.02371046e-04 4.64678477e-04
2.31650638e-01 -3.44484623e-04 4.59612711e-04
2.32058057e-01 2.05877305e-04 4.67328969e-04
2.32465473e-01 -2.74524829e-04 4.63067795e-04
2.32872888e-01 8.06810382e-04 4.66798875e-04
2.33280300e-01 1.87953777e-04 4.63686541e-04
2.33687710e-01 -5.62006307e-05 4.58417501e-04
2.34095118e-01 3.53341861e-05 4.67575458e-04
2.34502524e-01 5.07795581e-04 4.67260006e-04
2.34909927e-01 4.36607342e-04 4.76775591e-04
2.35317328e-01 2.82739186e-04 4.61382288e-04
2.35724727e-01 8.29092820e-04 4.63577337e-04
2.36132124e-01 7.12453202e-04 4.53928817e-04
2.36539518e-01 4.92341735e-04 4.50114115e-04
2.36946911e-01 2.49400011e-04 4.47218831e-04
2.37354301e-01 -1.46505903e-04 4.57496725e-04
2.37761688e-01 7.90633229e-04 4.57865038e-04
2.38169074e-01 5.76828108e-04 4.56540265e-04
2.38576457e-01 7.13383503e-04 4.47992736e-04
2.38983838e-01 -1.78360069e-04 4.44574634e-04
2.39391217e-01 3.56419774e-04 4.43889708e-04
2.39798593e-01 1.25359321e-06 4.38035241e-04
2.40205967e-01 3.53868462e-04 4.46516208e-04
2.40613339e-01 -6.51915927e-04 4.40055450e-04
2.41020709e-01 3.85667863e-05 4.54194808e-04
2.41428076e-01 1.87736524e-04 4.49009449e-04
2.41835441e-01 -4.18946498e-04 4.43922858e-04
2.42242804e-01 3.69438351e-04 4.47975243e-04
2.42650165e-01 -5.66079808e-04 4.41454009e-04
2.43057523e-01 -2.53602491e-04 4.38401156e-04
2.43464879e-01 -6.20437109e-04 4.43313793e-04
2.43872232e-01 3.69016788e-04 4.30784535e-04
2.44279584e-01 1.93362145e-04 4.32345965e-04
2.44686933e-01 -3.06899307e-04 4.41151893e-04
2.45094279e-01 -2.12016047e-04 4.33752260e-04
2.45501624e-01 3.50503394e-04 4.39005681e-04
2.45908966e-01 -6.97382144e-04 4.37658035e-04
2.46316305e-01 5.47617931e-04 4.38189981e-04
2.46723643e-01 6.14238362e-04 4.41254182e-04
2.47130978e-01 7.10284018e-04 4.31462756e-04
2.47538310e-01 9.23360090e-05 4.24681000e-04
2.47945641e-01 -4.18211591e-04 4.36244500e-04
2.48352969e-01 9.36942722e-05 4.28985983e-04
2.48760294e-01 -4.72936073e-04 4.36671503e-04
2.49167618e-01 2.63377475e-04 4.42398281e-04
2.49574939e-01 -1.90378918e-04 4.35254043e-04
2.49982257e-01 1.85278638e-04 4.36272761e-04
2.50389573e-01 4.36008023e-04 4.35206111e-04
2.50796887e-01 3.78816362e-04 4.29859578e-04
2.51204199e-01 -4.34388155e-04 4.28175389e-04
2.51611508e-01 2.63644194e-04 4.24082329e-04
2.52018815e-01 2.60103061e-04 4.37883365e-04
2.52426119e-01 2.59475355e-04 4.28857085e-04
2.52833421e-01 5.28324404e-05 4.28321716e-04
2.53240720e-01 6.26849389e-04 4.27797516e-04
2.53648017e-01 1.10165481e-04 4.34189125e-04
2.54055312e-01 8.48571255e-05 4.25338486e-04
2.54462605e-01 -8.21411702e-05 4.21808260e-04
2.54869894e-01 5.94568577e-04 4.21455603e-04
2.55277182e-01 4.25354102e-04 4.29140111e-04
2.55684467e-01 -2.94307815e-04 4.20196786e-04
2.56091750e-01 -2.23982435e-05 4.16084587e-04
2.56499030e-01 -1.40860242e-04 4.21509986e-04
2.56906308e-01 -2.10781385e-04 4.22032778e-04
2.57313583e-01 -3.57463155e-04 4.12837204e-04
2.57720856e-01 5.32269186e-04 4.17261765e-04
2.58128127e-01 4.54407498e-04 4.16869849e-04
2.58535395e-01 -1.56922909e-04 4.11258472e-04
2.58942661e-01 2.99343738e-04 4.19245327e-04
2.59349924e-01 2.73451732e-04 4.16109001e-04
2.59757184e-01 -3.44761146e-04 4.18537105e-04
2.60164443e-01 -3.73227122e-04 4.14291706e-04
2.60571699e-01 2.70333526e-04 4.24906431e-04
2.60978952e-01 3.25095882e-04 4.18980620e-04
2.61386203e-01 -4.17223192e-05 4.24486226e-04
2.61793451e-01 -3.77356631e-04 4.20979626e-04
2.62200697e-01 7.78545851e-04 4.16913730e-04
2.62607941e-01 4.22718757e-04 4.10311581e-04
2.63015182e-01 -1.14293962e-04 4.19944442e-04
2.63422420e-01 4.65118671e-04 4.11246684e-04
2.63829656e-01 9.91275121e-05 4.12806890e-04
2.64236890e-01 5.94112360e-04 4.16236224e-04
2.64644121e-01 3.09443843e-04 4.13997749e-04
2.65051349e-01 -2.47494105e-04 4.11576613e-04
2.65458575e-01 1.69436289e-04 4.07387059e-04
2.65865799e-01 5.39488414e-04 4.12774331e-04
2.66273019e-01 8.55268264e-06 4.00908888e-04
2.66680238e-01 -2.47885267e-04 4.15505602e-04
2.67087454e-01 -5.93177499e-06 4.06632364e-04
2.67494667e-01 1.86600253e-04 4.16319797e-04
2.67901878e-01 4.59432421e-04 4.17023369e-04
2.68309086e-01 -4.18515775e-04 4.05289786e-04
2.68716292e-01 -5.30297106e-04 4.06009836e-04
2.69123495e-01 3.84052667e-04 4.10156896e-04
2.69530696e-01 6.32444210e-04 4.06842794e-04
2.69937894e-01 -7.19577048e-04 4.07148783e-04
2.70345090e-01 1.50103913e-04 4.11382104e-04
2.70752283e-01 2.23956399e-05 3.98185668e-04
2.71159473e-01 2.31303394e-04 4.06412706e-04
2.71566661e-01 4.37576260e-04 4.10969473e-04
2.71973847e-01 -1.25710725e-04 3.97188972e-04
2.72381030e-01 3.84585419e-04 4.06768350e-04
2.72788210e-01 1.56880940e-04 4.05055974e-04
2.73195387e-01 2.56977517e-04 4.02378975e-04
2.73602562e-01 4.39115381e-05 4.10178461e-04
2.74009735e-01 7.82372209e-04 4.11804813e-04
2.74416905e-01 -1.72480657e-04 4.00709093e-04
2.74824072e-01 1.39536663e-06 3.92054684e-04
2.75231237e-01 5.82584116e-04 3.99131550e-04
2.75638399e-01 3.26448935e-05 3.97123562e-04
2.76045558e-01 3.41257230e-04 3.93316866e-04
2.76452715e-01 -2.70169651e-04 3.98259301e-04
2.76859869e-01 1.13159087e-04 3.97547906e-04
2.77267021e-01 -2.11327604e-04 4.02358182e-04
2.77674170e-01 5.84832545e-04 4.09374533e-04
2.78081316e-01 1.69251750e-04 4.00110996e-04
2.78488460e-01 -5.93198797e-05 3.95737773e-04
2.78895601e-01 6.89312433e-04 3.98009637e-04
2.79302740e-01 7.36077445e-04 3.93748100e-04
2.79709875e-01 -2.63715173e-04 3.85566539e-04
2.80117009e-01 5.68916471e-04 3.95840639e-04
2.80524139e-01 3.87892318e-04 4.00499114e-04
2.80931267e-01 7.34806941e-04 3.91991575e-04
2.81338392e-01 1.51191882e-04 3.95799096e-04
2.81745515e-01 1.71473028e-04 3.93279309e-04
2.82152635e-01 -2.05890718e-05 3.92504796e-04
2.82559752e-01 -1.08540014e-04 3.96940898e-04
2.82966866e-01 -1.81170374e-06 3.97992598e-04
2.83373978e-01 1.05675629e-05 3.97713798e-04
2.83781088e-01 2.24800741e-04 3.85302358e-04
2.84188194e-01 1.67391841e-04 3.97025882e-04
2.84595298e-01 -4.33604089e-04 3.94265623e-04
2.85002399e-01 3.13761085e-04 4.05509868e-04
2.85409497e-01 -1.24083879e-04 3.94894236e-04
2.85816593e-01 4.70043244e-04 3.91526148e-04
2.86223686e-01 5.96153535e-04 3.93476946e-04
2.86630777e-01 -3.84341003e-04 3.91052026e-04
2.87037864e-01 -1.03383462e-03 3.91298792e-04
2.87444949e-01 -1.38946123e-04 3.99350607e-04
2.87852031e-01 4.53760123e-04 3.94882897e-04
2.88259111e-01 -5.84022650e-04 3.90340281e-04
2.88666188e-01 -1.36623751e-04 4.02063344e-04
2.89073262e-01 -3.92292278e-05 4.04233900e-04
2.89480333e-01 -5.92441301e-05 4.02196003e-04
2.89887401e-01 -2.86162750e-04 4.03759096e-04
2.90294467e-01 2.34667903e-04 4.11784695e-04
2.90701530e-01 -1.62433498e-04 3.95993449e-04
2.91108591e-01 2.10264698e-04 3.94761717e-04
2.91515648e-01 5.49207563e-04 3.98456492e-04
2.91922703e-01 4.49733331e-04 3.94842592e-04
2.92329755e-01 -5.27114211e-04 3.88978140e-04
2.92736804e-01 8.92101240e-05 3.92796348e-04
2.93143851e-01 4.15098913e-04 3.94025442e-04
2.93550895e-01 1.48744394e-04 3.83760172e-04
2.93957936e-01 4.06306312e-05 3.92400537e-04
2.94364974e-01 -1.07143259e-04 3.90425192e-04
2.94772009e-01 3.06162556e-04 3.94361469e-04
2.95179042e-01 -7.68275204e-04 3.86873421e-04
2.95586072e-01 -1.32135445e-04 3.98777236e-04
2.95993099e-01 -1.45307257e-04 3.90578799e-04
2.96400123e-01 -7.87314629e-05 3.90733014e-04
2.96807145e-01 -1.40881884e-04 3.89412047e-04
2.97214163e-01 -3.01149069e-04 3.85528186e-04
2.97621179e-01 -3.17456920e-04 3.92424825e-04
2.98028192e-01 3.20674143e-04 3.99531118e-04
2.98435202e-01 8.99775768e-05 3.88216459e-04
2.98842210e-01 -6.87552002e-04 3.83034208e-04
2.99249214e-01 -5.08049486e-04 3.94573893e-04
2.99656216e-01 -4.00105590e-04 3.91850864e-04
3.00063215e-01 5.35120932e-04 3.95446542e-04
3.00470211e-01 -1.63192614e-04 3.93866913e-04
3.00877204e-01 -2.17739343e-05 3.88321801e-04
3.01284194e-01 4.36775512e-04 3.97076669e-04
3.01691182e-01 -7.68854843e-04 3.92739129e-04
3.02098167e-01 5.76269593e-04 3.99819224e-04
3.02505149e-01 2.79530264e-04 3.89424955e-04
3.02912128e-01 -3.91089201e-06 3.97065430e-04
3.03319104e-01 -3.70073071e-05 3.86864158e-04
3.03726077e-01 -2.75941439e-05 3.90976344e-04
3.04133047e-01 5.60851699e-04 3.94617778e-04
3.04540015e-01 -2.22995295e-04 3.90917588e-04
3.04946979e-01 4.42877884e-04 3.95347528e-04
3.05353941e-01 -6.11726954e-05 3.91260520e-04
3.05760900e-01 -3.73924936e-04 3.91150297e-04
3.06167856e-01 -5.51124884e-04 3.93801050e-04
3.06574809e-01 5.06625052e-05 3.90799072e-04
3.06981759e-01 7.25121549e-04 3.98385656e-04
3.07388706e-01 -5.07225985e-04 3.87109317e-04
3.07795651e-01 -5.00556656e-04 3.90257074e-04
3.08202592e-01 6.20408443e-04 4.02153904e-04
3.08609531e-01 2.82044410e-04 4.01976305e-04
3.09016466e-01 4.72943932e-06 3.94559752e-04
3.09423399e-01 4.02837605e-04 4.04490641e-04
3.09830329e-01 -3.58282331e-04 3.96973524e-04
3.10237256e-01 -4.29484670e-04 3.99896328e-04
3.10644180e-01 -5.83341268e-04 4.02252353e-04
3.11051101e-01 2.16414228e-04 4.06807480e-04
3.11458019e-01 9.53555702e-04 4.09006212e-04
3.11864934e-01 1.21614373e-04 4.03457719e-04
3.12271846e-01 5.78714658e-04 4.09269865e-04
3.12678755e-01 -3.20704520e-04 4.05188160e-04
3.13085661e-01 1.73155522e-04 4.01329922e-04
3.13492565e-01 4.18578927e-04 4.07104440e-04
3.13899465e-01 1.25839496e-04 4.04500756e-04
3.14306362e-01 5.82844004e-04 4.06456245e-04
3.14713257e-01 -1.53063433e-04 3.93560604e-04
3.15120148e-01 -4.22997244e-05 4.00722193e-04
3.15527037e-01 -5.89285106e-06 4.12611682e-04
3.15933922e-01 6.65256577e-04 4.15099039e-04
3.16340805e-01 1.31647850e-04 4.47383688e-04
3.16747684e-01 -1.11900098e-04 4.84824965e-04
3.17154561e-01 3.79768458e-04 5.11934439e-04
3.17561434e-01 8.81247799e-05 5.43749874e-04
3.17968305e-01 -3.56595856e-04 5.75814845e-04
3.18375172e-01 -7.15799485e-04 6.04711947e-04
3.18782037e-01 -3.88832855e-04 6.24967303e-04
3.19188898e-01 1.07304908e-03 6.52824047e-04
3.19595757e-01 8.88270171e-04 6.82594411e-04
3.20002612e-01 4.18048770e-04 7.10508339e-04
3.20409465e-01 -6.95121790e-05 7.88541296e-04
3.20816314e-01 1.72728460e-04 7.96483546e-04
3.21223160e-01 1.44473213e-04 9.36224400e-04
3.21630004e-01 4.81309854e-04 1.04139213e-03
3.22036844e-01 -4.61150566e-05 1.34598695e-03
3.22443681e-01 -7.67287503e-04 1.90049491e-03
3.22850516e-01 7.66133508e-03 7.43889408e-03
