4.08043586e-03 -1.38123176e-01 2.74399159e-02
4.48847930e-03 -8.93843663e-02 2.68261139e-02
4.89652269e-03 -6.70285946e-02 1.98525271e-02
5.30456604e-03 -6.58056377e-02 1.39871931e-02
5.71260934e-03 -4.16345213e-02 1.12750517e-02
6.12065258e-03 -2.68303960e-02 9.31636879e-03
6.52869577e-03 -2.90703953e-02 7.34634835e-03
6.93673889e-03 -1.82709036e-02 6.01579726e-03
7.34478195e-03 -1.33839878e-02 5.14874042e-03
7.75282494e-03 -9.94510903e-03 4.91162759e-03
8.16086785e-03 -1.45472796e-02 4.80493874e-03
8.56891069e-03 -1.46255983e-02 4.32210220e-03
8.97695345e-03 -9.01833628e-03 3.85618736e-03
9.38499612e-03 -1.96013701e-03 3.92084950e-03
9.79303870e-03 -4.94222497e-03 3.86557087e-03
1.02010812e-02 -8.60420122e-03 3.23081141e-03
1.06091236e-02 -6.72206691e-03 3.42846572e-03
1.10171659e-02 -9.22652741e-04 3.04315697e-03
1.14252081e-02 3.75649679e-03 3.30087867e-03
1.18332501e-02 -2.55310932e-03 2.85136081e-03
1.22412921e-02 -3.52899940e-03 2.73109656e-03
1.26493339e-02 5.62771034e-04 2.75282222e-03
1.30573757e-02 -2.61593174e-03 2.49486680e-03
1.34654173e-02 -4.28639285e-04 2.53916522e-03
1.38734588e-02 -3.09099325e-03 2.35807774e-03
1.42815001e-02 -6.66994813e-04 2.34245144e-03
1.46895413e-02 -8.01096517e-04 2.12186654e-03
1.50975824e-02 -4.06861502e-03 2.02013415e-03
1.55056233e-02 -1.58024870e-03 2.06123903e-03
1.59136641e-02 1.54282931e-03 1.95360417e-03
1.63217047e-02 5.24116167e-04 2.07624270e-03
1.67297452e-02 1.29800722e-04 1.97934634e-03
1.71377855e-02 -3.08614153e-04 1.93975012e-03
1.75458257e-02 1.52383603e-03 2.04867933e-03
1.79538657e-02 2.96162136e-04 1.77431741e-03
1.83619055e-02 -1.14650445e-03 1.88020783e-03
1.87699451e-02 1.07383436e-03 1.89413136e-03
1.91779846e-02 -1.02267757e-03 1.91773313e-03
1.95860239e-02 1.00608132e-03 1.80862664e-03
1.99940630e-02 3.21890092e-03 1.82750873e-03
2.04021019e-02 6.50745118e-04 1.85877454e-03
2.08101406e-02 -4.23435175e-04 1.75017019e-03
2.12181791e-02 1.37301633e-03 1.88590986e-03
2.16262174e-02 -1.30253047e-03 1.82554243e-03
2.20342555e-02 -2.40155459e-03 1.70333381e-03
2.24422934e-02 -4.48324765e-04 1.66416930e-03
2.28503311e-02 2.74893484e-03 1.70885390e-03
2.32583686e-02 -1.07496985e-03 1.61586782e-03
2.36664058e-02 2.18928155e-04 1.70338545e-03
2.40744429e-02 4.29939941e-04 1.62807507e-03
2.44824797e-02 1.90897458e-04 1.69424367e-03
2.48905162e-02 1.77606607e-03 1.69908826e-03
2.52985525e-02 -1.23187837e-03 1.61251378e-03
2.57065886e-02 -2.97505374e-03 1.67646087e-03
2.61146245e-02 -1.48415845e-03 1.72996088e-03
2.65226601e-02 -2.62294895e-04 1.62411714e-03
2.69306954e-02 -1.87726070e-03 1.71367232e-03
2.73387305e-02 3.11643579e-03 1.75959881e-03
2.77467653e-02 1.15281117e-04 1.70224565e-03
2.81547999e-02 2.42353739e-03 1.59073366e-03
2.85628342e-02 9.11398225e-04 1.72597040e-03
2.89708682e-02 2.08791925e-04 1.60859578e-03
2.93789020e-02 -6.27159775e-04 1.61796006e-03
2.97869355e-02 6.27221494e-05 1.71802336e-03
3.01949687e-02 2.19567909e-03 1.72873442e-03
3.06030016e-02 1.09463350e-03 1.57901131e-03
3.10110342e-02 -8.72674730e-04 1.65808609e-03
3.14190665e-02 3.79531938e-04 1.50985003e-03
3.18270985e-02 2.29276494e-03 1.54819297e-03
3.22351302e-02 5.60449390e-04 1.43240271e-03
3.26431617e-02 -1.24872436e-03 1.44872043e-03
3.30511928e-02 -1.65768236e-03 1.50569743e-03
3.34592236e-02 -5.93041397e-04 1.47125070e-03
3.38672540e-02 1.35652722e-03 1.45287002e-03
3.42752842e-02 -1.31179977e-03 1.40982842e-03
3.46833140e-02 2.15592287e-04 1.41347191e-03
3.50913435e-02 -1.95236231e-03 1.31183586e-03
3.54993727e-02 1.95478331e-03 1.44325343e-03
3.59074015e-02 6.68638638e-04 1.38597197e-03
3.63154300e-02 -1.74321193e-03 1.37198419e-03
3.67234581e-02 1.45804390e-03 1.40540931e-03
3.71314859e-02 -7.73180961e-04 1.37100663e-03
3.75395134e-02 -2.00914781e-04 1.38493085e-03
3.79475405e-02 6.51591824e-05 1.30459624e-03
3.83555672e-02 -9.05760979e-04 1.36927512e-03
3.87635935e-02 5.02086696e-04 1.34518574e-03
3.91716195e-02 8.26833660e-04 1.37464336e-03
3.95796452e-02 6.87335518e-04 1.28619177e-03
3.99876704e-02 -1.34299923e-03 1.30089753e-03
4.03956953e-02 -4.17026615e-04 1.34078255e-03
4.08037198e-02 -7.40749386e-04 1.33778838e-03
4.12117439e-02 2.14016589e-03 1.35563175e-03
4.16197676e-02 3.42051450e-04 1.31796804e-03
4.20277909e-02 -8.27634924e-04 1.25303843e-03
4.24358138e-02 -1.91060198e-03 1.27258380e-03
4.28438363e-02 -6.79274356e-04 1.17998508e-03
4.32518584e-02 -3.16537818e-04 1.19061432e-03
4.36598801e-02 -1.18046277e-03 1.18567802e-03
4.40679014e-02 4.17859164e-04 1.22847714e-03
4.44759222e-02 -9.12877884e-04 1.17664838e-03
4.48839427e-02 1.85568700e-03 1.19616133e-03
4.52919627e-02 -2.31522214e-06 1.23492342e-03
4.56999823e-02 1.48041182e-03 1.27313727e-03
4.61080014e-02 1.17163926e-04 1.18534117e-03
4.65160201e-02 -1.19224279e-04 1.21757778e-03
4.69240384e-02 1.14216257e-03 1.21836365e-03
4.73320562e-02 1.26312412e-03 1.15911163e-03
4.77400736e-02 2.11825116e-03 1.19517805e-03
4.81480905e-02 2.44477764e-03 1.20856148e-03
4.85561070e-02 -7.05026461e-04 1.10572658e-03
4.89641230e-02 -1.58995119e-03 1.11615376e-03
4.93721385e-02 1.95404908e-03 1.16757518e-03
4.97801536e-02 -6.36082111e-04 1.16196360e-03
5.01881682e-02 -2.06644552e-03 1.11074091e-03
5.05961823e-02 -9.08931189e-04 1.14893113e-03
5.10041960e-02 1.27720647e-03 1.11503466e-03
5.14122091e-02 -1.47494431e-03 1.14395101e-03
5.18202218e-02 -2.68302225e-04 1.11202618e-03
5.22282340e-02 -4.55361724e-05 1.12846353e-03
5.26362457e-02 6.46794450e-04 1.16284547e-03
5.30442569e-02 1.29297500e-03 1.14774250e-03
5.34522675e-02 1.96570502e-04 1.08203216e-03
5.38602777e-02 -4.19935775e-04 1.12279269e-03
5.42682874e-02 1.00502578e-03 1.10772985e-03
5.46762965e-02 2.24517324e-04 1.12446589e-03
5.50843052e-02 -3.14680998e-04 1.09472644e-03
5.54923133e-02 -6.10040109e-04 1.06765030e-03
5.59003208e-02 -1.69769883e-04 1.06397593e-03
5.63083279e-02 -1.41366586e-04 1.09109432e-03
5.67163344e-02 -3.43555780e-05 1.07901489e-03
5.71243404e-02 6.73655709e-04 1.06389037e-03
5.75323458e-02 2.17602611e-04 1.10754989e-03
5.79403507e-02 -1.80507701e-03 1.05488961e-03
5.83483551e-02 1.61471014e-04 1.08326458e-03
5.87563588e-02 -1.57374956e-03 1.10786455e-03
5.91643621e-02 -8.21963169e-05 1.10334621e-03
5.95723647e-02 5.86974969e-04 1.17580386e-03
5.99803668e-02 1.24110061e-03 1.14322217e-03
6.03883684e-02 -1.19151018e-03 1.11084844e-03
6.07963693e-02 -2.00947846e-03 1.07595874e-03
6.12043697e-02 3.01714574e-04 1.06109388e-03
6.16123695e-02 -4.04714606e-04 1.09391585e-03
6.20203687e-02 1.40567366e-03 1.12305598e-03
6.24283674e-02 -1.56497539e-03 1.09525384e-03
6.28363654e-02 9.44722783e-04 1.04162527e-03
6.32443629e-02 7.32566046e-05 1.04073950e-03
6.36523597e-02 6.66992913e-04 1.03798385e-03
6.40603559e-02 -3.90764160e-04 1.02665252e-03
6.44683516e-02 7.20144982e-04 1.04255906e-03
6.48763466e-02 -4.05554882e-04 1.00950504e-03
6.52843410e-02 1.40602870e-04 1.04922000e-03
6.56923348e-02 6.02885046e-04 1.04076583e-03
6.61003279e-02 -1.09967330e-03 1.02647371e-03
6.65083205e-02 1.75212437e-03 1.00511688e-03
6.69163124e-02 4.73184560e-04 1.00018351e-03
6.73243036e-02 1.27143879e-03 9.70998527e-04
6.77322943e-02 -5.36117461e-04 9.58596734e-04
6.81402842e-02 2.58703619e-04 1.00307120e-03
6.85482736e-02 2.72913749e-04 9.96550210e-04
6.89562623e-02 1.49393111e-03 9.82041664e-04
6.93642503e-02 -7.18823306e-04 9.64816342e-04
6.97722377e-02 6.60772136e-04 1.01379592e-03
7.01802244e-02 2.24158273e-04 9.57472464e-04
7.05882105e-02 8.03147916e-04 9.59861545e-04
7.09961958e-02 3.42890639e-04 9.36556618e-04
7.14041805e-02 -6.96881590e-04 9.17929982e-04
7.18121646e-02 9.12213309e-04 9.01665350e-04
7.22201479e-02 8.66936518e-04 9.38663568e-04
7.26281306e-02 1.19038821e-03 9.62603441e-04
7.30361126e-02 1.09136460e-03 9.36869535e-04
7.34440938e-02 -5.40852729e-04 9.82253815e-04
7.38520744e-02 1.30637119e-03 9.42394539e-04
7.42600543e-02 2.18139651e-03 9.41190596e-04
7.46680335e-02 2.88525271e-03 9.39416945e-04
7.50760119e-02 -1.50677746e-03 9.10135254e-04
7.54839897e-02 7.11776205e-05 9.38869093e-04
7.58919667e-02 1.29170236e-03 8.98543453e-04
7.62999431e-02 -6.67057319e-04 8.92098585e-04
7.67079187e-02 1.03623842e-04 9.22772562e-04
7.71158935e-02 -2.54730080e-04 9.26809193e-04
7.75238677e-02 -5.78669603e-06 9.04313182e-04
7.79318411e-02 2.90385465e-05 9.19839392e-04
7.83398137e-02 -3.67230580e-04 9.28788208e-04
7.87477857e-02 -5.66217665e-04 8.91792345e-04
7.91557568e-02 -1.45839593e-03 8.65843891e-04
7.95637273e-02 -2.13734861e-05 8.83817409e-04
7.99716969e-02 9.99752738e-04 8.68005395e-04
8.03796658e-02 7.69103682e-04 9.03002435e-04
8.07876340e-02 1.06456309e-03 8.79963424e-04
8.11956014e-02 1.46052712e-03 8.89895264e-04
8.16035680e-02 -8.61234791e-05 8.79211030e-04
8.20115338e-02 1.19029397e-03 8.62478403e-04
8.24194989e-02 -1.46861647e-03 8.41735294e-04
8.28274631e-02 8.96044551e-04 8.57693571e-04
8.32354266e-02 -8.64317867e-04 8.49305647e-04
8.36433893e-02 9.27395557e-04 8.56209708e-04
8.40513512e-02 1.08350365e-03 8.50709392e-04
8.44593123e-02 1.86120190e-03 8.86939417e-04
8.48672727e-02 2.49944700e-04 8.51606625e-04
8.52752322e-02 1.03779503e-03 8.39683809e-04
8.56831909e-02 9.64058470e-04 8.60758360e-04
8.60911487e-02 -7.59166941e-04 8.51950394e-04
8.64991058e-02 8.41714955e-05 8.31487268e-04
8.69070620e-02 6.88265918e-04 8.57443528e-04
8.73150175e-02 1.08469827e-04 8.45727007e-04
8.77229721e-02 3.57016358e-04 8.53343243e-04
8.81309258e-02 1.18871859e-03 8.37783215e-04
8.85388787e-02 -5.08484029e-05 8.31642804e-04
8.89468308e-02 4.42340017e-04 8.41141768e-04
8.93547821e-02 -1.28532611e-04 8.23530639e-04
8.97627325e-02 -1.22362447e-03 8.19342408e-04
9.01706820e-02 1.09997730e-03 8.18733377e-04
9.05786307e-02 4.52381770e-04 8.02810588e-04
9.09865785e-02 -7.35703121e-04 8.01602416e-04
9.13945255e-02 -8.19018303e-04 7.85889704e-04
9.18024716e-02 -8.00898972e-04 7.66175900e-04
9.22104168e-02 1.27904681e-04 7.97894178e-04
9.26183611e-02 -5.23237485e-06 8.12154820e-04
9.30263046e-02 9.51543417e-04 7.95568047e-04
9.34342472e-02 -2.77759737e-04 7.80505301e-04
9.38421889e-02 -6.41215415e-04 8.26338796e-04
9.42501297e-02 -1.34690446e-04 8.24318311e-04
9.46580696e-02 -3.65901996e-04 8.00430931e-04
9.50660087e-02 6.20145382e-04 7.80162700e-04
9.54739468e-02 -8.83639720e-04 8.12621709e-04
9.58818840e-02 -9.15832064e-04 7.77626624e-04
9.62898203e-02 -4.26688165e-04 8.00909263e-04
9.66977557e-02 4.66480288e-05 7.79511673e-04
9.71056902e-02 1.80992433e-04 7.90634514e-04
9.75136237e-02 -8.83940337e-04 7.61210395e-04
9.79215564e-02 -1.21198630e-03 7.66156696e-04
9.83294881e-02 -8.00027920e-04 8.10561109e-04
9.87374188e-02 1.05267213e-04 7.76241442e-04
9.91453487e-02 8.90122889e-04 7.61855701e-04
9.95532775e-02 3.99194213e-05 7.81112857e-04
9.99612055e-02 -8.38550587e-04 7.55096211e-04
1.00369132e-01 8.91197583e-04 7.77778751e-04
1.00777059e-01 1.94261088e-03 7.79639883e-04
1.01184984e-01 4.22361435e-04 7.58376888e-04
1.01592908e-01 1.68897641e-04 7.83906250e-04
1.02000831e-01 7.41521623e-04 7.41904637e-04
1.02408753e-01 9.10861487e-06 7.42921922e-04
1.02816674e-01 -4.42214224e-04 7.60477921e-04
1.03224595e-01 -8.72302358e-04 7.50215464e-04
1.03632514e-01 8.78804032e-04 7.58740054e-04
1.04040432e-01 -1.21918987e-03 7.58109620e-04
1.04448349e-01 9.63585213e-04 7.58254359e-04
1.04856266e-01 -3.42691426e-04 7.38888081e-04
1.05264181e-01 1.36473057e-03 7.34494901e-04
1.05672095e-01 1.01559657e-03 7.24368970e-04
1.06080009e-01 4.66068283e-05 7.35736507e-04
1.06487921e-01 8.20885685e-05 7.35839845e-04
1.06895832e-01 -9.31471198e-04 7.49871553e-04
1.07303743e-01 -3.09282982e-04 7.11784480e-04
1.07711652e-01 -1.44149106e-04 7.55667924e-04
1.08119560e-01 5.28230623e-04 7.62794371e-04
1.08527467e-01 -3.58826721e-04 7.32903705e-04
1.08935374e-01 1.51115687e-05 7.50921262e-04
1.09343279e-01 8.99893231e-04 7.50723206e-04
1.09751183e-01 5.57765521e-04 7.38598886e-04
1.10159086e-01 -2.43677538e-04 7.49404135e-04
1.10566988e-01 -2.92135078e-04 7.10061486e-04
1.10974889e-01 1.84361431e-03 7.53959530e-04
1.11382789e-01 8.37032035e-04 7.54553654e-04
1.11790688e-01 4.18492699e-04 7.25671061e-04
1.12198586e-01 -9.21546852e-04 7.13980881e-04
1.12606482e-01 5.75667881e-05 7.20269355e-04
1.13014378e-01 -9.49578155e-04 7.53759756e-04
1.13422273e-01 -3.58431459e-04 7.35458805e-04
1.13830166e-01 6.35811960e-04 7.31715131e-04
1.14238059e-01 1.62388977e-04 7.26829298e-04
1.14645950e-01 -1.40204057e-04 7.54334875e-04
1.15053840e-01 -1.82466028e-04 7.34241433e-04
1.15461730e-01 1.75402820e-04 7.38874365e-04
1.15869618e-01 3.71389099e-04 7.44832973e-04
1.16277505e-01 -4.28321500e-04 7.22611463e-04
1.16685391e-01 -6.31698172e-04 7.30226701e-04
1.17093275e-01 -9.82023784e-05 7.50539929e-04
1.17501159e-01 -1.38829910e-03 7.59496878e-04
1.17909042e-01 -1.47677690e-04 7.05279814e-04
1.18316923e-01 6.89610161e-05 7.43904877e-04
1.18724803e-01 1.66939540e-03 7.15325219e-04
1.19132683e-01 -9.27849380e-05 7.15250494e-04
1.19540561e-01 -7.27444950e-04 7.08139754e-04
1.19948438e-01 9.61025367e-04 7.06228294e-04
1.20356313e-01 8.52585695e-04 7.08949908e-04
1.20764188e-01 2.08350865e-04 6.97629710e-04
1.21172062e-01 -8.69021265e-05 6.86878427e-04
1.21579934e-01 1.16793590e-03 7.12804030e-04
1.21987805e-01 7.09821676e-05 6.87667345e-04
1.22395675e-01 -9.34213098e-04 6.84361936e-04
1.22803544e-01 -1.85047531e-03 6.64970122e-04
1.23211412e-01 1.89088507e-04 6.71649199e-04
1.23619278e-01 -1.28434587e-04 6.75409658e-04
1.24027144e-01 9.00289957e-04 7.10418768e-04
1.24435008e-01 -1.04828746e-03 6.82057348e-04
1.24842871e-01 -1.02025183e-03 6.77755365e-04
1.25250733e-01 -7.93793605e-04 6.75464697e-04
1.25658594e-01 -6.15008265e-05 6.76427750e-04
1.26066453e-01 7.66467188e-04 6.78136017e-04
1.26474311e-01 1.38742656e-03 6.78706752e-04
1.26882168e-01 1.46882748e-04 6.67949434e-04
1.27290024e-01 1.59242739e-03 6.84952667e-04
1.27697879e-01 6.23545467e-04 6.62974352e-04
1.28105732e-01 1.94659467e-04 6.66230396e-04
1.28513585e-01 1.12487021e-03 6.83125146e-04
1.28921436e-01 -5.80958218e-05 6.66845414e-04
1.29329285e-01 1.06524409e-03 6.80576363e-04
1.29737134e-01 1.67556616e-03 6.83847660e-04
1.30144981e-01 -1.41264914e-03 6.69633795e-04
1.30552828e-01 2.71078912e-04 6.70154505e-04
1.30960672e-01 2.08041745e-04 6.47683099e-04
1.31368516e-01 -6.90900248e-04 6.49435103e-04
1.31776358e-01 1.31050969e-03 6.67304463e-04
1.32184200e-01 -7.05444375e-04 6.38283141e-04
1.32592039e-01 -1.31681126e-04 6.42778633e-04
1.32999878e-01 8.33065479e-04 6.55065710e-04
1.33407715e-01 6.55123332e-05 6.36851669e-04
1.33815552e-01 -7.26074606e-04 6.31475144e-04
1.34223386e-01 5.75788047e-04 6.31909890e-04
1.34631220e-01 1.08530684e-03 6.36251788e-04
1.35039052e-01 -5.06007630e-04 6.60681198e-04
1.35446883e-01 -1.97739751e-04 6.49534874e-04
1.35854713e-01 1.08213786e-03 6.46243099e-04
1.36262541e-01 3.75273476e-04 6.42943218e-04
1.36670368e-01 -6.38725153e-04 6.28853311e-04
1.37078194e-01 -5.14589421e-04 6.44880182e-04
1.37486019e-01 3.03256510e-04 6.40240002e-04
1.37893842e-01 3.64913876e-04 6.13230988e-04
1.38301664e-01 6.60334239e-04 6.40505422e-04
1.38709485e-01 4.93377232e-04 6.39437230e-04
1.39117304e-01 -8.61401010e-04 6.19144292e-04
1.39525122e-01 -4.41892863e-05 6.36373190e-04
1.39932939e-01 2.12282817e-03 6.45720246e-04
1.40340754e-01 9.48131318e-04 6.24329567e-04
1.40748568e-01 9.59596896e-04 6.30176853e-04
1.41156381e-01 -6.87312675e-05 6.23870669e-04
1.41564192e-01 3.25254923e-04 6.06329759e-04
1.41972002e-01 1.72171138e-03 6.21540336e-04
1.42379811e-01 -1.35239476e-04 6.41529941e-04
1.42787618e-01 1.36760691e-03 6.16637275e-04
1.43195424e-01 9.28494919e-05 6.32169032e-04
1.43603228e-01 1.05783929e-03 6.33701606e-04
1.44011032e-01 1.66018822e-04 6.43534075e-04
1.44418833e-01 -1.97300972e-04 6.24254699e-04
1.44826634e-01 7.60408901e-04 6.32707201e-04
1.45234433e-01 5.89342562e-05 6.30963464e-04
1.45642231e-01 2.78607954e-04 6.39039098e-04
1.46050027e-01 -2.98887439e-04 6.19078500e-04
1.46457822e-01 -2.45963829e-04 6.55396664e-04
1.46865616e-01 4.43916628e-04 6.40503324e-04
1.47273408e-01 -1.43367929e-03 6.37378213e-04
1.47681199e-01 -3.91414547e-04 6.41637652e-04
1.48088988e-01 1.15337270e-03 6.32802771e-04
1.48496776e-01 -8.96738585e-04 6.36435094e-04
1.48904563e-01 -2.68037954e-05 6.26102968e-04
1.49312348e-01 5.09579737e-04 6.24560231e-04
1.49720132e-01 1.45319900e-03 6.14097285e-04
1.50127914e-01 9.09339792e-04 6.20201343e-04
1.50535695e-01 -1.14688923e-04 6.25057192e-04
1.50943474e-01 4.87699223e-04 6.07529807e-04
1.51351252e-01 6.53970485e-04 6.13889517e-04
1.51759029e-01 6.45530116e-05 6.04610277e-04
1.52166804e-01 4.46569462e-04 6.07742290e-04
1.52574578e-01 5.32425829e-04 6.01455692e-04
1.52982350e-01 -1.79622166e-04 5.92339170e-04
1.53390121e-01 7.45995221e-04 6.07738013e-04
1.53797890e-01 -3.90575950e-04 6.05947325e-04
1.54205658e-01 2.18025099e-04 5.98603489e-04
1.54613425e-01 -2.57743554e-05 5.98995948e-04
1.55021190e-01 4.04505742e-04 6.01659970e-04
1.55428953e-01 2.99019525e-04 5.82091754e-04
1.55836716e-01 1.27586474e-04 5.90622488e-04
1.56244476e-01 1.76531717e-04 5.94368414e-04
1.56652235e-01 -3.37605748e-04 5.77995533e-04
1.57059993e-01 9.63400528e-05 5.84903113e-04
1.57467749e-01 -5.87271464e-04 5.81362592e-04
1.57875504e-01 9.12958454e-04 5.81891586e-04
1.58283257e-01 7.09724340e-04 5.89328163e-04
1.58691008e-01 -9.92297685e-05 5.72117497e-04
1.59098758e-01 -6.79026634e-05 5.62488841e-04
1.59506507e-01 6.53989959e-04 5.64377602e-04
1.59914254e-01 9.24089370e-04 5.90223946e-04
1.60322000e-01 -1.33729975e-04 5.78742545e-04
1.60729744e-01 -9.14911944e-04 5.66243501e-04
1.61137486e-01 7.79032727e-04 5.82334020e-04
1.61545228e-01 8.28592604e-04 5.82370028e-04
1.61952967e-01 -1.50476535e-04 5.69328886e-04
1.62360705e-01 -7.30579406e-05 5.71185407e-04
1.62768441e-01 1.02392695e-04 5.77697250e-04
1.63176176e-01 6.26848366e-04 5.89179039e-04
1.63583910e-01 -4.75819453e-05 5.67044392e-04
1.63991641e-01 3.09729811e-05 5.65930011e-04
1.64399372e-01 2.03675803e-04 5.51838522e-04
1.64807100e-01 3.27514707e-04 5.66217370e-04
1.65214827e-01 6.01702980e-04 5.71285833e-04
1.65622553e-01 6.85582619e-04 5.58935669e-04
1.66030277e-01 1.24268531e-04 5.71807683e-04
1.66437999e-01 -7.54108336e-04 5.67218885e-04
1.66845720e-01 -4.49709449e-04 5.70954777e-04
1.67253439e-01 3.96980770e-04 5.62284140e-04
1.67661157e-01 -4.75465199e-05 5.49605097e-04
1.68068873e-01 6.21933536e-05 5.54115041e-04
1.68476588e-01 6.61762451e-04 5.58483239e-04
1.68884301e-01 -2.91241706e-04 5.56631479e-04
1.69292012e-01 5.54054303e-04 5.54148199e-04
1.69699721e-01 2.92399724e-04 5.47784529e-04
1.70107430e-01 6.37434897e-06 5.47740928e-04
1.70515136e-01 -2.75314339e-04 5.33263885e-04
1.70922841e-01 9.88700785e-04 5.41650657e-04
1.71330544e-01 1.07658261e-04 5.44486473e-04
1.71738246e-01 1.14919386e-03 5.67709542e-04
1.72145946e-01 1.66379640e-04 5.44324409e-04
1.72553644e-01 -6.77538151e-04 5.41812398e-04
1.72961341e-01 -1.37586672e-03 5.38376885e-04
1.73369036e-01 6.70190592e-05 5.35872480e-04
1.73776729e-01 3.06023182e-04 5.57506136e-04
1.74184421e-01 -6.11791940e-05 5.34286167e-04
1.74592111e-01 5.58547101e-04 5.54559591e-04
1.74999799e-01 3.80803331e-04 5.43745020e-04
1.75407486e-01 -1.57782274e-04 5.44703647e-04
1.75815171e-01 7.79798494e-04 5.41879177e-04
1.76222855e-01 8.42536605e-06 5.30849928e-04
1.76630537e-01 4.38993762e-04 5.42111479e-04
1.77038217e-01 1.26043011e-03 5.40639892e-04
1.77445895e-01 -3.84072223e-04 5.19255770e-04
1.77853572e-01 1.49250996e-04 5.30939533e-04
1.78261247e-01 -1.65833391e-04 5.17735695e-04
1.78668921e-01 4.07923301e-04 5.31690145e-04
1.79076592e-01 -6.65044708e-04 5.38846692e-04
1.79484262e-01 -7.24352776e-04 5.29068778e-04
1.79891931e-01 -2.99671896e-04 5.31675051e-04
1.80299597e-01 -2.53360116e-04 5.06729173e-04
1.80707262e-01 2.86258663e-04 5.37054577e-04
1.81114925e-01 -4.12082745e-04 5.25920004e-04
1.81522587e-01 -6.97975871e-05 5.35268652e-04
1.81930247e-01 8.43119240e-04 5.34294550e-04
1.82337905e-01 -1.73560442e-04 5.22386854e-04
1.82745561e-01 4.26619501e-04 5.18187645e-04
1.83153215e-01 -4.53256865e-04 5.29321639e-04
1.83560868e-01 -3.41276484e-04 5.26872501e-04
1.83968519e-01 2.72190627e-04 5.15999229e-04
1.84376169e-01 5.79651749e-04 5.19524947e-04
1.84783816e-01 7.99128498e-04 5.26525556e-04
1.85191462e-01 8.25081333e-04 5.17430649e-04
1.85599106e-01 1.93863513e-04 5.15315498e-04
1.86006749e-01 -3.13923036e-04 5.24386706e-04
1.86414389e-01 -1.66542843e-04 5.23141064e-04
1.86822028e-01 -2.68871332e-04 5.22597837e-04
1.87229665e-01 -6.82865965e-04 5.07347869e-04
1.87637300e-01 2.61707010e-04 5.08817343e-04
1.88044934e-01 3.81028048e-04 5.13384693e-04
1.88452566e-01 9.95997446e-04 5.16502020e-04
1.88860195e-01 -3.49554199e-05 5.08450678e-04
1.89267824e-01 -1.01916294e-03 5.04313995e-04
1.89675450e-01 -4.37667585e-04 5.09453646e-04
1.90083074e-01 -4.72447445e-04 5.10798556e-04
1.90490697e-01 6.08481349e-04 5.00849624e-04
1.90898318e-01 -1.38116183e-04 5.05739463e-04
1.91305937e-01 -5.39636767e-04 5.08051833e-04
1.91713555e-01 -1.53813590e-04 5.04902247e-04
1.92121170e-01 -7.71844491e-04 4.92538165e-04
1.92528784e-01 1.48658889e-04 5.09263300e-04
1.92936396e-01 2.24746286e-04 5.05559795e-04
1.93344006e-01 -1.22629660e-04 5.00024755e-04
1.93751614e-01 6.71971590e-04 5.03770169e-04
1.94159220e-01 -2.29435778e-04 4.88621484e-04
1.94566825e-01 -1.13258640e-04 4.85029737e-04
1.94974427e-01 4.85799946e-05 5.01760845e-04
1.95382028e-01 6.35960884e-04 4.93586494e-04
1.95789627e-01 -7.69045519e-04 4.96200322e-04
1.96197224e-01 1.88593753e-04 4.96872528e-04
1.96604820e-01 4.60611075e-04 5.07006118e-04
1.97012413e-01 2.28141620e-04 4.98135320e-04
1.97420005e-01 -2.07257075e-04 4.97035004e-04
1.97827594e-01 5.85654310e-04 4.96174399e-04
1.98235182e-01 -1.59703991e-04 5.10419116e-04
1.98642768e-01 -6.54777358e-04 4.95034586e-04
1.99050352e-01 -5.33209873e-04 5.07432121e-04
1.99457934e-01 -3.03091212e-04 4.99928766e-04
1.99865514e-01 4.63303373e-04 5.05915280e-04
2.00273093e-01 5.55762291e-04 5.15543002e-04
2.00680669e-01 -1.78631104e-04 4.98270827e-04
2.01088244e-01 6.99649741e-04 5.11140812e-04
2.01495816e-01 6.55567088e-04 5.16870450e-04
2.01903387e-01 -4.29971781e-04 5.07934152e-04
2.02310956e-01 -5.17338940e-04 5.08328342e-04
2.02718523e-01 -1.43717491e-03 4.97575346e-04
2.03126088e-01 4.69107444e-05 5.08341492e-04
2.03533651e-01 1.46622921e-04 5.10142589e-04
2.03941212e-01 -1.39249900e-04 5.08417482e-04
2.04348771e-01 4.84354142e-04 5.04866129e-04
2.04756329e-01 1.55108381e-04 4.97214218e-04
2.05163884e-01 -2.93303906e-04 5.00221264e-04
2.05571438e-01 2.60435497e-04 4.83860720e-04
2.05978989e-01 7.20930127e-04 4.91471864e-04
2.06386539e-01 2.39207253e-04 4.95834296e-04
2.06794086e-01 -8.38972560e-05 4.97522046e-04
2.07201632e-01 2.93762853e-04 4.96768642e-04
2.07609175e-01 -6.20678181e-04 4.82590511e-04
2.08016717e-01 -3.71609035e-04 4.96986884e-04
2.08424257e-01 -4.79497068e-04 4.77934088e-04
2.08831794e-01 -4.77363365e-04 4.80059657e-04
2.09239330e-01 3.03950394e-04 4.86051852e-04
2.09646864e-01 1.35249363e-03 4.96928551e-04
2.10054396e-01 -2.87939691e-04 4.75206094e-04
2.10461925e-01 1.12313276e-05 4.80032267e-04
2.10869453e-01 -9.57407914e-05 4.74449735e-04
2.11276979e-01 1.15607327e-03 4.85468301e-04
2.11684503e-01 -2.90838059e-04 4.85106603e-04
2.12092025e-01 -1.31219019e-04 4.89014708e-04
2.12499544e-01 -3.35318160e-04 4.76915989e-04
2.12907062e-01 5.88661637e-04 4.69369557e-04
2.13314578e-01 5.74463698e-05 4.96535000e-04
2.13722092e-01 -1.06220717e-04 4.72075589e-04
2.14129603e-01 -1.05713885e-04 4.77798919e-04
2.14537113e-01 5.57205549e-04 4.74909494e-04
2.14944621e-01 3.54219732e-04 4.76896712e-04
2.15352126e-01 8.82863519e-04 4.72217243e-04
2.15759630e-01 6.14540583e-04 4.78651003e-04
2.16167131e-01 -8.77445567e-04 4.67393002e-04
2.16574631e-01 -8.66353684e-05 4.74809928e-04
2.16982128e-01 9.36099025e-04 4.80595101e-04
2.17389624e-01 -1.82583408e-04 4.73976442e-04
2.17797117e-01 -1.85211456e-04 4.69975372e-04
2.18204608e-01 2.68413338e-05 4.75818554e-04
2.18612098e-01 3.20101082e-04 4.64650756e-04
2.19019585e-01 1.82026915e-04 4.70590053e-04
2.19427070e-01 3.10070228e-04 4.71772949e-04
2.19834553e-01 3.59885142e-04 4.65624974e-04
2.20242034e-01 -8.14489269e-05 4.64397225e-04
2.20649512e-01 4.70706040e-04 4.69250830e-04
2.21056989e-01 5.29701377e-04 4.62963085e-04
2.21464464e-01 -2.52605409e-04 4.61662711e-04
2.21871936e-01 8.88812805e-04 4.72382636e-04
2.22279407e-01 -4.09173212e-05 4.71522092e-04
2.22686875e-01 1.51711321e-04 4.66754694e-04
2.23094341e-01 3.28577278e-04 4.61617614e-04
2.23501805e-01 8.37730848e-05 4.52852386e-04
2.23909267e-01 3.93136371e-04 4.65674547e-04
2.24316727e-01 -8.04026350e-05 4.56981958e-04
2.24724185e-01 1.49116977e-04 4.66796500e-04
2.25131641e-01 3.43269458e-04 4.64412621e-04
2.25539094e-01 2.73307448e-04 4.50169479e-04
2.25946545e-01 1.41825846e-04 4.56770660e-04
2.26353995e-01 7.75155084e-04 4.63026573e-04
2.26761442e-01 8.07343902e-05 4.52813972e-04
2.27168887e-01 -3.52209663e-04 4.58173443e-04
2.27576329e-01 6.26881002e-04 4.59035107e-04
2.27983770e-01 3.68804637e-04 4.51043023e-04
2.28391208e-01 1.35389962e-04 4.45598484e-04
2.28798645e-01 1.05083761e-03 4.64065545e-04
2.29206079e-01 -1.93033566e-04 4.60880825e-04
2.29613511e-01 -3.66070861e-04 4.57791017e-04
2.30020941e-01 -2.84252457e-04 4.54257089e-04
2.30428368e-01 1.35897939e-04 4.58066731e-04
2.30835794e-01 -4.62267724e-04 4.65866125e-04
2.31243217e-01 1.73105577e-04 4.60438799e-04
2.31650638e-01 1.19505739e-03 4.66321188e-04
2.32058057e-01 9.90534094e-05 4.71632443e-04
2.32465473e-01 3.29694269e-04 4.62776136e-04
2.32872888e-01 8.48443693e-04 4.68554024e-04
2.33280300e-01 -5.49620742e-05 4.71095383e-04
2.33687710e-01 -4.44181993e-04 4.66330478e-04
2.34095118e-01 -9.16516432e-05 4.61722680e-04
2.34502524e-01 3.96622525e-04 4.58634614e-04
2.34909927e-01 -3.79339983e-04 4.64166074e-04
2.35317328e-01 -1.25171776e-04 4.60493914e-04
2.35724727e-01 -1.21320040e-03 4.54898010e-04
2.36132124e-01 2.12953578e-04 4.60781392e-04
2.36539518e-01 -7.55984193e-04 4.41687198e-04
2.36946911e-01 7.62965396e-04 4.48528845e-04
2.37354301e-01 -5.49745542e-04 4.42138564e-04
2.37761688e-01 -7.49720747e-04 4.47209656e-04
2.38169074e-01 -9.73804071e-05 4.47673111e-04
2.38576457e-01 -2.69130090e-05 4.49052196e-04
2.38983838e-01 -7.15368602e-05 4.46196315e-04
2.39391217e-01 -5.46461938e-04 4.49473024e-04
2.39798593e-01 -1.73094334e-04 4.35847785e-04
2.40205967e-01 -1.38898323e-04 4.43245837e-04
2.40613339e-01 6.00545849e-04 4.45798568e-04
2.41020709e-01 -1.73558823e-04 4.43132649e-04
2.41428076e-01 2.76173473e-04 4.49258451e-04
2.41835441e-01 2.95458430e-04 4.44114023e-04
2.42242804e-01 2.14500497e-04 4.42918124e-04
2.42650165e-01 -1.66572650e-04 4.44739213e-04
2.43057523e-01 5.70042289e-04 4.38333390e-04
2.43464879e-01 3.67224746e-04 4.31527687e-04
2.43872232e-01 4.26262654e-04 4.42737628e-04
2.44279584e-01 1.75181323e-04 4.43159757e-04
2.44686933e-01 -1.90607698e-04 4.32545801e-04
2.45094279e-01 -4.97447200e-04 4.39371879e-04
2.45501624e-01 6.54704947e-04 4.39346407e-04
2.45908966e-01 8.40448200e-04 4.40941178e-04
2.46316305e-01 6.25026673e-04 4.36863481e-04
2.46723643e-01 4.46124427e-04 4.36112007e-04
2.47130978e-01 5.75436547e-04 4.39739925e-04
2.47538310e-01 2.93065094e-04 4.29400920e-04
2.47945641e-01 -1.62147991e-04 4.31746247e-04
2.48352969e-01 1.30787707e-04 4.40965295e-04
2.48760294e-01 -4.77671511e-04 4.25612294e-04
2.49167618e-01 -5.65510670e-04 4.22028316e-04
2.49574939e-01 7.18117106e-04 4.32544797e-04
2.49982257e-01 3.60712727e-04 4.36956784e-04
2.50389573e-01 -4.06145879e-04 4.27198914e-04
2.50796887e-01 2.67541967e-04 4.35914496e-04
2.51204199e-01 -3.72125139e-04 4.26114824e-04
2.51611508e-01 -6.39271006e-04 4.24180255e-04
2.52018815e-01 4.17978244e-04 4.31381650e-04
2.52426119e-01 4.44832649e-04 4.27726428e-04
2.52833421e-01 2.91636685e-04 4.36015562e-04
2.53240720e-01 3.69059208e-04 4.22713115e-04
2.53648017e-01 3.84107519e-04 4.24274686e-04
2.54055312e-01 -1.66863854e-04 4.15992494e-04
2.54462605e-01 -2.48668843e-04 4.28440027e-04
2.54869894e-01 4.06642007e-04 4.24163608e-04
2.55277182e-01 1.14587695e-04 4.24100619e-04
2.55684467e-01 3.78933715e-04 4.26166785e-04
2.56091750e-01 -5.47257847e-05 4.19044612e-04
2.56499030e-01 1.66188315e-04 4.31205179e-04
2.56906308e-01 1.73099236e-03 4.33788846e-04
2.57313583e-01 5.72233205e-04 4.15436302e-04
2.57720856e-01 6.63784216e-04 4.20185789e-04
2.58128127e-01 -4.03907895e-04 4.19095491e-04
2.58535395e-01 9.31998716e-05 4.21599498e-04
2.58942661e-01 3.08633042e-05 4.21986510e-04
2.59349924e-01 -4.40240424e-05 4.14400972e-04
2.59757184e-01 -9.06445568e-05 4.22200790e-04
2.60164443e-01 -4.84950105e-06 4.23319445e-04
2.60571699e-01 1.24667405e-03 4.27119722e-04
2.60978952e-01 2.12200945e-04 4.14857505e-04
2.61386203e-01 -3.57259829e-05 4.16499150e-04
2.61793451e-01 -2.81098164e-04 4.18075275e-04
2.62200697e-01 2.32873615e-04 4.18145919e-04
2.62607941e-01 5.10148443e-04 4.11027887e-04
2.63015182e-01 6.86156771e-04 4.17551956e-04
2.63422420e-01 5.61168994e-04 4.10567416e-04
2.63829656e-01 7.19106182e-04 4.22271928e-04
2.64236890e-01 2.52300099e-04 4.14385414e-04
2.64644121e-01 -6.36934390e-05 4.15538527e-04
2.65051349e-01 3.81291307e-04 4.15971220e-04
2.65458575e-01 6.07830309e-05 4.13926276e-04
2.65865799e-01 -2.64670449e-04 4.09132266e-04
2.66273019e-01 7.76639421e-04 4.18661138e-04
2.66680238e-01 1.13339813e-03 4.15642344e-04
2.67087454e-01 -2.06461016e-04 4.09401030e-04
2.67494667e-01 -1.88300714e-04 4.08973687e-04
2.67901878e-01 2.25296115e-04 4.08148528e-04
2.68309086e-01 8.00881634e-04 4.07450219e-04
2.68716292e-01 -1.51797114e-04 4.00246609e-04
2.69123495e-01 7.45999620e-04 4.01974108e-04
2.69530696e-01 2.85855751e-04 4.08711953e-04
2.69937894e-01 9.48608731e-04 4.14760336e-04
2.70345090e-01 5.05804312e-04 3.95561054e-04
2.70752283e-01 2.68451820e-04 4.07709039e-04
2.71159473e-01 4.66472300e-04 3.99101713e-04
2.71566661e-01 2.18205090e-04 4.05895227e-04
2.71973847e-01 -1.42982314e-04 4.08835709e-04
2.72381030e-01 2.14142814e-04 4.09240952e-04
2.72788210e-01 5.44793384e-04 3.99759306e-04
2.73195387e-01 -2.70684397e-04 4.08581720e-04
2.73602562e-01 1.45573366e-04 4.14922601e-04
2.74009735e-01 -3.24867731e-04 4.03488035e-04
2.74416905e-01 1.61478820e-04 4.00054759e-04
2.74824072e-01 3.61050873e-04 3.96501067e-04
2.75231237e-01 -2.83440790e-05 3.90930839e-04
2.75638399e-01 2.92265226e-04 3.95535625e-04
2.76045558e-01 2.53575755e-04 3.93190594e-04
2.76452715e-01 2.03347053e-04 3.95190432e-04
2.76859869e-01 4.99782731e-04 3.94555443e-04
2.77267021e-01 1.37854825e-03 4.00058552e-04
2.77674170e-01 6.44618255e-05 3.89569092e-04
2.78081316e-01 -1.27595501e-05 3.94559091e-04
2.78488460e-01 2.28067361e-04 3.96845979e-04
2.78895601e-01 -4.42586724e-04 3.92508647e-04
2.79302740e-01 -3.07584906e-04 3.95281343e-04
2.79709875e-01 6.44253083e-06 3.88669902e-04
2.80117009e-01 2.14811956e-04 3.98385389e-04
2.80524139e-01 6.82483964e-04 3.97103452e-04
2.80931267e-01 8.69786186e-05 3.97219610e-04
2.81338392e-01 5.00627243e-04 4.06823446e-04
2.81745515e-01 6.14262390e-04 3.89636392e-04
2.82152635e-01 -1.47670800e-04 3.88004668e-04
2.82559752e-01 -6.25955555e-05 3.91162477e-04
2.82966866e-01 4.77246560e-04 3.95220778e-04
2.83373978e-01 -1.84994765e-04 3.88958215e-04
2.83781088e-01 3.17514516e-04 3.87089014e-04
2.84188194e-01 2.57968983e-04 4.04304634e-04
2.84595298e-01 1.58415892e-04 4.01410338e-04
2.85002399e-01 9.25119977e-05 3.94305671e-04
2.85409497e-01 3.53622246e-04 3.91268703e-04
2.85816593e-01 1.11694515e-03 4.02003853e-04
2.86223686e-01 -1.94583174e-04 3.99700604e-04
2.86630777e-01 7.04154927e-04 4.00416832e-04
2.87037864e-01 3.39175007e-04 3.96883794e-04
2.87444949e-01 4.19176220e-04 4.04892436e-04
2.87852031e-01 -2.98784524e-04 3.94679970e-04
2.88259111e-01 6.03547459e-04 3.96496534e-04
2.88666188e-01 1.30140070e-04 3.95293926e-04
2.89073262e-01 9.11939902e-04 3.98303572e-04
2.89480333e-01 -2.91231351e-05 3.98611181e-04
2.89887401e-01 -2.91338006e-04 4.04964031e-04
2.90294467e-01 -4.00724623e-04 3.98465606e-04
2.90701530e-01 -9.09318604e-05 3.94317546e-04
2.91108591e-01 1.24682997e-04 3.95141452e-04
2.91515648e-01 6.89481835e-04 3.99841151e-04
2.91922703e-01 1.00164585e-03 3.94702382e-04
2.92329755e-01 2.33761283e-04 3.98264116e-04
2.92736804e-01 8.98424177e-05 3.96755843e-04
2.93143851e-01 -7.78857529e-05 3.88403141e-04
2.93550895e-01 8.52037104e-04 3.94232761e-04
2.93957936e-01 5.11050232e-04 3.92572085e-04
2.94364974e-01 2.69451973e-04 3.93780267e-04
2.94772009e-01 5.88249670e-04 3.93353303e-04
2.95179042e-01 4.13482866e-04 3.85703983e-04
2.95586072e-01 -1.17264106e-04 4.01111228e-04
2.95993099e-01 -2.35429908e-04 3.98316965e-04
2.96400123e-01 -2.20097440e-04 3.96540030e-04
2.96807145e-01 -2.11708117e-04 3.90215971e-04
2.97214163e-01 4.65796621e-04 3.92287685e-04
2.97621179e-01 -9.55981790e-05 3.96278510e-04
2.98028192e-01 3.84533722e-04 3.93964702e-04
2.98435202e-01 -4.82013397e-05 3.91140617e-04
2.98842210e-01 3.81072573e-05 3.98229684e-04
2.99249214e-01 3.23154652e-04 3.88640106e-04
2.99656216e-01 8.50386167e-04 3.94074483e-04
3.00063215e-01 1.83010072e-04 3.88702338e-04
3.00470211e-01 3.09283515e-04 3.93689668e-04
3.00877204e-01 -1.89179310e-04 3.92958791e-04
3.01284194e-01 8.00231045e-05 3.97880787e-04
3.01691182e-01 2.83759988e-04 4.00312153e-04
3.02098167e-01 2.13697035e-04 3.90399488e-04
3.02505149e-01 -7.41131692e-04 3.95586393e-04
3.02912128e-01 4.76032280e-06 3.90209154e-04
3.03319104e-01 5.12030442e-05 3.96059619e-04
3.03726077e-01 7.54321853e-05 3.93754784e-04
3.04133047e-01 1.65708866e-04 3.86499518e-04
3.04540015e-01 3.67734110e-04 3.88338714e-04
3.04946979e-01 1.63758284e-04 3.91253835e-04
3.05353941e-01 4.69498152e-04 3.95423357e-04
3.05760900e-01 8.24056282e-04 3.96088835e-04
3.06167856e-01 -1.61288958e-04 3.88540426e-04
3.06574809e-01 3.29290592e-04 3.89663932e-04
3.06981759e-01 -1.84726736e-04 3.87921724e-04
3.07388706e-01 6.65796614e-04 4.03964898e-04
3.07795651e-01 4.97067419e-04 3.90310610e-04
3.08202592e-01 -2.58286026e-04 3.88711139e-04
3.08609531e-01 -2.98813289e-04 3.93718042e-04
3.09016466e-01 8.94131242e-04 3.99844464e-04
3.09423399e-01 -6.60215073e-04 3.92753323e-04
3.09830329e-01 -2.62048461e-04 3.87905122e-04
3.10237256e-01 -4.82010135e-04 3.97292428e-04
3.10644180e-01 -3.54376038e-04 3.91276815e-04
3.11051101e-01 -2.89807887e-04 3.97859583e-04
3.11458019e-01 3.01301702e-04 3.99026471e-04
3.11864934e-01 6.56188866e-05 4.05426791e-04
3.12271846e-01 2.64484240e-04 4.00050595e-04
3.12678755e-01 7.65504852e-04 3.99781729e-04
3.13085661e-01 7.32285118e-04 3.97892415e-04
3.13492565e-01 3.58811125e-04 3.96414276e-04
3.13899465e-01 1.59895919e-04 3.98947600e-04
3.14306362e-01 3.44089395e-04 4.06178474e-04
3.14713257e-01 -1.93537317e-04 4.05215523e-04
3.15120148e-01 -5.07524989e-05 4.03826216e-04
3.15527037e-01 4.10538748e-04 4.04832809e-04
3.15933922e-01 1.04997934e-04 4.14587395e-04
3.16340805e-01 3.42062409e-04 4.42433130e-04
3.16747684e-01 3.84713279e-04 4.91371197e-04
3.17154561e-01 7.06871212e-04 5.21821905e-04
3.17561434e-01 -4.63964345e-04 5.32201644e-04
3.17968305e-01 -9.04776711e-04 5.70352040e-04
3.18375172e-01 7.41651046e-05 6.05527564e-04
3.18782037e-01 -1.29097511e-03 6.21304566e-04
3.19188898e-01 8.32179553e-04 6.64459819e-04
3.19595757e-01 8.61287777e-04 6.94887100e-04
3.20002612e-01 -9.10298427e-04 6.93418838e-04
3.20409465e-01 4.08969937e-04 7.61393845e-04
3.20816314e-01 1.40050258e-03 8.34069205e-04
3.21223160e-01 2.51666212e-03 9.60288536e-04
3.21630004e-01 -2.30704005e-05 1.10803807e-03
3.22036844e-01 -8.48361308e-04 1.31344732e-03
3.22443681e-01 -1.30227332e-03 1.78528945e-03
3.22850516e-01 -4.37278266e-04 4.28554532e-03
