4.08043586e-03 5.25871543e-02 2.70273845e-02
4.48847930e-03 6.72840701e-02 2.88232973e-02
4.89652269e-03 7.99846922e-02 2.05827937e-02
5.30456604e-03 8.23682073e-02 1.46005609e-02
5.71260934e-03 1.03225334e-01 1.13931136e-02
6.12065258e-03 9.64575685e-02 9.84691718e-03
6.52869577e-03 1.05920478e-01 8.25747146e-03
6.93673889e-03 1.07483898e-01 7.37741528e-03
7.34478195e-03 1.05795239e-01 6.59560099e-03
7.75282494e-03 1.14108691e-01 6.29517125e-03
8.16086785e-03 9.39079968e-02 5.88023739e-03
8.56891069e-03 1.00711612e-01 5.74128958e-03
8.97695345e-03 1.12845591e-01 4.88444184e-03
9.38499612e-03 1.05822704e-01 4.93631686e-03
9.79303870e-03 1.01020360e-01 5.24256644e-03
1.02010812e-02 1.01990688e-01 4.13512067e-03
1.06091236e-02 1.03752968e-01 4.28083790e-03
1.10171659e-02 1.12110050e-01 4.13009195e-03
1.14252081e-02 1.06553658e-01 4.40664572e-03
1.18332501e-02 1.08069170e-01 3.73372951e-03
1.22412921e-02 9.19554951e-02 3.65447831e-03
1.26493339e-02 1.06348345e-01 3.95573866e-03
1.30573757e-02 9.39208576e-02 3.88622099e-03
1.34654173e-02 9.62180598e-02 3.50422943e-03
1.38734588e-02 9.56541853e-02 3.40343791e-03
1.42815001e-02 9.51170848e-02 3.29706815e-03
1.46895413e-02 9.29818163e-02 3.14622104e-03
1.50975824e-02 9.34430566e-02 3.00941146e-03
1.55056233e-02 8.84660712e-02 2.80021746e-03
1.59136641e-02 8.30385344e-02 3.02243526e-03
1.63217047e-02 8.90543205e-02 3.01027902e-03
1.67297452e-02 8.70010013e-02 2.78104570e-03
1.71377855e-02 8.74190278e-02 2.70515910e-03
1.75458257e-02 8.83983274e-02 2.82010616e-03
1.79538657e-02 8.20748257e-02 2.68011778e-03
1.83619055e-02 8.27259924e-02 2.63045402e-03
1.87699451e-02 7.97472291e-02 2.54005261e-03
1.91779846e-02 7.88031512e-02 2.65057291e-03
1.95860239e-02 7.39801804e-02 2.55459200e-03
1.99940630e-02 7.41362910e-02 2.30013900e-03
2.04021019e-02 7.27991739e-02 2.46786134e-03
2.08101406e-02 7.42740251e-02 2.62237543e-03
2.12181791e-02 7.06052449e-02 2.39899089e-03
2.16262174e-02 6.77298956e-02 2.38541630e-03
2.20342555e-02 7.46526546e-02 2.47433171e-03
2.24422934e-02 6.17787849e-02 2.41348120e-03
2.28503311e-02 6.52094777e-02 2.28775033e-03
2.32583686e-02 6.43810216e-02 2.33871072e-03
2.36664058e-02 6.28477062e-02 2.24124724e-03
2.40744429e-02 6.33926672e-02 2.21972102e-03
2.44824797e-02 6.08818826e-02 2.08309217e-03
2.48905162e-02 5.56564479e-02 2.02221360e-03
2.52985525e-02 5.64142459e-02 2.07699545e-03
2.57065886e-02 5.60832382e-02 2.19901068e-03
2.61146245e-02 5.01034333e-02 2.09311693e-03
2.65226601e-02 5.41728497e-02 2.01289408e-03
2.69306954e-02 5.08179111e-02 2.05485611e-03
2.73387305e-02 4.89613230e-02 2.11998731e-03
2.77467653e-02 4.75352272e-02 1.88459498e-03
2.81547999e-02 4.82322685e-02 2.10998365e-03
2.85628342e-02 4.62434415e-02 2.24301089e-03
2.89708682e-02 4.49798564e-02 1.99791930e-03
2.93789020e-02 4.24790269e-02 2.04571524e-03
2.97869355e-02 4.54589556e-02 1.97132224e-03
3.01949687e-02 4.26388916e-02 2.15194873e-03
3.06030016e-02 4.15130759e-02 1.95751361e-03
3.10110342e-02 4.02393387e-02 2.05320967e-03
3.14190665e-02 4.00995316e-02 2.07594826e-03
3.18270985e-02 3.79801502e-02 1.81467124e-03
3.22351302e-02 3.60416552e-02 1.73591012e-03
3.26431617e-02 3.59902033e-02 1.69386722e-03
3.30511928e-02 3.55264263e-02 1.77732690e-03
3.34592236e-02 3.36125111e-02 1.75858810e-03
3.38672540e-02 3.20654833e-02 1.73404265e-03
3.42752842e-02 2.96359352e-02 1.68624609e-03
3.46833140e-02 3.02659616e-02 1.64649553e-03
3.50913435e-02 3.21887093e-02 1.65619017e-03
3.54993727e-02 2.96649729e-02 1.71256373e-03
3.59074015e-02 2.70910222e-02 1.62121642e-03
3.63154300e-02 2.79626390e-02 1.56927663e-03
3.67234581e-02 2.79220179e-02 1.61572415e-03
3.71314859e-02 2.76440390e-02 1.59035982e-03
3.75395134e-02 2.35180691e-02 1.64496010e-03
3.79475405e-02 2.41552470e-02 1.49719108e-03
3.83555672e-02 2.37391409e-02 1.55911955e-03
3.87635935e-02 2.13639609e-02 1.53383216e-03
3.91716195e-02 2.17477288e-02 1.50468307e-03
3.95796452e-02 2.03552460e-02 1.49671324e-03
3.99876704e-02 1.97562036e-02 1.39146062e-03
4.03956953e-02 2.20206344e-02 1.47155460e-03
4.08037198e-02 2.12413500e-02 1.44097956e-03
4.12117439e-02 1.81629308e-02 1.48477974e-03
4.16197676e-02 1.92263448e-02 1.50721958e-03
4.20277909e-02 1.81320365e-02 1.39906751e-03
4.24358138e-02 1.44385753e-02 1.37329596e-03
4.28438363e-02 1.71273717e-02 1.32256513e-03
4.32518584e-02 1.96250190e-02 1.38236894e-03
4.36598801e-02 1.79995269e-02 1.31647027e-03
4.40679014e-02 1.58804157e-02 1.31664113e-03
4.44759222e-02 1.69162188e-02 1.27262349e-03
4.48839427e-02 1.43885205e-02 1.26159071e-03
4.52919627e-02 1.15947387e-02 1.27842047e-03
4.56999823e-02 1.34403320e-02 1.30941497e-03
4.61080014e-02 1.21761396e-02 1.24918164e-03
4.65160201e-02 9.87954274e-03 1.18572649e-03
4.69240384e-02 1.30535175e-02 1.26288091e-03
4.73320562e-02 1.10025233e-02 1.31252845e-03
4.77400736e-02 1.10223848e-02 1.26817611e-03
4.81480905e-02 8.57100232e-03 1.24151934e-03
4.85561070e-02 9.85592223e-03 1.22690121e-03
4.89641230e-02 1.04927379e-02 1.21561419e-03
4.93721385e-02 1.03792938e-02 1.20322984e-03
4.97801536e-02 1.12404624e-02 1.27021635e-03
5.01881682e-02 8.79792594e-03 1.21021295e-03
5.05961823e-02 8.93516707e-03 1.23240217e-03
5.10041960e-02 9.05620868e-03 1.22319840e-03
5.14122091e-02 9.65778125e-03 1.18143472e-03
5.18202218e-02 6.07815734e-03 1.18549536e-03
5.22282340e-02 1.00535626e-02 1.22596510e-03
5.26362457e-02 9.41210907e-03 1.17388280e-03
5.30442569e-02 8.42821254e-03 1.11746996e-03
5.34522675e-02 6.26926553e-03 1.14359206e-03
5.38602777e-02 7.42910035e-03 1.09604685e-03
5.42682874e-02 7.48319848e-03 1.12747377e-03
5.46762965e-02 6.20070662e-03 1.15273490e-03
5.50843052e-02 6.56329867e-03 1.16076463e-03
5.54923133e-02 4.21393759e-03 1.11862029e-03
5.59003208e-02 4.18759349e-03 1.10342920e-03
5.63083279e-02 7.20305390e-03 1.18742049e-03
5.67163344e-02 6.10681335e-03 1.07033528e-03
5.71243404e-02 4.98192102e-03 1.10189401e-03
5.75323458e-02 6.42398146e-03 1.15012504e-03
5.79403507e-02 7.63529416e-03 1.16363676e-03
5.83483551e-02 6.43727748e-03 1.12216259e-03
5.87563588e-02 5.70892503e-03 1.16598168e-03
5.91643621e-02 7.01856633e-03 1.11254217e-03
5.95723647e-02 2.58164827e-03 1.12366350e-03
5.99803668e-02 4.65068598e-03 1.18030419e-03
6.03883684e-02 5.04907897e-03 1.11787275e-03
6.07963693e-02 4.92552277e-03 1.11911085e-03
6.12043697e-02 3.93533225e-03 1.12289020e-03
6.16123695e-02 7.68106866e-03 1.19390168e-03
6.20203687e-02 6.09291901e-03 1.14208931e-03
6.24283674e-02 3.15065524e-03 1.07917977e-03
6.28363654e-02 6.42516760e-03 1.08954813e-03
6.32443629e-02 4.13060576e-03 1.07334550e-03
6.36523597e-02 4.59993314e-03 1.06067075e-03
6.40603559e-02 5.47866659e-03 1.08360283e-03
6.44683516e-02 4.61079021e-03 9.95310417e-04
6.48763466e-02 4.56258851e-03 1.04325951e-03
6.52843410e-02 3.99502461e-03 1.04155164e-03
6.56923348e-02 2.69777908e-03 1.07448231e-03
6.61003279e-02 3.63717042e-03 1.00663597e-03
6.65083205e-02 3.84584773e-03 1.02388727e-03
6.69163124e-02 4.35002020e-03 1.01956298e-03
6.73243036e-02 4.16595823e-03 1.04392942e-03
6.77322943e-02 2.78790739e-03 1.01403129e-03
6.81402842e-02 5.23100006e-03 1.04627164e-03
6.85482736e-02 3.64879192e-03 1.04525844e-03
6.89562623e-02 3.78277391e-03 9.85528636e-04
6.93642503e-02 2.66493394e-03 9.70386794e-04
6.97722377e-02 3.56458191e-03 9.96493884e-04
7.01802244e-02 3.42058536e-03 9.53389811e-04
7.05882105e-02 3.93161365e-03 1.01216050e-03
7.09961958e-02 5.36672068e-03 9.64066361e-04
7.14041805e-02 1.91604224e-03 9.44991837e-04
7.18121646e-02 2.07704717e-03 9.48467770e-04
7.22201479e-02 3.54630178e-03 9.42914930e-04
7.26281306e-02 2.38275574e-03 9.85914625e-04
7.30361126e-02 2.71558133e-03 9.50192482e-04
7.34440938e-02 3.64578165e-03 9.65821775e-04
7.38520744e-02 2.83887235e-03 9.31735949e-04
7.42600543e-02 3.15347263e-03 9.48226301e-04
7.46680335e-02 3.96072940e-03 9.41330734e-04
7.50760119e-02 3.04693058e-03 9.66274991e-04
7.54839897e-02 3.14686766e-03 9.79482544e-04
7.58919667e-02 3.16557622e-03 9.45396548e-04
7.62999431e-02 2.09977817e-03 9.31085047e-04
7.67079187e-02 2.42611511e-03 9.75324045e-04
7.71158935e-02 2.16435555e-03 9.23032688e-04
7.75238677e-02 2.70143130e-03 9.30058479e-04
7.79318411e-02 2.81326217e-03 8.89576890e-04
7.83398137e-02 2.17866974e-03 9.12089824e-04
7.87477857e-02 1.48559219e-03 8.78393555e-04
7.91557568e-02 1.80719904e-03 9.81308515e-04
7.95637273e-02 3.34722950e-03 9.04507141e-04
7.99716969e-02 2.18504956e-03 8.62296210e-04
8.03796658e-02 1.84787621e-03 9.13795004e-04
8.07876340e-02 3.38756260e-03 9.27154474e-04
8.11956014e-02 3.43669580e-03 9.16623928e-04
8.16035680e-02 2.56247946e-03 8.96254050e-04
8.20115338e-02 2.99535369e-03 8.71623156e-04
8.24194989e-02 3.60280409e-03 8.77525041e-04
8.28274631e-02 2.79241478e-03 8.57859628e-04
8.32354266e-02 4.02769310e-03 9.24365410e-04
8.36433893e-02 2.72955050e-03 8.69462711e-04
8.40513512e-02 3.03555676e-03 8.81789897e-04
8.44593123e-02 2.23702248e-03 8.68505466e-04
8.48672727e-02 2.29350279e-03 8.56652524e-04
8.52752322e-02 2.20257355e-03 8.50209522e-04
8.56831909e-02 3.09446519e-03 8.66081540e-04
8.60911487e-02 2.87060962e-03 8.52018954e-04
8.64991058e-02 3.89325310e-03 8.55162524e-04
8.69070620e-02 2.80474679e-03 8.65553567e-04
8.73150175e-02 3.80624073e-03 8.67483298e-04
8.77229721e-02 3.16954109e-03 8.48072395e-04
8.81309258e-02 3.24651681e-03 8.59728777e-04
8.85388787e-02 2.26821633e-03 8.51985122e-04
8.89468308e-02 4.14872309e-03 8.40033376e-04
8.93547821e-02 2.04793038e-03 8.23281379e-04
8.97627325e-02 2.89292227e-03 8.48205072e-04
9.01706820e-02 2.71071200e-03 8.34180916e-04
9.05786307e-02 4.05328878e-03 8.41957117e-04
9.09865785e-02 8.19115495e-04 8.08758935e-04
9.13945255e-02 3.04114450e-03 8.57383734e-04
9.18024716e-02 1.85839027e-03 7.87121690e-04
9.22104168e-02 1.98936785e-03 7.94956175e-04
9.26183611e-02 3.47542375e-03 8.29518945e-04
9.30263046e-02 2.54657565e-03 8.19515949e-04
9.34342472e-02 5.24058139e-03 8.76570524e-04
9.38421889e-02 2.19695813e-03 8.25432175e-04
9.42501297e-02 1.96368457e-03 8.20433629e-04
9.46580696e-02 2.83469064e-03 8.23810639e-04
9.50660087e-02 2.74105642e-03 8.08424614e-04
9.54739468e-02 2.69408461e-03 7.95774472e-04
9.58818840e-02 1.69121744e-03 8.08861174e-04
9.62898203e-02 2.08510696e-03 7.97351172e-04
9.66977557e-02 3.06341923e-03 8.19239871e-04
9.71056902e-02 1.56758586e-03 7.97047721e-04
9.75136237e-02 1.26661618e-03 7.83909209e-04
9.79215564e-02 2.21016886e-03 7.98177397e-04
9.83294881e-02 2.66020165e-03 8.20789008e-04
9.87374188e-02 3.30073336e-03 8.14076810e-04
9.91453487e-02 2.06346361e-03 8.02061136e-04
9.95532775e-02 2.86376299e-03 8.05599165e-04
9.99612055e-02 7.01699853e-04 7.95239041e-04
1.00369132e-01 2.83305535e-03 8.01020382e-04
1.00777059e-01 3.35240365e-03 7.94172421e-04
1.01184984e-01 1.39402567e-03 7.91288095e-04
1.01592908e-01 1.46972722e-03 7.70051657e-04
1.02000831e-01 1.91573990e-03 7.72035829e-04
1.02408753e-01 2.34077753e-03 7.56365672e-04
1.02816674e-01 2.58454761e-03 7.47025873e-04
1.03224595e-01 2.80383675e-03 7.69582738e-04
1.03632514e-01 2.54615154e-03 7.65428469e-04
1.04040432e-01 2.35625660e-03 7.54401089e-04
1.04448349e-01 1.11961537e-03 7.62678786e-04
1.04856266e-01 2.75907377e-03 7.74111205e-04
1.05264181e-01 2.09335885e-03 7.53676240e-04
1.05672095e-01 -1.01290411e-04 7.09032269e-04
1.06080009e-01 3.06357104e-03 7.47514294e-04
1.06487921e-01 2.10706256e-03 7.33153938e-04
1.06895832e-01 2.85944163e-03 7.48303803e-04
1.07303743e-01 2.17395653e-03 7.59014933e-04
1.07711652e-01 2.26539750e-03 7.44455789e-04
1.08119560e-01 7.92566024e-04 7.52456603e-04
1.08527467e-01 1.27555247e-03 7.49797837e-04
1.08935374e-01 1.48065647e-03 7.41076120e-04
1.09343279e-01 3.32812307e-03 7.64660675e-04
1.09751183e-01 2.16534177e-03 7.44740446e-04
1.10159086e-01 8.93735262e-04 7.21362388e-04
1.10566988e-01 1.52537897e-03 7.26501812e-04
1.10974889e-01 2.27687495e-04 7.11304985e-04
1.11382789e-01 2.69579296e-03 7.47767001e-04
1.11790688e-01 1.02140489e-03 7.20331356e-04
1.12198586e-01 9.76728718e-04 7.25201040e-04
1.12606482e-01 1.29446604e-03 7.29628715e-04
1.13014378e-01 9.82595000e-04 7.30275370e-04
1.13422273e-01 1.57008456e-03 7.39208990e-04
1.13830166e-01 1.48849113e-03 7.48811773e-04
1.14238059e-01 1.31803742e-03 7.60849248e-04
1.14645950e-01 9.90215476e-04 7.55370057e-04
1.15053840e-01 1.39719545e-03 7.56952543e-04
1.15461730e-01 2.08850180e-03 7.45547248e-04
1.15869618e-01 1.98437156e-03 7.53552440e-04
1.16277505e-01 7.57528764e-04 7.43059108e-04
1.16685391e-01 9.04651721e-04 7.35839136e-04
1.17093275e-01 1.52489089e-03 7.59988199e-04
1.17501159e-01 1.10414935e-03 7.56689313e-04
1.17909042e-01 1.79808244e-03 7.51252189e-04
1.18316923e-01 3.88468746e-04 7.20553519e-04
1.18724803e-01 1.09536804e-03 7.29176459e-04
1.19132683e-01 1.21616090e-03 7.07824297e-04
1.19540561e-01 9.72892496e-04 7.00021364e-04
1.19948438e-01 2.00952352e-03 7.28058260e-04
1.20356313e-01 1.16581398e-03 6.96823864e-04
1.20764188e-01 6.09907755e-04 6.97347151e-04
1.21172062e-01 2.76895859e-03 7.19757922e-04
1.21579934e-01 9.89088241e-04 6.99230226e-04
1.21987805e-01 8.66703311e-04 6.87846361e-04
1.22395675e-01 1.77174845e-03 6.69659523e-04
1.22803544e-01 9.36260331e-04 6.88790395e-04
1.23211412e-01 3.14314484e-04 6.67092829e-04
1.23619278e-01 6.90986448e-04 6.91856064e-04
1.24027144e-01 3.99119419e-04 6.77897197e-04
1.24435008e-01 1.06234298e-03 6.56384476e-04
1.24842871e-01 7.74077229e-04 6.85138589e-04
1.25250733e-01 8.60107407e-05 6.75830629e-04
1.25658594e-01 1.13923146e-03 6.91839771e-04
1.26066453e-01 2.20319144e-03 6.90665271e-04
1.26474311e-01 1.35686839e-03 6.88300125e-04
1.26882168e-01 4.70008183e-04 6.84150076e-04
1.27290024e-01 1.77522804e-03 6.50703074e-04
1.27697879e-01 2.57120399e-03 6.69737998e-04
1.28105732e-01 1.78542325e-03 6.76562285e-04
1.28513585e-01 2.74718254e-04 6.69359469e-04
1.28921436e-01 6.87413346e-04 6.68012295e-04
1.29329285e-01 3.44946979e-04 6.54055474e-04
1.29737134e-01 2.12639624e-04 6.83725483e-04
1.30144981e-01 7.61374215e-04 6.56929005e-04
1.30552828e-01 4.26334248e-04 6.73529657e-04
1.30960672e-01 1.09426387e-03 6.54539628e-04
1.31368516e-01 1.31889388e-03 6.56328547e-04
1.31776358e-01 2.96913278e-04 6.58251395e-04
1.32184200e-01 3.14084813e-04 6.47318011e-04
1.32592039e-01 1.48526456e-03 6.60005931e-04
1.32999878e-01 1.50359016e-03 6.51846614e-04
1.33407715e-01 9.68655041e-04 6.51208389e-04
1.33815552e-01 5.53743925e-04 6.53481957e-04
1.34223386e-01 5.16917609e-04 6.57569468e-04
1.34631220e-01 1.28999895e-03 6.24543581e-04
1.35039052e-01 2.43568481e-03 6.63903605e-04
1.35446883e-01 1.35314703e-03 6.35747803e-04
1.35854713e-01 2.40796997e-04 6.40778146e-04
1.36262541e-01 1.59521510e-03 6.51011542e-04
1.36670368e-01 1.32367827e-03 6.27616858e-04
1.37078194e-01 1.05937724e-03 6.34119738e-04
1.37486019e-01 4.52201815e-04 6.40358657e-04
1.37893842e-01 6.44269214e-04 6.50083763e-04
1.38301664e-01 1.31082741e-03 6.47263998e-04
1.38709485e-01 1.06254407e-04 6.17375098e-04
1.39117304e-01 7.28073518e-04 6.46612872e-04
1.39525122e-01 9.73380281e-04 6.25979504e-04
1.39932939e-01 3.71302135e-04 6.29089370e-04
1.40340754e-01 7.09389182e-04 6.29878910e-04
1.40748568e-01 -7.80281518e-04 6.13264025e-04
1.41156381e-01 7.95319430e-05 6.13692753e-04
1.41564192e-01 1.33028390e-03 6.11906503e-04
1.41972002e-01 7.58392542e-04 6.18977761e-04
1.42379811e-01 9.99635638e-04 6.34295130e-04
1.42787618e-01 9.24212572e-04 6.29537815e-04
1.43195424e-01 8.58157408e-04 6.28498737e-04
1.43603228e-01 3.79713370e-04 6.25596557e-04
1.44011032e-01 1.01906086e-03 6.47827126e-04
1.44418833e-01 2.92108699e-04 6.33924190e-04
1.44826634e-01 5.36540473e-04 6.39915960e-04
1.45234433e-01 4.05338853e-04 6.26522316e-04
1.45642231e-01 1.60316564e-04 6.29327850e-04
1.46050027e-01 2.80740314e-04 6.27633195e-04
1.46457822e-01 1.26059160e-03 6.47487142e-04
1.46865616e-01 7.50949681e-04 6.29151455e-04
1.47273408e-01 1.83125328e-03 6.52282954e-04
1.47681199e-01 9.96163539e-04 6.25419953e-04
1.48088988e-01 5.05529861e-04 6.33838820e-04
1.48496776e-01 -5.34902814e-05 6.45811556e-04
1.48904563e-01 8.79223588e-04 6.40804650e-04
1.49312348e-01 9.83029673e-04 6.32216186e-04
1.49720132e-01 5.19330892e-04 6.09468699e-04
1.50127914e-01 -1.05907764e-04 6.06961652e-04
1.50535695e-01 8.58585078e-04 6.18901495e-04
1.50943474e-01 -1.39999364e-04 5.89477803e-04
1.51351252e-01 4.13840281e-04 5.92952314e-04
1.51759029e-01 -2.48009204e-04 6.05457478e-04
1.52166804e-01 4.24927533e-04 6.11756782e-04
1.52574578e-01 8.45275480e-04 5.96438291e-04
1.52982350e-01 -1.66994665e-05 5.90813824e-04
1.53390121e-01 1.25361620e-03 6.15610269e-04
1.53797890e-01 3.69525353e-05 5.77898673e-04
1.54205658e-01 5.36845357e-04 5.86175457e-04
1.54613425e-01 7.43847890e-05 6.20201410e-04
1.55021190e-01 -3.22064590e-04 6.06242566e-04
1.55428953e-01 -4.24391278e-04 5.90046785e-04
1.55836716e-01 7.01634934e-04 5.99496841e-04
1.56244476e-01 5.51056227e-05 5.80148541e-04
1.56652235e-01 1.48983871e-04 5.91017275e-04
1.57059993e-01 3.34710820e-04 5.87361390e-04
1.57467749e-01 5.69045795e-04 5.91353964e-04
1.57875504e-01 7.56352517e-04 5.98125344e-04
1.58283257e-01 1.60366983e-04 5.85641375e-04
1.58691008e-01 -4.82465633e-05 5.70678584e-04
1.59098758e-01 7.32771356e-04 5.72759227e-04
1.59506507e-01 3.02056873e-05 5.59942436e-04
1.59914254e-01 1.24075599e-03 5.92066233e-04
1.60322000e-01 2.31917553e-04 5.77526251e-04
1.60729744e-01 7.96043619e-04 5.73775536e-04
1.61137486e-01 7.50795762e-04 5.76820122e-04
1.61545228e-01 9.69182316e-04 5.78423059e-04
1.61952967e-01 -1.22776344e-04 5.59167147e-04
1.62360705e-01 6.10302985e-04 5.68287094e-04
1.62768441e-01 -1.40954982e-05 5.62703330e-04
1.63176176e-01 4.07465201e-04 5.78196646e-04
1.63583910e-01 9.27095414e-04 5.68292793e-04
1.63991641e-01 8.64521579e-04 5.74841553e-04
1.64399372e-01 2.87040268e-04 5.79786199e-04
1.64807100e-01 -2.43211574e-04 5.68702550e-04
1.65214827e-01 -4.60232025e-04 5.69110490e-04
1.65622553e-01 8.55404528e-04 5.63695014e-04
1.66030277e-01 1.36482866e-05 5.59267532e-04
1.66437999e-01 -2.15970700e-04 5.60146010e-04
1.66845720e-01 3.53893368e-04 5.74759253e-04
1.67253439e-01 3.26224585e-04 5.62886429e-04
1.67661157e-01 2.11952139e-04 5.60838554e-04
1.68068873e-01 1.11178877e-03 5.49382967e-04
1.68476588e-01 6.95139886e-04 5.60874905e-04
1.68884301e-01 8.93523925e-04 5.63907566e-04
1.69292012e-01 -5.42328222e-04 5.56304838e-04
1.69699721e-01 1.32400429e-05 5.58524280e-04
1.70107430e-01 -2.95360561e-04 5.58458314e-04
1.70515136e-01 -2.42495715e-04 5.46902339e-04
1.70922841e-01 4.25868121e-04 5.51965592e-04
1.71330544e-01 3.47449032e-04 5.39729203e-04
1.71738246e-01 4.76241283e-04 5.54603004e-04
1.72145946e-01 1.40882906e-03 5.46878379e-04
1.72553644e-01 9.25183074e-04 5.58618882e-04
1.72961341e-01 4.24184445e-04 5.47804410e-04
1.73369036e-01 6.88610687e-05 5.43612036e-04
1.73776729e-01 4.53374167e-04 5.53189536e-04
1.74184421e-01 -3.35989073e-04 5.44868360e-04
1.74592111e-01 -3.94599199e-04 5.39597752e-04
1.74999799e-01 -4.44371260e-04 5.38827428e-04
1.75407486e-01 -8.68170994e-04 5.30205557e-04
1.75815171e-01 2.41737220e-04 5.41202785e-04
1.76222855e-01 2.20512293e-04 5.29921951e-04
1.76630537e-01 6.86696280e-04 5.53845796e-04
1.77038217e-01 1.26307203e-03 5.33405156e-04
1.77445895e-01 1.01176022e-03 5.37401481e-04
1.77853572e-01 9.52426511e-04 5.35232681e-04
1.78261247e-01 1.92998009e-03 5.43635293e-04
1.78668921e-01 5.10785967e-04 5.28772721e-04
1.79076592e-01 7.77172916e-04 5.22654482e-04
1.79484262e-01 3.48565776e-05 5.23904500e-04
1.79891931e-01 1.30606364e-05 5.21881396e-04
1.80299597e-01 -5.52975174e-04 5.21552640e-04
1.80707262e-01 7.15654092e-04 5.43034135e-04
1.81114925e-01 -8.02207271e-04 5.25626883e-04
1.81522587e-01 9.08857402e-04 5.27127441e-04
1.81930247e-01 2.78080485e-04 5.23998529e-04
1.82337905e-01 -5.28040280e-04 5.22602159e-04
1.82745561e-01 6.96782958e-06 5.24360896e-04
1.83153215e-01 8.46378427e-05 5.25354970e-04
1.83560868e-01 9.55242668e-05 5.26255597e-04
1.83968519e-01 1.43152823e-04 5.24191075e-04
1.84376169e-01 -2.01418550e-04 5.20882661e-04
1.84783816e-01 -2.36275378e-04 5.13389371e-04
1.85191462e-01 8.72100437e-04 5.16882430e-04
1.85599106e-01 9.07898365e-04 5.27108231e-04
1.86006749e-01 -4.17441082e-04 5.16367261e-04
1.86414389e-01 -3.65136934e-04 5.16549329e-04
1.86822028e-01 1.44598112e-04 5.21194081e-04
1.87229665e-01 -4.60709314e-04 5.17411533e-04
1.87637300e-01 8.11648485e-04 5.12135198e-04
1.88044934e-01 2.25232917e-04 5.08146049e-04
1.88452566e-01 1.01404900e-04 5.10692351e-04
1.88860195e-01 9.10490758e-05 5.08022813e-04
1.89267824e-01 9.27740543e-04 5.09033127e-04
1.89675450e-01 7.73232052e-05 4.93486266e-04
1.90083074e-01 -7.96465479e-04 4.93379723e-04
1.90490697e-01 3.19195815e-05 5.14158384e-04
1.90898318e-01 1.07269109e-03 5.08041310e-04
1.91305937e-01 9.70805049e-04 5.05348788e-04
1.91713555e-01 1.38999255e-03 5.02423013e-04
1.92121170e-01 5.57771349e-04 5.09071572e-04
1.92528784e-01 2.12902270e-04 5.12598786e-04
1.92936396e-01 1.96466545e-04 5.06611148e-04
1.93344006e-01 5.78195706e-04 5.08108080e-04
1.93751614e-01 2.50430072e-04 5.03868101e-04
1.94159220e-01 3.42941412e-04 4.92680715e-04
1.94566825e-01 7.30900388e-04 4.97151688e-04
1.94974427e-01 -7.07990006e-04 4.92900607e-04
1.95382028e-01 7.09127606e-04 5.04391095e-04
1.95789627e-01 1.99923408e-04 5.05981139e-04
1.96197224e-01 1.20340327e-03 5.02897220e-04
1.96604820e-01 5.37752235e-04 4.96602258e-04
1.97012413e-01 9.47828024e-04 5.03023352e-04
1.97420005e-01 -3.18160914e-04 5.05013804e-04
1.97827594e-01 7.49780820e-04 5.10148565e-04
1.98235182e-01 1.20512272e-03 5.07643841e-04
1.98642768e-01 -3.67046531e-04 5.07837659e-04
1.99050352e-01 9.97654769e-04 5.04364046e-04
1.99457934e-01 -2.06125454e-04 5.04114304e-04
1.99865514e-01 -1.31890457e-04 5.07045899e-04
2.00273093e-01 -1.14601475e-04 4.93236956e-04
2.00680669e-01 1.29278022e-04 5.12384329e-04
2.01088244e-01 -3.38790458e-04 5.05967362e-04
2.01495816e-01 5.16826201e-04 5.19533633e-04
2.01903387e-01 2.67886618e-04 5.03444936e-04
2.02310956e-01 3.10411636e-04 5.10615509e-04
2.02718523e-01 2.42602246e-04 5.05095741e-04
2.03126088e-01 -6.64341802e-04 5.02088964e-04
2.03533651e-01 7.31259484e-04 5.22323898e-04
2.03941212e-01 5.43610531e-04 5.14168469e-04
2.04348771e-01 1.02081007e-04 5.01260266e-04
2.04756329e-01 7.90446404e-04 4.97205276e-04
2.05163884e-01 5.89374401e-04 5.04001272e-04
2.05571438e-01 1.91506953e-04 5.00853291e-04
2.05978989e-01 -3.77185680e-04 4.90438969e-04
2.06386539e-01 5.89565980e-04 4.94683096e-04
2.06794086e-01 9.32404255e-04 4.98976571e-04
2.07201632e-01 -3.67984835e-04 4.98639953e-04
2.07609175e-01 3.82529230e-04 4.90455025e-04
2.08016717e-01 6.29809061e-04 4.89824788e-04
2.08424257e-01 7.77158697e-04 4.92792093e-04
2.08831794e-01 4.58878459e-04 4.90940492e-04
2.09239330e-01 1.45679982e-03 4.76400887e-04
2.09646864e-01 3.65605323e-04 4.89472773e-04
2.10054396e-01 9.06085165e-05 4.76634031e-04
2.10461925e-01 1.11689362e-04 4.77835028e-04
2.10869453e-01 6.67135225e-04 4.94419343e-04
2.11276979e-01 5.17064981e-04 4.70601013e-04
2.11684503e-01 8.57478077e-04 4.82057802e-04
2.12092025e-01 1.07258169e-03 4.88463773e-04
2.12499544e-01 7.29543982e-05 4.80638785e-04
2.12907062e-01 1.03133559e-03 4.79969229e-04
2.13314578e-01 9.96238695e-04 4.87906230e-04
2.13722092e-01 -3.56589136e-04 4.67870327e-04
2.14129603e-01 1.38270527e-04 4.81172031e-04
2.14537113e-01 1.76936302e-04 4.72052752e-04
2.14944621e-01 -7.70212437e-05 4.77433536e-04
2.15352126e-01 -4.10320182e-04 4.71302496e-04
2.15759630e-01 1.53847301e-04 4.81136009e-04
2.16167131e-01 1.80578879e-04 4.78837354e-04
2.16574631e-01 6.21775595e-04 4.74683342e-04
2.16982128e-01 -3.25941727e-04 4.74859400e-04
2.17389624e-01 -6.53318386e-04 4.78452887e-04
2.17797117e-01 -2.24267571e-04 4.70606422e-04
2.18204608e-01 -1.24599208e-04 4.66474316e-04
2.18612098e-01 7.50412551e-04 4.67374159e-04
2.19019585e-01 -1.98884079e-05 4.59078894e-04
2.19427070e-01 9.78689987e-05 4.62470415e-04
2.19834553e-01 3.82617023e-04 4.70071675e-04
2.20242034e-01 5.45476450e-04 4.62921685e-04
2.20649512e-01 5.01511155e-04 4.68570572e-04
2.21056989e-01 9.11404866e-04 4.71925268e-04
2.21464464e-01 8.06646081e-04 4.61666502e-04
2.21871936e-01 5.16423347e-04 4.68092141e-04
2.22279407e-01 -4.55547985e-04 4.58424588e-04
2.22686875e-01 1.34270202e-04 4.64248592e-04
2.23094341e-01 -8.13572492e-05 4.55263331e-04
2.23501805e-01 3.44790569e-04 4.53065282e-04
2.23909267e-01 5.81478014e-04 4.64579867e-04
2.24316727e-01 -3.77353533e-04 4.60123264e-04
2.24724185e-01 2.83298572e-04 4.62278368e-04
2.25131641e-01 -2.59008622e-04 4.56070195e-04
2.25539094e-01 3.19723897e-04 4.45919291e-04
2.25946545e-01 -2.96399724e-05 4.62956117e-04
2.26353995e-01 -1.50722136e-04 4.58073913e-04
2.26761442e-01 -4.20592718e-05 4.62725096e-04
2.27168887e-01 4.49374007e-05 4.55291855e-04
2.27576329e-01 2.24845178e-04 4.54173934e-04
2.27983770e-01 3.17635373e-04 4.54493203e-04
2.28391208e-01 9.38374307e-04 4.56743468e-04
2.28798645e-01 5.90344767e-04 4.55930611e-04
2.29206079e-01 -1.94727894e-04 4.54459611e-04
2.29613511e-01 3.37731537e-04 4.62309807e-04
2.30020941e-01 7.40877887e-04 4.55307553e-04
2.30428368e-01 2.47267143e-04 4.70384457e-04
2.30835794e-01 2.03925738e-04 4.54221787e-04
2.31243217e-01 2.56595678e-04 4.64638696e-04
2.31650638e-01 6.18933756e-04 4.63617504e-04
2.32058057e-01 -2.35424376e-04 4.60682201e-04
2.32465473e-01 -2.98979481e-05 4.63517053e-04
2.32872888e-01 -3.67264450e-04 4.62900888e-04
2.33280300e-01 3.75496576e-04 4.68179550e-04
2.33687710e-01 5.84584955e-04 4.67465481e-04
2.34095118e-01 3.39364592e-05 4.66110058e-04
2.34502524e-01 2.62550089e-04 4.54002296e-04
2.34909927e-01 1.02358956e-03 4.67464866e-04
2.35317328e-01 2.22636400e-04 4.60614154e-04
2.35724727e-01 -3.72182079e-04 4.71371315e-04
2.36132124e-01 3.11280003e-05 4.54206933e-04
2.36539518e-01 3.35155353e-06 4.47541086e-04
2.36946911e-01 -7.23344708e-04 4.46232379e-04
2.37354301e-01 -5.20039540e-04 4.49427775e-04
2.37761688e-01 4.34896061e-04 4.62465836e-04
2.38169074e-01 -3.70903925e-04 4.50627743e-04
2.38576457e-01 7.25923182e-04 4.41971283e-04
2.38983838e-01 6.48616369e-04 4.60307338e-04
2.39391217e-01 1.57797177e-04 4.44043540e-04
2.39798593e-01 -5.42602241e-04 4.44676207e-04
2.40205967e-01 -1.47373201e-04 4.52059119e-04
2.40613339e-01 6.38469540e-04 4.47315794e-04
2.41020709e-01 -4.57568829e-04 4.45703281e-04
2.41428076e-01 3.78435565e-04 4.44841798e-04
2.41835441e-01 9.75182304e-04 4.50000088e-04
2.42242804e-01 1.07895286e-03 4.50516772e-04
2.42650165e-01 -6.48532645e-05 4.40720138e-04
2.43057523e-01 3.66198605e-04 4.48296482e-04
2.43464879e-01 -3.14157155e-04 4.44386808e-04
2.43872232e-01 7.05703488e-04 4.36308367e-04
2.44279584e-01 6.06561194e-04 4.33561712e-04
2.44686933e-01 -4.59673882e-04 4.22546025e-04
2.45094279e-01 -2.90123830e-04 4.25556156e-04
2.45501624e-01 6.49785209e-05 4.34560616e-04
2.45908966e-01 3.31978778e-05 4.36798418e-04
2.46316305e-01 -1.26803659e-04 4.28285582e-04
2.46723643e-01 4.53859088e-04 4.41613494e-04
2.47130978e-01 5.61780045e-05 4.32879537e-04
2.47538310e-01 1.41201618e-04 4.31904574e-04
2.47945641e-01 6.54017780e-05 4.36589477e-04
2.48352969e-01 4.46275313e-04 4.31759672e-04
2.48760294e-01 -2.15785445e-04 4.28347044e-04
2.49167618e-01 1.52580353e-04 4.30093505e-04
2.49574939e-01 5.29543177e-04 4.38645291e-04
2.49982257e-01 4.84708875e-04 4.34031884e-04
2.50389573e-01 2.47197971e-05 4.26554145e-04
2.50796887e-01 2.89835965e-04 4.32189655e-04
2.51204199e-01 3.51584669e-04 4.21322821e-04
2.51611508e-01 1.02176100e-03 4.29139798e-04
2.52018815e-01 1.34743517e-03 4.33947295e-04
2.52426119e-01 6.44194890e-04 4.28164360e-04
2.52833421e-01 -1.07217892e-04 4.34474249e-04
2.53240720e-01 2.94766087e-04 4.33310447e-04
2.53648017e-01 2.95043176e-04 4.30909952e-04
2.54055312e-01 -5.96958508e-05 4.27235234e-04
2.54462605e-01 3.06675459e-04 4.32379550e-04
2.54869894e-01 1.89027850e-04 4.27912754e-04
2.55277182e-01 2.87977272e-04 4.23908293e-04
2.55684467e-01 4.96446385e-04 4.31479424e-04
2.56091750e-01 -1.44319722e-04 4.13921462e-04
2.56499030e-01 9.36463567e-04 4.26665084e-04
2.56906308e-01 6.24011055e-04 4.24456173e-04
2.57313583e-01 4.16816258e-06 4.30360716e-04
2.57720856e-01 3.82405787e-04 4.20603294e-04
2.58128127e-01 -2.41131104e-04 4.16267871e-04
2.58535395e-01 4.77957007e-04 4.16333545e-04
2.58942661e-01 8.17321233e-06 4.14092469e-04
2.59349924e-01 7.51222841e-05 4.10792193e-04
2.59757184e-01 4.52464347e-05 4.16702372e-04
2.60164443e-01 4.49188479e-04 4.22723127e-04
2.60571699e-01 3.32790889e-04 4.21069903e-04
2.60978952e-01 1.40935350e-04 4.12117634e-04
2.61386203e-01 3.85153106e-04 4.22927210e-04
2.61793451e-01 6.32881026e-04 4.19485725e-04
2.62200697e-01 1.76064237e-04 4.19383258e-04
2.62607941e-01 7.66892520e-04 4.22289852e-04
2.63015182e-01 4.05621397e-04 4.14615600e-04
2.63422420e-01 1.45083479e-04 4.11288502e-04
2.63829656e-01 -2.06503348e-04 4.02376336e-04
2.64236890e-01 8.65983700e-05 4.15767996e-04
2.64644121e-01 1.68588371e-04 4.10560718e-04
2.65051349e-01 4.90828644e-04 4.11841652e-04
2.65458575e-01 2.07327940e-04 4.04600283e-04
2.65865799e-01 -1.16203744e-04 4.10128850e-04
2.66273019e-01 4.27857936e-04 4.03526079e-04
2.66680238e-01 3.04118435e-04 4.12041046e-04
2.67087454e-01 -1.81254525e-04 4.05746382e-04
2.67494667e-01 -1.16301851e-04 4.09673365e-04
2.67901878e-01 3.73137946e-04 4.13097107e-04
2.68309086e-01 2.62873613e-04 4.05407846e-04
2.68716292e-01 4.14718243e-04 4.00645538e-04
2.69123495e-01 7.32090343e-04 4.13236779e-04
2.69530696e-01 9.46263031e-04 4.10769239e-04
2.69937894e-01 -4.69384559e-04 3.98107847e-04
2.70345090e-01 8.21597924e-04 4.09338606e-04
2.70752283e-01 5.71028012e-04 4.06916067e-04
2.71159473e-01 2.48027057e-04 4.03123027e-04
2.71566661e-01 2.69838501e-04 4.08106490e-04
2.71973847e-01 8.56354202e-04 4.11580090e-04
2.72381030e-01 -1.54130579e-04 4.05431523e-04
2.72788210e-01 1.03286452e-03 4.07035138e-04
2.73195387e-01 -4.16577111e-04 4.03511597e-04
2.73602562e-01 -1.54855648e-04 4.04988174e-04
2.74009735e-01 2.04804902e-04 4.00875498e-04
2.74416905e-01 6.88377112e-04 3.99633955e-04
2.74824072e-01 1.42117157e-04 3.95386596e-04
2.75231237e-01 2.77700144e-04 3.98236398e-04
2.75638399e-01 5.68226902e-04 3.94712487e-04
2.76045558e-01 1.27883869e-04 3.96447230e-04
2.76452715e-01 4.94279274e-04 4.05740293e-04
2.76859869e-01 4.77141738e-04 4.01591195e-04
2.77267021e-01 -4.97212164e-04 3.95451266e-04
2.77674170e-01 2.10498161e-04 3.95695103e-04
2.78081316e-01 9.19904346e-04 4.03333624e-04
2.78488460e-01 3.23552968e-04 4.03636137e-04
2.78895601e-01 4.00715216e-04 3.98816478e-04
2.79302740e-01 6.12620162e-04 4.05202689e-04
2.79709875e-01 7.18422398e-04 3.93269669e-04
2.80117009e-01 -9.98902442e-05 3.94860666e-04
2.80524139e-01 -2.02588208e-04 3.90472511e-04
2.80931267e-01 -1.69759621e-04 4.05593649e-04
2.81338392e-01 4.08079870e-04 3.98681551e-04
2.81745515e-01 4.63035926e-04 3.95300861e-04
2.82152635e-01 4.97200929e-04 3.96825212e-04
2.82559752e-01 4.69004746e-04 3.84763222e-04
2.82966866e-01 -2.22589661e-05 3.86574521e-04
2.83373978e-01 -3.69921693e-04 3.86844601e-04
2.83781088e-01 6.82761344e-04 3.98528430e-04
2.84188194e-01 5.91422787e-04 3.98396253e-04
2.84595298e-01 6.94798480e-04 3.99355856e-04
2.85002399e-01 2.45789239e-04 3.93165079e-04
2.85409497e-01 -2.26426992e-04 3.93283086e-04
2.85816593e-01 -1.68299885e-04 3.92392206e-04
2.86223686e-01 3.27624553e-04 3.99581095e-04
2.86630777e-01 -1.73672715e-04 3.90116333e-04
2.87037864e-01 -3.04110572e-04 3.97582265e-04
2.87444949e-01 -1.60465950e-04 3.98531783e-04
2.87852031e-01 2.81390329e-04 3.96078662e-04
2.88259111e-01 2.50182541e-04 4.06202749e-04
2.88666188e-01 8.71492239e-04 3.99761165e-04
2.89073262e-01 2.74482481e-04 3.97172249e-04
2.89480333e-01 6.44317905e-05 3.95403666e-04
2.89887401e-01 -3.26556859e-05 3.94934081e-04
2.90294467e-01 -4.48843761e-04 3.92697346e-04
2.90701530e-01 1.97823619e-04 3.96999130e-04
2.91108591e-01 -5.73554777e-04 3.97066221e-04
2.91515648e-01 -5.22548043e-05 3.88255276e-04
2.91922703e-01 2.57768344e-04 3.98117401e-04
2.92329755e-01 -1.91019416e-04 3.87698069e-04
2.92736804e-01 -6.03005274e-05 3.84795504e-04
2.93143851e-01 -1.85967053e-05 3.94139854e-04
2.93550895e-01 6.47678142e-04 3.86513276e-04
2.93957936e-01 -5.70721421e-07 3.90441122e-04
2.94364974e-01 2.34106463e-04 3.89318245e-04
2.94772009e-01 2.96859416e-04 3.96587084e-04
2.95179042e-01 9.30057428e-04 3.96054515e-04
2.95586072e-01 -2.84239831e-04 3.94998419e-04
2.95993099e-01 7.99232027e-04 3.96833443e-04
2.96400123e-01 1.67697761e-04 3.85727212e-04
2.96807145e-01 8.21198247e-04 3.91652232e-04
2.97214163e-01 -7.14135174e-04 3.93308076e-04
2.97621179e-01 6.60884001e-04 3.93659395e-04
2.98028192e-01 5.66472194e-04 3.96802544e-04
2.98435202e-01 4.39753119e-04 3.91073395e-04
2.98842210e-01 5.35924149e-04 3.89428556e-04
2.99249214e-01 6.41455442e-04 3.97588897e-04
2.99656216e-01 -3.45367447e-04 3.91936482e-04
3.00063215e-01 3.95313575e-05 3.91677576e-04
3.00470211e-01 4.77320482e-05 3.87490745e-04
3.00877204e-01 3.76331883e-04 3.99886558e-04
3.01284194e-01 -1.49378360e-04 3.94143314e-04
3.01691182e-01 2.91616214e-04 3.98168805e-04
3.02098167e-01 3.86929691e-04 4.00457194e-04
3.02505149e-01 1.42789694e-04 3.90610819e-04
3.02912128e-01 -2.77649819e-04 3.94691321e-04
3.03319104e-01 -2.11777072e-04 3.89069732e-04
3.03726077e-01 -5.36969840e-05 3.91527724e-04
3.04133047e-01 6.16822813e-04 3.92989518e-04
3.04540015e-01 -3.03762938e-04 3.91965816e-04
3.04946979e-01 3.57926786e-04 3.89858497e-04
3.05353941e-01 5.06506880e-04 3.89455158e-04
3.05760900e-01 9.11853101e-05 3.89520250e-04
3.06167856e-01 3.17694837e-04 3.90040542e-04
3.06574809e-01 -6.32913683e-04 3.85761280e-04
3.06981759e-01 -2.54382319e-04 3.84901899e-04
3.07388706e-01 5.15323463e-04 3.98362406e-04
3.07795651e-01 2.56186778e-04 3.99282196e-04
3.08202592e-01 1.02729226e-04 3.87384260e-04
3.08609531e-01 5.23619681e-04 3.89586133e-04
3.09016466e-01 5.51150405e-04 3.97036438e-04
3.09423399e-01 1.29413609e-05 3.98590232e-04
3.09830329e-01 8.01571390e-05 3.97719160e-04
3.10237256e-01 4.69438327e-04 3.98375329e-04
3.10644180e-01 6.33620039e-04 3.94705149e-04
3.11051101e-01 1.60909061e-05 4.00268563e-04
3.11458019e-01 -4.97953324e-05 4.08003488e-04
3.11864934e-01 -1.11235517e-04 4.03443402e-04
3.12271846e-01 1.18991846e-03 4.04285576e-04
3.12678755e-01 5.70513369e-04 3.99947433e-04
3.13085661e-01 7.55896669e-04 4.02924831e-04
3.13492565e-01 8.01027254e-04 4.03735365e-04
3.13899465e-01 7.60278268e-05 3.97614152e-04
3.14306362e-01 -1.74603673e-04 4.10507048e-04
3.14713257e-01 3.08313934e-04 4.06589265e-04
3.15120148e-01 1.97922021e-04 4.00237223e-04
3.15527037e-01 1.08813191e-03 4.18022030e-04
3.15933922e-01 6.48562199e-04 4.11340853e-04
3.16340805e-01 -1.68950978e-04 4.40033840e-04
3.16747684e-01 -1.99971937e-06 4.81416804e-04
3.17154561e-01 5.85865137e-04 5.07710149e-04
3.17561434e-01 -6.63671813e-05 5.39591402e-04
3.17968305e-01 -3.29937993e-04 5.83264760e-04
3.18375172e-01 -1.13826462e-04 6.29324728e-04
3.18782037e-01 2.55026201e-05 6.28931774e-04
3.19188898e-01 -8.56148180e-04 6.51777944e-04
3.19595757e-01 9.47676119e-04 6.86374230e-04
3.20002612e-01 4.92452211e-05 7.10019957e-04
3.20409465e-01 6.48403289e-04 7.58661946e-04
3.20816314e-01 -1.00492282e-03 8.21445081e-04
3.21223160e-01 -9.64615333e-04 8.77164318e-04
3.21630004e-01 4.11462872e-04 1.10359915e-03
3.22036844e-01 5.91940478e-04 1.37596124e-03
3.22443681e-01 -2.01025361e-03 1.77035664e-03
3.22850516e-01 6.85381012e-03 5.96837992e-03
