4.08043586e-03 -6.38677253e-02 2.51336993e-02
4.48847930e-03 -7.36301918e-02 2.64558066e-02
4.89652269e-03 -4.56776403e-02 1.89922447e-02
5.30456604e-03 -3.57696198e-02 1.37958422e-02
5.71260934e-03 -2.48077007e-02 1.09174959e-02
6.12065258e-03 -1.57707960e-02 9.42674151e-03
6.52869577e-03 -8.91201227e-03 7.91842026e-03
6.93673889e-03 -1.51054687e-02 6.44364837e-03
7.34478195e-03 -5.36633336e-03 5.58465665e-03
7.75282494e-03 -1.18740199e-03 5.53607712e-03
8.16086785e-03 -5.57082243e-03 4.44924745e-03
8.56891069e-03 -8.86195597e-03 4.25792248e-03
8.97695345e-03 -2.52758284e-03 4.29082403e-03
9.38499612e-03 -2.01279042e-03 3.71737002e-03
9.79303870e-03 2.66927795e-03 3.88451599e-03
1.02010812e-02 -1.66481950e-03 3.43032210e-03
1.06091236e-02 -1.04032533e-03 3.04582700e-03
1.10171659e-02 -1.48362277e-03 3.11045624e-03
1.14252081e-02 -5.69399102e-04 2.94086308e-03
1.18332501e-02 -2.88148596e-03 2.56596423e-03
1.22412921e-02 1.63816491e-03 2.88852774e-03
1.26493339e-02 3.31771327e-03 2.56340466e-03
1.30573757e-02 4.53788958e-04 2.43382927e-03
1.34654173e-02 3.29527178e-03 2.71132164e-03
1.38734588e-02 2.27681293e-03 2.54002775e-03
1.42815001e-02 -9.74649923e-04 2.33851997e-03
1.46895413e-02 2.81962533e-03 2.35212027e-03
1.50975824e-02 4.73559273e-03 2.21099969e-03
1.55056233e-02 -2.28459737e-03 2.22786805e-03
1.59136641e-02 -6.59311102e-05 2.02031455e-03
1.63217047e-02 2.95594845e-03 2.20603832e-03
1.67297452e-02 4.97503960e-04 1.95145804e-03
1.71377855e-02 2.66014672e-03 2.06481740e-03
1.75458257e-02 5.05326394e-03 2.09463374e-03
1.79538657e-02 3.06047927e-03 2.00208633e-03
1.83619055e-02 5.90746845e-03 1.96971390e-03
1.87699451e-02 1.03014204e-04 1.82623913e-03
1.91779846e-02 4.51098171e-03 2.08152592e-03
1.95860239e-02 1.82193913e-03 1.86851589e-03
1.99940630e-02 2.23701573e-03 1.96546505e-03
2.04021019e-02 -3.20142829e-04 1.84090634e-03
2.08101406e-02 -5.84058504e-04 1.70994499e-03
2.12181791e-02 1.65469966e-03 1.75873648e-03
2.16262174e-02 7.00031103e-04 1.79573705e-03
2.20342555e-02 -5.42966289e-04 1.76200046e-03
2.24422934e-02 2.18638420e-03 1.68930056e-03
2.28503311e-02 -6.74671792e-04 1.62863092e-03
2.32583686e-02 1.68348557e-03 1.59608097e-03
2.36664058e-02 -6.57285250e-04 1.55849024e-03
2.40744429e-02 -3.79336137e-04 1.63700610e-03
2.44824797e-02 1.72992991e-03 1.70233119e-03
2.48905162e-02 1.01844741e-03 1.70603641e-03
2.52985525e-02 9.94923409e-04 1.66500100e-03
2.57065886e-02 2.35991896e-03 1.59253988e-03
2.61146245e-02 3.45618834e-03 1.84524005e-03
2.65226601e-02 1.16142546e-03 1.68607438e-03
2.69306954e-02 5.18652796e-04 1.58135128e-03
2.73387305e-02 3.73267018e-03 1.64780408e-03
2.77467653e-02 2.65562916e-03 1.58432438e-03
2.81547999e-02 1.37026978e-03 1.61197207e-03
2.85628342e-02 3.21047341e-03 1.68504064e-03
2.89708682e-02 7.49950778e-04 1.64831660e-03
2.93789020e-02 4.79145195e-04 1.71108013e-03
2.97869355e-02 3.08395734e-03 1.74422507e-03
3.01949687e-02 -4.27264340e-04 1.58489989e-03
3.06030016e-02 5.36261428e-03 1.63229972e-03
3.10110342e-02 3.53951045e-03 1.63496592e-03
3.14190665e-02 -1.63888703e-03 1.59183271e-03
3.18270985e-02 2.40213815e-03 1.52188232e-03
3.22351302e-02 2.51763807e-05 1.50393636e-03
3.26431617e-02 -6.81350631e-04 1.47259451e-03
3.30511928e-02 -1.78361688e-03 1.45102069e-03
3.34592236e-02 7.06363792e-04 1.38920903e-03
3.38672540e-02 1.62580042e-03 1.43928163e-03
3.42752842e-02 2.59992574e-03 1.47324753e-03
3.46833140e-02 1.11002398e-03 1.43708002e-03
3.50913435e-02 3.74035369e-04 1.37323783e-03
3.54993727e-02 9.77576116e-04 1.41338321e-03
3.59074015e-02 6.16813956e-04 1.35096684e-03
3.63154300e-02 1.36739528e-03 1.36085268e-03
3.67234581e-02 -9.88537177e-04 1.36466806e-03
3.71314859e-02 -1.36734349e-04 1.38391597e-03
3.75395134e-02 1.88746221e-03 1.37840552e-03
3.79475405e-02 1.57454161e-03 1.32169580e-03
3.83555672e-02 2.93231466e-03 1.33236450e-03
3.87635935e-02 3.45245352e-04 1.33551488e-03
3.91716195e-02 9.25727101e-04 1.29227980e-03
3.95796452e-02 4.31515806e-03 1.27287626e-03
3.99876704e-02 -1.86194517e-05 1.35370755e-03
4.03956953e-02 1.12270842e-03 1.30756846e-03
4.08037198e-02 3.96509684e-04 1.26051903e-03
4.12117439e-02 -5.10424533e-04 1.19669391e-03
4.16197676e-02 1.38131210e-03 1.25787798e-03
4.20277909e-02 7.65333071e-04 1.28442785e-03
4.24358138e-02 4.50063287e-04 1.29644191e-03
4.28438363e-02 -1.72074683e-04 1.22720344e-03
4.32518584e-02 -1.20261715e-04 1.23165586e-03
4.36598801e-02 -1.37502648e-04 1.21349879e-03
4.40679014e-02 -1.16583664e-03 1.17214951e-03
4.44759222e-02 -8.20737106e-04 1.22094737e-03
4.48839427e-02 7.18891218e-04 1.21514135e-03
4.52919627e-02 1.30459106e-03 1.21452836e-03
4.56999823e-02 1.67102493e-03 1.26800472e-03
4.61080014e-02 -6.95405382e-04 1.16893071e-03
4.65160201e-02 4.96287538e-04 1.16401726e-03
4.69240384e-02 -6.89302391e-04 1.18759481e-03
4.73320562e-02 4.49223391e-05 1.13667864e-03
4.77400736e-02 -9.03346396e-04 1.17715278e-03
4.81480905e-02 6.78490091e-04 1.22836160e-03
4.85561070e-02 2.76562814e-03 1.19096002e-03
4.89641230e-02 -1.38907316e-03 1.15120981e-03
4.93721385e-02 -5.79228027e-04 1.11216803e-03
4.97801536e-02 6.24048483e-04 1.11490839e-03
5.01881682e-02 1.12117457e-03 1.15883827e-03
5.05961823e-02 6.42062245e-04 1.17330440e-03
5.10041960e-02 -1.98709301e-03 1.12383544e-03
5.14122091e-02 -1.59002952e-03 1.12471675e-03
5.18202218e-02 -2.81947385e-04 1.10418251e-03
5.22282340e-02 1.77546361e-04 1.09338656e-03
5.26362457e-02 -1.30522831e-04 1.13699745e-03
5.30442569e-02 -2.14930853e-04 1.09094553e-03
5.34522675e-02 3.82944271e-04 1.07074280e-03
5.38602777e-02 3.75313641e-06 1.06363376e-03
5.42682874e-02 1.50623771e-03 1.06037318e-03
5.46762965e-02 7.75533011e-04 1.10061961e-03
5.50843052e-02 2.37731501e-03 1.13480686e-03
5.54923133e-02 8.42448116e-04 1.09089156e-03
5.59003208e-02 6.03128471e-04 1.13242692e-03
5.63083279e-02 -7.51968089e-04 1.10073503e-03
5.67163344e-02 -1.97877278e-03 1.08771722e-03
5.71243404e-02 -1.34477684e-03 1.08480875e-03
5.75323458e-02 2.03565889e-03 1.11620061e-03
5.79403507e-02 5.82424579e-04 1.13655674e-03
5.83483551e-02 2.63360792e-03 1.08480518e-03
5.87563588e-02 8.04273453e-04 1.18570038e-03
5.91643621e-02 7.03405052e-06 1.07331776e-03
5.95723647e-02 2.05705984e-03 1.11726267e-03
5.99803668e-02 6.17185989e-04 1.09156831e-03
6.03883684e-02 1.50663015e-04 1.12153512e-03
6.07963693e-02 -1.89889330e-04 1.12058279e-03
6.12043697e-02 -2.30018783e-04 1.08526330e-03
6.16123695e-02 3.29614882e-04 1.09919317e-03
6.20203687e-02 -3.66414734e-04 1.09615733e-03
6.24283674e-02 1.72856200e-03 1.10331374e-03
6.28363654e-02 1.49966681e-04 1.08614677e-03
6.32443629e-02 -1.53187376e-04 1.03424128e-03
6.36523597e-02 4.34216445e-04 1.04601836e-03
6.40603559e-02 7.60918544e-04 1.06568845e-03
6.44683516e-02 -1.84391530e-04 1.04604739e-03
6.48763466e-02 4.02483549e-04 1.03223508e-03
6.52843410e-02 -6.49310297e-04 9.99360866e-04
6.56923348e-02 -3.00980284e-04 1.03919377e-03
6.61003279e-02 2.53423448e-05 1.02764331e-03
6.65083205e-02 2.16701473e-03 1.03062342e-03
6.69163124e-02 1.11456696e-03 1.01227347e-03
6.73243036e-02 -1.17031424e-04 9.82646251e-04
6.77322943e-02 -3.13557945e-04 9.56866216e-04
6.81402842e-02 -5.14516336e-04 1.00321998e-03
6.85482736e-02 -2.76220234e-04 1.00601157e-03
6.89562623e-02 1.25677393e-03 1.02583031e-03
6.93642503e-02 2.10937642e-04 9.78179848e-04
6.97722377e-02 -1.39511233e-03 9.35098984e-04
7.01802244e-02 -7.08813626e-04 9.66952259e-04
7.05882105e-02 2.36475887e-04 9.74394237e-04
7.09961958e-02 -1.19259074e-03 9.42806943e-04
7.14041805e-02 4.75790803e-04 9.73498640e-04
7.18121646e-02 -2.14404166e-04 9.42033045e-04
7.22201479e-02 1.95910288e-03 9.48368827e-04
7.26281306e-02 -1.48806090e-04 9.65894284e-04
7.30361126e-02 5.61690410e-04 9.36516539e-04
7.34440938e-02 6.21042811e-04 9.58664519e-04
7.38520744e-02 8.32523310e-04 9.30088987e-04
7.42600543e-02 -1.25571237e-04 9.62761546e-04
7.46680335e-02 1.54773761e-03 9.66578546e-04
7.50760119e-02 -9.84322330e-04 9.60345711e-04
7.54839897e-02 4.40890567e-04 9.12276832e-04
7.58919667e-02 2.30861823e-03 9.12577706e-04
7.62999431e-02 -6.44578613e-05 9.22288388e-04
7.67079187e-02 -1.39963628e-03 9.09111047e-04
7.71158935e-02 -7.29762643e-04 9.06026748e-04
7.75238677e-02 3.92430924e-04 8.94200491e-04
7.79318411e-02 1.55821927e-04 9.11257486e-04
7.83398137e-02 2.14728399e-04 9.14177317e-04
7.87477857e-02 3.71470944e-04 9.20164525e-04
7.91557568e-02 -2.11844782e-04 9.00106722e-04
7.95637273e-02 -9.94318391e-04 8.50523889e-04
7.99716969e-02 4.80831578e-04 8.88130564e-04
8.03796658e-02 1.05258600e-04 9.13166717e-04
8.07876340e-02 -6.41291292e-04 8.57226409e-04
8.11956014e-02 4.04229734e-04 8.68095723e-04
8.16035680e-02 4.99855993e-04 8.76851387e-04
8.20115338e-02 -1.94255432e-04 8.31863463e-04
8.24194989e-02 -3.15131744e-04 8.45377263e-04
8.28274631e-02 -8.27519862e-04 8.30412125e-04
8.32354266e-02 -5.62099396e-04 8.41713580e-04
8.36433893e-02 1.12260842e-03 8.27943804e-04
8.40513512e-02 3.60049996e-04 8.37853362e-04
8.44593123e-02 3.30231749e-04 8.36634927e-04
8.48672727e-02 8.71548938e-04 8.61375161e-04
8.52752322e-02 1.06520681e-03 8.37665291e-04
8.56831909e-02 -1.61671070e-04 8.48891944e-04
8.60911487e-02 -1.81322840e-03 8.34250395e-04
8.64991058e-02 1.11270091e-03 8.48068138e-04
8.69070620e-02 1.49709238e-03 8.57625210e-04
8.73150175e-02 8.83448219e-04 8.33825222e-04
8.77229721e-02 9.57528669e-06 8.35866493e-04
8.81309258e-02 7.52390785e-04 8.51624604e-04
8.85388787e-02 -6.96806066e-04 8.09108148e-04
8.89468308e-02 -7.89838299e-04 8.15363011e-04
8.93547821e-02 8.66355757e-04 8.33276357e-04
8.97627325e-02 7.01043796e-04 8.33197913e-04
9.01706820e-02 2.29042534e-03 8.34213488e-04
9.05786307e-02 -4.00194334e-04 8.10537760e-04
9.09865785e-02 -9.01483806e-04 8.03698584e-04
9.13945255e-02 -7.33188124e-04 7.97032204e-04
9.18024716e-02 1.10118178e-03 8.33244641e-04
9.22104168e-02 1.06272032e-03 8.03160625e-04
9.26183611e-02 3.73183386e-04 7.95662599e-04
9.30263046e-02 -5.27634469e-04 8.04945397e-04
9.34342472e-02 -3.10547006e-04 8.22664533e-04
9.38421889e-02 1.54996841e-03 8.29059030e-04
9.42501297e-02 -7.95514293e-04 8.15468143e-04
9.46580696e-02 1.45494567e-03 7.95016996e-04
9.50660087e-02 7.06748103e-04 8.22617165e-04
9.54739468e-02 -2.86346206e-04 8.15014274e-04
9.58818840e-02 -1.77800083e-03 7.82857906e-04
9.62898203e-02 -1.76324638e-05 7.92829748e-04
9.66977557e-02 -3.21264480e-04 7.85121296e-04
9.71056902e-02 -1.05469423e-03 7.71938641e-04
9.75136237e-02 -2.63229109e-04 7.81601101e-04
9.79215564e-02 -4.89342178e-04 7.91571143e-04
9.83294881e-02 2.65008474e-04 7.89103034e-04
9.87374188e-02 -2.02801937e-04 7.78551706e-04
9.91453487e-02 5.62645531e-04 7.82346758e-04
9.95532775e-02 5.27467669e-04 7.69772648e-04
9.99612055e-02 6.20764243e-04 7.74001498e-04
1.00369132e-01 7.25385317e-04 7.80056038e-04
1.00777059e-01 8.51728816e-04 7.78712094e-04
1.01184984e-01 -5.88162726e-04 7.75998730e-04
1.01592908e-01 5.75952326e-04 7.62617965e-04
1.02000831e-01 -3.43835980e-05 7.52241659e-04
1.02408753e-01 1.01704615e-03 7.63800661e-04
1.02816674e-01 7.83244169e-04 7.61281238e-04
1.03224595e-01 1.82076066e-03 7.53460325e-04
1.03632514e-01 6.52775857e-05 7.52616136e-04
1.04040432e-01 1.79230949e-03 7.48306070e-04
1.04448349e-01 -9.32704033e-05 7.62206999e-04
1.04856266e-01 -6.87793502e-04 7.39706957e-04
1.05264181e-01 -1.11526830e-05 7.61117440e-04
1.05672095e-01 8.35857224e-04 7.45125124e-04
1.06080009e-01 -6.58173700e-04 7.37639493e-04
1.06487921e-01 1.02671818e-03 7.15768885e-04
1.06895832e-01 -8.16933712e-04 7.56849241e-04
1.07303743e-01 3.20113944e-04 7.61447012e-04
1.07711652e-01 -2.90398937e-04 7.63451691e-04
1.08119560e-01 9.06363195e-04 7.46990262e-04
1.08527467e-01 7.89827554e-04 7.45798304e-04
1.08935374e-01 -3.33643326e-04 7.42046862e-04
1.09343279e-01 4.73108352e-04 7.21608347e-04
1.09751183e-01 7.55695618e-04 7.36617006e-04
1.10159086e-01 1.34239095e-03 7.34543200e-04
1.10566988e-01 -1.01050172e-04 7.25525075e-04
1.10974889e-01 8.82619818e-04 7.35981694e-04
1.11382789e-01 5.59405886e-04 7.36150598e-04
1.11790688e-01 1.52053682e-04 7.52869413e-04
1.12198586e-01 4.32679986e-04 7.64992427e-04
1.12606482e-01 2.53895677e-04 7.18207044e-04
1.13014378e-01 1.23113673e-03 7.55783691e-04
1.13422273e-01 -8.40977510e-05 7.40859348e-04
1.13830166e-01 -7.59099831e-04 7.27173983e-04
1.14238059e-01 -1.73977234e-03 7.29123523e-04
1.14645950e-01 9.90608425e-04 7.48404183e-04
1.15053840e-01 4.95361952e-04 7.28163444e-04
1.15461730e-01 1.34518037e-03 7.34195235e-04
1.15869618e-01 2.32357537e-04 7.32999644e-04
1.16277505e-01 2.82637135e-05 7.23828209e-04
1.16685391e-01 4.68270398e-04 7.67084022e-04
1.17093275e-01 7.26995098e-06 7.23599396e-04
1.17501159e-01 -1.98666107e-04 7.36737195e-04
1.17909042e-01 1.36991990e-04 7.40386034e-04
1.18316923e-01 1.69729645e-03 7.25054027e-04
1.18724803e-01 3.05895368e-05 6.97075944e-04
1.19132683e-01 -2.89134719e-04 7.09408942e-04
1.19540561e-01 5.94552305e-04 7.36275502e-04
1.19948438e-01 2.95432264e-06 6.94371663e-04
1.20356313e-01 1.06517876e-03 7.00322816e-04
1.20764188e-01 -3.41898742e-04 6.89373332e-04
1.21172062e-01 4.06027527e-04 6.70284434e-04
1.21579934e-01 9.30140840e-04 6.93499872e-04
1.21987805e-01 1.41685802e-03 7.00539562e-04
1.22395675e-01 9.43718672e-05 6.85082045e-04
1.22803544e-01 -5.18606075e-04 6.69250291e-04
1.23211412e-01 -1.40137300e-03 6.71978452e-04
1.23619278e-01 -5.72718269e-04 6.78114010e-04
1.24027144e-01 -7.85594366e-04 6.75887892e-04
1.24435008e-01 -6.12666619e-05 6.67004589e-04
1.24842871e-01 -1.24377391e-03 6.59491730e-04
1.25250733e-01 -5.33486889e-04 6.68907013e-04
1.25658594e-01 7.44296884e-04 6.66376036e-04
1.26066453e-01 -4.46476544e-04 6.79523569e-04
1.26474311e-01 3.12213776e-04 6.75242686e-04
1.26882168e-01 -1.55326181e-03 6.76482103e-04
1.27290024e-01 -1.36465818e-04 6.76725797e-04
1.27697879e-01 -6.19686740e-04 6.90422351e-04
1.28105732e-01 8.74820401e-04 6.82959499e-04
1.28513585e-01 5.97695941e-04 6.70814437e-04
1.28921436e-01 2.31987088e-04 6.64288707e-04
1.29329285e-01 7.29933405e-05 6.62947428e-04
1.29737134e-01 2.73223502e-04 6.75255220e-04
1.30144981e-01 1.71844372e-05 6.50047555e-04
1.30552828e-01 5.35993749e-04 6.63759987e-04
1.30960672e-01 1.75626703e-03 6.65376854e-04
1.31368516e-01 -1.90955282e-04 6.42653070e-04
1.31776358e-01 -3.38779539e-04 6.50895984e-04
1.32184200e-01 5.30618333e-04 6.41146872e-04
1.32592039e-01 4.57878064e-04 6.34321672e-04
1.32999878e-01 1.00203009e-03 6.56250682e-04
1.33407715e-01 2.20350012e-04 6.42200245e-04
1.33815552e-01 6.93777807e-04 6.51121097e-04
1.34223386e-01 -2.39865458e-04 6.30321726e-04
1.34631220e-01 2.45990881e-04 6.23899988e-04
1.35039052e-01 8.05282950e-04 6.67456625e-04
1.35446883e-01 -1.04277675e-04 6.52115727e-04
1.35854713e-01 -2.24226182e-05 6.31650848e-04
1.36262541e-01 5.36580675e-04 6.32497229e-04
1.36670368e-01 3.41124219e-04 6.41352080e-04
1.37078194e-01 2.68810713e-05 6.21663026e-04
1.37486019e-01 5.97651064e-04 6.35502253e-04
1.37893842e-01 4.64281833e-04 6.47778635e-04
1.38301664e-01 -3.65401282e-04 6.43615049e-04
1.38709485e-01 -1.32475964e-03 6.35152374e-04
1.39117304e-01 6.10806221e-04 6.20491531e-04
1.39525122e-01 -7.67799914e-04 6.16814462e-04
1.39932939e-01 6.29730866e-04 6.25173307e-04
1.40340754e-01 -2.73447921e-04 6.18907553e-04
1.40748568e-01 -4.69751046e-04 6.18823787e-04
1.41156381e-01 -3.18933119e-04 6.32855463e-04
1.41564192e-01 4.03755270e-04 6.07607729e-04
1.41972002e-01 -9.53425380e-05 6.19850322e-04
1.42379811e-01 -4.26065667e-04 6.24405493e-04
1.42787618e-01 -2.54916188e-04 6.15883143e-04
1.43195424e-01 3.54153509e-04 6.16890339e-04
1.43603228e-01 -2.43297733e-04 6.45167528e-04
1.44011032e-01 -7.45582577e-04 6.27488033e-04
1.44418833e-01 -2.05585747e-04 6.40839986e-04
1.44826634e-01 1.11847034e-03 6.36093413e-04
1.45234433e-01 3.10264035e-04 6.15090584e-04
1.45642231e-01 2.31276462e-04 6.36041440e-04
1.46050027e-01 1.43623546e-03 6.43397199e-04
1.46457822e-01 9.86667484e-04 6.51964889e-04
1.46865616e-01 -8.46280391e-04 6.28767489e-04
1.47273408e-01 3.27657042e-04 6.44644836e-04
1.47681199e-01 5.35860608e-05 6.29756285e-04
1.48088988e-01 1.34772678e-04 6.14364805e-04
1.48496776e-01 1.19087983e-04 6.42848001e-04
1.48904563e-01 -1.10308078e-04 6.26300434e-04
1.49312348e-01 -1.07777418e-03 6.16423607e-04
1.49720132e-01 -5.85168410e-04 6.24842005e-04
1.50127914e-01 -6.95668343e-04 6.16178841e-04
1.50535695e-01 -1.31910723e-04 6.17369518e-04
1.50943474e-01 8.96479482e-04 6.01666763e-04
1.51351252e-01 -1.36386335e-04 5.92492972e-04
1.51759029e-01 -1.43425863e-04 5.93878974e-04
1.52166804e-01 3.86893581e-04 6.14249562e-04
1.52574578e-01 2.44024027e-04 6.06720611e-04
1.52982350e-01 2.22402511e-04 5.94257179e-04
1.53390121e-01 -3.54729331e-04 5.92085270e-04
1.53797890e-01 1.24042698e-05 5.99023110e-04
1.54205658e-01 -3.48226892e-04 5.98334002e-04
1.54613425e-01 -5.85104178e-05 5.84247272e-04
1.55021190e-01 1.18720463e-03 6.08204794e-04
1.55428953e-01 -9.03482119e-05 6.09965803e-04
1.55836716e-01 9.64325537e-05 5.86326821e-04
1.56244476e-01 6.10462735e-04 5.96424808e-04
1.56652235e-01 4.43601670e-04 5.85675423e-04
1.57059993e-01 2.12324964e-04 5.90125272e-04
1.57467749e-01 1.33231900e-03 5.94125247e-04
1.57875504e-01 9.71324164e-04 5.78240849e-04
1.58283257e-01 -7.20572948e-04 5.78981317e-04
1.58691008e-01 2.41831934e-04 5.83346979e-04
1.59098758e-01 8.67247526e-05 5.72983917e-04
1.59506507e-01 -1.86450438e-04 5.78389551e-04
1.59914254e-01 9.42528561e-04 5.73495603e-04
1.60322000e-01 -1.17671624e-03 5.64209711e-04
1.60729744e-01 1.66547430e-04 5.82090806e-04
1.61137486e-01 -6.09666504e-04 5.62528608e-04
1.61545228e-01 2.18093007e-04 5.63248367e-04
1.61952967e-01 -5.53437334e-04 5.71536027e-04
1.62360705e-01 2.72128400e-04 5.73565726e-04
1.62768441e-01 -1.01683312e-04 5.66641528e-04
1.63176176e-01 -4.91243836e-04 5.50736108e-04
1.63583910e-01 3.85839944e-04 5.67099551e-04
1.63991641e-01 2.05108422e-04 5.58042569e-04
1.64399372e-01 -9.54160770e-05 5.72515412e-04
1.64807100e-01 -4.01162385e-04 5.60236297e-04
1.65214827e-01 8.03771505e-04 5.81072146e-04
1.65622553e-01 5.51988071e-04 5.52808461e-04
1.66030277e-01 1.05557803e-03 5.62071099e-04
1.66437999e-01 7.74629391e-04 5.66403330e-04
1.66845720e-01 5.08662901e-04 5.62438100e-04
1.67253439e-01 -1.48209003e-03 5.48516657e-04
1.67661157e-01 4.67331789e-04 5.58313058e-04
1.68068873e-01 8.12713905e-04 5.60022092e-04
1.68476588e-01 4.70554093e-04 5.60811839e-04
1.68884301e-01 8.78684743e-05 5.69633511e-04
1.69292012e-01 2.18356371e-04 5.34589719e-04
1.69699721e-01 1.23276167e-03 5.46671926e-04
1.70107430e-01 -8.09043073e-05 5.30515410e-04
1.70515136e-01 1.00712995e-04 5.48165379e-04
1.70922841e-01 -1.26453498e-04 5.46472039e-04
1.71330544e-01 8.72372784e-04 5.49083143e-04
1.71738246e-01 5.20618604e-04 5.54154529e-04
1.72145946e-01 4.88593133e-04 5.43641316e-04
1.72553644e-01 -2.33295279e-04 5.43044312e-04
1.72961341e-01 -2.49652771e-05 5.34301539e-04
1.73369036e-01 -3.52453137e-04 5.30778847e-04
1.73776729e-01 9.91929747e-04 5.49076177e-04
1.74184421e-01 7.60878982e-04 5.46329376e-04
1.74592111e-01 -3.14595975e-04 5.40864424e-04
1.74999799e-01 4.52624809e-04 5.38828845e-04
1.75407486e-01 7.33544687e-05 5.31911183e-04
1.75815171e-01 8.41386927e-04 5.45390342e-04
1.76222855e-01 -8.46950208e-05 5.25832721e-04
1.76630537e-01 3.77508348e-04 5.31157096e-04
1.77038217e-01 -2.31753038e-04 5.32667247e-04
1.77445895e-01 1.10538858e-04 5.45431099e-04
1.77853572e-01 -3.98766642e-04 5.30953659e-04
1.78261247e-01 -9.05301936e-04 5.29882837e-04
1.78668921e-01 -7.20156161e-05 5.31282641e-04
1.79076592e-01 -1.21809485e-04 5.27967221e-04
1.79484262e-01 -9.64711680e-04 5.16743994e-04
1.79891931e-01 1.39304763e-04 5.26561324e-04
1.80299597e-01 -7.35437213e-04 5.19290629e-04
1.80707262e-01 -7.59801336e-04 5.16414055e-04
1.81114925e-01 5.07200673e-04 5.29587370e-04
1.81522587e-01 3.31629824e-04 5.31473257e-04
1.81930247e-01 -1.05947356e-04 5.23259535e-04
1.82337905e-01 3.26249135e-04 5.19161940e-04
1.82745561e-01 1.72345687e-04 5.31025432e-04
1.83153215e-01 1.09043053e-03 5.28587008e-04
1.83560868e-01 1.33315199e-03 5.35022256e-04
1.83968519e-01 -2.98839632e-04 5.19791364e-04
1.84376169e-01 4.69301004e-04 5.19751591e-04
1.84783816e-01 -2.13723856e-04 5.20910771e-04
1.85191462e-01 3.34310928e-04 5.22026113e-04
1.85599106e-01 6.89061011e-04 5.25746725e-04
1.86006749e-01 -2.49806554e-04 5.26231465e-04
1.86414389e-01 4.21726327e-04 5.27416611e-04
1.86822028e-01 2.83231008e-04 5.15772682e-04
1.87229665e-01 6.10366657e-04 5.22840540e-04
1.87637300e-01 -3.72795390e-04 5.21320828e-04
1.88044934e-01 7.18262725e-04 5.12181837e-04
1.88452566e-01 -1.64706458e-04 5.10569789e-04
1.88860195e-01 6.21942253e-04 5.05629982e-04
1.89267824e-01 -7.25610282e-04 5.06394584e-04
1.89675450e-01 3.34578322e-04 5.14676907e-04
1.90083074e-01 -6.27757386e-05 5.08856510e-04
1.90490697e-01 3.00909671e-04 5.15093923e-04
1.90898318e-01 2.92374618e-04 5.07126388e-04
1.91305937e-01 2.16863104e-04 5.07692030e-04
1.91713555e-01 2.92475858e-05 4.96418281e-04
1.92121170e-01 8.32842674e-04 4.97999364e-04
1.92528784e-01 4.09810072e-05 5.11220449e-04
1.92936396e-01 3.34799907e-04 4.91029687e-04
1.93344006e-01 2.63729675e-04 5.11459978e-04
1.93751614e-01 1.25907615e-03 5.15069390e-04
1.94159220e-01 -1.71060051e-04 4.97744260e-04
1.94566825e-01 2.94227711e-04 5.03211131e-04
1.94974427e-01 1.30116284e-04 5.09240021e-04
1.95382028e-01 3.14906349e-04 4.99285778e-04
1.95789627e-01 5.37791542e-05 5.01456305e-04
1.96197224e-01 -6.46405619e-04 4.87421064e-04
1.96604820e-01 -1.51107311e-04 4.87440001e-04
1.97012413e-01 2.42095788e-04 4.98938456e-04
1.97420005e-01 -2.95996131e-04 5.02741714e-04
1.97827594e-01 1.10760521e-04 4.94819652e-04
1.98235182e-01 1.06637213e-03 5.04560600e-04
1.98642768e-01 9.47711302e-04 5.01198008e-04
1.99050352e-01 5.23137651e-04 5.02443338e-04
1.99457934e-01 -2.46171086e-05 5.13548432e-04
1.99865514e-01 -1.05056476e-04 5.00804173e-04
2.00273093e-01 5.86629965e-04 5.04141641e-04
2.00680669e-01 9.20448377e-04 5.06377751e-04
2.01088244e-01 3.78415341e-04 5.00113611e-04
2.01495816e-01 2.49959064e-04 5.11812008e-04
2.01903387e-01 8.06830052e-04 5.15352463e-04
2.02310956e-01 1.01177559e-03 5.10513337e-04
2.02718523e-01 7.05193519e-05 5.09699650e-04
2.03126088e-01 1.29262002e-04 5.08136893e-04
2.03533651e-01 -1.28814530e-04 5.05524705e-04
2.03941212e-01 7.33709434e-04 5.13318950e-04
2.04348771e-01 9.14675488e-04 5.16719321e-04
2.04756329e-01 4.53081368e-04 5.14141091e-04
2.05163884e-01 1.18581604e-03 5.06918275e-04
2.05571438e-01 1.95415958e-04 4.97193001e-04
2.05978989e-01 -8.39896412e-05 4.89700297e-04
2.06386539e-01 9.47855299e-06 4.89608192e-04
2.06794086e-01 6.26429021e-04 4.99061805e-04
2.07201632e-01 -5.16170417e-04 4.90377132e-04
2.07609175e-01 9.06813036e-05 4.88996186e-04
2.08016717e-01 -6.27757589e-04 4.86040616e-04
2.08424257e-01 8.17053492e-04 5.05459426e-04
2.08831794e-01 1.16907316e-03 4.79033334e-04
2.09239330e-01 8.94295177e-04 4.81031501e-04
2.09646864e-01 2.95856696e-04 4.80369060e-04
2.10054396e-01 7.34214157e-04 4.92127122e-04
2.10461925e-01 5.10974699e-04 4.86619399e-04
2.10869453e-01 7.71144793e-04 4.79966213e-04
2.11276979e-01 1.28759041e-03 4.92928240e-04
2.11684503e-01 7.89387852e-04 4.83308979e-04
2.12092025e-01 8.18744308e-04 4.92476928e-04
2.12499544e-01 -8.54160156e-05 4.86870494e-04
2.12907062e-01 8.04905060e-04 4.79617475e-04
2.13314578e-01 -4.10515910e-04 4.77253837e-04
2.13722092e-01 -5.01203974e-04 4.74066311e-04
2.14129603e-01 6.62780597e-05 4.80441452e-04
2.14537113e-01 1.64836099e-04 4.72423923e-04
2.14944621e-01 7.04121945e-04 4.90273214e-04
2.15352126e-01 2.18484082e-04 4.76638301e-04
2.15759630e-01 3.64902092e-04 4.64850299e-04
2.16167131e-01 7.16465452e-04 4.75882399e-04
2.16574631e-01 1.77638113e-04 4.59919269e-04
2.16982128e-01 6.64973655e-04 4.64836570e-04
2.17389624e-01 8.31267691e-04 4.78743366e-04
2.17797117e-01 1.37762611e-04 4.60480911e-04
2.18204608e-01 -3.26644792e-04 4.57448064e-04
2.18612098e-01 6.94900581e-04 4.72407341e-04
2.19019585e-01 5.98187268e-04 4.67631372e-04
2.19427070e-01 1.80288551e-04 4.57811009e-04
2.19834553e-01 2.09324860e-04 4.59345037e-04
2.20242034e-01 -1.02231563e-03 4.55482667e-04
2.20649512e-01 -1.05636315e-04 4.51861736e-04
2.21056989e-01 -9.02611657e-04 4.60355100e-04
2.21464464e-01 -1.43060161e-05 4.63440861e-04
2.21871936e-01 -5.13804100e-04 4.71345299e-04
2.22279407e-01 -2.92528902e-04 4.57738372e-04
2.22686875e-01 3.56443067e-04 4.47894565e-04
2.23094341e-01 -2.17606401e-04 4.66483774e-04
2.23501805e-01 1.03561921e-05 4.58812418e-04
2.23909267e-01 -1.00351712e-04 4.59494183e-04
2.24316727e-01 -2.02384617e-04 4.58454181e-04
2.24724185e-01 2.57236315e-05 4.58339036e-04
2.25131641e-01 2.63265837e-04 4.56952843e-04
2.25539094e-01 -1.43045727e-04 4.47516446e-04
2.25946545e-01 -1.70655447e-04 4.50119099e-04
2.26353995e-01 1.54191652e-04 4.49420941e-04
2.26761442e-01 5.37260027e-04 4.55349026e-04
2.27168887e-01 1.68993321e-04 4.58195618e-04
2.27576329e-01 4.80292138e-04 4.53771404e-04
2.27983770e-01 -4.94655566e-04 4.53193489e-04
2.28391208e-01 1.55277263e-05 4.54963333e-04
2.28798645e-01 -2.32583611e-04 4.60828355e-04
2.29206079e-01 3.05877433e-04 4.63975756e-04
2.29613511e-01 4.83570786e-04 4.55058068e-04
2.30020941e-01 -6.08261524e-06 4.60092456e-04
2.30428368e-01 -4.75900945e-04 4.63305175e-04
2.30835794e-01 1.96789308e-04 4.64687290e-04
2.31243217e-01 9.64365241e-04 4.74442951e-04
2.31650638e-01 9.62533523e-04 4.68825326e-04
2.32058057e-01 -1.60279188e-04 4.69364050e-04
2.32465473e-01 -1.31836457e-04 4.57968760e-04
2.32872888e-01 5.05939792e-04 4.67857107e-04
2.33280300e-01 -3.83124982e-04 4.51382161e-04
2.33687710e-01 1.33141012e-05 4.60241041e-04
2.34095118e-01 2.04687648e-04 4.51025960e-04
2.34502524e-01 -1.23311881e-04 4.69311594e-04
2.34909927e-01 4.02321429e-04 4.75170328e-04
2.35317328e-01 5.25174709e-04 4.71583918e-04
2.35724727e-01 2.29464019e-04 4.61718602e-04
2.36132124e-01 -5.28161618e-04 4.60243239e-04
2.36539518e-01 5.16537754e-04 4.61383339e-04
2.36946911e-01 6.29303077e-04 4.58856661e-04
2.37354301e-01 6.90054937e-04 4.62855773e-04
2.37761688e-01 5.66299772e-04 4.53868452e-04
2.38169074e-01 2.02705625e-04 4.55724155e-04
2.38576457e-01 7.27978583e-04 4.64498969e-04
2.38983838e-01 -1.40008352e-04 4.46654932e-04
2.39391217e-01 -3.96022184e-05 4.46628097e-04
2.39798593e-01 -7.36856031e-04 4.50216451e-04
2.40205967e-01 1.61187056e-04 4.41403360e-04
2.40613339e-01 3.10844177e-04 4.43358064e-04
2.41020709e-01 -1.61095391e-04 4.57897459e-04
2.41428076e-01 4.49089899e-04 4.45599189e-04
2.41835441e-01 4.38949407e-04 4.50567379e-04
2.42242804e-01 2.23856363e-04 4.44332953e-04
2.42650165e-01 4.97887310e-04 4.34808688e-04
2.43057523e-01 -2.28002322e-04 4.35613008e-04
2.43464879e-01 2.67681948e-04 4.42022723e-04
2.43872232e-01 3.37438741e-04 4.46673690e-04
2.44279584e-01 -8.58645243e-05 4.37767350e-04
2.44686933e-01 8.83337016e-04 4.40282595e-04
2.45094279e-01 4.53872812e-04 4.43788278e-04
2.45501624e-01 -5.96895255e-04 4.32654427e-04
2.45908966e-01 1.98095379e-04 4.32151383e-04
2.46316305e-01 4.20281015e-04 4.39451456e-04
2.46723643e-01 7.97754135e-05 4.38826048e-04
2.47130978e-01 1.53988424e-04 4.40702191e-04
2.47538310e-01 4.05639932e-04 4.32371640e-04
2.47945641e-01 -5.63148243e-04 4.27104593e-04
2.48352969e-01 4.34690905e-04 4.27992765e-04
2.48760294e-01 4.66792001e-04 4.29971079e-04
2.49167618e-01 3.75530923e-04 4.33773419e-04
2.49574939e-01 1.50652887e-05 4.28675094e-04
2.49982257e-01 7.67051603e-04 4.25259507e-04
2.50389573e-01 -1.60775677e-05 4.25944517e-04
2.50796887e-01 -6.52370535e-04 4.32661276e-04
2.51204199e-01 5.44369532e-04 4.25130486e-04
2.51611508e-01 8.72713669e-04 4.33960852e-04
2.52018815e-01 1.67163957e-04 4.38131112e-04
2.52426119e-01 -4.22824037e-04 4.27854085e-04
2.52833421e-01 1.00569694e-04 4.31958671e-04
2.53240720e-01 6.44741174e-04 4.32349655e-04
2.53648017e-01 7.54049382e-04 4.38986228e-04
2.54055312e-01 -5.86109613e-04 4.23858082e-04
2.54462605e-01 6.26233100e-04 4.30497427e-04
2.54869894e-01 1.17288468e-03 4.35595744e-04
2.55277182e-01 4.81010589e-04 4.16139513e-04
2.55684467e-01 -8.23330361e-05 4.32612837e-04
2.56091750e-01 -6.45769934e-05 4.21932247e-04
2.56499030e-01 -3.50726934e-04 4.23622107e-04
2.56906308e-01 8.15224582e-04 4.19519297e-04
2.57313583e-01 2.88762723e-04 4.19213253e-04
2.57720856e-01 5.37775790e-04 4.28263554e-04
2.58128127e-01 2.15625782e-04 4.20740549e-04
2.58535395e-01 -9.38470308e-04 4.16628780e-04
2.58942661e-01 1.49566080e-04 4.09908518e-04
2.59349924e-01 3.52248303e-04 4.18944052e-04
2.59757184e-01 3.31511278e-04 4.22551946e-04
2.60164443e-01 6.84172755e-04 4.23642689e-04
2.60571699e-01 2.69751413e-04 4.28971394e-04
2.60978952e-01 3.76076635e-04 4.18589641e-04
2.61386203e-01 -2.11919320e-05 4.17271380e-04
2.61793451e-01 7.01952624e-04 4.15871707e-04
2.62200697e-01 -3.46106656e-04 4.12422797e-04
2.62607941e-01 9.98001452e-04 4.17072401e-04
2.63015182e-01 5.89667938e-04 4.15531566e-04
2.63422420e-01 7.54931173e-04 4.24017536e-04
2.63829656e-01 -9.39557783e-04 4.15498483e-04
2.64236890e-01 -7.07404391e-05 4.09439910e-04
2.64644121e-01 -1.84270312e-04 4.12257776e-04
2.65051349e-01 -4.73901990e-04 4.15831845e-04
2.65458575e-01 6.84984345e-04 4.09977974e-04
2.65865799e-01 -2.88959190e-04 4.04966845e-04
2.66273019e-01 -3.91784458e-04 4.10294200e-04
2.66680238e-01 5.60317543e-05 4.11124645e-04
2.67087454e-01 6.28099708e-04 4.05016705e-04
2.67494667e-01 2.21138196e-04 4.11251789e-04
2.67901878e-01 3.83647444e-04 4.02798274e-04
2.68309086e-01 -2.84222784e-04 4.02232435e-04
2.68716292e-01 2.57376930e-05 4.09739186e-04
2.69123495e-01 -4.54278219e-04 4.10456340e-04
2.69530696e-01 -2.53860023e-04 4.09743730e-04
2.69937894e-01 -2.73779351e-04 4.07427082e-04
2.70345090e-01 4.55059413e-04 4.06180934e-04
2.70752283e-01 3.00834481e-04 4.02299663e-04
2.71159473e-01 7.76331238e-04 4.11141180e-04
2.71566661e-01 5.30247477e-04 4.05073683e-04
2.71973847e-01 7.34718042e-04 4.11483874e-04
2.72381030e-01 -1.93667651e-04 3.99952039e-04
2.72788210e-01 6.23512193e-04 4.07693600e-04
2.73195387e-01 2.57670065e-04 4.04064484e-04
2.73602562e-01 5.75550161e-04 4.07562290e-04
2.74009735e-01 3.94347964e-04 4.09249273e-04
2.74416905e-01 -2.17308328e-04 3.96403925e-04
2.74824072e-01 6.67143871e-04 3.98639704e-04
2.75231237e-01 1.78352128e-04 3.95947222e-04
2.75638399e-01 1.09633165e-04 3.98267615e-04
2.76045558e-01 -5.13605414e-05 4.00181231e-04
2.76452715e-01 3.60774579e-04 4.01677281e-04
2.76859869e-01 6.54172652e-04 3.97397083e-04
2.77267021e-01 -4.26115328e-04 3.99033946e-04
2.77674170e-01 -1.96065108e-04 3.94663175e-04
2.78081316e-01 8.48121151e-04 3.96161705e-04
2.78488460e-01 1.00587854e-04 3.95632829e-04
2.78895601e-01 -1.65560848e-04 3.88478791e-04
2.79302740e-01 -1.28542410e-04 4.01670801e-04
2.79709875e-01 -7.79854795e-05 3.91177522e-04
2.80117009e-01 2.63050648e-04 3.93340873e-04
2.80524139e-01 5.36992439e-04 4.00563975e-04
2.80931267e-01 -1.34167278e-04 3.94908164e-04
2.81338392e-01 5.45870903e-04 4.00185945e-04
2.81745515e-01 -4.47447687e-04 3.93717172e-04
2.82152635e-01 1.18424866e-04 3.89788754e-04
2.82559752e-01 -1.40578938e-04 3.96660528e-04
2.82966866e-01 1.86153696e-04 3.92816676e-04
2.83373978e-01 2.07102719e-04 3.90729433e-04
2.83781088e-01 3.02760783e-04 3.87366982e-04
2.84188194e-01 -3.27252039e-04 3.99046111e-04
2.84595298e-01 -8.29426516e-04 3.93103491e-04
2.85002399e-01 -2.92840090e-04 3.93737789e-04
2.85409497e-01 3.08886928e-04 3.92566156e-04
2.85816593e-01 8.48413193e-04 4.00114290e-04
2.86223686e-01 4.89732256e-04 3.96418820e-04
2.86630777e-01 2.20283134e-04 3.94542594e-04
2.87037864e-01 -1.83398509e-04 4.09522920e-04
2.87444949e-01 1.03125255e-04 3.97326061e-04
2.87852031e-01 -6.30782279e-04 3.98743671e-04
2.88259111e-01 1.72076976e-04 3.96753475e-04
2.88666188e-01 -1.08884528e-04 4.04050765e-04
2.89073262e-01 3.63155267e-04 4.00039030e-04
2.89480333e-01 -4.67890786e-04 3.95328407e-04
2.89887401e-01 3.40177990e-04 4.02524557e-04
2.90294467e-01 5.52998899e-04 4.04768274e-04
2.90701530e-01 1.06713296e-04 4.02995774e-04
2.91108591e-01 1.56228961e-04 3.98826418e-04
2.91515648e-01 -8.92509836e-04 3.83670368e-04
2.91922703e-01 -2.33353637e-04 3.90678951e-04
2.92329755e-01 1.00865599e-04 3.89229367e-04
2.92736804e-01 2.16794465e-04 3.97645426e-04
2.93143851e-01 2.56882745e-04 3.90976867e-04
2.93550895e-01 1.83249972e-04 3.93054725e-04
2.93957936e-01 -3.18615169e-05 3.87304000e-04
2.94364974e-01 1.36760191e-04 3.86389677e-04
2.94772009e-01 -3.81988854e-05 3.92019613e-04
2.95179042e-01 9.43500862e-04 3.98217343e-04
2.95586072e-01 -1.56478077e-04 3.88248118e-04
2.95993099e-01 -5.99023341e-05 3.95159994e-04
2.96400123e-01 2.60584584e-04 3.96863686e-04
2.96807145e-01 -3.89255725e-04 3.99444870e-04
2.97214163e-01 2.64562609e-04 3.91525395e-04
2.97621179e-01 7.96888879e-05 3.88704835e-04
2.98028192e-01 2.19250316e-04 3.89320966e-04
2.98435202e-01 4.35052457e-05 3.89079522e-04
2.98842210e-01 1.04230892e-03 3.99202056e-04
2.99249214e-01 -5.44250032e-04 3.95719077e-04
2.99656216e-01 -1.07109547e-03 3.86860084e-04
3.00063215e-01 -6.35035623e-04 3.92262561e-04
3.00470211e-01 5.58610253e-04 3.97914589e-04
3.00877204e-01 8.33122024e-04 4.01811526e-04
3.01284194e-01 2.91218712e-05 3.93830440e-04
3.01691182e-01 7.78731872e-04 3.94755142e-04
3.02098167e-01 5.91150987e-04 3.90043334e-04
3.02505149e-01 4.82379749e-04 3.97092405e-04
3.02912128e-01 4.46063542e-05 4.04217798e-04
3.03319104e-01 3.20191925e-04 3.92970252e-04
3.03726077e-01 3.04455489e-04 4.04685884e-04
3.04133047e-01 -1.53990583e-04 3.92798021e-04
3.04540015e-01 -1.26918769e-04 3.92763096e-04
3.04946979e-01 -1.52850082e-04 3.86701097e-04
3.05353941e-01 3.49141172e-04 3.87921185e-04
3.05760900e-01 4.95487305e-04 3.92045936e-04
3.06167856e-01 2.45601401e-06 3.87279080e-04
3.06574809e-01 -2.72397053e-04 3.93652465e-04
3.06981759e-01 5.74178774e-05 3.92704566e-04
3.07388706e-01 -1.09141826e-04 3.89967606e-04
3.07795651e-01 5.88825673e-04 3.92112442e-04
3.08202592e-01 -5.10965202e-04 3.88457731e-04
3.08609531e-01 -3.46573845e-04 3.93949647e-04
3.09016466e-01 6.00316712e-04 3.95877221e-04
3.09423399e-01 -6.86930164e-05 3.93757831e-04
3.09830329e-01 -4.81254711e-04 3.94052502e-04
3.10237256e-01 2.26587575e-04 3.95970596e-04
3.10644180e-01 5.08915300e-04 4.03405882e-04
3.11051101e-01 5.08745614e-04 3.95061308e-04
3.11458019e-01 -5.50585424e-05 4.02588174e-04
3.11864934e-01 -2.30555923e-04 4.02418103e-04
3.12271846e-01 4.37134445e-04 4.01727464e-04
3.12678755e-01 3.91646531e-04 4.03259194e-04
3.13085661e-01 6.28011447e-05 3.99489275e-04
3.13492565e-01 4.91110466e-04 4.06826606e-04
3.13899465e-01 4.93837170e-06 4.04645704e-04
3.14306362e-01 2.55946483e-04 4.01182325e-04
3.14713257e-01 -8.20033691e-04 4.04347786e-04
3.15120148e-01 -2.20862266e-04 3.97404760e-04
3.15527037e-01 -6.89012218e-06 4.07262653e-04
3.15933922e-01 -3.45138472e-04 4.11235739e-04
3.16340805e-01 2.96257726e-04 4.49925480e-04
3.16747684e-01 1.14593862e-04 4.88193321e-04
3.17154561e-01 9.22450477e-04 5.20642119e-04
3.17561434e-01 -1.67579284e-04 5.35106358e-04
3.17968305e-01 5.65830352e-04 5.89755125e-04
3.18375172e-01 6.40723992e-05 6.22464314e-04
3.18782037e-01 -4.02971484e-04 6.18130847e-04
3.19188898e-01 -1.14952959e-04 6.35131295e-04
3.19595757e-01 -2.06078022e-04 6.77993964e-04
3.20002612e-01 -6.05058508e-05 7.10816024e-04
3.20409465e-01 3.68222911e-04 7.54579744e-04
3.20816314e-01 -9.71740227e-04 8.01102102e-04
3.21223160e-01 1.28388038e-03 9.63724807e-04
3.21630004e-01 1.07783358e-03 1.06318348e-03
3.22036844e-01 1.84880609e-03 1.33916447e-03
3.22443681e-01 -7.70408632e-06 1.99144271e-03
3.22850516e-01 1.78929123e-03 5.67607148e-03
