4.08043586e-03 -1.00486886e-01 2.72731070e-02
4.48847930e-03 -1.01974954e-01 2.62881614e-02
4.89652269e-03 -6.20428803e-02 1.98073498e-02
5.30456604e-03 -5.08431649e-02 1.47519557e-02
5.71260934e-03 -3.94501672e-02 1.07213429e-02
6.12065258e-03 -3.45462128e-02 8.45672513e-03
6.52869577e-03 -1.51165815e-02 7.51136368e-03
6.93673889e-03 -1.75811003e-02 6.41990640e-03
7.34478195e-03 -1.42373030e-02 5.73164419e-03
7.75282494e-03 -1.36075514e-02 5.24514197e-03
8.16086785e-03 -1.47529051e-02 4.67618404e-03
8.56891069e-03 -1.19267570e-02 4.17970533e-03
8.97695345e-03 -1.11796660e-02 3.94793010e-03
9.38499612e-03 -3.48018049e-03 3.83038449e-03
9.79303870e-03 -5.55772723e-03 3.57001451e-03
1.02010812e-02 -5.93857303e-03 3.30724780e-03
1.06091236e-02 -7.54550280e-03 3.23412258e-03
1.10171659e-02 -6.23686689e-03 3.09902291e-03
1.14252081e-02 -1.62596483e-03 2.86021774e-03
1.18332501e-02 -4.86385517e-03 2.79625754e-03
1.22412921e-02 -2.03355149e-03 2.69681718e-03
1.26493339e-02 -1.70245581e-03 2.67154769e-03
1.30573757e-02 3.94534989e-03 2.64600717e-03
1.34654173e-02 -7.49246097e-04 2.45595549e-03
1.38734588e-02 -1.08894375e-03 2.45783230e-03
1.42815001e-02 8.63771764e-04 2.22496153e-03
1.46895413e-02 6.29660489e-04 2.13586316e-03
1.50975824e-02 -5.87588849e-04 2.37640537e-03
1.55056233e-02 -2.11598522e-04 2.22318899e-03
1.59136641e-02 -4.39392549e-03 2.08636725e-03
1.63217047e-02 2.42031201e-03 2.02110054e-03
1.67297452e-02 1.63757683e-03 1.86034868e-03
1.71377855e-02 -1.15812592e-04 1.87203310e-03
1.75458257e-02 2.23872390e-04 2.05736923e-03
1.79538657e-02 1.96187671e-03 2.07183627e-03
1.83619055e-02 1.04173131e-03 1.84455704e-03
1.87699451e-02 -9.40116899e-04 1.91544657e-03
1.91779846e-02 -7.54584367e-04 1.79545988e-03
1.95860239e-02 1.44223495e-03 1.92391158e-03
1.99940630e-02 2.75640680e-03 1.96126118e-03
2.04021019e-02 2.16919145e-03 1.96948900e-03
2.08101406e-02 1.66205195e-03 1.70702661e-03
2.12181791e-02 -2.67062546e-03 1.76812712e-03
2.16262174e-02 -5.50422453e-04 1.76161453e-03
2.20342555e-02 5.99162332e-04 1.71730772e-03
2.24422934e-02 -2.99484536e-03 1.65132244e-03
2.28503311e-02 5.57062595e-04 1.70732138e-03
2.32583686e-02 2.61432887e-03 1.65387705e-03
2.36664058e-02 -2.06768008e-03 1.56931989e-03
2.40744429e-02 -1.77728038e-03 1.54155875e-03
2.44824797e-02 -8.06885057e-04 1.60297470e-03
2.48905162e-02 -1.99801723e-04 1.72412516e-03
2.52985525e-02 6.65215618e-05 1.73703115e-03
2.57065886e-02 2.65928256e-04 1.69783994e-03
2.61146245e-02 -1.36799928e-03 1.77311043e-03
2.65226601e-02 -6.78222643e-04 1.74495144e-03
2.69306954e-02 1.25954436e-03 1.72057017e-03
2.73387305e-02 9.48299953e-04 1.72181825e-03
2.77467653e-02 8.53744763e-04 1.70837516e-03
2.81547999e-02 -1.51105426e-03 1.77021971e-03
2.85628342e-02 9.21545919e-04 1.56800432e-03
2.89708682e-02 1.78954281e-03 1.74050065e-03
2.93789020e-02 2.86322408e-03 1.78831789e-03
2.97869355e-02 1.57904280e-03 1.57349618e-03
3.01949687e-02 -1.56021825e-03 1.68482143e-03
3.06030016e-02 1.44347365e-03 1.54851728e-03
3.10110342e-02 -6.24254687e-04 1.53134966e-03
3.14190665e-02 -3.16986878e-04 1.58761841e-03
3.18270985e-02 -6.16211218e-04 1.52758367e-03
3.22351302e-02 9.71330014e-04 1.57014658e-03
3.26431617e-02 -6.25576940e-04 1.40547798e-03
3.30511928e-02 -1.38616036e-03 1.51343824e-03
3.34592236e-02 -1.88470817e-03 1.43884981e-03
3.38672540e-02 -9.66100880e-04 1.37604170e-03
3.42752842e-02 -2.37621209e-03 1.33683827e-03
3.46833140e-02 1.55374443e-03 1.50332528e-03
3.50913435e-02 -2.78727752e-04 1.41461903e-03
3.54993727e-02 1.17735557e-03 1.37253987e-03
3.59074015e-02 3.31648214e-04 1.43135065e-03
3.63154300e-02 2.56544647e-03 1.38146217e-03
3.67234581e-02 -2.60281240e-04 1.35696600e-03
3.71314859e-02 5.65293901e-04 1.42996296e-03
3.75395134e-02 1.05518056e-03 1.42112404e-03
3.79475405e-02 -1.78186512e-04 1.27124278e-03
3.83555672e-02 1.61395784e-03 1.37022997e-03
3.87635935e-02 -1.98101230e-03 1.33502004e-03
3.91716195e-02 -2.01638857e-03 1.38248133e-03
3.95796452e-02 -1.20590686e-03 1.33502447e-03
3.99876704e-02 -2.31593677e-04 1.34719287e-03
4.03956953e-02 1.36615572e-03 1.27788178e-03
4.08037198e-02 1.21808765e-04 1.26620509e-03
4.12117439e-02 7.44249215e-04 1.23826663e-03
4.16197676e-02 8.78360712e-04 1.29638484e-03
4.20277909e-02 -1.64515421e-04 1.34212235e-03
4.24358138e-02 6.91837470e-04 1.23919342e-03
4.28438363e-02 9.12588203e-04 1.23139227e-03
4.32518584e-02 1.50376700e-03 1.25020934e-03
4.36598801e-02 -6.93585913e-04 1.23302000e-03
4.40679014e-02 -1.55976638e-03 1.14836020e-03
4.44759222e-02 2.11344728e-03 1.19616561e-03
4.48839427e-02 1.15701552e-03 1.18367486e-03
4.52919627e-02 -1.26859049e-03 1.20043822e-03
4.56999823e-02 -7.74280642e-04 1.19222519e-03
4.61080014e-02 -7.64214068e-04 1.19158988e-03
4.65160201e-02 -5.24589277e-04 1.14088924e-03
4.69240384e-02 5.38356878e-05 1.23940432e-03
4.73320562e-02 2.17327473e-04 1.16651978e-03
4.77400736e-02 -6.16575272e-04 1.16842450e-03
4.81480905e-02 2.57126943e-04 1.17084471e-03
4.85561070e-02 -2.24415317e-04 1.17829629e-03
4.89641230e-02 1.59121170e-03 1.18884465e-03
4.93721385e-02 -3.03884619e-04 1.21592207e-03
4.97801536e-02 -9.71415386e-04 1.12455168e-03
5.01881682e-02 -1.69039309e-03 1.13238255e-03
5.05961823e-02 1.98392427e-03 1.21806464e-03
5.10041960e-02 -4.07936382e-04 1.15290601e-03
5.14122091e-02 1.43272258e-03 1.13358090e-03
5.18202218e-02 8.82583907e-04 1.16574393e-03
5.22282340e-02 -3.36558744e-04 1.10698382e-03
5.26362457e-02 5.94001292e-06 1.09666841e-03
5.30442569e-02 -1.79946500e-04 1.13770439e-03
5.34522675e-02 -1.47515600e-04 1.11649367e-03
5.38602777e-02 1.66567691e-03 1.10857851e-03
5.42682874e-02 1.42770400e-03 1.09562232e-03
5.46762965e-02 -2.09739671e-04 1.08141681e-03
5.50843052e-02 -6.84608199e-05 1.03451606e-03
5.54923133e-02 -8.50084328e-04 1.08778395e-03
5.59003208e-02 -4.69462092e-04 1.08679407e-03
5.63083279e-02 1.25079806e-03 1.06027651e-03
5.67163344e-02 -9.35010754e-04 1.09749921e-03
5.71243404e-02 -9.01994668e-05 1.10171007e-03
5.75323458e-02 1.77192480e-03 1.11603377e-03
5.79403507e-02 6.02465031e-04 1.09070388e-03
5.83483551e-02 1.99426538e-03 1.14745015e-03
5.87563588e-02 3.83754044e-04 1.12414235e-03
5.91643621e-02 -4.03459919e-04 1.09659467e-03
5.95723647e-02 7.97698570e-04 1.10314544e-03
5.99803668e-02 9.37814478e-05 1.16538624e-03
6.03883684e-02 -9.29710654e-04 1.10544584e-03
6.07963693e-02 9.34886848e-04 1.11562950e-03
6.12043697e-02 1.99262087e-03 1.09680627e-03
6.16123695e-02 7.46160187e-04 1.12020019e-03
6.20203687e-02 -3.15317356e-04 1.06208209e-03
6.24283674e-02 -2.13057123e-04 1.05077981e-03
6.28363654e-02 -5.05584649e-05 1.03556206e-03
6.32443629e-02 -6.30927427e-04 1.00890533e-03
6.36523597e-02 -2.97672928e-04 1.07172781e-03
6.40603559e-02 9.67285787e-04 1.04265757e-03
6.44683516e-02 -1.70461204e-04 1.03436165e-03
6.48763466e-02 -5.52029697e-04 1.00813021e-03
6.52843410e-02 6.20159470e-04 1.02652760e-03
6.56923348e-02 -1.89517541e-03 1.04356396e-03
6.61003279e-02 2.37603255e-05 9.81898893e-04
6.65083205e-02 -1.13891320e-04 1.02381232e-03
6.69163124e-02 4.31479370e-04 9.88562955e-04
6.73243036e-02 1.61686659e-03 9.94767468e-04
6.77322943e-02 -5.36222914e-04 9.49962196e-04
6.81402842e-02 -9.45367534e-05 9.72931177e-04
6.85482736e-02 4.65937919e-04 1.00022423e-03
6.89562623e-02 1.58993019e-03 9.77218897e-04
6.93642503e-02 -7.98672901e-04 9.51172773e-04
6.97722377e-02 -1.56846801e-03 9.53009378e-04
7.01802244e-02 -1.01181859e-03 9.53951515e-04
7.05882105e-02 -7.17764287e-04 9.67689682e-04
7.09961958e-02 1.29479834e-03 9.87278921e-04
7.14041805e-02 1.09228666e-03 9.12635574e-04
7.18121646e-02 1.19100780e-03 9.44008520e-04
7.22201479e-02 -8.45406796e-04 9.50542977e-04
7.26281306e-02 9.41035741e-05 9.44243819e-04
7.30361126e-02 7.77412478e-04 8.87861733e-04
7.34440938e-02 -4.51091070e-04 9.56373236e-04
7.38520744e-02 4.87819463e-04 9.27266246e-04
7.42600543e-02 7.50737763e-04 9.08538405e-04
7.46680335e-02 1.03200684e-03 9.57570754e-04
7.50760119e-02 4.96183048e-05 9.42588975e-04
7.54839897e-02 -7.99823494e-04 9.02150204e-04
7.58919667e-02 -1.43332797e-03 8.75051738e-04
7.62999431e-02 -9.11353407e-04 9.01894325e-04
7.67079187e-02 -7.06889820e-04 9.24909547e-04
7.71158935e-02 -8.17662194e-04 9.21543276e-04
7.75238677e-02 2.22489581e-04 8.84803276e-04
7.79318411e-02 4.59776353e-04 8.78685938e-04
7.83398137e-02 1.43262796e-03 9.30137045e-04
7.87477857e-02 -1.07475607e-03 8.66515748e-04
7.91557568e-02 3.08443318e-04 9.03275355e-04
7.95637273e-02 5.05611708e-04 8.99319079e-04
7.99716969e-02 1.40720770e-03 8.97610028e-04
8.03796658e-02 9.33866479e-04 8.87235536e-04
8.07876340e-02 -2.31225826e-03 8.70356242e-04
8.11956014e-02 9.00194762e-04 8.83230774e-04
8.16035680e-02 -3.69630261e-04 8.82630987e-04
8.20115338e-02 1.00662366e-03 8.79566293e-04
8.24194989e-02 6.67171261e-04 8.31683898e-04
8.28274631e-02 -2.83012583e-04 8.48076939e-04
8.32354266e-02 -1.80611143e-03 8.49960790e-04
8.36433893e-02 -2.12526546e-03 8.31840478e-04
8.40513512e-02 1.62653226e-04 8.44734724e-04
8.44593123e-02 -1.89906146e-04 8.10670715e-04
8.48672727e-02 8.63694490e-04 8.46611606e-04
8.52752322e-02 -4.62600001e-04 8.22517869e-04
8.56831909e-02 -6.42916903e-04 8.35803481e-04
8.60911487e-02 1.17894313e-03 8.54620877e-04
8.64991058e-02 -1.23478267e-03 8.26840982e-04
8.69070620e-02 -1.24996991e-04 8.55321276e-04
8.73150175e-02 -1.03046567e-03 8.24532584e-04
8.77229721e-02 -3.01806018e-04 8.11775627e-04
8.81309258e-02 4.61821326e-04 8.30619839e-04
8.85388787e-02 -5.73940129e-04 8.46981071e-04
8.89468308e-02 -5.95936807e-04 8.37049711e-04
8.93547821e-02 -7.93593446e-05 8.15140942e-04
8.97627325e-02 -1.43951957e-03 8.07518246e-04
9.01706820e-02 -3.13371158e-05 8.28719663e-04
9.05786307e-02 9.27086722e-04 8.33267251e-04
9.09865785e-02 -4.46107502e-04 8.33462150e-04
9.13945255e-02 9.56651445e-04 8.47518849e-04
9.18024716e-02 1.07291309e-03 8.06037755e-04
9.22104168e-02 -4.69628347e-04 7.87804519e-04
9.26183611e-02 2.08913613e-04 8.01288852e-04
9.30263046e-02 1.51256578e-03 8.08404720e-04
9.34342472e-02 -1.60783320e-04 8.21492527e-04
9.38421889e-02 -9.90081398e-04 7.88586405e-04
9.42501297e-02 1.11767161e-03 8.27095914e-04
9.46580696e-02 3.76110122e-04 8.36680265e-04
9.50660087e-02 4.53951085e-05 8.04562768e-04
9.54739468e-02 6.14642967e-04 8.15774259e-04
9.58818840e-02 -2.47791821e-04 7.80198713e-04
9.62898203e-02 -1.30560429e-03 7.93264771e-04
9.66977557e-02 1.54178538e-03 7.93119240e-04
9.71056902e-02 -5.91356672e-04 7.94083018e-04
9.75136237e-02 1.26629374e-04 7.87338809e-04
9.79215564e-02 1.23628404e-03 7.79934783e-04
9.83294881e-02 -5.59257740e-05 7.89167147e-04
9.87374188e-02 -1.42172982e-03 7.61035807e-04
9.91453487e-02 -5.35263183e-04 7.84641307e-04
9.95532775e-02 7.24831094e-04 7.67673743e-04
9.99612055e-02 -1.06222970e-03 7.88700580e-04
1.00369132e-01 2.44541825e-04 7.58186665e-04
1.00777059e-01 2.38202022e-03 7.63655208e-04
1.01184984e-01 7.83187805e-05 7.69870480e-04
1.01592908e-01 -4.75630368e-05 7.42492721e-04
1.02000831e-01 -4.68823328e-04 7.48348826e-04
1.02408753e-01 4.46016780e-04 7.30577870e-04
1.02816674e-01 -6.70388616e-05 7.55388774e-04
1.03224595e-01 6.03063946e-04 7.52295061e-04
1.03632514e-01 6.40076750e-05 7.47113149e-04
1.04040432e-01 5.73878503e-04 7.20208170e-04
1.04448349e-01 1.50748848e-05 7.46795567e-04
1.04856266e-01 1.54093799e-04 7.59830543e-04
1.05264181e-01 9.25436576e-04 7.63627702e-04
1.05672095e-01 -2.11091934e-04 7.32375495e-04
1.06080009e-01 4.29806764e-04 7.23615629e-04
1.06487921e-01 -4.34325381e-04 7.27786174e-04
1.06895832e-01 -1.98896637e-06 7.50555030e-04
1.07303743e-01 -4.89982686e-04 7.44104097e-04
1.07711652e-01 -1.07310795e-04 7.39202571e-04
1.08119560e-01 3.21029251e-04 7.34015520e-04
1.08527467e-01 8.06517387e-04 7.55454427e-04
1.08935374e-01 3.49973431e-04 7.34565769e-04
1.09343279e-01 1.53262655e-03 7.57132500e-04
1.09751183e-01 3.42873845e-04 7.21991545e-04
1.10159086e-01 1.66311828e-03 7.49600992e-04
1.10566988e-01 7.55110726e-04 7.30657197e-04
1.10974889e-01 -4.42392623e-04 7.45821140e-04
1.11382789e-01 3.08498158e-04 7.32335273e-04
1.11790688e-01 -2.20412293e-04 7.49393300e-04
1.12198586e-01 -1.23757254e-03 7.26162684e-04
1.12606482e-01 -9.73996168e-05 7.41371163e-04
1.13014378e-01 1.73534105e-05 7.55731670e-04
1.13422273e-01 3.90503297e-04 7.46382358e-04
1.13830166e-01 3.06950956e-05 7.33645305e-04
1.14238059e-01 3.68121296e-05 7.37449029e-04
1.14645950e-01 4.47371450e-04 7.43758183e-04
1.15053840e-01 6.68675688e-04 7.34994997e-04
1.15461730e-01 9.12241624e-04 7.42782298e-04
1.15869618e-01 -1.08870526e-04 7.31451317e-04
1.16277505e-01 -3.57990640e-04 7.19340335e-04
1.16685391e-01 1.25333676e-03 7.32764115e-04
1.17093275e-01 8.48392511e-04 7.41427319e-04
1.17501159e-01 -1.60189561e-05 7.46994760e-04
1.17909042e-01 -1.18186281e-03 6.91722971e-04
1.18316923e-01 1.12944731e-03 7.43915771e-04
1.18724803e-01 -6.55864605e-04 7.04339657e-04
1.19132683e-01 3.21737233e-04 7.17090140e-04
1.19540561e-01 1.19894843e-03 7.14148287e-04
1.19948438e-01 -6.65090773e-04 6.99782260e-04
1.20356313e-01 1.00750533e-03 7.16994748e-04
1.20764188e-01 -8.12170116e-04 7.15972403e-04
1.21172062e-01 -2.80579770e-05 6.71720791e-04
1.21579934e-01 -1.92455019e-05 6.94724530e-04
1.21987805e-01 6.87852919e-05 6.65528014e-04
1.22395675e-01 -5.38879337e-04 6.76613837e-04
1.22803544e-01 -6.85289722e-04 6.78972564e-04
1.23211412e-01 4.55419251e-04 6.86240714e-04
1.23619278e-01 -8.91766880e-04 6.78645585e-04
1.24027144e-01 -3.17925760e-04 6.77786692e-04
1.24435008e-01 -4.22603373e-05 6.87129494e-04
1.24842871e-01 -1.20152050e-03 6.65134859e-04
1.25250733e-01 5.45093881e-04 6.88275552e-04
1.25658594e-01 -1.14627383e-04 6.80497060e-04
1.26066453e-01 1.46764172e-04 6.82344539e-04
1.26474311e-01 2.79472174e-04 6.76028706e-04
1.26882168e-01 -1.20967142e-03 6.67501913e-04
1.27290024e-01 5.10653401e-04 7.12011955e-04
1.27697879e-01 8.86277717e-04 6.61157008e-04
1.28105732e-01 7.16601546e-05 6.55252599e-04
1.28513585e-01 1.03721657e-03 6.64931375e-04
1.28921436e-01 -4.38820816e-04 6.54442615e-04
1.29329285e-01 -8.35525658e-04 6.61524459e-04
1.29737134e-01 -1.20874250e-03 6.51431021e-04
1.30144981e-01 7.19219209e-04 6.60911620e-04
1.30552828e-01 1.06049211e-03 6.49835913e-04
1.30960672e-01 3.53843250e-04 6.47134936e-04
1.31368516e-01 1.51137128e-03 6.56139732e-04
1.31776358e-01 2.82810188e-04 6.41204521e-04
1.32184200e-01 -2.11939708e-05 6.48301747e-04
1.32592039e-01 -4.75137224e-04 6.40873707e-04
1.32999878e-01 -2.59289608e-04 6.41327074e-04
1.33407715e-01 4.12364069e-04 6.49480799e-04
1.33815552e-01 2.76074386e-04 6.31257846e-04
1.34223386e-01 5.97550223e-04 6.19489859e-04
1.34631220e-01 1.81594721e-05 6.30689286e-04
1.35039052e-01 2.41754503e-04 6.51738471e-04
1.35446883e-01 1.55091032e-04 6.39072235e-04
1.35854713e-01 1.73649678e-04 6.25102978e-04
1.36262541e-01 2.94974195e-04 6.32917228e-04
1.36670368e-01 5.96353016e-04 6.30688980e-04
1.37078194e-01 -4.40568487e-04 6.40298399e-04
1.37486019e-01 -3.25783800e-04 6.36824821e-04
1.37893842e-01 1.17894981e-03 6.42085816e-04
1.38301664e-01 -7.27358483e-04 6.23475284e-04
1.38709485e-01 4.30817038e-04 6.06825190e-04
1.39117304e-01 -2.46609716e-04 6.07380161e-04
1.39525122e-01 1.10897193e-03 6.38033556e-04
1.39932939e-01 1.18591370e-03 6.35365204e-04
1.40340754e-01 -5.27535802e-04 6.27952915e-04
1.40748568e-01 9.11815009e-05 6.18515885e-04
1.41156381e-01 -3.49763288e-04 6.08065974e-04
1.41564192e-01 2.83839917e-04 6.19523484e-04
1.41972002e-01 3.57358606e-04 6.03313570e-04
1.42379811e-01 4.75146693e-04 6.22916856e-04
1.42787618e-01 -3.99421690e-05 6.38614122e-04
1.43195424e-01 1.59849564e-04 6.22621485e-04
1.43603228e-01 4.45551230e-04 6.25380839e-04
1.44011032e-01 5.76652411e-04 6.43576324e-04
1.44418833e-01 5.77149999e-05 6.32445176e-04
1.44826634e-01 2.04662443e-04 6.43412667e-04
1.45234433e-01 9.82559433e-04 6.31118460e-04
1.45642231e-01 5.39197782e-04 6.18665215e-04
1.46050027e-01 1.31801955e-03 6.38890014e-04
1.46457822e-01 1.02291412e-03 6.56096132e-04
1.46865616e-01 6.97601963e-04 6.32201556e-04
1.47273408e-01 2.55849430e-04 6.30581922e-04
1.47681199e-01 3.82560145e-04 6.35170518e-04
1.48088988e-01 -4.31932730e-04 6.24463161e-04
1.48496776e-01 7.22171445e-04 6.50490976e-04
1.48904563e-01 8.98395314e-04 6.12289440e-04
1.49312348e-01 1.04091318e-03 6.34610544e-04
1.49720132e-01 -8.01031554e-05 6.10821823e-04
1.50127914e-01 -7.95584047e-04 6.06264976e-04
1.50535695e-01 3.88745668e-04 6.00603763e-04
1.50943474e-01 -9.08567475e-04 5.97173546e-04
1.51351252e-01 7.98137344e-06 6.09967348e-04
1.51759029e-01 2.10129414e-04 6.01844391e-04
1.52166804e-01 5.61576877e-04 6.12894359e-04
1.52574578e-01 1.05556511e-03 6.15295349e-04
1.52982350e-01 4.99220227e-04 6.08903692e-04
1.53390121e-01 8.85129018e-05 6.02012380e-04
1.53797890e-01 1.15523738e-04 5.94404160e-04
1.54205658e-01 5.30591956e-04 6.10514904e-04
1.54613425e-01 6.70969890e-04 6.01461468e-04
1.55021190e-01 9.03135382e-04 5.89481818e-04
1.55428953e-01 -1.08667629e-03 5.94983731e-04
1.55836716e-01 -1.76943628e-04 6.02608474e-04
1.56244476e-01 3.65367261e-04 5.94255751e-04
1.56652235e-01 -5.12735080e-05 5.98672595e-04
1.57059993e-01 -4.55646468e-05 5.91075979e-04
1.57467749e-01 -2.34142685e-04 5.76553839e-04
1.57875504e-01 -2.50044590e-04 5.86853511e-04
1.58283257e-01 -1.19875270e-04 5.81660824e-04
1.58691008e-01 3.50927112e-04 5.67786739e-04
1.59098758e-01 4.46350544e-04 5.58398729e-04
1.59506507e-01 4.47540996e-04 5.89687257e-04
1.59914254e-01 4.03951481e-04 5.73236842e-04
1.60322000e-01 -5.52879998e-04 5.85152008e-04
1.60729744e-01 5.87508555e-04 5.75019613e-04
1.61137486e-01 4.34321627e-04 5.68858349e-04
1.61545228e-01 3.51456031e-04 5.69821396e-04
1.61952967e-01 -2.29447588e-04 5.73644011e-04
1.62360705e-01 8.41875048e-04 5.77840966e-04
1.62768441e-01 7.07775703e-04 5.68412508e-04
1.63176176e-01 8.40105887e-04 5.61745139e-04
1.63583910e-01 1.08750073e-03 5.72772071e-04
1.63991641e-01 1.34008497e-03 5.77844011e-04
1.64399372e-01 -1.41195383e-04 5.75917691e-04
1.64807100e-01 -1.99451246e-04 5.65238328e-04
1.65214827e-01 8.07580313e-04 5.75570341e-04
1.65622553e-01 1.35796222e-04 5.60137912e-04
1.66030277e-01 1.05369400e-03 5.71099104e-04
1.66437999e-01 5.52950836e-04 5.44673278e-04
1.66845720e-01 8.12854278e-04 5.73721671e-04
1.67253439e-01 -5.22313167e-05 5.57065219e-04
1.67661157e-01 7.67337613e-04 5.69764052e-04
1.68068873e-01 -6.68648917e-04 5.56399542e-04
1.68476588e-01 -2.70163153e-04 5.51877609e-04
1.68884301e-01 -2.90886196e-04 5.52475864e-04
1.69292012e-01 -2.18957914e-04 5.53897517e-04
1.69699721e-01 7.85586482e-04 5.46795293e-04
1.70107430e-01 -5.39936739e-04 5.45105669e-04
1.70515136e-01 -2.21703785e-04 5.54129071e-04
1.70922841e-01 2.32093715e-04 5.59071062e-04
1.71330544e-01 3.26588567e-04 5.40494451e-04
1.71738246e-01 6.85417631e-04 5.43848159e-04
1.72145946e-01 3.55558671e-04 5.46562786e-04
1.72553644e-01 -1.81796495e-05 5.45510727e-04
1.72961341e-01 3.66282861e-04 5.39528608e-04
1.73369036e-01 7.45405614e-04 5.47791471e-04
1.73776729e-01 8.38200539e-04 5.57071138e-04
1.74184421e-01 2.94379539e-04 5.34711448e-04
1.74592111e-01 1.70980374e-04 5.33842399e-04
1.74999799e-01 3.35567165e-04 5.37192420e-04
1.75407486e-01 1.91266858e-05 5.38139944e-04
1.75815171e-01 2.82715499e-04 5.55512911e-04
1.76222855e-01 2.25453565e-04 5.29445207e-04
1.76630537e-01 -7.19665441e-04 5.42910406e-04
1.77038217e-01 -5.57343205e-04 5.35845755e-04
1.77445895e-01 -2.76218347e-04 5.41290454e-04
1.77853572e-01 7.74797743e-04 5.35859168e-04
1.78261247e-01 2.16117816e-04 5.39271306e-04
1.78668921e-01 9.06048742e-04 5.36198107e-04
1.79076592e-01 7.52071611e-04 5.40402173e-04
1.79484262e-01 5.89899059e-04 5.26250820e-04
1.79891931e-01 4.50837380e-04 5.24115897e-04
1.80299597e-01 3.44854521e-04 5.38282042e-04
1.80707262e-01 2.10515871e-05 5.37147270e-04
1.81114925e-01 2.23764592e-04 5.21214245e-04
1.81522587e-01 4.79347377e-04 5.19949675e-04
1.81930247e-01 -1.77861942e-04 5.24473276e-04
1.82337905e-01 -8.35318409e-05 5.14521294e-04
1.82745561e-01 -3.76613831e-04 5.16232817e-04
1.83153215e-01 3.08205330e-04 5.24977777e-04
1.83560868e-01 8.70761370e-04 5.30967757e-04
1.83968519e-01 -4.53564678e-04 5.20575460e-04
1.84376169e-01 4.68415631e-05 5.11054502e-04
1.84783816e-01 -1.69985160e-05 5.30170869e-04
1.85191462e-01 7.46288604e-04 5.16883339e-04
1.85599106e-01 -3.51857989e-05 5.15785344e-04
1.86006749e-01 -4.99975131e-05 5.21461955e-04
1.86414389e-01 -4.08564869e-04 5.06399484e-04
1.86822028e-01 3.95576370e-04 5.20194681e-04
1.87229665e-01 8.63750060e-04 5.12730217e-04
1.87637300e-01 4.40883287e-04 5.21398333e-04
1.88044934e-01 -4.70771180e-04 5.12378535e-04
1.88452566e-01 6.31029103e-04 5.04299063e-04
1.88860195e-01 -3.84325428e-04 5.08070005e-04
1.89267824e-01 -3.14979393e-04 5.15018444e-04
1.89675450e-01 -5.75193180e-04 5.09836322e-04
1.90083074e-01 1.13192592e-04 5.03468508e-04
1.90490697e-01 -3.86583204e-04 5.02649076e-04
1.90898318e-01 -3.43125078e-04 5.04754260e-04
1.91305937e-01 1.16935503e-03 5.15182774e-04
1.91713555e-01 -4.86113518e-05 5.05902886e-04
1.92121170e-01 5.25475167e-04 5.09211827e-04
1.92528784e-01 2.82120503e-04 5.06970574e-04
1.92936396e-01 1.77759030e-04 5.09685328e-04
1.93344006e-01 1.81106490e-04 4.99022298e-04
1.93751614e-01 -6.38378006e-04 5.00391936e-04
1.94159220e-01 -6.88867649e-04 5.03336282e-04
1.94566825e-01 5.88400438e-04 5.06222358e-04
1.94974427e-01 2.08401759e-04 4.94647415e-04
1.95382028e-01 8.09662434e-04 5.09285493e-04
1.95789627e-01 9.41805025e-04 5.06671226e-04
1.96197224e-01 1.23479108e-03 5.09943280e-04
1.96604820e-01 -4.99541113e-04 4.97188779e-04
1.97012413e-01 -1.28897851e-04 4.84938020e-04
1.97420005e-01 2.23766292e-04 5.00200497e-04
1.97827594e-01 2.25145457e-04 5.03091899e-04
1.98235182e-01 6.42083376e-04 5.06748282e-04
1.98642768e-01 4.44414780e-04 5.11022368e-04
1.99050352e-01 9.97472888e-04 5.04698038e-04
1.99457934e-01 -2.15673391e-04 5.08439392e-04
1.99865514e-01 5.08900672e-04 5.17895772e-04
2.00273093e-01 1.03213743e-03 5.17268099e-04
2.00680669e-01 8.60165819e-04 5.12208351e-04
2.01088244e-01 -1.27705020e-04 5.08483929e-04
2.01495816e-01 -5.26309349e-04 5.15743097e-04
2.01903387e-01 3.56907004e-04 5.06400503e-04
2.02310956e-01 -5.33459786e-04 4.93843934e-04
2.02718523e-01 7.82666732e-04 5.19707247e-04
2.03126088e-01 7.49623198e-04 5.17508992e-04
2.03533651e-01 1.63642924e-04 5.08923134e-04
2.03941212e-01 1.22855498e-03 5.13789737e-04
2.04348771e-01 6.80394697e-04 4.97058165e-04
2.04756329e-01 5.59750019e-04 4.98228724e-04
2.05163884e-01 9.68712781e-04 5.13666009e-04
2.05571438e-01 1.22849518e-04 4.98771533e-04
2.05978989e-01 1.15261149e-04 4.87446468e-04
2.06386539e-01 2.25447271e-04 5.00810269e-04
2.06794086e-01 1.94597544e-04 4.95517505e-04
2.07201632e-01 -1.35639205e-04 4.90128654e-04
2.07609175e-01 1.34821470e-04 4.80467796e-04
2.08016717e-01 1.31161771e-04 5.00456843e-04
2.08424257e-01 -1.76396281e-04 4.84307729e-04
2.08831794e-01 -1.13430925e-03 4.79475457e-04
2.09239330e-01 -1.36280216e-04 4.84756793e-04
2.09646864e-01 -6.49077083e-04 4.75194232e-04
2.10054396e-01 -4.22308083e-04 4.81073416e-04
2.10461925e-01 2.91441934e-05 4.79404488e-04
2.10869453e-01 4.51697026e-04 4.86522656e-04
2.11276979e-01 1.81523958e-04 4.75704501e-04
2.11684503e-01 4.14593443e-04 4.75267006e-04
2.12092025e-01 8.99910632e-04 4.82286019e-04
2.12499544e-01 -4.07662926e-04 4.79636373e-04
2.12907062e-01 6.66894486e-04 4.85049569e-04
2.13314578e-01 -1.22553134e-04 4.82830352e-04
2.13722092e-01 -3.01379438e-04 4.78188159e-04
2.14129603e-01 -7.99782542e-04 4.75207920e-04
2.14537113e-01 3.93118933e-04 4.81696679e-04
2.14944621e-01 -3.90274323e-05 4.77661129e-04
2.15352126e-01 8.19363147e-05 4.83204922e-04
2.15759630e-01 3.42857742e-04 4.68188141e-04
2.16167131e-01 -5.12709404e-05 4.72610248e-04
2.16574631e-01 1.10083148e-04 4.77648016e-04
2.16982128e-01 6.80282942e-04 4.77161714e-04
2.17389624e-01 7.35863030e-05 4.70784049e-04
2.17797117e-01 5.54555990e-04 4.79218101e-04
2.18204608e-01 6.49205700e-04 4.79522548e-04
2.18612098e-01 -5.78443998e-04 4.55407813e-04
2.19019585e-01 6.29188352e-04 4.69587980e-04
2.19427070e-01 -1.57180631e-05 4.63980944e-04
2.19834553e-01 7.27692634e-04 4.64644221e-04
2.20242034e-01 5.37131336e-04 4.67713812e-04
2.20649512e-01 8.82550881e-04 4.63967603e-04
2.21056989e-01 -7.60853566e-04 4.64317176e-04
2.21464464e-01 1.01690835e-04 4.60793014e-04
2.21871936e-01 4.02128194e-04 4.66538026e-04
2.22279407e-01 8.65367267e-05 4.54708937e-04
2.22686875e-01 8.59824324e-05 4.55497472e-04
2.23094341e-01 5.08738305e-04 4.68127411e-04
2.23501805e-01 -2.70100150e-04 4.66389341e-04
2.23909267e-01 6.50011522e-04 4.70875972e-04
2.24316727e-01 5.08934871e-05 4.58872340e-04
2.24724185e-01 4.08796846e-06 4.69765929e-04
2.25131641e-01 3.21657189e-04 4.58940741e-04
2.25539094e-01 -3.82801854e-04 4.54148384e-04
2.25946545e-01 4.77179506e-04 4.60828306e-04
2.26353995e-01 2.30997356e-04 4.57001625e-04
2.26761442e-01 6.80440205e-04 4.61184768e-04
2.27168887e-01 -1.40722092e-04 4.62132562e-04
2.27576329e-01 4.97552465e-04 4.60108571e-04
2.27983770e-01 4.26516090e-04 4.47171259e-04
2.28391208e-01 2.98306984e-04 4.49696185e-04
2.28798645e-01 3.56337011e-04 4.55269479e-04
2.29206079e-01 -3.98508216e-04 4.51812532e-04
2.29613511e-01 3.29537216e-04 4.61805771e-04
2.30020941e-01 7.00260513e-04 4.58790470e-04
2.30428368e-01 -5.70084981e-04 4.55142873e-04
2.30835794e-01 -2.65245320e-04 4.49206409e-04
2.31243217e-01 6.93340135e-04 4.70226918e-04
2.31650638e-01 3.37623865e-04 4.70415317e-04
2.32058057e-01 -6.97761264e-05 4.54975965e-04
2.32465473e-01 6.02435947e-05 4.61161720e-04
2.32872888e-01 -3.88208204e-04 4.69861769e-04
2.33280300e-01 7.13643939e-04 4.67595606e-04
2.33687710e-01 3.35760556e-04 4.65364442e-04
2.34095118e-01 8.80248735e-04 4.57911764e-04
2.34502524e-01 8.83228085e-04 4.60439764e-04
2.34909927e-01 5.72701372e-04 4.83948762e-04
2.35317328e-01 7.56048735e-04 4.72711373e-04
2.35724727e-01 3.21564921e-04 4.56130515e-04
2.36132124e-01 1.67027934e-04 4.52627362e-04
2.36539518e-01 -4.75091944e-06 4.56635833e-04
2.36946911e-01 -7.56952444e-05 4.59061523e-04
2.37354301e-01 6.01726639e-04 4.58855092e-04
2.37761688e-01 -7.20839708e-05 4.49589394e-04
2.38169074e-01 6.05359552e-04 4.51913245e-04
2.38576457e-01 -2.05958600e-04 4.46611286e-04
2.38983838e-01 2.78291267e-04 4.49835130e-04
2.39391217e-01 6.09937548e-04 4.51367121e-04
2.39798593e-01 -3.43095724e-04 4.52602599e-04
2.40205967e-01 -1.20718594e-04 4.46847637e-04
2.40613339e-01 -1.85828751e-04 4.44341495e-04
2.41020709e-01 3.15198837e-04 4.46699767e-04
2.41428076e-01 1.15931012e-04 4.42553743e-04
2.41835441e-01 1.10015797e-04 4.46835700e-04
2.42242804e-01 -8.94990586e-05 4.35297785e-04
2.42650165e-01 7.03641063e-04 4.49314372e-04
2.43057523e-01 -1.50928646e-04 4.41422161e-04
2.43464879e-01 -5.47670129e-04 4.31511193e-04
2.43872232e-01 2.55717818e-04 4.33616952e-04
2.44279584e-01 7.75316699e-04 4.42490214e-04
2.44686933e-01 1.03923383e-04 4.41407540e-04
2.45094279e-01 4.02931793e-04 4.35158047e-04
2.45501624e-01 1.27527692e-04 4.36362183e-04
2.45908966e-01 -6.27354680e-04 4.28085777e-04
2.46316305e-01 -3.09632040e-04 4.33762953e-04
2.46723643e-01 -2.29215542e-04 4.28832197e-04
2.47130978e-01 5.23482315e-05 4.31829584e-04
2.47538310e-01 -1.03239840e-03 4.36001679e-04
2.47945641e-01 3.76976138e-04 4.38597810e-04
2.48352969e-01 -3.39181626e-04 4.31892273e-04
2.48760294e-01 1.54810747e-04 4.42896723e-04
2.49167618e-01 -6.55524040e-04 4.34984032e-04
2.49574939e-01 -6.90363558e-04 4.28099705e-04
2.49982257e-01 2.19631683e-04 4.32492296e-04
2.50389573e-01 -4.89322343e-04 4.31610413e-04
2.50796887e-01 -3.29153060e-04 4.39320618e-04
2.51204199e-01 -1.13794307e-03 4.24816200e-04
2.51611508e-01 5.98186862e-04 4.37064487e-04
2.52018815e-01 4.50988847e-04 4.36121571e-04
2.52426119e-01 4.85061402e-04 4.33526187e-04
2.52833421e-01 3.42480747e-04 4.28625587e-04
2.53240720e-01 3.26794306e-04 4.31076659e-04
2.53648017e-01 5.46246751e-04 4.34950709e-04
2.54055312e-01 5.54298426e-04 4.33881470e-04
2.54462605e-01 5.87420420e-04 4.25742572e-04
2.54869894e-01 5.83894385e-04 4.22899270e-04
2.55277182e-01 1.04994512e-04 4.28469436e-04
2.55684467e-01 3.80068156e-05 4.24468459e-04
2.56091750e-01 4.69489886e-04 4.21392397e-04
2.56499030e-01 4.08406679e-04 4.21592166e-04
2.56906308e-01 3.87383591e-04 4.20422958e-04
2.57313583e-01 5.97999036e-04 4.23865174e-04
2.57720856e-01 -4.08606391e-04 4.10480372e-04
2.58128127e-01 -2.99680737e-04 4.17866980e-04
2.58535395e-01 5.71929191e-04 4.19065041e-04
2.58942661e-01 -7.14010051e-05 4.20732543e-04
2.59349924e-01 3.34928972e-04 4.21974522e-04
2.59757184e-01 -1.48159856e-04 4.17626355e-04
2.60164443e-01 -3.18054880e-04 4.16783612e-04
2.60571699e-01 4.23156762e-04 4.21029345e-04
2.60978952e-01 4.41858865e-04 4.18300087e-04
2.61386203e-01 2.28880213e-04 4.19100081e-04
2.61793451e-01 -4.42736551e-04 4.20206443e-04
2.62200697e-01 -1.53632122e-04 4.18550308e-04
2.62607941e-01 1.83858589e-04 4.19165095e-04
2.63015182e-01 -2.17642903e-04 4.13658193e-04
2.63422420e-01 2.54532598e-04 4.18910094e-04
2.63829656e-01 3.68353160e-04 4.20754357e-04
2.64236890e-01 -1.35637065e-04 4.13364715e-04
2.64644121e-01 6.26298456e-04 4.22486670e-04
2.65051349e-01 1.49696645e-05 4.02045282e-04
2.65458575e-01 2.07163027e-04 4.10115056e-04
2.65865799e-01 -2.42790881e-04 4.17530065e-04
2.66273019e-01 -3.40089713e-05 4.06565490e-04
2.66680238e-01 6.91568695e-05 4.14538321e-04
2.67087454e-01 1.31474476e-04 4.03262153e-04
2.67494667e-01 7.04621209e-05 4.06784876e-04
2.67901878e-01 -7.01375961e-06 4.13993347e-04
2.68309086e-01 -1.18723198e-04 4.06543309e-04
2.68716292e-01 1.83549177e-04 4.07923779e-04
2.69123495e-01 2.04953127e-04 4.09541247e-04
2.69530696e-01 -2.27796494e-04 4.14579230e-04
2.69937894e-01 3.68331397e-04 4.11118890e-04
2.70345090e-01 1.67689420e-04 4.06607654e-04
2.70752283e-01 7.25967126e-04 4.10529859e-04
2.71159473e-01 -2.79747173e-04 4.07340351e-04
2.71566661e-01 6.57809942e-04 4.06784318e-04
2.71973847e-01 -2.40262435e-04 4.01826031e-04
2.72381030e-01 3.91458485e-04 4.06063444e-04
2.72788210e-01 2.38891667e-04 4.04038354e-04
2.73195387e-01 -8.47714463e-05 4.11412026e-04
2.73602562e-01 -5.52409191e-04 4.06904465e-04
2.74009735e-01 2.53477666e-04 3.97798438e-04
2.74416905e-01 -1.08385024e-05 4.02997446e-04
2.74824072e-01 6.37044669e-04 3.95256770e-04
2.75231237e-01 -2.61598461e-04 4.01011725e-04
2.75638399e-01 4.23501126e-04 4.04400574e-04
2.76045558e-01 4.00851381e-04 4.04283000e-04
2.76452715e-01 -2.42044479e-04 3.96532721e-04
2.76859869e-01 2.30525601e-04 3.94539210e-04
2.77267021e-01 -8.68779932e-05 3.95449591e-04
2.77674170e-01 2.38974890e-04 3.97295877e-04
2.78081316e-01 4.05632278e-04 3.97201035e-04
2.78488460e-01 1.95551224e-04 4.02979371e-04
2.78895601e-01 4.00553677e-04 4.03569133e-04
2.79302740e-01 5.58098728e-04 3.94668114e-04
2.79709875e-01 -1.54657749e-04 3.95258472e-04
2.80117009e-01 4.04905809e-04 3.98021733e-04
2.80524139e-01 5.80406750e-04 3.96794755e-04
2.80931267e-01 1.36989937e-05 3.92853150e-04
2.81338392e-01 1.06038866e-03 3.97008504e-04
2.81745515e-01 -9.83322582e-05 3.93314718e-04
2.82152635e-01 -4.33037363e-04 3.97514456e-04
2.82559752e-01 -2.76943014e-04 3.94431113e-04
2.82966866e-01 3.70361400e-04 3.88848446e-04
2.83373978e-01 9.31903441e-05 3.84628600e-04
2.83781088e-01 3.96035670e-04 3.89976656e-04
2.84188194e-01 4.46663601e-04 3.97514134e-04
2.84595298e-01 1.67295373e-04 3.94814798e-04
2.85002399e-01 1.81457714e-04 3.90012574e-04
2.85409497e-01 6.89038896e-04 4.07392208e-04
2.85816593e-01 4.01964555e-04 3.93142630e-04
2.86223686e-01 -1.92687083e-04 4.06955711e-04
2.86630777e-01 -5.44998226e-05 3.99364242e-04
2.87037864e-01 -8.74725005e-04 3.94681757e-04
2.87444949e-01 -1.10861123e-05 3.97420259e-04
2.87852031e-01 7.20328345e-05 3.98098656e-04
2.88259111e-01 2.56547291e-04 4.08214173e-04
2.88666188e-01 6.27032013e-04 3.95946534e-04
2.89073262e-01 1.62796565e-04 3.99367400e-04
2.89480333e-01 2.44910455e-04 3.97286897e-04
2.89887401e-01 2.87211383e-04 4.07308499e-04
2.90294467e-01 -1.22788345e-04 3.99473103e-04
2.90701530e-01 6.01973877e-04 3.99753454e-04
2.91108591e-01 1.10462165e-03 3.94145339e-04
2.91515648e-01 8.51835442e-04 3.98887951e-04
2.91922703e-01 5.76741939e-04 3.91907808e-04
2.92329755e-01 6.57264546e-04 3.92441416e-04
2.92736804e-01 2.16039837e-04 3.95119938e-04
2.93143851e-01 6.16039523e-04 3.91436960e-04
2.93550895e-01 3.96078907e-04 3.89809680e-04
2.93957936e-01 -8.32593469e-05 3.96366609e-04
2.94364974e-01 2.78184223e-04 3.90713681e-04
2.94772009e-01 2.87120483e-04 3.99375753e-04
2.95179042e-01 4.50730960e-04 3.97437776e-04
2.95586072e-01 -2.04690223e-04 3.87050092e-04
2.95993099e-01 -5.37054876e-05 3.93653292e-04
2.96400123e-01 2.18564346e-04 3.87197938e-04
2.96807145e-01 4.28879759e-05 3.97179282e-04
2.97214163e-01 -4.56169777e-04 3.93307050e-04
2.97621179e-01 3.26708035e-04 3.88942358e-04
2.98028192e-01 -1.57189792e-05 3.94436105e-04
2.98435202e-01 1.30360794e-04 3.84203468e-04
2.98842210e-01 5.88427167e-05 3.93236090e-04
2.99249214e-01 2.08483493e-04 3.92616230e-04
2.99656216e-01 -6.40102626e-04 3.92245478e-04
3.00063215e-01 7.80872660e-05 3.94089581e-04
3.00470211e-01 -3.44251543e-04 3.92822647e-04
3.00877204e-01 7.45635382e-06 3.94512084e-04
3.01284194e-01 -2.86034099e-04 4.02568905e-04
3.01691182e-01 4.68014819e-04 3.95290709e-04
3.02098167e-01 -3.10249487e-04 3.87550432e-04
3.02505149e-01 2.10564589e-04 3.95145739e-04
3.02912128e-01 -4.08160834e-04 3.95472273e-04
3.03319104e-01 1.05513991e-05 3.97028557e-04
3.03726077e-01 -2.78662104e-04 4.03700392e-04
3.04133047e-01 -9.46275139e-06 3.87158603e-04
3.04540015e-01 2.75757641e-04 3.91217914e-04
3.04946979e-01 4.21989924e-04 3.93674444e-04
3.05353941e-01 2.49477755e-04 3.92581342e-04
3.05760900e-01 2.35416230e-04 3.95984314e-04
3.06167856e-01 1.82860921e-05 3.90916906e-04
3.06574809e-01 -2.88226319e-04 3.98535047e-04
3.06981759e-01 1.83009784e-04 3.96646484e-04
3.07388706e-01 -2.13541428e-06 3.93073522e-04
3.07795651e-01 1.78494582e-04 3.91515389e-04
3.08202592e-01 1.18960399e-04 3.97769622e-04
3.08609531e-01 -2.65621013e-04 3.90897605e-04
3.09016466e-01 6.37739354e-04 4.01945464e-04
3.09423399e-01 -2.95485739e-04 3.96018341e-04
3.09830329e-01 8.16185964e-04 4.00076046e-04
3.10237256e-01 3.67269852e-04 3.95896674e-04
3.10644180e-01 6.60841009e-04 4.03072326e-04
3.11051101e-01 -9.65105175e-05 3.94826213e-04
3.11458019e-01 3.72709517e-04 4.04420607e-04
3.11864934e-01 4.71634877e-04 4.06514338e-04
3.12271846e-01 2.91123711e-04 3.99980260e-04
3.12678755e-01 -1.47924288e-04 3.96212150e-04
3.13085661e-01 3.80898179e-04 4.01793644e-04
3.13492565e-01 5.51630640e-04 4.00564695e-04
3.13899465e-01 -4.84813977e-05 4.01344610e-04
3.14306362e-01 -3.75213465e-05 4.00700161e-04
3.14713257e-01 5.59870688e-04 4.07528353e-04
3.15120148e-01 -2.14896746e-04 3.97107057e-04
3.15527037e-01 -5.28300555e-04 4.02874149e-04
3.15933922e-01 -1.38048156e-04 4.00592263e-04
3.16340805e-01 5.15856087e-04 4.56991837e-04
3.16747684e-01 -9.50975769e-05 4.92122082e-04
3.17154561e-01 2.28199095e-04 5.12559922e-04
3.17561434e-01 9.06087460e-06 5.23835154e-04
3.17968305e-01 -3.30087118e-04 5.67181978e-04
3.18375172e-01 -1.29883903e-04 5.93168702e-04
3.18782037e-01 -1.11342692e-03 6.21765475e-04
3.19188898e-01 -9.01445394e-04 6.35024398e-04
3.19595757e-01 -1.26450186e-04 6.81851857e-04
3.20002612e-01 -4.12121292e-04 7.07405768e-04
3.20409465e-01 -2.74977644e-04 7.61970578e-04
3.20816314e-01 -1.98695230e-04 8.06895647e-04
3.21223160e-01 1.12422761e-04 9.31634196e-04
3.21630004e-01 1.20154416e-03 1.05409746e-03
3.22036844e-01 -1.10441470e-03 1.19532774e-03
3.22443681e-01 1.93225798e-04 1.85679559e-03
3.22850516e-01 -1.13656162e-03 5.55895446e-03
