4.08043586e-03 -3.01062525e-02 2.77667023e-02
4.48847930e-03 -1.34386011e-02 2.67675162e-02
4.89652269e-03 -1.46884259e-02 1.95367911e-02
5.30456604e-03 -1.10279928e-03 1.40828737e-02
5.71260934e-03 5.96592384e-03 1.14593026e-02
6.12065258e-03 -4.85352932e-03 9.30803265e-03
6.52869577e-03 -1.83958097e-03 7.41504809e-03
6.93673889e-03 -6.91119195e-04 6.60107408e-03
7.34478195e-03 7.08784505e-04 5.84189965e-03
7.75282494e-03 -1.54971975e-03 5.16876430e-03
8.16086785e-03 -6.61670496e-03 4.63563549e-03
8.56891069e-03 5.23338203e-03 4.65908911e-03
8.97695345e-03 -1.58119518e-04 4.56810314e-03
9.38499612e-03 -2.74296407e-03 4.02266959e-03
9.79303870e-03 3.99017403e-03 3.92570431e-03
1.02010812e-02 -2.12821439e-03 3.43210887e-03
1.06091236e-02 6.73829289e-03 3.51853415e-03
1.10171659e-02 2.20388209e-03 3.13033595e-03
1.14252081e-02 -2.42251974e-04 3.23405886e-03
1.18332501e-02 9.48143734e-04 2.90686413e-03
1.22412921e-02 3.85396306e-03 2.59542009e-03
1.26493339e-02 3.73838532e-03 2.48909710e-03
1.30573757e-02 6.00212799e-04 2.48647071e-03
1.34654173e-02 -8.17000763e-04 2.58179624e-03
1.38734588e-02 -6.26512996e-04 2.28688116e-03
1.42815001e-02 -2.13383035e-04 2.22531412e-03
1.46895413e-02 2.01573631e-03 2.33834893e-03
1.50975824e-02 5.47094547e-03 2.38166673e-03
1.55056233e-02 -2.20993025e-03 2.16375146e-03
1.59136641e-02 -5.90091740e-04 2.03892912e-03
1.63217047e-02 7.83461664e-04 2.10557744e-03
1.67297452e-02 -4.64186316e-04 2.08017769e-03
1.71377855e-02 1.86872849e-03 1.99436901e-03
1.75458257e-02 -8.33867520e-04 1.88057206e-03
1.79538657e-02 1.74752589e-03 1.89303193e-03
1.83619055e-02 1.60452988e-03 1.96511161e-03
1.87699451e-02 1.18431855e-03 1.93030576e-03
1.91779846e-02 1.56724802e-03 1.89289695e-03
1.95860239e-02 -3.11852218e-03 1.86869021e-03
1.99940630e-02 -1.70038563e-03 1.88592723e-03
2.04021019e-02 2.54071073e-04 1.80865124e-03
2.08101406e-02 -3.07778326e-03 1.71981961e-03
2.12181791e-02 -1.60808968e-03 1.71172234e-03
2.16262174e-02 3.76167709e-04 1.66141334e-03
2.20342555e-02 -3.05537762e-03 1.67327464e-03
2.24422934e-02 -1.16652811e-03 1.73439092e-03
2.28503311e-02 -2.81665595e-04 1.68704032e-03
2.32583686e-02 3.94337615e-04 1.74221429e-03
2.36664058e-02 -7.67073510e-04 1.62706266e-03
2.40744429e-02 4.74428939e-04 1.67390819e-03
2.44824797e-02 1.45070514e-03 1.69576319e-03
2.48905162e-02 1.47079978e-03 1.70549586e-03
2.52985525e-02 -8.37728670e-04 1.64249750e-03
2.57065886e-02 -5.23691303e-04 1.64022902e-03
2.61146245e-02 8.93402215e-04 1.60898229e-03
2.65226601e-02 2.00981042e-03 1.70239979e-03
2.69306954e-02 4.45257867e-04 1.74254944e-03
2.73387305e-02 1.22718289e-03 1.72031166e-03
2.77467653e-02 -3.73477512e-03 1.63221792e-03
2.81547999e-02 1.54790736e-03 1.68815594e-03
2.85628342e-02 1.26858000e-03 1.64787520e-03
2.89708682e-02 6.02214740e-04 1.74736868e-03
2.93789020e-02 2.71586573e-03 1.71606126e-03
2.97869355e-02 5.48188268e-04 1.66293405e-03
3.01949687e-02 2.43241463e-04 1.63054381e-03
3.06030016e-02 1.98237800e-03 1.61136822e-03
3.10110342e-02 1.45478570e-03 1.59779591e-03
3.14190665e-02 1.29502294e-03 1.59008934e-03
3.18270985e-02 -1.71598021e-03 1.47917625e-03
3.22351302e-02 1.77303413e-03 1.46158149e-03
3.26431617e-02 -2.97040837e-04 1.48597894e-03
3.30511928e-02 5.10173295e-04 1.52562307e-03
3.34592236e-02 2.98909718e-04 1.47515219e-03
3.38672540e-02 3.86243218e-05 1.43299485e-03
3.42752842e-02 1.85619207e-03 1.40737021e-03
3.46833140e-02 1.96959307e-03 1.36111422e-03
3.50913435e-02 4.17270395e-03 1.44589056e-03
3.54993727e-02 -7.31826141e-04 1.42427334e-03
3.59074015e-02 -7.16252031e-04 1.39003993e-03
3.63154300e-02 -1.15505039e-03 1.31301884e-03
3.67234581e-02 -6.05715409e-04 1.31209801e-03
3.71314859e-02 1.12725181e-03 1.41686262e-03
3.75395134e-02 -1.78705589e-03 1.35626948e-03
3.79475405e-02 1.59274416e-03 1.38007515e-03
3.83555672e-02 -1.55534454e-03 1.33835642e-03
3.87635935e-02 -1.37721471e-03 1.26430728e-03
3.91716195e-02 6.08634612e-04 1.35091312e-03
3.95796452e-02 2.18995753e-03 1.29814432e-03
3.99876704e-02 -1.13793699e-03 1.33330389e-03
4.03956953e-02 2.63249418e-03 1.34033403e-03
4.08037198e-02 3.72173135e-04 1.31268236e-03
4.12117439e-02 8.84855295e-04 1.26536528e-03
4.16197676e-02 -3.34726131e-04 1.27877715e-03
4.20277909e-02 1.70862492e-03 1.26432943e-03
4.24358138e-02 2.41548800e-04 1.23973447e-03
4.28438363e-02 -1.84546579e-03 1.18744946e-03
4.32518584e-02 -7.31279875e-04 1.23511788e-03
4.36598801e-02 2.75935934e-03 1.22859375e-03
4.40679014e-02 -3.94733258e-04 1.24124376e-03
4.44759222e-02 2.84131958e-04 1.18312456e-03
4.48839427e-02 9.00731481e-04 1.16155527e-03
4.52919627e-02 5.79392929e-04 1.24435376e-03
4.56999823e-02 1.21383197e-03 1.21309999e-03
4.61080014e-02 5.63181053e-04 1.22687362e-03
4.65160201e-02 -9.39296566e-05 1.17274171e-03
4.69240384e-02 1.43331650e-03 1.16987329e-03
4.73320562e-02 -2.01526122e-06 1.19343902e-03
4.77400736e-02 2.80391696e-04 1.15552988e-03
4.81480905e-02 4.44642535e-04 1.16506838e-03
4.85561070e-02 -7.88758175e-04 1.16978327e-03
4.89641230e-02 5.59381816e-04 1.19856202e-03
4.93721385e-02 -4.79901142e-04 1.18871743e-03
4.97801536e-02 -1.05867227e-03 1.15371284e-03
5.01881682e-02 1.46471946e-04 1.17229858e-03
5.05961823e-02 1.26995101e-03 1.13838508e-03
5.10041960e-02 2.30719221e-03 1.13460634e-03
5.14122091e-02 -1.62996547e-03 1.08660250e-03
5.18202218e-02 -1.27645525e-03 1.14892887e-03
5.22282340e-02 3.91303175e-04 1.12060978e-03
5.26362457e-02 -5.01586091e-04 1.12051372e-03
5.30442569e-02 -1.71915430e-03 1.08199928e-03
5.34522675e-02 -7.31638136e-04 1.12963332e-03
5.38602777e-02 2.74688835e-04 1.07014102e-03
5.42682874e-02 -1.38759588e-04 1.04806126e-03
5.46762965e-02 -1.61295107e-03 1.08177886e-03
5.50843052e-02 3.86374553e-04 1.08251425e-03
5.54923133e-02 -2.40589395e-03 1.02575989e-03
5.59003208e-02 -2.78984759e-04 1.11455630e-03
5.63083279e-02 -1.22682747e-03 1.09199991e-03
5.67163344e-02 -2.91056689e-03 1.07549807e-03
5.71243404e-02 -8.53874431e-04 1.10969335e-03
5.75323458e-02 1.04213978e-04 1.06189134e-03
5.79403507e-02 2.37075810e-05 1.07173914e-03
5.83483551e-02 1.09165270e-03 1.11181397e-03
5.87563588e-02 -9.66213062e-04 1.10573117e-03
5.91643621e-02 -6.41554211e-04 1.09925027e-03
5.95723647e-02 1.71715071e-03 1.15359122e-03
5.99803668e-02 -8.51913663e-04 1.14968370e-03
6.03883684e-02 -9.22450682e-04 1.04934563e-03
6.07963693e-02 -6.20734837e-04 1.07695308e-03
6.12043697e-02 6.98671499e-04 1.05422411e-03
6.16123695e-02 -1.19822630e-03 1.10861834e-03
6.20203687e-02 -3.69137709e-04 1.07625855e-03
6.24283674e-02 1.49253335e-03 1.12666286e-03
6.28363654e-02 -1.19893340e-03 1.08926159e-03
6.32443629e-02 2.52988618e-04 1.05087659e-03
6.36523597e-02 4.35776082e-04 1.02254146e-03
6.40603559e-02 9.57284085e-04 1.02415385e-03
6.44683516e-02 2.13377212e-04 9.94179994e-04
6.48763466e-02 1.54973516e-03 1.03155886e-03
6.52843410e-02 4.30214774e-04 1.07590402e-03
6.56923348e-02 -5.55076905e-04 1.01032730e-03
6.61003279e-02 1.72024268e-03 1.01769283e-03
6.65083205e-02 6.61826329e-04 9.80361310e-04
6.69163124e-02 1.31626686e-03 1.03043677e-03
6.73243036e-02 -2.07088425e-04 1.00233289e-03
6.77322943e-02 7.00977765e-04 9.81475862e-04
6.81402842e-02 -9.85507230e-05 9.95623429e-04
6.85482736e-02 6.67927191e-04 1.01080429e-03
6.89562623e-02 -9.57038789e-04 9.93755297e-04
6.93642503e-02 9.71711632e-04 9.45153179e-04
6.97722377e-02 1.34678769e-03 9.63353866e-04
7.01802244e-02 -2.18817518e-03 9.91043121e-04
7.05882105e-02 -1.67091260e-03 9.68300418e-04
7.09961958e-02 -7.77753645e-04 9.29359388e-04
7.14041805e-02 8.08218186e-05 9.18546082e-04
7.18121646e-02 -1.76489208e-03 9.52589976e-04
7.22201479e-02 -1.00487842e-03 9.67180172e-04
7.26281306e-02 -8.55895356e-04 9.32632318e-04
7.30361126e-02 -2.76298095e-05 9.25873622e-04
7.34440938e-02 -1.40234904e-04 9.43615070e-04
7.38520744e-02 -1.21702740e-03 9.26619795e-04
7.42600543e-02 1.14405592e-03 9.40159778e-04
7.46680335e-02 5.38787202e-04 9.27895294e-04
7.50760119e-02 -3.62450429e-04 9.10755110e-04
7.54839897e-02 9.46112360e-04 9.48075409e-04
7.58919667e-02 -2.33364680e-04 9.29799879e-04
7.62999431e-02 3.15031459e-05 9.24471374e-04
7.67079187e-02 -6.20548831e-05 9.14572664e-04
7.71158935e-02 -1.32157061e-03 9.13811097e-04
7.75238677e-02 2.17510228e-04 9.05423280e-04
7.79318411e-02 1.71041927e-03 9.32010798e-04
7.83398137e-02 9.05228062e-04 8.94158089e-04
7.87477857e-02 -5.29418084e-04 8.77131152e-04
7.91557568e-02 -1.28977432e-04 9.05495348e-04
7.95637273e-02 3.90876911e-04 8.78775697e-04
7.99716969e-02 -3.26478909e-04 8.94229601e-04
8.03796658e-02 3.79790731e-04 8.74805375e-04
8.07876340e-02 1.06257821e-03 8.77121033e-04
8.11956014e-02 2.23337978e-04 8.78225168e-04
8.16035680e-02 3.11442226e-04 8.84310043e-04
8.20115338e-02 -1.82618730e-03 8.69076572e-04
8.24194989e-02 -1.36492778e-03 8.49646933e-04
8.28274631e-02 -3.86701034e-04 8.72848554e-04
8.32354266e-02 3.93761542e-04 8.36870580e-04
8.36433893e-02 2.38006407e-04 8.51031913e-04
8.40513512e-02 1.44272395e-04 8.56099634e-04
8.44593123e-02 -1.52709972e-03 8.37206731e-04
8.48672727e-02 2.41747609e-04 8.43513319e-04
8.52752322e-02 7.70732260e-04 8.41684792e-04
8.56831909e-02 1.24767068e-03 8.51759526e-04
8.60911487e-02 4.88470874e-04 8.59115174e-04
8.64991058e-02 -1.32319599e-03 8.25942599e-04
8.69070620e-02 -1.63360144e-03 8.51075320e-04
8.73150175e-02 -1.18110633e-03 8.41053654e-04
8.77229721e-02 5.78128554e-05 8.48194609e-04
8.81309258e-02 9.93101711e-04 8.35269821e-04
8.85388787e-02 1.75534624e-04 8.26051558e-04
8.89468308e-02 8.91820683e-04 8.62745407e-04
8.93547821e-02 -6.99784365e-04 8.08544944e-04
8.97627325e-02 1.79787090e-03 8.27561494e-04
9.01706820e-02 -1.80186528e-04 8.23325208e-04
9.05786307e-02 8.97789052e-04 8.27201012e-04
9.09865785e-02 5.48089216e-04 8.16258407e-04
9.13945255e-02 -1.40008044e-03 8.11083114e-04
9.18024716e-02 5.72698095e-04 7.98447613e-04
9.22104168e-02 2.06793742e-05 8.12683200e-04
9.26183611e-02 2.65045195e-04 7.81093162e-04
9.30263046e-02 8.99724524e-04 8.17836881e-04
9.34342472e-02 5.93578979e-04 8.16161403e-04
9.38421889e-02 1.56920294e-03 7.91324122e-04
9.42501297e-02 1.08441013e-03 8.19896056e-04
9.46580696e-02 -7.49694592e-04 7.97587026e-04
9.50660087e-02 -1.01623881e-04 8.39311810e-04
9.54739468e-02 1.49444386e-03 8.20068729e-04
9.58818840e-02 1.03159503e-03 7.85184818e-04
9.62898203e-02 1.15703521e-04 7.91855410e-04
9.66977557e-02 -6.15263438e-05 7.76306927e-04
9.71056902e-02 -1.20900512e-04 7.94149592e-04
9.75136237e-02 6.84045691e-04 7.67387292e-04
9.79215564e-02 -4.61043596e-04 7.76916906e-04
9.83294881e-02 -9.55173731e-04 7.84721987e-04
9.87374188e-02 -1.15789434e-03 7.87817174e-04
9.91453487e-02 -4.79726702e-04 7.85995721e-04
9.95532775e-02 3.77348202e-04 7.87369415e-04
9.99612055e-02 -4.30758676e-04 7.51650813e-04
1.00369132e-01 -3.66840680e-04 7.68947611e-04
1.00777059e-01 -8.20440679e-04 7.56451201e-04
1.01184984e-01 -6.21316573e-04 7.67813498e-04
1.01592908e-01 -9.30392915e-04 7.50264927e-04
1.02000831e-01 1.25899263e-04 7.46985026e-04
1.02408753e-01 5.63490027e-04 7.32867009e-04
1.02816674e-01 4.75383867e-04 7.57543784e-04
1.03224595e-01 -4.28331697e-04 7.37373262e-04
1.03632514e-01 -5.10777208e-04 7.37374917e-04
1.04040432e-01 -1.83841866e-04 7.65343393e-04
1.04448349e-01 2.38465297e-03 7.52881015e-04
1.04856266e-01 1.52362917e-03 7.65225805e-04
1.05264181e-01 -1.26546933e-04 7.40789194e-04
1.05672095e-01 -1.47163293e-03 7.32765235e-04
1.06080009e-01 6.98058463e-04 7.41093182e-04
1.06487921e-01 1.68744043e-03 7.40884723e-04
1.06895832e-01 9.13009893e-04 7.40565066e-04
1.07303743e-01 2.79736351e-04 7.53639563e-04
1.07711652e-01 -6.81168525e-04 7.55739567e-04
1.08119560e-01 1.32037245e-03 7.46108994e-04
1.08527467e-01 1.70614014e-03 7.40790418e-04
1.08935374e-01 1.08109396e-03 7.45344871e-04
1.09343279e-01 -4.89128951e-04 7.36151996e-04
1.09751183e-01 7.26881631e-04 7.70106371e-04
1.10159086e-01 3.79052123e-04 7.21292487e-04
1.10566988e-01 -1.83045737e-04 7.06345084e-04
1.10974889e-01 1.53431366e-03 7.38931643e-04
1.11382789e-01 4.81009156e-04 7.12124036e-04
1.11790688e-01 -1.15512946e-03 7.08085531e-04
1.12198586e-01 5.10952368e-05 7.22293305e-04
1.12606482e-01 1.50125874e-04 7.31268834e-04
1.13014378e-01 3.54650414e-04 7.29033381e-04
1.13422273e-01 -5.54460490e-05 7.21564338e-04
1.13830166e-01 2.50202696e-04 7.38633396e-04
1.14238059e-01 3.82557110e-04 7.47255481e-04
1.14645950e-01 1.91828709e-04 7.48453648e-04
1.15053840e-01 1.81730595e-03 7.68870740e-04
1.15461730e-01 1.04537707e-03 7.51563799e-04
1.15869618e-01 1.81196601e-04 7.51162732e-04
1.16277505e-01 8.64026581e-04 7.60435278e-04
1.16685391e-01 8.98232462e-04 7.53734998e-04
1.17093275e-01 3.65107119e-04 7.54329684e-04
1.17501159e-01 -2.14650756e-04 7.18348768e-04
1.17909042e-01 -4.09190503e-04 7.32203943e-04
1.18316923e-01 4.09955087e-04 7.24646593e-04
1.18724803e-01 -1.51501324e-05 7.33304104e-04
1.19132683e-01 2.96493781e-04 7.13086230e-04
1.19540561e-01 -1.44471012e-04 7.21557274e-04
1.19948438e-01 -6.27414240e-04 6.82943511e-04
1.20356313e-01 -2.34133084e-04 7.07748230e-04
1.20764188e-01 7.45124070e-04 7.07103873e-04
1.21172062e-01 2.75882624e-05 6.91132711e-04
1.21579934e-01 8.53108391e-04 6.86029994e-04
1.21987805e-01 -2.86001695e-04 6.78099200e-04
1.22395675e-01 9.51980214e-05 6.89992702e-04
1.22803544e-01 -8.00888810e-04 6.78089004e-04
1.23211412e-01 -2.39942109e-04 6.74135762e-04
1.23619278e-01 2.19175623e-04 6.92895622e-04
1.24027144e-01 2.16404017e-04 6.79178405e-04
1.24435008e-01 -1.11411047e-03 6.82161473e-04
1.24842871e-01 -4.23217794e-04 6.62404498e-04
1.25250733e-01 -7.85154155e-04 6.80603214e-04
1.25658594e-01 7.16417864e-04 6.77939842e-04
1.26066453e-01 -5.88130855e-04 6.68788855e-04
1.26474311e-01 1.93840213e-04 6.75492205e-04
1.26882168e-01 -1.14773402e-03 6.63068149e-04
1.27290024e-01 -8.23004401e-04 6.64994870e-04
1.27697879e-01 1.95047644e-04 6.64370111e-04
1.28105732e-01 3.36919199e-04 6.73345844e-04
1.28513585e-01 4.90503340e-04 6.67142298e-04
1.28921436e-01 -1.01520303e-03 6.70319306e-04
1.29329285e-01 5.07394490e-04 6.54862248e-04
1.29737134e-01 4.89483290e-04 6.69706030e-04
1.30144981e-01 6.99630591e-04 6.60040754e-04
1.30552828e-01 5.60415391e-04 6.53479912e-04
1.30960672e-01 -6.04374163e-05 6.42173868e-04
1.31368516e-01 -2.90625905e-04 6.56471923e-04
1.31776358e-01 -3.77497201e-04 6.54921203e-04
1.32184200e-01 -9.50613353e-04 6.40629049e-04
1.32592039e-01 -6.81249728e-04 6.44131878e-04
1.32999878e-01 3.78713157e-04 6.31457415e-04
1.33407715e-01 5.64412307e-04 6.32905614e-04
1.33815552e-01 9.83419997e-04 6.60068373e-04
1.34223386e-01 -3.83800660e-04 6.42149443e-04
1.34631220e-01 -3.79439294e-04 6.29401867e-04
1.35039052e-01 -5.97717290e-04 6.50897323e-04
1.35446883e-01 4.89648004e-04 6.27507497e-04
1.35854713e-01 -9.13233039e-05 6.38977831e-04
1.36262541e-01 8.25817838e-04 6.38990799e-04
1.36670368e-01 -6.35611804e-04 6.32212982e-04
1.37078194e-01 1.24950209e-03 6.37949219e-04
1.37486019e-01 2.53500850e-04 6.58470790e-04
1.37893842e-01 6.21983145e-04 6.40804920e-04
1.38301664e-01 4.40960568e-04 6.30461637e-04
1.38709485e-01 -8.12759556e-04 6.19700055e-04
1.39117304e-01 -2.87259142e-04 6.11018669e-04
1.39525122e-01 -6.07070072e-04 6.20991957e-04
1.39932939e-01 -4.44188656e-04 6.25006696e-04
1.40340754e-01 -1.13707560e-04 6.22527489e-04
1.40748568e-01 8.44104257e-05 6.30747963e-04
1.41156381e-01 -9.69246051e-04 6.11550453e-04
1.41564192e-01 -6.62082408e-04 6.08245957e-04
1.41972002e-01 4.07995494e-04 6.18154042e-04
1.42379811e-01 -1.09539883e-04 6.26552460e-04
1.42787618e-01 1.78113984e-04 6.22417094e-04
1.43195424e-01 9.41256808e-04 6.29555990e-04
1.43603228e-01 -3.18268174e-04 6.35003317e-04
1.44011032e-01 7.78617125e-04 6.40707484e-04
1.44418833e-01 -1.21208510e-04 6.33214116e-04
1.44826634e-01 3.20091323e-04 6.22352355e-04
1.45234433e-01 4.81102640e-04 6.19714092e-04
1.45642231e-01 1.42671303e-04 6.24032342e-04
1.46050027e-01 -1.36373760e-04 6.30534704e-04
1.46457822e-01 -2.04983534e-04 6.33356595e-04
1.46865616e-01 3.14783828e-04 6.17600645e-04
1.47273408e-01 -7.21724110e-06 6.30436642e-04
1.47681199e-01 3.64788338e-04 6.35750005e-04
1.48088988e-01 3.26435323e-04 6.34208257e-04
1.48496776e-01 1.04128091e-03 6.47053043e-04
1.48904563e-01 3.15448347e-04 6.25551469e-04
1.49312348e-01 -5.17508464e-04 6.12925790e-04
1.49720132e-01 9.77801815e-04 6.26400749e-04
1.50127914e-01 -2.46616199e-04 5.90367293e-04
1.50535695e-01 -9.97124596e-04 6.16743902e-04
1.50943474e-01 2.28489260e-04 6.10845347e-04
1.51351252e-01 3.38849024e-04 6.05937876e-04
1.51759029e-01 4.90092093e-04 6.00491452e-04
1.52166804e-01 2.94379655e-04 6.17805647e-04
1.52574578e-01 9.29006299e-06 6.04452874e-04
1.52982350e-01 6.72817982e-04 6.25693914e-04
1.53390121e-01 8.49445632e-04 6.14786790e-04
1.53797890e-01 3.05309253e-04 5.98041472e-04
1.54205658e-01 3.56866688e-04 6.01474414e-04
1.54613425e-01 -8.89749857e-04 5.93615230e-04
1.55021190e-01 -8.55142528e-05 5.95974918e-04
1.55428953e-01 -1.01977396e-03 5.86399644e-04
1.55836716e-01 4.49733158e-04 5.95174772e-04
1.56244476e-01 9.65751805e-04 5.87451871e-04
1.56652235e-01 5.76357279e-04 5.83660982e-04
1.57059993e-01 5.31640750e-04 5.87502974e-04
1.57467749e-01 -2.30680601e-04 5.66633566e-04
1.57875504e-01 -5.12494749e-04 5.66355377e-04
1.58283257e-01 -5.21784819e-05 5.66917536e-04
1.58691008e-01 -2.00760118e-04 5.79392957e-04
1.59098758e-01 -3.16305993e-04 5.77208546e-04
1.59506507e-01 4.47206030e-04 5.83102653e-04
1.59914254e-01 -4.95802604e-04 5.65345805e-04
1.60322000e-01 2.71140318e-04 5.77389269e-04
1.60729744e-01 6.16608336e-04 5.77307686e-04
1.61137486e-01 -4.13755625e-04 5.65327367e-04
1.61545228e-01 1.11656761e-03 5.80794505e-04
1.61952967e-01 -9.19816285e-04 5.70947836e-04
1.62360705e-01 7.91499669e-04 5.84912795e-04
1.62768441e-01 3.64790022e-04 5.76933021e-04
1.63176176e-01 6.09975247e-04 5.65162087e-04
1.63583910e-01 1.19322154e-04 5.69198465e-04
1.63991641e-01 1.50976064e-03 5.81466905e-04
1.64399372e-01 9.27762879e-04 5.49269091e-04
1.64807100e-01 7.15044387e-04 5.78331159e-04
1.65214827e-01 1.85487039e-04 5.64764044e-04
1.65622553e-01 4.48713212e-04 5.68943094e-04
1.66030277e-01 -1.57661247e-04 5.64974595e-04
1.66437999e-01 -2.31776222e-04 5.60006947e-04
1.66845720e-01 -1.12217009e-03 5.60576118e-04
1.67253439e-01 1.30123888e-04 5.57187802e-04
1.67661157e-01 1.08907311e-03 5.66535623e-04
1.68068873e-01 3.66847573e-04 5.74369407e-04
1.68476588e-01 2.92997459e-04 5.64188573e-04
1.68884301e-01 2.76933016e-04 5.60500414e-04
1.69292012e-01 -9.38194626e-04 5.48751285e-04
1.69699721e-01 4.82410047e-04 5.49345346e-04
1.70107430e-01 2.60392738e-04 5.47435210e-04
1.70515136e-01 1.07588981e-04 5.52520631e-04
1.70922841e-01 6.40021526e-04 5.40071041e-04
1.71330544e-01 -8.19372619e-05 5.47634106e-04
1.71738246e-01 -1.45475631e-06 5.59970423e-04
1.72145946e-01 9.50058441e-04 5.41873468e-04
1.72553644e-01 -4.47214535e-05 5.42875126e-04
1.72961341e-01 7.06441713e-04 5.52770969e-04
1.73369036e-01 1.02516262e-03 5.40029640e-04
1.73776729e-01 8.69275859e-04 5.59027083e-04
1.74184421e-01 -3.02048605e-05 5.55600890e-04
1.74592111e-01 -1.15772097e-04 5.43267568e-04
1.74999799e-01 -8.42168336e-04 5.34814268e-04
1.75407486e-01 -7.45160329e-05 5.26319951e-04
1.75815171e-01 1.94816196e-04 5.45095046e-04
1.76222855e-01 -4.62662871e-04 5.35699462e-04
1.76630537e-01 2.72572631e-04 5.34127358e-04
1.77038217e-01 4.27287833e-04 5.37469714e-04
1.77445895e-01 6.74557618e-04 5.36535451e-04
1.77853572e-01 1.15962262e-04 5.39815211e-04
1.78261247e-01 1.47537630e-04 5.48695804e-04
1.78668921e-01 7.52969354e-04 5.33819460e-04
1.79076592e-01 5.84757325e-04 5.29167277e-04
1.79484262e-01 8.61238699e-05 5.32616521e-04
1.79891931e-01 -2.90576555e-04 5.32611277e-04
1.80299597e-01 6.11807921e-04 5.35237087e-04
1.80707262e-01 -4.49311637e-04 5.36546007e-04
1.81114925e-01 8.11208900e-04 5.30091729e-04
1.81522587e-01 1.70839918e-03 5.31797003e-04
1.81930247e-01 3.58880670e-04 5.31255707e-04
1.82337905e-01 9.11600755e-04 5.15469262e-04
1.82745561e-01 1.95673478e-04 5.22162540e-04
1.83153215e-01 -5.89937306e-05 5.27604523e-04
1.83560868e-01 -3.90367637e-05 5.07785699e-04
1.83968519e-01 -2.07483288e-04 5.16838309e-04
1.84376169e-01 2.87949005e-04 5.22977241e-04
1.84783816e-01 -5.22865451e-04 5.16325409e-04
1.85191462e-01 9.09351531e-04 5.33680183e-04
1.85599106e-01 -1.82750499e-04 5.18673064e-04
1.86006749e-01 -4.54397396e-04 5.19674152e-04
1.86414389e-01 5.17795552e-04 5.27054630e-04
1.86822028e-01 -1.67245406e-04 5.27009043e-04
1.87229665e-01 -4.63028724e-04 5.06205782e-04
1.87637300e-01 4.51569225e-05 5.23095175e-04
1.88044934e-01 -7.16957930e-05 5.18128813e-04
1.88452566e-01 -6.52838687e-04 5.21271548e-04
1.88860195e-01 2.08038685e-04 5.18898619e-04
1.89267824e-01 1.69315060e-04 5.09256010e-04
1.89675450e-01 -4.09124797e-05 5.06424371e-04
1.90083074e-01 7.61295739e-04 5.08617477e-04
1.90490697e-01 3.76379741e-04 5.11518829e-04
1.90898318e-01 1.12196031e-04 5.01803299e-04
1.91305937e-01 -2.26437241e-04 5.03829058e-04
1.91713555e-01 2.31934450e-06 5.08869734e-04
1.92121170e-01 -3.45953565e-04 5.03045591e-04
1.92528784e-01 -5.23531037e-04 5.08500443e-04
1.92936396e-01 -5.63975689e-04 5.03905491e-04
1.93344006e-01 2.13804528e-04 5.05190897e-04
1.93751614e-01 -6.01879095e-05 5.09468630e-04
1.94159220e-01 6.67516562e-04 5.05655919e-04
1.94566825e-01 2.67743254e-04 5.05441456e-04
1.94974427e-01 -1.12051783e-04 4.92780747e-04
1.95382028e-01 2.61045063e-04 4.99311268e-04
1.95789627e-01 7.43371464e-04 5.03431268e-04
1.96197224e-01 2.39590896e-04 4.97136761e-04
1.96604820e-01 6.02910266e-04 5.04459999e-04
1.97012413e-01 -3.72902131e-04 4.98172132e-04
1.97420005e-01 -4.65673706e-04 4.96717745e-04
1.97827594e-01 -2.35252987e-04 5.01552669e-04
1.98235182e-01 -2.07174627e-04 5.10172717e-04
1.98642768e-01 -3.12557805e-04 5.01602734e-04
1.99050352e-01 2.84437929e-04 5.06503680e-04
1.99457934e-01 7.86683548e-04 5.08895830e-04
1.99865514e-01 7.36848044e-04 5.04761463e-04
2.00273093e-01 2.68114074e-04 5.15015606e-04
2.00680669e-01 1.27935717e-04 4.95565421e-04
2.01088244e-01 -1.10514904e-04 5.13928649e-04
2.01495816e-01 -5.92168562e-05 5.11692984e-04
2.01903387e-01 -6.36126970e-04 5.02065962e-04
2.02310956e-01 -3.75486949e-04 5.06460876e-04
2.02718523e-01 -1.86539631e-04 5.15656335e-04
2.03126088e-01 -2.34053829e-04 5.01540955e-04
2.03533651e-01 -1.08404892e-05 5.22617535e-04
2.03941212e-01 -8.59996028e-04 5.04702722e-04
2.04348771e-01 2.64814783e-04 5.03771217e-04
2.04756329e-01 1.95087190e-04 5.06644250e-04
2.05163884e-01 -2.68451540e-04 5.05633059e-04
2.05571438e-01 7.40246441e-04 4.95561681e-04
2.05978989e-01 -4.54096290e-04 4.93101130e-04
2.06386539e-01 1.25241281e-03 4.99333500e-04
2.06794086e-01 -3.71502518e-04 4.94964783e-04
2.07201632e-01 -7.92923528e-04 4.87055974e-04
2.07609175e-01 4.05734261e-06 4.84623137e-04
2.08016717e-01 8.84286138e-04 5.01402233e-04
2.08424257e-01 1.02829868e-04 4.84796818e-04
2.08831794e-01 4.82761183e-05 4.82757462e-04
2.09239330e-01 4.95351018e-04 4.89656593e-04
2.09646864e-01 5.76002828e-05 4.89421067e-04
2.10054396e-01 -6.24514251e-04 4.83902594e-04
2.10461925e-01 -4.16318686e-05 4.71781224e-04
2.10869453e-01 3.60813005e-04 4.81574342e-04
2.11276979e-01 -2.45420791e-04 4.79088994e-04
2.11684503e-01 6.29349273e-04 4.86814304e-04
2.12092025e-01 1.12433651e-03 4.90391802e-04
2.12499544e-01 5.18752354e-04 4.77511911e-04
2.12907062e-01 5.31944011e-05 4.79747859e-04
2.13314578e-01 1.19876387e-03 4.88725268e-04
2.13722092e-01 3.92958301e-04 4.89244845e-04
2.14129603e-01 1.80341076e-04 4.75448860e-04
2.14537113e-01 8.94623928e-04 4.81717794e-04
2.14944621e-01 1.00593266e-04 4.74749227e-04
2.15352126e-01 6.59486032e-04 4.72866687e-04
2.15759630e-01 3.43459319e-04 4.81915640e-04
2.16167131e-01 -2.96069602e-04 4.75812301e-04
2.16574631e-01 -5.59432845e-05 4.75948128e-04
2.16982128e-01 -3.92490536e-04 4.75894161e-04
2.17389624e-01 7.60444519e-04 4.84010197e-04
2.17797117e-01 -3.70857484e-04 4.67396044e-04
2.18204608e-01 1.90879620e-04 4.70253560e-04
2.18612098e-01 1.41001528e-04 4.63497122e-04
2.19019585e-01 -3.28964837e-04 4.55546221e-04
2.19427070e-01 6.11082777e-04 4.59815072e-04
2.19834553e-01 3.51994015e-05 4.61591693e-04
2.20242034e-01 5.92654946e-04 4.65608559e-04
2.20649512e-01 6.54133935e-04 4.66118599e-04
2.21056989e-01 -2.37369298e-04 4.66859228e-04
2.21464464e-01 2.90507765e-04 4.57156780e-04
2.21871936e-01 -4.56822620e-04 4.59949971e-04
2.22279407e-01 8.62657713e-04 4.77264613e-04
2.22686875e-01 -2.56436167e-04 4.53071285e-04
2.23094341e-01 1.06718100e-04 4.58446873e-04
2.23501805e-01 1.22169994e-03 4.81227886e-04
2.23909267e-01 -3.22476080e-04 4.64297139e-04
2.24316727e-01 2.95792848e-04 4.70114290e-04
2.24724185e-01 -1.64718579e-04 4.48756740e-04
2.25131641e-01 2.48345427e-04 4.60121229e-04
2.25539094e-01 8.85094405e-05 4.57595382e-04
2.25946545e-01 2.74824142e-04 4.57810407e-04
2.26353995e-01 2.97779986e-04 4.61255420e-04
2.26761442e-01 -1.29229044e-04 4.55729521e-04
2.27168887e-01 7.87039150e-04 4.58988802e-04
2.27576329e-01 -1.26355778e-04 4.53507597e-04
2.27983770e-01 1.11464012e-04 4.50600317e-04
2.28391208e-01 -3.72441370e-05 4.49971513e-04
2.28798645e-01 -3.38768423e-04 4.55482117e-04
2.29206079e-01 3.43075481e-04 4.66547892e-04
2.29613511e-01 -4.11039840e-04 4.53412969e-04
2.30020941e-01 -7.26453733e-04 4.56520251e-04
2.30428368e-01 -9.92262936e-05 4.63568778e-04
2.30835794e-01 1.68237137e-04 4.67504393e-04
2.31243217e-01 -4.12853711e-04 4.58562759e-04
2.31650638e-01 -4.15761138e-04 4.54071919e-04
2.32058057e-01 -8.79452505e-04 4.66560236e-04
2.32465473e-01 5.66305085e-04 4.72108309e-04
2.32872888e-01 4.96968949e-04 4.69014473e-04
2.33280300e-01 3.84321041e-04 4.76382531e-04
2.33687710e-01 3.98415554e-04 4.56694287e-04
2.34095118e-01 1.70612860e-04 4.54301853e-04
2.34502524e-01 4.23462363e-04 4.62978821e-04
2.34909927e-01 7.31455274e-04 4.63048152e-04
2.35317328e-01 -2.12809080e-04 4.61563284e-04
2.35724727e-01 -2.09260242e-04 4.60504486e-04
2.36132124e-01 4.93793811e-04 4.52175684e-04
2.36539518e-01 2.24014939e-04 4.49228199e-04
2.36946911e-01 4.96358741e-04 4.51456391e-04
2.37354301e-01 2.63749923e-04 4.45172228e-04
2.37761688e-01 -2.58194858e-04 4.49451910e-04
2.38169074e-01 4.34204392e-04 4.52203886e-04
2.38576457e-01 3.23817367e-04 4.50395898e-04
2.38983838e-01 -2.50173826e-04 4.44401146e-04
2.39391217e-01 -2.94708812e-04 4.48848312e-04
2.39798593e-01 4.75679515e-04 4.47351762e-04
2.40205967e-01 -8.30431243e-04 4.40220484e-04
2.40613339e-01 4.47458434e-04 4.51568726e-04
2.41020709e-01 7.71859297e-04 4.49528050e-04
2.41428076e-01 5.20311577e-04 4.47278846e-04
2.41835441e-01 6.60561980e-04 4.45377850e-04
2.42242804e-01 7.77152693e-04 4.54158049e-04
2.42650165e-01 6.48703021e-04 4.51415404e-04
2.43057523e-01 -3.05102517e-04 4.35667969e-04
2.43464879e-01 5.38013190e-04 4.35752195e-04
2.43872232e-01 -5.94861663e-04 4.42471274e-04
2.44279584e-01 1.32611144e-03 4.28607562e-04
2.44686933e-01 3.97250114e-04 4.31814618e-04
2.45094279e-01 6.16990422e-04 4.49639952e-04
2.45501624e-01 6.65565545e-04 4.35442865e-04
2.45908966e-01 2.05274661e-04 4.29695428e-04
2.46316305e-01 5.33918687e-04 4.34801910e-04
2.46723643e-01 -3.89929603e-05 4.36879927e-04
2.47130978e-01 -5.24354610e-04 4.38280532e-04
2.47538310e-01 -4.13055785e-05 4.39666910e-04
2.47945641e-01 -4.94166548e-04 4.25406807e-04
2.48352969e-01 -3.83692932e-04 4.34429287e-04
2.48760294e-01 -1.11492340e-04 4.31286151e-04
2.49167618e-01 4.91785060e-04 4.29575093e-04
2.49574939e-01 3.39371829e-04 4.32332666e-04
2.49982257e-01 6.25951599e-04 4.39549390e-04
2.50389573e-01 -2.00861603e-04 4.27810812e-04
2.50796887e-01 1.20233482e-03 4.36024606e-04
2.51204199e-01 5.77569633e-04 4.27820708e-04
2.51611508e-01 2.75488546e-04 4.32770341e-04
2.52018815e-01 2.53791637e-04 4.27639353e-04
2.52426119e-01 7.48835253e-04 4.28506660e-04
2.52833421e-01 -5.06910756e-05 4.23554635e-04
2.53240720e-01 3.84076351e-04 4.29205009e-04
2.53648017e-01 6.32525521e-04 4.21670683e-04
2.54055312e-01 3.84319430e-04 4.21468082e-04
2.54462605e-01 2.20045843e-05 4.23438588e-04
2.54869894e-01 -2.73533578e-04 4.19890826e-04
2.55277182e-01 2.04246879e-04 4.25073191e-04
2.55684467e-01 -2.44023298e-04 4.22670785e-04
2.56091750e-01 -1.71872349e-04 4.18342771e-04
2.56499030e-01 -1.40073433e-04 4.13288623e-04
2.56906308e-01 2.66995903e-04 4.30795301e-04
2.57313583e-01 3.70266527e-04 4.23681123e-04
2.57720856e-01 3.94464667e-04 4.21633357e-04
2.58128127e-01 3.10428169e-04 4.21514104e-04
2.58535395e-01 1.51064864e-04 4.22536125e-04
2.58942661e-01 -5.40211779e-04 4.15640097e-04
2.59349924e-01 -2.29233228e-04 4.20928757e-04
2.59757184e-01 -6.41626445e-05 4.16980331e-04
2.60164443e-01 1.84536001e-04 4.19532749e-04
2.60571699e-01 6.02502567e-06 4.12181591e-04
2.60978952e-01 1.21239716e-04 4.18449678e-04
2.61386203e-01 -2.32047619e-04 4.17928489e-04
2.61793451e-01 1.39354549e-04 4.27918816e-04
2.62200697e-01 3.63100810e-04 4.25219336e-04
2.62607941e-01 -2.91564592e-04 4.18384397e-04
2.63015182e-01 2.68124432e-04 4.11376954e-04
2.63422420e-01 -3.51670970e-05 4.07555622e-04
2.63829656e-01 5.34963332e-04 4.19019382e-04
2.64236890e-01 -4.18083028e-04 4.10712295e-04
2.64644121e-01 -6.10485385e-04 4.05456694e-04
2.65051349e-01 -5.22148158e-04 4.13722147e-04
2.65458575e-01 -4.79613198e-04 4.08478318e-04
2.65865799e-01 9.49448515e-04 4.16752941e-04
2.66273019e-01 -1.55225342e-04 4.06813346e-04
2.66680238e-01 7.73669840e-04 4.13124144e-04
2.67087454e-01 8.77748157e-05 4.01389343e-04
2.67494667e-01 1.96975598e-04 4.09735481e-04
2.67901878e-01 3.27265155e-04 4.06053061e-04
2.68309086e-01 -4.81195461e-04 3.99327975e-04
2.68716292e-01 -5.06775116e-04 4.06330499e-04
2.69123495e-01 -4.75267518e-04 4.10975546e-04
2.69530696e-01 3.51180880e-04 4.06779838e-04
2.69937894e-01 4.21680123e-04 4.11073877e-04
2.70345090e-01 5.21211609e-04 4.11303581e-04
2.70752283e-01 3.59796614e-04 4.05248198e-04
2.71159473e-01 -2.47226088e-04 4.04739658e-04
2.71566661e-01 6.23262703e-05 4.08185214e-04
2.71973847e-01 3.74040371e-04 4.08879080e-04
2.72381030e-01 2.59015935e-04 4.05561415e-04
2.72788210e-01 2.26110205e-04 4.05850775e-04
2.73195387e-01 -4.50373062e-04 4.06576034e-04
2.73602562e-01 4.97507419e-04 4.06828025e-04
2.74009735e-01 9.12888002e-05 4.08291802e-04
2.74416905e-01 8.32365497e-04 4.06760927e-04
2.74824072e-01 3.94265252e-04 3.98151306e-04
2.75231237e-01 3.75727771e-04 4.06499167e-04
2.75638399e-01 -3.66137424e-04 4.05396445e-04
2.76045558e-01 3.05915794e-04 4.03363805e-04
2.76452715e-01 -3.28437775e-05 3.97603492e-04
2.76859869e-01 3.47229615e-04 3.95584330e-04
2.77267021e-01 -1.91896719e-04 3.98443400e-04
2.77674170e-01 4.89194819e-04 3.93882921e-04
2.78081316e-01 4.42567571e-04 3.91609987e-04
2.78488460e-01 2.80050777e-04 4.01106674e-04
2.78895601e-01 -1.27208904e-04 4.00807610e-04
2.79302740e-01 1.34088242e-04 3.99018916e-04
2.79709875e-01 2.35190082e-05 3.97415387e-04
2.80117009e-01 3.27200212e-04 3.97577117e-04
2.80524139e-01 7.64078424e-04 3.93094359e-04
2.80931267e-01 4.96964638e-04 3.96195514e-04
2.81338392e-01 -1.67414551e-04 3.98297117e-04
2.81745515e-01 -1.03193992e-04 3.95056359e-04
2.82152635e-01 3.21616737e-04 3.93695170e-04
2.82559752e-01 2.63305468e-04 3.96566589e-04
2.82966866e-01 3.03404052e-04 3.96849618e-04
2.83373978e-01 2.80116108e-04 3.90125483e-04
2.83781088e-01 -1.88300731e-04 3.86660712e-04
2.84188194e-01 4.28227429e-04 3.87765026e-04
2.84595298e-01 4.17931205e-04 3.99559302e-04
2.85002399e-01 -1.64812095e-04 3.94952129e-04
2.85409497e-01 3.57024318e-04 4.03016823e-04
2.85816593e-01 -1.97275022e-04 3.91796572e-04
2.86223686e-01 3.18110501e-04 4.06821483e-04
2.86630777e-01 7.81880154e-04 3.99396230e-04
2.87037864e-01 7.26140834e-04 4.01015127e-04
2.87444949e-01 -7.67043520e-05 3.98895731e-04
2.87852031e-01 2.41483854e-06 4.06282389e-04
2.88259111e-01 3.11563599e-04 3.96556976e-04
2.88666188e-01 4.32119796e-05 3.94783919e-04
2.89073262e-01 -2.09520476e-04 3.95071336e-04
2.89480333e-01 2.40549094e-04 3.99747381e-04
2.89887401e-01 3.55351063e-04 4.03697794e-04
2.90294467e-01 1.92253975e-04 3.96835674e-04
2.90701530e-01 1.80828206e-04 4.04103106e-04
2.91108591e-01 3.04280536e-04 3.97603688e-04
2.91515648e-01 -1.92961034e-04 3.91622080e-04
2.91922703e-01 3.76563945e-05 3.92463062e-04
2.92329755e-01 -1.62262838e-04 3.93941131e-04
2.92736804e-01 6.04966841e-04 3.97243615e-04
2.93143851e-01 4.05696387e-04 3.93086771e-04
2.93550895e-01 -3.98760958e-04 3.90053886e-04
2.93957936e-01 -2.86529924e-04 3.93116871e-04
2.94364974e-01 1.55687242e-04 3.95254569e-04
2.94772009e-01 -3.42764274e-04 3.84333336e-04
2.95179042e-01 3.83106734e-05 3.93987816e-04
2.95586072e-01 1.33190379e-04 3.94659683e-04
2.95993099e-01 -1.27441964e-05 3.91773742e-04
2.96400123e-01 1.10012884e-04 3.90574995e-04
2.96807145e-01 7.41339475e-04 3.93807733e-04
2.97214163e-01 3.66154445e-04 3.85250272e-04
2.97621179e-01 -8.54133722e-05 3.93400532e-04
2.98028192e-01 1.08567729e-04 3.90274403e-04
2.98435202e-01 9.36801592e-05 3.94032924e-04
2.98842210e-01 4.59964022e-04 3.93819781e-04
2.99249214e-01 -5.14032078e-05 3.94535371e-04
2.99656216e-01 -2.73067066e-04 3.95285935e-04
3.00063215e-01 2.31858545e-04 3.87572768e-04
3.00470211e-01 -3.04184709e-04 3.93364966e-04
3.00877204e-01 2.59888929e-04 3.89373175e-04
3.01284194e-01 -7.36583803e-05 3.92841923e-04
3.01691182e-01 4.76059233e-04 3.93655014e-04
3.02098167e-01 -1.50424822e-04 3.93803912e-04
3.02505149e-01 3.83722418e-04 3.92722105e-04
3.02912128e-01 3.59137689e-05 3.91422055e-04
3.03319104e-01 -3.62539738e-04 3.93447588e-04
3.03726077e-01 -4.86951391e-04 3.90966744e-04
3.04133047e-01 1.11126908e-04 3.93097443e-04
3.04540015e-01 2.58113281e-04 3.95327399e-04
3.04946979e-01 1.79685234e-04 3.93806597e-04
3.05353941e-01 -1.86001447e-04 3.90225420e-04
3.05760900e-01 -1.32323805e-04 3.86848032e-04
3.06167856e-01 -4.80383794e-04 3.93640540e-04
3.06574809e-01 5.41796911e-04 3.99366673e-04
3.06981759e-01 -4.27742812e-04 3.89587482e-04
3.07388706e-01 5.52213120e-04 3.96908182e-04
3.07795651e-01 4.87681814e-06 3.89174249e-04
3.08202592e-01 8.37652344e-04 3.97718122e-04
3.08609531e-01 -3.33814977e-04 3.90950400e-04
3.09016466e-01 -6.44004650e-05 3.96089527e-04
3.09423399e-01 1.55511811e-04 3.93768294e-04
3.09830329e-01 -2.48325343e-04 3.95956881e-04
3.10237256e-01 4.40111806e-04 4.01803026e-04
3.10644180e-01 -1.33029391e-04 3.98484939e-04
3.11051101e-01 -3.96531576e-04 4.00579888e-04
3.11458019e-01 -4.28509734e-04 3.97588110e-04
3.11864934e-01 6.54998369e-04 4.05085114e-04
3.12271846e-01 6.58954490e-04 3.96241247e-04
3.12678755e-01 3.51458743e-04 4.05748364e-04
3.13085661e-01 -4.69427624e-04 4.05729612e-04
3.13492565e-01 -4.45276274e-05 3.94665562e-04
3.13899465e-01 2.62172969e-04 3.98639641e-04
3.14306362e-01 -9.26811457e-05 3.98133213e-04
3.14713257e-01 7.62241617e-04 4.09123351e-04
3.15120148e-01 2.91401015e-04 3.93534395e-04
3.15527037e-01 1.59010982e-04 4.22702356e-04
3.15933922e-01 7.58317803e-04 4.21676850e-04
3.16340805e-01 5.17811263e-04 4.51317688e-04
3.16747684e-01 1.43053070e-04 4.88299205e-04
3.17154561e-01 3.14101922e-04 5.08334650e-04
3.17561434e-01 3.75690265e-04 5.52019316e-04
3.17968305e-01 9.40992345e-04 5.80798004e-04
3.18375172e-01 3.99115597e-05 6.22832263e-04
3.18782037e-01 2.46389733e-05 6.35865739e-04
3.19188898e-01 3.40492963e-04 6.54861582e-04
3.19595757e-01 8.29779363e-04 6.81383841e-04
3.20002612e-01 7.20386562e-04 7.10416152e-04
3.20409465e-01 1.43304135e-03 7.82120676e-04
3.20816314e-01 2.50057193e-04 8.47582621e-04
3.21223160e-01 1.21390818e-03 9.33535795e-04
3.21630004e-01 1.84248016e-04 1.07177634e-03
3.22036844e-01 -3.38357239e-04 1.24722810e-03
3.22443681e-01 -2.61442294e-04 1.79472175e-03
3.22850516e-01 6.92315367e-03 5.32016806e-03
