4.08043586e-03 -2.94664478e-02 2.59519087e-02
4.48847930e-03 -1.53375122e-02 2.74260624e-02
4.89652269e-03 -2.21115694e-02 2.00067830e-02
5.30456604e-03 -1.76127674e-02 1.41263636e-02
5.71260934e-03 -8.29068790e-03 1.09635392e-02
6.12065258e-03 -1.57890204e-02 8.63653334e-03
6.52869577e-03 -7.19455861e-03 7.60540028e-03
6.93673889e-03 1.13605794e-03 6.41198429e-03
7.34478195e-03 2.11312382e-03 5.96052288e-03
7.75282494e-03 -1.63763508e-03 5.09893242e-03
8.16086785e-03 4.01172957e-03 4.87704115e-03
8.56891069e-03 -2.79311909e-03 4.36121367e-03
8.97695345e-03 -5.08805888e-03 3.94472029e-03
9.38499612e-03 -2.80676486e-03 3.85445598e-03
9.79303870e-03 -5.11291983e-03 3.36697001e-03
1.02010812e-02 3.91019023e-03 3.10877010e-03
1.06091236e-02 -6.40664488e-03 3.00260611e-03
1.10171659e-02 1.55119756e-03 3.04899025e-03
1.14252081e-02 1.03080216e-03 2.95633887e-03
1.18332501e-02 2.69522521e-03 2.87692276e-03
1.22412921e-02 -3.34525592e-05 2.80982176e-03
1.26493339e-02 -6.94201117e-04 2.55009371e-03
1.30573757e-02 -1.12042736e-03 2.49342502e-03
1.34654173e-02 1.64322377e-03 2.57611061e-03
1.38734588e-02 -4.40085494e-03 2.40210757e-03
1.42815001e-02 3.27108565e-03 2.16289835e-03
1.46895413e-02 1.19945834e-03 2.26400631e-03
1.50975824e-02 -8.98377602e-04 2.27476957e-03
1.55056233e-02 -2.77838723e-03 2.04975087e-03
1.59136641e-02 -1.62997234e-03 2.07455758e-03
1.63217047e-02 3.98945411e-03 2.15564769e-03
1.67297452e-02 4.84184017e-04 1.96884488e-03
1.71377855e-02 1.92435452e-04 2.10501187e-03
1.75458257e-02 3.37988551e-04 1.91196138e-03
1.79538657e-02 7.36224288e-04 1.93536859e-03
1.83619055e-02 8.35415128e-04 1.95348382e-03
1.87699451e-02 1.14512693e-03 1.94733830e-03
1.91779846e-02 2.10487945e-03 1.96270291e-03
1.95860239e-02 2.67510146e-03 1.94480173e-03
1.99940630e-02 8.20130308e-04 1.91271894e-03
2.04021019e-02 -1.84567861e-03 1.77482701e-03
2.08101406e-02 4.07552457e-04 1.72793271e-03
2.12181791e-02 1.40572589e-03 1.77935255e-03
2.16262174e-02 2.99199422e-04 1.76986281e-03
2.20342555e-02 -7.77570842e-04 1.75159900e-03
2.24422934e-02 2.97052157e-03 1.77139039e-03
2.28503311e-02 1.15080025e-04 1.81574859e-03
2.32583686e-02 -1.86008269e-03 1.69959051e-03
2.36664058e-02 -8.03667970e-04 1.71906339e-03
2.40744429e-02 -2.15955543e-03 1.59456749e-03
2.44824797e-02 1.83082675e-03 1.67096196e-03
2.48905162e-02 -4.51092980e-04 1.69572043e-03
2.52985525e-02 -3.70649025e-03 1.70442271e-03
2.57065886e-02 -1.12905124e-03 1.70984243e-03
2.61146245e-02 -1.27053318e-03 1.66724675e-03
2.65226601e-02 -1.29025244e-03 1.56762797e-03
2.69306954e-02 -1.52624447e-03 1.71819160e-03
2.73387305e-02 1.02874529e-05 1.75100480e-03
2.77467653e-02 9.16685370e-04 1.64508013e-03
2.81547999e-02 1.94937668e-03 1.69469344e-03
2.85628342e-02 -7.08429267e-04 1.59222354e-03
2.89708682e-02 -1.22193048e-03 1.63515603e-03
2.93789020e-02 -2.37443695e-04 1.67149155e-03
2.97869355e-02 -2.43428536e-03 1.51645600e-03
3.01949687e-02 -2.10433272e-03 1.60897070e-03
3.06030016e-02 7.28275012e-04 1.55497634e-03
3.10110342e-02 -1.21263522e-03 1.66814807e-03
3.14190665e-02 4.19175654e-03 1.64851847e-03
3.18270985e-02 4.82534234e-04 1.48618377e-03
3.22351302e-02 -3.42622537e-04 1.46720933e-03
3.26431617e-02 1.95951855e-03 1.57047086e-03
3.30511928e-02 -6.11675161e-04 1.45721441e-03
3.34592236e-02 4.85767314e-04 1.49578127e-03
3.38672540e-02 2.28965356e-03 1.54376282e-03
3.42752842e-02 -7.30405184e-05 1.47820960e-03
3.46833140e-02 -1.02505420e-04 1.43815694e-03
3.50913435e-02 -3.99610881e-04 1.40550536e-03
3.54993727e-02 -2.78210314e-04 1.41867524e-03
3.59074015e-02 4.43094777e-04 1.42301577e-03
3.63154300e-02 1.54798921e-03 1.37738430e-03
3.67234581e-02 -6.16386162e-04 1.42014785e-03
3.71314859e-02 -1.13462229e-03 1.36402876e-03
3.75395134e-02 -1.43291067e-03 1.31387453e-03
3.79475405e-02 -7.16034651e-04 1.32699571e-03
3.83555672e-02 4.36217958e-04 1.36475134e-03
3.87635935e-02 -2.98134845e-04 1.30875279e-03
3.91716195e-02 3.34421911e-04 1.29746467e-03
3.95796452e-02 7.28399564e-06 1.24161994e-03
3.99876704e-02 9.66574445e-04 1.28807664e-03
4.03956953e-02 1.63358051e-03 1.32245458e-03
4.08037198e-02 1.57907510e-03 1.28662633e-03
4.12117439e-02 1.22636596e-03 1.26688661e-03
4.16197676e-02 1.47533533e-03 1.30574333e-03
4.20277909e-02 2.16435492e-04 1.26284340e-03
4.24358138e-02 1.01318980e-04 1.34257247e-03
4.28438363e-02 3.32434996e-04 1.22991700e-03
4.32518584e-02 7.23733379e-05 1.24458364e-03
4.36598801e-02 -1.30184305e-03 1.23376002e-03
4.40679014e-02 -9.75519508e-04 1.18257110e-03
4.44759222e-02 -1.43766190e-04 1.20459797e-03
4.48839427e-02 1.60877518e-03 1.22361117e-03
4.52919627e-02 5.63344554e-04 1.17152905e-03
4.56999823e-02 -1.95275758e-03 1.13152854e-03
4.61080014e-02 1.42660853e-04 1.16687344e-03
4.65160201e-02 2.45090079e-04 1.19802519e-03
4.69240384e-02 1.41656895e-03 1.17056651e-03
4.73320562e-02 1.71894992e-03 1.18894370e-03
4.77400736e-02 3.57349559e-04 1.14154538e-03
4.81480905e-02 -3.53651920e-03 1.13986307e-03
4.85561070e-02 1.00454261e-03 1.20583950e-03
4.89641230e-02 -2.70337298e-04 1.10675651e-03
4.93721385e-02 -1.54050807e-03 1.15202359e-03
4.97801536e-02 6.17145780e-04 1.17661710e-03
5.01881682e-02 4.10915172e-04 1.18543498e-03
5.05961823e-02 1.26991997e-03 1.14660060e-03
5.10041960e-02 8.32710862e-04 1.14038284e-03
5.14122091e-02 7.63337338e-04 1.13599989e-03
5.18202218e-02 1.20268814e-03 1.09855726e-03
5.22282340e-02 1.04089824e-03 1.17056297e-03
5.26362457e-02 8.16133962e-04 1.10991233e-03
5.30442569e-02 5.83778292e-05 1.13419987e-03
5.34522675e-02 1.79959410e-03 1.11262340e-03
5.38602777e-02 9.43130702e-04 1.13246845e-03
5.42682874e-02 -9.32830717e-04 1.04913117e-03
5.46762965e-02 -5.00683196e-04 1.08926510e-03
5.50843052e-02 -1.97591941e-04 1.12659347e-03
5.54923133e-02 1.38928171e-03 1.06768351e-03
5.59003208e-02 -9.65089292e-04 1.10868369e-03
5.63083279e-02 -1.37465199e-03 1.09970819e-03
5.67163344e-02 -8.60358282e-04 1.10897871e-03
5.71243404e-02 -9.53986367e-04 1.09414777e-03
5.75323458e-02 3.02551028e-04 1.09821700e-03
5.79403507e-02 -1.01838437e-03 1.08041650e-03
5.83483551e-02 6.17354089e-04 1.10700108e-03
5.87563588e-02 1.29133319e-03 1.11559078e-03
5.91643621e-02 -1.79391115e-04 1.11457604e-03
5.95723647e-02 -1.24833605e-03 1.12125371e-03
5.99803668e-02 -8.68655940e-04 1.17045398e-03
6.03883684e-02 1.38281283e-03 1.09440304e-03
6.07963693e-02 1.01098726e-03 1.12633600e-03
6.12043697e-02 1.21960880e-03 1.08982544e-03
6.16123695e-02 6.23290890e-04 1.07768093e-03
6.20203687e-02 -6.94550219e-04 1.07395407e-03
6.24283674e-02 -2.81118813e-05 1.07992283e-03
6.28363654e-02 9.84667548e-04 1.05728788e-03
6.32443629e-02 -6.32774022e-04 1.00099442e-03
6.36523597e-02 6.56364794e-05 1.02512707e-03
6.40603559e-02 2.03299283e-03 1.06652916e-03
6.44683516e-02 2.81420112e-04 1.03933170e-03
6.48763466e-02 6.18691858e-04 1.05614231e-03
6.52843410e-02 6.22195070e-04 1.03218920e-03
6.56923348e-02 1.19234924e-03 1.02932792e-03
6.61003279e-02 2.78538088e-04 9.93310062e-04
6.65083205e-02 7.19008027e-05 9.93381620e-04
6.69163124e-02 -9.98646432e-04 1.00335453e-03
6.73243036e-02 7.65889112e-04 1.02704920e-03
6.77322943e-02 1.81255955e-03 1.03277824e-03
6.81402842e-02 5.76561470e-04 1.00393610e-03
6.85482736e-02 7.71943359e-04 1.05018471e-03
6.89562623e-02 3.02355733e-04 9.91409965e-04
6.93642503e-02 -4.46232653e-04 9.69432997e-04
6.97722377e-02 -5.00612792e-04 9.90061667e-04
7.01802244e-02 7.14837418e-04 9.84985797e-04
7.05882105e-02 1.21593493e-03 9.63301102e-04
7.09961958e-02 7.07804705e-04 9.20121889e-04
7.14041805e-02 -2.44332587e-04 9.52458233e-04
7.18121646e-02 4.62610398e-04 9.28551867e-04
7.22201479e-02 2.57045253e-04 9.77060811e-04
7.26281306e-02 -9.64331333e-05 9.44892603e-04
7.30361126e-02 1.35438519e-04 9.58704494e-04
7.34440938e-02 1.25050265e-03 9.67766496e-04
7.38520744e-02 -1.29822800e-03 9.29699424e-04
7.42600543e-02 -1.08884096e-03 9.28080804e-04
7.46680335e-02 -2.72800735e-04 9.19148578e-04
7.50760119e-02 -2.64006733e-04 9.12945156e-04
7.54839897e-02 6.60557547e-04 8.93502118e-04
7.58919667e-02 1.01172044e-03 8.95014784e-04
7.62999431e-02 1.30354932e-03 9.24012016e-04
7.67079187e-02 2.71798765e-04 9.04482680e-04
7.71158935e-02 -4.06548716e-04 8.65619312e-04
7.75238677e-02 1.72487482e-03 9.48756597e-04
7.79318411e-02 4.47415103e-04 8.82893284e-04
7.83398137e-02 9.41902971e-04 8.97283980e-04
7.87477857e-02 6.04789314e-04 9.30340529e-04
7.91557568e-02 4.56486347e-04 9.40276588e-04
7.95637273e-02 6.75248059e-04 9.07873190e-04
7.99716969e-02 7.19442353e-04 9.06795380e-04
8.03796658e-02 1.01310945e-03 8.74590292e-04
8.07876340e-02 8.19867798e-04 8.67074940e-04
8.11956014e-02 -8.48730312e-04 8.74154051e-04
8.16035680e-02 -5.51812144e-04 8.18622470e-04
8.20115338e-02 -2.84967111e-04 8.54897539e-04
8.24194989e-02 3.57407344e-04 8.66300467e-04
8.28274631e-02 -1.14057729e-03 8.40020130e-04
8.32354266e-02 8.41493453e-04 8.48164734e-04
8.36433893e-02 -9.88092378e-05 8.69463916e-04
8.40513512e-02 -4.79863201e-04 8.47164013e-04
8.44593123e-02 -1.24383433e-04 8.59004353e-04
8.48672727e-02 7.00256949e-04 8.56345822e-04
8.52752322e-02 -6.40869649e-05 8.43830561e-04
8.56831909e-02 1.13240986e-03 8.59727352e-04
8.60911487e-02 -8.21378217e-04 8.40332656e-04
8.64991058e-02 2.91309823e-04 8.21351063e-04
8.69070620e-02 -7.18374641e-04 8.36876446e-04
8.73150175e-02 1.10523946e-03 8.56367309e-04
8.77229721e-02 -3.18442700e-04 8.33428918e-04
8.81309258e-02 6.47832154e-04 8.41193415e-04
8.85388787e-02 7.66673827e-04 8.29285395e-04
8.89468308e-02 9.70381979e-04 8.24113707e-04
8.93547821e-02 -4.08386712e-04 8.15932175e-04
8.97627325e-02 7.08154746e-04 8.22625100e-04
9.01706820e-02 9.60194016e-04 8.33394175e-04
9.05786307e-02 4.20170986e-04 8.22937681e-04
9.09865785e-02 5.22576903e-05 8.14131286e-04
9.13945255e-02 -5.62112913e-04 7.88940083e-04
9.18024716e-02 -3.11378085e-04 7.91768300e-04
9.22104168e-02 -6.67050297e-04 7.91111535e-04
9.26183611e-02 -5.47142892e-04 7.88161401e-04
9.30263046e-02 -2.16021372e-04 8.02762912e-04
9.34342472e-02 2.37130990e-04 8.09336268e-04
9.38421889e-02 -6.39041417e-04 8.16472540e-04
9.42501297e-02 8.13597360e-04 8.32855006e-04
9.46580696e-02 -2.44793606e-04 8.27744581e-04
9.50660087e-02 7.22876840e-04 8.38221460e-04
9.54739468e-02 -2.99171538e-04 8.15916381e-04
9.58818840e-02 -8.01295563e-05 8.29796932e-04
9.62898203e-02 1.10740613e-03 7.96909701e-04
9.66977557e-02 4.33464864e-04 7.82674899e-04
9.71056902e-02 1.02843685e-04 7.91385230e-04
9.75136237e-02 5.41439646e-04 7.97032861e-04
9.79215564e-02 7.24077793e-04 7.74448562e-04
9.83294881e-02 -1.11419711e-03 7.88382843e-04
9.87374188e-02 6.69604175e-04 7.52570347e-04
9.91453487e-02 6.43476754e-04 7.80198812e-04
9.95532775e-02 -2.11221127e-04 7.84501676e-04
9.99612055e-02 8.81413010e-05 7.73806031e-04
1.00369132e-01 1.43656446e-03 7.68668883e-04
1.00777059e-01 -5.21048505e-04 7.78981513e-04
1.01184984e-01 -8.74187053e-04 7.58268226e-04
1.01592908e-01 -7.49942374e-04 7.53556864e-04
1.02000831e-01 -2.62915094e-05 7.36795292e-04
1.02408753e-01 1.75547731e-04 7.43542537e-04
1.02816674e-01 5.22718700e-04 7.58585599e-04
1.03224595e-01 5.61298701e-04 7.27925909e-04
1.03632514e-01 8.16227966e-04 7.64891885e-04
1.04040432e-01 -1.36914970e-04 7.33249745e-04
1.04448349e-01 1.03706210e-03 7.46839893e-04
1.04856266e-01 1.49255403e-03 7.57149273e-04
1.05264181e-01 -1.35096599e-03 7.28557598e-04
1.05672095e-01 1.24940344e-03 7.40011009e-04
1.06080009e-01 5.23968070e-04 7.52609423e-04
1.06487921e-01 1.65650655e-03 7.30296458e-04
1.06895832e-01 7.43657870e-04 7.23136715e-04
1.07303743e-01 -9.03257795e-05 7.43709796e-04
1.07711652e-01 -2.98939220e-05 7.49266716e-04
1.08119560e-01 8.87938194e-04 7.52957401e-04
1.08527467e-01 -1.15738274e-03 7.47520285e-04
1.08935374e-01 -1.06728265e-05 7.25849491e-04
1.09343279e-01 -4.66082365e-04 7.47391803e-04
1.09751183e-01 2.43540880e-05 7.26192790e-04
1.10159086e-01 6.38902817e-04 7.19114437e-04
1.10566988e-01 4.77641964e-04 7.10903972e-04
1.10974889e-01 -4.99320568e-04 7.38906628e-04
1.11382789e-01 1.49165263e-03 7.66634380e-04
1.11790688e-01 5.57183656e-04 7.39936189e-04
1.12198586e-01 9.69703135e-04 7.41056004e-04
1.12606482e-01 -7.38777412e-04 7.22959195e-04
1.13014378e-01 -4.87282595e-04 7.40007209e-04
1.13422273e-01 1.00194553e-03 7.49956845e-04
1.13830166e-01 1.08007909e-03 7.45009804e-04
1.14238059e-01 -1.16877114e-03 7.30765442e-04
1.14645950e-01 -5.70586223e-04 7.27023605e-04
1.15053840e-01 4.76636440e-04 7.44423950e-04
1.15461730e-01 1.62987071e-03 7.50873373e-04
1.15869618e-01 1.01943008e-03 7.53117771e-04
1.16277505e-01 1.27205357e-03 7.22015868e-04
1.16685391e-01 -2.92737921e-04 7.20074637e-04
1.17093275e-01 6.99933497e-04 7.52895280e-04
1.17501159e-01 1.03686819e-04 7.37501092e-04
1.17909042e-01 -9.52578832e-04 7.31180534e-04
1.18316923e-01 1.28894429e-03 7.27382387e-04
1.18724803e-01 -1.18735855e-04 7.36952347e-04
1.19132683e-01 1.30084396e-04 7.14770332e-04
1.19540561e-01 1.24531107e-05 6.89653408e-04
1.19948438e-01 -5.32905407e-05 7.03292263e-04
1.20356313e-01 3.61916281e-04 7.13221910e-04
1.20764188e-01 -6.75620355e-04 7.13163610e-04
1.21172062e-01 7.69638519e-04 6.85911824e-04
1.21579934e-01 2.15214678e-04 6.59064729e-04
1.21987805e-01 -3.14889485e-04 6.84074017e-04
1.22395675e-01 1.13214202e-03 6.82525382e-04
1.22803544e-01 -1.67110992e-04 6.79539137e-04
1.23211412e-01 9.29650662e-04 6.84882795e-04
1.23619278e-01 7.78494255e-04 6.76689649e-04
1.24027144e-01 7.17915048e-04 6.67375428e-04
1.24435008e-01 4.67241802e-04 6.76253187e-04
1.24842871e-01 -7.87591751e-04 6.70460865e-04
1.25250733e-01 -1.26593158e-03 6.81082285e-04
1.25658594e-01 9.68535628e-05 6.71581694e-04
1.26066453e-01 6.80798494e-04 6.64533534e-04
1.26474311e-01 -8.01458566e-04 6.83003643e-04
1.26882168e-01 -3.65074203e-04 6.61627495e-04
1.27290024e-01 -4.12502029e-04 6.68967269e-04
1.27697879e-01 5.25521842e-04 6.84968455e-04
1.28105732e-01 3.42767719e-05 6.65660525e-04
1.28513585e-01 6.36199175e-04 6.55460250e-04
1.28921436e-01 2.77437642e-04 6.62071760e-04
1.29329285e-01 1.10838457e-04 6.69597002e-04
1.29737134e-01 3.61093140e-04 6.53647323e-04
1.30144981e-01 -3.57956550e-04 6.49923557e-04
1.30552828e-01 1.58982602e-03 6.58269073e-04
1.30960672e-01 -4.55782720e-04 6.62461252e-04
1.31368516e-01 -6.21965873e-04 6.53844011e-04
1.31776358e-01 1.02118761e-04 6.52419863e-04
1.32184200e-01 4.80202983e-05 6.47822900e-04
1.32592039e-01 6.88137243e-04 6.59453067e-04
1.32999878e-01 -1.00173756e-03 6.44322870e-04
1.33407715e-01 4.67948335e-04 6.39492632e-04
1.33815552e-01 -1.62951950e-04 6.50615218e-04
1.34223386e-01 2.08314085e-04 6.47775089e-04
1.34631220e-01 8.67426009e-05 6.15777688e-04
1.35039052e-01 -5.31924877e-05 6.48628924e-04
1.35446883e-01 7.86196976e-04 6.47637326e-04
1.35854713e-01 -7.09187523e-04 6.52507974e-04
1.36262541e-01 -3.95389194e-04 6.53322668e-04
1.36670368e-01 -2.25441487e-05 6.45833159e-04
1.37078194e-01 2.15616911e-04 6.29370234e-04
1.37486019e-01 2.11101914e-03 6.32996485e-04
1.37893842e-01 1.30936003e-04 6.27103407e-04
1.38301664e-01 1.61052104e-04 6.42214669e-04
1.38709485e-01 1.00578114e-03 6.29454765e-04
1.39117304e-01 5.30294275e-05 6.36725790e-04
1.39525122e-01 -1.04113845e-04 6.23325202e-04
1.39932939e-01 1.72825877e-04 6.30557408e-04
1.40340754e-01 -6.33030297e-04 6.22433399e-04
1.40748568e-01 -3.95741722e-04 6.21596527e-04
1.41156381e-01 -8.26279261e-04 6.13224762e-04
1.41564192e-01 -9.68987455e-04 6.24223318e-04
1.41972002e-01 2.20711657e-04 6.12286726e-04
1.42379811e-01 5.10399647e-04 6.29609445e-04
1.42787618e-01 -3.80790427e-04 6.37355771e-04
1.43195424e-01 -1.43339062e-05 6.17054028e-04
1.43603228e-01 -4.84678458e-04 6.13403916e-04
1.44011032e-01 2.02077858e-04 6.28675904e-04
1.44418833e-01 -1.69113537e-04 6.27682720e-04
1.44826634e-01 6.64391607e-05 6.23879883e-04
1.45234433e-01 2.00642215e-04 6.35285836e-04
1.45642231e-01 9.86697279e-04 6.26570338e-04
1.46050027e-01 1.55354477e-04 6.23928750e-04
1.46457822e-01 3.10658580e-04 6.45737104e-04
1.46865616e-01 3.40071819e-04 6.37868384e-04
1.47273408e-01 5.70944247e-06 6.44976481e-04
1.47681199e-01 -1.19125210e-03 6.29192259e-04
1.48088988e-01 -2.10670360e-04 6.28447012e-04
1.48496776e-01 -5.46643796e-04 6.29091716e-04
1.48904563e-01 -9.40293372e-04 6.10289290e-04
1.49312348e-01 -3.46814436e-05 6.24305942e-04
1.49720132e-01 -1.38550449e-03 6.23712706e-04
1.50127914e-01 -8.37587679e-04 6.20689863e-04
1.50535695e-01 -4.47543676e-04 6.08970603e-04
1.50943474e-01 -4.30702759e-04 6.02138431e-04
1.51351252e-01 -1.72512278e-03 6.07049863e-04
1.51759029e-01 5.98572205e-04 6.09593177e-04
1.52166804e-01 -5.67489894e-04 5.99775959e-04
1.52574578e-01 -1.48235289e-04 6.16684694e-04
1.52982350e-01 -4.12676362e-04 6.05235842e-04
1.53390121e-01 2.87266005e-04 5.95078166e-04
1.53797890e-01 1.26147280e-04 6.06942720e-04
1.54205658e-01 8.02284288e-04 5.99920062e-04
1.54613425e-01 -4.15900295e-04 5.96325356e-04
1.55021190e-01 1.00494343e-03 6.00004826e-04
1.55428953e-01 -1.51190418e-04 5.94150949e-04
1.55836716e-01 -1.71856338e-04 5.97959495e-04
1.56244476e-01 1.61271956e-04 5.97631251e-04
1.56652235e-01 -6.58449514e-04 5.89643054e-04
1.57059993e-01 -2.62461467e-04 5.85078448e-04
1.57467749e-01 1.40203584e-03 5.86985416e-04
1.57875504e-01 5.09206723e-05 5.77785192e-04
1.58283257e-01 7.32347181e-04 5.89274241e-04
1.58691008e-01 3.86122494e-05 5.70956769e-04
1.59098758e-01 -3.96415515e-05 5.85810523e-04
1.59506507e-01 -4.15880074e-04 5.80891480e-04
1.59914254e-01 -1.54831331e-04 5.66510953e-04
1.60322000e-01 -4.43924562e-04 5.73823258e-04
1.60729744e-01 1.16970937e-03 5.85510655e-04
1.61137486e-01 1.64308769e-04 5.62506322e-04
1.61545228e-01 1.02378643e-05 5.75489253e-04
1.61952967e-01 8.59795573e-04 5.80405713e-04
1.62360705e-01 8.54709524e-04 5.85837494e-04
1.62768441e-01 -9.57630705e-04 5.78421745e-04
1.63176176e-01 3.07203304e-04 5.66197522e-04
1.63583910e-01 3.97238563e-04 5.62819259e-04
1.63991641e-01 5.18727868e-04 5.66430588e-04
1.64399372e-01 -5.73911395e-04 5.62582518e-04
1.64807100e-01 -4.66906004e-04 5.60166816e-04
1.65214827e-01 -4.14802513e-04 5.73670830e-04
1.65622553e-01 3.23538797e-04 5.51772759e-04
1.66030277e-01 8.23527204e-04 5.67266898e-04
1.66437999e-01 -4.39902422e-04 5.50087823e-04
1.66845720e-01 4.87358174e-04 5.69326353e-04
1.67253439e-01 -2.69818919e-04 5.69472491e-04
1.67661157e-01 4.73461292e-04 5.33321391e-04
1.68068873e-01 -5.05138197e-04 5.58271553e-04
1.68476588e-01 1.85284199e-04 5.73362485e-04
1.68884301e-01 1.12827811e-03 5.58774719e-04
1.69292012e-01 -5.45048581e-04 5.46731355e-04
1.69699721e-01 6.51589725e-04 5.46740736e-04
1.70107430e-01 -2.34286240e-04 5.43934541e-04
1.70515136e-01 1.01893959e-04 5.28800356e-04
1.70922841e-01 -6.90839611e-04 5.48316588e-04
1.71330544e-01 -4.70612100e-04 5.39376098e-04
1.71738246e-01 -3.26660628e-04 5.45659960e-04
1.72145946e-01 4.69107333e-04 5.63656525e-04
1.72553644e-01 -4.65458024e-04 5.41634644e-04
1.72961341e-01 4.01337518e-04 5.60307999e-04
1.73369036e-01 2.84671575e-04 5.39523919e-04
1.73776729e-01 1.12363452e-03 5.49803619e-04
1.74184421e-01 2.30272834e-04 5.43609019e-04
1.74592111e-01 -6.93972481e-05 5.42137946e-04
1.74999799e-01 1.52048738e-04 5.42911417e-04
1.75407486e-01 1.26324188e-04 5.43593827e-04
1.75815171e-01 -2.21668472e-05 5.42190453e-04
1.76222855e-01 -1.65474845e-04 5.41368645e-04
1.76630537e-01 -1.33531593e-03 5.17805772e-04
1.77038217e-01 3.69935617e-04 5.40765725e-04
1.77445895e-01 1.51732715e-03 5.38629732e-04
1.77853572e-01 -9.29892893e-05 5.21821812e-04
1.78261247e-01 -2.37974088e-05 5.32280193e-04
1.78668921e-01 -4.76061215e-04 5.30450779e-04
1.79076592e-01 -7.01357277e-05 5.32192892e-04
1.79484262e-01 4.87714700e-04 5.30694599e-04
1.79891931e-01 8.23180597e-05 5.23552902e-04
1.80299597e-01 4.82750247e-04 5.23445546e-04
1.80707262e-01 5.59249716e-05 5.32918907e-04
1.81114925e-01 9.86136565e-04 5.27699045e-04
1.81522587e-01 4.11988421e-04 5.25932501e-04
1.81930247e-01 -9.27927232e-04 5.20028142e-04
1.82337905e-01 5.60927054e-04 5.28467109e-04
1.82745561e-01 2.87562498e-04 5.19383642e-04
1.83153215e-01 4.45597986e-04 5.24065410e-04
1.83560868e-01 -1.52901316e-04 5.10778322e-04
1.83968519e-01 -6.20612476e-05 5.01938509e-04
1.84376169e-01 -6.49843608e-04 5.16383623e-04
1.84783816e-01 8.66933013e-04 5.24203373e-04
1.85191462e-01 4.13963293e-04 5.17679326e-04
1.85599106e-01 6.67346792e-04 5.26074665e-04
1.86006749e-01 3.96166046e-04 5.22464355e-04
1.86414389e-01 -3.83712855e-04 5.19851950e-04
1.86822028e-01 6.86758322e-04 5.24412573e-04
1.87229665e-01 -2.69251676e-04 5.05330994e-04
1.87637300e-01 4.33054658e-04 5.16600999e-04
1.88044934e-01 1.56571540e-04 5.05958847e-04
1.88452566e-01 6.66258736e-04 5.08410477e-04
1.88860195e-01 1.86862189e-04 5.19067932e-04
1.89267824e-01 -1.10938985e-04 5.12295361e-04
1.89675450e-01 1.04187346e-03 5.04805591e-04
1.90083074e-01 -2.86385691e-04 5.17819191e-04
1.90490697e-01 -7.05607508e-04 5.15044364e-04
1.90898318e-01 4.30081538e-04 5.03927174e-04
1.91305937e-01 -7.62420213e-05 4.99219128e-04
1.91713555e-01 4.93505659e-04 5.13468844e-04
1.92121170e-01 2.85154047e-04 5.10504337e-04
1.92528784e-01 -1.55323376e-04 5.02435184e-04
1.92936396e-01 -4.50303131e-04 4.98994345e-04
1.93344006e-01 3.35916766e-04 5.17498613e-04
1.93751614e-01 8.77809915e-04 5.14398737e-04
1.94159220e-01 -4.63699555e-04 4.89617382e-04
1.94566825e-01 5.68292860e-04 4.98029396e-04
1.94974427e-01 -3.62305797e-04 5.09527218e-04
1.95382028e-01 1.30035891e-04 4.98031277e-04
1.95789627e-01 -2.66711976e-04 4.90784766e-04
1.96197224e-01 5.39055145e-04 4.88368516e-04
1.96604820e-01 3.68613434e-04 5.05896651e-04
1.97012413e-01 -4.51906045e-04 4.90002793e-04
1.97420005e-01 -4.68003007e-04 5.12502044e-04
1.97827594e-01 4.06646644e-05 5.11864888e-04
1.98235182e-01 -9.86801608e-05 4.95739543e-04
1.98642768e-01 4.51083366e-04 5.07341499e-04
1.99050352e-01 6.41116393e-04 5.05060044e-04
1.99457934e-01 3.62268326e-04 4.96695079e-04
1.99865514e-01 -8.85716714e-05 5.02174551e-04
2.00273093e-01 -5.76786500e-06 5.11924905e-04
2.00680669e-01 2.43125362e-04 5.05068229e-04
2.01088244e-01 -4.60136727e-04 5.11156570e-04
2.01495816e-01 1.95298207e-04 5.11033660e-04
2.01903387e-01 4.10091002e-04 5.05272634e-04
2.02310956e-01 1.93644855e-04 5.01506087e-04
2.02718523e-01 5.42264849e-04 5.00486335e-04
2.03126088e-01 5.03795258e-05 5.06485341e-04
2.03533651e-01 4.98309201e-04 5.16244902e-04
2.03941212e-01 7.98210012e-04 5.14180879e-04
2.04348771e-01 7.24239979e-04 5.12883665e-04
2.04756329e-01 8.22605348e-06 5.12336156e-04
2.05163884e-01 -2.79659511e-04 4.97741580e-04
2.05571438e-01 -5.00821716e-04 4.89080780e-04
2.05978989e-01 -1.53477938e-04 4.95186381e-04
2.06386539e-01 4.03662255e-04 4.97558577e-04
2.06794086e-01 5.26182695e-04 4.99892668e-04
2.07201632e-01 4.17505153e-04 4.98265500e-04
2.07609175e-01 8.10600934e-04 4.90073990e-04
2.08016717e-01 7.35053750e-04 4.88692723e-04
2.08424257e-01 -3.67244022e-05 4.79913132e-04
2.08831794e-01 -1.55558399e-04 4.82703179e-04
2.09239330e-01 -2.98730777e-04 4.79009347e-04
2.09646864e-01 1.94343548e-04 4.80944931e-04
2.10054396e-01 1.42187591e-04 4.75821784e-04
2.10461925e-01 -3.70434623e-04 4.85417828e-04
2.10869453e-01 4.17428710e-04 4.94809176e-04
2.11276979e-01 8.25226225e-05 4.83904493e-04
2.11684503e-01 -4.28405743e-04 4.83765428e-04
2.12092025e-01 3.56453381e-04 4.75946682e-04
2.12499544e-01 -2.14922978e-04 4.81107793e-04
2.12907062e-01 2.42663157e-04 4.83600056e-04
2.13314578e-01 -4.07136816e-04 4.72407411e-04
2.13722092e-01 1.80216645e-04 4.80681419e-04
2.14129603e-01 2.74771497e-04 4.75160766e-04
2.14537113e-01 -3.96057830e-04 4.72639404e-04
2.14944621e-01 1.22357106e-04 4.73138647e-04
2.15352126e-01 2.00965833e-04 4.82951045e-04
2.15759630e-01 7.03575991e-06 4.75779533e-04
2.16167131e-01 6.70890044e-05 4.78329907e-04
2.16574631e-01 2.19054912e-04 4.73469585e-04
2.16982128e-01 -2.79760456e-04 4.62358610e-04
2.17389624e-01 -5.69647887e-04 4.74540382e-04
2.17797117e-01 6.96013806e-04 4.74976999e-04
2.18204608e-01 -4.80191302e-04 4.62047077e-04
2.18612098e-01 3.64975327e-04 4.69560587e-04
2.19019585e-01 -2.35093361e-04 4.66446623e-04
2.19427070e-01 6.91441862e-04 4.63303109e-04
2.19834553e-01 4.45424622e-04 4.66993467e-04
2.20242034e-01 1.57430169e-05 4.70210720e-04
2.20649512e-01 2.35451763e-04 4.59970674e-04
2.21056989e-01 -6.82415514e-04 4.58606333e-04
2.21464464e-01 8.32377292e-05 4.58887421e-04
2.21871936e-01 4.77332432e-04 4.67557066e-04
2.22279407e-01 9.38827611e-04 4.71199731e-04
2.22686875e-01 1.72453110e-04 4.59848420e-04
2.23094341e-01 6.98608504e-05 4.57590760e-04
2.23501805e-01 3.86981874e-04 4.60728857e-04
2.23909267e-01 -4.75838674e-05 4.61188429e-04
2.24316727e-01 -7.11929163e-04 4.59546158e-04
2.24724185e-01 -6.52019734e-04 4.59000090e-04
2.25131641e-01 1.55497023e-04 4.55273661e-04
2.25539094e-01 5.16683965e-04 4.57127499e-04
2.25946545e-01 2.30275983e-04 4.67000457e-04
2.26353995e-01 -4.36139576e-04 4.66904882e-04
2.26761442e-01 1.10423105e-03 4.55798133e-04
2.27168887e-01 -4.46513269e-04 4.45994939e-04
2.27576329e-01 -7.27200375e-05 4.51886124e-04
2.27983770e-01 3.12955429e-04 4.64322836e-04
2.28391208e-01 3.09253892e-04 4.61038893e-04
2.28798645e-01 1.77239175e-05 4.64544771e-04
2.29206079e-01 2.70438059e-04 4.57468725e-04
2.29613511e-01 4.27786808e-04 4.47501638e-04
2.30020941e-01 3.21954835e-04 4.69878865e-04
2.30428368e-01 -1.64194850e-04 4.56607847e-04
2.30835794e-01 -6.15487914e-04 4.64957878e-04
2.31243217e-01 -2.36861910e-04 4.67389273e-04
2.31650638e-01 2.08343259e-05 4.59222925e-04
2.32058057e-01 2.04331077e-04 4.61607112e-04
2.32465473e-01 3.32101816e-04 4.74724249e-04
2.32872888e-01 7.46790707e-04 4.62171076e-04
2.33280300e-01 9.12678222e-05 4.68693499e-04
2.33687710e-01 -1.15671033e-04 4.67949784e-04
2.34095118e-01 -6.98182646e-05 4.68348704e-04
2.34502524e-01 1.19081681e-04 4.61003374e-04
2.34909927e-01 8.44579074e-04 4.78004095e-04
2.35317328e-01 -4.54699528e-05 4.55657751e-04
2.35724727e-01 7.49356779e-04 4.67930323e-04
2.36132124e-01 7.97649143e-04 4.58418685e-04
2.36539518e-01 3.22628319e-04 4.61855156e-04
2.36946911e-01 7.09040775e-04 4.53988480e-04
2.37354301e-01 -7.34336125e-04 4.44293376e-04
2.37761688e-01 3.58619199e-04 4.53642935e-04
2.38169074e-01 2.42367714e-04 4.50202586e-04
2.38576457e-01 3.63950804e-05 4.38682153e-04
2.38983838e-01 -1.02679796e-03 4.44117255e-04
2.39391217e-01 -4.41519651e-04 4.33735293e-04
2.39798593e-01 2.85105931e-05 4.50047888e-04
2.40205967e-01 3.17620133e-05 4.48798919e-04
2.40613339e-01 1.46880467e-04 4.55024775e-04
2.41020709e-01 -4.92105231e-05 4.36401633e-04
2.41428076e-01 -1.09076977e-04 4.41511033e-04
2.41835441e-01 6.90010729e-04 4.46451244e-04
2.42242804e-01 1.10953233e-03 4.48395384e-04
2.42650165e-01 1.99803254e-04 4.53084075e-04
2.43057523e-01 1.05703824e-03 4.50322878e-04
2.43464879e-01 3.15913628e-05 4.35099074e-04
2.43872232e-01 4.74786137e-04 4.35823613e-04
2.44279584e-01 4.22386965e-04 4.38396619e-04
2.44686933e-01 1.11471223e-04 4.29697344e-04
2.45094279e-01 1.36351533e-04 4.36864502e-04
2.45501624e-01 2.16643143e-04 4.31722241e-04
2.45908966e-01 -2.95137999e-04 4.36170066e-04
2.46316305e-01 7.07212192e-04 4.35377404e-04
2.46723643e-01 7.86856384e-04 4.41036306e-04
2.47130978e-01 2.54533044e-04 4.34419276e-04
2.47538310e-01 -7.97331418e-05 4.26386417e-04
2.47945641e-01 3.64494113e-05 4.30887996e-04
2.48352969e-01 -3.02302537e-04 4.34080218e-04
2.48760294e-01 -2.58986167e-04 4.29250014e-04
2.49167618e-01 -1.49599485e-04 4.27540101e-04
2.49574939e-01 -1.61104623e-06 4.28235037e-04
2.49982257e-01 3.76699507e-04 4.27349625e-04
2.50389573e-01 2.24596286e-04 4.37471539e-04
2.50796887e-01 -3.03339758e-04 4.35059894e-04
2.51204199e-01 2.48983725e-04 4.23104235e-04
2.51611508e-01 -2.77127221e-04 4.28810480e-04
2.52018815e-01 3.98619216e-04 4.23029046e-04
2.52426119e-01 5.76563507e-04 4.27811048e-04
2.52833421e-01 4.33602697e-04 4.21446706e-04
2.53240720e-01 2.24238723e-04 4.22194117e-04
2.53648017e-01 2.34847373e-04 4.27609168e-04
2.54055312e-01 4.49401177e-04 4.26523835e-04
2.54462605e-01 1.69216493e-04 4.23589139e-04
2.54869894e-01 3.10331781e-04 4.23361892e-04
2.55277182e-01 -1.36094995e-04 4.22605523e-04
2.55684467e-01 7.00224522e-07 4.24644022e-04
2.56091750e-01 1.95799214e-04 4.17656690e-04
2.56499030e-01 1.37463005e-04 4.21668517e-04
2.56906308e-01 4.80064355e-04 4.24387580e-04
2.57313583e-01 -1.05338959e-04 4.17602068e-04
2.57720856e-01 -2.02935158e-04 4.14246661e-04
2.58128127e-01 1.18359922e-04 4.20091819e-04
2.58535395e-01 6.02106678e-04 4.15232158e-04
2.58942661e-01 5.16538801e-05 4.14322383e-04
2.59349924e-01 3.92702067e-04 4.25264636e-04
2.59757184e-01 -5.57226763e-04 4.17075431e-04
2.60164443e-01 -2.57484318e-05 4.24500460e-04
2.60571699e-01 7.21436625e-04 4.28798441e-04
2.60978952e-01 -2.27802222e-04 4.23805313e-04
2.61386203e-01 7.06478241e-04 4.23778474e-04
2.61793451e-01 -2.54368811e-04 4.16737872e-04
2.62200697e-01 8.24024680e-04 4.19543778e-04
2.62607941e-01 6.41487336e-04 4.24315812e-04
2.63015182e-01 3.84382269e-04 4.16923742e-04
2.63422420e-01 3.35791933e-04 4.22578909e-04
2.63829656e-01 -3.14216705e-04 4.20366347e-04
2.64236890e-01 -9.92599498e-05 4.14760323e-04
2.64644121e-01 -5.28223685e-04 4.19823271e-04
2.65051349e-01 1.58859628e-04 4.10708121e-04
2.65458575e-01 3.53930225e-05 4.17950488e-04
2.65865799e-01 9.98907900e-05 4.02551181e-04
2.66273019e-01 2.97082586e-04 4.12963285e-04
2.66680238e-01 -9.92470911e-05 4.15488311e-04
2.67087454e-01 -6.84992248e-04 4.02117652e-04
2.67494667e-01 -2.77324670e-04 4.08632425e-04
2.67901878e-01 1.68297757e-04 4.06719182e-04
2.68309086e-01 3.75590035e-04 4.10504574e-04
2.68716292e-01 -1.13533694e-04 4.13284661e-04
2.69123495e-01 -5.04854947e-04 4.02728349e-04
2.69530696e-01 -4.27916951e-05 4.03308785e-04
2.69937894e-01 2.69050371e-04 4.01373085e-04
2.70345090e-01 4.27726383e-04 4.11275895e-04
2.70752283e-01 -6.89836417e-06 4.06096780e-04
2.71159473e-01 -1.54673555e-04 3.95014348e-04
2.71566661e-01 2.43410728e-04 4.04480868e-04
2.71973847e-01 2.74843951e-04 4.09983548e-04
2.72381030e-01 6.62909373e-04 4.09745258e-04
2.72788210e-01 2.52223245e-04 4.06969521e-04
2.73195387e-01 4.28204486e-04 3.99047233e-04
2.73602562e-01 3.21045629e-04 4.01091701e-04
2.74009735e-01 1.65988094e-04 3.95382434e-04
2.74416905e-01 -8.17339180e-05 4.06804089e-04
2.74824072e-01 7.41168635e-04 4.03965968e-04
2.75231237e-01 -2.03159710e-04 3.94977534e-04
2.75638399e-01 -1.41331095e-04 4.00730662e-04
2.76045558e-01 -1.09515662e-04 3.95039568e-04
2.76452715e-01 2.45402514e-04 4.01160652e-04
2.76859869e-01 2.50556101e-04 3.95656225e-04
2.77267021e-01 3.61120588e-07 3.99327170e-04
2.77674170e-01 8.22817692e-04 3.92218119e-04
2.78081316e-01 9.30930749e-04 3.99166447e-04
2.78488460e-01 -2.99461168e-04 3.88338827e-04
2.78895601e-01 6.36789096e-05 3.94754002e-04
2.79302740e-01 2.93610313e-04 3.96765560e-04
2.79709875e-01 8.27921438e-05 3.96458771e-04
2.80117009e-01 -1.66119411e-04 3.96331356e-04
2.80524139e-01 1.25985735e-04 3.94655199e-04
2.80931267e-01 8.22771767e-06 3.93183585e-04
2.81338392e-01 1.92243830e-04 3.97462939e-04
2.81745515e-01 4.13755113e-04 3.93278807e-04
2.82152635e-01 -3.47120193e-04 3.91285908e-04
2.82559752e-01 7.16008669e-04 3.94029353e-04
2.82966866e-01 3.84052023e-05 3.97094371e-04
2.83373978e-01 7.36661738e-04 3.94575332e-04
2.83781088e-01 -6.03703677e-06 3.81810347e-04
2.84188194e-01 -2.28176728e-04 3.87576454e-04
2.84595298e-01 -1.03983042e-04 3.92643481e-04
2.85002399e-01 1.08028149e-04 3.98423151e-04
2.85409497e-01 9.81472664e-04 3.98092376e-04
2.85816593e-01 6.46223243e-04 4.03035219e-04
2.86223686e-01 -3.51374350e-04 3.98044882e-04
2.86630777e-01 -6.80782857e-04 3.96223703e-04
2.87037864e-01 -2.00562227e-04 3.92390154e-04
2.87444949e-01 -4.11628419e-04 3.90721749e-04
2.87852031e-01 -3.79373083e-06 3.99939666e-04
2.88259111e-01 2.26811845e-04 3.95293394e-04
2.88666188e-01 9.95412014e-04 3.99113977e-04
2.89073262e-01 4.41095883e-04 3.99763718e-04
2.89480333e-01 -2.12699874e-04 4.02048969e-04
2.89887401e-01 1.84041715e-04 4.02116141e-04
2.90294467e-01 2.12129631e-05 4.04119196e-04
2.90701530e-01 -3.05237551e-04 3.91719392e-04
2.91108591e-01 -1.06028670e-04 4.01247058e-04
2.91515648e-01 -1.03459062e-04 3.91122745e-04
2.91922703e-01 -7.74455903e-05 3.93571106e-04
2.92329755e-01 3.12834572e-04 3.92688564e-04
2.92736804e-01 1.08798898e-03 3.96754176e-04
2.93143851e-01 5.06356204e-04 3.94298061e-04
2.93550895e-01 4.85022466e-04 3.90656040e-04
2.93957936e-01 4.41016660e-04 3.93201543e-04
2.94364974e-01 1.33255824e-04 3.95377435e-04
2.94772009e-01 2.13651460e-04 3.93199180e-04
2.95179042e-01 4.31660916e-04 3.98575597e-04
2.95586072e-01 3.05501197e-04 3.96068375e-04
2.95993099e-01 6.99342607e-04 4.01483859e-04
2.96400123e-01 -1.58068510e-04 3.89271630e-04
2.96807145e-01 4.56996255e-05 3.90610188e-04
2.97214163e-01 -3.29214114e-04 3.90476131e-04
2.97621179e-01 -4.77222273e-04 3.88631342e-04
2.98028192e-01 -3.41617217e-04 3.90120473e-04
2.98435202e-01 -9.60970261e-05 3.87804486e-04
2.98842210e-01 6.09767276e-05 3.94022058e-04
2.99249214e-01 -2.96563624e-04 3.85845738e-04
2.99656216e-01 5.27902547e-04 3.97238769e-04
3.00063215e-01 -2.29475776e-04 3.92060695e-04
3.00470211e-01 5.06450814e-04 3.92932156e-04
3.00877204e-01 4.30452483e-04 4.00767449e-04
3.01284194e-01 -1.67229839e-04 3.94071772e-04
3.01691182e-01 -1.41619128e-05 3.97015215e-04
3.02098167e-01 5.28536871e-04 3.90219059e-04
3.02505149e-01 4.10827181e-05 3.97029633e-04
3.02912128e-01 2.84664169e-04 3.95715686e-04
3.03319104e-01 8.36223117e-05 3.94055807e-04
3.03726077e-01 -1.98900365e-04 3.91144536e-04
3.04133047e-01 -4.26271602e-05 3.89378189e-04
3.04540015e-01 2.03864000e-04 3.91259291e-04
3.04946979e-01 1.83422328e-04 3.90994316e-04
3.05353941e-01 8.17372171e-04 3.92638713e-04
3.05760900e-01 2.21617608e-04 3.95068155e-04
3.06167856e-01 2.81859339e-04 3.87817245e-04
3.06574809e-01 7.68096609e-04 4.02445592e-04
3.06981759e-01 -4.20333309e-04 3.90544712e-04
3.07388706e-01 2.84255449e-04 3.88017593e-04
3.07795651e-01 -6.54039388e-05 3.84419850e-04
3.08202592e-01 -4.66869016e-04 3.89116853e-04
3.08609531e-01 1.27839037e-04 3.97869445e-04
3.09016466e-01 -4.06561476e-04 3.93469532e-04
3.09423399e-01 -7.10400859e-06 3.91878802e-04
3.09830329e-01 3.48076947e-04 4.03350280e-04
3.10237256e-01 2.17444517e-04 3.96901756e-04
3.10644180e-01 5.33873270e-04 4.08850571e-04
3.11051101e-01 4.14296372e-04 4.00730880e-04
3.11458019e-01 -2.77059273e-06 4.06011489e-04
3.11864934e-01 -5.47689283e-04 4.06917749e-04
3.12271846e-01 2.18317822e-04 4.01363469e-04
3.12678755e-01 2.84643239e-04 4.06507215e-04
3.13085661e-01 -6.35232152e-04 3.96263945e-04
3.13492565e-01 2.83953124e-04 4.03904128e-04
3.13899465e-01 2.44041213e-04 3.99602655e-04
3.14306362e-01 -3.20137014e-04 3.98726785e-04
3.14713257e-01 -2.11259045e-04 4.01326839e-04
3.15120148e-01 4.32241224e-04 4.08016636e-04
3.15527037e-01 -1.08542978e-04 4.16348860e-04
3.15933922e-01 6.23595324e-04 4.15615544e-04
3.16340805e-01 -6.96898762e-04 4.41527511e-04
3.16747684e-01 8.15700889e-06 4.75355808e-04
3.17154561e-01 3.43982650e-04 5.14420747e-04
3.17561434e-01 6.43125393e-05 5.36797387e-04
3.17968305e-01 1.55699321e-04 5.70922588e-04
3.18375172e-01 -1.54975444e-03 5.93264301e-04
3.18782037e-01 6.22026432e-05 6.46950587e-04
3.19188898e-01 -1.06061129e-04 6.60431334e-04
3.19595757e-01 8.78973738e-05 6.99861022e-04
3.20002612e-01 -4.71848371e-04 7.13521073e-04
3.20409465e-01 -8.49623271e-04 7.45248639e-04
3.20816314e-01 -7.95320452e-04 8.29673239e-04
3.21223160e-01 -1.65698715e-04 9.44218542e-04
3.21630004e-01 1.31240345e-03 1.09602889e-03
3.22036844e-01 2.05629520e-04 1.29954337e-03
3.22443681e-01 -2.83410747e-04 1.89928538e-03
3.22850516e-01 -1.82649603e-03 5.44865705e-03
