4.08043586e-03 -2.01232085e-03 2.78347623e-02
4.48847930e-03 -2.99445813e-02 2.76003935e-02
4.89652269e-03 -7.00144599e-03 2.02320250e-02
5.30456604e-03 -3.10919505e-03 1.49253676e-02
5.71260934e-03 5.67471305e-03 1.13911179e-02
6.12065258e-03 1.11776566e-03 9.59449911e-03
6.52869577e-03 3.02074190e-03 7.49313195e-03
6.93673889e-03 3.29124072e-03 6.62285172e-03
7.34478195e-03 1.03650159e-02 5.91336169e-03
7.75282494e-03 6.40856890e-03 5.66681456e-03
8.16086785e-03 9.35033640e-03 4.83999488e-03
8.56891069e-03 1.44448667e-02 4.65396541e-03
8.97695345e-03 1.43355112e-02 4.01723119e-03
9.38499612e-03 8.46424336e-03 4.13717803e-03
9.79303870e-03 7.43418759e-03 3.78663942e-03
1.02010812e-02 1.35651217e-02 3.59173229e-03
1.06091236e-02 1.06162606e-02 3.34712457e-03
1.10171659e-02 1.27514217e-02 3.22944954e-03
1.14252081e-02 9.65385827e-03 3.05964017e-03
1.18332501e-02 1.37516805e-02 3.14286532e-03
1.22412921e-02 1.11873478e-02 2.69301650e-03
1.26493339e-02 8.25654693e-03 2.69178241e-03
1.30573757e-02 1.56771538e-02 2.78956715e-03
1.34654173e-02 8.82905598e-03 2.53494931e-03
1.38734588e-02 1.07996558e-02 2.32743207e-03
1.42815001e-02 1.31057468e-02 2.47157327e-03
1.46895413e-02 6.98659909e-03 2.37770901e-03
1.50975824e-02 8.79764445e-03 2.35673454e-03
1.55056233e-02 9.13942753e-03 2.14200815e-03
1.59136641e-02 6.75474877e-03 2.25197259e-03
1.63217047e-02 1.12764708e-02 2.09217098e-03
1.67297452e-02 6.26951781e-03 1.97800547e-03
1.71377855e-02 6.05549714e-03 2.11219201e-03
1.75458257e-02 5.54841079e-03 1.92623517e-03
1.79538657e-02 4.66122570e-03 2.05321247e-03
1.83619055e-02 1.15484027e-02 2.09723254e-03
1.87699451e-02 6.58737830e-03 1.98959984e-03
1.91779846e-02 5.47193651e-03 1.94509674e-03
1.95860239e-02 2.67071558e-03 1.97953072e-03
1.99940630e-02 1.01544428e-02 1.91657876e-03
2.04021019e-02 8.37810111e-03 1.88658123e-03
2.08101406e-02 6.37036096e-03 1.80720873e-03
2.12181791e-02 6.10196038e-03 1.77596658e-03
2.16262174e-02 6.43009044e-03 1.90560383e-03
2.20342555e-02 4.95106607e-03 1.80275111e-03
2.24422934e-02 2.21864317e-03 1.76958659e-03
2.28503311e-02 7.92739326e-03 1.80605305e-03
2.32583686e-02 9.76565857e-03 1.80095186e-03
2.36664058e-02 3.30139595e-03 1.78472788e-03
2.40744429e-02 2.21700810e-03 1.61260897e-03
2.44824797e-02 4.93191932e-03 1.70864360e-03
2.48905162e-02 3.21565314e-03 1.71999754e-03
2.52985525e-02 3.10713959e-03 1.75468019e-03
2.57065886e-02 1.21881367e-03 1.73331930e-03
2.61146245e-02 1.28935765e-03 1.63523670e-03
2.65226601e-02 3.46372438e-03 1.70484647e-03
2.69306954e-02 3.26003961e-03 1.71210613e-03
2.73387305e-02 -1.67108605e-03 1.62804770e-03
2.77467653e-02 4.98115102e-03 1.65279438e-03
2.81547999e-02 3.22937863e-03 1.71117886e-03
2.85628342e-02 6.66706685e-03 1.71957811e-03
2.89708682e-02 1.99653058e-03 1.76046897e-03
2.93789020e-02 3.64007772e-03 1.66633557e-03
2.97869355e-02 3.39209078e-03 1.61921487e-03
3.01949687e-02 3.26652399e-03 1.67182342e-03
3.06030016e-02 1.88010904e-03 1.67778365e-03
3.10110342e-02 2.88972724e-03 1.65363503e-03
3.14190665e-02 1.93919822e-03 1.60946573e-03
3.18270985e-02 3.00408006e-03 1.53447629e-03
3.22351302e-02 8.54573152e-04 1.52951171e-03
3.26431617e-02 4.08567405e-03 1.53207476e-03
3.30511928e-02 4.13982059e-03 1.51863681e-03
3.34592236e-02 4.65287612e-04 1.50630309e-03
3.38672540e-02 2.87684448e-03 1.52153511e-03
3.42752842e-02 2.85627899e-03 1.56105998e-03
3.46833140e-02 -4.13165828e-05 1.36906155e-03
3.50913435e-02 3.42007209e-03 1.43800876e-03
3.54993727e-02 2.35404143e-03 1.49671620e-03
3.59074015e-02 1.52014902e-03 1.40130549e-03
3.63154300e-02 2.01050313e-03 1.39256819e-03
3.67234581e-02 -5.08388918e-04 1.33135034e-03
3.71314859e-02 -1.68775265e-03 1.35640522e-03
3.75395134e-02 1.44279807e-03 1.39139430e-03
3.79475405e-02 2.75566464e-04 1.36826296e-03
3.83555672e-02 8.28688880e-04 1.36762250e-03
3.87635935e-02 3.10223606e-03 1.43010534e-03
3.91716195e-02 1.44407603e-03 1.37097385e-03
3.95796452e-02 -5.05938773e-05 1.36121260e-03
3.99876704e-02 -3.41746278e-04 1.36611121e-03
4.03956953e-02 -2.80158548e-05 1.30602373e-03
4.08037198e-02 6.37715043e-04 1.32351753e-03
4.12117439e-02 -7.35796527e-04 1.31450641e-03
4.16197676e-02 8.87920543e-04 1.28543329e-03
4.20277909e-02 1.32216870e-03 1.21687321e-03
4.24358138e-02 1.08140477e-03 1.25785730e-03
4.28438363e-02 1.50446136e-03 1.24447163e-03
4.32518584e-02 1.90691354e-03 1.23888521e-03
4.36598801e-02 6.74338935e-04 1.22223295e-03
4.40679014e-02 2.92314993e-03 1.22285828e-03
4.44759222e-02 1.26630266e-03 1.17515894e-03
4.48839427e-02 2.21117798e-03 1.20558536e-03
4.52919627e-02 -1.07958904e-03 1.18665746e-03
4.56999823e-02 3.23503853e-04 1.17567964e-03
4.61080014e-02 3.06907464e-03 1.22073074e-03
4.65160201e-02 2.09362566e-03 1.15613825e-03
4.69240384e-02 7.33549179e-04 1.22853434e-03
4.73320562e-02 1.40263977e-03 1.17145195e-03
4.77400736e-02 6.90537671e-04 1.21501053e-03
4.81480905e-02 1.87791740e-03 1.21328442e-03
4.85561070e-02 1.62418867e-03 1.18565941e-03
4.89641230e-02 2.11197239e-03 1.18443406e-03
4.93721385e-02 -5.88685048e-04 1.13622538e-03
4.97801536e-02 -3.39045505e-04 1.15391973e-03
5.01881682e-02 1.10491003e-04 1.16637799e-03
5.05961823e-02 1.85069632e-03 1.12794923e-03
5.10041960e-02 8.84101314e-04 1.11725457e-03
5.14122091e-02 8.82507353e-04 1.14247631e-03
5.18202218e-02 1.28927168e-03 1.17346674e-03
5.22282340e-02 7.74655409e-04 1.16700333e-03
5.26362457e-02 3.32660538e-04 1.10421044e-03
5.30442569e-02 3.40606641e-03 1.10322508e-03
5.34522675e-02 6.72117352e-04 1.08148745e-03
5.38602777e-02 2.30415069e-03 1.11032746e-03
5.42682874e-02 1.29639462e-04 1.08403602e-03
5.46762965e-02 2.25669667e-03 1.13390167e-03
5.50843052e-02 6.52509476e-04 1.05141890e-03
5.54923133e-02 9.05733796e-04 1.08930882e-03
5.59003208e-02 5.84418800e-04 1.09742214e-03
5.63083279e-02 1.00336601e-03 1.05774780e-03
5.67163344e-02 -5.17517188e-04 1.03439855e-03
5.71243404e-02 -1.28331371e-03 1.13420463e-03
5.75323458e-02 4.02929566e-04 1.11712607e-03
5.79403507e-02 -1.06282257e-05 1.11803840e-03
5.83483551e-02 1.27698581e-03 1.11609957e-03
5.87563588e-02 2.73492992e-03 1.14482877e-03
5.91643621e-02 -4.64169008e-05 1.12954146e-03
5.95723647e-02 1.16036453e-03 1.15983862e-03
5.99803668e-02 -1.71620890e-04 1.05923944e-03
6.03883684e-02 -9.91004063e-04 1.06777172e-03
6.07963693e-02 -1.79369304e-04 1.14578242e-03
6.12043697e-02 -4.13518365e-04 1.10080532e-03
6.16123695e-02 -8.50914417e-04 1.05774847e-03
6.20203687e-02 -6.45311905e-04 1.09051659e-03
6.24283674e-02 5.90507975e-04 1.03854637e-03
6.28363654e-02 1.49923528e-04 1.02344113e-03
6.32443629e-02 -1.81113797e-06 1.03348316e-03
6.36523597e-02 5.11437735e-04 1.07465657e-03
6.40603559e-02 -8.01700151e-05 1.04527662e-03
6.44683516e-02 -9.11212326e-04 1.02153908e-03
6.48763466e-02 1.72260516e-03 1.02671048e-03
6.52843410e-02 2.70580860e-03 1.02216327e-03
6.56923348e-02 1.34036772e-04 1.01106820e-03
6.61003279e-02 3.25809680e-04 9.97789943e-04
6.65083205e-02 2.88595125e-03 9.95159358e-04
6.69163124e-02 -1.03606355e-04 9.87147997e-04
6.73243036e-02 3.99221959e-04 1.00242107e-03
6.77322943e-02 -4.07879247e-06 1.00540049e-03
6.81402842e-02 -2.08366178e-04 1.02478050e-03
6.85482736e-02 -9.19321932e-04 9.51489755e-04
6.89562623e-02 -7.01816959e-04 9.60473970e-04
6.93642503e-02 7.03877530e-05 9.52841691e-04
6.97722377e-02 1.49065724e-03 9.76965894e-04
7.01802244e-02 -1.41872463e-03 9.93064218e-04
7.05882105e-02 1.47108038e-03 1.01025534e-03
7.09961958e-02 5.72279335e-05 9.36207175e-04
7.14041805e-02 -8.45992408e-04 9.34325762e-04
7.18121646e-02 9.45334705e-04 9.56926319e-04
7.22201479e-02 -1.40420069e-03 8.99278986e-04
7.26281306e-02 7.66018468e-04 9.23770758e-04
7.30361126e-02 -5.31886409e-04 9.08402359e-04
7.34440938e-02 8.17038839e-04 9.28703573e-04
7.38520744e-02 -1.09638056e-03 9.06160621e-04
7.42600543e-02 -8.87603780e-04 9.02247408e-04
7.46680335e-02 1.37764961e-03 9.43045602e-04
7.50760119e-02 -1.59888059e-04 9.09349898e-04
7.54839897e-02 -6.16067022e-04 9.16398667e-04
7.58919667e-02 -8.01685722e-05 8.95707036e-04
7.62999431e-02 1.56200501e-03 9.34894207e-04
7.67079187e-02 7.65878575e-04 9.22873618e-04
7.71158935e-02 -5.44892945e-05 9.05443352e-04
7.75238677e-02 2.74588550e-03 9.21638344e-04
7.79318411e-02 9.16580119e-04 8.68539739e-04
7.83398137e-02 9.39530398e-04 9.18359919e-04
7.87477857e-02 -5.87327877e-04 8.89209472e-04
7.91557568e-02 9.24132078e-04 8.76015509e-04
7.95637273e-02 1.10431026e-03 8.95935537e-04
7.99716969e-02 1.06326962e-03 9.27216695e-04
8.03796658e-02 1.41875561e-04 8.98157761e-04
8.07876340e-02 1.40409063e-03 8.95200589e-04
8.11956014e-02 1.03270987e-03 8.45627905e-04
8.16035680e-02 5.15827654e-04 8.57581919e-04
8.20115338e-02 8.81535680e-04 8.68283324e-04
8.24194989e-02 1.06768188e-03 8.51796147e-04
8.28274631e-02 -7.48403041e-04 8.53602278e-04
8.32354266e-02 8.73623852e-04 8.56035116e-04
8.36433893e-02 2.04316061e-03 8.31797336e-04
8.40513512e-02 -4.06329116e-04 8.48251313e-04
8.44593123e-02 -3.54691400e-04 8.65880137e-04
8.48672727e-02 3.66449528e-04 8.44447885e-04
8.52752322e-02 6.55381473e-04 8.65546417e-04
8.56831909e-02 5.15042404e-04 8.83326824e-04
8.60911487e-02 -3.12302010e-04 8.46405419e-04
8.64991058e-02 -2.39651089e-04 8.35881775e-04
8.69070620e-02 1.48443401e-03 8.55591085e-04
8.73150175e-02 5.97458307e-05 8.54088175e-04
8.77229721e-02 5.71388434e-05 8.28465684e-04
8.81309258e-02 -7.68992319e-06 8.42865592e-04
8.85388787e-02 -8.65865316e-05 8.32581701e-04
8.89468308e-02 -5.41153469e-04 8.39907240e-04
8.93547821e-02 1.62480624e-05 8.24166487e-04
8.97627325e-02 -5.04017260e-04 8.12163767e-04
9.01706820e-02 1.08930075e-03 8.38637169e-04
9.05786307e-02 6.35458372e-04 8.28015892e-04
9.09865785e-02 -1.38646257e-03 8.10804975e-04
9.13945255e-02 -1.47803816e-03 8.09618240e-04
9.18024716e-02 -7.35315705e-04 7.79123650e-04
9.22104168e-02 1.45530143e-04 7.91817199e-04
9.26183611e-02 1.75813669e-03 8.33007941e-04
9.30263046e-02 5.63856378e-04 7.93193224e-04
9.34342472e-02 2.57969454e-04 8.11292779e-04
9.38421889e-02 1.96658761e-04 8.28777739e-04
9.42501297e-02 1.78119939e-03 8.29401031e-04
9.46580696e-02 1.30432814e-03 8.04967582e-04
9.50660087e-02 2.70346650e-04 7.96139595e-04
9.54739468e-02 1.96152339e-04 8.02987908e-04
9.58818840e-02 5.33628699e-04 8.16740437e-04
9.62898203e-02 3.44568941e-04 8.04238691e-04
9.66977557e-02 -2.93006436e-04 7.96838882e-04
9.71056902e-02 1.24714683e-03 7.98529122e-04
9.75136237e-02 7.94729046e-04 8.02070969e-04
9.79215564e-02 -8.70247334e-04 7.65473219e-04
9.83294881e-02 -6.25063525e-04 7.98366302e-04
9.87374188e-02 4.41042202e-05 7.64807097e-04
9.91453487e-02 2.70901123e-04 7.86476710e-04
9.95532775e-02 6.55637405e-04 7.64370970e-04
9.99612055e-02 6.58875161e-04 8.03100633e-04
1.00369132e-01 7.45811301e-04 7.77140622e-04
1.00777059e-01 -3.84370521e-04 7.80953735e-04
1.01184984e-01 -6.04160035e-04 7.55809747e-04
1.01592908e-01 3.50982829e-04 7.40163022e-04
1.02000831e-01 9.84761133e-04 7.45774606e-04
1.02408753e-01 8.94613454e-04 7.52761305e-04
1.02816674e-01 -1.49949854e-04 7.52366226e-04
1.03224595e-01 5.97430116e-05 7.40366208e-04
1.03632514e-01 -1.05799858e-03 7.25119551e-04
1.04040432e-01 3.38869408e-04 7.39376626e-04
1.04448349e-01 -1.14614646e-04 7.37017488e-04
1.04856266e-01 -7.35798451e-04 7.55019073e-04
1.05264181e-01 -1.95462038e-04 7.46270983e-04
1.05672095e-01 1.20361399e-03 7.42851363e-04
1.06080009e-01 1.25525481e-03 7.39877369e-04
1.06487921e-01 1.02335142e-03 7.39170798e-04
1.06895832e-01 -1.37966387e-03 7.32039108e-04
1.07303743e-01 -3.13633094e-04 7.74996982e-04
1.07711652e-01 2.06069771e-03 7.78034228e-04
1.08119560e-01 1.34594541e-03 7.54185924e-04
1.08527467e-01 -7.54760066e-04 7.20830376e-04
1.08935374e-01 -6.92107165e-04 7.44652395e-04
1.09343279e-01 1.67933152e-04 7.57670472e-04
1.09751183e-01 -5.09834831e-04 7.11389011e-04
1.10159086e-01 8.50736252e-04 7.40581062e-04
1.10566988e-01 -1.00295001e-03 7.21877742e-04
1.10974889e-01 1.83855140e-04 7.32262386e-04
1.11382789e-01 1.62970515e-03 7.44740592e-04
1.11790688e-01 4.76569963e-04 7.16834145e-04
1.12198586e-01 -2.35065702e-04 7.40305481e-04
1.12606482e-01 1.10909972e-03 7.55309392e-04
1.13014378e-01 1.82987657e-04 7.40559757e-04
1.13422273e-01 -4.80871389e-04 7.28765147e-04
1.13830166e-01 -3.67252800e-04 7.35027095e-04
1.14238059e-01 -1.91025441e-04 7.41840851e-04
1.14645950e-01 -2.14160928e-04 6.99443410e-04
1.15053840e-01 1.41052693e-04 7.28595125e-04
1.15461730e-01 4.89627458e-05 7.16024174e-04
1.15869618e-01 1.00487374e-03 7.25109333e-04
1.16277505e-01 -3.39314230e-04 7.33021944e-04
1.16685391e-01 1.55205743e-04 7.74570272e-04
1.17093275e-01 -6.33941004e-04 7.34880656e-04
1.17501159e-01 6.27996747e-04 7.33807839e-04
1.17909042e-01 4.47582305e-04 7.47780784e-04
1.18316923e-01 -5.16306307e-04 7.08855892e-04
1.18724803e-01 -6.93955583e-04 7.10240253e-04
1.19132683e-01 5.45943067e-04 6.95188507e-04
1.19540561e-01 -9.13796084e-04 7.03401301e-04
1.19948438e-01 3.85268208e-04 7.08384528e-04
1.20356313e-01 1.85525711e-05 7.12433855e-04
1.20764188e-01 1.95672633e-04 7.14176927e-04
1.21172062e-01 -2.73911089e-04 6.78727152e-04
1.21579934e-01 2.43719322e-04 6.95557081e-04
1.21987805e-01 -5.90908565e-04 6.88857266e-04
1.22395675e-01 6.80469949e-04 6.98095367e-04
1.22803544e-01 8.44356848e-04 7.02939158e-04
1.23211412e-01 -6.79942155e-04 6.89826433e-04
1.23619278e-01 -4.75670985e-04 6.93496655e-04
1.24027144e-01 6.04596436e-04 6.82672653e-04
1.24435008e-01 2.36086289e-04 6.67406846e-04
1.24842871e-01 -2.82164264e-05 6.74101218e-04
1.25250733e-01 1.17994962e-03 6.76400827e-04
1.25658594e-01 7.89645502e-04 6.77710788e-04
1.26066453e-01 5.37731116e-04 6.89268751e-04
1.26474311e-01 8.47850484e-04 6.83657026e-04
1.26882168e-01 -2.48463893e-04 6.71469966e-04
1.27290024e-01 1.65728206e-03 6.81124182e-04
1.27697879e-01 -1.35619185e-04 6.60364825e-04
1.28105732e-01 4.22823401e-04 6.85109494e-04
1.28513585e-01 5.26262564e-04 6.78722062e-04
1.28921436e-01 4.49280609e-04 6.46870581e-04
1.29329285e-01 1.11540435e-03 6.56933409e-04
1.29737134e-01 -2.51128158e-04 6.57859557e-04
1.30144981e-01 -7.71243896e-04 6.61079241e-04
1.30552828e-01 -1.38110636e-03 6.36830787e-04
1.30960672e-01 1.74486331e-04 6.57772712e-04
1.31368516e-01 6.94147368e-04 6.51617472e-04
1.31776358e-01 2.06572106e-04 6.67411308e-04
1.32184200e-01 6.51101162e-04 6.22522306e-04
1.32592039e-01 1.23965467e-03 6.65130952e-04
1.32999878e-01 1.62918531e-03 6.47729269e-04
1.33407715e-01 -1.33961056e-05 6.37772022e-04
1.33815552e-01 4.00026030e-04 6.53875704e-04
1.34223386e-01 -4.18121185e-04 6.27603958e-04
1.34631220e-01 1.00167517e-03 6.52089518e-04
1.35039052e-01 6.48261358e-04 6.56319099e-04
1.35446883e-01 -2.15719865e-04 6.29681643e-04
1.35854713e-01 -3.66772027e-04 6.22868613e-04
1.36262541e-01 8.99796545e-04 6.24746971e-04
1.36670368e-01 -4.82566384e-04 6.33040389e-04
1.37078194e-01 4.81479428e-04 6.71696990e-04
1.37486019e-01 8.77308923e-04 6.50553566e-04
1.37893842e-01 8.13139204e-04 6.49315683e-04
1.38301664e-01 1.35470741e-03 6.40534323e-04
1.38709485e-01 -1.98688015e-05 6.30220265e-04
1.39117304e-01 9.98122545e-04 6.45713713e-04
1.39525122e-01 1.36962907e-04 6.35934918e-04
1.39932939e-01 4.28046824e-04 6.32807466e-04
1.40340754e-01 -7.65406726e-04 6.10895525e-04
1.40748568e-01 1.92502872e-03 6.21864330e-04
1.41156381e-01 -4.13782863e-04 6.14959198e-04
1.41564192e-01 -4.67809176e-05 6.43143199e-04
1.41972002e-01 1.24015703e-05 6.22643150e-04
1.42379811e-01 7.00040774e-04 6.36325271e-04
1.42787618e-01 7.54078717e-04 6.41219297e-04
1.43195424e-01 1.59396849e-03 6.30696410e-04
1.43603228e-01 9.04422866e-04 6.37576890e-04
1.44011032e-01 -4.38028637e-04 6.44216709e-04
1.44418833e-01 -5.70715168e-04 6.19066304e-04
1.44826634e-01 7.30422338e-06 6.20898610e-04
1.45234433e-01 6.99823371e-04 6.29887994e-04
1.45642231e-01 -2.77460157e-04 6.29539228e-04
1.46050027e-01 -1.50279431e-04 6.32111538e-04
1.46457822e-01 -3.57134648e-05 6.26181089e-04
1.46865616e-01 2.07752111e-04 6.39462592e-04
1.47273408e-01 5.40532985e-04 6.27320678e-04
1.47681199e-01 7.71150863e-05 6.32115408e-04
1.48088988e-01 3.52661044e-04 6.48417613e-04
1.48496776e-01 1.06095289e-03 6.50670681e-04
1.48904563e-01 -2.02370352e-04 6.39929328e-04
1.49312348e-01 9.42360986e-04 6.32727750e-04
1.49720132e-01 2.94183989e-04 6.44739896e-04
1.50127914e-01 1.07505245e-04 6.22795114e-04
1.50535695e-01 2.01203953e-03 6.33508203e-04
1.50943474e-01 1.38513433e-03 6.03643668e-04
1.51351252e-01 1.00069293e-03 6.14975010e-04
1.51759029e-01 -2.42329363e-04 6.00974369e-04
1.52166804e-01 1.06613148e-03 6.20576095e-04
1.52574578e-01 6.28613505e-04 5.95116773e-04
1.52982350e-01 -3.79833073e-04 6.12424015e-04
1.53390121e-01 8.61008476e-04 5.98502453e-04
1.53797890e-01 -2.89828501e-04 6.02935404e-04
1.54205658e-01 4.29086620e-04 6.03857822e-04
1.54613425e-01 -1.59947878e-04 5.99155518e-04
1.55021190e-01 -2.97646612e-04 5.97052135e-04
1.55428953e-01 -4.67783974e-05 6.10043519e-04
1.55836716e-01 1.69830900e-04 6.01381934e-04
1.56244476e-01 -1.16894957e-04 6.02951376e-04
1.56652235e-01 1.51541450e-04 5.85626713e-04
1.57059993e-01 -4.58477037e-04 5.85144978e-04
1.57467749e-01 1.07390364e-03 5.83770690e-04
1.57875504e-01 -1.25099676e-04 5.85515682e-04
1.58283257e-01 2.15988503e-04 5.81218523e-04
1.58691008e-01 -7.22940322e-04 5.92119339e-04
1.59098758e-01 5.94543371e-04 5.90223052e-04
1.59506507e-01 -1.19134667e-03 5.81077400e-04
1.59914254e-01 -2.81275871e-04 5.79740786e-04
1.60322000e-01 -6.81397483e-04 5.69399588e-04
1.60729744e-01 5.14538735e-04 5.73137743e-04
1.61137486e-01 2.64331434e-04 5.67755269e-04
1.61545228e-01 -7.57609212e-05 5.89194102e-04
1.61952967e-01 5.49916914e-04 5.86277238e-04
1.62360705e-01 4.06019841e-04 5.83010767e-04
1.62768441e-01 1.93876736e-05 5.65448356e-04
1.63176176e-01 2.37908496e-04 5.73667386e-04
1.63583910e-01 5.06920901e-04 5.65034016e-04
1.63991641e-01 9.71137495e-04 5.66850210e-04
1.64399372e-01 -4.58865692e-04 5.74799181e-04
1.64807100e-01 -1.71191527e-04 5.70831872e-04
1.65214827e-01 -1.10231805e-04 5.56274567e-04
1.65622553e-01 3.55366637e-04 5.64942711e-04
1.66030277e-01 1.85289142e-04 5.67069788e-04
1.66437999e-01 -1.77330339e-04 5.49086182e-04
1.66845720e-01 2.94883512e-04 5.68203216e-04
1.67253439e-01 -2.54705217e-04 5.55598190e-04
1.67661157e-01 -7.27449277e-05 5.59896484e-04
1.68068873e-01 -1.14706839e-03 5.57102865e-04
1.68476588e-01 9.80710262e-05 5.69062150e-04
1.68884301e-01 -3.27315158e-04 5.59911273e-04
1.69292012e-01 3.20028060e-04 5.42969363e-04
1.69699721e-01 1.55850797e-05 5.54702213e-04
1.70107430e-01 -7.50959376e-04 5.43220797e-04
1.70515136e-01 4.74639840e-04 5.49354392e-04
1.70922841e-01 -6.80785334e-04 5.42302547e-04
1.71330544e-01 -8.69075548e-04 5.38463209e-04
1.71738246e-01 7.26500159e-04 5.46269154e-04
1.72145946e-01 -1.36321181e-04 5.44771813e-04
1.72553644e-01 -3.35877724e-04 5.47064194e-04
1.72961341e-01 4.53695396e-04 5.53672771e-04
1.73369036e-01 3.10746216e-04 5.31017538e-04
1.73776729e-01 3.51330112e-05 5.44102842e-04
1.74184421e-01 -4.37778446e-04 5.41249016e-04
1.74592111e-01 1.17555580e-04 5.42308258e-04
1.74999799e-01 -8.53133668e-04 5.37439381e-04
1.75407486e-01 3.48593419e-04 5.35325487e-04
1.75815171e-01 -3.46748644e-04 5.50321821e-04
1.76222855e-01 9.13652531e-06 5.44146259e-04
1.76630537e-01 1.84968771e-04 5.36019712e-04
1.77038217e-01 3.44578339e-04 5.29970378e-04
1.77445895e-01 -1.75565879e-04 5.30263202e-04
1.77853572e-01 2.01707511e-04 5.41895360e-04
1.78261247e-01 3.87115968e-04 5.30242268e-04
1.78668921e-01 5.86997516e-04 5.37352455e-04
1.79076592e-01 4.29523323e-04 5.30416978e-04
1.79484262e-01 -4.23531599e-05 5.33145703e-04
1.79891931e-01 -6.93897717e-05 5.27661312e-04
1.80299597e-01 -9.73707883e-05 5.32310014e-04
1.80707262e-01 8.31560827e-04 5.39086801e-04
1.81114925e-01 1.51851514e-04 5.31968596e-04
1.81522587e-01 8.13838760e-04 5.20321054e-04
1.81930247e-01 2.11109956e-04 5.29706709e-04
1.82337905e-01 7.31957603e-04 5.17334016e-04
1.82745561e-01 5.15045882e-04 5.31590981e-04
1.83153215e-01 2.22954154e-04 5.13893159e-04
1.83560868e-01 7.27313210e-05 5.06815736e-04
1.83968519e-01 5.16602614e-04 5.23958237e-04
1.84376169e-01 2.53252611e-04 5.23723855e-04
1.84783816e-01 1.38599379e-03 5.15903117e-04
1.85191462e-01 2.36276598e-04 5.12868008e-04
1.85599106e-01 2.52469088e-04 5.18077054e-04
1.86006749e-01 5.20458863e-06 5.12279071e-04
1.86414389e-01 4.35444152e-04 5.23919960e-04
1.86822028e-01 7.84995343e-04 5.20256477e-04
1.87229665e-01 5.33624349e-04 5.10651715e-04
1.87637300e-01 4.68019732e-04 5.15648406e-04
1.88044934e-01 3.56166582e-04 5.09529843e-04
1.88452566e-01 1.99235737e-04 4.96495824e-04
1.88860195e-01 -3.27782260e-05 5.08564863e-04
1.89267824e-01 -3.26083154e-04 5.18252683e-04
1.89675450e-01 6.02352802e-04 5.14707881e-04
1.90083074e-01 -5.78173758e-05 5.06923782e-04
1.90490697e-01 3.52559218e-04 5.19016765e-04
1.90898318e-01 -1.48617555e-04 5.00035303e-04
1.91305937e-01 3.56138274e-04 5.08303313e-04
1.91713555e-01 1.26423112e-04 5.07233194e-04
1.92121170e-01 -1.81115272e-04 5.01433713e-04
1.92528784e-01 -7.46842578e-05 4.98964462e-04
1.92936396e-01 8.77825497e-04 5.12100386e-04
1.93344006e-01 -2.21147657e-04 5.23772167e-04
1.93751614e-01 -9.74786966e-06 5.14554909e-04
1.94159220e-01 4.34882966e-04 4.98861803e-04
1.94566825e-01 3.45349978e-04 5.04363012e-04
1.94974427e-01 3.88453355e-05 4.86797829e-04
1.95382028e-01 1.73404482e-04 5.06836604e-04
1.95789627e-01 1.54762445e-04 4.96029878e-04
1.96197224e-01 6.86150841e-04 5.05520346e-04
1.96604820e-01 2.35035669e-04 5.00667668e-04
1.97012413e-01 1.09641370e-04 4.87783702e-04
1.97420005e-01 -8.71031978e-04 5.08339484e-04
1.97827594e-01 5.67927380e-04 5.16074666e-04
1.98235182e-01 1.24909595e-04 5.08276313e-04
1.98642768e-01 5.97719036e-04 5.19548726e-04
1.99050352e-01 6.80078439e-04 5.14056363e-04
1.99457934e-01 2.46681139e-04 5.07703720e-04
1.99865514e-01 -5.00843744e-04 5.08439399e-04
2.00273093e-01 6.13212520e-05 5.06037494e-04
2.00680669e-01 3.62026177e-04 5.13174728e-04
2.01088244e-01 1.19298112e-04 5.03353258e-04
2.01495816e-01 -3.01853486e-04 5.03265033e-04
2.01903387e-01 9.00576892e-04 5.12523063e-04
2.02310956e-01 7.61418137e-04 5.12251721e-04
2.02718523e-01 3.77618334e-04 5.09482019e-04
2.03126088e-01 2.27886409e-04 5.04080455e-04
2.03533651e-01 -4.31553991e-04 5.08084682e-04
2.03941212e-01 4.10812329e-04 5.14264113e-04
2.04348771e-01 2.36020721e-04 5.06419928e-04
2.04756329e-01 2.31482962e-04 5.09148807e-04
2.05163884e-01 1.32063729e-03 5.04915899e-04
2.05571438e-01 1.40856757e-04 5.12046976e-04
2.05978989e-01 4.36902629e-04 5.03291698e-04
2.06386539e-01 3.43051258e-04 5.00322209e-04
2.06794086e-01 -3.42538558e-05 4.96427080e-04
2.07201632e-01 -9.21369940e-07 4.91893620e-04
2.07609175e-01 1.00899421e-04 4.80390419e-04
2.08016717e-01 -1.67530067e-04 4.89598192e-04
2.08424257e-01 4.85036606e-04 5.02470651e-04
2.08831794e-01 -1.76317580e-05 4.85993172e-04
2.09239330e-01 1.40849956e-04 4.75924215e-04
2.09646864e-01 2.32216289e-04 4.81870537e-04
2.10054396e-01 -5.20613084e-04 4.73512798e-04
2.10461925e-01 2.00931923e-04 4.78581531e-04
2.10869453e-01 8.25861550e-04 4.78352712e-04
2.11276979e-01 -4.61211317e-04 4.81402909e-04
2.11684503e-01 5.16913456e-04 4.88105815e-04
2.12092025e-01 6.40174379e-04 4.93817807e-04
2.12499544e-01 -3.10792164e-04 4.72156397e-04
2.12907062e-01 5.80479684e-04 4.82639863e-04
2.13314578e-01 -3.22540001e-04 4.79965870e-04
2.13722092e-01 2.30319235e-04 4.80704107e-04
2.14129603e-01 -1.05813421e-03 4.83208353e-04
2.14537113e-01 -7.02095982e-05 4.76289865e-04
2.14944621e-01 -1.50484516e-04 4.76298216e-04
2.15352126e-01 4.63419313e-04 4.78766769e-04
2.15759630e-01 4.18705414e-04 4.71149704e-04
2.16167131e-01 8.42240056e-04 4.78206544e-04
2.16574631e-01 4.05764844e-04 4.76762203e-04
2.16982128e-01 -2.76412478e-04 4.66762058e-04
2.17389624e-01 -3.27980134e-04 4.73641056e-04
2.17797117e-01 -6.79288892e-04 4.86537241e-04
2.18204608e-01 -3.23558583e-04 4.68718002e-04
2.18612098e-01 2.21226441e-05 4.72325972e-04
2.19019585e-01 7.78579805e-04 4.71182665e-04
2.19427070e-01 -2.21621916e-05 4.60405810e-04
2.19834553e-01 7.53482586e-05 4.58059478e-04
2.20242034e-01 3.95802251e-04 4.62186058e-04
2.20649512e-01 -2.23548535e-04 4.73680183e-04
2.21056989e-01 1.94982462e-04 4.69064039e-04
2.21464464e-01 -5.04967810e-04 4.67769131e-04
2.21871936e-01 -2.90012043e-04 4.62983465e-04
2.22279407e-01 -2.60305189e-04 4.55376462e-04
2.22686875e-01 5.62010056e-05 4.56772284e-04
2.23094341e-01 3.40999627e-04 4.67018534e-04
2.23501805e-01 -9.91002934e-06 4.67630969e-04
2.23909267e-01 -4.40358524e-04 4.60798802e-04
2.24316727e-01 -2.42993848e-04 4.68777763e-04
2.24724185e-01 4.73414540e-04 4.65602824e-04
2.25131641e-01 1.27489434e-04 4.66082528e-04
2.25539094e-01 -9.47862647e-05 4.63705442e-04
2.25946545e-01 -3.36489612e-04 4.61217793e-04
2.26353995e-01 -2.31008028e-04 4.66977578e-04
2.26761442e-01 2.20275287e-04 4.63036511e-04
2.27168887e-01 4.35728159e-05 4.59655979e-04
2.27576329e-01 4.89881928e-04 4.51275131e-04
2.27983770e-01 -1.65956938e-04 4.55203103e-04
2.28391208e-01 -1.43250620e-04 4.44403245e-04
2.28798645e-01 8.15574731e-04 4.49721532e-04
2.29206079e-01 -2.92290431e-05 4.54714917e-04
2.29613511e-01 9.78004361e-04 4.59150361e-04
2.30020941e-01 -1.11426781e-04 4.56795506e-04
2.30428368e-01 -2.57726870e-04 4.54448018e-04
2.30835794e-01 -4.48920194e-04 4.57881441e-04
2.31243217e-01 1.10000233e-04 4.67088290e-04
2.31650638e-01 -5.72430363e-05 4.60741372e-04
2.32058057e-01 5.10635029e-04 4.75840686e-04
2.32465473e-01 8.24753275e-04 4.64347386e-04
2.32872888e-01 -1.89994843e-04 4.51201069e-04
2.33280300e-01 3.63143232e-04 4.60025424e-04
2.33687710e-01 -5.06743254e-04 4.62559161e-04
2.34095118e-01 -1.20753225e-04 4.58968922e-04
2.34502524e-01 2.91196462e-04 4.74209845e-04
2.34909927e-01 -2.09309007e-04 4.64397897e-04
2.35317328e-01 -9.39127829e-06 4.56199464e-04
2.35724727e-01 -2.30089988e-04 4.61543450e-04
2.36132124e-01 3.36983284e-04 4.57667730e-04
2.36539518e-01 -1.53745228e-04 4.43173346e-04
2.36946911e-01 1.27988894e-04 4.50680503e-04
2.37354301e-01 -1.49215823e-04 4.54582071e-04
2.37761688e-01 6.73653044e-04 4.59548517e-04
2.38169074e-01 4.84328128e-04 4.59049701e-04
2.38576457e-01 3.81371302e-04 4.56256828e-04
2.38983838e-01 -1.61882564e-04 4.39207053e-04
2.39391217e-01 2.42141055e-04 4.45639876e-04
2.39798593e-01 9.91400090e-06 4.46570121e-04
2.40205967e-01 2.47504817e-05 4.58659866e-04
2.40613339e-01 3.16442345e-04 4.53326232e-04
2.41020709e-01 8.13488325e-04 4.53460202e-04
2.41428076e-01 4.74112282e-04 4.49631177e-04
2.41835441e-01 6.40798048e-04 4.56684681e-04
2.42242804e-01 6.24707902e-04 4.40356275e-04
2.42650165e-01 1.02197845e-04 4.42796759e-04
2.43057523e-01 5.71244689e-05 4.44884857e-04
2.43464879e-01 -3.40599007e-04 4.35151382e-04
2.43872232e-01 1.65424502e-04 4.36694837e-04
2.44279584e-01 4.94869113e-04 4.38536734e-04
2.44686933e-01 -1.75257327e-04 4.30722508e-04
2.45094279e-01 4.08603248e-04 4.36654908e-04
2.45501624e-01 -4.24745432e-04 4.36929375e-04
2.45908966e-01 -1.86822763e-04 4.43964467e-04
2.46316305e-01 5.77305495e-04 4.37144075e-04
2.46723643e-01 3.07320672e-05 4.36052045e-04
2.47130978e-01 -1.03230142e-04 4.35408615e-04
2.47538310e-01 1.47877893e-03 4.31838223e-04
2.47945641e-01 6.35484871e-05 4.39993266e-04
2.48352969e-01 1.95595684e-04 4.42421952e-04
2.48760294e-01 -6.10382748e-05 4.35310584e-04
2.49167618e-01 -1.79712250e-05 4.28438328e-04
2.49574939e-01 2.40426987e-04 4.35934345e-04
2.49982257e-01 2.72970541e-04 4.33374757e-04
2.50389573e-01 3.49437289e-04 4.31689737e-04
2.50796887e-01 5.96666799e-04 4.36220237e-04
2.51204199e-01 9.71409913e-04 4.38949465e-04
2.51611508e-01 -3.26545328e-04 4.26956464e-04
2.52018815e-01 5.76378795e-04 4.30502593e-04
2.52426119e-01 -1.81413579e-04 4.25533376e-04
2.52833421e-01 5.10992112e-04 4.32626656e-04
2.53240720e-01 3.08350789e-04 4.25665019e-04
2.53648017e-01 3.08397469e-04 4.36475446e-04
2.54055312e-01 -7.18172030e-04 4.25382244e-04
2.54462605e-01 5.48475087e-04 4.28461132e-04
2.54869894e-01 -2.28112945e-04 4.25930516e-04
2.55277182e-01 4.92419110e-04 4.27595385e-04
2.55684467e-01 -2.48048157e-04 4.13731268e-04
2.56091750e-01 6.31059417e-04 4.21788853e-04
2.56499030e-01 -5.53641475e-04 4.18499776e-04
2.56906308e-01 -1.61733135e-06 4.23522541e-04
2.57313583e-01 1.22806945e-04 4.19684815e-04
2.57720856e-01 -2.04285315e-04 4.15054281e-04
2.58128127e-01 4.85318516e-04 4.14546619e-04
2.58535395e-01 5.28110448e-05 4.21989676e-04
2.58942661e-01 5.93253141e-04 4.22016438e-04
2.59349924e-01 2.82564949e-06 4.10419187e-04
2.59757184e-01 1.70307768e-04 4.12607089e-04
2.60164443e-01 2.25557516e-04 4.24113896e-04
2.60571699e-01 -8.86089021e-05 4.30428268e-04
2.60978952e-01 -3.74810660e-04 4.20255732e-04
2.61386203e-01 -2.46433167e-04 4.16080419e-04
2.61793451e-01 -3.42734078e-05 4.14781358e-04
2.62200697e-01 1.70120387e-04 4.13859196e-04
2.62607941e-01 6.88750517e-04 4.14415209e-04
2.63015182e-01 1.09953805e-03 4.24621255e-04
2.63422420e-01 -1.85095459e-05 4.11018134e-04
2.63829656e-01 -4.62884414e-04 4.06460597e-04
2.64236890e-01 -1.68835183e-04 4.08206202e-04
2.64644121e-01 3.09107121e-05 4.19508521e-04
2.65051349e-01 1.91857947e-04 4.14645082e-04
2.65458575e-01 4.21658826e-04 4.21258222e-04
2.65865799e-01 -1.77062499e-04 4.08398820e-04
2.66273019e-01 2.56351904e-04 4.16120459e-04
2.66680238e-01 -1.40404142e-04 4.11365083e-04
2.67087454e-01 5.80580848e-04 4.14719323e-04
2.67494667e-01 -2.84828391e-04 4.11684740e-04
2.67901878e-01 -1.43057975e-04 4.04690136e-04
2.68309086e-01 7.96105251e-05 4.07869086e-04
2.68716292e-01 -1.04113114e-04 4.00161987e-04
2.69123495e-01 8.84295682e-05 4.02731659e-04
2.69530696e-01 -5.06903433e-04 4.08191429e-04
2.69937894e-01 4.31398498e-05 4.04915230e-04
2.70345090e-01 9.81621437e-04 4.18788703e-04
2.70752283e-01 7.51210948e-05 4.05019694e-04
2.71159473e-01 4.75422005e-04 4.07651543e-04
2.71566661e-01 2.69340961e-04 4.07305101e-04
2.71973847e-01 -1.78715646e-04 3.99780336e-04
2.72381030e-01 1.45918580e-04 4.12338737e-04
2.72788210e-01 -1.81666995e-04 4.05312609e-04
2.73195387e-01 1.08647666e-04 4.00896458e-04
2.73602562e-01 4.35044493e-04 3.97012280e-04
2.74009735e-01 -1.02599470e-05 4.03185872e-04
2.74416905e-01 6.73078716e-04 4.00906209e-04
2.74824072e-01 2.81105752e-04 3.95790710e-04
2.75231237e-01 -4.32930846e-04 4.05936891e-04
2.75638399e-01 -8.67576563e-05 3.98886398e-04
2.76045558e-01 6.46491851e-04 4.05680083e-04
2.76452715e-01 5.96171507e-05 3.96394962e-04
2.76859869e-01 1.70469624e-04 3.96346002e-04
2.77267021e-01 -1.02462933e-04 4.01348849e-04
2.77674170e-01 -4.99033647e-04 3.87309059e-04
2.78081316e-01 -1.26736700e-04 3.91388050e-04
2.78488460e-01 1.22752282e-04 4.00078148e-04
2.78895601e-01 1.37028743e-04 3.99765451e-04
2.79302740e-01 -8.17343838e-04 3.94876867e-04
2.79709875e-01 6.98324691e-04 3.91348097e-04
2.80117009e-01 -3.69719051e-04 3.95645718e-04
2.80524139e-01 1.45153554e-04 3.92818907e-04
2.80931267e-01 -1.53383027e-04 3.91213486e-04
2.81338392e-01 -3.65488525e-04 3.95141194e-04
2.81745515e-01 7.62800141e-05 3.95196699e-04
2.82152635e-01 4.92193183e-04 3.96515175e-04
2.82559752e-01 9.78096012e-04 3.99496328e-04
2.82966866e-01 7.95238570e-05 3.96524753e-04
2.83373978e-01 3.80823091e-06 3.94334984e-04
2.83781088e-01 -3.40135012e-04 3.93701586e-04
2.84188194e-01 -4.84578672e-05 3.92802314e-04
2.84595298e-01 -4.30627409e-04 3.88011478e-04
2.85002399e-01 2.58805909e-04 3.93282788e-04
2.85409497e-01 1.60990661e-04 3.96452197e-04
2.85816593e-01 1.55229641e-04 3.93742540e-04
2.86223686e-01 -6.78774076e-04 3.96152042e-04
2.86630777e-01 -9.83096078e-06 4.03642004e-04
2.87037864e-01 5.29808388e-04 4.02403792e-04
2.87444949e-01 3.65523323e-04 3.95979347e-04
2.87852031e-01 -3.51555507e-04 3.97834773e-04
2.88259111e-01 -8.38743454e-04 4.00317365e-04
2.88666188e-01 -3.06263765e-04 4.00004749e-04
2.89073262e-01 2.36709405e-04 4.01690495e-04
2.89480333e-01 -1.18398584e-04 3.96762958e-04
2.89887401e-01 2.45063345e-05 4.07190487e-04
2.90294467e-01 4.85429456e-04 4.09412798e-04
2.90701530e-01 7.58240608e-04 4.01766643e-04
2.91108591e-01 5.91438655e-04 4.00698061e-04
2.91515648e-01 -8.14526136e-05 3.91846052e-04
2.91922703e-01 7.55284655e-05 4.00712748e-04
2.92329755e-01 7.18489642e-05 3.89628923e-04
2.92736804e-01 -4.10695616e-04 3.94954368e-04
2.93143851e-01 5.79150542e-04 3.87264001e-04
2.93550895e-01 -2.00956020e-04 3.90845889e-04
2.93957936e-01 -7.73314016e-04 3.89503037e-04
2.94364974e-01 1.07754141e-04 3.80755990e-04
2.94772009e-01 2.14499206e-06 3.88043930e-04
2.95179042e-01 6.58390741e-04 3.91824466e-04
2.95586072e-01 -9.07550960e-05 3.89710452e-04
2.95993099e-01 8.72927655e-04 4.01892520e-04
2.96400123e-01 5.34244058e-04 3.92214855e-04
2.96807145e-01 -6.57194196e-04 3.87794755e-04
2.97214163e-01 -4.95867816e-04 3.95037177e-04
2.97621179e-01 -5.69375020e-05 3.91442521e-04
2.98028192e-01 6.58712498e-04 3.92761514e-04
2.98435202e-01 4.96401155e-04 3.88883148e-04
2.98842210e-01 -2.22739211e-04 3.90907821e-04
2.99249214e-01 6.04687490e-04 3.98850154e-04
2.99656216e-01 2.67796170e-04 3.99992013e-04
3.00063215e-01 7.57925213e-04 3.90261099e-04
3.00470211e-01 2.58152775e-04 3.97275210e-04
3.00877204e-01 -2.33951262e-04 3.97105319e-04
3.01284194e-01 -4.15798671e-05 3.93946252e-04
3.01691182e-01 3.83918944e-04 4.00742525e-04
3.02098167e-01 3.03594958e-04 3.86271673e-04
3.02505149e-01 1.17650449e-04 3.87555937e-04
3.02912128e-01 -2.94143624e-04 3.94785384e-04
3.03319104e-01 -7.88749889e-05 3.97990591e-04
3.03726077e-01 -1.61162421e-04 3.89973903e-04
3.04133047e-01 5.96159157e-04 3.92942680e-04
3.04540015e-01 3.51424868e-05 3.91953012e-04
3.04946979e-01 -3.28782828e-04 3.90996987e-04
3.05353941e-01 1.13499068e-03 4.04834692e-04
3.05760900e-01 2.23841749e-04 3.88799163e-04
3.06167856e-01 5.07382073e-04 3.93410818e-04
3.06574809e-01 5.38103397e-04 3.91990385e-04
3.06981759e-01 -1.15709164e-04 3.87038477e-04
3.07388706e-01 -6.04030913e-04 3.88644180e-04
3.07795651e-01 4.96147830e-04 3.94310013e-04
3.08202592e-01 8.17496184e-04 3.97915434e-04
3.08609531e-01 6.58016417e-05 4.01136373e-04
3.09016466e-01 2.39149876e-04 4.01799831e-04
3.09423399e-01 1.74848781e-05 4.00438686e-04
3.09830329e-01 7.05443595e-05 3.97096625e-04
3.10237256e-01 -1.80066192e-04 3.99350287e-04
3.10644180e-01 -5.41227115e-04 3.93063479e-04
3.11051101e-01 6.53954003e-04 3.96811020e-04
3.11458019e-01 3.55506245e-05 4.07208425e-04
3.11864934e-01 2.98728846e-04 4.09676376e-04
3.12271846e-01 1.70792833e-04 3.95516153e-04
3.12678755e-01 -5.20545096e-05 4.04388684e-04
3.13085661e-01 -1.11748330e-04 3.92564189e-04
3.13492565e-01 3.50181188e-04 3.99156497e-04
3.13899465e-01 6.69879634e-04 4.01018584e-04
3.14306362e-01 2.71051992e-05 4.00436497e-04
3.14713257e-01 -7.50490113e-04 3.97235735e-04
3.15120148e-01 7.35951244e-04 4.09549477e-04
3.15527037e-01 -5.76439035e-04 4.12037954e-04
3.15933922e-01 6.14953160e-05 4.05574154e-04
3.16340805e-01 1.00788519e-03 4.45832851e-04
3.16747684e-01 7.73436955e-04 4.92581941e-04
3.17154561e-01 6.31869813e-04 5.19982215e-04
3.17561434e-01 -4.09931448e-05 5.42509342e-04
3.17968305e-01 -2.73045301e-04 5.81876978e-04
3.18375172e-01 -2.95020539e-04 6.20249654e-04
3.18782037e-01 4.88750950e-04 6.63585902e-04
3.19188898e-01 -1.03009994e-04 6.56956929e-04
3.19595757e-01 -1.86896563e-04 6.68375352e-04
3.20002612e-01 4.62153388e-04 7.26362463e-04
3.20409465e-01 9.20363350e-04 7.76510635e-04
3.20816314e-01 3.07264864e-04 8.12350185e-04
3.21223160e-01 3.76560021e-04 9.34978901e-04
3.21630004e-01 4.71521389e-04 1.06628709e-03
3.22036844e-01 -1.78959358e-03 1.29758651e-03
3.22443681e-01 -1.14453677e-03 1.90329159e-03
3.22850516e-01 1.83114296e-03 8.57535534e-03
