4.08043586e-03 -8.82166383e-02 2.77486835e-02
4.48847930e-03 -7.07052761e-02 2.70372004e-02
4.89652269e-03 -5.71572588e-02 1.99783706e-02
5.30456604e-03 -2.96054547e-02 1.40822382e-02
5.71260934e-03 -2.01637093e-02 1.08776961e-02
6.12065258e-03 -2.71405156e-02 8.78490299e-03
6.52869577e-03 -1.13267205e-02 7.56896425e-03
6.93673889e-03 -1.52480530e-02 6.18569576e-03
7.34478195e-03 -9.78385948e-03 5.44963594e-03
7.75282494e-03 -7.16097764e-03 5.37688681e-03
8.16086785e-03 2.44198509e-03 4.45964597e-03
8.56891069e-03 -7.97911964e-03 4.10614412e-03
8.97695345e-03 -2.42231199e-03 4.30272852e-03
9.38499612e-03 -6.03038190e-03 4.04631193e-03
9.79303870e-03 -2.73414982e-03 3.50303097e-03
1.02010812e-02 -8.54750405e-03 3.33872968e-03
1.06091236e-02 2.68948257e-03 3.23549567e-03
1.10171659e-02 -1.24506579e-03 2.99002195e-03
1.14252081e-02 3.03274648e-03 3.01863103e-03
1.18332501e-02 -2.71858278e-03 2.91335458e-03
1.22412921e-02 -2.67071242e-04 2.78720870e-03
1.26493339e-02 4.18897363e-03 2.56335404e-03
1.30573757e-02 2.68867031e-03 2.57558331e-03
1.34654173e-02 -5.73658473e-04 2.82242522e-03
1.38734588e-02 2.10401629e-03 2.14353177e-03
1.42815001e-02 -1.75068457e-04 2.45886317e-03
1.46895413e-02 3.81032324e-03 2.28094524e-03
1.50975824e-02 5.49374859e-03 2.33879395e-03
1.55056233e-02 3.08952335e-03 2.32181352e-03
1.59136641e-02 4.76816917e-04 1.95005481e-03
1.63217047e-02 1.95194713e-03 2.20417984e-03
1.67297452e-02 -1.43914792e-03 1.93610350e-03
1.71377855e-02 -2.24753844e-03 2.03472767e-03
1.75458257e-02 -1.21396048e-04 2.05621323e-03
1.79538657e-02 4.29449623e-03 2.14128491e-03
1.83619055e-02 -2.71134398e-03 1.75330412e-03
1.87699451e-02 -9.60356482e-04 1.97003233e-03
1.91779846e-02 1.61740894e-03 1.80576091e-03
1.95860239e-02 -1.64141640e-03 1.82254584e-03
1.99940630e-02 -2.88400701e-03 1.85458916e-03
2.04021019e-02 1.55770848e-03 1.85260312e-03
2.08101406e-02 -9.99662032e-04 1.79905713e-03
2.12181791e-02 -1.40932192e-03 1.82057530e-03
2.16262174e-02 9.56296086e-04 1.70206013e-03
2.20342555e-02 1.59597402e-03 1.79453424e-03
2.24422934e-02 6.04607778e-05 1.83795567e-03
2.28503311e-02 -2.97035147e-03 1.73534298e-03
2.32583686e-02 1.47836485e-03 1.73812882e-03
2.36664058e-02 2.46195086e-03 1.65776480e-03
2.40744429e-02 -7.12441817e-04 1.65148831e-03
2.44824797e-02 1.74299016e-04 1.74098926e-03
2.48905162e-02 1.48042209e-03 1.72237550e-03
2.52985525e-02 1.93726151e-03 1.60718450e-03
2.57065886e-02 8.78596886e-04 1.69164372e-03
2.61146245e-02 1.99063451e-03 1.79306844e-03
2.65226601e-02 1.31453333e-03 1.83687715e-03
2.69306954e-02 1.43575240e-04 1.76548234e-03
2.73387305e-02 -1.07681791e-03 1.63349274e-03
2.77467653e-02 -4.90192961e-04 1.67303209e-03
2.81547999e-02 4.72571462e-04 1.70553400e-03
2.85628342e-02 -1.95742270e-03 1.62759320e-03
2.89708682e-02 5.49420678e-04 1.71116426e-03
2.93789020e-02 2.44524032e-03 1.77529811e-03
2.97869355e-02 6.62023969e-04 1.57435488e-03
3.01949687e-02 1.32696187e-03 1.68747294e-03
3.06030016e-02 1.17954366e-03 1.62471202e-03
3.10110342e-02 1.19207624e-03 1.60067723e-03
3.14190665e-02 -3.12331131e-04 1.60009107e-03
3.18270985e-02 -1.08403519e-03 1.55916702e-03
3.22351302e-02 2.31461043e-03 1.53677541e-03
3.26431617e-02 -1.58319062e-03 1.32180237e-03
3.30511928e-02 8.65179884e-04 1.41206349e-03
3.34592236e-02 2.52677090e-04 1.44353640e-03
3.38672540e-02 1.91779022e-03 1.49257429e-03
3.42752842e-02 -6.52783660e-04 1.34926851e-03
3.46833140e-02 5.16262223e-04 1.40924014e-03
3.50913435e-02 2.40304520e-05 1.39908363e-03
3.54993727e-02 9.37528099e-04 1.36718581e-03
3.59074015e-02 2.12390128e-03 1.39162147e-03
3.63154300e-02 -1.23213192e-03 1.41135012e-03
3.67234581e-02 7.32290056e-04 1.39888152e-03
3.71314859e-02 2.11684140e-03 1.31260415e-03
3.75395134e-02 4.13465907e-04 1.30192898e-03
3.79475405e-02 1.53000727e-03 1.36010836e-03
3.83555672e-02 1.67232226e-03 1.35325658e-03
3.87635935e-02 5.55578244e-04 1.24465897e-03
3.91716195e-02 1.14459925e-03 1.34096870e-03
3.95796452e-02 2.33025333e-03 1.41347210e-03
3.99876704e-02 -4.72518158e-04 1.28627275e-03
4.03956953e-02 -4.09831250e-04 1.34016691e-03
4.08037198e-02 1.36933893e-03 1.25647718e-03
4.12117439e-02 1.57033601e-03 1.26370311e-03
4.16197676e-02 -9.15924274e-04 1.24410734e-03
4.20277909e-02 2.68643431e-04 1.27918129e-03
4.24358138e-02 -2.69378298e-04 1.22556806e-03
4.28438363e-02 -1.80933990e-03 1.25704716e-03
4.32518584e-02 1.99478553e-03 1.21244031e-03
4.36598801e-02 -2.87296068e-04 1.21059441e-03
4.40679014e-02 -9.70959367e-04 1.23020144e-03
4.44759222e-02 3.07453245e-04 1.20499020e-03
4.48839427e-02 -9.72358897e-04 1.24277175e-03
4.52919627e-02 1.15556070e-03 1.21279361e-03
4.56999823e-02 1.40660888e-03 1.16976915e-03
4.61080014e-02 2.31408008e-03 1.26621859e-03
4.65160201e-02 1.11549964e-03 1.19994928e-03
4.69240384e-02 -8.53189130e-04 1.17272786e-03
4.73320562e-02 2.00365602e-03 1.23340843e-03
4.77400736e-02 -4.69717956e-04 1.13183195e-03
4.81480905e-02 -6.15087794e-05 1.20509643e-03
4.85561070e-02 -4.54087836e-05 1.18221642e-03
4.89641230e-02 -1.21770608e-03 1.13577126e-03
4.93721385e-02 5.11188297e-05 1.16264426e-03
4.97801536e-02 6.78199320e-04 1.16209892e-03
5.01881682e-02 -1.74761267e-03 1.12219205e-03
5.05961823e-02 1.69551410e-03 1.12241131e-03
5.10041960e-02 1.31136044e-05 1.13345236e-03
5.14122091e-02 1.61059343e-03 1.14249584e-03
5.18202218e-02 -3.35761440e-04 1.14900170e-03
5.22282340e-02 2.22200962e-04 1.12303042e-03
5.26362457e-02 -1.26848790e-03 1.11691383e-03
5.30442569e-02 9.67679714e-04 1.15258528e-03
5.34522675e-02 -3.98987069e-04 1.04150097e-03
5.38602777e-02 2.66503837e-04 1.07835038e-03
5.42682874e-02 1.36834886e-03 1.09569370e-03
5.46762965e-02 -2.04383486e-04 1.07182604e-03
5.50843052e-02 6.14249673e-05 1.05489117e-03
5.54923133e-02 -6.15298753e-05 1.08169548e-03
5.59003208e-02 -6.24687429e-06 1.09618562e-03
5.63083279e-02 -1.40610107e-04 1.03554397e-03
5.67163344e-02 -5.21117722e-04 1.05135715e-03
5.71243404e-02 3.45318398e-04 1.11814839e-03
5.75323458e-02 -1.32509322e-03 1.10145862e-03
5.79403507e-02 5.10999825e-04 1.10717686e-03
5.83483551e-02 4.66748885e-04 1.13870213e-03
5.87563588e-02 -1.31612614e-04 1.11124279e-03
5.91643621e-02 -4.11483395e-04 1.08993257e-03
5.95723647e-02 -3.86895231e-04 1.09514168e-03
5.99803668e-02 -7.96155286e-04 1.06617097e-03
6.03883684e-02 2.65510602e-04 1.11079580e-03
6.07963693e-02 -5.82237448e-04 1.12334841e-03
6.12043697e-02 -1.21420746e-03 1.10340734e-03
6.16123695e-02 -8.66548841e-04 1.10608336e-03
6.20203687e-02 -1.09988279e-03 1.04342607e-03
6.24283674e-02 -1.51694654e-03 1.09260300e-03
6.28363654e-02 -1.93440411e-03 1.03865627e-03
6.32443629e-02 -1.52292282e-03 1.02581423e-03
6.36523597e-02 1.07837504e-03 1.05035452e-03
6.40603559e-02 -3.17328682e-04 1.02701551e-03
6.44683516e-02 2.82341673e-04 9.90023617e-04
6.48763466e-02 5.75374074e-04 1.00643034e-03
6.52843410e-02 -1.72282629e-03 1.03116695e-03
6.56923348e-02 -4.30720023e-04 9.78663631e-04
6.61003279e-02 1.23127501e-03 1.04860623e-03
6.65083205e-02 -4.83427025e-04 9.98277881e-04
6.69163124e-02 -1.01364161e-03 9.89580875e-04
6.73243036e-02 8.70525553e-04 9.92000077e-04
6.77322943e-02 1.29539265e-03 9.37952524e-04
6.81402842e-02 2.29847084e-04 9.67472655e-04
6.85482736e-02 2.43993671e-04 9.73387899e-04
6.89562623e-02 1.61291607e-03 1.01355729e-03
6.93642503e-02 -1.70460250e-04 9.70182462e-04
6.97722377e-02 -5.48092948e-04 9.63818447e-04
7.01802244e-02 3.78307280e-04 9.80718766e-04
7.05882105e-02 -4.48263308e-04 9.49352560e-04
7.09961958e-02 -8.47260455e-04 9.39712337e-04
7.14041805e-02 1.99652579e-04 9.47507318e-04
7.18121646e-02 -4.61792190e-04 8.99403281e-04
7.22201479e-02 -1.44787225e-03 8.93299255e-04
7.26281306e-02 -9.38328509e-04 8.97386543e-04
7.30361126e-02 -5.04797044e-04 9.29939654e-04
7.34440938e-02 -2.12582063e-04 9.56502414e-04
7.38520744e-02 1.00051979e-03 9.41451211e-04
7.42600543e-02 1.08032118e-03 9.13618158e-04
7.46680335e-02 -5.90472611e-04 9.17915302e-04
7.50760119e-02 1.36581466e-03 9.06208928e-04
7.54839897e-02 -2.19333882e-04 9.12155999e-04
7.58919667e-02 1.42685037e-04 8.86351131e-04
7.62999431e-02 -9.42314079e-04 8.92763476e-04
7.67079187e-02 -6.67191368e-04 9.30193729e-04
7.71158935e-02 4.39816743e-04 9.24095811e-04
7.75238677e-02 1.00065138e-03 8.95004006e-04
7.79318411e-02 5.76273382e-04 8.92440736e-04
7.83398137e-02 1.39461551e-05 9.06944105e-04
7.87477857e-02 7.00582597e-05 8.94023861e-04
7.91557568e-02 6.87335191e-04 8.90408636e-04
7.95637273e-02 -2.17040952e-04 8.68207109e-04
7.99716969e-02 -4.13700302e-04 8.48487264e-04
8.03796658e-02 1.43054657e-03 8.93518928e-04
8.07876340e-02 -6.46646598e-04 8.82300803e-04
8.11956014e-02 -1.92885462e-04 8.81293876e-04
8.16035680e-02 -2.73008324e-04 8.56122278e-04
8.20115338e-02 -9.61004366e-04 8.58730468e-04
8.24194989e-02 -2.17977604e-05 8.53914764e-04
8.28274631e-02 -5.49081815e-04 8.18048570e-04
8.32354266e-02 9.54089586e-04 8.75649287e-04
8.36433893e-02 -2.81675289e-04 8.55930157e-04
8.40513512e-02 2.87923088e-04 8.64309006e-04
8.44593123e-02 -4.73888010e-04 8.30789720e-04
8.48672727e-02 -7.96797645e-04 8.57382341e-04
8.52752322e-02 8.46258047e-04 8.17047097e-04
8.56831909e-02 2.19004131e-04 8.38777823e-04
8.60911487e-02 -6.38683269e-04 8.58162588e-04
8.64991058e-02 -3.18136402e-04 8.16735672e-04
8.69070620e-02 -4.76595134e-04 8.35815102e-04
8.73150175e-02 1.06668646e-03 8.23364336e-04
8.77229721e-02 -9.21888697e-05 8.34499081e-04
8.81309258e-02 -8.58638299e-05 8.25422759e-04
8.85388787e-02 5.97030212e-04 8.25543168e-04
8.89468308e-02 5.18472749e-04 8.16890168e-04
8.93547821e-02 -7.06873370e-04 8.29936741e-04
8.97627325e-02 3.84356592e-04 8.28125559e-04
9.01706820e-02 1.42674097e-03 8.21676609e-04
9.05786307e-02 9.40889311e-04 8.25739043e-04
9.09865785e-02 5.52753330e-04 8.08412301e-04
9.13945255e-02 -1.61413590e-03 8.04204875e-04
9.18024716e-02 -2.00495086e-04 7.96973800e-04
9.22104168e-02 -1.49520004e-03 7.83251554e-04
9.26183611e-02 9.75498435e-05 8.23356794e-04
9.30263046e-02 9.27378618e-04 8.17888013e-04
9.34342472e-02 5.04477651e-04 8.63949911e-04
9.38421889e-02 -2.03706261e-05 8.21122625e-04
9.42501297e-02 9.34964806e-04 8.25751669e-04
9.46580696e-02 8.38380391e-04 8.43822862e-04
9.50660087e-02 -1.77855165e-04 8.49391670e-04
9.54739468e-02 5.80864888e-04 8.20431997e-04
9.58818840e-02 1.39174455e-04 8.22256570e-04
9.62898203e-02 -1.03220125e-03 7.84758469e-04
9.66977557e-02 -4.00346719e-04 7.94101641e-04
9.71056902e-02 6.56759524e-04 8.01686563e-04
9.75136237e-02 1.49104934e-03 7.75914599e-04
9.79215564e-02 -1.32322992e-04 7.89027846e-04
9.83294881e-02 -9.86887998e-05 7.77911564e-04
9.87374188e-02 -1.07227544e-03 7.49793073e-04
9.91453487e-02 -2.66718876e-04 7.79896736e-04
9.95532775e-02 1.66018230e-03 7.99799019e-04
9.99612055e-02 -4.65558828e-04 7.69408580e-04
1.00369132e-01 6.30307454e-06 7.73253099e-04
1.00777059e-01 2.47608625e-04 7.98967829e-04
1.01184984e-01 -5.86253498e-04 7.66212880e-04
1.01592908e-01 -5.98451932e-04 7.45343168e-04
1.02000831e-01 1.12489896e-04 7.22466498e-04
1.02408753e-01 -1.40452223e-04 7.50987205e-04
1.02816674e-01 -3.95226650e-04 7.39925219e-04
1.03224595e-01 1.92190808e-04 7.56545575e-04
1.03632514e-01 1.91659662e-04 7.55788966e-04
1.04040432e-01 -2.13822070e-04 7.46645639e-04
1.04448349e-01 7.47624888e-04 7.53522695e-04
1.04856266e-01 7.32405516e-04 7.58393725e-04
1.05264181e-01 3.11855974e-04 7.52987873e-04
1.05672095e-01 1.79353642e-03 7.65623897e-04
1.06080009e-01 -9.12813291e-06 7.44591463e-04
1.06487921e-01 2.27743146e-04 7.19203150e-04
1.06895832e-01 1.29895446e-03 7.50716431e-04
1.07303743e-01 3.46947163e-04 7.69453483e-04
1.07711652e-01 5.48313265e-04 7.34421501e-04
1.08119560e-01 -2.09194896e-04 7.64650993e-04
1.08527467e-01 -8.49341533e-04 7.45980430e-04
1.08935374e-01 7.28371952e-04 7.53423699e-04
1.09343279e-01 4.31283376e-04 7.79412509e-04
1.09751183e-01 5.19062189e-04 7.23557112e-04
1.10159086e-01 2.63854468e-04 7.38211704e-04
1.10566988e-01 -4.10065241e-05 7.28520562e-04
1.10974889e-01 5.32157989e-05 7.50526561e-04
1.11382789e-01 1.12266959e-03 7.51720036e-04
1.11790688e-01 1.37555867e-03 7.37206818e-04
1.12198586e-01 -1.01857726e-03 7.32599245e-04
1.12606482e-01 6.18670592e-04 7.24087425e-04
1.13014378e-01 -8.26228798e-04 7.43562379e-04
1.13422273e-01 5.01522244e-04 7.39055374e-04
1.13830166e-01 1.87063635e-03 7.59323589e-04
1.14238059e-01 -5.25118670e-04 7.24764571e-04
1.14645950e-01 -4.03053923e-04 7.44391554e-04
1.15053840e-01 7.91923859e-04 7.27474044e-04
1.15461730e-01 1.00883886e-03 7.57453301e-04
1.15869618e-01 7.86833747e-04 7.48316306e-04
1.16277505e-01 1.20436960e-03 7.64098706e-04
1.16685391e-01 -2.87493004e-04 7.58039151e-04
1.17093275e-01 1.38728080e-03 7.54190701e-04
1.17501159e-01 1.71299051e-03 7.70057312e-04
1.17909042e-01 5.23547280e-04 7.30376460e-04
1.18316923e-01 -3.68618653e-04 7.30245457e-04
1.18724803e-01 8.80137497e-04 7.27716869e-04
1.19132683e-01 3.44858441e-04 6.93080204e-04
1.19540561e-01 1.14894085e-03 7.27264003e-04
1.19948438e-01 1.05166524e-04 7.13562330e-04
1.20356313e-01 -6.90101071e-05 6.94149129e-04
1.20764188e-01 3.22201802e-04 6.90130810e-04
1.21172062e-01 7.54548224e-04 6.89138609e-04
1.21579934e-01 1.31964083e-04 6.89217426e-04
1.21987805e-01 -2.00186217e-04 6.84910138e-04
1.22395675e-01 1.09706970e-04 6.83718414e-04
1.22803544e-01 2.91871899e-04 6.84984426e-04
1.23211412e-01 -3.94862486e-05 6.60149749e-04
1.23619278e-01 3.48028789e-04 6.81862261e-04
1.24027144e-01 7.07982172e-04 6.81609585e-04
1.24435008e-01 -3.94566858e-04 6.72947463e-04
1.24842871e-01 1.36342419e-04 6.89875309e-04
1.25250733e-01 -4.42498675e-05 6.67680724e-04
1.25658594e-01 -6.49149060e-04 6.74462309e-04
1.26066453e-01 -1.84575835e-04 7.01788442e-04
1.26474311e-01 1.08475180e-03 6.98107887e-04
1.26882168e-01 8.47775590e-04 6.85779571e-04
1.27290024e-01 1.49148987e-03 6.92370896e-04
1.27697879e-01 1.71390240e-04 6.62400836e-04
1.28105732e-01 6.56516052e-04 6.71944060e-04
1.28513585e-01 4.36806925e-04 6.93685895e-04
1.28921436e-01 5.73975564e-04 6.75272478e-04
1.29329285e-01 7.27357524e-04 6.48691436e-04
1.29737134e-01 -9.84598134e-05 6.55211093e-04
1.30144981e-01 2.93390165e-04 6.63612975e-04
1.30552828e-01 1.45524673e-04 6.52117202e-04
1.30960672e-01 -8.81871983e-05 6.39540358e-04
1.31368516e-01 -2.56618224e-04 6.43681893e-04
1.31776358e-01 3.11206068e-04 6.50363619e-04
1.32184200e-01 3.20464619e-04 6.37422889e-04
1.32592039e-01 2.73961105e-05 6.40987513e-04
1.32999878e-01 1.27220790e-03 6.55347330e-04
1.33407715e-01 -7.59824882e-05 6.40412275e-04
1.33815552e-01 7.82779602e-04 6.47055649e-04
1.34223386e-01 2.86961707e-04 6.41156676e-04
1.34631220e-01 1.28864358e-03 6.47445489e-04
1.35039052e-01 2.27717106e-04 6.64432572e-04
1.35446883e-01 1.47939024e-04 6.41423970e-04
1.35854713e-01 -2.82035578e-04 6.60674363e-04
1.36262541e-01 3.89615744e-04 6.58747217e-04
1.36670368e-01 -6.44602846e-04 6.35696483e-04
1.37078194e-01 -1.04670058e-04 6.27747551e-04
1.37486019e-01 -4.86582170e-04 6.33186874e-04
1.37893842e-01 -4.19772425e-04 6.25035417e-04
1.38301664e-01 -4.66151729e-05 6.30145331e-04
1.38709485e-01 9.77387472e-05 6.27262484e-04
1.39117304e-01 3.70676740e-04 6.29031569e-04
1.39525122e-01 -5.15516654e-04 6.32723637e-04
1.39932939e-01 -1.11521826e-03 6.10032186e-04
1.40340754e-01 8.58842728e-04 6.23535475e-04
1.40748568e-01 -5.40785027e-04 6.19472008e-04
1.41156381e-01 -2.64175655e-04 6.20954271e-04
1.41564192e-01 -1.05297138e-05 6.13971360e-04
1.41972002e-01 1.38564247e-04 6.15060850e-04
1.42379811e-01 4.66614530e-04 6.30053048e-04
1.42787618e-01 7.98850660e-04 6.22729691e-04
1.43195424e-01 1.32438863e-04 6.16214304e-04
1.43603228e-01 -8.15517601e-04 6.37342560e-04
1.44011032e-01 -3.74130342e-04 6.43659664e-04
1.44418833e-01 1.56192304e-03 6.34287489e-04
1.44826634e-01 1.33101997e-03 6.31447496e-04
1.45234433e-01 1.65777902e-04 6.16076093e-04
1.45642231e-01 1.92916845e-04 6.19745782e-04
1.46050027e-01 -5.97076744e-04 6.32246305e-04
1.46457822e-01 3.58542159e-04 6.26686965e-04
1.46865616e-01 3.51672938e-04 6.49367656e-04
1.47273408e-01 4.70180611e-05 6.36264186e-04
1.47681199e-01 8.88606485e-04 6.25548136e-04
1.48088988e-01 -2.32677112e-05 6.31899880e-04
1.48496776e-01 1.49360383e-04 6.36951282e-04
1.48904563e-01 -5.94104716e-04 6.18933688e-04
1.49312348e-01 1.29461276e-04 6.07625890e-04
1.49720132e-01 1.53791939e-04 6.25176812e-04
1.50127914e-01 -4.62153742e-04 6.27981474e-04
1.50535695e-01 2.92160630e-04 6.14077451e-04
1.50943474e-01 -2.48869134e-04 6.17844159e-04
1.51351252e-01 4.85550718e-04 5.85922394e-04
1.51759029e-01 3.97191469e-05 6.01980757e-04
1.52166804e-01 -2.43342922e-04 6.12186488e-04
1.52574578e-01 -1.29509431e-04 6.05156366e-04
1.52982350e-01 -4.74334153e-04 5.92942414e-04
1.53390121e-01 6.54697280e-04 5.99456348e-04
1.53797890e-01 -1.48565929e-04 5.85555146e-04
1.54205658e-01 -1.63625934e-04 5.99885879e-04
1.54613425e-01 -9.59596018e-04 5.87938198e-04
1.55021190e-01 -3.01461874e-04 5.98076405e-04
1.55428953e-01 -2.08043870e-04 5.96983680e-04
1.55836716e-01 4.17681463e-04 5.97637152e-04
1.56244476e-01 1.44678372e-03 5.94022586e-04
1.56652235e-01 -3.43897581e-04 5.82188598e-04
1.57059993e-01 1.52720192e-03 5.90965740e-04
1.57467749e-01 1.91332450e-04 5.87721055e-04
1.57875504e-01 -1.10442508e-03 5.68170117e-04
1.58283257e-01 3.47569979e-04 5.76820280e-04
1.58691008e-01 9.99956332e-06 5.70103552e-04
1.59098758e-01 -8.17953763e-04 5.59432464e-04
1.59506507e-01 -1.12698749e-04 5.71262529e-04
1.59914254e-01 9.90798964e-04 5.76192113e-04
1.60322000e-01 -1.45893359e-04 5.76867253e-04
1.60729744e-01 7.77841250e-04 5.97896053e-04
1.61137486e-01 -1.81333303e-04 5.62852903e-04
1.61545228e-01 6.87254026e-04 5.82111416e-04
1.61952967e-01 -2.68970118e-04 5.66180806e-04
1.62360705e-01 7.33814070e-04 5.74949429e-04
1.62768441e-01 9.02287756e-05 5.74530950e-04
1.63176176e-01 6.14651074e-04 5.64557528e-04
1.63583910e-01 4.60463953e-04 5.68846935e-04
1.63991641e-01 2.59400402e-04 5.56664233e-04
1.64399372e-01 2.69326449e-04 5.65583548e-04
1.64807100e-01 1.61622061e-04 5.60202231e-04
1.65214827e-01 5.72801064e-04 5.70360465e-04
1.65622553e-01 -6.00878941e-04 5.58999595e-04
1.66030277e-01 -7.33676162e-04 5.61985015e-04
1.66437999e-01 2.00075970e-04 5.51718387e-04
1.66845720e-01 4.06723761e-04 5.62524220e-04
1.67253439e-01 -3.54624475e-04 5.48470133e-04
1.67661157e-01 -4.87406561e-05 5.59591426e-04
1.68068873e-01 1.63027351e-04 5.52385305e-04
1.68476588e-01 -7.76355514e-05 5.56550032e-04
1.68884301e-01 -4.26874560e-04 5.47943897e-04
1.69292012e-01 3.45821425e-04 5.42661651e-04
1.69699721e-01 1.74660996e-04 5.44553187e-04
1.70107430e-01 -1.07259201e-03 5.52672201e-04
1.70515136e-01 2.83948766e-04 5.42361541e-04
1.70922841e-01 2.81205254e-04 5.39366605e-04
1.71330544e-01 6.27493966e-04 5.40975016e-04
1.71738246e-01 -1.12947661e-04 5.42378684e-04
1.72145946e-01 -8.50918110e-04 5.40125255e-04
1.72553644e-01 5.32651261e-04 5.51779744e-04
1.72961341e-01 -3.86166318e-04 5.39828022e-04
1.73369036e-01 1.22188632e-04 5.44120897e-04
1.73776729e-01 6.42376727e-04 5.48082514e-04
1.74184421e-01 -1.77178966e-04 5.51021688e-04
1.74592111e-01 -4.44018332e-04 5.34904000e-04
1.74999799e-01 -1.30035055e-04 5.33640968e-04
1.75407486e-01 -8.71470587e-05 5.45520788e-04
1.75815171e-01 7.26643063e-04 5.47828844e-04
1.76222855e-01 8.00899690e-04 5.40622995e-04
1.76630537e-01 -1.23562903e-05 5.42185200e-04
1.77038217e-01 4.69579182e-04 5.43235924e-04
1.77445895e-01 2.30106888e-05 5.33896661e-04
1.77853572e-01 4.05888258e-04 5.32726321e-04
1.78261247e-01 8.65710393e-04 5.36630745e-04
1.78668921e-01 -3.84223076e-04 5.36885590e-04
1.79076592e-01 1.34816843e-04 5.30631715e-04
1.79484262e-01 9.08670576e-04 5.36744096e-04
1.79891931e-01 1.75377739e-04 5.31600862e-04
1.80299597e-01 -1.67552731e-04 5.19405136e-04
1.80707262e-01 -3.74812747e-04 5.35389242e-04
1.81114925e-01 2.09084710e-04 5.24854766e-04
1.81522587e-01 6.78945834e-04 5.12664764e-04
1.81930247e-01 9.58497501e-04 5.30658485e-04
1.82337905e-01 9.48512169e-05 5.22640532e-04
1.82745561e-01 4.78634642e-04 5.21970030e-04
1.83153215e-01 6.04330451e-04 5.34011724e-04
1.83560868e-01 1.09430724e-03 5.35724496e-04
1.83968519e-01 5.92664503e-04 5.25058020e-04
1.84376169e-01 6.16532263e-04 5.25657849e-04
1.84783816e-01 3.63339851e-04 5.23119548e-04
1.85191462e-01 2.82209966e-04 5.19825116e-04
1.85599106e-01 6.07305963e-04 5.16192936e-04
1.86006749e-01 -3.35187943e-04 5.13244276e-04
1.86414389e-01 -1.44581251e-04 5.16362410e-04
1.86822028e-01 -2.46832088e-05 5.18363130e-04
1.87229665e-01 2.76893077e-04 5.16007373e-04
1.87637300e-01 4.87406207e-04 5.19630924e-04
1.88044934e-01 -5.60813729e-04 4.92047668e-04
1.88452566e-01 3.79176088e-04 5.10849185e-04
1.88860195e-01 6.11584951e-04 5.05644172e-04
1.89267824e-01 2.43872993e-04 5.07697274e-04
1.89675450e-01 -4.25704676e-04 5.07092852e-04
1.90083074e-01 6.02919750e-07 5.07384550e-04
1.90490697e-01 4.66699181e-04 5.06120826e-04
1.90898318e-01 7.97545618e-06 5.09913431e-04
1.91305937e-01 -3.29418652e-04 5.02403546e-04
1.91713555e-01 8.52728226e-04 4.99304294e-04
1.92121170e-01 7.85446628e-05 5.04078744e-04
1.92528784e-01 1.09861992e-03 5.07408331e-04
1.92936396e-01 9.44318349e-04 5.17275507e-04
1.93344006e-01 -5.39916273e-04 5.06541164e-04
1.93751614e-01 4.98479809e-04 5.18673129e-04
1.94159220e-01 1.17820105e-04 4.94992195e-04
1.94566825e-01 -4.54996603e-04 5.09959945e-04
1.94974427e-01 1.14912172e-04 5.02054075e-04
1.95382028e-01 -2.63049287e-04 4.96551103e-04
1.95789627e-01 5.02379227e-04 5.06989884e-04
1.96197224e-01 3.12303908e-04 5.06124388e-04
1.96604820e-01 2.72559556e-04 4.93420875e-04
1.97012413e-01 -2.10031280e-06 4.89547301e-04
1.97420005e-01 -9.47696150e-05 4.96830052e-04
1.97827594e-01 1.02973991e-03 5.01812399e-04
1.98235182e-01 2.52945055e-04 5.07355212e-04
1.98642768e-01 6.09641026e-05 5.03197411e-04
1.99050352e-01 8.80491757e-04 5.03709094e-04
1.99457934e-01 1.53581130e-04 5.06271958e-04
1.99865514e-01 5.49190832e-04 4.98834159e-04
2.00273093e-01 7.68710907e-04 5.04392500e-04
2.00680669e-01 5.21682177e-04 5.08194388e-04
2.01088244e-01 3.59678310e-04 5.11180646e-04
2.01495816e-01 1.50131845e-03 5.21432619e-04
2.01903387e-01 2.95150477e-04 5.12140676e-04
2.02310956e-01 4.22632275e-04 5.02306376e-04
2.02718523e-01 -8.99031381e-04 5.01293946e-04
2.03126088e-01 -3.45141161e-04 5.11544915e-04
2.03533651e-01 6.83080605e-04 5.20416406e-04
2.03941212e-01 5.43514861e-04 5.22751388e-04
2.04348771e-01 1.25124509e-04 5.00010092e-04
2.04756329e-01 4.29306404e-04 4.92323595e-04
2.05163884e-01 -8.13278458e-04 5.03608975e-04
2.05571438e-01 -8.85580071e-05 4.91441537e-04
2.05978989e-01 -8.60613812e-06 4.91248675e-04
2.06386539e-01 9.28152134e-04 4.99849207e-04
2.06794086e-01 -2.79521294e-04 4.98546576e-04
2.07201632e-01 -2.85041326e-04 4.99823497e-04
2.07609175e-01 1.05694991e-04 4.90743377e-04
2.08016717e-01 1.94534667e-04 5.03352262e-04
2.08424257e-01 1.58967221e-04 4.88404117e-04
2.08831794e-01 -3.97272560e-04 4.69953886e-04
2.09239330e-01 7.89681374e-04 4.88159149e-04
2.09646864e-01 3.35951329e-04 4.91073370e-04
2.10054396e-01 4.60607436e-04 4.99569449e-04
2.10461925e-01 5.62435725e-05 4.75937748e-04
2.10869453e-01 -3.09175837e-04 4.91414867e-04
2.11276979e-01 8.18057237e-04 4.84181771e-04
2.11684503e-01 9.73609590e-05 4.85571485e-04
2.12092025e-01 3.96156651e-04 4.84616569e-04
2.12499544e-01 -7.92253446e-04 4.66627279e-04
2.12907062e-01 3.88898312e-04 4.87394661e-04
2.13314578e-01 1.06368640e-04 4.89800319e-04
2.13722092e-01 7.38189313e-04 4.71739756e-04
2.14129603e-01 6.15721728e-04 4.83843977e-04
2.14537113e-01 1.89797667e-04 4.77496989e-04
2.14944621e-01 4.27695779e-04 4.74865775e-04
2.15352126e-01 5.83071253e-04 4.74583499e-04
2.15759630e-01 7.67031817e-04 4.76815598e-04
2.16167131e-01 5.59379112e-04 4.90266268e-04
2.16574631e-01 2.69224605e-05 4.73798728e-04
2.16982128e-01 -1.51473082e-04 4.70409173e-04
2.17389624e-01 9.01704429e-05 4.68800059e-04
2.17797117e-01 3.77173530e-04 4.70394531e-04
2.18204608e-01 2.72095935e-04 4.64070872e-04
2.18612098e-01 3.25166586e-04 4.61030433e-04
2.19019585e-01 5.05377634e-04 4.64243301e-04
2.19427070e-01 -3.64849514e-04 4.48774509e-04
2.19834553e-01 6.45874432e-05 4.66442123e-04
2.20242034e-01 9.39989461e-04 4.81724133e-04
2.20649512e-01 1.37835827e-05 4.65270462e-04
2.21056989e-01 2.20984487e-04 4.51678154e-04
2.21464464e-01 -2.48856077e-05 4.68040630e-04
2.21871936e-01 5.39509816e-04 4.63691363e-04
2.22279407e-01 -1.56116317e-05 4.60845389e-04
2.22686875e-01 2.84787136e-04 4.58102391e-04
2.23094341e-01 -2.15816206e-04 4.62899776e-04
2.23501805e-01 1.29263558e-04 4.58951829e-04
2.23909267e-01 1.59869358e-04 4.66142391e-04
2.24316727e-01 -7.93427559e-05 4.62357546e-04
2.24724185e-01 1.05680953e-05 4.52597692e-04
2.25131641e-01 5.72284035e-04 4.60084019e-04
2.25539094e-01 9.56891997e-05 4.57017927e-04
2.25946545e-01 -1.97748544e-04 4.53222476e-04
2.26353995e-01 2.13232893e-04 4.50244119e-04
2.26761442e-01 3.75789847e-04 4.56764693e-04
2.27168887e-01 2.04673373e-04 4.59115442e-04
2.27576329e-01 -8.44901826e-04 4.57516650e-04
2.27983770e-01 6.88460670e-04 4.61071414e-04
2.28391208e-01 9.15733522e-04 4.55667101e-04
2.28798645e-01 8.01992296e-04 4.56213088e-04
2.29206079e-01 1.21206900e-03 4.62858014e-04
2.29613511e-01 1.23945847e-04 4.58668886e-04
2.30020941e-01 5.53324565e-04 4.56818876e-04
2.30428368e-01 2.70345003e-04 4.63590989e-04
2.30835794e-01 3.59428504e-06 4.59132093e-04
2.31243217e-01 1.92603432e-05 4.60114457e-04
2.31650638e-01 6.83426247e-05 4.73088265e-04
2.32058057e-01 1.00756409e-03 4.69712798e-04
2.32465473e-01 -5.87071066e-05 4.67723271e-04
2.32872888e-01 1.02517710e-04 4.60458435e-04
2.33280300e-01 -2.39093865e-04 4.62026000e-04
2.33687710e-01 1.32892265e-04 4.60675984e-04
2.34095118e-01 4.23931367e-04 4.67943420e-04
2.34502524e-01 -4.77132832e-04 4.53719454e-04
2.34909927e-01 1.81050416e-04 4.70500549e-04
2.35317328e-01 -4.25035718e-05 4.63530216e-04
2.35724727e-01 -7.64348335e-05 4.51352649e-04
2.36132124e-01 -6.09798211e-04 4.48470490e-04
2.36539518e-01 -2.97548233e-05 4.61214510e-04
2.36946911e-01 1.20380828e-04 4.53950444e-04
2.37354301e-01 3.25285102e-04 4.63310363e-04
2.37761688e-01 3.15115250e-04 4.56782966e-04
2.38169074e-01 -3.05095035e-05 4.41961258e-04
2.38576457e-01 -3.31344356e-04 4.53346027e-04
2.38983838e-01 -1.13246540e-04 4.50271083e-04
2.39391217e-01 7.47158773e-05 4.53497616e-04
2.39798593e-01 -4.44832405e-04 4.34428113e-04
2.40205967e-01 -5.47939615e-04 4.41477386e-04
2.40613339e-01 2.98476609e-04 4.52179912e-04
2.41020709e-01 -7.34971453e-05 4.51281323e-04
2.41428076e-01 2.97412145e-05 4.47747980e-04
2.41835441e-01 1.73157958e-04 4.51229246e-04
2.42242804e-01 7.83474981e-04 4.54101546e-04
2.42650165e-01 7.23048666e-04 4.50169335e-04
2.43057523e-01 -2.15166414e-05 4.45263321e-04
2.43464879e-01 2.96176192e-04 4.36378471e-04
2.43872232e-01 2.25892518e-05 4.37327603e-04
2.44279584e-01 2.61906687e-04 4.32718733e-04
2.44686933e-01 -2.16290575e-04 4.34150784e-04
2.45094279e-01 1.03033860e-04 4.35352678e-04
2.45501624e-01 4.07859300e-04 4.44783297e-04
2.45908966e-01 -1.14203213e-04 4.36976026e-04
2.46316305e-01 3.33078355e-04 4.39618045e-04
2.46723643e-01 5.64357316e-04 4.41117649e-04
2.47130978e-01 2.31188751e-05 4.23877928e-04
2.47538310e-01 1.76977497e-04 4.26844161e-04
2.47945641e-01 5.85684869e-04 4.40834448e-04
2.48352969e-01 -4.58496802e-04 4.24138658e-04
2.48760294e-01 6.08534747e-04 4.29379108e-04
2.49167618e-01 4.97833777e-04 4.31182463e-04
2.49574939e-01 4.12582755e-04 4.29681453e-04
2.49982257e-01 7.12526889e-04 4.36444616e-04
2.50389573e-01 -6.44541839e-04 4.25931119e-04
2.50796887e-01 -3.03639204e-04 4.30828024e-04
2.51204199e-01 -2.18165067e-04 4.31369806e-04
2.51611508e-01 3.91572364e-04 4.29467549e-04
2.52018815e-01 -9.78510507e-05 4.23294842e-04
2.52426119e-01 4.12434270e-04 4.35640260e-04
2.52833421e-01 3.31291005e-04 4.29914895e-04
2.53240720e-01 3.08320261e-04 4.27233675e-04
2.53648017e-01 -2.48577123e-05 4.33231459e-04
2.54055312e-01 2.62414818e-04 4.26857606e-04
2.54462605e-01 -6.38249198e-05 4.24629429e-04
2.54869894e-01 2.55037907e-04 4.25171412e-04
2.55277182e-01 2.19882772e-04 4.12577770e-04
2.55684467e-01 3.36557869e-04 4.19665350e-04
2.56091750e-01 -5.84618792e-04 4.17655702e-04
2.56499030e-01 2.74367226e-04 4.16130025e-04
2.56906308e-01 -1.05951236e-03 4.20214425e-04
2.57313583e-01 -2.84803734e-05 4.19846033e-04
2.57720856e-01 5.04713937e-04 4.22463811e-04
2.58128127e-01 1.48391398e-04 4.17134955e-04
2.58535395e-01 -1.84080530e-05 4.18635528e-04
2.58942661e-01 7.20360984e-05 4.13443604e-04
2.59349924e-01 -3.83591686e-04 4.14321214e-04
2.59757184e-01 -1.18390543e-04 4.20293493e-04
2.60164443e-01 -3.95655505e-05 4.19151192e-04
2.60571699e-01 2.16499057e-04 4.22030665e-04
2.60978952e-01 -2.65924412e-05 4.19508933e-04
2.61386203e-01 -1.12074061e-04 4.19394441e-04
2.61793451e-01 6.62090730e-04 4.18084672e-04
2.62200697e-01 1.60599039e-04 4.18506803e-04
2.62607941e-01 3.75512756e-04 4.21392127e-04
2.63015182e-01 3.86330801e-04 4.21889561e-04
2.63422420e-01 -7.92006139e-05 4.13643942e-04
2.63829656e-01 -4.09853809e-04 4.16732848e-04
2.64236890e-01 9.41542637e-04 4.12349045e-04
2.64644121e-01 2.30844118e-04 4.11616567e-04
2.65051349e-01 1.23015099e-04 4.19491403e-04
2.65458575e-01 1.74496803e-04 4.09547924e-04
2.65865799e-01 -1.75372083e-04 4.13797998e-04
2.66273019e-01 2.51198914e-04 4.14865942e-04
2.66680238e-01 -4.96036689e-04 4.09074320e-04
2.67087454e-01 3.95127767e-04 4.07279807e-04
2.67494667e-01 5.28377696e-04 3.99853347e-04
2.67901878e-01 1.58674758e-04 4.10476047e-04
2.68309086e-01 -2.13869834e-04 4.05769162e-04
2.68716292e-01 -9.29459209e-05 4.04186091e-04
2.69123495e-01 -2.31564579e-04 4.08887534e-04
2.69530696e-01 -7.81404491e-05 4.04748825e-04
2.69937894e-01 2.43089281e-04 4.13970747e-04
2.70345090e-01 -9.45896792e-05 3.97821581e-04
2.70752283e-01 -1.01371576e-04 3.96528089e-04
2.71159473e-01 5.97658777e-04 4.03884109e-04
2.71566661e-01 6.94216597e-04 4.13713054e-04
2.71973847e-01 2.29484558e-04 4.05111485e-04
2.72381030e-01 2.86358351e-04 4.10393468e-04
2.72788210e-01 -1.04789867e-04 3.98927284e-04
2.73195387e-01 1.16400206e-04 4.01916554e-04
2.73602562e-01 2.06797379e-04 4.08528265e-04
2.74009735e-01 1.61731678e-05 4.10801883e-04
2.74416905e-01 6.23237141e-04 4.06352199e-04
2.74824072e-01 -2.68462396e-06 3.99760370e-04
2.75231237e-01 -6.40760238e-06 3.98461438e-04
2.75638399e-01 2.08048739e-04 3.97979716e-04
2.76045558e-01 5.69890311e-05 3.95553682e-04
2.76452715e-01 2.12189745e-04 4.02413039e-04
2.76859869e-01 -2.65332188e-04 3.96275792e-04
2.77267021e-01 3.13726199e-04 4.01629625e-04
2.77674170e-01 3.40320231e-04 4.03166980e-04
2.78081316e-01 -8.37920204e-04 3.89890347e-04
2.78488460e-01 5.46673607e-04 3.95860111e-04
2.78895601e-01 -2.55416396e-04 3.90652354e-04
2.79302740e-01 1.32693369e-04 3.95683798e-04
2.79709875e-01 -7.62013989e-05 3.91536553e-04
2.80117009e-01 -1.63553595e-04 3.93865131e-04
2.80524139e-01 6.45374413e-05 3.95684369e-04
2.80931267e-01 2.06427835e-04 3.99614143e-04
2.81338392e-01 -1.23454418e-04 3.97217712e-04
2.81745515e-01 7.55122670e-04 3.91986613e-04
2.82152635e-01 8.23898741e-05 3.99693627e-04
2.82559752e-01 -2.17441206e-04 3.91576415e-04
2.82966866e-01 4.76349497e-04 3.93712818e-04
2.83373978e-01 -1.76376216e-04 3.89460474e-04
2.83781088e-01 1.65644292e-04 3.93091133e-04
2.84188194e-01 -5.40701711e-05 3.98815668e-04
2.84595298e-01 -6.62943387e-04 3.89210594e-04
2.85002399e-01 2.77845070e-04 3.90045920e-04
2.85409497e-01 -1.23662616e-04 3.99829608e-04
2.85816593e-01 7.87092530e-05 3.94003496e-04
2.86223686e-01 -9.17384466e-05 3.98702711e-04
2.86630777e-01 -6.08064330e-04 3.94589753e-04
2.87037864e-01 1.03895204e-03 3.99093015e-04
2.87444949e-01 -1.85499806e-04 3.89008532e-04
2.87852031e-01 -3.41530509e-04 3.99021308e-04
2.88259111e-01 -6.18921485e-05 3.96606030e-04
2.88666188e-01 1.42749714e-04 4.01517924e-04
2.89073262e-01 2.06791630e-04 3.94528262e-04
2.89480333e-01 -2.94038805e-05 4.06690192e-04
2.89887401e-01 -2.94822132e-04 4.05929059e-04
2.90294467e-01 5.04488788e-04 3.96660284e-04
2.90701530e-01 6.50776085e-05 3.94268501e-04
2.91108591e-01 1.91918725e-04 3.95072664e-04
2.91515648e-01 8.61169763e-04 4.03044820e-04
2.91922703e-01 1.52700215e-04 3.95000033e-04
2.92329755e-01 -4.31166614e-04 3.87648491e-04
2.92736804e-01 1.94047092e-04 3.93387444e-04
2.93143851e-01 7.70354589e-04 3.98571386e-04
2.93550895e-01 -4.55190340e-04 3.80464856e-04
2.93957936e-01 -1.01735693e-04 3.86743714e-04
2.94364974e-01 1.30824451e-05 3.95451857e-04
2.94772009e-01 5.27028718e-04 3.94426718e-04
2.95179042e-01 3.20387729e-04 3.88202340e-04
2.95586072e-01 -2.76978719e-04 3.87778143e-04
2.95993099e-01 3.07648519e-04 3.91427497e-04
2.96400123e-01 6.30755289e-05 3.88728074e-04
2.96807145e-01 -2.34458436e-04 3.93054528e-04
2.97214163e-01 -7.92213091e-05 3.98862701e-04
2.97621179e-01 3.14820759e-04 4.00094556e-04
2.98028192e-01 7.69706160e-04 3.92195309e-04
2.98435202e-01 7.65811202e-04 3.98231474e-04
2.98842210e-01 2.35626334e-04 3.98901936e-04
2.99249214e-01 8.39899958e-05 4.03333159e-04
2.99656216e-01 8.11141254e-04 3.91936190e-04
3.00063215e-01 -1.68648272e-04 3.89639483e-04
3.00470211e-01 -1.08255425e-04 3.92793691e-04
3.00877204e-01 2.28066115e-04 3.94409088e-04
3.01284194e-01 3.42859725e-04 3.91693137e-04
3.01691182e-01 -1.57439845e-04 3.86275348e-04
3.02098167e-01 2.13480041e-04 3.92178232e-04
3.02505149e-01 2.47866881e-04 3.90919662e-04
3.02912128e-01 2.42353785e-04 3.98766778e-04
3.03319104e-01 1.31522197e-04 3.94038050e-04
3.03726077e-01 1.17613738e-04 3.90423427e-04
3.04133047e-01 -1.16899784e-04 3.94536037e-04
3.04540015e-01 2.96666122e-04 3.94188665e-04
3.04946979e-01 3.08846940e-06 3.91731266e-04
3.05353941e-01 -1.84756914e-05 3.88620411e-04
3.05760900e-01 1.69662329e-04 3.88100734e-04
3.06167856e-01 -1.29717268e-04 3.85741781e-04
3.06574809e-01 1.06883024e-04 3.87547262e-04
3.06981759e-01 5.86649708e-04 3.94146832e-04
3.07388706e-01 4.55571322e-04 3.93023173e-04
3.07795651e-01 2.87018902e-04 3.91957261e-04
3.08202592e-01 1.11791538e-04 3.95906018e-04
3.08609531e-01 -4.14963119e-04 3.97082151e-04
3.09016466e-01 9.20863626e-04 4.05039231e-04
3.09423399e-01 -3.98635511e-04 3.97306471e-04
3.09830329e-01 -6.49764149e-05 4.04886495e-04
3.10237256e-01 -1.62071954e-04 3.98414708e-04
3.10644180e-01 5.86489764e-04 3.91237616e-04
3.11051101e-01 1.12544328e-04 3.97055440e-04
3.11458019e-01 3.18998725e-04 4.04760502e-04
3.11864934e-01 8.00515562e-05 4.00456425e-04
3.12271846e-01 4.02113385e-04 4.00438394e-04
3.12678755e-01 -3.82972239e-05 3.98612753e-04
3.13085661e-01 3.20436546e-04 3.97046541e-04
3.13492565e-01 2.41846931e-04 4.01512969e-04
3.13899465e-01 2.95168032e-04 4.04867962e-04
3.14306362e-01 -3.95805948e-04 3.96064708e-04
3.14713257e-01 5.79309901e-04 4.06002796e-04
3.15120148e-01 -8.85622341e-05 3.97616132e-04
3.15527037e-01 2.20182265e-04 4.07799327e-04
3.15933922e-01 6.99257931e-04 4.23014730e-04
3.16340805e-01 4.84020412e-04 4.49902471e-04
3.16747684e-01 -1.15033027e-04 4.81005673e-04
3.17154561e-01 4.08052409e-04 5.21607351e-04
3.17561434e-01 6.77706215e-05 5.53905433e-04
3.17968305e-01 2.68266260e-04 5.85428354e-04
3.18375172e-01 -8.81177086e-04 6.23078818e-04
3.18782037e-01 6.04436666e-04 6.46268226e-04
3.19188898e-01 1.02746125e-05 6.46156771e-04
3.19595757e-01 -7.33620039e-04 6.73883340e-04
3.20002612e-01 4.46378983e-05 7.10031728e-04
3.20409465e-01 -8.59988532e-04 7.56736948e-04
3.20816314e-01 -1.08438135e-03 8.35917026e-04
3.21223160e-01 -1.70621267e-03 9.31458626e-04
3.21630004e-01 -2.72306232e-04 1.08958890e-03
3.22036844e-01 1.65832410e-04 1.34295713e-03
3.22443681e-01 -1.53210396e-03 1.92261702e-03
3.22850516e-01 -4.07605244e-03 5.15008420e-03
