4.08043586e-03 -1.22583539e-01 2.53281949e-02
4.48847930e-03 -1.02444530e-01 2.72341243e-02
4.89652269e-03 -7.98870454e-02 2.00819164e-02
5.30456604e-03 -5.34400978e-02 1.34782187e-02
5.71260934e-03 -5.14523933e-02 1.07037305e-02
6.12065258e-03 -4.37466650e-02 8.57191178e-03
6.52869577e-03 -3.19619518e-02 7.70999843e-03
6.93673889e-03 -2.56809661e-02 6.42070414e-03
7.34478195e-03 -1.06256176e-02 5.66579743e-03
7.75282494e-03 -1.67523164e-02 5.37434786e-03
8.16086785e-03 -1.40618836e-02 5.01619973e-03
8.56891069e-03 -1.58853309e-02 4.16627794e-03
8.97695345e-03 -1.10715393e-02 3.93064903e-03
9.38499612e-03 -8.53524469e-03 3.64900406e-03
9.79303870e-03 -8.63601329e-03 3.47677204e-03
1.02010812e-02 -9.16983887e-03 3.22499714e-03
1.06091236e-02 -9.13553663e-03 3.40988767e-03
1.10171659e-02 -2.49189673e-03 2.87925905e-03
1.14252081e-02 -8.67866692e-03 2.89219804e-03
1.18332501e-02 -2.26523071e-03 2.72761034e-03
1.22412921e-02 -2.36685118e-03 2.71874786e-03
1.26493339e-02 -1.16244217e-03 2.80541886e-03
1.30573757e-02 -1.25738729e-03 2.49867588e-03
1.34654173e-02 1.06858005e-03 2.63684133e-03
1.38734588e-02 -2.29372159e-03 2.46793668e-03
1.42815001e-02 3.92595865e-03 2.41752795e-03
1.46895413e-02 -2.34954827e-03 2.17708583e-03
1.50975824e-02 1.58626901e-03 2.15325394e-03
1.55056233e-02 -2.06125214e-03 1.98102761e-03
1.59136641e-02 3.35459831e-04 2.21830671e-03
1.63217047e-02 8.64051613e-04 2.06664020e-03
1.67297452e-02 -2.29513809e-05 2.08602698e-03
1.71377855e-02 -1.95018864e-03 2.01890793e-03
1.75458257e-02 -6.25563429e-04 1.98511866e-03
1.79538657e-02 7.46186523e-04 1.91551286e-03
1.83619055e-02 3.07455363e-03 1.82125141e-03
1.87699451e-02 2.24377888e-03 1.86420336e-03
1.91779846e-02 -2.80866098e-04 1.82944411e-03
1.95860239e-02 1.89768951e-03 1.82961393e-03
1.99940630e-02 1.50276014e-03 1.90194360e-03
2.04021019e-02 2.14868069e-03 1.96617772e-03
2.08101406e-02 1.91774095e-03 1.94674976e-03
2.12181791e-02 -2.48789227e-03 1.75342227e-03
2.16262174e-02 -2.96378196e-03 1.66624111e-03
2.20342555e-02 -2.53000796e-03 1.76838554e-03
2.24422934e-02 2.19897930e-03 1.75064215e-03
2.28503311e-02 4.20438251e-04 1.71913570e-03
2.32583686e-02 -2.01125033e-04 1.69493120e-03
2.36664058e-02 1.96479253e-03 1.64930308e-03
2.40744429e-02 -4.42486517e-04 1.61983169e-03
2.44824797e-02 -2.91875255e-03 1.60958389e-03
2.48905162e-02 -6.46463094e-04 1.64075356e-03
2.52985525e-02 -7.12238268e-04 1.68393730e-03
2.57065886e-02 9.12280125e-04 1.73610733e-03
2.61146245e-02 5.14060096e-04 1.63614602e-03
2.65226601e-02 -2.36748829e-03 1.59480076e-03
2.69306954e-02 2.31813711e-03 1.59063627e-03
2.73387305e-02 8.13645318e-04 1.63717593e-03
2.77467653e-02 -2.60458364e-03 1.57241113e-03
2.81547999e-02 6.18127754e-04 1.73817322e-03
2.85628342e-02 -3.29525285e-03 1.54852886e-03
2.89708682e-02 -3.07720875e-04 1.68246019e-03
2.93789020e-02 -5.01751087e-04 1.70625800e-03
2.97869355e-02 2.16355236e-03 1.66810459e-03
3.01949687e-02 1.19143482e-04 1.65863819e-03
3.06030016e-02 3.20110942e-03 1.55934605e-03
3.10110342e-02 2.17824600e-03 1.62051275e-03
3.14190665e-02 -1.87229260e-04 1.59294678e-03
3.18270985e-02 7.32463731e-04 1.55034722e-03
3.22351302e-02 -2.17657890e-03 1.51635550e-03
3.26431617e-02 -2.60161084e-05 1.49134790e-03
3.30511928e-02 -9.95901860e-04 1.53514251e-03
3.34592236e-02 4.38897804e-04 1.46924448e-03
3.38672540e-02 -9.50291543e-04 1.42691116e-03
3.42752842e-02 -2.98148211e-03 1.38818510e-03
3.46833140e-02 -1.55084454e-03 1.33862209e-03
3.50913435e-02 1.07431358e-03 1.38766832e-03
3.54993727e-02 5.87836409e-03 1.41790165e-03
3.59074015e-02 2.46771952e-03 1.41815669e-03
3.63154300e-02 8.88371589e-04 1.41892109e-03
3.67234581e-02 1.82781233e-04 1.39953095e-03
3.71314859e-02 -3.60500898e-04 1.35720819e-03
3.75395134e-02 1.71028353e-03 1.43670972e-03
3.79475405e-02 4.43464466e-04 1.36346339e-03
3.83555672e-02 -1.93155662e-03 1.31517627e-03
3.87635935e-02 -3.50852711e-03 1.35890057e-03
3.91716195e-02 -5.11520878e-04 1.39658368e-03
3.95796452e-02 -3.54618499e-04 1.31764862e-03
3.99876704e-02 2.37620570e-03 1.38568656e-03
4.03956953e-02 -1.03941899e-03 1.28536924e-03
4.08037198e-02 2.93346581e-04 1.31561247e-03
4.12117439e-02 4.49849027e-04 1.28095350e-03
4.16197676e-02 -1.78546823e-03 1.24642746e-03
4.20277909e-02 -1.66860370e-03 1.18637944e-03
4.24358138e-02 1.87522971e-03 1.25911064e-03
4.28438363e-02 1.28766761e-05 1.27548440e-03
4.32518584e-02 6.12042896e-04 1.20630805e-03
4.36598801e-02 2.83190398e-04 1.17470169e-03
4.40679014e-02 -1.30825631e-03 1.23980223e-03
4.44759222e-02 1.17421021e-03 1.20407472e-03
4.48839427e-02 -2.65172919e-04 1.21115028e-03
4.52919627e-02 2.73645062e-04 1.17282202e-03
4.56999823e-02 -1.81127477e-03 1.20565726e-03
4.61080014e-02 -2.79674217e-04 1.18747634e-03
4.65160201e-02 1.84465301e-03 1.26610351e-03
4.69240384e-02 2.95589126e-03 1.22985983e-03
4.73320562e-02 1.96756358e-03 1.18443231e-03
4.77400736e-02 1.99143618e-03 1.22991431e-03
4.81480905e-02 -2.82055975e-04 1.16147028e-03
4.85561070e-02 4.12092477e-04 1.19777537e-03
4.89641230e-02 1.33003790e-03 1.16206741e-03
4.93721385e-02 -6.66428640e-04 1.14367580e-03
4.97801536e-02 -1.38656993e-03 1.14411358e-03
5.01881682e-02 -2.17724756e-04 1.13936447e-03
5.05961823e-02 6.05440293e-04 1.16255367e-03
5.10041960e-02 -6.71075373e-04 1.15802382e-03
5.14122091e-02 -4.74205207e-04 1.12551000e-03
5.18202218e-02 -6.64461920e-04 1.13767098e-03
5.22282340e-02 -1.16167546e-03 1.14956764e-03
5.26362457e-02 9.95825793e-04 1.15124034e-03
5.30442569e-02 9.97679971e-04 1.10494465e-03
5.34522675e-02 1.13764389e-04 1.09672068e-03
5.38602777e-02 1.02890655e-03 1.13933218e-03
5.42682874e-02 -1.71437445e-03 1.10250255e-03
5.46762965e-02 1.10268067e-04 1.09838502e-03
5.50843052e-02 6.37222563e-04 1.09378501e-03
5.54923133e-02 8.90153708e-04 1.05045740e-03
5.59003208e-02 -1.29288017e-03 1.10544321e-03
5.63083279e-02 1.36764542e-03 1.12378780e-03
5.67163344e-02 7.59883440e-04 1.10477525e-03
5.71243404e-02 2.25088927e-03 1.09342216e-03
5.75323458e-02 -1.64417262e-04 1.07911678e-03
5.79403507e-02 4.09357729e-04 1.13504357e-03
5.83483551e-02 1.36002744e-03 1.11034639e-03
5.87563588e-02 5.28397450e-04 1.16898822e-03
5.91643621e-02 6.10570521e-04 1.15397829e-03
5.95723647e-02 -5.55489653e-04 1.13064366e-03
5.99803668e-02 -7.62186880e-04 1.07837040e-03
6.03883684e-02 4.16864431e-04 1.14726786e-03
6.07963693e-02 -4.12694042e-04 1.14526304e-03
6.12043697e-02 -5.46981936e-04 1.08761413e-03
6.16123695e-02 4.21682241e-04 1.13617206e-03
6.20203687e-02 -3.09406611e-04 1.05403420e-03
6.24283674e-02 -1.94489816e-03 1.02836876e-03
6.28363654e-02 -1.51911719e-03 1.04293593e-03
6.32443629e-02 -1.31798817e-03 1.06312167e-03
6.36523597e-02 -7.54192486e-04 1.01672749e-03
6.40603559e-02 1.59836368e-03 1.06186169e-03
6.44683516e-02 -2.85136884e-05 1.02038427e-03
6.48763466e-02 2.82078538e-03 1.04380564e-03
6.52843410e-02 -1.40352170e-03 1.02738322e-03
6.56923348e-02 9.54266445e-04 1.05176716e-03
6.61003279e-02 9.58057367e-04 1.03417524e-03
6.65083205e-02 -5.88123872e-04 1.00191279e-03
6.69163124e-02 7.43119790e-04 9.87579683e-04
6.73243036e-02 -1.37903206e-03 9.97685754e-04
6.77322943e-02 1.01287336e-03 1.01230461e-03
6.81402842e-02 -1.03424306e-04 1.00060313e-03
6.85482736e-02 -1.20054043e-04 1.04646893e-03
6.89562623e-02 -4.90342853e-04 9.76074987e-04
6.93642503e-02 -4.99095342e-04 9.94335882e-04
6.97722377e-02 -5.02936694e-04 9.68210560e-04
7.01802244e-02 -1.00956738e-03 1.01024990e-03
7.05882105e-02 3.24568875e-04 9.78006059e-04
7.09961958e-02 6.85369781e-04 9.73883962e-04
7.14041805e-02 1.15281916e-03 9.50572340e-04
7.18121646e-02 -3.20745358e-04 9.52527979e-04
7.22201479e-02 8.92157557e-04 9.20541733e-04
7.26281306e-02 1.85757750e-03 9.30790009e-04
7.30361126e-02 -6.23807279e-04 9.11613137e-04
7.34440938e-02 -1.02989455e-03 9.12467406e-04
7.38520744e-02 -1.67154154e-03 9.25900469e-04
7.42600543e-02 7.93222542e-04 9.18349480e-04
7.46680335e-02 1.36685442e-03 9.53388194e-04
7.50760119e-02 -7.78872902e-04 9.35854690e-04
7.54839897e-02 -1.49819883e-03 9.33117290e-04
7.58919667e-02 -8.34890016e-04 9.38353472e-04
7.62999431e-02 -5.60646770e-04 9.16789666e-04
7.67079187e-02 3.38945425e-04 8.90124655e-04
7.71158935e-02 -3.61682276e-04 8.97997711e-04
7.75238677e-02 -2.99498622e-05 9.08561775e-04
7.79318411e-02 -1.40587216e-03 8.88854403e-04
7.83398137e-02 -6.12592640e-04 9.11513801e-04
7.87477857e-02 4.84656664e-05 8.98040386e-04
7.91557568e-02 3.68402095e-04 8.88679073e-04
7.95637273e-02 1.11815862e-03 8.44414713e-04
7.99716969e-02 -2.79939477e-04 8.67092658e-04
8.03796658e-02 -1.12630910e-04 8.76867675e-04
8.07876340e-02 -9.76283133e-04 8.94341782e-04
8.11956014e-02 1.56649123e-04 8.60655409e-04
8.16035680e-02 1.84746884e-03 8.66511864e-04
8.20115338e-02 1.49135586e-04 8.59645105e-04
8.24194989e-02 -4.83931339e-04 8.42553469e-04
8.28274631e-02 -6.44880419e-04 8.57922505e-04
8.32354266e-02 -6.44545465e-04 8.53170147e-04
8.36433893e-02 -9.41713985e-05 8.63074676e-04
8.40513512e-02 1.58443967e-03 8.62139894e-04
8.44593123e-02 -2.24033271e-04 8.35128558e-04
8.48672727e-02 1.01572235e-03 8.31419702e-04
8.52752322e-02 -9.33044720e-04 8.22036421e-04
8.56831909e-02 -8.93020915e-04 8.34836598e-04
8.60911487e-02 7.07597128e-04 8.45289183e-04
8.64991058e-02 5.67844064e-04 8.37345820e-04
8.69070620e-02 8.15651623e-04 8.57926811e-04
8.73150175e-02 1.79127012e-03 8.54979646e-04
8.77229721e-02 1.00775616e-03 8.64698830e-04
8.81309258e-02 9.30079938e-04 8.54147930e-04
8.85388787e-02 -5.71196713e-05 8.23230455e-04
8.89468308e-02 -2.78367180e-04 8.09690100e-04
8.93547821e-02 -1.84779074e-04 8.31364080e-04
8.97627325e-02 1.08090258e-04 8.14659466e-04
9.01706820e-02 -1.86416033e-05 8.10239502e-04
9.05786307e-02 8.71318404e-05 8.23863194e-04
9.09865785e-02 -7.13709666e-04 8.04173296e-04
9.13945255e-02 -1.72248379e-03 8.32251483e-04
9.18024716e-02 -4.96691004e-04 8.03807954e-04
9.22104168e-02 -1.93052962e-03 7.81738192e-04
9.26183611e-02 -5.27999011e-04 7.99423599e-04
9.30263046e-02 3.74276883e-04 8.17665816e-04
9.34342472e-02 2.48697926e-03 8.22675599e-04
9.38421889e-02 -4.28700635e-04 8.04951398e-04
9.42501297e-02 -1.99937903e-04 8.05906811e-04
9.46580696e-02 1.33432821e-04 8.09342682e-04
9.50660087e-02 -5.60634617e-04 7.94946800e-04
9.54739468e-02 -2.62135203e-04 7.87337420e-04
9.58818840e-02 5.08478116e-04 7.93828644e-04
9.62898203e-02 -5.18462369e-05 7.95756513e-04
9.66977557e-02 -6.79984743e-04 7.84669234e-04
9.71056902e-02 -1.05049016e-03 7.79785288e-04
9.75136237e-02 -9.37610539e-04 7.85870766e-04
9.79215564e-02 5.68282014e-04 8.06847526e-04
9.83294881e-02 -2.48843734e-04 7.72060189e-04
9.87374188e-02 2.05784496e-04 7.71447790e-04
9.91453487e-02 3.23739353e-04 7.99571409e-04
9.95532775e-02 -4.86093472e-06 7.61374159e-04
9.99612055e-02 -3.16435579e-04 7.49166167e-04
1.00369132e-01 -6.88557556e-05 7.38769864e-04
1.00777059e-01 3.41162950e-04 7.81462406e-04
1.01184984e-01 -9.45322398e-04 7.73721430e-04
1.01592908e-01 5.44550732e-04 7.43506983e-04
1.02000831e-01 7.74346115e-04 7.45797062e-04
1.02408753e-01 -5.22891664e-05 7.61707475e-04
1.02816674e-01 -2.76142048e-05 7.58455245e-04
1.03224595e-01 8.45649404e-04 7.41490571e-04
1.03632514e-01 -8.44158444e-04 7.47776312e-04
1.04040432e-01 -5.59590073e-05 7.48300554e-04
1.04448349e-01 1.44418409e-04 7.49769134e-04
1.04856266e-01 6.76072183e-04 7.53039841e-04
1.05264181e-01 1.82203253e-03 7.70404875e-04
1.05672095e-01 1.15615036e-03 7.38222498e-04
1.06080009e-01 1.53693446e-03 7.58864053e-04
1.06487921e-01 2.05763855e-04 6.98570046e-04
1.06895832e-01 9.91719603e-05 7.36132465e-04
1.07303743e-01 -8.48422211e-04 7.50264031e-04
1.07711652e-01 1.53706343e-03 7.50095232e-04
1.08119560e-01 2.31520172e-04 7.35201266e-04
1.08527467e-01 -2.46119944e-04 7.24707406e-04
1.08935374e-01 9.16686319e-04 7.36364358e-04
1.09343279e-01 -6.23872946e-05 7.42296123e-04
1.09751183e-01 4.80474870e-04 7.16595257e-04
1.10159086e-01 -4.72444311e-05 7.51500771e-04
1.10566988e-01 -4.07408429e-04 7.07833364e-04
1.10974889e-01 9.97770625e-04 7.28959220e-04
1.11382789e-01 7.18515044e-04 7.49844886e-04
1.11790688e-01 -1.42163647e-03 7.22740897e-04
1.12198586e-01 6.94023088e-04 7.43140903e-04
1.12606482e-01 3.55423181e-04 7.46970921e-04
1.13014378e-01 1.42136367e-04 7.23897611e-04
1.13422273e-01 -4.85954866e-04 7.06097301e-04
1.13830166e-01 -4.56198771e-04 7.36166235e-04
1.14238059e-01 -1.70921107e-04 7.25708529e-04
1.14645950e-01 -6.04604194e-04 7.23616625e-04
1.15053840e-01 7.01341422e-04 7.42409452e-04
1.15461730e-01 -1.44052654e-05 7.16003722e-04
1.15869618e-01 1.59649079e-03 7.50768469e-04
1.16277505e-01 8.40018751e-04 7.33701715e-04
1.16685391e-01 -5.26010103e-04 7.46409974e-04
1.17093275e-01 -7.03796400e-04 7.27763736e-04
1.17501159e-01 -7.74087872e-05 7.52393264e-04
1.17909042e-01 1.40869531e-03 7.17187247e-04
1.18316923e-01 8.74573763e-04 7.28799313e-04
1.18724803e-01 1.64222094e-03 7.26534115e-04
1.19132683e-01 1.10378400e-03 7.24617460e-04
1.19540561e-01 1.56291525e-03 7.09302998e-04
1.19948438e-01 -4.13322154e-04 6.82889873e-04
1.20356313e-01 1.23595260e-03 7.03416518e-04
1.20764188e-01 1.24474345e-03 7.14541606e-04
1.21172062e-01 1.13277423e-03 7.08430925e-04
1.21579934e-01 7.79070157e-04 6.89567405e-04
1.21987805e-01 -2.06495471e-04 6.80982265e-04
1.22395675e-01 -4.06533067e-04 6.60457298e-04
1.22803544e-01 -8.51636075e-04 6.60260827e-04
1.23211412e-01 7.48452282e-04 6.93380110e-04
1.23619278e-01 1.02627288e-03 6.99501681e-04
1.24027144e-01 4.77150889e-04 6.62622152e-04
1.24435008e-01 5.02438468e-05 6.93735489e-04
1.24842871e-01 -7.88296705e-05 6.65235600e-04
1.25250733e-01 -7.61283357e-04 6.70385502e-04
1.25658594e-01 2.50221678e-04 6.77504866e-04
1.26066453e-01 7.83577380e-04 6.90235068e-04
1.26474311e-01 1.28543551e-03 6.90569449e-04
1.26882168e-01 -4.46942315e-04 6.77824269e-04
1.27290024e-01 3.12677762e-05 6.89408634e-04
1.27697879e-01 7.78925983e-04 6.71270561e-04
1.28105732e-01 -1.63522881e-04 6.61209685e-04
1.28513585e-01 1.30742138e-03 6.54358320e-04
1.28921436e-01 -3.64764623e-04 6.43871576e-04
1.29329285e-01 1.11480027e-03 6.65640865e-04
1.29737134e-01 -4.10985659e-04 6.72915375e-04
1.30144981e-01 1.80071641e-03 6.61724492e-04
1.30552828e-01 1.09798811e-04 6.69214528e-04
1.30960672e-01 8.98882025e-04 6.53603471e-04
1.31368516e-01 1.06653962e-04 6.44273220e-04
1.31776358e-01 7.82291144e-04 6.72986715e-04
1.32184200e-01 6.46826386e-04 6.58589422e-04
1.32592039e-01 -1.31609936e-04 6.42636706e-04
1.32999878e-01 1.34419772e-03 6.43439831e-04
1.33407715e-01 1.94090897e-03 6.43635482e-04
1.33815552e-01 1.10540158e-03 6.24158029e-04
1.34223386e-01 -3.20182986e-04 6.33207748e-04
1.34631220e-01 -3.54782154e-04 6.57809243e-04
1.35039052e-01 3.79392498e-05 6.57488380e-04
1.35446883e-01 1.26834734e-03 6.38839352e-04
1.35854713e-01 4.91997321e-04 6.23632856e-04
1.36262541e-01 3.88251222e-04 6.35875274e-04
1.36670368e-01 -2.79556710e-04 6.15344165e-04
1.37078194e-01 -1.39528747e-04 6.16954367e-04
1.37486019e-01 -1.86444458e-04 6.31462830e-04
1.37893842e-01 2.31448078e-04 6.29278340e-04
1.38301664e-01 6.78548912e-04 6.26647951e-04
1.38709485e-01 5.00225799e-05 6.17201724e-04
1.39117304e-01 -2.11926028e-04 6.23552744e-04
1.39525122e-01 -2.14086639e-04 6.17328509e-04
1.39932939e-01 7.46110477e-05 6.21577134e-04
1.40340754e-01 4.35466238e-04 6.41671598e-04
1.40748568e-01 1.21047096e-03 6.31665941e-04
1.41156381e-01 7.41285768e-04 6.24470613e-04
1.41564192e-01 3.28620488e-04 6.25090455e-04
1.41972002e-01 3.07448907e-04 6.20323318e-04
1.42379811e-01 1.26571127e-03 6.31196073e-04
1.42787618e-01 4.47407502e-04 6.19355496e-04
1.43195424e-01 -5.34171672e-04 6.35562801e-04
1.43603228e-01 6.04450495e-05 6.33570019e-04
1.44011032e-01 1.71491212e-04 6.26568741e-04
1.44418833e-01 1.20569604e-03 6.44275765e-04
1.44826634e-01 7.26107735e-04 6.21729557e-04
1.45234433e-01 3.10090376e-04 6.10648533e-04
1.45642231e-01 -5.85674963e-04 6.13221514e-04
1.46050027e-01 -8.67769444e-05 6.26224784e-04
1.46457822e-01 7.57390746e-04 6.53918802e-04
1.46865616e-01 1.71029936e-03 6.45902082e-04
1.47273408e-01 2.08228190e-04 6.36785265e-04
1.47681199e-01 2.74360173e-04 6.27717634e-04
1.48088988e-01 -3.92076713e-04 6.29796374e-04
1.48496776e-01 6.26846497e-04 6.36237729e-04
1.48904563e-01 -4.78257985e-05 6.22400892e-04
1.49312348e-01 1.02319380e-03 6.30638362e-04
1.49720132e-01 -1.38288118e-03 6.10279208e-04
1.50127914e-01 8.36887612e-04 6.09998628e-04
1.50535695e-01 8.14694264e-04 6.03996665e-04
1.50943474e-01 1.22792357e-04 6.03997717e-04
1.51351252e-01 1.51434962e-05 6.01804189e-04
1.51759029e-01 2.09845548e-04 6.06542446e-04
1.52166804e-01 1.08063613e-04 6.07051214e-04
1.52574578e-01 5.54004261e-04 5.94624557e-04
1.52982350e-01 2.40767460e-04 6.16809872e-04
1.53390121e-01 1.27517609e-03 6.14614770e-04
1.53797890e-01 -5.75382728e-04 6.03150584e-04
1.54205658e-01 1.84074458e-04 6.06429466e-04
1.54613425e-01 4.64227863e-04 6.02027808e-04
1.55021190e-01 1.27482910e-03 5.93686624e-04
1.55428953e-01 -9.25136347e-05 5.95993567e-04
1.55836716e-01 8.99712742e-04 5.94129832e-04
1.56244476e-01 5.36303697e-04 5.90545120e-04
1.56652235e-01 9.31617299e-05 6.00208836e-04
1.57059993e-01 3.31208319e-04 5.91244915e-04
1.57467749e-01 -3.76490289e-04 5.76141097e-04
1.57875504e-01 -1.43653644e-04 5.72676898e-04
1.58283257e-01 -2.15952255e-04 5.82681402e-04
1.58691008e-01 -7.16735524e-04 5.71496609e-04
1.59098758e-01 -5.30398521e-04 5.69100499e-04
1.59506507e-01 4.94146318e-04 5.82843619e-04
1.59914254e-01 -3.23956834e-04 5.56446078e-04
1.60322000e-01 -4.70460687e-04 5.69978311e-04
1.60729744e-01 1.26065511e-04 5.66780928e-04
1.61137486e-01 1.75191469e-04 5.71927794e-04
1.61545228e-01 4.85997898e-04 5.60536846e-04
1.61952967e-01 7.89851396e-04 5.75586102e-04
1.62360705e-01 6.21720727e-04 5.80012713e-04
1.62768441e-01 1.40726352e-04 5.71187753e-04
1.63176176e-01 -2.93930133e-04 5.57819315e-04
1.63583910e-01 4.77482603e-04 5.72265047e-04
1.63991641e-01 8.47242354e-04 5.72453857e-04
1.64399372e-01 -5.29428713e-04 5.61571328e-04
1.64807100e-01 -6.17163557e-04 5.63800553e-04
1.65214827e-01 -1.82072865e-04 5.64995582e-04
1.65622553e-01 7.22354641e-04 5.60975110e-04
1.66030277e-01 8.69883881e-04 5.66747177e-04
1.66437999e-01 3.37638383e-04 5.46231174e-04
1.66845720e-01 5.27001517e-04 5.57752557e-04
1.67253439e-01 -2.66383016e-04 5.71895434e-04
1.67661157e-01 -1.56279643e-04 5.41834613e-04
1.68068873e-01 3.93956292e-04 5.56333262e-04
1.68476588e-01 6.25703454e-05 5.59277396e-04
1.68884301e-01 -1.28130068e-03 5.55164321e-04
1.69292012e-01 -2.37387488e-04 5.54386841e-04
1.69699721e-01 9.51127424e-04 5.54934895e-04
1.70107430e-01 2.64765365e-04 5.31500541e-04
1.70515136e-01 -7.85248789e-04 5.46317517e-04
1.70922841e-01 5.88681215e-04 5.41395482e-04
1.71330544e-01 -2.76977278e-04 5.33105805e-04
1.71738246e-01 -4.00984999e-04 5.32365980e-04
1.72145946e-01 4.60859515e-04 5.43357124e-04
1.72553644e-01 2.15865163e-04 5.41720325e-04
1.72961341e-01 7.66398798e-04 5.49997595e-04
1.73369036e-01 -1.46956429e-04 5.54016441e-04
1.73776729e-01 1.22864563e-03 5.52127353e-04
1.74184421e-01 2.75174808e-04 5.30760985e-04
1.74592111e-01 2.60547635e-04 5.38103763e-04
1.74999799e-01 3.73248872e-04 5.55337108e-04
1.75407486e-01 4.58319202e-04 5.46637868e-04
1.75815171e-01 4.22324491e-04 5.42272044e-04
1.76222855e-01 4.46314035e-04 5.35638720e-04
1.76630537e-01 6.81162407e-04 5.32315375e-04
1.77038217e-01 -6.40673064e-05 5.43320734e-04
1.77445895e-01 -5.37991752e-04 5.25089026e-04
1.77853572e-01 -3.90242035e-04 5.31581852e-04
1.78261247e-01 5.54500810e-04 5.25276084e-04
1.78668921e-01 2.19447516e-04 5.37236646e-04
1.79076592e-01 9.84339927e-05 5.29693323e-04
1.79484262e-01 2.63607512e-04 5.32007286e-04
1.79891931e-01 1.68638205e-04 5.34250339e-04
1.80299597e-01 2.93627081e-04 5.15735337e-04
1.80707262e-01 -1.95032729e-05 5.40127713e-04
1.81114925e-01 -6.73564231e-05 5.26635887e-04
1.81522587e-01 1.65237084e-04 5.25024889e-04
1.81930247e-01 -9.81793249e-04 5.26759690e-04
1.82337905e-01 5.41012324e-05 5.24652688e-04
1.82745561e-01 6.68173911e-04 5.22251172e-04
1.83153215e-01 6.31254891e-04 5.18006376e-04
1.83560868e-01 4.34462935e-04 5.28740790e-04
1.83968519e-01 1.66986051e-03 5.23424764e-04
1.84376169e-01 5.99907092e-04 5.11211967e-04
1.84783816e-01 -1.93789035e-04 5.21200445e-04
1.85191462e-01 1.58788958e-03 5.17291474e-04
1.85599106e-01 -7.08387349e-04 5.22984788e-04
1.86006749e-01 -1.00221625e-04 5.18085737e-04
1.86414389e-01 4.67632803e-04 5.13028307e-04
1.86822028e-01 7.01791127e-04 5.26001440e-04
1.87229665e-01 5.07766125e-04 5.28714596e-04
1.87637300e-01 5.89373177e-04 5.15703044e-04
1.88044934e-01 -2.76639167e-04 5.08445881e-04
1.88452566e-01 4.71157752e-04 5.19638827e-04
1.88860195e-01 2.79963480e-04 5.08283417e-04
1.89267824e-01 4.38741216e-04 5.03156435e-04
1.89675450e-01 -1.37339272e-04 4.97644530e-04
1.90083074e-01 -4.63446046e-04 5.11195860e-04
1.90490697e-01 -1.08197732e-03 4.98693950e-04
1.90898318e-01 -4.16597921e-04 5.00006788e-04
1.91305937e-01 -6.55082163e-04 5.01296505e-04
1.91713555e-01 8.06961782e-05 5.05277449e-04
1.92121170e-01 -4.74156092e-04 5.04363487e-04
1.92528784e-01 9.47544075e-04 5.01346678e-04
1.92936396e-01 -4.23306936e-04 5.04251712e-04
1.93344006e-01 -7.21965780e-05 4.98788444e-04
1.93751614e-01 -3.54778359e-04 4.99015463e-04
1.94159220e-01 8.29564692e-05 4.87928543e-04
1.94566825e-01 1.52256899e-04 4.97598086e-04
1.94974427e-01 -5.28687170e-04 5.02491008e-04
1.95382028e-01 -1.10231536e-04 4.96866222e-04
1.95789627e-01 -6.45552308e-05 5.10763472e-04
1.96197224e-01 6.87468658e-04 4.95295098e-04
1.96604820e-01 4.81995396e-04 4.99921474e-04
1.97012413e-01 1.86366309e-04 4.97221911e-04
1.97420005e-01 -5.15770762e-05 4.93564736e-04
1.97827594e-01 5.48218032e-04 5.03896808e-04
1.98235182e-01 6.13123401e-05 5.03044710e-04
1.98642768e-01 -1.25506001e-03 5.08081651e-04
1.99050352e-01 7.85659189e-04 5.08528876e-04
1.99457934e-01 6.75263498e-04 5.11773307e-04
1.99865514e-01 -2.18853125e-04 5.02826930e-04
2.00273093e-01 -3.97937591e-04 5.01833039e-04
2.00680669e-01 -5.33774986e-04 5.00128563e-04
2.01088244e-01 2.58895655e-04 5.11296955e-04
2.01495816e-01 4.33428359e-04 5.14877711e-04
2.01903387e-01 -1.71246955e-04 4.99273475e-04
2.02310956e-01 -4.41003930e-04 5.07764962e-04
2.02718523e-01 2.96893845e-04 5.11207612e-04
2.03126088e-01 -3.46755148e-04 5.02930115e-04
2.03533651e-01 -2.38007118e-04 4.93968525e-04
2.03941212e-01 6.51771337e-04 5.19457030e-04
2.04348771e-01 -2.24430818e-04 5.06708893e-04
2.04756329e-01 -4.29004231e-05 5.04037837e-04
2.05163884e-01 5.89994625e-04 5.11446862e-04
2.05571438e-01 2.27987479e-04 4.95245894e-04
2.05978989e-01 6.65574060e-04 5.05083320e-04
2.06386539e-01 -1.70042218e-04 4.93789625e-04
2.06794086e-01 1.12910006e-04 5.05807142e-04
2.07201632e-01 2.30149684e-04 4.99976198e-04
2.07609175e-01 5.83594600e-04 4.92865139e-04
2.08016717e-01 3.62976667e-04 4.87941796e-04
2.08424257e-01 6.20609722e-04 4.84762438e-04
2.08831794e-01 -5.00643432e-04 4.74792114e-04
2.09239330e-01 1.04299564e-03 4.86414935e-04
2.09646864e-01 -8.46762659e-04 4.72702121e-04
2.10054396e-01 2.70239841e-04 5.00059868e-04
2.10461925e-01 -1.94137802e-04 4.78307598e-04
2.10869453e-01 -9.77465222e-05 4.76475627e-04
2.11276979e-01 1.74182069e-04 4.80940256e-04
2.11684503e-01 -1.68200038e-04 4.78224183e-04
2.12092025e-01 -1.45941995e-03 4.74367327e-04
2.12499544e-01 5.45287482e-04 4.91811600e-04
2.12907062e-01 4.26456873e-05 4.76378153e-04
2.13314578e-01 4.50705798e-04 4.86699722e-04
2.13722092e-01 -4.88101833e-05 4.79700664e-04
2.14129603e-01 3.77476230e-04 4.75803928e-04
2.14537113e-01 4.17706757e-05 4.76232339e-04
2.14944621e-01 4.67205138e-05 4.80113962e-04
2.15352126e-01 5.33430510e-05 4.74841118e-04
2.15759630e-01 -2.19816632e-04 4.74861464e-04
2.16167131e-01 5.93026279e-04 4.76855058e-04
2.16574631e-01 7.08111652e-04 4.75110718e-04
2.16982128e-01 -9.32730118e-05 4.70402908e-04
2.17389624e-01 -8.77980984e-04 4.71419828e-04
2.17797117e-01 2.45570356e-04 4.58118950e-04
2.18204608e-01 3.33886652e-04 4.60899545e-04
2.18612098e-01 2.67536491e-04 4.72174131e-04
2.19019585e-01 5.69909141e-04 4.65425859e-04
2.19427070e-01 3.54763252e-04 4.58839868e-04
2.19834553e-01 6.15701239e-04 4.62867522e-04
2.20242034e-01 3.35748014e-05 4.61955328e-04
2.20649512e-01 8.63830619e-04 4.69189929e-04
2.21056989e-01 -4.71933533e-04 4.69544840e-04
2.21464464e-01 3.66946853e-04 4.66641485e-04
2.21871936e-01 9.92766407e-05 4.64060431e-04
2.22279407e-01 3.49514074e-08 4.72190599e-04
2.22686875e-01 1.20880764e-03 4.62432758e-04
2.23094341e-01 -5.88035314e-05 4.57477943e-04
2.23501805e-01 -6.10961310e-05 4.55884669e-04
2.23909267e-01 -1.39405063e-04 4.58130136e-04
2.24316727e-01 -2.41266155e-04 4.61880643e-04
2.24724185e-01 -2.72902307e-04 4.55535308e-04
2.25131641e-01 -2.36774709e-04 4.57515597e-04
2.25539094e-01 1.25983325e-03 4.56213668e-04
2.25946545e-01 4.10535835e-04 4.41204759e-04
2.26353995e-01 7.19292537e-04 4.58848708e-04
2.26761442e-01 2.13708925e-04 4.62559881e-04
2.27168887e-01 -2.89302953e-05 4.55332810e-04
2.27576329e-01 3.72837547e-04 4.60778227e-04
2.27983770e-01 -1.49474246e-04 4.47979120e-04
2.28391208e-01 -1.57525325e-04 4.59965174e-04
2.28798645e-01 -2.36247225e-04 4.60238631e-04
2.29206079e-01 3.41583159e-04 4.66594708e-04
2.29613511e-01 8.96418980e-04 4.63827369e-04
2.30020941e-01 6.77790946e-04 4.55775185e-04
2.30428368e-01 6.78002328e-05 4.66182979e-04
2.30835794e-01 1.05288607e-04 4.65547626e-04
2.31243217e-01 4.39155410e-04 4.66106146e-04
2.31650638e-01 7.23299281e-04 4.66961102e-04
2.32058057e-01 2.37311533e-04 4.76034337e-04
2.32465473e-01 4.41578731e-04 4.64489364e-04
2.32872888e-01 8.45568618e-04 4.70239567e-04
2.33280300e-01 -2.96508882e-04 4.62584444e-04
2.33687710e-01 1.82742402e-04 4.66486903e-04
2.34095118e-01 -1.10366238e-05 4.63564473e-04
2.34502524e-01 3.48607149e-04 4.70414180e-04
2.34909927e-01 4.06556540e-04 4.72479039e-04
2.35317328e-01 -8.32394967e-05 4.52732148e-04
2.35724727e-01 -3.56184108e-04 4.64167922e-04
2.36132124e-01 -1.82328213e-04 4.54563212e-04
2.36539518e-01 6.46380102e-05 4.52886850e-04
2.36946911e-01 5.25305133e-05 4.55717536e-04
2.37354301e-01 -1.26650570e-05 4.58198676e-04
2.37761688e-01 3.45525417e-04 4.57696051e-04
2.38169074e-01 2.59870494e-04 4.62123098e-04
2.38576457e-01 -5.25322423e-04 4.45214927e-04
2.38983838e-01 7.42389332e-05 4.55865321e-04
2.39391217e-01 7.89179209e-04 4.52148395e-04
2.39798593e-01 7.62051781e-04 4.47424954e-04
2.40205967e-01 -4.53318157e-04 4.39154114e-04
2.40613339e-01 2.52541390e-05 4.48195453e-04
2.41020709e-01 -2.04689096e-04 4.45298059e-04
2.41428076e-01 7.19312078e-04 4.40998570e-04
2.41835441e-01 3.75248730e-05 4.49790830e-04
2.42242804e-01 5.01289525e-04 4.46617733e-04
2.42650165e-01 1.07280997e-03 4.48105964e-04
2.43057523e-01 7.30633498e-04 4.45593378e-04
2.43464879e-01 9.90160632e-05 4.33344965e-04
2.43872232e-01 4.51467742e-04 4.42422266e-04
2.44279584e-01 8.75068886e-04 4.39595912e-04
2.44686933e-01 -4.26738267e-04 4.40588693e-04
2.45094279e-01 -2.87618820e-04 4.31308601e-04
2.45501624e-01 -2.53878236e-05 4.33726784e-04
2.45908966e-01 -8.23542673e-04 4.28989579e-04
2.46316305e-01 -3.84271273e-04 4.32200245e-04
2.46723643e-01 -5.03215435e-04 4.26870951e-04
2.47130978e-01 3.97650338e-04 4.33614645e-04
2.47538310e-01 -3.29663811e-04 4.36426666e-04
2.47945641e-01 7.73808978e-04 4.34419329e-04
2.48352969e-01 5.29703593e-04 4.36842296e-04
2.48760294e-01 -1.38128058e-04 4.28706540e-04
2.49167618e-01 2.71912112e-04 4.23372489e-04
2.49574939e-01 6.24834174e-04 4.30432416e-04
2.49982257e-01 8.26010460e-04 4.41352222e-04
2.50389573e-01 -2.84147149e-05 4.22074019e-04
2.50796887e-01 -9.28353187e-06 4.17402232e-04
2.51204199e-01 -5.13626434e-04 4.24408756e-04
2.51611508e-01 7.07299720e-04 4.27231192e-04
2.52018815e-01 -7.86424182e-05 4.26940276e-04
2.52426119e-01 -1.41912182e-04 4.28556971e-04
2.52833421e-01 1.99577764e-04 4.22585875e-04
2.53240720e-01 8.79700025e-05 4.24348039e-04
2.53648017e-01 5.39598687e-04 4.22112212e-04
2.54055312e-01 -4.85554794e-05 4.22045125e-04
2.54462605e-01 -3.89354491e-04 4.28607467e-04
2.54869894e-01 5.55411801e-04 4.30454856e-04
2.55277182e-01 5.21487525e-05 4.25533909e-04
2.55684467e-01 5.31006237e-04 4.21245424e-04
2.56091750e-01 7.84182438e-05 4.27387521e-04
2.56499030e-01 3.17010445e-04 4.24337351e-04
2.56906308e-01 6.26019830e-04 4.14962397e-04
2.57313583e-01 1.11002897e-04 4.18260153e-04
2.57720856e-01 -7.98621259e-04 4.20635786e-04
2.58128127e-01 6.39196170e-04 4.13651403e-04
2.58535395e-01 -1.46439797e-04 4.24378913e-04
2.58942661e-01 3.27689193e-04 4.19882784e-04
2.59349924e-01 -1.61192735e-04 4.19405857e-04
2.59757184e-01 4.99140833e-04 4.26855861e-04
2.60164443e-01 3.85482731e-04 4.15410680e-04
2.60571699e-01 9.82239836e-04 4.20916584e-04
2.60978952e-01 4.40693005e-04 4.11437754e-04
2.61386203e-01 4.53486891e-04 4.17556511e-04
2.61793451e-01 7.97175958e-04 4.13939148e-04
2.62200697e-01 6.51099747e-05 4.18907049e-04
2.62607941e-01 1.44127300e-05 4.09997629e-04
2.63015182e-01 5.12312111e-04 4.17793655e-04
2.63422420e-01 5.47677983e-05 4.14861742e-04
2.63829656e-01 -3.98913301e-04 4.09907634e-04
2.64236890e-01 -2.18532790e-04 4.17724195e-04
2.64644121e-01 2.00569186e-04 4.07624229e-04
2.65051349e-01 9.92744676e-04 4.12652530e-04
2.65458575e-01 4.89897867e-04 4.14631354e-04
2.65865799e-01 -1.35574007e-04 4.10649153e-04
2.66273019e-01 -4.47219647e-04 3.97249802e-04
2.66680238e-01 -3.33701534e-05 4.12968636e-04
2.67087454e-01 6.07691033e-04 4.11993876e-04
2.67494667e-01 5.78146878e-04 4.07558006e-04
2.67901878e-01 -2.97010241e-04 4.08249302e-04
2.68309086e-01 5.64566326e-04 4.03914005e-04
2.68716292e-01 8.15557540e-05 4.04775325e-04
2.69123495e-01 -2.30601456e-05 3.99608472e-04
2.69530696e-01 9.45497521e-04 4.07448542e-04
2.69937894e-01 -4.81910122e-05 4.04666253e-04
2.70345090e-01 5.68403382e-04 4.05059909e-04
2.70752283e-01 -4.77085916e-04 4.03182721e-04
2.71159473e-01 1.92157463e-04 4.08799038e-04
2.71566661e-01 1.00253900e-03 4.12324940e-04
2.71973847e-01 -1.51242298e-06 3.97721265e-04
2.72381030e-01 -1.86145153e-04 4.01490119e-04
2.72788210e-01 -2.68728662e-04 4.07934413e-04
2.73195387e-01 -4.58206938e-04 4.07165957e-04
2.73602562e-01 -2.29534901e-04 3.99332844e-04
2.74009735e-01 -1.50014881e-04 3.96967039e-04
2.74416905e-01 6.48363023e-04 4.02205670e-04
2.74824072e-01 3.30655073e-04 3.98623214e-04
2.75231237e-01 -6.06571760e-04 3.98023796e-04
2.75638399e-01 -2.96346094e-04 4.01039989e-04
2.76045558e-01 2.48927241e-04 3.94905711e-04
2.76452715e-01 -1.49740382e-04 4.03702160e-04
2.76859869e-01 7.63493011e-04 3.98291085e-04
2.77267021e-01 -2.31469746e-04 3.88137496e-04
2.77674170e-01 3.36284632e-04 3.91356014e-04
2.78081316e-01 2.80540788e-04 3.84257664e-04
2.78488460e-01 -1.81879699e-04 4.00483094e-04
2.78895601e-01 5.99758402e-04 4.00290321e-04
2.79302740e-01 1.57588357e-04 4.03582745e-04
2.79709875e-01 -2.12289244e-04 4.00107327e-04
2.80117009e-01 -9.43417411e-05 3.86989750e-04
2.80524139e-01 1.40189068e-04 3.99357069e-04
2.80931267e-01 -1.05585121e-03 3.87858590e-04
2.81338392e-01 5.37198945e-04 3.96264297e-04
2.81745515e-01 2.25006714e-04 3.93890187e-04
2.82152635e-01 3.84978891e-04 3.95793460e-04
2.82559752e-01 2.62636564e-04 3.92035485e-04
2.82966866e-01 -3.62236199e-05 3.92780233e-04
2.83373978e-01 5.19944965e-04 3.88492554e-04
2.83781088e-01 -1.43421958e-04 3.88601214e-04
2.84188194e-01 7.22252171e-04 3.89162648e-04
2.84595298e-01 4.09339545e-04 3.97962800e-04
2.85002399e-01 3.38227892e-04 3.95320962e-04
2.85409497e-01 -1.17559417e-04 3.89863235e-04
2.85816593e-01 8.49663071e-04 3.91037823e-04
2.86223686e-01 4.17934350e-04 4.04026185e-04
2.86630777e-01 2.26258612e-04 4.00043575e-04
2.87037864e-01 -2.27863358e-04 3.99051662e-04
2.87444949e-01 8.08050183e-05 4.04370842e-04
2.87852031e-01 7.33893598e-05 4.01488735e-04
2.88259111e-01 -8.76187912e-04 3.94558642e-04
2.88666188e-01 8.32425738e-04 4.06694592e-04
2.89073262e-01 8.78553454e-04 3.93838718e-04
2.89480333e-01 -1.59372514e-05 4.03271380e-04
2.89887401e-01 2.59270376e-04 4.03219850e-04
2.90294467e-01 -7.78288649e-05 4.04191508e-04
2.90701530e-01 -4.03747725e-04 3.92588715e-04
2.91108591e-01 3.49695198e-04 3.89901727e-04
2.91515648e-01 -1.62531404e-03 3.85055644e-04
2.91922703e-01 -4.43613180e-04 3.85439388e-04
2.92329755e-01 -2.79612393e-04 3.92516544e-04
2.92736804e-01 -4.44144034e-05 3.90182081e-04
2.93143851e-01 -1.16737489e-04 3.90774575e-04
2.93550895e-01 1.28350369e-04 3.90083315e-04
2.93957936e-01 6.39824784e-04 3.93681808e-04
2.94364974e-01 -4.19600108e-04 3.89118550e-04
2.94772009e-01 -1.71795296e-04 3.95025553e-04
2.95179042e-01 -2.95515640e-04 3.84365461e-04
2.95586072e-01 -1.62307370e-04 3.81158410e-04
2.95993099e-01 2.20857824e-04 3.90508695e-04
2.96400123e-01 -2.93936917e-05 3.96675033e-04
2.96807145e-01 -3.11038279e-04 3.94728321e-04
2.97214163e-01 2.96281581e-04 3.90008117e-04
2.97621179e-01 4.53935597e-05 3.90271813e-04
2.98028192e-01 1.59449712e-04 3.92454916e-04
2.98435202e-01 5.80353618e-05 3.87643277e-04
2.98842210e-01 1.77670703e-04 3.94380640e-04
2.99249214e-01 -1.18924872e-04 3.92287414e-04
2.99656216e-01 1.19330393e-04 3.87134864e-04
3.00063215e-01 9.59432091e-05 3.93874362e-04
3.00470211e-01 -5.72987658e-04 3.98112995e-04
3.00877204e-01 5.34981247e-04 4.02344722e-04
3.01284194e-01 -1.95529908e-04 3.95835127e-04
3.01691182e-01 7.19062568e-05 3.99727592e-04
3.02098167e-01 2.04243790e-04 3.95444123e-04
3.02505149e-01 1.12635191e-04 3.95684917e-04
3.02912128e-01 -8.25041348e-05 3.89977773e-04
3.03319104e-01 -1.19226116e-04 3.93559382e-04
3.03726077e-01 -3.14249996e-05 3.96561512e-04
3.04133047e-01 3.74174645e-04 3.97488245e-04
3.04540015e-01 4.67489155e-04 3.90631288e-04
3.04946979e-01 6.51284801e-04 3.93559681e-04
3.05353941e-01 -2.20016765e-04 3.84297186e-04
3.05760900e-01 2.88615395e-04 3.88615812e-04
3.06167856e-01 -2.75812192e-05 3.86839326e-04
3.06574809e-01 -7.58317437e-04 3.86656375e-04
3.06981759e-01 -1.39167031e-04 3.91211584e-04
3.07388706e-01 5.98154253e-04 3.98365285e-04
3.07795651e-01 -2.77048254e-04 3.89264591e-04
3.08202592e-01 1.42246112e-04 3.95461045e-04
3.08609531e-01 4.47901915e-04 3.96077724e-04
3.09016466e-01 8.22028696e-04 3.95019803e-04
3.09423399e-01 7.27568133e-04 3.98904412e-04
3.09830329e-01 -4.59419834e-04 3.99314797e-04
3.10237256e-01 -1.39479647e-05 3.91797510e-04
3.10644180e-01 -4.33291093e-04 3.88444098e-04
3.11051101e-01 7.27225942e-04 4.07282836e-04
3.11458019e-01 -1.14626411e-04 4.08187058e-04
3.11864934e-01 1.54857116e-04 4.06539174e-04
3.12271846e-01 6.98862574e-04 4.05395915e-04
3.12678755e-01 -1.13602271e-05 4.06506878e-04
3.13085661e-01 6.07785006e-04 4.09905536e-04
3.13492565e-01 -4.74723202e-04 4.06495573e-04
3.13899465e-01 1.80313831e-04 4.02744930e-04
3.14306362e-01 -2.45877732e-04 4.00652669e-04
3.14713257e-01 1.66478250e-04 4.03307867e-04
3.15120148e-01 -2.05123898e-04 4.12814787e-04
3.15527037e-01 4.69171523e-05 4.15590755e-04
3.15933922e-01 1.97454894e-04 4.05299939e-04
3.16340805e-01 6.57229519e-04 4.54303205e-04
3.16747684e-01 1.14788083e-03 4.91199496e-04
3.17154561e-01 2.39602134e-05 5.08135746e-04
3.17561434e-01 -2.80662445e-04 5.41053220e-04
3.17968305e-01 -2.08985786e-04 5.76058985e-04
3.18375172e-01 5.35187626e-04 6.14201277e-04
3.18782037e-01 3.21360177e-04 6.34041338e-04
3.19188898e-01 4.75479727e-04 6.77210398e-04
3.19595757e-01 9.57174317e-04 6.77111467e-04
3.20002612e-01 2.90538944e-04 7.13152848e-04
3.20409465e-01 5.76206742e-04 7.61804580e-04
3.20816314e-01 -7.05671709e-05 8.39983649e-04
3.21223160e-01 9.24743318e-04 9.65275950e-04
3.21630004e-01 -1.74872871e-04 1.12398239e-03
3.22036844e-01 -1.51506367e-03 1.30834672e-03
3.22443681e-01 1.30735045e-03 1.90501652e-03
3.22850516e-01 1.70694799e-03 7.29117537e-03
